X=1349.493 Y=1095.507 Z=210.215P=-9.495123 Y=114.054013 R=0.183490WirelessTXSignal Strength: -66
X=1349.493 Y=1095.507 Z=210.215P=-9.495123 Y=114.054013 R=0.183490WirelessTX2Signal Strength: -70
