X=1196.327 Y=1592.579 Z=205.938P=-9.546071 Y=-163.671862 R=0.082909 WirelessTXSignal Strength: -67
X=1196.327 Y=1592.579 Z=205.938P=-9.546071 Y=-163.671862 R=0.082909 WirelessTX2Signal Strength: -69
