X=1313.339 Y=1223.910 Z=207.075P=-8.872756 Y=127.889403 R=0.173732WirelessTXSignal Strength: -66
X=1313.339 Y=1223.910 Z=207.075P=-8.872756 Y=127.889403 R=0.173732WirelessTX2Signal Strength: -70
