X=1349.660 Y=1633.715 Z=209.283P=-9.514002 Y=-163.689447 R=0.038889 WirelessTXSignal Strength: -68
X=1349.660 Y=1633.715 Z=209.283P=-9.514002 Y=-163.689447 R=0.038889 WirelessTX2Signal Strength: -71
