X=1302.471 Y=1213.359 Z=210.271P=-8.719345 Y=116.198477 R=0.691006WirelessTXSignal Strength: -66
X=1302.471 Y=1213.359 Z=210.271P=-8.719345 Y=116.198477 R=0.691006WirelessTX2Signal Strength: -69
