X=1049.262 Y=1553.152 Z=207.329P=-9.529855 Y=-163.639432 R=0.122076 WirelessTXSignal Strength: -66
X=1049.262 Y=1553.152 Z=207.329P=-9.529855 Y=-163.639432 R=0.122076 WirelessTX2Signal Strength: -66
