X=1494.193 Y=1674.088 Z=210.263P=-9.501908 Y=-163.714967 R=0.192011 WirelessTXSignal Strength: -68
X=1494.193 Y=1674.088 Z=210.263P=-9.501908 Y=-163.714967 R=0.192011 WirelessTX2Signal Strength: -72
