X=1301.650 Y=1211.769 Z=210.378P=-8.882221 Y=113.158537 R=0.121347WirelessTXSignal Strength: -66
X=1301.650 Y=1211.769 Z=210.378P=-8.882221 Y=113.158537 R=0.121347WirelessTX2Signal Strength: -69
