address,packet_id,rssi,count,rx_speed,tx_speed,last_time_elapsed,total_time_elapsed,timestamp
f0:91:27:6b:7a:0a,6,-16,1,563.00,563.00,48862,563,825457
f0:91:27:6b:7a:0a,8,-18,2,362.50,241.67,162,725,825619
f0:91:27:6b:7a:0a,9,-16,3,268.00,201.00,79,804,825698
f0:91:27:6b:7a:0a,10,-16,4,221.25,177.00,81,885,825779
f0:91:27:6b:7a:0a,12,-18,5,208.40,148.86,157,1042,825936
f0:91:27:6b:7a:0a,13,-16,6,188.83,141.62,91,1133,826027
f0:91:27:6b:7a:0a,14,-18,7,172.43,134.11,74,1207,826101
f0:91:27:6b:7a:0a,16,-16,8,171.00,124.36,161,1368,826262
f0:91:27:6b:7a:0a,17,-17,9,160.56,120.42,77,1445,826339
f0:91:27:6b:7a:0a,18,-18,10,152.50,117.31,80,1525,826419
f0:91:27:6b:7a:0a,19,-16,11,146.09,114.79,82,1607,826501
f0:91:27:6b:7a:0a,21,-18,12,147.92,110.94,168,1775,826669
f0:91:27:6b:7a:0a,22,-16,13,142.38,108.88,76,1851,826745
f0:91:27:6b:7a:0a,23,-18,14,138.29,107.56,85,1936,826830
f0:91:27:6b:7a:0a,24,-18,15,134.53,106.21,82,2018,826912
f0:91:27:6b:7a:0a,25,-16,16,130.88,104.70,76,2094,826988
f0:91:27:6b:7a:0a,26,-16,17,127.88,103.52,80,2174,827068
f0:91:27:6b:7a:0a,28,-18,18,129.00,100.96,148,2322,827216
f0:91:27:6b:7a:0a,29,-16,19,126.26,99.96,77,2399,827293
f0:91:27:6b:7a:0a,30,-17,20,123.95,99.16,80,2479,827373
f0:91:27:6b:7a:0a,31,-17,21,121.71,98.31,77,2556,827450
f0:91:27:6b:7a:0a,34,-16,22,127.23,96.52,243,2799,827693
f0:91:27:6b:7a:0a,36,-16,23,129.13,95.81,171,2970,827864
f0:91:27:6b:7a:0a,37,-16,24,127.17,95.38,82,3052,827946
f0:91:27:6b:7a:0a,39,-16,25,128.44,94.44,159,3211,828105
f0:91:27:6b:7a:0a,51,-17,26,159.77,90.30,943,4154,829048
f0:91:27:6b:7a:0a,52,-18,27,157.11,90.26,88,4242,829136
f0:91:27:6b:7a:0a,53,-16,28,154.32,90.02,79,4321,829215
f0:91:27:6b:7a:0a,54,-16,29,151.76,89.82,80,4401,829295
f0:91:27:6b:7a:0a,55,-18,30,149.47,89.68,83,4484,829378
f0:91:27:6b:7a:0a,56,-16,31,147.16,89.45,78,4562,829456
f0:91:27:6b:7a:0a,57,-16,32,144.94,89.19,76,4638,829532
f0:91:27:6b:7a:0a,58,-16,33,142.88,88.96,77,4715,829609
f0:91:27:6b:7a:0a,61,-16,34,145.68,88.45,238,4953,829847
f0:91:27:6b:7a:0a,62,-16,35,143.80,88.30,80,5033,829927
f0:91:27:6b:7a:0a,63,-18,36,141.81,88.02,72,5105,829999
f0:91:27:6b:7a:0a,67,-18,37,146.59,87.48,319,5424,830318
f0:91:27:6b:7a:0a,71,-18,38,150.74,86.79,304,5728,830622
f0:91:27:6b:7a:0a,73,-16,39,151.05,86.63,163,5891,830785
f0:91:27:6b:7a:0a,74,-18,40,149.32,86.57,82,5973,830867
f0:91:27:6b:7a:0a,78,-18,41,153.20,86.04,308,6281,831175
f0:91:27:6b:7a:0a,83,-18,42,159.40,85.83,414,6695,831589
f0:91:27:6b:7a:0a,85,-16,43,159.35,85.65,157,6852,831746
f0:91:27:6b:7a:0a,89,-16,44,163.61,85.70,347,7199,832093
f0:91:27:6b:7a:0a,90,-18,45,161.89,85.71,86,7285,832179
f0:91:27:6b:7a:0a,92,-18,46,162.24,85.78,178,7463,832357
f0:91:27:6b:7a:0a,93,-16,47,160.70,85.83,90,7553,832447
f0:91:27:6b:7a:0a,94,-16,48,159.33,85.93,95,7648,832542
f0:91:27:6b:7a:0a,104,-17,49,174.61,86.42,908,8556,833450
f0:91:27:6b:7a:0a,107,-17,50,176.68,86.61,278,8834,833728
f0:91:27:6b:7a:0a,110,-16,51,178.49,86.70,269,9103,833997
f0:91:27:6b:7a:0a,112,-17,52,178.65,86.82,187,9290,834184
f0:91:27:6b:7a:0a,113,-16,53,176.98,86.85,90,9380,834274
f0:91:27:6b:7a:0a,119,-17,54,183.93,87.12,552,9932,834826
f0:91:27:6b:7a:0a,121,-16,55,183.84,87.16,179,10111,835005
f0:91:27:6b:7a:0a,127,-18,56,190.50,87.44,557,10668,835562
f0:91:27:6b:7a:0a,128,-18,57,188.72,87.46,89,10757,835651
f0:91:27:6b:7a:0a,129,-17,58,187.14,87.53,97,10854,835748
f0:91:27:6b:7a:0a,131,-18,59,186.98,87.56,178,11032,835926
f0:91:27:6b:7a:0a,134,-16,60,188.35,87.60,269,11301,836195
f0:91:27:6b:7a:0a,135,-18,61,186.87,87.68,98,11399,836293
f0:91:27:6b:7a:0a,137,-18,62,186.84,87.76,185,11584,836478
f0:91:27:6b:7a:0a,140,-16,63,188.29,87.87,278,11862,836756
f0:91:27:6b:7a:0a,141,-18,64,186.67,87.85,85,11947,836841
f0:91:27:6b:7a:0a,142,-17,65,185.23,87.88,93,12040,836934
f0:91:27:6b:7a:0a,150,-16,66,193.92,88.27,759,12799,837693
f0:91:27:6b:7a:0a,152,-18,67,193.82,88.34,187,12986,837880
f0:91:27:6b:7a:0a,153,-16,68,192.38,88.39,96,13082,837976
f0:91:27:6b:7a:0a,154,-16,69,190.91,88.41,91,13173,838067
f0:91:27:6b:7a:0a,155,-18,70,189.51,88.44,93,13266,838160
f0:91:27:6b:7a:0a,156,-16,71,188.20,88.49,96,13362,838256
f0:91:27:6b:7a:0a,165,-16,72,196.86,88.59,812,14174,839068
f0:91:27:6b:7a:0a,167,-16,73,196.77,88.67,190,14364,839258
f0:91:27:6b:7a:0a,169,-16,74,196.45,88.64,173,14537,839431
f0:91:27:6b:7a:0a,170,-18,75,195.16,88.71,100,14637,839531
f0:91:27:6b:7a:0a,171,-16,76,193.74,88.70,87,14724,839618
f0:91:27:6b:7a:0a,172,-18,77,192.42,88.72,92,14816,839710
f0:91:27:6b:7a:0a,174,-16,78,192.40,88.80,191,15007,839901
f0:91:27:6b:7a:0a,176,-16,79,192.29,88.84,184,15191,840085
f0:91:27:6b:7a:0a,177,-16,80,191.10,88.88,97,15288,840182
f0:91:27:6b:7a:0a,179,-16,81,190.88,88.86,173,15461,840355
f0:91:27:6b:7a:0a,180,-16,82,189.80,88.94,103,15564,840458
f0:91:27:6b:7a:0a,181,-16,83,188.47,88.88,79,15643,840537
f0:91:27:6b:7a:0a,188,-16,84,193.99,89.04,652,16295,841189
f0:91:27:6b:7a:0a,190,-16,85,193.79,89.04,177,16472,841366
f0:91:27:6b:7a:0a,191,-18,86,192.63,89.06,94,16566,841460
f0:91:27:6b:7a:0a,192,-18,87,191.57,89.13,101,16667,841561
f0:91:27:6b:7a:0a,195,-17,88,192.47,89.14,270,16937,841831
f0:91:27:6b:7a:0a,200,-16,89,195.22,89.10,438,17375,842269
f0:91:27:6b:7a:0a,202,-17,90,195.09,89.13,183,17558,842452
f0:91:27:6b:7a:0a,203,-16,91,193.98,89.15,94,17652,842546
f0:91:27:6b:7a:0a,204,-18,92,192.78,89.13,84,17736,842630
f0:91:27:6b:7a:0a,205,-17,93,191.74,89.16,96,17832,842726
f0:91:27:6b:7a:0a,206,-16,94,190.67,89.17,91,17923,842817
f0:91:27:6b:7a:0a,210,-17,95,192.44,89.18,359,18282,843176
f0:91:27:6b:7a:0a,216,-18,96,195.80,89.09,515,18797,843691
f0:91:27:6b:7a:0a,217,-17,97,194.70,89.08,89,18886,843780
f0:91:27:6b:7a:0a,219,-18,98,194.55,89.09,180,19066,843960
f0:91:27:6b:7a:0a,222,-16,99,195.21,89.06,260,19326,844220
f0:91:27:6b:7a:0a,224,-16,100,195.09,89.08,183,19509,844403
f0:91:27:6b:7a:0a,228,-18,101,196.50,89.00,338,19847,844741
f0:91:27:6b:7a:0a,229,-16,102,195.37,88.96,81,19928,844822
f0:91:27:6b:7a:0a,230,-18,103,194.29,88.94,84,20012,844906
f0:91:27:6b:7a:0a,234,-18,104,195.61,88.83,331,20343,845237
f0:91:27:6b:7a:0a,235,-16,105,194.57,88.83,87,20430,845324
f0:91:27:6b:7a:0a,236,-18,106,193.54,88.81,85,20515,845409
f0:91:27:6b:7a:0a,237,-16,107,192.48,88.77,80,20595,845489
f0:91:27:6b:7a:0a,239,-18,108,192.26,88.74,169,20764,845658
f0:91:27:6b:7a:0a,241,-16,109,192.06,88.70,170,20934,845828
f0:91:27:6b:7a:0a,244,-18,110,192.56,88.63,248,21182,846076
f0:91:27:6b:7a:0a,247,-18,111,193.04,88.54,245,21427,846321
f0:91:27:6b:7a:0a,248,-16,112,192.02,88.50,79,21506,846400
f0:91:27:6b:7a:0a,250,-16,113,191.78,88.45,165,21671,846565
f0:91:27:6b:7a:0a,252,-16,114,191.61,88.43,172,21843,846737
f0:91:27:6b:7a:0a,254,-18,115,191.37,88.38,164,22007,846901
f0:91:27:6b:7a:0a,259,-16,116,193.34,88.30,420,22427,847321
f0:91:27:6b:7a:0a,262,-18,117,193.86,88.26,255,22682,847576
f0:91:27:6b:7a:0a,264,-18,118,193.63,88.22,166,22848,847742
f0:91:27:6b:7a:0a,265,-16,119,192.73,88.21,87,22935,847829
f0:91:27:6b:7a:0a,266,-18,120,191.86,88.21,88,23023,847917
f0:91:27:6b:7a:0a,267,-16,121,190.92,88.17,78,23101,847995
f0:91:27:6b:7a:0a,268,-18,122,190.08,88.17,89,23190,848084
f0:91:27:6b:7a:0a,269,-16,123,189.22,88.16,84,23274,848168
f0:91:27:6b:7a:0a,315,-16,124,217.69,87.07,3719,26993,851887
f0:91:27:6b:7a:0a,316,-17,125,216.57,87.05,78,27071,851965
f0:91:27:6b:7a:0a,317,-18,126,215.42,87.00,72,27143,852037
f0:91:27:6b:7a:0a,320,-16,127,215.61,86.93,239,27382,852276
f0:91:27:6b:7a:0a,321,-18,128,214.57,86.91,83,27465,852359
f0:91:27:6b:7a:0a,323,-16,129,214.11,86.86,155,27620,852514
f0:91:27:6b:7a:0a,324,-17,130,213.08,86.84,81,27701,852595
f0:91:27:6b:7a:0a,325,-18,131,212.08,86.82,82,27783,852677
f0:91:27:6b:7a:0a,326,-16,132,211.05,86.79,75,27858,852752
f0:91:27:6b:7a:0a,327,-16,133,210.08,86.77,82,27940,852834
f0:91:27:6b:7a:0a,328,-18,134,209.09,86.74,78,28018,852912
f0:91:27:6b:7a:0a,335,-18,135,211.68,86.60,559,28577,853471
f0:91:27:6b:7a:0a,336,-16,136,210.65,86.55,71,28648,853542
f0:91:27:6b:7a:0a,337,-16,137,209.68,86.52,78,28726,853620
f0:91:27:6b:7a:0a,338,-18,138,208.74,86.50,80,28806,853700
f0:91:27:6b:7a:0a,339,-16,139,207.86,86.51,87,28893,853787
f0:91:27:6b:7a:0a,341,-16,140,207.58,86.49,168,29061,853955
f0:91:27:6b:7a:0a,358,-18,141,215.65,86.14,1346,30407,855301
f0:91:27:6b:7a:0a,359,-16,142,214.68,86.12,78,30485,855379
f0:91:27:6b:7a:0a,360,-16,143,213.75,86.10,81,30566,855460
f0:91:27:6b:7a:0a,367,-17,144,216.03,85.94,543,31109,856003
f0:91:27:6b:7a:0a,376,-18,145,219.37,85.74,699,31808,856702
f0:91:27:6b:7a:0a,377,-16,146,218.45,85.74,86,31894,856788
f0:91:27:6b:7a:0a,378,-16,147,217.54,85.73,84,31978,856872
f0:91:27:6b:7a:0a,380,-16,148,217.10,85.68,153,32131,857025
f0:91:27:6b:7a:0a,382,-16,149,216.65,85.63,150,32281,857175
f0:91:27:6b:7a:0a,383,-18,150,215.81,85.64,91,32372,857266
f0:91:27:6b:7a:0a,385,-16,151,215.45,85.61,161,32533,857427
f0:91:27:6b:7a:0a,388,-16,152,215.59,85.56,236,32769,857663
f0:91:27:6b:7a:0a,390,-16,153,215.26,85.55,166,32935,857829
f0:91:27:6b:7a:0a,391,-16,154,214.31,85.50,69,33004,857898
f0:91:27:6b:7a:0a,392,-17,155,213.46,85.50,83,33087,857981
f0:91:27:6b:7a:0a,397,-18,156,214.60,85.40,391,33478,858372
f0:91:27:6b:7a:0a,398,-16,157,213.71,85.38,75,33553,858447
f0:91:27:6b:7a:0a,407,-16,158,216.93,85.26,722,34275,859169
f0:91:27:6b:7a:0a,409,-16,159,216.55,85.23,156,34431,859325
f0:91:27:6b:7a:0a,410,-17,160,215.71,85.22,82,34513,859407
f0:91:27:6b:7a:0a,411,-18,161,214.86,85.20,80,34593,859487
f0:91:27:6b:7a:0a,412,-16,162,214.03,85.19,80,34673,859567
f0:91:27:6b:7a:0a,414,-18,163,213.67,85.15,155,34828,859722
f0:91:27:6b:7a:0a,415,-16,164,212.84,85.14,78,34906,859800
f0:91:27:6b:7a:0a,417,-16,165,212.51,85.11,158,35064,859958
f0:91:27:6b:7a:0a,420,-16,166,212.65,85.06,236,35300,860194
f0:91:27:6b:7a:0a,421,-16,167,211.84,85.04,78,35378,860272
f0:91:27:6b:7a:0a,423,-18,168,211.52,85.01,157,35535,860429
f0:91:27:6b:7a:0a,424,-16,169,210.76,85.01,84,35619,860513
f0:91:27:6b:7a:0a,425,-17,170,209.98,84.99,78,35697,860591
f0:91:27:6b:7a:0a,436,-16,171,213.81,84.83,865,36562,861456
f0:91:27:6b:7a:0a,439,-18,172,213.95,84.79,237,36799,861693
f0:91:27:6b:7a:0a,440,-16,173,213.18,84.78,81,36880,861774
f0:91:27:6b:7a:0a,443,-16,174,213.32,84.74,237,37117,862011
f0:91:27:6b:7a:0a,444,-17,175,212.53,84.72,76,37193,862087
f0:91:27:6b:7a:0a,448,-18,176,213.12,84.67,317,37510,862404
f0:91:27:6b:7a:0a,449,-16,177,212.37,84.66,79,37589,862483
f0:91:27:6b:7a:0a,451,-16,178,212.09,84.65,163,37752,862646
f0:91:27:6b:7a:0a,454,-18,179,212.21,84.60,233,37985,862879
f0:91:27:6b:7a:0a,463,-18,180,214.98,84.49,712,38697,863591
f0:91:27:6b:7a:0a,464,-16,181,214.27,84.49,85,38782,863676
f0:91:27:6b:7a:0a,471,-17,182,216.20,84.44,566,39348,864242
f0:91:27:6b:7a:0a,482,-16,183,219.69,84.28,855,40203,865097
f0:91:27:6b:7a:0a,483,-17,184,218.92,84.27,79,40282,865176
f0:91:27:6b:7a:0a,484,-18,185,218.18,84.27,82,40364,865258
f0:91:27:6b:7a:0a,485,-16,186,217.45,84.26,81,40445,865339
f0:91:27:6b:7a:0a,491,-18,187,218.74,84.17,460,40905,865799
f0:91:27:6b:7a:0a,494,-16,188,218.89,84.15,246,41151,866045
f0:91:27:6b:7a:0a,496,-18,189,218.57,84.13,158,41309,866203
f0:91:27:6b:7a:0a,499,-16,190,218.71,84.12,245,41554,866448
f0:91:27:6b:7a:0a,501,-16,191,218.38,84.09,157,41711,866605
f0:91:27:6b:7a:0a,502,-16,192,217.66,84.08,79,41790,866684
f0:91:27:6b:7a:0a,503,-18,193,216.93,84.07,77,41867,866761
f0:91:27:6b:7a:0a,505,-16,194,216.64,84.06,161,42028,866922
f0:91:27:6b:7a:0a,506,-18,195,215.93,84.05,79,42107,867001
f0:91:27:6b:7a:0a,514,-16,196,218.03,83.95,626,42733,867627
f0:91:27:6b:7a:0a,520,-16,197,219.38,83.92,484,43217,868111
f0:91:27:6b:7a:0a,521,-16,198,218.68,83.91,81,43298,868192
f0:91:27:6b:7a:0a,522,-18,199,217.96,83.90,77,43375,868269
f0:91:27:6b:7a:0a,524,-16,200,217.62,83.86,150,43525,868419
f0:91:27:6b:7a:0a,529,-18,201,218.53,83.83,400,43925,868819
f0:91:27:6b:7a:0a,532,-17,202,218.60,83.79,232,44157,869051
f0:91:27:6b:7a:0a,533,-18,203,217.92,83.78,80,44237,869131
f0:91:27:6b:7a:0a,534,-16,204,217.25,83.78,82,44319,869213
f0:91:27:6b:7a:0a,536,-18,205,216.96,83.76,157,44476,869370
f0:91:27:6b:7a:0a,540,-18,206,217.42,83.72,312,44788,869682
f0:91:27:6b:7a:0a,543,-16,207,217.49,83.68,233,45021,869915
f0:91:27:6b:7a:0a,544,-16,208,216.87,83.69,88,45109,870003
f0:91:27:6b:7a:0a,545,-17,209,216.22,83.68,80,45189,870083
f0:91:27:6b:7a:0a,546,-18,210,215.54,83.67,75,45264,870158
f0:91:27:6b:7a:0a,547,-16,211,214.91,83.66,81,45345,870239
f0:91:27:6b:7a:0a,549,-18,212,214.67,83.66,166,45511,870405
f0:91:27:6b:7a:0a,551,-16,213,214.42,83.65,160,45671,870565
f0:91:27:6b:7a:0a,553,-18,214,214.15,83.63,158,45829,870723
f0:91:27:6b:7a:0a,554,-16,215,213.51,83.61,75,45904,870798
f0:91:27:6b:7a:0a,555,-16,216,212.90,83.61,83,45987,870881
f0:91:27:6b:7a:0a,556,-18,217,212.26,83.60,74,46061,870955
f0:91:27:6b:7a:0a,570,-16,218,216.39,83.49,1113,47174,872068
f0:91:27:6b:7a:0a,572,-18,219,216.07,83.46,145,47319,872213
f0:91:27:6b:7a:0a,573,-16,220,215.47,83.46,84,47403,872297
f0:91:27:6b:7a:0a,575,-18,221,215.20,83.44,156,47559,872453
f0:91:27:6b:7a:0a,576,-16,222,214.59,83.43,80,47639,872533
f0:91:27:6b:7a:0a,577,-18,223,214.04,83.44,91,47730,872624
f0:91:27:6b:7a:0a,582,-17,224,214.85,83.41,397,48127,873021
f0:91:27:6b:7a:0a,583,-18,225,214.25,83.40,80,48207,873101
f0:91:27:6b:7a:0a,585,-17,226,214.01,83.39,159,48366,873260
f0:91:27:6b:7a:0a,586,-18,227,213.41,83.38,79,48445,873339
f0:91:27:6b:7a:0a,587,-18,228,212.82,83.37,79,48524,873418
f0:91:27:6b:7a:0a,599,-16,229,216.03,83.28,946,49470,874364
f0:91:27:6b:7a:0a,600,-18,230,215.44,83.28,81,49551,874445
f0:91:27:6b:7a:0a,601,-16,231,214.84,83.27,78,49629,874523
f0:91:27:6b:7a:0a,605,-16,232,215.31,83.25,323,49952,874846
f0:91:27:6b:7a:0a,608,-16,233,215.39,83.23,233,50185,875079
f0:91:27:6b:7a:0a,611,-16,234,215.47,83.20,234,50419,875313
f0:91:27:6b:7a:0a,612,-16,235,214.88,83.19,78,50497,875391
f0:91:27:6b:7a:0a,613,-18,236,214.32,83.19,82,50579,875473
f0:91:27:6b:7a:0a,614,-16,237,213.73,83.17,74,50653,875547
f0:91:27:6b:7a:0a,615,-16,238,213.16,83.17,78,50731,875625
f0:91:27:6b:7a:0a,616,-16,239,212.60,83.16,81,50812,875706
f0:91:27:6b:7a:0a,622,-17,240,213.69,83.12,474,51286,876180
f0:91:27:6b:7a:0a,624,-16,241,213.45,83.10,155,51441,876335
f0:91:27:6b:7a:0a,628,-16,242,213.89,83.08,320,51761,876655
f0:91:27:6b:7a:0a,629,-18,243,213.34,83.08,81,51842,876736
f0:91:27:6b:7a:0a,631,-17,244,213.14,83.08,163,52005,876899
f0:91:27:6b:7a:0a,634,-18,245,213.24,83.06,239,52244,877138
f0:91:27:6b:7a:0a,635,-18,246,212.67,83.04,74,52318,877212
f0:91:27:6b:7a:0a,636,-16,247,212.15,83.04,82,52400,877294
f0:91:27:6b:7a:0a,637,-18,248,211.63,83.04,84,52484,877378
f0:91:27:6b:7a:0a,644,-18,249,213.04,83.02,563,53047,877941
f0:91:27:6b:7a:0a,648,-16,250,213.44,82.99,313,53360,878254
f0:91:27:6b:7a:0a,650,-18,251,213.19,82.96,151,53511,878405
f0:91:27:6b:7a:0a,652,-16,252,212.98,82.96,161,53672,878566
f0:91:27:6b:7a:0a,653,-18,253,212.42,82.94,71,53743,878637
f0:91:27:6b:7a:0a,661,-16,254,214.10,82.90,639,54382,879276
f0:91:27:6b:7a:0a,662,-16,255,213.57,82.89,78,54460,879354
f0:91:27:6b:7a:0a,666,-18,256,213.93,82.85,306,54766,879660
f0:91:27:6b:7a:0a,672,-18,257,214.93,82.82,472,55238,880132
f0:91:27:6b:7a:0a,673,-16,258,214.40,82.81,78,55316,880210
f0:91:27:6b:7a:0a,675,-18,259,214.20,82.80,161,55477,880371
f0:91:27:6b:7a:0a,676,-16,260,213.71,82.81,88,55565,880459
f0:91:27:6b:7a:0a,677,-16,261,213.19,82.80,78,55643,880537
f0:91:27:6b:7a:0a,678,-16,262,212.68,82.80,80,55723,880617
f0:91:27:6b:7a:0a,680,-16,263,212.50,82.80,165,55888,880782
f0:91:27:6b:7a:0a,681,-17,264,212.03,82.80,87,55975,880869
f0:91:27:6b:7a:0a,684,-16,265,212.09,82.78,230,56205,881099
f0:91:27:6b:7a:0a,686,-16,266,211.86,82.75,151,56356,881250
f0:91:27:6b:7a:0a,687,-18,267,211.37,82.75,79,56435,881329
f0:91:27:6b:7a:0a,688,-16,268,210.89,82.75,83,56518,881412
f0:91:27:6b:7a:0a,689,-16,269,210.41,82.75,83,56601,881495
f0:91:27:6b:7a:0a,690,-18,270,209.91,82.74,76,56677,881571
f0:91:27:6b:7a:0a,691,-16,271,209.41,82.73,74,56751,881645
f0:91:27:6b:7a:0a,692,-16,272,208.96,82.73,87,56838,881732
f0:91:27:6b:7a:0a,694,-16,273,208.75,82.71,152,56990,881884
f0:91:27:6b:7a:0a,696,-18,274,208.55,82.70,154,57144,882038
f0:91:27:6b:7a:0a,697,-16,275,208.11,82.70,87,57231,882125
f0:91:27:6b:7a:0a,699,-18,276,207.96,82.71,167,57398,882292
f0:91:27:6b:7a:0a,701,-18,277,207.79,82.70,159,57557,882451
f0:91:27:6b:7a:0a,703,-16,278,207.61,82.69,159,57716,882610
f0:91:27:6b:7a:0a,710,-17,279,208.84,82.65,550,58266,883160
f0:91:27:6b:7a:0a,711,-18,280,208.38,82.64,81,58347,883241
f0:91:27:6b:7a:0a,713,-16,281,208.20,82.63,156,58503,883397
f0:91:27:6b:7a:0a,715,-16,282,208.02,82.62,158,58661,883555
f0:91:27:6b:7a:0a,716,-16,283,207.56,82.62,79,58740,883634
f0:91:27:6b:7a:0a,717,-16,284,207.08,82.60,72,58812,883706
f0:91:27:6b:7a:0a,719,-16,285,206.98,82.62,178,58990,883884
f0:91:27:6b:7a:0a,721,-16,286,206.79,82.60,151,59141,884035
f0:91:27:6b:7a:0a,722,-16,287,206.37,82.61,87,59228,884122
f0:91:27:6b:7a:0a,723,-16,288,205.93,82.60,79,59307,884201
f0:91:27:6b:7a:0a,732,-16,289,207.70,82.57,718,60025,884919
f0:91:27:6b:7a:0a,733,-16,290,207.26,82.56,81,60106,885000
f0:91:27:6b:7a:0a,736,-16,291,207.34,82.54,231,60337,885231
f0:91:27:6b:7a:0a,737,-17,292,206.90,82.54,79,60416,885310
f0:91:27:6b:7a:0a,743,-16,293,207.81,82.50,472,60888,885782
f0:91:27:6b:7a:0a,744,-16,294,207.37,82.50,79,60967,885861
f0:91:27:6b:7a:0a,745,-16,295,206.94,82.50,80,61047,885941
f0:91:27:6b:7a:0a,746,-18,296,206.51,82.49,81,61128,886022
f0:91:27:6b:7a:0a,747,-16,297,206.08,82.49,78,61206,886100
f0:91:27:6b:7a:0a,748,-16,298,205.66,82.48,80,61286,886180
f0:91:27:6b:7a:0a,754,-18,299,206.58,82.47,481,61767,886661
f0:91:27:6b:7a:0a,755,-16,300,206.15,82.46,78,61845,886739
f0:91:27:6b:7a:0a,756,-18,301,205.75,82.46,85,61930,886824
f0:91:27:6b:7a:0a,765,-16,302,207.47,82.44,727,62657,887551
f0:91:27:6b:7a:0a,767,-16,303,207.31,82.43,158,62815,887709
f0:91:27:6b:7a:0a,768,-16,304,206.90,82.43,82,62897,887791
f0:91:27:6b:7a:0a,773,-16,305,207.54,82.42,403,63300,888194
f0:91:27:6b:7a:0a,782,-16,306,209.25,82.41,729,64029,888923
f0:91:27:6b:7a:0a,790,-16,307,210.60,82.36,625,64654,889548
f0:91:27:6b:7a:0a,791,-18,308,210.18,82.36,82,64736,889630
f0:91:27:6b:7a:0a,792,-16,309,209.78,82.37,87,64823,889717
f0:91:27:6b:7a:0a,796,-18,310,210.16,82.37,328,65151,890045
f0:91:27:6b:7a:0a,797,-16,311,209.80,82.39,98,65249,890143
f0:91:27:6b:7a:0a,798,-16,312,209.37,82.37,74,65323,890217
f0:91:27:6b:7a:0a,808,-16,313,211.35,82.38,831,66154,891048
f0:91:27:6b:7a:0a,810,-16,314,211.22,82.39,168,66322,891216
f0:91:27:6b:7a:0a,811,-17,315,210.82,82.39,85,66407,891301
f0:91:27:6b:7a:0a,812,-18,316,210.40,82.39,80,66487,891381
f0:91:27:6b:7a:0a,813,-16,317,210.04,82.40,96,66583,891477
f0:91:27:6b:7a:0a,815,-18,318,209.95,82.42,181,66764,891658
f0:91:27:6b:7a:0a,816,-17,319,209.58,82.44,93,66857,891751
f0:91:27:6b:7a:0a,819,-17,320,209.79,82.47,275,67132,892026
f0:91:27:6b:7a:0a,820,-16,321,209.43,82.49,95,67227,892121
f0:91:27:6b:7a:0a,824,-16,322,209.97,82.55,382,67609,892503
f0:91:27:6b:7a:0a,825,-18,323,209.60,82.56,91,67700,892594
f0:91:27:6b:7a:0a,827,-18,324,209.51,82.58,180,67880,892774
f0:91:27:6b:7a:0a,847,-16,325,214.55,82.81,1849,69729,894623
f0:91:27:6b:7a:0a,852,-18,326,215.34,82.88,472,70201,895095
f0:91:27:6b:7a:0a,854,-16,327,215.25,82.91,186,70387,895281
f0:91:27:6b:7a:0a,855,-18,328,214.86,82.91,88,70475,895369
f0:91:27:6b:7a:0a,856,-16,329,214.49,82.92,92,70567,895461
f0:91:27:6b:7a:0a,857,-16,330,214.12,82.93,92,70659,895553
f0:91:27:6b:7a:0a,859,-18,331,214.05,82.96,190,70849,895743
f0:91:27:6b:7a:0a,860,-17,332,213.70,82.98,99,70948,895842
f0:91:27:6b:7a:0a,865,-16,333,214.50,83.06,481,71429,896323
f0:91:27:6b:7a:0a,867,-18,334,214.41,83.08,185,71614,896508
f0:91:27:6b:7a:0a,869,-17,335,214.33,83.10,188,71802,896696
f0:91:27:6b:7a:0a,870,-17,336,214.01,83.13,104,71906,896800
f0:91:27:6b:7a:0a,871,-16,337,213.63,83.13,88,71994,896888
f0:91:27:6b:7a:0a,872,-18,338,213.29,83.15,97,72091,896985
f0:91:27:6b:7a:0a,873,-17,339,212.92,83.16,89,72180,897074
f0:91:27:6b:7a:0a,875,-16,340,212.83,83.17,181,72361,897255
f0:91:27:6b:7a:0a,877,-16,341,212.77,83.21,195,72556,897450
f0:91:27:6b:7a:0a,879,-17,342,212.69,83.23,184,72740,897634
f0:91:27:6b:7a:0a,880,-16,343,212.33,83.23,88,72828,897722
f0:91:27:6b:7a:0a,884,-18,344,212.83,83.29,385,73213,898107
f0:91:27:6b:7a:0a,894,-16,345,214.92,83.40,934,74147,899041
f0:91:27:6b:7a:0a,897,-16,346,215.15,83.46,295,74442,899336
f0:91:27:6b:7a:0a,908,-18,347,217.45,83.56,1012,75454,900348
f0:91:27:6b:7a:0a,919,-18,348,219.76,83.67,1021,76475,901369
f0:91:27:6b:7a:0a,934,-16,349,223.01,83.78,1357,77832,902726
f0:91:27:6b:7a:0a,938,-18,350,223.41,83.81,363,78195,903089
f0:91:27:6b:7a:0a,940,-17,351,223.27,83.82,174,78369,903263
f0:91:27:6b:7a:0a,954,-17,352,226.08,83.86,1210,79579,904473
f0:91:27:6b:7a:0a,956,-18,353,225.92,83.86,172,79751,904645
f0:91:27:6b:7a:0a,1002,-18,354,236.12,83.84,3836,83587,908481
f0:91:27:6b:7a:0a,1008,-16,355,236.88,83.84,506,84093,908987
f0:91:27:6b:7a:0a,1009,-16,356,236.45,83.84,84,84177,909071
f0:91:27:6b:7a:0a,1010,-18,357,236.01,83.84,80,84257,909151
f0:91:27:6b:7a:0a,1012,-17,358,235.81,83.83,163,84420,909314
f0:91:27:6b:7a:0a,1013,-18,359,235.37,83.83,79,84499,909393
f0:91:27:6b:7a:0a,1014,-16,360,234.96,83.83,87,84586,909480
f0:91:27:6b:7a:0a,1015,-16,361,234.52,83.82,74,84660,909554
f0:91:27:6b:7a:0a,1020,-18,362,234.97,83.80,398,85058,909952
f0:91:27:6b:7a:0a,1028,-16,363,236.09,83.77,642,85700,910594
f0:91:27:6b:7a:0a,1032,-16,364,236.33,83.76,325,86025,910919
f0:91:27:6b:7a:0a,1033,-18,365,235.90,83.76,79,86104,910998
f0:91:27:6b:7a:0a,1041,-16,366,237.06,83.75,659,86763,911657
f0:91:27:6b:7a:0a,1043,-18,367,236.85,83.74,161,86924,911818
f0:91:27:6b:7a:0a,1044,-16,368,236.42,83.74,78,87002,911896
f0:91:27:6b:7a:0a,1057,-16,369,238.57,83.68,1032,88034,912928
f0:91:27:6b:7a:0a,1070,-16,370,240.76,83.65,1049,89083,913977
f0:91:27:6b:7a:0a,1072,-16,371,240.55,83.64,160,89243,914137
f0:91:27:6b:7a:0a,1073,-17,372,240.11,83.63,77,89320,914214
f0:91:27:6b:7a:0a,1078,-16,373,240.55,83.62,407,89727,914621
f0:91:27:6b:7a:0a,1079,-16,374,240.11,83.61,74,89801,914695
f0:91:27:6b:7a:0a,1081,-16,375,239.92,83.61,168,89969,914863
f0:91:27:6b:7a:0a,1082,-17,376,239.48,83.61,75,90044,914938
f0:91:27:6b:7a:0a,1083,-18,377,239.05,83.60,78,90122,915016
f0:91:27:6b:7a:0a,1085,-16,378,238.84,83.59,160,90282,915176
f0:91:27:6b:7a:0a,1086,-18,379,238.42,83.59,78,90360,915254
f0:91:27:6b:7a:0a,1088,-16,380,238.19,83.58,153,90513,915407
f0:91:27:6b:7a:0a,1089,-17,381,237.79,83.58,84,90597,915491
f0:91:27:6b:7a:0a,1090,-18,382,237.37,83.57,79,90676,915570
f0:91:27:6b:7a:0a,1091,-16,383,236.95,83.56,74,90750,915644
f0:91:27:6b:7a:0a,1093,-17,384,236.73,83.55,156,90906,915800
f0:91:27:6b:7a:0a,1095,-18,385,236.53,83.54,157,91063,915957
f0:91:27:6b:7a:0a,1097,-16,386,236.33,83.54,161,91224,916118
f0:91:27:6b:7a:0a,1098,-16,387,235.91,83.53,74,91298,916192
f0:91:27:6b:7a:0a,1100,-16,388,235.73,83.53,166,91464,916358
f0:91:27:6b:7a:0a,1105,-17,389,236.14,83.51,393,91857,916751
f0:91:27:6b:7a:0a,1117,-17,390,237.94,83.45,939,92796,917690
f0:91:27:6b:7a:0a,1121,-18,391,238.17,83.45,329,93125,918019
f0:91:27:6b:7a:0a,1124,-16,392,238.16,83.43,235,93360,918254
f0:91:27:6b:7a:0a,1126,-18,393,237.95,83.42,155,93515,918409
f0:91:27:6b:7a:0a,1127,-16,394,237.54,83.41,75,93590,918484
f0:91:27:6b:7a:0a,1128,-16,395,237.14,83.41,80,93670,918564
f0:91:27:6b:7a:0a,1129,-16,396,236.73,83.40,77,93747,918641
f0:91:27:6b:7a:0a,1131,-18,397,236.53,83.40,156,93903,918797
f0:91:27:6b:7a:0a,1133,-18,398,236.33,83.39,158,94061,918955
f0:91:27:6b:7a:0a,1135,-16,399,236.12,83.37,152,94213,919107
f0:91:27:6b:7a:0a,1137,-17,400,235.92,83.36,154,94367,919261
f0:91:27:6b:7a:0a,1145,-17,401,236.92,83.34,639,95006,919900
f0:91:27:6b:7a:0a,1154,-18,402,238.10,83.30,709,95715,920609
f0:91:27:6b:7a:0a,1155,-16,403,237.69,83.30,75,95790,920684
f0:91:27:6b:7a:0a,1159,-18,404,237.89,83.28,318,96108,921002
f0:91:27:6b:7a:0a,1166,-16,405,238.66,83.25,549,96657,921551
f0:91:27:6b:7a:0a,1169,-17,406,238.66,83.24,238,96895,921789
f0:91:27:6b:7a:0a,1171,-18,407,238.44,83.23,151,97046,921940
f0:91:27:6b:7a:0a,1172,-17,408,238.06,83.23,82,97128,922022
f0:91:27:6b:7a:0a,1182,-16,409,239.42,83.20,793,97921,922815
f0:91:27:6b:7a:0a,1183,-16,410,239.02,83.19,77,97998,922892
f0:91:27:6b:7a:0a,1184,-18,411,238.63,83.18,77,98075,922969
f0:91:27:6b:7a:0a,1185,-16,412,238.27,83.19,93,98168,923062
f0:91:27:6b:7a:0a,1191,-16,413,238.83,83.17,468,98636,923530
f0:91:27:6b:7a:0a,1196,-16,414,239.23,83.16,407,99043,923937
f0:91:27:6b:7a:0a,1200,-16,415,239.40,83.14,306,99349,924243
f0:91:27:6b:7a:0a,1202,-18,416,239.23,83.14,169,99518,924412
f0:91:27:6b:7a:0a,1205,-18,417,239.22,83.13,238,99756,924650
f0:91:27:6b:7a:0a,1206,-16,418,238.84,83.13,81,99837,924731
f0:91:27:6b:7a:0a,1207,-16,419,238.46,83.12,77,99914,924808
f0:91:27:6b:7a:0a,1212,-16,420,238.87,83.12,413,100327,925221
f0:91:27:6b:7a:0a,1225,-18,421,240.74,83.08,1026,101353,926247
f0:91:27:6b:7a:0a,1257,-17,422,246.23,83.00,2557,103910,928804
f0:91:27:6b:7a:0a,1260,-16,423,246.21,82.98,236,104146,929040
f0:91:27:6b:7a:0a,1292,-16,424,251.68,82.92,2568,106714,931608
f0:91:27:6b:7a:0a,1305,-17,425,253.50,82.88,1025,107739,932633
f0:91:27:6b:7a:0a,1307,-16,426,253.29,82.87,162,107901,932795
f0:91:27:6b:7a:0a,1312,-17,427,253.61,82.86,391,108292,933186
f0:91:27:6b:7a:0a,1320,-16,428,254.51,82.84,640,108932,933826
f0:91:27:6b:7a:0a,1322,-16,429,254.28,82.83,155,109087,933981
f0:91:27:6b:7a:0a,1324,-18,430,254.07,82.83,161,109248,934142
f0:91:27:6b:7a:0a,1326,-16,431,253.85,82.82,162,109410,934304
f0:91:27:6b:7a:0a,1385,-18,432,264.08,82.67,4674,114084,938978
f0:91:27:6b:7a:0a,1390,-17,433,264.40,82.66,403,114487,939381
f0:91:27:6b:7a:0a,1392,-16,434,264.16,82.66,158,114645,939539
f0:91:27:6b:7a:0a,1397,-16,435,264.47,82.65,399,115044,939938
f0:91:27:6b:7a:0a,1399,-17,436,264.22,82.64,156,115200,940094
f0:91:27:6b:7a:0a,1400,-18,437,263.79,82.64,78,115278,940172
f0:91:27:6b:7a:0a,1402,-16,438,263.55,82.63,158,115436,940330
f0:91:27:6b:7a:0a,1408,-18,439,264.08,82.63,497,115933,940827
f0:91:27:6b:7a:0a,1412,-16,440,264.20,82.62,315,116248,941142
f0:91:27:6b:7a:0a,1424,-16,441,265.79,82.60,967,117215,942109
f0:91:27:6b:7a:0a,1426,-16,442,265.56,82.60,161,117376,942270
f0:91:27:6b:7a:0a,1457,-18,443,270.56,82.55,2483,119859,944753
f0:91:27:6b:7a:0a,1458,-16,444,270.12,82.54,75,119934,944828
f0:91:27:6b:7a:0a,1459,-16,445,269.71,82.54,85,120019,944913
f0:91:27:6b:7a:0a,1470,-16,446,271.05,82.52,870,120889,945783
f0:91:27:6b:7a:0a,1471,-16,447,270.62,82.51,77,120966,945860
f0:91:27:6b:7a:0a,1472,-16,448,270.19,82.51,78,121044,945938
f0:91:27:6b:7a:0a,1474,-16,449,269.94,82.51,160,121204,946098
f0:91:27:6b:7a:0a,1476,-18,450,269.70,82.50,159,121363,946257
f0:91:27:6b:7a:0a,1486,-18,451,270.84,82.48,784,122147,947041
f0:91:27:6b:7a:0a,1487,-16,452,270.42,82.48,84,122231,947125
f0:91:27:6b:7a:0a,1489,-18,453,270.16,82.47,151,122382,947276
f0:91:27:6b:7a:0a,1490,-16,454,269.75,82.47,86,122468,947362
f0:91:27:6b:7a:0a,1491,-17,455,269.33,82.47,79,122547,947441
f0:91:27:6b:7a:0a,1493,-16,456,269.10,82.47,161,122708,947602
f0:91:27:6b:7a:0a,1494,-17,457,268.69,82.46,82,122790,947684
f0:91:27:6b:7a:0a,1532,-18,458,274.74,82.41,3043,125833,950727
f0:91:27:6b:7a:0a,1533,-16,459,274.34,82.41,87,125920,950814
f0:91:27:6b:7a:0a,1537,-18,460,274.52,82.43,361,126281,951175
f0:91:27:6b:7a:0a,1538,-16,461,274.12,82.43,89,126370,951264
f0:91:27:6b:7a:0a,1540,-18,462,273.92,82.44,181,126551,951445
f0:91:27:6b:7a:0a,1543,-16,463,273.95,82.47,288,126839,951733
f0:91:27:6b:7a:0a,1544,-17,464,273.58,82.48,102,126941,951835
f0:91:27:6b:7a:0a,1547,-17,465,273.57,82.50,268,127209,952103
f0:91:27:6b:7a:0a,1586,-16,466,280.85,82.78,3665,130874,955768
f0:91:27:6b:7a:0a,1587,-16,467,280.44,82.78,90,130964,955858
f0:91:27:6b:7a:0a,1598,-18,468,282.08,82.87,1048,132012,956906
f0:91:27:6b:7a:0a,1617,-17,469,285.22,82.98,1755,133767,958661
f0:91:27:6b:7a:0a,1619,-16,470,285.03,83.00,197,133964,958858
f0:91:27:6b:7a:0a,1620,-16,471,284.61,83.00,89,134053,958947
f0:91:27:6b:7a:0a,1623,-18,472,284.58,83.02,270,134323,959217
f0:91:27:6b:7a:0a,1625,-16,473,284.38,83.03,187,134510,959404
f0:91:27:6b:7a:0a,1626,-17,474,283.95,83.03,84,134594,959488
f0:91:27:6b:7a:0a,1627,-16,475,283.58,83.05,106,134700,959594
f0:91:27:6b:7a:0a,1631,-16,476,283.76,83.07,368,135068,959962
f0:91:27:6b:7a:0a,1635,-18,477,283.96,83.10,380,135448,960342
f0:91:27:6b:7a:0a,1638,-16,478,283.93,83.11,271,135719,960613
f0:91:27:6b:7a:0a,1639,-18,479,283.52,83.11,86,135805,960699
f0:91:27:6b:7a:0a,1641,-16,480,283.32,83.13,188,135993,960887
f0:91:27:6b:7a:0a,1642,-18,481,282.94,83.14,99,136092,960986
f0:91:27:6b:7a:0a,1643,-16,482,282.55,83.14,99,136191,961085
f0:91:27:6b:7a:0a,1648,-16,483,282.85,83.15,427,136618,961512
f0:91:27:6b:7a:0a,1655,-18,484,283.61,83.19,649,137267,962161
f0:91:27:6b:7a:0a,1668,-16,485,285.37,83.22,1136,138403,963297
f0:91:27:6b:7a:0a,1671,-17,486,285.29,83.22,247,138650,963544
f0:91:27:6b:7a:0a,1672,-18,487,284.88,83.23,88,138738,963632
f0:91:27:6b:7a:0a,1673,-16,488,284.46,83.22,80,138818,963712
f0:91:27:6b:7a:0a,1676,-18,489,284.41,83.23,257,139075,963969
f0:91:27:6b:7a:0a,1679,-16,490,284.36,83.23,260,139335,964229
f0:91:27:6b:7a:0a,1680,-18,491,283.95,83.24,86,139421,964315
f0:91:27:6b:7a:0a,1682,-17,492,283.69,83.23,153,139574,964468
f0:91:27:6b:7a:0a,1685,-18,493,283.63,83.23,256,139830,964724
f0:91:27:6b:7a:0a,1687,-16,494,283.41,83.24,175,140005,964899
f0:91:27:6b:7a:0a,1688,-18,495,282.99,83.23,77,140082,964976
f0:91:27:6b:7a:0a,1689,-16,496,282.59,83.23,85,140167,965061
f0:91:27:6b:7a:0a,1694,-16,497,282.86,83.23,414,140581,965475
f0:91:27:6b:7a:0a,1696,-16,498,282.62,83.23,165,140746,965640
f0:91:27:6b:7a:0a,1697,-16,499,282.22,83.23,84,140830,965724
f0:91:27:6b:7a:0a,1699,-16,500,282.01,83.24,174,141004,965898
f0:91:27:6b:7a:0a,1705,-16,501,282.46,83.24,509,141513,966407
f0:91:27:6b:7a:0a,1706,-18,502,282.06,83.24,79,141592,966486
f0:91:27:6b:7a:0a,1737,-17,503,286.71,83.26,2622,144214,969108
f0:91:27:6b:7a:0a,1739,-17,504,286.47,83.26,167,144381,969275
f0:91:27:6b:7a:0a,1740,-17,505,286.06,83.26,81,144462,969356
f0:91:27:6b:7a:0a,1741,-18,506,285.66,83.26,81,144543,969437
f0:91:27:6b:7a:0a,1744,-17,507,285.56,83.25,237,144780,969674
f0:91:27:6b:7a:0a,1757,-18,508,287.04,83.23,1037,145817,970711
f0:91:27:6b:7a:0a,1759,-18,509,286.81,83.23,170,145987,970881
f0:91:27:6b:7a:0a,1761,-18,510,286.59,83.23,172,146159,971053
f0:91:27:6b:7a:0a,1763,-18,511,286.36,83.24,173,146332,971226
f0:91:27:6b:7a:0a,1764,-16,512,285.96,83.23,78,146410,971304
f0:91:27:6b:7a:0a,1771,-16,513,286.50,83.22,564,146974,971868
f0:91:27:6b:7a:0a,1772,-16,514,286.12,83.23,90,147064,971958
f0:91:27:6b:7a:0a,1773,-18,515,285.73,83.23,87,147151,972045
f0:91:27:6b:7a:0a,1775,-17,516,285.48,83.23,158,147309,972203
f0:91:27:6b:7a:0a,1776,-18,517,285.08,83.22,78,147387,972281
f0:91:27:6b:7a:0a,1777,-16,518,284.68,83.22,79,147466,972360
f0:91:27:6b:7a:0a,1778,-16,519,284.27,83.21,70,147536,972430
f0:91:27:6b:7a:0a,1779,-17,520,283.87,83.21,78,147614,972508
f0:91:27:6b:7a:0a,1780,-18,521,283.49,83.21,82,147696,972590
f0:91:27:6b:7a:0a,1788,-18,522,284.20,83.20,655,148351,973245
f0:91:27:6b:7a:0a,1789,-16,523,283.80,83.20,77,148428,973322
f0:91:27:6b:7a:0a,1791,-18,524,283.55,83.19,154,148582,973476
f0:91:27:6b:7a:0a,1792,-16,525,283.17,83.19,82,148664,973558
f0:91:27:6b:7a:0a,1793,-16,526,282.78,83.19,76,148740,973634
f0:91:27:6b:7a:0a,1794,-18,527,282.40,83.19,84,148824,973718
f0:91:27:6b:7a:0a,1795,-16,528,282.00,83.18,74,148898,973792
f0:91:27:6b:7a:0a,1796,-17,529,281.63,83.18,86,148984,973878
f0:91:27:6b:7a:0a,1798,-18,530,281.40,83.18,157,149141,974035
f0:91:27:6b:7a:0a,1799,-16,531,281.03,83.18,86,149227,974121
f0:91:27:6b:7a:0a,1801,-17,532,280.79,83.17,151,149378,974272
f0:91:27:6b:7a:0a,1802,-16,533,280.43,83.18,91,149469,974363
f0:91:27:6b:7a:0a,1803,-16,534,280.05,83.17,76,149545,974439
f0:91:27:6b:7a:0a,1804,-16,535,279.67,83.17,80,149625,974519
f0:91:27:6b:7a:0a,1805,-18,536,279.29,83.17,76,149701,974595
f0:91:27:6b:7a:0a,1806,-16,537,278.92,83.16,77,149778,974672
f0:91:27:6b:7a:0a,1807,-16,538,278.55,83.16,81,149859,974753
f0:91:27:6b:7a:0a,1811,-17,539,278.62,83.16,319,150178,975072
f0:91:27:6b:7a:0a,1812,-18,540,278.25,83.15,76,150254,975148
f0:91:27:6b:7a:0a,1816,-16,541,278.33,83.15,325,150579,975473
f0:91:27:6b:7a:0a,1817,-16,542,277.97,83.15,82,150661,975555
f0:91:27:6b:7a:0a,1819,-18,543,277.74,83.14,150,150811,975705
f0:91:27:6b:7a:0a,1820,-16,544,277.38,83.14,85,150896,975790
f0:91:27:6b:7a:0a,1821,-18,545,277.03,83.14,86,150982,975876
f0:91:27:6b:7a:0a,1822,-16,546,276.66,83.14,76,151058,975952
f0:91:27:6b:7a:0a,1823,-16,547,276.30,83.13,77,151135,976029
f0:91:27:6b:7a:0a,1829,-16,548,276.67,83.12,480,151615,976509
f0:91:27:6b:7a:0a,1830,-16,549,276.30,83.12,75,151690,976584
f0:91:27:6b:7a:0a,1831,-18,550,275.96,83.12,87,151777,976671
f0:91:27:6b:7a:0a,1832,-16,551,275.60,83.12,76,151853,976747
f0:91:27:6b:7a:0a,1833,-16,552,275.23,83.11,75,151928,976822
f0:91:27:6b:7a:0a,1835,-18,553,275.02,83.11,160,152088,976982
f0:91:27:6b:7a:0a,1843,-16,554,275.67,83.09,633,152721,977615
f0:91:27:6b:7a:0a,1844,-16,555,275.32,83.09,79,152800,977694
f0:91:27:6b:7a:0a,1845,-17,556,274.95,83.08,74,152874,977768
f0:91:27:6b:7a:0a,1849,-18,557,275.03,83.07,316,153190,978084
f0:91:27:6b:7a:0a,1857,-16,558,275.67,83.06,635,153825,978719
f0:91:27:6b:7a:0a,1860,-16,559,275.61,83.06,243,154068,978962
f0:91:27:6b:7a:0a,1866,-16,560,275.96,83.04,472,154540,979434
f0:91:27:6b:7a:0a,1868,-18,561,275.77,83.04,168,154708,979602
f0:91:27:6b:7a:0a,1871,-16,562,275.69,83.03,228,154936,979830
f0:91:27:6b:7a:0a,1872,-16,563,275.36,83.04,91,155027,979921
f0:91:27:6b:7a:0a,1874,-16,564,275.13,83.03,149,155176,980070
f0:91:27:6b:7a:0a,1876,-16,565,274.93,83.02,159,155335,980229
f0:91:27:6b:7a:0a,1905,-16,566,278.54,82.97,2317,157652,982546
f0:91:27:6b:7a:0a,1915,-17,567,279.47,82.96,808,158460,983354
f0:91:27:6b:7a:0a,1916,-16,568,279.11,82.96,74,158534,983428
f0:91:27:6b:7a:0a,1920,-18,569,279.19,82.95,323,158857,983751
f0:91:27:6b:7a:0a,1921,-17,570,278.84,82.95,83,158940,983834
f0:91:27:6b:7a:0a,1922,-16,571,278.50,82.95,82,159022,983916
f0:91:27:6b:7a:0a,1923,-18,572,278.15,82.95,78,159100,983994
f0:91:27:6b:7a:0a,1924,-16,573,277.81,82.95,84,159184,984078
f0:91:27:6b:7a:0a,1928,-18,574,277.90,82.95,330,159514,984408
f0:91:27:6b:7a:0a,1929,-16,575,277.57,82.95,86,159600,984494
f0:91:27:6b:7a:0a,1931,-17,576,277.36,82.95,158,159758,984652
f0:91:27:6b:7a:0a,1934,-16,577,277.29,82.94,239,159997,984891
f0:91:27:6b:7a:0a,1935,-18,578,276.95,82.94,81,160078,984972
f0:91:27:6b:7a:0a,1940,-16,579,277.16,82.93,399,160477,985371
f0:91:27:6b:7a:0a,1941,-18,580,276.84,82.94,89,160566,985460
f0:91:27:6b:7a:0a,1943,-16,581,276.63,82.93,154,160720,985614
f0:91:27:6b:7a:0a,1944,-17,582,276.27,82.93,72,160792,985686
f0:91:27:6b:7a:0a,1945,-18,583,275.95,82.93,86,160878,985772
f0:91:27:6b:7a:0a,1946,-16,584,275.61,82.92,79,160957,985851
f0:91:27:6b:7a:0a,1949,-16,585,275.54,82.92,236,161193,986087
f0:91:27:6b:7a:0a,1950,-17,586,275.23,82.92,89,161282,986176
f0:91:27:6b:7a:0a,1957,-16,587,275.72,82.91,564,161846,986740
f0:91:27:6b:7a:0a,1966,-16,588,276.46,82.90,715,162561,987455
f0:91:27:6b:7a:0a,1967,-16,589,276.13,82.90,81,162642,987536
f0:91:27:6b:7a:0a,1969,-18,590,275.93,82.89,157,162799,987693
f0:91:27:6b:7a:0a,1972,-16,591,275.85,82.88,227,163026,987920
f0:91:27:6b:7a:0a,1979,-16,592,276.33,82.87,563,163589,988483
f0:91:27:6b:7a:0a,1986,-18,593,276.80,82.86,551,164140,989034
f0:91:27:6b:7a:0a,1990,-16,594,276.89,82.86,331,164471,989365
f0:91:27:6b:7a:0a,1991,-16,595,276.55,82.85,76,164547,989441
f0:91:27:6b:7a:0a,1992,-17,596,276.22,82.85,80,164627,989521
f0:91:27:6b:7a:0a,1995,-16,597,276.14,82.84,228,164855,989749
f0:91:27:6b:7a:0a,1998,-16,598,276.08,82.84,241,165096,989990
f0:91:27:6b:7a:0a,1999,-18,599,275.76,82.84,83,165179,990073
f0:91:27:6b:7a:0a,2000,-16,600,275.43,82.84,80,165259,990153
f0:91:27:6b:7a:0a,2002,-18,601,275.23,82.83,156,165415,990309
f0:91:27:6b:7a:0a,2004,-16,602,275.03,82.82,152,165567,990461
f0:91:27:6b:7a:0a,2005,-16,603,274.71,82.82,83,165650,990544
f0:91:27:6b:7a:0a,2007,-16,604,274.51,82.82,153,165803,990697
f0:91:27:6b:7a:0a,2008,-18,605,274.20,82.82,89,165892,990786
f0:91:27:6b:7a:0a,2010,-17,606,274.01,82.82,161,166053,990947
f0:91:27:6b:7a:0a,2012,-16,607,273.84,82.82,165,166218,991112
f0:91:27:6b:7a:0a,2013,-16,608,273.52,82.82,80,166298,991192
f0:91:27:6b:7a:0a,2014,-17,609,273.19,82.81,72,166370,991264
f0:91:27:6b:7a:0a,2016,-18,610,273.00,82.81,157,166527,991421
f0:91:27:6b:7a:0a,2017,-16,611,272.68,82.81,81,166608,991502
f0:91:27:6b:7a:0a,2020,-16,612,272.62,82.80,236,166844,991738
f0:91:27:6b:7a:0a,2022,-17,613,272.42,82.79,152,166996,991890
f0:91:27:6b:7a:0a,2024,-16,614,272.24,82.79,160,167156,992050
f0:91:27:6b:7a:0a,2025,-16,615,271.92,82.79,75,167231,992125
f0:91:27:6b:7a:0a,2026,-16,616,271.61,82.79,78,167309,992203
f0:91:27:6b:7a:0a,2027,-18,617,271.29,82.78,79,167388,992282
f0:91:27:6b:7a:0a,2029,-16,618,271.11,82.78,158,167546,992440
f0:91:27:6b:7a:0a,2031,-18,619,270.93,82.78,157,167703,992597
f0:91:27:6b:7a:0a,2033,-16,620,270.74,82.77,157,167860,992754
f0:91:27:6b:7a:0a,2038,-18,621,270.95,82.77,403,168263,993157
f0:91:27:6b:7a:0a,2057,-18,622,272.97,82.74,1523,169786,994680
f0:91:27:6b:7a:0a,2058,-16,623,272.65,82.74,77,169863,994757
f0:91:27:6b:7a:0a,2063,-16,624,272.84,82.73,388,170251,995145
f0:91:27:6b:7a:0a,2066,-16,625,272.78,82.72,235,170486,995380
f0:91:27:6b:7a:0a,2074,-16,626,273.35,82.70,628,171114,996008
f0:91:27:6b:7a:0a,2084,-18,627,274.16,82.68,785,171899,996793
f0:91:27:6b:7a:0a,2086,-16,628,273.97,82.68,157,172056,996950
f0:91:27:6b:7a:0a,2087,-17,629,273.66,82.68,77,172133,997027
f0:91:27:6b:7a:0a,2090,-16,630,273.60,82.67,232,172365,997259
f0:91:27:6b:7a:0a,2095,-16,631,273.79,82.66,396,172761,997655
f0:91:27:6b:7a:0a,2096,-18,632,273.47,82.66,75,172836,997730
f0:91:27:6b:7a:0a,2099,-17,633,273.41,82.65,234,173070,997964
f0:91:27:6b:7a:0a,2100,-18,634,273.10,82.65,76,173146,998040
f0:91:27:6b:7a:0a,2103,-16,635,273.04,82.64,235,173381,998275
f0:91:27:6b:7a:0a,2105,-16,636,272.86,82.64,158,173539,998433
f0:91:27:6b:7a:0a,2106,-16,637,272.56,82.64,80,173619,998513
f0:91:27:6b:7a:0a,2107,-18,638,272.26,82.64,86,173705,998599
f0:91:27:6b:7a:0a,2108,-16,639,271.96,82.64,80,173785,998679
f0:91:27:6b:7a:0a,2109,-16,640,271.66,82.63,78,173863,998757
f0:91:27:6b:7a:0a,2110,-18,641,271.36,82.63,80,173943,998837
f0:91:27:6b:7a:0a,2125,-18,642,272.78,82.61,1182,175125,1000019
f0:91:27:6b:7a:0a,2126,-18,643,272.48,82.61,82,175207,1000101
f0:91:27:6b:7a:0a,2131,-16,644,272.67,82.60,393,175600,1000494
f0:91:27:6b:7a:0a,2132,-16,645,272.38,82.60,85,175685,1000579
f0:91:27:6b:7a:0a,2133,-16,646,272.07,82.59,71,175756,1000650
f0:91:27:6b:7a:0a,2134,-16,647,271.78,82.59,84,175840,1000734
f0:91:27:6b:7a:0a,2135,-18,648,271.48,82.59,78,175918,1000812
f0:91:27:6b:7a:0a,2142,-18,649,271.95,82.59,579,176497,1001391
f0:91:27:6b:7a:0a,2145,-16,650,271.91,82.59,242,176739,1001633
f0:91:27:6b:7a:0a,2146,-16,651,271.63,82.59,91,176830,1001724
f0:91:27:6b:7a:0a,2147,-18,652,271.33,82.59,80,176910,1001804
f0:91:27:6b:7a:0a,2156,-18,653,272.05,82.59,738,177648,1002542
f0:91:27:6b:7a:0a,2160,-18,654,272.13,82.59,326,177974,1002868
f0:91:27:6b:7a:0a,2163,-16,655,272.07,82.58,232,178206,1003100
f0:91:27:6b:7a:0a,2164,-17,656,271.78,82.58,82,178288,1003182
f0:91:27:6b:7a:0a,2167,-16,657,271.73,82.58,241,178529,1003423
f0:91:27:6b:7a:0a,2168,-16,658,271.43,82.57,74,178603,1003497
f0:91:27:6b:7a:0a,2169,-18,659,271.16,82.58,90,178693,1003587
f0:91:27:6b:7a:0a,2170,-16,660,270.87,82.57,81,178774,1003668
f0:91:27:6b:7a:0a,2176,-17,661,271.18,82.56,474,179248,1004142
f0:91:27:6b:7a:0a,2180,-16,662,271.23,82.55,307,179555,1004449
f0:91:27:6b:7a:0a,2186,-16,663,271.55,82.55,483,180038,1004932
f0:91:27:6b:7a:0a,2189,-16,664,271.50,82.54,240,180278,1005172
f0:91:27:6b:7a:0a,2191,-18,665,271.34,82.54,162,180440,1005334
f0:91:27:6b:7a:0a,2196,-18,666,271.52,82.53,389,180829,1005723
f0:91:27:6b:7a:0a,2199,-16,667,271.47,82.53,239,181068,1005962
f0:91:27:6b:7a:0a,2200,-17,668,271.18,82.53,77,181145,1006039
f0:91:27:6b:7a:0a,2202,-16,669,271.00,82.52,157,181302,1006196
f0:91:27:6b:7a:0a,2204,-17,670,270.83,82.52,157,181459,1006353
f0:91:27:6b:7a:0a,2206,-16,671,270.66,82.52,157,181616,1006510
f0:91:27:6b:7a:0a,2207,-16,672,270.38,82.51,76,181692,1006586
f0:91:27:6b:7a:0a,2209,-16,673,270.21,82.51,161,181853,1006747
f0:91:27:6b:7a:0a,2212,-16,674,270.16,82.51,237,182090,1006984
f0:91:27:6b:7a:0a,2213,-18,675,269.88,82.50,81,182171,1007065
f0:91:27:6b:7a:0a,2214,-16,676,269.61,82.51,85,182256,1007150
f0:91:27:6b:7a:0a,2215,-16,677,269.32,82.50,74,182330,1007224
f0:91:27:6b:7a:0a,2216,-18,678,269.03,82.50,74,182404,1007298
f0:91:27:6b:7a:0a,2220,-18,679,269.11,82.49,320,182724,1007618
f0:91:27:6b:7a:0a,2221,-16,680,268.83,82.49,79,182803,1007697
f0:91:27:6b:7a:0a,2222,-16,681,268.57,82.50,91,182894,1007788
f0:91:27:6b:7a:0a,2241,-18,682,270.40,82.48,1521,184415,1009309
f0:91:27:6b:7a:0a,2244,-16,683,270.36,82.47,241,184656,1009550
f0:91:27:6b:7a:0a,2245,-17,684,270.09,82.47,88,184744,1009638
f0:91:27:6b:7a:0a,2246,-18,685,269.83,82.48,87,184831,1009725
f0:91:27:6b:7a:0a,2260,-16,686,271.23,82.51,1235,186066,1010960
f0:91:27:6b:7a:0a,2261,-16,687,270.98,82.52,100,186166,1011060
f0:91:27:6b:7a:0a,2265,-16,688,271.12,82.54,364,186530,1011424
f0:91:27:6b:7a:0a,2313,-16,689,277.18,82.74,4444,190974,1015868
f0:91:27:6b:7a:0a,2323,-16,690,278.17,82.80,964,191938,1016832
f0:91:27:6b:7a:0a,2324,-16,691,277.90,82.81,92,192030,1016924
f0:91:27:6b:7a:0a,2365,-16,692,282.97,82.97,3787,195817,1020711
f0:91:27:6b:7a:0a,2372,-17,693,283.45,82.99,617,196434,1021328
f0:91:27:6b:7a:0a,2373,-16,694,283.17,82.99,87,196521,1021415
f0:91:27:6b:7a:0a,2374,-16,695,282.90,83.00,97,196618,1021512
f0:91:27:6b:7a:0a,2381,-17,696,283.42,83.02,644,197262,1022156
f0:91:27:6b:7a:0a,2382,-18,697,283.14,83.02,84,197346,1022240
f0:91:27:6b:7a:0a,2398,-16,698,284.65,83.03,1339,198685,1023579
f0:91:27:6b:7a:0a,2425,-18,699,287.51,83.04,2281,200966,1025860
f0:91:27:6b:7a:0a,2429,-16,700,287.59,83.05,346,201312,1026206
f0:91:27:6b:7a:0a,2431,-18,701,287.42,83.05,168,201480,1026374
f0:91:27:6b:7a:0a,2450,-16,702,289.23,83.04,1561,203041,1027935
f0:91:27:6b:7a:0a,2453,-16,703,289.19,83.05,257,203298,1028192
f0:91:27:6b:7a:0a,2455,-16,704,289.00,83.04,158,203456,1028350
f0:91:27:6b:7a:0a,2468,-16,705,290.09,83.03,1055,204511,1029405
f0:91:27:6b:7a:0a,2469,-16,706,289.80,83.03,85,204596,1029490
f0:91:27:6b:7a:0a,2472,-16,707,289.72,83.03,236,204832,1029726
f0:91:27:6b:7a:0a,2473,-18,708,289.42,83.03,80,204912,1029806
f0:91:27:6b:7a:0a,2479,-16,709,289.70,83.02,484,205396,1030290
f0:91:27:6b:7a:0a,2501,-16,710,291.78,83.00,1771,207167,1032061
f0:91:27:6b:7a:0a,2507,-16,711,292.04,82.99,471,207638,1032532
f0:91:27:6b:7a:0a,2512,-18,712,292.21,82.99,414,208052,1032946
f0:91:27:6b:7a:0a,2516,-16,713,292.25,82.98,323,208375,1033269
f0:91:27:6b:7a:0a,2520,-18,714,292.28,82.98,314,208689,1033583
f0:91:27:6b:7a:0a,2530,-16,715,292.97,82.96,788,209477,1034371
f0:91:27:6b:7a:0a,2533,-18,716,292.89,82.95,230,209707,1034601
f0:91:27:6b:7a:0a,2534,-16,717,292.59,82.95,80,209787,1034681
f0:91:27:6b:7a:0a,2558,-16,718,294.82,82.92,1895,211682,1036576
f0:91:27:6b:7a:0a,2562,-16,719,294.85,82.91,316,211998,1036892
f0:91:27:6b:7a:0a,2583,-18,720,296.77,82.89,1680,213678,1038572
f0:91:27:6b:7a:0a,2630,-16,721,301.57,82.83,3751,217429,1042323
f0:91:27:6b:7a:0a,2641,-16,722,302.38,82.82,886,218315,1043209
f0:91:27:6b:7a:0a,2643,-16,723,302.18,82.82,160,218475,1043369
f0:91:27:6b:7a:0a,2646,-18,724,302.08,82.81,232,218707,1043601
f0:91:27:6b:7a:0a,2647,-16,725,301.77,82.81,77,218784,1043678
f0:91:27:6b:7a:0a,2648,-16,726,301.47,82.81,81,218865,1043759
f0:91:27:6b:7a:0a,2649,-16,727,301.16,82.81,76,218941,1043835
f0:91:27:6b:7a:0a,2664,-18,728,302.39,82.79,1198,220139,1045033
f0:91:27:6b:7a:0a,2667,-16,729,302.29,82.78,234,220373,1045267
f0:91:27:6b:7a:0a,2696,-16,730,305.02,82.74,2290,222663,1047557
f0:91:27:6b:7a:0a,2698,-16,731,304.82,82.74,161,222824,1047718
f0:91:27:6b:7a:0a,2704,-17,732,305.04,82.73,467,223291,1048185
f0:91:27:6b:7a:0a,2706,-16,733,304.84,82.73,160,223451,1048345
f0:91:27:6b:7a:0a,2710,-16,734,304.86,82.72,314,223765,1048659
f0:91:27:6b:7a:0a,2711,-17,735,304.55,82.72,76,223841,1048735
f0:91:27:6b:7a:0a,2713,-18,736,304.35,82.72,161,224002,1048896
f0:91:27:6b:7a:0a,2717,-17,737,304.37,82.71,318,224320,1049214
f0:91:27:6b:7a:0a,2718,-16,738,304.06,82.71,77,224397,1049291
f0:91:27:6b:7a:0a,2719,-18,739,303.76,82.71,78,224475,1049369
f0:91:27:6b:7a:0a,2724,-18,740,303.88,82.70,394,224869,1049763
f0:91:27:6b:7a:0a,2725,-16,741,303.58,82.70,84,224953,1049847
f0:91:27:6b:7a:0a,2731,-18,742,303.81,82.70,474,225427,1050321
f0:91:27:6b:7a:0a,2732,-16,743,303.50,82.69,74,225501,1050395
f0:91:27:6b:7a:0a,2734,-18,744,303.31,82.69,161,225662,1050556
f0:91:27:6b:7a:0a,2735,-16,745,303.00,82.69,74,225736,1050630
f0:91:27:6b:7a:0a,2748,-16,746,303.99,82.67,1038,226774,1051668
f0:91:27:6b:7a:0a,2761,-16,747,304.96,82.66,1029,227803,1052697
f0:91:27:6b:7a:0a,2762,-18,748,304.66,82.66,81,227884,1052778
f0:91:27:6b:7a:0a,2763,-16,749,304.36,82.66,84,227968,1052862
f0:91:27:6b:7a:0a,2764,-16,750,304.06,82.65,75,228043,1052937
f0:91:27:6b:7a:0a,2765,-18,751,303.76,82.65,79,228122,1053016
f0:91:27:6b:7a:0a,2768,-18,752,303.66,82.65,233,228355,1053249
f0:91:27:6b:7a:0a,2771,-18,753,303.58,82.64,239,228594,1053488
f0:91:27:6b:7a:0a,2775,-18,754,303.60,82.64,319,228913,1053807
f0:91:27:6b:7a:0a,2777,-16,755,303.41,82.64,158,229071,1053965
f0:91:27:6b:7a:0a,2779,-18,756,303.21,82.63,153,229224,1054118
f0:91:27:6b:7a:0a,2783,-16,757,303.24,82.63,326,229550,1054444
f0:91:27:6b:7a:0a,2784,-16,758,302.93,82.63,72,229622,1054516
f0:91:27:6b:7a:0a,2790,-16,759,303.16,82.62,474,230096,1054990
f0:91:27:6b:7a:0a,2791,-16,760,302.86,82.62,77,230173,1055067
f0:91:27:6b:7a:0a,2792,-16,761,302.56,82.61,73,230246,1055140
f0:91:27:6b:7a:0a,2793,-18,762,302.27,82.62,86,230332,1055226
f0:91:27:6b:7a:0a,2796,-17,763,302.18,82.61,233,230565,1055459
f0:91:27:6b:7a:0a,2801,-16,764,302.31,82.60,397,230962,1055856
f0:91:27:6b:7a:0a,2802,-16,765,302.01,82.60,77,231039,1055933
f0:91:27:6b:7a:0a,2812,-16,766,302.65,82.59,791,231830,1056724
f0:91:27:6b:7a:0a,2813,-16,767,302.36,82.59,79,231909,1056803
f0:91:27:6b:7a:0a,2817,-16,768,302.37,82.58,308,232217,1057111
f0:91:27:6b:7a:0a,2818,-18,769,302.08,82.58,80,232297,1057191
f0:91:27:6b:7a:0a,2819,-18,770,301.79,82.58,80,232377,1057271
f0:91:27:6b:7a:0a,2821,-16,771,301.60,82.58,156,232533,1057427
f0:91:27:6b:7a:0a,2823,-16,772,301.41,82.57,157,232690,1057584
f0:91:27:6b:7a:0a,2833,-16,773,302.03,82.56,778,233468,1058362
f0:91:27:6b:7a:0a,2834,-16,774,301.74,82.56,82,233550,1058444
f0:91:27:6b:7a:0a,2835,-16,775,301.45,82.55,74,233624,1058518
f0:91:27:6b:7a:0a,2836,-18,776,301.16,82.55,76,233700,1058594
f0:91:27:6b:7a:0a,2862,-18,777,303.44,82.52,2073,235773,1060667
f0:91:27:6b:7a:0a,2864,-16,778,303.25,82.52,159,235932,1060826
f0:91:27:6b:7a:0a,2868,-16,779,303.27,82.52,312,236244,1061138
f0:91:27:6b:7a:0a,2873,-18,780,303.39,82.51,397,236641,1061535
f0:91:27:6b:7a:0a,2874,-16,781,303.10,82.51,84,236725,1061619
f0:91:27:6b:7a:0a,2876,-18,782,302.91,82.51,154,236879,1061773
f0:91:27:6b:7a:0a,2934,-16,783,308.39,82.44,4589,241468,1066362
f0:91:27:6b:7a:0a,2935,-18,784,308.09,82.44,75,241543,1066437
f0:91:27:6b:7a:0a,2936,-16,785,307.81,82.44,84,241627,1066521
f0:91:27:6b:7a:0a,2937,-16,786,307.50,82.43,71,241698,1066592
f0:91:27:6b:7a:0a,2941,-16,787,307.51,82.43,309,242007,1066901
f0:91:27:6b:7a:0a,2943,-18,788,307.32,82.43,163,242170,1067064
f0:91:27:6b:7a:0a,2951,-16,789,307.76,82.42,649,242819,1067713
f0:91:27:6b:7a:0a,2952,-16,790,307.46,82.42,72,242891,1067785
f0:91:27:6b:7a:0a,2954,-18,791,307.27,82.42,161,243052,1067946
f0:91:27:6b:7a:0a,2955,-16,792,306.98,82.42,80,243132,1068026
f0:91:27:6b:7a:0a,2957,-18,793,306.80,82.42,162,243294,1068188
f0:91:27:6b:7a:0a,2962,-16,794,306.91,82.41,395,243689,1068583
f0:91:27:6b:7a:0a,2965,-18,795,306.85,82.41,258,243947,1068841
f0:91:27:6b:7a:0a,2967,-18,796,306.69,82.42,175,244122,1069016
f0:91:27:6b:7a:0a,2975,-16,797,307.18,82.43,704,244826,1069720
f0:91:27:6b:7a:0a,3090,-18,798,320.19,82.82,10685,255511,1080405
f0:91:27:6b:7a:0a,3095,-18,799,320.34,82.83,444,255955,1080849
f0:91:27:6b:7a:0a,3096,-16,800,320.06,82.84,92,256047,1080941
f0:91:27:6b:7a:0a,3097,-16,801,319.77,82.84,92,256139,1081033
f0:91:27:6b:7a:0a,3098,-18,802,319.48,82.84,82,256221,1081115
f0:91:27:6b:7a:0a,3099,-16,803,319.19,82.84,88,256309,1081203
f0:91:27:6b:7a:0a,3107,-16,804,319.62,82.84,662,256971,1081865
f0:91:27:6b:7a:0a,3129,-16,805,321.56,82.86,1882,258853,1083747
f0:91:27:6b:7a:0a,3133,-17,806,321.57,82.86,334,259187,1084081
f0:91:27:6b:7a:0a,3134,-18,807,321.27,82.86,80,259267,1084161
f0:91:27:6b:7a:0a,3147,-17,808,322.23,82.86,1091,260358,1085252
f0:91:27:6b:7a:0a,3155,-16,809,322.66,82.87,677,261035,1085929
f0:91:27:6b:7a:0a,3165,-16,810,323.30,82.87,834,261869,1086763
f0:91:27:6b:7a:0a,3175,-16,811,323.90,82.87,814,262683,1087577
f0:91:27:6b:7a:0a,3176,-17,812,323.59,82.86,72,262755,1087649
f0:91:27:6b:7a:0a,3184,-18,813,323.99,82.86,652,263407,1088301
f0:91:27:6b:7a:0a,3187,-18,814,323.88,82.85,232,263639,1088533
f0:91:27:6b:7a:0a,3199,-16,815,324.66,82.84,957,264596,1089490
f0:91:27:6b:7a:0a,3203,-16,816,324.68,82.85,343,264939,1089833
f0:91:27:6b:7a:0a,3206,-16,817,324.59,82.85,250,265189,1090083
f0:91:27:6b:7a:0a,3207,-18,818,324.29,82.84,77,265266,1090160
f0:91:27:6b:7a:0a,3211,-18,819,324.29,82.84,324,265590,1090484
f0:91:27:6b:7a:0a,3212,-16,820,323.99,82.84,83,265673,1090567
f0:91:27:6b:7a:0a,3239,-16,821,326.21,82.81,2143,267816,1092710
f0:91:27:6b:7a:0a,3247,-16,822,326.58,82.80,629,268445,1093339
f0:91:27:6b:7a:0a,3292,-16,823,330.51,82.75,3567,272012,1096906
f0:91:27:6b:7a:0a,3293,-16,824,330.21,82.75,80,272092,1096986
f0:91:27:6b:7a:0a,3302,-16,825,330.69,82.75,727,272819,1097713
f0:91:27:6b:7a:0a,3305,-17,826,330.58,82.74,238,273057,1097951
f0:91:27:6b:7a:0a,3342,-16,827,333.76,82.72,2966,276023,1100917
f0:91:27:6b:7a:0a,3346,-16,828,333.75,82.71,323,276346,1101240
f0:91:27:6b:7a:0a,3347,-16,829,333.45,82.71,86,276432,1101326
f0:91:27:6b:7a:0a,3350,-18,830,333.34,82.71,238,276670,1101564
f0:91:27:6b:7a:0a,3355,-16,831,333.42,82.71,402,277072,1101966
f0:91:27:6b:7a:0a,3637,-17,832,360.09,82.49,22520,299592,1124486
f0:91:27:6b:7a:0a,3680,-18,833,363.76,82.45,3422,303014,1127908
f0:91:27:6b:7a:0a,3685,-16,834,363.84,82.46,429,303443,1128337
f0:91:27:6b:7a:0a,3686,-16,835,363.52,82.46,97,303540,1128434
f0:91:27:6b:7a:0a,3687,-16,836,363.19,82.46,91,303631,1128525
f0:91:27:6b:7a:0a,3699,-16,837,364.08,82.49,1105,304736,1129630
f0:91:27:6b:7a:0a,3700,-16,838,363.76,82.50,97,304833,1129727
f0:91:27:6b:7a:0a,3714,-16,839,364.85,82.53,1278,306111,1131005
f0:91:27:6b:7a:0a,3726,-18,840,365.74,82.56,1107,307218,1132112
f0:91:27:6b:7a:0a,3834,-18,841,377.04,82.81,9871,317089,1141983
f0:91:27:6b:7a:0a,3844,-16,842,377.57,82.81,827,317916,1142810
f0:91:27:6b:7a:0a,3853,-16,843,378.02,82.82,758,318674,1143568
f0:91:27:6b:7a:0a,3858,-16,844,378.06,82.81,410,319084,1143978
f0:91:27:6b:7a:0a,3863,-16,845,378.12,82.82,426,319510,1144404
f0:91:27:6b:7a:0a,3868,-16,846,378.17,82.82,419,319929,1144823
f0:91:27:6b:7a:0a,3902,-17,847,381.00,82.81,2774,322703,1147597
f0:91:27:6b:7a:0a,3904,-16,848,380.73,82.80,152,322855,1147749
f0:91:27:6b:7a:0a,4113,-16,849,399.90,82.65,16660,339515,1164409
f0:91:27:6b:7a:0a,4118,-16,850,399.88,82.64,387,339902,1164796
f0:91:27:6b:7a:0a,4128,-17,851,400.35,82.63,798,340700,1165594
f0:91:27:6b:7a:0a,4132,-18,852,400.25,82.63,311,341011,1165905
f0:91:27:6b:7a:0a,4134,-16,853,399.96,82.63,158,341169,1166063
f0:91:27:6b:7a:0a,4136,-18,854,399.68,82.63,158,341327,1166221
f0:91:27:6b:7a:0a,4138,-16,855,399.39,82.62,155,341482,1166376
f0:91:27:6b:7a:0a,4261,-16,856,410.41,82.54,9826,351308,1176202
f0:91:27:6b:7a:0a,4288,-18,857,412.46,82.53,2174,353482,1178376
f0:91:27:6b:7a:0a,4292,-16,858,412.37,82.53,328,353810,1178704
f0:91:27:6b:7a:0a,4322,-16,859,414.66,82.51,2382,356192,1181086
f0:91:27:6b:7a:0a,4329,-18,860,414.82,82.50,550,356742,1181636
f0:91:27:6b:7a:0a,4330,-16,861,414.43,82.50,82,356824,1181718
f0:91:27:6b:7a:0a,4332,-16,862,414.13,82.50,152,356976,1181870
f0:91:27:6b:7a:0a,4333,-18,863,413.73,82.50,76,357052,1181946
f0:91:27:6b:7a:0a,4365,-17,864,416.23,82.48,2574,359626,1184520
f0:91:27:6b:7a:0a,4366,-18,865,415.84,82.48,79,359705,1184599
f0:91:27:6b:7a:0a,4367,-16,866,415.45,82.48,73,359778,1184672
f0:91:27:6b:7a:0a,4373,-17,867,415.52,82.48,478,360256,1185150
f0:91:27:6b:7a:0a,4376,-18,868,415.33,82.48,251,360507,1185401
f0:91:27:6b:7a:0a,4382,-17,869,415.39,82.47,471,360978,1185872
f0:91:27:6b:7a:0a,4389,-16,870,415.54,82.46,546,361524,1186418
f0:91:27:6b:7a:0a,4390,-16,871,415.16,82.46,80,361604,1186498
f0:91:27:6b:7a:0a,4391,-18,872,414.78,82.46,84,361688,1186582
f0:91:27:6b:7a:0a,4392,-18,873,414.39,82.46,78,361766,1186660
f0:91:27:6b:7a:0a,4395,-18,874,414.19,82.46,239,362005,1186899
f0:91:27:6b:7a:0a,4397,-18,875,413.92,82.46,177,362182,1187076
f0:91:27:6b:7a:0a,4398,-16,876,413.55,82.47,87,362269,1187163
f0:91:27:6b:7a:0a,4399,-16,877,413.18,82.47,90,362359,1187253
f0:91:27:6b:7a:0a,4400,-17,878,412.80,82.47,83,362442,1187336
f0:91:27:6b:7a:0a,4401,-16,879,412.43,82.47,85,362527,1187421
f0:91:27:6b:7a:0a,4405,-16,880,412.37,82.47,360,362887,1187781
f0:91:27:6b:7a:0a,4407,-18,881,412.11,82.48,183,363070,1187964
f0:91:27:6b:7a:0a,4408,-16,882,411.74,82.48,89,363159,1188053
f0:91:27:6b:7a:0a,4411,-16,883,411.60,82.49,283,363442,1188336
f0:91:27:6b:7a:0a,4412,-18,884,411.24,82.49,90,363532,1188426
f0:91:27:6b:7a:0a,4414,-18,885,410.99,82.50,198,363730,1188624
f0:91:27:6b:7a:0a,4415,-18,886,410.64,82.50,98,363828,1188722
f0:91:27:6b:7a:0a,4420,-18,887,410.69,82.51,455,364283,1189177
f0:91:27:6b:7a:0a,4431,-16,888,411.38,82.54,1018,365301,1190195
f0:91:27:6b:7a:0a,4451,-16,889,413.03,82.59,1887,367188,1192082
f0:91:27:6b:7a:0a,4497,-18,890,417.41,82.70,4307,371495,1196389
f0:91:27:6b:7a:0a,4498,-16,891,417.05,82.70,93,371588,1196482
f0:91:27:6b:7a:0a,4502,-16,892,416.98,82.71,359,371947,1196841
f0:91:27:6b:7a:0a,4505,-18,893,416.81,82.71,265,372212,1197106
f0:91:27:6b:7a:0a,4506,-16,894,416.45,82.72,95,372307,1197201
f0:91:27:6b:7a:0a,4517,-16,895,417.09,82.73,991,373298,1198192
f0:91:27:6b:7a:0a,4521,-16,896,417.05,82.75,382,373680,1198574
f0:91:27:6b:7a:0a,4522,-18,897,416.69,82.75,92,373772,1198666
f0:91:27:6b:7a:0a,4523,-17,898,416.34,82.75,101,373873,1198767
f0:91:27:6b:7a:0a,4537,-16,899,417.24,82.77,1222,375095,1199989
f0:91:27:6b:7a:0a,4538,-16,900,416.86,82.77,82,375177,1200071
f0:91:27:6b:7a:0a,4543,-16,901,416.89,82.77,439,375616,1200510
f0:91:27:6b:7a:0a,4551,-16,902,417.16,82.77,666,376282,1201176
f0:91:27:6b:7a:0a,4575,-18,903,418.94,82.78,2017,378299,1203193
f0:91:27:6b:7a:0a,4578,-16,904,418.75,82.78,247,378546,1203440
f0:91:27:6b:7a:0a,4579,-16,905,418.37,82.78,81,378627,1203521
f0:91:27:6b:7a:0a,4581,-17,906,418.10,82.78,168,378795,1203689
f0:91:27:6b:7a:0a,4583,-17,907,417.82,82.78,166,378961,1203855
f0:91:27:6b:7a:0a,4586,-18,908,417.63,82.78,249,379210,1204104
f0:91:27:6b:7a:0a,4587,-16,909,417.28,82.78,95,379305,1204199
f0:91:27:6b:7a:0a,4590,-16,910,417.11,82.78,263,379568,1204462
f0:91:27:6b:7a:0a,4591,-16,911,416.73,82.78,71,379639,1204533
f0:91:27:6b:7a:0a,4592,-18,912,416.36,82.78,84,379723,1204617
f0:91:27:6b:7a:0a,4593,-16,913,416.00,82.78,82,379805,1204699
f0:91:27:6b:7a:0a,4594,-16,914,415.63,82.78,78,379883,1204777
f0:91:27:6b:7a:0a,4601,-16,915,415.81,82.78,587,380470,1205364
f0:91:27:6b:7a:0a,4603,-18,916,415.54,82.78,165,380635,1205529
f0:91:27:6b:7a:0a,4604,-16,917,415.17,82.78,78,380713,1205607
f0:91:27:6b:7a:0a,4608,-18,918,415.06,82.78,315,381028,1205922
f0:91:27:6b:7a:0a,4610,-16,919,414.78,82.78,159,381187,1206081
f0:91:27:6b:7a:0a,4614,-16,920,414.68,82.77,321,381508,1206402
f0:91:27:6b:7a:0a,4616,-16,921,414.40,82.77,156,381664,1206558
f0:91:27:6b:7a:0a,4622,-18,922,414.46,82.77,470,382134,1207028
f0:91:27:6b:7a:0a,4660,-16,923,417.25,82.73,2991,385125,1210019
f0:91:27:6b:7a:0a,4664,-16,924,417.16,82.73,330,385455,1210349
f0:91:27:6b:7a:0a,4668,-18,925,417.05,82.73,319,385774,1210668
f0:91:27:6b:7a:0a,4671,-16,926,416.86,82.73,238,386012,1210906
f0:91:27:6b:7a:0a,4674,-18,927,416.67,82.73,243,386255,1211149
f0:91:27:6b:7a:0a,4675,-16,928,416.31,82.73,79,386334,1211228
f0:91:27:6b:7a:0a,4676,-16,929,415.95,82.73,84,386418,1211312
f0:91:27:6b:7a:0a,4694,-16,930,417.04,82.71,1426,387844,1212738
f0:91:27:6b:7a:0a,4696,-18,931,416.76,82.71,155,387999,1212893
f0:91:27:6b:7a:0a,4697,-16,932,416.39,82.71,74,388073,1212967
f0:91:27:6b:7a:0a,4698,-17,933,416.03,82.71,83,388156,1213050
f0:91:27:6b:7a:0a,4701,-16,934,415.84,82.71,240,388396,1213290
f0:91:27:6b:7a:0a,4705,-16,935,415.73,82.70,313,388709,1213603
f0:91:27:6b:7a:0a,4707,-18,936,415.45,82.70,154,388863,1213757
f0:91:27:6b:7a:0a,4715,-18,937,415.70,82.70,645,389508,1214402
f0:91:27:6b:7a:0a,4716,-16,938,415.34,82.70,82,389590,1214484
f0:91:27:6b:7a:0a,4721,-18,939,415.32,82.70,400,389990,1214884
f0:91:27:6b:7a:0a,4722,-16,940,414.96,82.69,76,390066,1214960
f0:91:27:6b:7a:0a,4726,-16,941,414.86,82.69,319,390385,1215279
f0:91:27:6b:7a:0a,4727,-18,942,414.51,82.69,80,390465,1215359
f0:91:27:6b:7a:0a,4728,-16,943,414.15,82.69,78,390543,1215437
f0:91:27:6b:7a:0a,4732,-18,944,414.07,82.69,338,390881,1215775
f0:91:27:6b:7a:0a,4733,-16,945,413.71,82.69,73,390954,1215848
f0:91:27:6b:7a:0a,4739,-18,946,413.77,82.68,471,391425,1216319
f0:91:27:6b:7a:0a,4740,-16,947,413.42,82.68,84,391509,1216403
f0:91:27:6b:7a:0a,4741,-16,948,413.06,82.68,73,391582,1216476
f0:91:27:6b:7a:0a,4743,-16,949,412.80,82.68,164,391746,1216640
f0:91:27:6b:7a:0a,4745,-16,950,412.53,82.68,153,391899,1216793
f0:91:27:6b:7a:0a,4746,-16,951,412.18,82.68,87,391986,1216880
f0:91:27:6b:7a:0a,4749,-18,952,412.00,82.68,234,392220,1217114
f0:91:27:6b:7a:0a,4752,-18,953,411.81,82.67,235,392455,1217349
f0:91:27:6b:7a:0a,4755,-16,954,411.63,82.67,237,392692,1217586
f0:91:27:6b:7a:0a,4756,-17,955,411.28,82.67,85,392777,1217671
f0:91:27:6b:7a:0a,4757,-16,956,410.93,82.67,72,392849,1217743
f0:91:27:6b:7a:0a,4765,-16,957,411.17,82.67,642,393491,1218385
f0:91:27:6b:7a:0a,4774,-16,958,411.51,82.66,737,394228,1219122
f0:91:27:6b:7a:0a,4782,-16,959,411.75,82.66,638,394866,1219760
f0:91:27:6b:7a:0a,4788,-16,960,411.83,82.66,489,395355,1220249
f0:91:27:6b:7a:0a,4796,-16,961,412.07,82.66,646,396001,1220895
f0:91:27:6b:7a:0a,4798,-16,962,411.80,82.65,149,396150,1221044
f0:91:27:6b:7a:0a,4800,-18,963,411.54,82.65,164,396314,1221208
f0:91:27:6b:7a:0a,4801,-16,964,411.19,82.65,76,396390,1221284
f0:91:27:6b:7a:0a,4803,-17,965,410.94,82.65,168,396558,1221452
f0:91:27:6b:7a:0a,4818,-18,966,411.73,82.64,1173,397731,1222625
f0:91:27:6b:7a:0a,4822,-18,967,411.64,82.64,322,398053,1222947
f0:91:27:6b:7a:0a,4823,-16,968,411.30,82.64,86,398139,1223033
f0:91:27:6b:7a:0a,4825,-16,969,411.04,82.63,160,398299,1223193
f0:91:27:6b:7a:0a,4826,-17,970,410.70,82.63,76,398375,1223269
f0:91:27:6b:7a:0a,4829,-17,971,410.52,82.63,243,398618,1223512
f0:91:27:6b:7a:0a,4846,-16,972,411.50,82.62,1361,399979,1224873
f0:91:27:6b:7a:0a,4848,-16,973,411.24,82.62,158,400137,1225031
f0:91:27:6b:7a:0a,4850,-18,974,410.98,82.62,162,400299,1225193
f0:91:27:6b:7a:0a,4851,-16,975,410.64,82.62,79,400378,1225272
f0:91:27:6b:7a:0a,4855,-16,976,410.54,82.62,313,400691,1225585
f0:91:27:6b:7a:0a,4875,-17,977,411.76,82.61,1603,402294,1227188
f0:91:27:6b:7a:0a,4877,-18,978,411.50,82.60,154,402448,1227342
f0:91:27:6b:7a:0a,4878,-16,979,411.16,82.60,81,402529,1227423
f0:91:27:6b:7a:0a,4879,-16,980,410.83,82.60,81,402610,1227504
f0:91:27:6b:7a:0a,4884,-16,981,410.81,82.60,392,403002,1227896
f0:91:27:6b:7a:0a,4905,-16,982,412.08,82.59,1665,404667,1229561
f0:91:27:6b:7a:0a,4906,-16,983,411.75,82.58,81,404748,1229642
f0:91:27:6b:7a:0a,4910,-16,984,411.64,82.58,307,405055,1229949
f0:91:27:6b:7a:0a,4911,-18,985,411.30,82.58,79,405134,1230028
f0:91:27:6b:7a:0a,4913,-16,986,411.05,82.58,166,405300,1230194
f0:91:27:6b:7a:0a,4914,-18,987,410.71,82.58,74,405374,1230268
f0:91:27:6b:7a:0a,4915,-16,988,410.38,82.58,81,405455,1230349
f0:91:27:6b:7a:0a,4924,-18,989,410.70,82.57,730,406185,1231079
f0:91:27:6b:7a:0a,4934,-18,990,411.13,82.58,831,407016,1231910
f0:91:27:6b:7a:0a,4937,-16,991,410.95,82.57,238,407254,1232148
f0:91:27:6b:7a:0a,4938,-16,992,410.62,82.57,81,407335,1232229
f0:91:27:6b:7a:0a,4940,-16,993,410.37,82.57,160,407495,1232389
f0:91:27:6b:7a:0a,4943,-18,994,410.18,82.57,227,407722,1232616
f0:91:27:6b:7a:0a,4944,-16,995,409.85,82.57,83,407805,1232699
f0:91:27:6b:7a:0a,4947,-16,996,409.69,82.57,248,408053,1232947
f0:91:27:6b:7a:0a,4949,-16,997,409.43,82.57,150,408203,1233097
f0:91:27:6b:7a:0a,4954,-16,998,409.43,82.56,407,408610,1233504
f0:91:27:6b:7a:0a,4957,-16,999,409.26,82.56,238,408848,1233742
f0:91:27:6b:7a:0a,4958,-18,1000,408.93,82.56,79,408927,1233821
f0:91:27:6b:7a:0a,4961,-16,1001,408.77,82.56,252,409179,1234073
f0:91:27:6b:7a:0a,4976,-16,1002,409.58,82.56,1216,410395,1235289
f0:91:27:6b:7a:0a,4977,-18,1003,409.25,82.56,84,410479,1235373
f0:91:27:6b:7a:0a,4993,-16,1004,410.10,82.55,1264,411743,1236637
f0:91:27:6b:7a:0a,4998,-16,1005,410.08,82.54,388,412131,1237025
f0:91:27:6b:7a:0a,5000,-18,1006,409.83,82.54,158,412289,1237183
f0:91:27:6b:7a:0a,5002,-16,1007,409.58,82.54,155,412444,1237338
f0:91:27:6b:7a:0a,5004,-18,1008,409.32,82.54,152,412596,1237490
f0:91:27:6b:7a:0a,5033,-16,1009,411.20,82.52,2300,414896,1239790
f0:91:27:6b:7a:0a,5035,-18,1010,410.94,82.52,158,415054,1239948
f0:91:27:6b:7a:0a,5036,-16,1011,410.61,82.51,75,415129,1240023
f0:91:27:6b:7a:0a,5053,-16,1012,411.56,82.51,1365,416494,1241388
f0:91:27:6b:7a:0a,5055,-16,1013,411.31,82.51,159,416653,1241547
f0:91:27:6b:7a:0a,5056,-16,1014,410.98,82.50,76,416729,1241623
f0:91:27:6b:7a:0a,5059,-16,1015,410.81,82.50,242,416971,1241865
f0:91:27:6b:7a:0a,5064,-16,1016,410.80,82.50,402,417373,1242267
f0:91:27:6b:7a:0a,5067,-16,1017,410.63,82.50,237,417610,1242504
f0:91:27:6b:7a:0a,5068,-17,1018,410.31,82.50,82,417692,1242586
f0:91:27:6b:7a:0a,5069,-16,1019,409.97,82.50,71,417763,1242657
f0:91:27:6b:7a:0a,5071,-16,1020,409.73,82.50,158,417921,1242815
f0:91:27:6b:7a:0a,5072,-16,1021,409.40,82.49,80,418001,1242895
f0:91:27:6b:7a:0a,5075,-17,1022,409.24,82.49,244,418245,1243139
f0:91:27:6b:7a:0a,5076,-18,1023,408.92,82.49,79,418324,1243218
f0:91:27:6b:7a:0a,5079,-17,1024,408.75,82.49,239,418563,1243457
f0:91:27:6b:7a:0a,5082,-16,1025,408.58,82.49,233,418796,1243690
f0:91:27:6b:7a:0a,5096,-16,1026,409.26,82.48,1109,419905,1244799
f0:91:27:6b:7a:0a,5178,-16,1027,416.02,82.59,7346,427251,1252145
f0:91:27:6b:7a:0a,5181,-18,1028,415.89,82.60,284,427535,1252429
f0:91:27:6b:7a:0a,5185,-18,1029,415.85,82.61,370,427905,1252799
f0:91:27:6b:7a:0a,5186,-17,1030,415.53,82.61,95,428000,1252894
f0:91:27:6b:7a:0a,5192,-18,1031,415.66,82.62,549,428549,1253443
f0:91:27:6b:7a:0a,5211,-18,1032,416.98,82.66,1773,430322,1255216
f0:91:27:6b:7a:0a,5214,-18,1033,416.84,82.66,274,430596,1255490
f0:91:27:6b:7a:0a,5215,-16,1034,416.53,82.67,92,430688,1255582
f0:91:27:6b:7a:0a,5219,-16,1035,416.47,82.67,363,431051,1255945
f0:91:27:6b:7a:0a,5220,-17,1036,416.16,82.67,86,431137,1256031
f0:91:27:6b:7a:0a,5221,-16,1037,415.85,82.68,96,431233,1256127
f0:91:27:6b:7a:0a,5222,-16,1038,415.54,82.68,94,431327,1256221
f0:91:27:6b:7a:0a,5223,-18,1039,415.23,82.68,102,431429,1256323
f0:91:27:6b:7a:0a,5224,-16,1040,414.92,82.68,92,431521,1256415
f0:91:27:6b:7a:0a,5225,-16,1041,414.61,82.68,85,431606,1256500
f0:91:27:6b:7a:0a,5226,-17,1042,414.29,82.68,89,431695,1256589
f0:91:27:6b:7a:0a,5238,-16,1043,414.96,82.71,1112,432807,1257701
f0:91:27:6b:7a:0a,5239,-18,1044,414.65,82.71,90,432897,1257791
f0:91:27:6b:7a:0a,5257,-18,1045,415.79,82.73,1603,434500,1259394
f0:91:27:6b:7a:0a,5262,-18,1046,415.80,82.73,422,434922,1259816
f0:91:27:6b:7a:0a,5264,-18,1047,415.57,82.73,177,435099,1259993
f0:91:27:6b:7a:0a,5265,-16,1048,415.25,82.73,85,435184,1260078
f0:91:27:6b:7a:0a,5267,-16,1049,415.02,82.74,172,435356,1260250
f0:91:27:6b:7a:0a,5268,-16,1050,414.71,82.74,90,435446,1260340
f0:91:27:6b:7a:0a,5269,-17,1051,414.39,82.74,82,435528,1260422
f0:91:27:6b:7a:0a,5311,-18,1052,417.35,82.75,3529,439057,1263951
f0:91:27:6b:7a:0a,5322,-16,1053,417.82,82.75,905,439962,1264856
f0:91:27:6b:7a:0a,5323,-18,1054,417.49,82.74,75,440037,1264931
f0:91:27:6b:7a:0a,5324,-18,1055,417.17,82.74,77,440114,1265008
f0:91:27:6b:7a:0a,5325,-16,1056,416.85,82.74,82,440196,1265090
f0:91:27:6b:7a:0a,5326,-17,1057,416.54,82.74,83,440279,1265173
f0:91:27:6b:7a:0a,5327,-18,1058,416.22,82.74,80,440359,1265253
f0:91:27:6b:7a:0a,5359,-18,1059,418.21,82.72,2522,442881,1267775
f0:91:27:6b:7a:0a,5360,-16,1060,417.89,82.72,84,442965,1267859
f0:91:27:6b:7a:0a,5364,-17,1061,417.80,82.72,325,443290,1268184
f0:91:27:6b:7a:0a,5366,-16,1062,417.56,82.72,162,443452,1268346
f0:91:27:6b:7a:0a,5367,-16,1063,417.24,82.72,74,443526,1268420
f0:91:27:6b:7a:0a,5372,-18,1064,417.21,82.71,389,443915,1268809
f0:91:27:6b:7a:0a,5378,-18,1065,417.28,82.71,492,444407,1269301
f0:91:27:6b:7a:0a,5379,-17,1066,416.98,82.71,92,444499,1269393
f0:91:27:6b:7a:0a,5380,-18,1067,416.66,82.71,80,444579,1269473
f0:91:27:6b:7a:0a,5381,-16,1068,416.35,82.71,83,444662,1269556
f0:91:27:6b:7a:0a,5383,-18,1069,416.11,82.71,155,444817,1269711
f0:91:27:6b:7a:0a,5385,-16,1070,415.87,82.71,162,444979,1269873
f0:91:27:6b:7a:0a,5386,-16,1071,415.55,82.71,73,445052,1269946
f0:91:27:6b:7a:0a,5389,-18,1072,415.39,82.71,245,445297,1270191
f0:91:27:6b:7a:0a,5392,-18,1073,415.23,82.71,244,445541,1270435
f0:91:27:6b:7a:0a,5393,-18,1074,414.91,82.71,76,445617,1270511
f0:91:27:6b:7a:0a,5395,-16,1075,414.67,82.70,154,445771,1270665
f0:91:27:6b:7a:0a,5396,-16,1076,414.36,82.70,83,445854,1270748
f0:91:27:6b:7a:0a,5397,-16,1077,414.05,82.70,82,445936,1270830
f0:91:27:6b:7a:0a,5398,-18,1078,413.74,82.70,79,446015,1270909
f0:91:27:6b:7a:0a,5399,-17,1079,413.45,82.70,94,446109,1271003
f0:91:27:6b:7a:0a,5403,-16,1080,413.36,82.70,320,446429,1271323
f0:91:27:6b:7a:0a,5404,-16,1081,413.05,82.70,76,446505,1271399
f0:91:27:6b:7a:0a,5405,-17,1082,412.74,82.70,78,446583,1271477
f0:91:27:6b:7a:0a,5406,-18,1083,412.43,82.70,83,446666,1271560
f0:91:27:6b:7a:0a,5416,-18,1084,412.79,82.70,797,447463,1272357
f0:91:27:6b:7a:0a,5420,-18,1085,412.70,82.69,312,447775,1272669
f0:91:27:6b:7a:0a,5421,-18,1086,412.38,82.69,73,447848,1272742
f0:91:27:6b:7a:0a,5425,-16,1087,412.29,82.69,313,448161,1273055
f0:91:27:6b:7a:0a,5426,-16,1088,411.99,82.69,80,448241,1273135
f0:91:27:6b:7a:0a,5427,-18,1089,411.69,82.69,84,448325,1273219
f0:91:27:6b:7a:0a,5428,-16,1090,411.38,82.69,80,448405,1273299
f0:91:27:6b:7a:0a,5430,-18,1091,411.16,82.69,166,448571,1273465
f0:91:27:6b:7a:0a,5431,-16,1092,410.85,82.69,79,448650,1273544
f0:91:27:6b:7a:0a,5432,-17,1093,410.55,82.68,76,448726,1273620
f0:91:27:6b:7a:0a,5434,-18,1094,410.31,82.68,157,448883,1273777
f0:91:27:6b:7a:0a,5435,-16,1095,410.01,82.68,81,448964,1273858
f0:91:27:6b:7a:0a,5436,-16,1096,409.71,82.68,80,449044,1273938
f0:91:27:6b:7a:0a,5437,-18,1097,409.41,82.68,74,449118,1274012
f0:91:27:6b:7a:0a,5439,-16,1098,409.18,82.68,159,449277,1274171
f0:91:27:6b:7a:0a,5441,-18,1099,408.96,82.68,166,449443,1274337
f0:91:27:6b:7a:0a,5442,-16,1100,408.66,82.68,81,449524,1274418
f0:91:27:6b:7a:0a,5443,-16,1101,408.35,82.68,74,449598,1274492
f0:91:27:6b:7a:0a,5444,-18,1102,408.06,82.68,89,449687,1274581
f0:91:27:6b:7a:0a,5445,-16,1103,407.76,82.68,75,449762,1274656
f0:91:27:6b:7a:0a,5447,-17,1104,407.53,82.68,156,449918,1274812
f0:91:27:6b:7a:0a,5448,-16,1105,407.24,82.67,77,449995,1274889
f0:91:27:6b:7a:0a,5451,-16,1106,407.08,82.67,241,450236,1275130
f0:91:27:6b:7a:0a,5463,-18,1107,407.60,82.67,979,451215,1276109
f0:91:27:6b:7a:0a,5464,-16,1108,407.31,82.67,88,451303,1276197
f0:91:27:6b:7a:0a,5465,-18,1109,407.02,82.67,80,451383,1276277
f0:91:27:6b:7a:0a,5466,-18,1110,406.72,82.67,79,451462,1276356
f0:91:27:6b:7a:0a,5468,-16,1111,406.49,82.67,153,451615,1276509
f0:91:27:6b:7a:0a,5473,-18,1112,406.49,82.67,404,452019,1276913
f0:91:27:6b:7a:0a,5474,-16,1113,406.19,82.66,74,452093,1276987
f0:91:27:6b:7a:0a,5475,-16,1114,405.90,82.66,76,452169,1277063
f0:91:27:6b:7a:0a,5476,-18,1115,405.60,82.66,80,452249,1277143
f0:91:27:6b:7a:0a,5479,-17,1116,405.45,82.66,234,452483,1277377
f0:91:27:6b:7a:0a,5481,-16,1117,405.23,82.66,163,452646,1277540
f0:91:27:6b:7a:0a,5485,-16,1118,405.15,82.66,310,452956,1277850
f0:91:27:6b:7a:0a,5487,-16,1119,404.93,82.66,159,453115,1278009
f0:91:27:6b:7a:0a,5488,-17,1120,404.65,82.66,88,453203,1278097
f0:91:27:6b:7a:0a,5490,-18,1121,404.42,82.65,156,453359,1278253
f0:91:27:6b:7a:0a,5493,-18,1122,404.27,82.65,237,453596,1278490
f0:91:27:6b:7a:0a,5494,-16,1123,403.99,82.65,83,453679,1278573
f0:91:27:6b:7a:0a,5495,-17,1124,403.70,82.65,76,453755,1278649
f0:91:27:6b:7a:0a,5496,-18,1125,403.41,82.65,79,453834,1278728
f0:91:27:6b:7a:0a,5498,-16,1126,403.19,82.65,163,453997,1278891
f0:91:27:6b:7a:0a,5499,-17,1127,402.90,82.65,74,454071,1278965
f0:91:27:6b:7a:0a,5501,-16,1128,402.69,82.65,166,454237,1279131
f0:91:27:6b:7a:0a,5502,-16,1129,402.40,82.65,78,454315,1279209
f0:91:27:6b:7a:0a,5503,-17,1130,402.12,82.65,77,454392,1279286
f0:91:27:6b:7a:0a,5504,-18,1131,401.83,82.65,82,454474,1279368
f0:91:27:6b:7a:0a,5505,-17,1132,401.56,82.65,92,454566,1279460
f0:91:27:6b:7a:0a,5506,-18,1133,401.27,82.65,75,454641,1279535
f0:91:27:6b:7a:0a,5507,-16,1134,400.98,82.65,75,454716,1279610
f0:91:27:6b:7a:0a,5508,-18,1135,400.71,82.65,88,454804,1279698
f0:91:27:6b:7a:0a,5509,-16,1136,400.42,82.65,75,454879,1279773
f0:91:27:6b:7a:0a,5512,-16,1137,400.28,82.64,238,455117,1280011
f0:91:27:6b:7a:0a,5514,-18,1138,400.07,82.64,162,455279,1280173
f0:91:27:6b:7a:0a,5516,-17,1139,399.85,82.64,154,455433,1280327
f0:91:27:6b:7a:0a,5517,-18,1140,399.58,82.64,84,455517,1280411
f0:91:27:6b:7a:0a,5518,-16,1141,399.29,82.64,78,455595,1280489
f0:91:27:6b:7a:0a,5519,-16,1142,399.01,82.64,76,455671,1280565
f0:91:27:6b:7a:0a,5522,-16,1143,398.87,82.64,237,455908,1280802
f0:91:27:6b:7a:0a,5525,-18,1144,398.74,82.64,245,456153,1281047
f0:91:27:6b:7a:0a,5527,-17,1145,398.53,82.64,168,456321,1281215
f0:91:27:6b:7a:0a,5528,-18,1146,398.26,82.64,84,456405,1281299
f0:91:27:6b:7a:0a,5529,-16,1147,397.98,82.64,83,456488,1281382
f0:91:27:6b:7a:0a,5534,-17,1148,397.98,82.63,391,456879,1281773
f0:91:27:6b:7a:0a,5546,-16,1149,398.45,82.62,944,457823,1282717
f0:91:27:6b:7a:0a,5549,-16,1150,398.31,82.62,236,458059,1282953
f0:91:27:6b:7a:0a,5550,-16,1151,398.04,82.62,86,458145,1283039
f0:91:27:6b:7a:0a,5551,-18,1152,397.76,82.62,77,458222,1283116
f0:91:27:6b:7a:0a,5552,-16,1153,397.48,82.62,78,458300,1283194
f0:91:27:6b:7a:0a,5553,-16,1154,397.21,82.62,77,458377,1283271
f0:91:27:6b:7a:0a,5554,-18,1155,396.94,82.62,83,458460,1283354
f0:91:27:6b:7a:0a,5556,-16,1156,396.73,82.62,163,458623,1283517
f0:91:27:6b:7a:0a,5562,-16,1157,396.80,82.62,477,459100,1283994
f0:91:27:6b:7a:0a,5566,-18,1158,396.73,82.61,316,459416,1284310
f0:91:27:6b:7a:0a,5567,-16,1159,396.46,82.61,80,459496,1284390
f0:91:27:6b:7a:0a,5569,-16,1160,396.26,82.61,165,459661,1284555
f0:91:27:6b:7a:0a,5571,-18,1161,396.06,82.61,160,459821,1284715
f0:91:27:6b:7a:0a,5573,-16,1162,395.85,82.61,155,459976,1284870
f0:91:27:6b:7a:0a,5594,-18,1163,396.93,82.60,1651,461627,1286521
f0:91:27:6b:7a:0a,5598,-16,1164,396.86,82.59,320,461947,1286841
f0:91:27:6b:7a:0a,5599,-17,1165,396.59,82.59,83,462030,1286924
f0:91:27:6b:7a:0a,5601,-18,1166,396.39,82.59,155,462185,1287079
f0:91:27:6b:7a:0a,5602,-16,1167,396.11,82.59,77,462262,1287156
f0:91:27:6b:7a:0a,5608,-16,1168,396.19,82.59,484,462746,1287640
f0:91:27:6b:7a:0a,5609,-16,1169,395.92,82.59,83,462829,1287723
f0:91:27:6b:7a:0a,5610,-18,1170,395.65,82.59,79,462908,1287802
f0:91:27:6b:7a:0a,5619,-18,1171,395.91,82.58,707,463615,1288509
f0:91:27:6b:7a:0a,5621,-16,1172,395.71,82.58,161,463776,1288670
f0:91:27:6b:7a:0a,5622,-16,1173,395.45,82.58,81,463857,1288751
f0:91:27:6b:7a:0a,5623,-18,1174,395.17,82.58,75,463932,1288826
f0:91:27:6b:7a:0a,5627,-16,1175,395.10,82.58,314,464246,1289140
f0:91:27:6b:7a:0a,5628,-18,1176,394.84,82.58,89,464335,1289229
f0:91:27:6b:7a:0a,5630,-16,1177,394.63,82.57,147,464482,1289376
f0:91:27:6b:7a:0a,5632,-18,1178,394.43,82.57,160,464642,1289536
f0:91:27:6b:7a:0a,5640,-16,1179,394.64,82.57,641,465283,1290177
f0:91:27:6b:7a:0a,5641,-16,1180,394.38,82.57,80,465363,1290257
f0:91:27:6b:7a:0a,5651,-18,1181,394.74,82.57,824,466187,1291081
f0:91:27:6b:7a:0a,5653,-16,1182,394.54,82.57,157,466344,1291238
f0:91:27:6b:7a:0a,5654,-16,1183,394.27,82.57,80,466424,1291318
f0:91:27:6b:7a:0a,5655,-18,1184,394.00,82.57,76,466500,1291394
f0:91:27:6b:7a:0a,5657,-16,1185,393.81,82.57,166,466666,1291560
f0:91:27:6b:7a:0a,5659,-16,1186,393.62,82.57,168,466834,1291728
f0:91:27:6b:7a:0a,5663,-18,1187,393.56,82.57,326,467160,1292054
f0:91:27:6b:7a:0a,5664,-16,1188,393.29,82.56,71,467231,1292125
f0:91:27:6b:7a:0a,5665,-16,1189,393.03,82.56,85,467316,1292210
f0:91:27:6b:7a:0a,5666,-18,1190,392.77,82.56,80,467396,1292290
f0:91:27:6b:7a:0a,5668,-18,1191,392.58,82.56,169,467565,1292459
f0:91:27:6b:7a:0a,5669,-16,1192,392.32,82.56,79,467644,1292538
f0:91:27:6b:7a:0a,5674,-16,1193,392.34,82.57,423,468067,1292961
f0:91:27:6b:7a:0a,5675,-18,1194,392.09,82.57,89,468156,1293050
f0:91:27:6b:7a:0a,5676,-16,1195,391.82,82.56,70,468226,1293120
f0:91:27:6b:7a:0a,5677,-16,1196,391.56,82.57,83,468309,1293203
f0:91:27:6b:7a:0a,5689,-18,1197,392.02,82.56,936,469245,1294139
f0:91:27:6b:7a:0a,5690,-16,1198,391.75,82.55,75,469320,1294214
f0:91:27:6b:7a:0a,5691,-17,1199,391.49,82.55,78,469398,1294292
f0:91:27:6b:7a:0a,5694,-16,1200,391.36,82.55,230,469628,1294522
f0:91:27:6b:7a:0a,5695,-18,1201,391.10,82.55,89,469717,1294611
f0:91:27:6b:7a:0a,5696,-18,1202,390.84,82.55,75,469792,1294686
f0:91:27:6b:7a:0a,5698,-18,1203,390.65,82.55,164,469956,1294850
f0:91:27:6b:7a:0a,5703,-16,1204,390.65,82.55,390,470346,1295240
f0:91:27:6b:7a:0a,5705,-18,1205,390.46,82.54,160,470506,1295400
f0:91:27:6b:7a:0a,5707,-16,1206,390.27,82.54,155,470661,1295555
f0:91:27:6b:7a:0a,5708,-16,1207,390.01,82.54,78,470739,1295633
f0:91:27:6b:7a:0a,5709,-18,1208,389.75,82.54,76,470815,1295709
f0:91:27:6b:7a:0a,5710,-16,1209,389.49,82.54,80,470895,1295789
f0:91:27:6b:7a:0a,5711,-16,1210,389.23,82.54,79,470974,1295868
f0:91:27:6b:7a:0a,5723,-18,1211,389.69,82.53,939,471913,1296807
f0:91:27:6b:7a:0a,5747,-16,1212,390.92,82.51,1886,473799,1298693
f0:91:27:6b:7a:0a,5750,-18,1213,390.79,82.51,226,474025,1298919
f0:91:27:6b:7a:0a,5751,-17,1214,390.54,82.51,88,474113,1299007
f0:91:27:6b:7a:0a,5752,-18,1215,390.28,82.51,83,474196,1299090
f0:91:27:6b:7a:0a,5753,-16,1216,390.03,82.51,78,474274,1299168
f0:91:27:6b:7a:0a,5754,-16,1217,389.77,82.51,82,474356,1299250
f0:91:27:6b:7a:0a,5758,-16,1218,389.73,82.51,337,474693,1299587
f0:91:27:6b:7a:0a,5761,-17,1219,389.61,82.51,246,474939,1299833
f0:91:27:6b:7a:0a,5763,-18,1220,389.42,82.51,158,475097,1299991
f0:91:27:6b:7a:0a,5765,-16,1221,389.23,82.51,154,475251,1300145
f0:91:27:6b:7a:0a,5767,-17,1222,389.05,82.51,172,475423,1300317
f0:91:27:6b:7a:0a,5772,-16,1223,389.06,82.51,401,475824,1300718
f0:91:27:6b:7a:0a,5774,-16,1224,388.88,82.51,161,475985,1300879
f0:91:27:6b:7a:0a,5775,-18,1225,388.62,82.51,80,476065,1300959
f0:91:27:6b:7a:0a,5776,-18,1226,388.37,82.51,77,476142,1301036
f0:91:27:6b:7a:0a,5777,-16,1227,388.12,82.51,80,476222,1301116
f0:91:27:6b:7a:0a,5778,-17,1228,387.87,82.51,82,476304,1301198
f0:91:27:6b:7a:0a,5787,-18,1229,388.13,82.50,712,477016,1301910
f0:91:27:6b:7a:0a,5790,-18,1230,388.01,82.50,232,477248,1302142
f0:91:27:6b:7a:0a,5793,-16,1231,387.88,82.50,234,477482,1302376
f0:91:27:6b:7a:0a,5794,-17,1232,387.63,82.49,80,477562,1302456
f0:91:27:6b:7a:0a,5795,-16,1233,387.38,82.49,79,477641,1302535
f0:91:27:6b:7a:0a,5803,-18,1234,387.59,82.49,639,478280,1303174
f0:91:27:6b:7a:0a,5851,-16,1235,390.51,82.50,3995,482275,1307169
f0:91:27:6b:7a:0a,5852,-18,1236,390.26,82.50,92,482367,1307261
f0:91:27:6b:7a:0a,5853,-16,1237,390.02,82.50,90,482457,1307351
f0:91:27:6b:7a:0a,5854,-16,1238,389.78,82.50,94,482551,1307445
f0:91:27:6b:7a:0a,5855,-18,1239,389.54,82.50,91,482642,1307536
f0:91:27:6b:7a:0a,5856,-16,1240,389.30,82.50,90,482732,1307626
f0:91:27:6b:7a:0a,5857,-16,1241,389.06,82.51,94,482826,1307720
f0:91:27:6b:7a:0a,5859,-16,1242,388.90,82.51,186,483012,1307906
f0:91:27:6b:7a:0a,5860,-18,1243,388.66,82.51,92,483104,1307998
f0:91:27:6b:7a:0a,5861,-17,1244,388.42,82.51,92,483196,1308090
f0:91:27:6b:7a:0a,5862,-18,1245,388.18,82.51,94,483290,1308184
f0:91:27:6b:7a:0a,5864,-16,1246,388.02,82.52,181,483471,1308365
f0:91:27:6b:7a:0a,5867,-16,1247,387.92,82.52,270,483741,1308635
f0:91:27:6b:7a:0a,5869,-16,1248,387.76,82.52,182,483923,1308817
f0:91:27:6b:7a:0a,5870,-18,1249,387.52,82.53,91,484014,1308908
f0:91:27:6b:7a:0a,5871,-18,1250,387.28,82.53,92,484106,1309000
f0:91:27:6b:7a:0a,5872,-16,1251,387.05,82.53,99,484205,1309099
f0:91:27:6b:7a:0a,5873,-16,1252,386.82,82.53,95,484300,1309194
f0:91:27:6b:7a:0a,5874,-18,1253,386.58,82.53,90,484390,1309284
f0:91:27:6b:7a:0a,5875,-17,1254,386.35,82.53,89,484479,1309373
f0:91:27:6b:7a:0a,5877,-18,1255,386.19,82.54,187,484666,1309560
f0:91:27:6b:7a:0a,5878,-18,1256,385.96,82.54,96,484762,1309656
f0:91:27:6b:7a:0a,5879,-16,1257,385.72,82.54,87,484849,1309743
f0:91:27:6b:7a:0a,5881,-16,1258,385.56,82.54,180,485029,1309923
f0:91:27:6b:7a:0a,5882,-16,1259,385.32,82.55,95,485124,1310018
f0:91:27:6b:7a:0a,5883,-18,1260,385.09,82.55,95,485219,1310113
f0:91:27:6b:7a:0a,5885,-16,1261,384.93,82.55,181,485400,1310294
f0:91:27:6b:7a:0a,5886,-18,1262,384.70,82.55,95,485495,1310389
f0:91:27:6b:7a:0a,5887,-18,1263,384.48,82.56,99,485594,1310488
f0:91:27:6b:7a:0a,5889,-16,1264,384.32,82.56,189,485783,1310677
f0:91:27:6b:7a:0a,5891,-16,1265,384.16,82.56,185,485968,1310862
f0:91:27:6b:7a:0a,5895,-18,1266,384.16,82.57,380,486348,1311242
f0:91:27:6b:7a:0a,5908,-18,1267,384.83,82.60,1227,487575,1312469
f0:91:27:6b:7a:0a,5910,-16,1268,384.67,82.60,185,487760,1312654
f0:91:27:6b:7a:0a,5914,-16,1269,384.66,82.61,370,488130,1313024
f0:91:27:6b:7a:0a,5915,-18,1270,384.43,82.61,94,488224,1313118
f0:91:27:6b:7a:0a,5916,-16,1271,384.20,82.61,95,488319,1313213
f0:91:27:6b:7a:0a,5919,-16,1272,384.12,82.62,284,488603,1313497
f0:91:27:6b:7a:0a,5920,-18,1273,383.89,82.62,89,488692,1313586
f0:91:27:6b:7a:0a,5923,-18,1274,383.81,82.62,279,488971,1313865
f0:91:27:6b:7a:0a,5924,-17,1275,383.58,82.63,92,489063,1313957
f0:91:27:6b:7a:0a,5927,-18,1276,383.50,82.63,280,489343,1314237
f0:91:27:6b:7a:0a,5928,-16,1277,383.27,82.63,92,489435,1314329
f0:91:27:6b:7a:0a,5929,-18,1278,383.04,82.63,86,489521,1314415
f0:91:27:6b:7a:0a,5930,-17,1279,382.81,82.63,90,489611,1314505
f0:91:27:6b:7a:0a,5931,-16,1280,382.58,82.64,88,489699,1314593
f0:91:27:6b:7a:0a,5936,-17,1281,382.64,82.64,462,490161,1315055
f0:91:27:6b:7a:0a,5937,-16,1282,382.41,82.65,91,490252,1315146
f0:91:27:6b:7a:0a,5950,-16,1283,383.05,82.67,1197,491449,1316343
f0:91:27:6b:7a:0a,5953,-16,1284,382.96,82.67,266,491715,1316609
f0:91:27:6b:7a:0a,5956,-16,1285,382.87,82.67,274,491989,1316883
f0:91:27:6b:7a:0a,5959,-18,1286,382.77,82.67,253,492242,1317136
f0:91:27:6b:7a:0a,5962,-18,1287,382.69,82.68,280,492522,1317416
f0:91:27:6b:7a:0a,5965,-18,1288,382.60,82.68,269,492791,1317685
f0:91:27:6b:7a:0a,5973,-17,1289,382.84,82.69,687,493478,1318372
f0:91:27:6b:7a:0a,5982,-18,1290,383.14,82.69,772,494250,1319144
f0:91:27:6b:7a:0a,5983,-16,1291,382.91,82.69,87,494337,1319231
f0:91:27:6b:7a:0a,5984,-16,1292,382.68,82.69,81,494418,1319312
f0:91:27:6b:7a:0a,5996,-18,1293,383.17,82.70,1018,495436,1320330
f0:91:27:6b:7a:0a,5997,-16,1294,382.94,82.70,90,495526,1320420
f0:91:27:6b:7a:0a,6006,-18,1295,383.22,82.70,738,496264,1321158
f0:91:27:6b:7a:0a,6008,-16,1296,383.05,82.70,171,496435,1321329
f0:91:27:6b:7a:0a,6014,-18,1297,383.15,82.70,508,496943,1321837
f0:91:27:6b:7a:0a,6015,-16,1298,382.92,82.70,84,497027,1321921
f0:91:27:6b:7a:0a,6033,-16,1299,383.80,82.71,1528,498555,1323449
f0:91:27:6b:7a:0a,6034,-18,1300,383.57,82.71,80,498635,1323529
f0:91:27:6b:7a:0a,6035,-16,1301,383.33,82.71,83,498718,1323612
f0:91:27:6b:7a:0a,6037,-16,1302,383.17,82.71,174,498892,1323786
f0:91:27:6b:7a:0a,6041,-18,1303,383.13,82.71,329,499221,1324115
f0:91:27:6b:7a:0a,6042,-18,1304,382.90,82.71,82,499303,1324197
f0:91:27:6b:7a:0a,6043,-16,1305,382.67,82.71,77,499380,1324274
f0:91:27:6b:7a:0a,6044,-16,1306,382.43,82.71,79,499459,1324353
f0:91:27:6b:7a:0a,6045,-18,1307,382.20,82.70,79,499538,1324432
f0:91:27:6b:7a:0a,6046,-18,1308,381.97,82.70,75,499613,1324507
f0:91:27:6b:7a:0a,6049,-18,1309,381.86,82.70,245,499858,1324752
f0:91:27:6b:7a:0a,6050,-16,1310,381.63,82.70,75,499933,1324827
f0:91:27:6b:7a:0a,6054,-16,1311,381.58,82.70,318,500251,1325145
f0:91:27:6b:7a:0a,6058,-16,1312,381.53,82.70,322,500573,1325467
f0:91:27:6b:7a:0a,6059,-18,1313,381.30,82.70,80,500653,1325547
f0:91:27:6b:7a:0a,6063,-16,1314,381.25,82.69,312,500965,1325859
f0:91:27:6b:7a:0a,6066,-16,1315,381.14,82.69,236,501201,1326095
f0:91:27:6b:7a:0a,6068,-18,1316,380.97,82.69,160,501361,1326255
f0:91:27:6b:7a:0a,6071,-17,1317,380.86,82.69,234,501595,1326489
f0:91:27:6b:7a:0a,6073,-18,1318,380.70,82.69,161,501756,1326650
f0:91:27:6b:7a:0a,6074,-16,1319,380.47,82.69,80,501836,1326730
f0:91:27:6b:7a:0a,6077,-16,1320,380.36,82.69,240,502076,1326970
f0:91:27:6b:7a:0a,6078,-18,1321,380.14,82.69,88,502164,1327058
f0:91:27:6b:7a:0a,6079,-16,1322,379.91,82.69,78,502242,1327136
f0:91:27:6b:7a:0a,6080,-17,1323,379.69,82.69,85,502327,1327221
f0:91:27:6b:7a:0a,6081,-18,1324,379.46,82.69,75,502402,1327296
f0:91:27:6b:7a:0a,6082,-16,1325,379.24,82.69,86,502488,1327382
f0:91:27:6b:7a:0a,6083,-16,1326,379.01,82.69,76,502564,1327458
f0:91:27:6b:7a:0a,6084,-18,1327,378.79,82.69,88,502652,1327546
f0:91:27:6b:7a:0a,6085,-16,1328,378.56,82.69,78,502730,1327624
f0:91:27:6b:7a:0a,6087,-18,1329,378.39,82.68,156,502886,1327780
f0:91:27:6b:7a:0a,6088,-16,1330,378.17,82.68,80,502966,1327860
f0:91:27:6b:7a:0a,6090,-16,1331,378.01,82.68,162,503128,1328022
f0:91:27:6b:7a:0a,6091,-18,1332,377.78,82.68,81,503209,1328103
f0:91:27:6b:7a:0a,6094,-17,1333,377.68,82.68,242,503451,1328345
f0:91:27:6b:7a:0a,6095,-18,1334,377.46,82.68,78,503529,1328423
f0:91:27:6b:7a:0a,6096,-16,1335,377.24,82.68,89,503618,1328512
f0:91:27:6b:7a:0a,6098,-16,1336,377.08,82.68,164,503782,1328676
f0:91:27:6b:7a:0a,6099,-16,1337,376.86,82.68,83,503865,1328759
f0:91:27:6b:7a:0a,6103,-16,1338,376.82,82.68,324,504189,1329083
f0:91:27:6b:7a:0a,6111,-17,1339,377.01,82.68,630,504819,1329713
f0:91:27:6b:7a:0a,6119,-18,1340,377.21,82.67,637,505456,1330350
f0:91:27:6b:7a:0a,6121,-16,1341,377.04,82.67,156,505612,1330506
f0:91:27:6b:7a:0a,6122,-16,1342,376.82,82.67,75,505687,1330581
f0:91:27:6b:7a:0a,6123,-18,1343,376.60,82.67,87,505774,1330668
f0:91:27:6b:7a:0a,6124,-16,1344,376.38,82.67,83,505857,1330751
f0:91:27:6b:7a:0a,6129,-17,1345,376.40,82.67,399,506256,1331150
f0:91:27:6b:7a:0a,6134,-16,1346,376.42,82.67,406,506662,1331556
f0:91:27:6b:7a:0a,6135,-16,1347,376.19,82.66,72,506734,1331628
f0:91:27:6b:7a:0a,6137,-16,1348,376.03,82.66,157,506891,1331785
f0:91:27:6b:7a:0a,6139,-16,1349,375.87,82.66,154,507045,1331939
f0:91:27:6b:7a:0a,6159,-16,1350,376.77,82.65,1588,508633,1333527
f0:91:27:6b:7a:0a,6162,-16,1351,376.66,82.65,238,508871,1333765
f0:91:27:6b:7a:0a,6163,-17,1352,376.45,82.65,83,508954,1333848
f0:91:27:6b:7a:0a,6189,-16,1353,377.68,82.63,2052,511006,1335900
f0:91:27:6b:7a:0a,6198,-16,1354,377.93,82.63,716,511722,1336616
f0:91:27:6b:7a:0a,6199,-16,1355,377.71,82.63,79,511801,1336695
f0:91:27:6b:7a:0a,6202,-17,1356,377.61,82.63,239,512040,1336934
f0:91:27:6b:7a:0a,6203,-16,1357,377.39,82.63,79,512119,1337013
f0:91:27:6b:7a:0a,6205,-16,1358,377.22,82.62,152,512271,1337165
f0:91:27:6b:7a:0a,6207,-16,1359,377.06,82.62,160,512431,1337325
f0:91:27:6b:7a:0a,6208,-18,1360,376.84,82.62,75,512506,1337400
f0:91:27:6b:7a:0a,6210,-16,1361,376.68,82.62,160,512666,1337560
f0:91:27:6b:7a:0a,6232,-16,1362,377.70,82.61,1762,514428,1339322
f0:91:27:6b:7a:0a,6233,-16,1363,377.48,82.61,76,514504,1339398
f0:91:27:6b:7a:0a,6234,-18,1364,377.26,82.61,73,514577,1339471
f0:91:27:6b:7a:0a,6252,-16,1365,378.03,82.60,1435,516012,1340906
f0:91:27:6b:7a:0a,6253,-16,1366,377.81,82.60,81,516093,1340987
f0:91:27:6b:7a:0a,6254,-18,1367,377.59,82.60,77,516170,1341064
f0:91:27:6b:7a:0a,6275,-16,1368,378.54,82.59,1679,517849,1342743
f0:91:27:6b:7a:0a,6283,-16,1369,378.74,82.59,644,518493,1343387
f0:91:27:6b:7a:0a,6326,-16,1370,381.00,82.58,3472,521965,1346859
f0:91:27:6b:7a:0a,6329,-18,1371,380.89,82.57,236,522201,1347095
f0:91:27:6b:7a:0a,6330,-16,1372,380.67,82.57,77,522278,1347172
f0:91:27:6b:7a:0a,6348,-16,1373,381.44,82.57,1440,523718,1348612
f0:91:27:6b:7a:0a,6349,-17,1374,381.22,82.57,78,523796,1348690
f0:91:27:6b:7a:0a,6350,-18,1375,381.00,82.57,80,523876,1348770
f0:91:27:6b:7a:0a,6351,-16,1376,380.78,82.56,80,523956,1348850
f0:91:27:6b:7a:0a,6353,-16,1377,380.63,82.57,172,524128,1349022
f0:91:27:6b:7a:0a,6366,-16,1378,381.10,82.56,1023,525151,1350045
f0:91:27:6b:7a:0a,6367,-18,1379,380.89,82.56,91,525242,1350136
f0:91:27:6b:7a:0a,6369,-16,1380,380.72,82.56,148,525390,1350284
f0:91:27:6b:7a:0a,6378,-17,1381,380.95,82.55,705,526095,1350989
f0:91:27:6b:7a:0a,6379,-18,1382,380.74,82.55,82,526177,1351071
f0:91:27:6b:7a:0a,6380,-17,1383,380.52,82.55,82,526259,1351153
f0:91:27:6b:7a:0a,6383,-16,1384,380.41,82.55,234,526493,1351387
f0:91:27:6b:7a:0a,6385,-17,1385,380.25,82.55,153,526646,1351540
f0:91:27:6b:7a:0a,6391,-16,1386,380.32,82.54,475,527121,1352015
f0:91:27:6b:7a:0a,6392,-16,1387,380.11,82.54,92,527213,1352107
f0:91:27:6b:7a:0a,6393,-18,1388,379.89,82.54,80,527293,1352187
f0:91:27:6b:7a:0a,6400,-18,1389,380.04,82.54,582,527875,1352769
f0:91:27:6b:7a:0a,6402,-18,1390,379.89,82.55,176,528051,1352945
f0:91:27:6b:7a:0a,6403,-16,1391,379.68,82.55,84,528135,1353029
f0:91:27:6b:7a:0a,6411,-16,1392,379.89,82.55,671,528806,1353700
f0:91:27:6b:7a:0a,6412,-16,1393,379.67,82.55,71,528877,1353771
f0:91:27:6b:7a:0a,6413,-16,1394,379.45,82.55,78,528955,1353849
f0:91:27:6b:7a:0a,6417,-18,1395,379.40,82.54,313,529268,1354162
f0:91:27:6b:7a:0a,6421,-18,1396,379.35,82.54,305,529573,1354467
f0:91:27:6b:7a:0a,6425,-16,1397,379.31,82.54,321,529894,1354788
f0:91:27:6b:7a:0a,6426,-16,1398,379.09,82.54,79,529973,1354867
f0:91:27:6b:7a:0a,6429,-16,1399,378.99,82.54,235,530208,1355102
f0:91:27:6b:7a:0a,6435,-16,1400,379.06,82.53,475,530683,1355577
f0:91:27:6b:7a:0a,6438,-18,1401,378.96,82.53,237,530920,1355814
f0:91:27:6b:7a:0a,6440,-16,1402,378.80,82.53,152,531072,1355966
f0:91:27:6b:7a:0a,6441,-16,1403,378.58,82.53,79,531151,1356045
f0:91:27:6b:7a:0a,6442,-18,1404,378.37,82.53,80,531231,1356125
f0:91:27:6b:7a:0a,6444,-16,1405,378.21,82.53,156,531387,1356281
f0:91:27:6b:7a:0a,6445,-18,1406,378.00,82.53,86,531473,1356367
f0:91:27:6b:7a:0a,6446,-18,1407,377.79,82.53,79,531552,1356446
f0:91:27:6b:7a:0a,6447,-16,1408,377.58,82.53,75,531627,1356521
f0:91:27:6b:7a:0a,6454,-16,1409,377.70,82.52,547,532174,1357068
f0:91:27:6b:7a:0a,6462,-16,1410,377.88,82.52,642,532816,1357710
f0:91:27:6b:7a:0a,6464,-16,1411,377.73,82.52,157,532973,1357867
f0:91:27:6b:7a:0a,6469,-16,1412,377.74,82.51,399,533372,1358266
f0:91:27:6b:7a:0a,6475,-18,1413,377.82,82.51,489,533861,1358755
f0:91:27:6b:7a:0a,6477,-16,1414,377.67,82.51,158,534019,1358913
f0:91:27:6b:7a:0a,6478,-18,1415,377.46,82.51,92,534111,1359005
f0:91:27:6b:7a:0a,6479,-16,1416,377.25,82.51,75,534186,1359080
f0:91:27:6b:7a:0a,6480,-16,1417,377.04,82.51,86,534272,1359166
f0:91:27:6b:7a:0a,6481,-17,1418,376.83,82.51,75,534347,1359241
f0:91:27:6b:7a:0a,6484,-17,1419,376.73,82.51,236,534583,1359477
f0:91:27:6b:7a:0a,6489,-16,1420,376.75,82.51,396,534979,1359873
f0:91:27:6b:7a:0a,6490,-16,1421,376.54,82.51,82,535061,1359955
f0:91:27:6b:7a:0a,6491,-18,1422,376.33,82.51,78,535139,1360033
f0:91:27:6b:7a:0a,6492,-16,1423,376.12,82.51,79,535218,1360112
f0:91:27:6b:7a:0a,6502,-16,1424,376.42,82.50,798,536016,1360910
f0:91:27:6b:7a:0a,6503,-18,1425,376.21,82.50,84,536100,1360994
f0:91:27:6b:7a:0a,6504,-16,1426,376.00,82.50,81,536181,1361075
f0:91:27:6b:7a:0a,6506,-18,1427,375.85,82.50,164,536345,1361239
f0:91:27:6b:7a:0a,6519,-18,1428,376.32,82.50,1036,537381,1362275
f0:91:27:6b:7a:0a,6521,-16,1429,376.16,82.49,154,537535,1362429
f0:91:27:6b:7a:0a,6522,-18,1430,375.95,82.49,79,537614,1362508
f0:91:27:6b:7a:0a,6524,-16,1431,375.81,82.49,166,537780,1362674
f0:91:27:6b:7a:0a,6526,-18,1432,375.65,82.49,147,537927,1362821
f0:91:27:6b:7a:0a,6527,-16,1433,375.45,82.49,88,538015,1362909
f0:91:27:6b:7a:0a,6528,-16,1434,375.24,82.49,72,538087,1362981
f0:91:27:6b:7a:0a,6529,-16,1435,375.03,82.49,74,538161,1363055
f0:91:27:6b:7a:0a,6532,-16,1436,374.93,82.49,239,538400,1363294
f0:91:27:6b:7a:0a,6533,-18,1437,374.73,82.49,82,538482,1363376
f0:91:27:6b:7a:0a,6534,-18,1438,374.52,82.49,76,538558,1363452
f0:91:27:6b:7a:0a,6535,-16,1439,374.31,82.49,75,538633,1363527
f0:91:27:6b:7a:0a,6536,-16,1440,374.11,82.49,79,538712,1363606
f0:91:27:6b:7a:0a,6537,-18,1441,373.91,82.49,86,538798,1363692
f0:91:27:6b:7a:0a,6538,-16,1442,373.70,82.48,76,538874,1363768
f0:91:27:6b:7a:0a,6541,-16,1443,373.60,82.48,228,539102,1363996
f0:91:27:6b:7a:0a,6544,-16,1444,373.51,82.48,246,539348,1364242
f0:91:27:6b:7a:0a,6550,-16,1445,373.57,82.48,460,539808,1364702
f0:91:27:6b:7a:0a,6551,-17,1446,373.36,82.47,72,539880,1364774
f0:91:27:6b:7a:0a,6556,-18,1447,373.39,82.48,421,540301,1365195
f0:91:27:6b:7a:0a,6557,-16,1448,373.19,82.48,81,540382,1365276
f0:91:27:6b:7a:0a,6558,-16,1449,372.99,82.48,83,540465,1365359
f0:91:27:6b:7a:0a,6559,-16,1450,372.80,82.48,99,540564,1365458
f0:91:27:6b:7a:0a,6561,-16,1451,372.66,82.48,168,540732,1365626
f0:91:27:6b:7a:0a,6562,-16,1452,372.47,82.48,94,540826,1365720
f0:91:27:6b:7a:0a,6563,-18,1453,372.27,82.48,86,540912,1365806
f0:91:27:6b:7a:0a,6564,-16,1454,372.08,82.48,94,541006,1365900
f0:91:27:6b:7a:0a,6565,-18,1455,371.88,82.48,80,541086,1365980
f0:91:27:6b:7a:0a,6568,-18,1456,371.81,82.49,273,541359,1366253
f0:91:27:6b:7a:0a,6569,-17,1457,371.62,82.49,95,541454,1366348
f0:91:27:6b:7a:0a,6573,-16,1458,371.63,82.50,379,541833,1366727
f0:91:27:6b:7a:0a,6582,-18,1459,371.94,82.51,828,542661,1367555
f0:91:27:6b:7a:0a,6588,-16,1460,372.07,82.52,568,543229,1368123
f0:91:27:6b:7a:0a,6589,-16,1461,371.88,82.52,90,543319,1368213
f0:91:27:6b:7a:0a,6590,-17,1462,371.69,82.52,89,543408,1368302
f0:91:27:6b:7a:0a,6591,-18,1463,371.50,82.52,101,543509,1368403
f0:91:27:6b:7a:0a,6592,-16,1464,371.31,82.53,93,543602,1368496
f0:91:27:6b:7a:0a,6598,-16,1465,371.43,82.53,543,544145,1369039
f0:91:27:6b:7a:0a,6600,-18,1466,371.31,82.54,191,544336,1369230
f0:91:27:6b:7a:0a,6601,-16,1467,371.12,82.54,94,544430,1369324
f0:91:27:6b:7a:0a,6602,-16,1468,370.93,82.54,91,544521,1369415
f0:91:27:6b:7a:0a,6605,-16,1469,370.87,82.55,291,544812,1369706
f0:91:27:6b:7a:0a,6606,-16,1470,370.68,82.55,86,544898,1369792
f0:91:27:6b:7a:0a,6607,-17,1471,370.49,82.55,91,544989,1369883
f0:91:27:6b:7a:0a,6608,-16,1472,370.30,82.55,98,545087,1369981
f0:91:27:6b:7a:0a,6609,-17,1473,370.12,82.55,100,545187,1370081
f0:91:27:6b:7a:0a,6610,-16,1474,369.94,82.56,98,545285,1370179
