address,packet_id,rssi,count,rx_speed,tx_speed,last_time_elapsed,total_time_elapsed,timestamp
[Recv] <<< 23:c9:cc:4b:a0:3a,20585,-32,1,65.00,65.00,49132,65,49132
[Recv] <<< 23:c9:cc:4b:a0:3a,20586,-35,2,53.50,53.50,42,107,49174
[Recv] <<< 23:c9:cc:4b:a0:3a,20587,-35,3,49.67,49.67,42,149,49216
[Recv] <<< 23:c9:cc:4b:a0:3a,20588,-41,4,47.00,47.00,39,188,49255
[Recv] <<< 23:c9:cc:4b:a0:3a,20591,-35,5,63.20,45.14,128,316,49383
[Recv] <<< 23:c9:cc:4b:a0:3a,20592,-40,6,59.83,44.88,43,359,49426
[Recv] <<< 23:c9:cc:4b:a0:3a,20593,-32,7,56.86,44.22,39,398,49465
[Recv] <<< 23:c9:cc:4b:a0:3a,20594,-35,8,55.00,44.00,42,440,49507
[Recv] <<< 23:c9:cc:4b:a0:3a,20596,-41,9,58.22,43.67,84,524,49591
[Recv] <<< 23:c9:cc:4b:a0:3a,20597,-32,10,57.10,43.92,47,571,49638
[Recv] <<< 23:c9:cc:4b:a0:3a,20598,-32,11,55.18,43.36,36,607,49674
[Recv] <<< 23:c9:cc:4b:a0:3a,20600,-35,12,57.08,42.81,78,685,49752
[Recv] <<< 23:c9:cc:4b:a0:3a,20601,-44,13,55.92,42.76,42,727,49794
[Recv] <<< 23:c9:cc:4b:a0:3a,20602,-32,14,55.14,42.89,45,772,49839
[Recv] <<< 23:c9:cc:4b:a0:3a,20603,-35,15,54.60,43.11,47,819,49886
[Recv] <<< 23:c9:cc:4b:a0:3a,20604,-35,16,53.44,42.75,36,855,49922
[Recv] <<< 23:c9:cc:4b:a0:3a,20605,-43,17,52.94,42.86,45,900,49967
[Recv] <<< 23:c9:cc:4b:a0:3a,20606,-32,18,52.28,42.77,41,941,50008
[Recv] <<< 23:c9:cc:4b:a0:3a,20607,-35,19,51.79,42.78,43,984,50051
[Recv] <<< 23:c9:cc:4b:a0:3a,20608,-35,20,51.40,42.83,44,1028,50095
[Recv] <<< 23:c9:cc:4b:a0:3a,20609,-43,21,50.90,42.76,41,1069,50136
[Recv] <<< 23:c9:cc:4b:a0:3a,20610,-32,22,50.50,42.73,42,1111,50178
[Recv] <<< 23:c9:cc:4b:a0:3a,20611,-34,23,50.26,42.81,45,1156,50223
[Recv] <<< 23:c9:cc:4b:a0:3a,20612,-41,24,50.00,42.86,44,1200,50267
[Recv] <<< 23:c9:cc:4b:a0:3a,20613,-32,25,49.88,43.00,47,1247,50314
[Recv] <<< 23:c9:cc:4b:a0:3a,20615,-35,26,51.12,42.87,82,1329,50396
[Recv] <<< 23:c9:cc:4b:a0:3a,20616,-41,27,50.78,42.84,42,1371,50438
[Recv] <<< 23:c9:cc:4b:a0:3a,20618,-32,28,52.00,42.82,85,1456,50523
[Recv] <<< 23:c9:cc:4b:a0:3a,20619,-35,29,51.62,42.77,41,1497,50564
[Recv] <<< 23:c9:cc:4b:a0:3a,20622,-41,30,54.07,42.68,125,1622,50689
[Recv] <<< 23:c9:cc:4b:a0:3a,20624,-32,31,54.94,42.58,81,1703,50770
[Recv] <<< 23:c9:cc:4b:a0:3a,20625,-32,32,54.28,42.37,34,1737,50804
[Recv] <<< 23:c9:cc:4b:a0:3a,20626,-35,33,53.91,42.36,42,1779,50846
[Recv] <<< 23:c9:cc:4b:a0:3a,20627,-35,34,53.50,42.30,40,1819,50886
[Recv] <<< 23:c9:cc:4b:a0:3a,20628,-41,35,53.23,42.34,44,1863,50930
[Recv] <<< 23:c9:cc:4b:a0:3a,20630,-32,36,53.97,42.24,80,1943,51010
[Recv] <<< 23:c9:cc:4b:a0:3a,20633,-43,37,56.05,42.33,131,2074,51141
[Recv] <<< 23:c9:cc:4b:a0:3a,20636,-35,38,57.74,42.19,120,2194,51261
[Recv] <<< 23:c9:cc:4b:a0:3a,20637,-41,39,57.36,42.21,43,2237,51304
[Recv] <<< 23:c9:cc:4b:a0:3a,20639,-32,40,58.03,42.20,84,2321,51388
[Recv] <<< 23:c9:cc:4b:a0:3a,20640,-32,41,57.59,42.16,40,2361,51428
[Recv] <<< 23:c9:cc:4b:a0:3a,20641,-35,42,57.19,42.14,41,2402,51469
[Recv] <<< 23:c9:cc:4b:a0:3a,20644,-32,43,58.79,42.13,126,2528,51595
[Recv] <<< 23:c9:cc:4b:a0:3a,20646,-35,44,59.39,42.15,85,2613,51680
[Recv] <<< 23:c9:cc:4b:a0:3a,20647,-41,45,58.87,42.05,36,2649,51716
[Recv] <<< 23:c9:cc:4b:a0:3a,20649,-32,46,59.54,42.14,90,2739,51806
[Recv] <<< 23:c9:cc:4b:a0:3a,20650,-35,47,59.09,42.08,38,2777,51844
[Recv] <<< 23:c9:cc:4b:a0:3a,20651,-41,48,58.73,42.07,42,2819,51886
[Recv] <<< 23:c9:cc:4b:a0:3a,20652,-32,49,58.47,42.13,46,2865,51932
[Recv] <<< 23:c9:cc:4b:a0:3a,20655,-41,50,59.82,42.13,126,2991,52058
[Recv] <<< 23:c9:cc:4b:a0:3a,20656,-41,51,59.37,42.06,37,3028,52095
[Recv] <<< 23:c9:cc:4b:a0:3a,20659,-32,52,60.37,41.85,111,3139,52206
[Recv] <<< 23:c9:cc:4b:a0:3a,20661,-35,53,60.74,41.81,80,3219,52286
[Recv] <<< 23:c9:cc:4b:a0:3a,20662,-35,54,60.17,41.65,30,3249,52316
[Recv] <<< 23:c9:cc:4b:a0:3a,20664,-41,55,60.69,41.72,89,3338,52405
[Recv] <<< 23:c9:cc:4b:a0:3a,20665,-41,56,60.18,41.60,32,3370,52437
[Recv] <<< 23:c9:cc:4b:a0:3a,20666,-32,57,59.84,41.60,41,3411,52478
[Recv] <<< 23:c9:cc:4b:a0:3a,20667,-32,58,59.53,41.60,42,3453,52520
[Recv] <<< 23:c9:cc:4b:a0:3a,20669,-41,59,59.86,41.55,79,3532,52599
[Recv] <<< 23:c9:cc:4b:a0:3a,20670,-32,60,59.58,41.57,43,3575,52642
[Recv] <<< 23:c9:cc:4b:a0:3a,20671,-32,61,59.20,41.51,36,3611,52678
[Recv] <<< 23:c9:cc:4b:a0:3a,20672,-35,62,58.90,41.50,41,3652,52719
[Recv] <<< 23:c9:cc:4b:a0:3a,20673,-35,63,58.59,41.47,39,3691,52758
[Recv] <<< 23:c9:cc:4b:a0:3a,20674,-35,64,58.20,41.39,34,3725,52792
[Recv] <<< 23:c9:cc:4b:a0:3a,20675,-41,65,57.97,41.41,43,3768,52835
[Recv] <<< 23:c9:cc:4b:a0:3a,20677,-32,66,58.27,41.35,78,3846,52913
[Recv] <<< 23:c9:cc:4b:a0:3a,20678,-32,67,57.91,41.28,34,3880,52947
[Recv] <<< 23:c9:cc:4b:a0:3a,20679,-35,68,57.74,41.33,46,3926,52993
[Recv] <<< 23:c9:cc:4b:a0:3a,20680,-35,69,57.43,41.28,37,3963,53030
[Recv] <<< 23:c9:cc:4b:a0:3a,20681,-41,70,57.13,41.23,36,3999,53066
[Recv] <<< 23:c9:cc:4b:a0:3a,20682,-32,71,57.04,41.33,51,4050,53117
[Recv] <<< 23:c9:cc:4b:a0:3a,20683,-32,72,56.68,41.22,31,4081,53148
[Recv] <<< 23:c9:cc:4b:a0:3a,20685,-35,73,57.11,41.28,88,4169,53236
[Recv] <<< 23:c9:cc:4b:a0:3a,20686,-41,74,56.82,41.23,36,4205,53272
[Recv] <<< 23:c9:cc:4b:a0:3a,20687,-41,75,56.61,41.22,41,4246,53313
[Recv] <<< 23:c9:cc:4b:a0:3a,20689,-32,76,56.87,41.16,76,4322,53389
[Recv] <<< 23:c9:cc:4b:a0:3a,20690,-32,77,56.64,41.14,39,4361,53428
[Recv] <<< 23:c9:cc:4b:a0:3a,20691,-34,78,56.40,41.11,38,4399,53466
[Recv] <<< 23:c9:cc:4b:a0:3a,20693,-41,79,56.80,41.17,88,4487,53554
[Recv] <<< 23:c9:cc:4b:a0:3a,20696,-32,80,57.47,41.05,111,4598,53665
[Recv] <<< 23:c9:cc:4b:a0:3a,20697,-35,81,57.28,41.06,42,4640,53707
[Recv] <<< 23:c9:cc:4b:a0:3a,20698,-41,82,57.09,41.06,41,4681,53748
[Recv] <<< 23:c9:cc:4b:a0:3a,20699,-41,83,56.89,41.06,41,4722,53789
[Recv] <<< 23:c9:cc:4b:a0:3a,20700,-32,84,56.73,41.08,43,4765,53832
[Recv] <<< 23:c9:cc:4b:a0:3a,20702,-35,85,57.02,41.08,82,4847,53914
[Recv] <<< 23:c9:cc:4b:a0:3a,20703,-41,86,56.88,41.11,45,4892,53959
[Recv] <<< 23:c9:cc:4b:a0:3a,20704,-32,87,56.71,41.12,42,4934,54001
[Recv] <<< 23:c9:cc:4b:a0:3a,20705,-32,88,56.53,41.12,41,4975,54042
[Recv] <<< 23:c9:cc:4b:a0:3a,20706,-35,89,56.42,41.16,46,5021,54088
[Recv] <<< 23:c9:cc:4b:a0:3a,20707,-35,90,56.14,41.08,32,5053,54120
[Recv] <<< 23:c9:cc:4b:a0:3a,20708,-41,91,56.05,41.14,48,5101,54168
[Recv] <<< 23:c9:cc:4b:a0:3a,20709,-32,92,55.84,41.10,36,5137,54204
[Recv] <<< 23:c9:cc:4b:a0:3a,20711,-34,93,56.14,41.11,84,5221,54288
[Recv] <<< 23:c9:cc:4b:a0:3a,20712,-34,94,55.91,41.06,35,5256,54323
[Recv] <<< 23:c9:cc:4b:a0:3a,20713,-40,95,55.80,41.09,45,5301,54368
[Recv] <<< 23:c9:cc:4b:a0:3a,20714,-41,96,55.62,41.08,39,5340,54407
[Recv] <<< 23:c9:cc:4b:a0:3a,20715,-32,97,55.46,41.07,40,5380,54447
[Recv] <<< 23:c9:cc:4b:a0:3a,20717,-35,98,55.70,41.05,79,5459,54526
[Recv] <<< 23:c9:cc:4b:a0:3a,20718,-41,99,55.60,41.07,45,5504,54571
[Recv] <<< 23:c9:cc:4b:a0:3a,20719,-32,100,55.49,41.10,45,5549,54616
[Recv] <<< 23:c9:cc:4b:a0:3a,20720,-32,101,55.37,41.12,43,5592,54659
[Recv] <<< 23:c9:cc:4b:a0:3a,20722,-41,102,55.59,41.09,78,5670,54737
[Recv] <<< 23:c9:cc:4b:a0:3a,20724,-32,103,55.90,41.13,88,5758,54825
[Recv] <<< 23:c9:cc:4b:a0:3a,20726,-34,104,56.15,41.13,82,5840,54907
[Recv] <<< 23:c9:cc:4b:a0:3a,20728,-41,105,56.42,41.14,84,5924,54991
[Recv] <<< 23:c9:cc:4b:a0:3a,20729,-40,106,56.24,41.11,37,5961,55028
[Recv] <<< 23:c9:cc:4b:a0:3a,20730,-32,107,56.07,41.10,39,6000,55067
[Recv] <<< 23:c9:cc:4b:a0:3a,20731,-34,108,55.96,41.12,44,6044,55111
[Recv] <<< 23:c9:cc:4b:a0:3a,20736,-34,109,57.34,41.12,206,6250,55317
[Recv] <<< 23:c9:cc:4b:a0:3a,20737,-41,110,57.24,41.15,46,6296,55363
[Recv] <<< 23:c9:cc:4b:a0:3a,20738,-43,111,57.04,41.11,35,6331,55398
[Recv] <<< 23:c9:cc:4b:a0:3a,20739,-32,112,56.90,41.12,42,6373,55440
[Recv] <<< 23:c9:cc:4b:a0:3a,20740,-32,113,56.72,41.08,36,6409,55476
[Recv] <<< 23:c9:cc:4b:a0:3a,20742,-35,114,56.96,41.10,85,6494,55561
[Recv] <<< 23:c9:cc:4b:a0:3a,20745,-40,115,57.48,41.06,116,6610,55677
[Recv] <<< 23:c9:cc:4b:a0:3a,20746,-32,116,57.36,41.07,44,6654,55721
[Recv] <<< 23:c9:cc:4b:a0:3a,20747,-34,117,57.23,41.08,42,6696,55763
[Recv] <<< 23:c9:cc:4b:a0:3a,20748,-34,118,57.06,41.05,37,6733,55800
[Recv] <<< 23:c9:cc:4b:a0:3a,20749,-41,119,56.91,41.04,39,6772,55839
[Recv] <<< 23:c9:cc:4b:a0:3a,20751,-32,120,57.17,41.08,89,6861,55928
[Recv] <<< 23:c9:cc:4b:a0:3a,20758,-41,121,58.88,40.95,264,7125,56192
[Recv] <<< 23:c9:cc:4b:a0:3a,20759,-41,122,58.76,40.97,44,7169,56236
[Recv] <<< 23:c9:cc:4b:a0:3a,20761,-32,123,58.93,40.95,79,7248,56315
[Recv] <<< 23:c9:cc:4b:a0:3a,20762,-32,124,58.73,40.92,35,7283,56350
[Recv] <<< 23:c9:cc:4b:a0:3a,20763,-32,125,58.54,40.88,34,7317,56384
[Recv] <<< 23:c9:cc:4b:a0:3a,20768,-35,126,59.59,40.80,191,7508,56575
[Recv] <<< 23:c9:cc:4b:a0:3a,20769,-35,127,59.38,40.76,33,7541,56608
[Recv] <<< 23:c9:cc:4b:a0:3a,20771,-43,128,59.52,40.74,77,7618,56685
[Recv] <<< 23:c9:cc:4b:a0:3a,20772,-41,129,59.32,40.70,34,7652,56719
[Recv] <<< 23:c9:cc:4b:a0:3a,20774,-32,130,59.49,40.71,82,7734,56801
[Recv] <<< 23:c9:cc:4b:a0:3a,20775,-32,131,59.31,40.68,35,7769,56836
[Recv] <<< 23:c9:cc:4b:a0:3a,20776,-35,132,59.19,40.69,44,7813,56880
[Recv] <<< 23:c9:cc:4b:a0:3a,20777,-35,133,59.00,40.66,34,7847,56914
[Recv] <<< 23:c9:cc:4b:a0:3a,20778,-41,134,58.92,40.70,48,7895,56962
[Recv] <<< 23:c9:cc:4b:a0:3a,20779,-32,135,58.76,40.68,38,7933,57000
[Recv] <<< 23:c9:cc:4b:a0:3a,20780,-35,136,58.62,40.68,40,7973,57040
[Recv] <<< 23:c9:cc:4b:a0:3a,20781,-35,137,58.52,40.70,44,8017,57084
[Recv] <<< 23:c9:cc:4b:a0:3a,20782,-35,138,58.36,40.68,37,8054,57121
[Recv] <<< 23:c9:cc:4b:a0:3a,20784,-40,139,58.52,40.67,80,8134,57201
[Recv] <<< 23:c9:cc:4b:a0:3a,20785,-41,140,58.37,40.66,38,8172,57239
[Recv] <<< 23:c9:cc:4b:a0:3a,20786,-41,141,58.23,40.65,39,8211,57278
[Recv] <<< 23:c9:cc:4b:a0:3a,20787,-32,142,58.08,40.63,37,8248,57315
[Recv] <<< 23:c9:cc:4b:a0:3a,20788,-32,143,57.88,40.57,29,8277,57344
[Recv] <<< 23:c9:cc:4b:a0:3a,20789,-32,144,57.73,40.55,36,8313,57380
[Recv] <<< 23:c9:cc:4b:a0:3a,20790,-32,145,57.57,40.52,35,8348,57415
[Recv] <<< 23:c9:cc:4b:a0:3a,20792,-34,146,57.69,40.50,75,8423,57490
[Recv] <<< 23:c9:cc:4b:a0:3a,20793,-35,147,57.51,40.45,31,8454,57521
[Recv] <<< 23:c9:cc:4b:a0:3a,20795,-44,148,57.64,40.43,77,8531,57598
[Recv] <<< 23:c9:cc:4b:a0:3a,20796,-41,149,57.49,40.41,35,8566,57633
[Recv] <<< 23:c9:cc:4b:a0:3a,20797,-41,150,57.31,40.36,31,8597,57664
[Recv] <<< 23:c9:cc:4b:a0:3a,20799,-41,151,57.45,40.35,78,8675,57742
[Recv] <<< 23:c9:cc:4b:a0:3a,20800,-41,152,57.25,40.29,27,8702,57769
[Recv] <<< 23:c9:cc:4b:a0:3a,20803,-32,153,57.61,40.25,113,8815,57882
[Recv] <<< 23:c9:cc:4b:a0:3a,20804,-32,154,57.44,40.21,31,8846,57913
[Recv] <<< 23:c9:cc:4b:a0:3a,20805,-32,155,57.31,40.19,37,8883,57950
[Recv] <<< 23:c9:cc:4b:a0:3a,20807,-32,156,57.44,40.18,78,8961,58028
[Recv] <<< 23:c9:cc:4b:a0:3a,20808,-32,157,57.32,40.18,39,9000,58067
[Recv] <<< 23:c9:cc:4b:a0:3a,20809,-32,158,57.18,40.16,35,9035,58102
[Recv] <<< 23:c9:cc:4b:a0:3a,20812,-35,159,57.49,40.09,106,9141,58208
[Recv] <<< 23:c9:cc:4b:a0:3a,20813,-35,160,57.34,40.06,33,9174,58241
[Recv] <<< 23:c9:cc:4b:a0:3a,20814,-34,161,57.21,40.05,37,9211,58278
[Recv] <<< 23:c9:cc:4b:a0:3a,20815,-35,162,57.09,40.03,37,9248,58315
[Recv] <<< 23:c9:cc:4b:a0:3a,20816,-43,163,56.94,40.00,33,9281,58348
[Recv] <<< 23:c9:cc:4b:a0:3a,20817,-41,164,56.83,40.00,39,9320,58387
[Recv] <<< 23:c9:cc:4b:a0:3a,20820,-32,165,57.15,39.95,109,9429,58496
[Recv] <<< 23:c9:cc:4b:a0:3a,20821,-32,166,57.04,39.95,39,9468,58535
[Recv] <<< 23:c9:cc:4b:a0:3a,20822,-32,167,56.91,39.93,36,9504,58571
[Recv] <<< 23:c9:cc:4b:a0:3a,20823,-32,168,56.80,39.92,38,9542,58609
[Recv] <<< 23:c9:cc:4b:a0:3a,20826,-35,169,57.08,39.86,104,9646,58713
[Recv] <<< 23:c9:cc:4b:a0:3a,20827,-35,170,56.98,39.86,40,9686,58753
[Recv] <<< 23:c9:cc:4b:a0:3a,20828,-35,171,56.83,39.83,32,9718,58785
[Recv] <<< 23:c9:cc:4b:a0:3a,20829,-35,172,56.69,39.80,32,9750,58817
[Recv] <<< 23:c9:cc:4b:a0:3a,20830,-35,173,56.57,39.78,36,9786,58853
[Recv] <<< 23:c9:cc:4b:a0:3a,20839,-32,174,58.09,39.64,322,10108,59175
[Recv] <<< 23:c9:cc:4b:a0:3a,20840,-32,175,57.98,39.63,38,10146,59213
[Recv] <<< 23:c9:cc:4b:a0:3a,20841,-32,176,57.80,39.58,27,10173,59240
[Recv] <<< 23:c9:cc:4b:a0:3a,20842,-32,177,57.67,39.57,35,10208,59275
[Recv] <<< 23:c9:cc:4b:a0:3a,20843,-32,178,57.57,39.57,40,10248,59315
[Recv] <<< 23:c9:cc:4b:a0:3a,20845,-35,179,57.68,39.56,76,10324,59391
[Recv] <<< 23:c9:cc:4b:a0:3a,20846,-35,180,57.58,39.56,40,10364,59431
[Recv] <<< 23:c9:cc:4b:a0:3a,20847,-35,181,57.45,39.54,34,10398,59465
[Recv] <<< 23:c9:cc:4b:a0:3a,20848,-35,182,57.31,39.51,32,10430,59497
[Recv] <<< 23:c9:cc:4b:a0:3a,20849,-43,183,57.22,39.51,41,10471,59538
[Recv] <<< 23:c9:cc:4b:a0:3a,20850,-41,184,57.11,39.51,38,10509,59576
[Recv] <<< 23:c9:cc:4b:a0:3a,20851,-41,185,57.02,39.51,39,10548,59615
[Recv] <<< 23:c9:cc:4b:a0:3a,20852,-41,186,56.85,39.46,27,10575,59642
[Recv] <<< 23:c9:cc:4b:a0:3a,20853,-41,187,56.78,39.47,43,10618,59685
[Recv] <<< 23:c9:cc:4b:a0:3a,20854,-41,188,56.65,39.45,33,10651,59718
[Recv] <<< 23:c9:cc:4b:a0:3a,20855,-40,189,56.54,39.44,36,10687,59754
[Recv] <<< 23:c9:cc:4b:a0:3a,20857,-32,190,56.66,39.43,78,10765,59832
[Recv] <<< 23:c9:cc:4b:a0:3a,20858,-32,191,56.54,39.42,35,10800,59867
[Recv] <<< 23:c9:cc:4b:a0:3a,20859,-32,192,56.40,39.38,29,10829,59896
[Recv] <<< 23:c9:cc:4b:a0:3a,20860,-35,193,56.33,39.39,43,10872,59939
[Recv] <<< 23:c9:cc:4b:a0:3a,20863,-35,194,56.58,39.34,104,10976,60043
[Recv] <<< 23:c9:cc:4b:a0:3a,20864,-35,195,56.46,39.32,34,11010,60077
[Recv] <<< 23:c9:cc:4b:a0:3a,20865,-35,196,56.37,39.32,38,11048,60115
[Recv] <<< 23:c9:cc:4b:a0:3a,20867,-41,197,56.48,39.31,78,11126,60193
[Recv] <<< 23:c9:cc:4b:a0:3a,20868,-40,198,56.34,39.28,30,11156,60223
[Recv] <<< 23:c9:cc:4b:a0:3a,20869,-41,199,56.29,39.31,46,11202,60269
[Recv] <<< 23:c9:cc:4b:a0:3a,20870,-41,200,56.16,39.27,30,11232,60299
[Recv] <<< 23:c9:cc:4b:a0:3a,20871,-32,201,56.05,39.25,34,11266,60333
[Recv] <<< 23:c9:cc:4b:a0:3a,20873,-32,202,56.13,39.24,73,11339,60406
[Recv] <<< 23:c9:cc:4b:a0:3a,20874,-32,203,56.07,39.25,43,11382,60449
[Recv] <<< 23:c9:cc:4b:a0:3a,20875,-32,204,55.98,39.24,37,11419,60486
[Recv] <<< 23:c9:cc:4b:a0:3a,20876,-32,205,55.88,39.23,36,11455,60522
[Recv] <<< 23:c9:cc:4b:a0:3a,20877,-32,206,55.77,39.21,34,11489,60556
[Recv] <<< 23:c9:cc:4b:a0:3a,20878,-34,207,55.71,39.22,42,11531,60598
[Recv] <<< 23:c9:cc:4b:a0:3a,20879,-36,208,55.62,39.22,39,11570,60637
[Recv] <<< 23:c9:cc:4b:a0:3a,20881,-41,209,55.73,39.22,77,11647,60714
[Recv] <<< 23:c9:cc:4b:a0:3a,20882,-41,210,55.63,39.20,35,11682,60749
[Recv] <<< 23:c9:cc:4b:a0:3a,20883,-32,211,55.55,39.20,39,11721,60788
[Recv] <<< 23:c9:cc:4b:a0:3a,20884,-32,212,55.45,39.19,35,11756,60823
[Recv] <<< 23:c9:cc:4b:a0:3a,20885,-32,213,55.37,39.18,37,11793,60860
[Recv] <<< 23:c9:cc:4b:a0:3a,20886,-32,214,55.29,39.18,38,11831,60898
[Recv] <<< 23:c9:cc:4b:a0:3a,20889,-32,215,55.53,39.15,109,11940,61007
[Recv] <<< 23:c9:cc:4b:a0:3a,20890,-35,216,55.48,39.16,43,11983,61050
[Recv] <<< 23:c9:cc:4b:a0:3a,20892,-36,217,55.54,39.13,70,12053,61120
[Recv] <<< 23:c9:cc:4b:a0:3a,20893,-35,218,55.44,39.12,34,12087,61154
[Recv] <<< 23:c9:cc:4b:a0:3a,20894,-35,219,55.33,39.09,31,12118,61185
[Recv] <<< 23:c9:cc:4b:a0:3a,20895,-44,220,55.30,39.12,47,12165,61232
[Recv] <<< 23:c9:cc:4b:a0:3a,20897,-45,221,55.39,39.11,76,12241,61308
[Recv] <<< 23:c9:cc:4b:a0:3a,20898,-41,222,55.30,39.10,35,12276,61343
[Recv] <<< 23:c9:cc:4b:a0:3a,20899,-40,223,55.18,39.07,30,12306,61373
[Recv] <<< 23:c9:cc:4b:a0:3a,20902,-32,224,55.48,39.08,121,12427,61494
[Recv] <<< 23:c9:cc:4b:a0:3a,20904,-32,225,55.53,39.05,68,12495,61562
[Recv] <<< 23:c9:cc:4b:a0:3a,20908,-35,226,55.94,39.02,148,12643,61710
[Recv] <<< 23:c9:cc:4b:a0:3a,20909,-36,227,55.85,39.01,34,12677,61744
[Recv] <<< 23:c9:cc:4b:a0:3a,20911,-34,228,55.90,38.98,69,12746,61813
[Recv] <<< 23:c9:cc:4b:a0:3a,20913,-43,229,56.00,38.98,79,12825,61892
[Recv] <<< 23:c9:cc:4b:a0:3a,20914,-40,230,55.92,38.98,37,12862,61929
[Recv] <<< 23:c9:cc:4b:a0:3a,20915,-41,231,55.83,38.96,34,12896,61963
[Recv] <<< 23:c9:cc:4b:a0:3a,20917,-40,232,55.87,38.92,65,12961,62028
[Recv] <<< 23:c9:cc:4b:a0:3a,20919,-32,233,55.96,38.92,77,13038,62105
[Recv] <<< 23:c9:cc:4b:a0:3a,20920,-32,234,55.88,38.92,39,13077,62144
[Recv] <<< 23:c9:cc:4b:a0:3a,20921,-32,235,55.79,38.91,34,13111,62178
[Recv] <<< 23:c9:cc:4b:a0:3a,20922,-32,236,55.71,38.90,37,13148,62215
[Recv] <<< 23:c9:cc:4b:a0:3a,20923,-32,237,55.62,38.89,35,13183,62250
[Recv] <<< 23:c9:cc:4b:a0:3a,20924,-32,238,55.53,38.87,32,13215,62282
[Recv] <<< 23:c9:cc:4b:a0:3a,20927,-32,239,55.74,38.84,106,13321,62388
[Recv] <<< 23:c9:cc:4b:a0:3a,20928,-35,240,55.68,38.85,43,13364,62431
[Recv] <<< 23:c9:cc:4b:a0:3a,20929,-35,241,55.62,38.86,41,13405,62472
[Recv] <<< 23:c9:cc:4b:a0:3a,20930,-35,242,55.52,38.83,31,13436,62503
[Recv] <<< 23:c9:cc:4b:a0:3a,20931,-34,243,55.45,38.83,39,13475,62542
[Recv] <<< 23:c9:cc:4b:a0:3a,20932,-35,244,55.36,38.82,34,13509,62576
[Recv] <<< 23:c9:cc:4b:a0:3a,20934,-34,245,55.42,38.79,69,13578,62645
[Recv] <<< 23:c9:cc:4b:a0:3a,20935,-32,246,55.32,38.77,31,13609,62676
[Recv] <<< 23:c9:cc:4b:a0:3a,20936,-32,247,55.29,38.80,47,13656,62723
[Recv] <<< 23:c9:cc:4b:a0:3a,20937,-32,248,55.19,38.78,32,13688,62755
[Recv] <<< 23:c9:cc:4b:a0:3a,20938,-32,249,55.11,38.77,35,13723,62790
[Recv] <<< 23:c9:cc:4b:a0:3a,20939,-32,250,55.03,38.75,35,13758,62825
[Recv] <<< 23:c9:cc:4b:a0:3a,20940,-32,251,54.98,38.76,42,13800,62867
[Recv] <<< 23:c9:cc:4b:a0:3a,20941,-35,252,54.88,38.74,31,13831,62898
[Recv] <<< 23:c9:cc:4b:a0:3a,20942,-35,253,54.83,38.75,42,13873,62940
[Recv] <<< 23:c9:cc:4b:a0:3a,20945,-40,254,55.06,38.74,112,13985,63052
[Recv] <<< 23:c9:cc:4b:a0:3a,20946,-35,255,54.95,38.71,27,14012,63079
[Recv] <<< 23:c9:cc:4b:a0:3a,20950,-35,256,55.26,38.65,135,14147,63214
[Recv] <<< 23:c9:cc:4b:a0:3a,20952,-35,257,55.31,38.63,68,14215,63282
[Recv] <<< 23:c9:cc:4b:a0:3a,20954,-32,258,55.36,38.60,68,14283,63350
[Recv] <<< 23:c9:cc:4b:a0:3a,20955,-34,259,55.28,38.59,34,14317,63384
[Recv] <<< 23:c9:cc:4b:a0:3a,20957,-34,260,55.36,38.59,76,14393,63460
[Recv] <<< 23:c9:cc:4b:a0:3a,20958,-34,261,55.29,38.59,38,14431,63498
[Recv] <<< 23:c9:cc:4b:a0:3a,20959,-34,262,55.20,38.57,32,14463,63530
[Recv] <<< 23:c9:cc:4b:a0:3a,20962,-32,263,55.37,38.52,99,14562,63629
[Recv] <<< 23:c9:cc:4b:a0:3a,20963,-34,264,55.30,38.52,38,14600,63667
[Recv] <<< 23:c9:cc:4b:a0:3a,20964,-34,265,55.23,38.51,35,14635,63702
[Recv] <<< 23:c9:cc:4b:a0:3a,20965,-34,266,55.17,38.51,39,14674,63741
[Recv] <<< 23:c9:cc:4b:a0:3a,20966,-34,267,55.04,38.47,23,14697,63764
[Recv] <<< 23:c9:cc:4b:a0:3a,20968,-34,268,55.12,38.47,74,14771,63838
[Recv] <<< 23:c9:cc:4b:a0:3a,20969,-34,269,55.03,38.45,32,14803,63870
[Recv] <<< 23:c9:cc:4b:a0:3a,20970,-34,270,54.94,38.43,32,14835,63902
[Recv] <<< 23:c9:cc:4b:a0:3a,20971,-34,271,54.87,38.42,35,14870,63937
[Recv] <<< 23:c9:cc:4b:a0:3a,6,-40,1,375.00,375.00,1428,375,65365
[Recv] <<< 23:c9:cc:4b:a0:3a,8,-32,2,227.00,151.33,79,454,65444
[Recv] <<< 23:c9:cc:4b:a0:3a,9,-32,3,164.33,123.25,39,493,65483
[Recv] <<< 23:c9:cc:4b:a0:3a,10,-32,4,131.25,105.00,32,525,65515
[Recv] <<< 23:c9:cc:4b:a0:3a,11,-32,5,112.40,93.67,37,562,65552
[Recv] <<< 23:c9:cc:4b:a0:3a,12,-34,6,99.83,85.57,37,599,65589
[Recv] <<< 23:c9:cc:4b:a0:3a,13,-34,7,91.14,79.75,39,638,65628
[Recv] <<< 23:c9:cc:4b:a0:3a,15,-41,8,89.12,71.30,75,713,65703
[Recv] <<< 23:c9:cc:4b:a0:3a,22,-34,9,109.56,58.00,273,986,65976
[Recv] <<< 23:c9:cc:4b:a0:3a,27,-35,10,116.10,52.77,175,1161,66151
[Recv] <<< 23:c9:cc:4b:a0:3a,28,-35,11,108.73,52.00,35,1196,66186
[Recv] <<< 23:c9:cc:4b:a0:3a,29,-35,12,102.92,51.46,39,1235,66225
[Recv] <<< 23:c9:cc:4b:a0:3a,30,-35,13,97.38,50.64,31,1266,66256
[Recv] <<< 23:c9:cc:4b:a0:3a,33,-41,14,98.79,49.39,117,1383,66373
[Recv] <<< 23:c9:cc:4b:a0:3a,35,-32,15,96.93,48.47,71,1454,66444
[Recv] <<< 23:c9:cc:4b:a0:3a,38,-35,16,96.88,46.97,96,1550,66540
[Recv] <<< 23:c9:cc:4b:a0:3a,39,-41,17,93.59,46.79,41,1591,66581
[Recv] <<< 23:c9:cc:4b:a0:3a,41,-40,18,92.67,46.33,77,1668,66658
[Recv] <<< 23:c9:cc:4b:a0:3a,42,-43,19,89.42,45.92,31,1699,66689
[Recv] <<< 23:c9:cc:4b:a0:3a,43,-41,20,86.55,45.55,32,1731,66721
[Recv] <<< 23:c9:cc:4b:a0:3a,44,-41,21,84.05,45.26,34,1765,66755
[Recv] <<< 23:c9:cc:4b:a0:3a,45,-41,22,81.73,44.95,33,1798,66788
[Recv] <<< 23:c9:cc:4b:a0:3a,46,-32,23,80.04,44.90,43,1841,66831
[Recv] <<< 23:c9:cc:4b:a0:3a,47,-32,24,77.79,44.45,26,1867,66857
[Recv] <<< 23:c9:cc:4b:a0:3a,48,-32,25,76.00,44.19,33,1900,66890
[Recv] <<< 23:c9:cc:4b:a0:3a,50,-40,26,75.77,43.78,70,1970,66960
[Recv] <<< 23:c9:cc:4b:a0:3a,54,-32,27,78.22,43.10,142,2112,67102
[Recv] <<< 23:c9:cc:4b:a0:3a,55,-32,28,76.68,42.94,35,2147,67137
[Recv] <<< 23:c9:cc:4b:a0:3a,56,-32,29,75.14,42.73,32,2179,67169
[Recv] <<< 23:c9:cc:4b:a0:3a,57,-32,30,73.87,42.62,37,2216,67206
[Recv] <<< 23:c9:cc:4b:a0:3a,58,-32,31,72.52,42.42,32,2248,67238
[Recv] <<< 23:c9:cc:4b:a0:3a,60,-41,32,72.03,41.91,57,2305,67295
[Recv] <<< 23:c9:cc:4b:a0:3a,61,-43,33,70.85,41.75,33,2338,67328
[Recv] <<< 23:c9:cc:4b:a0:3a,62,-41,34,69.85,41.67,37,2375,67365
[Recv] <<< 23:c9:cc:4b:a0:3a,63,-43,35,68.74,41.48,31,2406,67396
[Recv] <<< 23:c9:cc:4b:a0:3a,65,-35,36,68.58,41.15,63,2469,67459
[Recv] <<< 23:c9:cc:4b:a0:3a,66,-35,37,67.59,41.00,32,2501,67491
[Recv] <<< 23:c9:cc:4b:a0:3a,68,-34,38,67.97,41.00,82,2583,67573
[Recv] <<< 23:c9:cc:4b:a0:3a,69,-34,39,66.97,40.81,29,2612,67602
[Recv] <<< 23:c9:cc:4b:a0:3a,70,-35,40,66.05,40.65,30,2642,67632
[Recv] <<< 23:c9:cc:4b:a0:3a,71,-34,41,65.29,40.56,35,2677,67667
[Recv] <<< 23:c9:cc:4b:a0:3a,72,-34,42,64.50,40.43,32,2709,67699
[Recv] <<< 23:c9:cc:4b:a0:3a,73,-32,43,63.79,40.34,34,2743,67733
[Recv] <<< 23:c9:cc:4b:a0:3a,74,-32,44,63.11,40.25,34,2777,67767
[Recv] <<< 23:c9:cc:4b:a0:3a,75,-32,45,62.29,40.04,26,2803,67793
[Recv] <<< 23:c9:cc:4b:a0:3a,78,-41,46,63.00,39.70,95,2898,67888
[Recv] <<< 23:c9:cc:4b:a0:3a,80,-43,47,63.09,39.53,67,2965,67955
[Recv] <<< 23:c9:cc:4b:a0:3a,81,-34,48,62.42,39.42,31,2996,67986
[Recv] <<< 23:c9:cc:4b:a0:3a,83,-32,49,62.37,39.18,60,3056,68046
[Recv] <<< 23:c9:cc:4b:a0:3a,84,-32,50,61.80,39.11,34,3090,68080
[Recv] <<< 23:c9:cc:4b:a0:3a,86,-32,51,61.96,39.01,70,3160,68150
[Recv] <<< 23:c9:cc:4b:a0:3a,87,-32,52,61.46,38.98,36,3196,68186
[Recv] <<< 23:c9:cc:4b:a0:3a,88,-32,53,60.94,38.92,34,3230,68220
[Recv] <<< 23:c9:cc:4b:a0:3a,90,-41,54,61.07,38.80,68,3298,68288
[Recv] <<< 23:c9:cc:4b:a0:3a,91,-41,55,60.49,38.69,29,3327,68317
[Recv] <<< 23:c9:cc:4b:a0:3a,92,-41,56,60.09,38.68,38,3365,68355
[Recv] <<< 23:c9:cc:4b:a0:3a,93,-44,57,59.63,38.62,34,3399,68389
[Recv] <<< 23:c9:cc:4b:a0:3a,94,-43,58,59.26,38.62,38,3437,68427
[Recv] <<< 23:c9:cc:4b:a0:3a,95,-32,59,58.88,38.60,37,3474,68464
[Recv] <<< 23:c9:cc:4b:a0:3a,96,-32,60,58.52,38.58,37,3511,68501
[Recv] <<< 23:c9:cc:4b:a0:3a,99,-43,61,59.13,38.37,96,3607,68597
[Recv] <<< 23:c9:cc:4b:a0:3a,100,-43,62,58.69,38.31,32,3639,68629
[Recv] <<< 23:c9:cc:4b:a0:3a,104,-43,63,59.98,38.17,140,3779,68769
[Recv] <<< 23:c9:cc:4b:a0:3a,105,-41,64,59.55,38.11,32,3811,68801
[Recv] <<< 23:c9:cc:4b:a0:3a,107,-34,65,59.71,38.05,70,3881,68871
[Recv] <<< 23:c9:cc:4b:a0:3a,108,-35,66,59.36,38.04,37,3918,68908
[Recv] <<< 23:c9:cc:4b:a0:3a,109,-35,67,58.87,37.92,26,3944,68934
[Recv] <<< 23:c9:cc:4b:a0:3a,110,-35,68,58.47,37.87,32,3976,68966
[Recv] <<< 23:c9:cc:4b:a0:3a,111,-34,69,58.12,37.83,34,4010,69000
[Recv] <<< 23:c9:cc:4b:a0:3a,112,-32,70,57.77,37.79,34,4044,69034
[Recv] <<< 23:c9:cc:4b:a0:3a,114,-32,71,57.90,37.72,67,4111,69101
[Recv] <<< 23:c9:cc:4b:a0:3a,115,-44,72,57.58,37.69,35,4146,69136
[Recv] <<< 23:c9:cc:4b:a0:3a,116,-43,73,57.22,37.63,31,4177,69167
[Recv] <<< 23:c9:cc:4b:a0:3a,119,-41,74,57.84,37.54,103,4280,69270
[Recv] <<< 23:c9:cc:4b:a0:3a,121,-35,75,57.96,37.47,67,4347,69337
[Recv] <<< 23:c9:cc:4b:a0:3a,122,-35,76,57.67,37.46,36,4383,69373
[Recv] <<< 23:c9:cc:4b:a0:3a,124,-41,77,57.90,37.46,75,4458,69448
[Recv] <<< 23:c9:cc:4b:a0:3a,125,-44,78,57.67,37.48,40,4498,69488
[Recv] <<< 23:c9:cc:4b:a0:3a,126,-41,79,57.35,37.45,33,4531,69521
[Recv] <<< 23:c9:cc:4b:a0:3a,127,-34,80,56.96,37.35,26,4557,69547
[Recv] <<< 23:c9:cc:4b:a0:3a,128,-34,81,56.69,37.33,35,4592,69582
[Recv] <<< 23:c9:cc:4b:a0:3a,129,-35,82,56.41,37.31,34,4626,69616
[Recv] <<< 23:c9:cc:4b:a0:3a,131,-32,83,56.48,37.21,62,4688,69678
[Recv] <<< 23:c9:cc:4b:a0:3a,132,-32,84,56.23,37.19,35,4723,69713
[Recv] <<< 23:c9:cc:4b:a0:3a,133,-32,85,55.88,37.11,27,4750,69740
[Recv] <<< 23:c9:cc:4b:a0:3a,134,-41,86,55.63,37.09,34,4784,69774
[Recv] <<< 23:c9:cc:4b:a0:3a,137,-34,87,56.09,36.97,96,4880,69870
[Recv] <<< 23:c9:cc:4b:a0:3a,138,-35,88,55.86,36.96,36,4916,69906
[Recv] <<< 23:c9:cc:4b:a0:3a,139,-34,89,55.60,36.93,32,4948,69938
[Recv] <<< 23:c9:cc:4b:a0:3a,140,-35,90,55.37,36.91,35,4983,69973
[Recv] <<< 23:c9:cc:4b:a0:3a,142,-34,91,55.53,36.88,70,5053,70043
[Recv] <<< 23:c9:cc:4b:a0:3a,143,-32,92,55.27,36.85,32,5085,70075
[Recv] <<< 23:c9:cc:4b:a0:3a,144,-35,93,55.13,36.88,42,5127,70117
[Recv] <<< 23:c9:cc:4b:a0:3a,146,-32,94,55.17,36.78,59,5186,70176
[Recv] <<< 23:c9:cc:4b:a0:3a,147,-32,95,54.91,36.73,30,5216,70206
[Recv] <<< 23:c9:cc:4b:a0:3a,148,-32,96,54.70,36.72,35,5251,70241
[Recv] <<< 23:c9:cc:4b:a0:3a,149,-32,97,54.47,36.69,33,5284,70274
[Recv] <<< 23:c9:cc:4b:a0:3a,151,-41,98,54.60,36.65,67,5351,70341
[Recv] <<< 23:c9:cc:4b:a0:3a,152,-34,99,54.30,36.57,25,5376,70366
[Recv] <<< 23:c9:cc:4b:a0:3a,153,-34,100,54.15,36.59,39,5415,70405
[Recv] <<< 23:c9:cc:4b:a0:3a,154,-34,101,53.94,36.56,33,5448,70438
[Recv] <<< 23:c9:cc:4b:a0:3a,157,-32,102,54.34,36.47,95,5543,70533
[Recv] <<< 23:c9:cc:4b:a0:3a,158,-32,103,54.14,36.44,33,5576,70566
[Recv] <<< 23:c9:cc:4b:a0:3a,159,-32,104,53.94,36.43,34,5610,70600
[Recv] <<< 23:c9:cc:4b:a0:3a,160,-32,105,53.79,36.44,38,5648,70638
[Recv] <<< 23:c9:cc:4b:a0:3a,161,-32,106,53.59,36.42,33,5681,70671
[Recv] <<< 23:c9:cc:4b:a0:3a,162,-35,107,53.44,36.42,37,5718,70708
[Recv] <<< 23:c9:cc:4b:a0:3a,166,-32,108,54.14,36.32,129,5847,70837
[Recv] <<< 23:c9:cc:4b:a0:3a,167,-32,109,54.01,36.34,40,5887,70877
[Recv] <<< 23:c9:cc:4b:a0:3a,168,-32,110,53.82,36.32,33,5920,70910
[Recv] <<< 23:c9:cc:4b:a0:3a,169,-41,111,53.59,36.27,28,5948,70938
[Recv] <<< 23:c9:cc:4b:a0:3a,170,-43,112,53.37,36.22,29,5977,70967
[Recv] <<< 23:c9:cc:4b:a0:3a,197,-41,113,60.97,35.89,913,6890,71880
[Recv] <<< 23:c9:cc:4b:a0:3a,198,-45,114,60.73,35.87,33,6923,71913
[Recv] <<< 23:c9:cc:4b:a0:3a,200,-35,115,60.77,35.84,66,6989,71979
[Recv] <<< 23:c9:cc:4b:a0:3a,201,-35,116,60.48,35.80,27,7016,72006
[Recv] <<< 23:c9:cc:4b:a0:3a,203,-35,117,60.60,35.81,74,7090,72080
[Recv] <<< 23:c9:cc:4b:a0:3a,204,-35,118,60.31,35.76,27,7117,72107
[Recv] <<< 23:c9:cc:4b:a0:3a,205,-35,119,60.18,35.81,44,7161,72151
[Recv] <<< 23:c9:cc:4b:a0:3a,206,-35,120,59.97,35.80,35,7196,72186
[Recv] <<< 23:c9:cc:4b:a0:3a,207,-35,121,59.76,35.80,35,7231,72221
[Recv] <<< 23:c9:cc:4b:a0:3a,209,-35,122,59.80,35.76,64,7295,72285
[Recv] <<< 23:c9:cc:4b:a0:3a,211,-32,123,59.89,35.76,72,7367,72357
[Recv] <<< 23:c9:cc:4b:a0:3a,222,-41,124,62.40,35.66,371,7738,72728
[Recv] <<< 23:c9:cc:4b:a0:3a,223,-41,125,62.17,35.65,33,7771,72761
[Recv] <<< 23:c9:cc:4b:a0:3a,224,-41,126,61.94,35.63,33,7804,72794
[Recv] <<< 23:c9:cc:4b:a0:3a,225,-34,127,61.68,35.60,29,7833,72823
[Recv] <<< 23:c9:cc:4b:a0:3a,226,-44,128,61.44,35.58,31,7864,72854
[Recv] <<< 23:c9:cc:4b:a0:3a,227,-35,129,61.26,35.59,38,7902,72892
[Recv] <<< 23:c9:cc:4b:a0:3a,228,-35,130,61.03,35.58,32,7934,72924
[Recv] <<< 23:c9:cc:4b:a0:3a,233,-32,131,61.80,35.51,162,8096,73086
[Recv] <<< 23:c9:cc:4b:a0:3a,234,-32,132,61.58,35.49,32,8128,73118
[Recv] <<< 23:c9:cc:4b:a0:3a,235,-32,133,61.39,35.50,37,8165,73155
[Recv] <<< 23:c9:cc:4b:a0:3a,236,-32,134,61.21,35.51,37,8202,73192
[Recv] <<< 23:c9:cc:4b:a0:3a,237,-43,135,60.96,35.47,27,8229,73219
[Recv] <<< 23:c9:cc:4b:a0:3a,239,-41,136,61.00,35.45,67,8296,73286
[Recv] <<< 23:c9:cc:4b:a0:3a,240,-41,137,60.82,35.46,36,8332,73322
[Recv] <<< 23:c9:cc:4b:a0:3a,241,-46,138,60.62,35.44,33,8365,73355
[Recv] <<< 23:c9:cc:4b:a0:3a,243,-41,139,60.69,35.45,71,8436,73426
[Recv] <<< 23:c9:cc:4b:a0:3a,244,-41,140,60.50,35.44,34,8470,73460
[Recv] <<< 23:c9:cc:4b:a0:3a,245,-35,141,60.27,35.41,28,8498,73488
[Recv] <<< 23:c9:cc:4b:a0:3a,246,-41,142,60.17,35.45,46,8544,73534
[Recv] <<< 23:c9:cc:4b:a0:3a,247,-44,143,59.96,35.43,30,8574,73564
[Recv] <<< 23:c9:cc:4b:a0:3a,248,-41,144,59.80,35.44,37,8611,73601
[Recv] <<< 23:c9:cc:4b:a0:3a,249,-45,145,59.59,35.41,29,8640,73630
[Recv] <<< 23:c9:cc:4b:a0:3a,251,-41,146,59.61,35.38,63,8703,73693
[Recv] <<< 23:c9:cc:4b:a0:3a,252,-41,147,59.48,35.40,41,8744,73734
[Recv] <<< 23:c9:cc:4b:a0:3a,253,-41,148,59.34,35.42,39,8783,73773
[Recv] <<< 23:c9:cc:4b:a0:3a,254,-41,149,59.17,35.41,34,8817,73807
[Recv] <<< 23:c9:cc:4b:a0:3a,255,-44,150,58.99,35.40,32,8849,73839
[Recv] <<< 23:c9:cc:4b:a0:3a,256,-41,151,58.81,35.38,32,8881,73871
[Recv] <<< 23:c9:cc:4b:a0:3a,258,-41,152,58.89,35.38,71,8952,73942
[Recv] <<< 23:c9:cc:4b:a0:3a,260,-41,153,58.93,35.36,65,9017,74007
[Recv] <<< 23:c9:cc:4b:a0:3a,261,-41,154,58.76,35.35,32,9049,74039
[Recv] <<< 23:c9:cc:4b:a0:3a,263,-44,155,58.81,35.33,67,9116,74106
[Recv] <<< 23:c9:cc:4b:a0:3a,264,-41,156,58.70,35.36,41,9157,74147
[Recv] <<< 23:c9:cc:4b:a0:3a,266,-41,157,58.77,35.35,70,9227,74217
[Recv] <<< 23:c9:cc:4b:a0:3a,267,-44,158,58.59,35.34,31,9258,74248
[Recv] <<< 23:c9:cc:4b:a0:3a,268,-35,159,58.41,35.31,29,9287,74277
[Recv] <<< 23:c9:cc:4b:a0:3a,269,-35,160,58.23,35.29,30,9317,74307
[Recv] <<< 23:c9:cc:4b:a0:3a,270,-35,161,58.06,35.27,30,9347,74337
[Recv] <<< 23:c9:cc:4b:a0:3a,272,-32,162,58.10,35.25,66,9413,74403
[Recv] <<< 23:c9:cc:4b:a0:3a,273,-34,163,58.00,35.28,41,9454,74444
[Recv] <<< 23:c9:cc:4b:a0:3a,274,-35,164,57.80,35.24,26,9480,74470
[Recv] <<< 23:c9:cc:4b:a0:3a,275,-35,165,57.65,35.23,32,9512,74502
[Recv] <<< 23:c9:cc:4b:a0:3a,276,-35,166,57.53,35.24,38,9550,74540
[Recv] <<< 23:c9:cc:4b:a0:3a,277,-35,167,57.39,35.24,34,9584,74574
[Recv] <<< 23:c9:cc:4b:a0:3a,278,-35,168,57.22,35.21,29,9613,74603
[Recv] <<< 23:c9:cc:4b:a0:3a,279,-35,169,57.09,35.21,35,9648,74638
[Recv] <<< 23:c9:cc:4b:a0:3a,280,-35,170,56.91,35.18,27,9675,74665
[Recv] <<< 23:c9:cc:4b:a0:3a,281,-32,171,56.80,35.19,38,9713,74703
[Recv] <<< 23:c9:cc:4b:a0:3a,282,-32,172,56.61,35.15,24,9737,74727
[Recv] <<< 23:c9:cc:4b:a0:3a,283,-35,173,56.51,35.17,40,9777,74767
[Recv] <<< 23:c9:cc:4b:a0:3a,284,-32,174,56.41,35.18,39,9816,74806
[Recv] <<< 23:c9:cc:4b:a0:3a,285,-32,175,56.25,35.15,27,9843,74833
[Recv] <<< 23:c9:cc:4b:a0:3a,286,-32,176,56.12,35.15,34,9877,74867
[Recv] <<< 23:c9:cc:4b:a0:3a,287,-32,177,56.03,35.17,40,9917,74907
[Recv] <<< 23:c9:cc:4b:a0:3a,288,-32,178,55.88,35.14,29,9946,74936
[Recv] <<< 23:c9:cc:4b:a0:3a,289,-32,179,55.75,35.14,34,9980,74970
[Recv] <<< 23:c9:cc:4b:a0:3a,292,-32,180,56.01,35.13,101,10081,75071
[Recv] <<< 23:c9:cc:4b:a0:3a,293,-32,181,55.90,35.13,37,10118,75108
[Recv] <<< 23:c9:cc:4b:a0:3a,294,-32,182,55.75,35.11,28,10146,75136
[Recv] <<< 23:c9:cc:4b:a0:3a,296,-32,183,55.85,35.12,74,10220,75210
[Recv] <<< 23:c9:cc:4b:a0:3a,299,-46,184,56.04,35.07,92,10312,75302
[Recv] <<< 23:c9:cc:4b:a0:3a,300,-44,185,55.92,35.07,33,10345,75335
[Recv] <<< 23:c9:cc:4b:a0:3a,302,-43,186,56.01,35.07,72,10417,75407
[Recv] <<< 23:c9:cc:4b:a0:3a,304,-35,187,56.03,35.04,60,10477,75467
[Recv] <<< 23:c9:cc:4b:a0:3a,305,-35,188,55.88,35.02,29,10506,75496
[Recv] <<< 23:c9:cc:4b:a0:3a,306,-36,189,55.75,35.01,31,10537,75527
[Recv] <<< 23:c9:cc:4b:a0:3a,308,-42,190,55.87,35.03,78,10615,75605
[Recv] <<< 23:c9:cc:4b:a0:3a,309,-41,191,55.73,35.02,30,10645,75635
[Recv] <<< 23:c9:cc:4b:a0:3a,310,-43,192,55.63,35.02,36,10681,75671
[Recv] <<< 23:c9:cc:4b:a0:3a,311,-41,193,55.51,35.01,33,10714,75704
[Recv] <<< 23:c9:cc:4b:a0:3a,312,-35,194,55.38,35.00,30,10744,75734
[Recv] <<< 23:c9:cc:4b:a0:3a,314,-35,195,55.46,35.00,71,10815,75805
[Recv] <<< 23:c9:cc:4b:a0:3a,315,-35,196,55.32,34.97,27,10842,75832
[Recv] <<< 23:c9:cc:4b:a0:3a,316,-35,197,55.19,34.96,31,10873,75863
[Recv] <<< 23:c9:cc:4b:a0:3a,317,-35,198,55.13,34.98,42,10915,75905
[Recv] <<< 23:c9:cc:4b:a0:3a,318,-44,199,55.04,34.99,38,10953,75943
[Recv] <<< 23:c9:cc:4b:a0:3a,329,-36,200,56.58,34.93,363,11316,76306
[Recv] <<< 23:c9:cc:4b:a0:3a,330,-32,201,56.43,34.90,26,11342,76332
[Recv] <<< 23:c9:cc:4b:a0:3a,331,-32,202,56.33,34.90,37,11379,76369
[Recv] <<< 23:c9:cc:4b:a0:3a,332,-32,203,56.23,34.91,35,11414,76404
[Recv] <<< 23:c9:cc:4b:a0:3a,333,-32,204,56.06,34.87,23,11437,76427
[Recv] <<< 23:c9:cc:4b:a0:3a,336,-32,205,56.32,34.88,108,11545,76535
[Recv] <<< 23:c9:cc:4b:a0:3a,337,-32,206,56.19,34.86,30,11575,76565
[Recv] <<< 23:c9:cc:4b:a0:3a,338,-41,207,56.07,34.86,32,11607,76597
[Recv] <<< 23:c9:cc:4b:a0:3a,339,-41,208,55.99,34.87,38,11645,76635
[Recv] <<< 23:c9:cc:4b:a0:3a,348,-41,209,57.21,34.86,311,11956,76946
[Recv] <<< 23:c9:cc:4b:a0:3a,349,-44,210,57.08,34.84,30,11986,76976
[Recv] <<< 23:c9:cc:4b:a0:3a,350,-41,211,56.97,34.84,34,12020,77010
[Recv] <<< 23:c9:cc:4b:a0:3a,351,-43,212,56.87,34.84,36,12056,77046
[Recv] <<< 23:c9:cc:4b:a0:3a,353,-41,213,56.92,34.84,67,12123,77113
[Recv] <<< 23:c9:cc:4b:a0:3a,355,-36,214,57.09,34.91,94,12217,77207
[Recv] <<< 23:c9:cc:4b:a0:3a,356,-43,215,57.00,34.91,38,12255,77245
[Recv] <<< 23:c9:cc:4b:a0:3a,357,-44,216,56.89,34.91,34,12289,77279
[Recv] <<< 23:c9:cc:4b:a0:3a,358,-41,217,56.79,34.91,34,12323,77313
[Recv] <<< 23:c9:cc:4b:a0:3a,359,-41,218,56.68,34.90,33,12356,77346
[Recv] <<< 23:c9:cc:4b:a0:3a,360,-41,219,56.55,34.88,28,12384,77374
[Recv] <<< 23:c9:cc:4b:a0:3a,361,-32,220,56.48,34.90,41,12425,77415
[Recv] <<< 23:c9:cc:4b:a0:3a,364,-41,221,56.68,34.89,101,12526,77516
[Recv] <<< 23:c9:cc:4b:a0:3a,365,-32,222,56.57,34.89,33,12559,77549
[Recv] <<< 23:c9:cc:4b:a0:3a,366,-41,223,56.46,34.88,31,12590,77580
[Recv] <<< 23:c9:cc:4b:a0:3a,367,-43,224,56.35,34.87,32,12622,77612
[Recv] <<< 23:c9:cc:4b:a0:3a,368,-46,225,56.24,34.86,33,12655,77645
[Recv] <<< 23:c9:cc:4b:a0:3a,369,-46,226,56.16,34.87,37,12692,77682
[Recv] <<< 23:c9:cc:4b:a0:3a,370,-41,227,56.03,34.85,27,12719,77709
[Recv] <<< 23:c9:cc:4b:a0:3a,373,-36,228,56.24,34.84,103,12822,77812
[Recv] <<< 23:c9:cc:4b:a0:3a,374,-47,229,56.16,34.85,39,12861,77851
[Recv] <<< 23:c9:cc:4b:a0:3a,375,-44,230,56.08,34.86,37,12898,77888
[Recv] <<< 23:c9:cc:4b:a0:3a,376,-41,231,55.98,34.86,34,12932,77922
[Recv] <<< 23:c9:cc:4b:a0:3a,377,-43,232,55.90,34.86,37,12969,77959
[Recv] <<< 23:c9:cc:4b:a0:3a,378,-41,233,55.81,34.86,34,13003,77993
[Recv] <<< 23:c9:cc:4b:a0:3a,379,-35,234,55.70,34.85,31,13034,78024
[Recv] <<< 23:c9:cc:4b:a0:3a,380,-35,235,55.62,34.85,36,13070,78060
[Recv] <<< 23:c9:cc:4b:a0:3a,381,-35,236,55.52,34.85,32,13102,78092
[Recv] <<< 23:c9:cc:4b:a0:3a,382,-35,237,55.44,34.85,37,13139,78129
[Recv] <<< 23:c9:cc:4b:a0:3a,383,-35,238,55.34,34.85,33,13172,78162
[Recv] <<< 23:c9:cc:4b:a0:3a,385,-43,239,55.40,34.84,69,13241,78231
[Recv] <<< 23:c9:cc:4b:a0:3a,386,-46,240,55.34,34.86,41,13282,78272
[Recv] <<< 23:c9:cc:4b:a0:3a,387,-41,241,55.26,34.86,35,13317,78307
[Recv] <<< 23:c9:cc:4b:a0:3a,388,-45,242,55.16,34.85,32,13349,78339
[Recv] <<< 23:c9:cc:4b:a0:3a,389,-41,243,55.08,34.85,35,13384,78374
[Recv] <<< 23:c9:cc:4b:a0:3a,390,-41,244,54.97,34.84,29,13413,78403
[Recv] <<< 23:c9:cc:4b:a0:3a,391,-41,245,54.89,34.84,36,13449,78439
[Recv] <<< 23:c9:cc:4b:a0:3a,392,-41,246,54.80,34.83,32,13481,78471
[Recv] <<< 23:c9:cc:4b:a0:3a,393,-43,247,54.71,34.83,32,13513,78503
[Recv] <<< 23:c9:cc:4b:a0:3a,394,-44,248,54.63,34.83,35,13548,78538
[Recv] <<< 23:c9:cc:4b:a0:3a,395,-41,249,54.55,34.83,34,13582,78572
[Recv] <<< 23:c9:cc:4b:a0:3a,396,-41,250,54.46,34.82,34,13616,78606
[Recv] <<< 23:c9:cc:4b:a0:3a,397,-41,251,54.38,34.82,33,13649,78639
[Recv] <<< 23:c9:cc:4b:a0:3a,398,-44,252,54.28,34.81,30,13679,78669
[Recv] <<< 23:c9:cc:4b:a0:3a,400,-34,253,54.34,34.81,69,13748,78738
[Recv] <<< 23:c9:cc:4b:a0:3a,401,-35,254,54.22,34.78,24,13772,78762
[Recv] <<< 23:c9:cc:4b:a0:3a,402,-35,255,54.15,34.78,35,13807,78797
[Recv] <<< 23:c9:cc:4b:a0:3a,403,-35,256,54.08,34.78,37,13844,78834
[Recv] <<< 23:c9:cc:4b:a0:3a,404,-35,257,54.00,34.78,34,13878,78868
[Recv] <<< 23:c9:cc:4b:a0:3a,405,-35,258,53.90,34.77,29,13907,78897
[Recv] <<< 23:c9:cc:4b:a0:3a,406,-32,259,53.80,34.75,28,13935,78925
[Recv] <<< 23:c9:cc:4b:a0:3a,408,-41,260,53.84,34.73,63,13998,78988
[Recv] <<< 23:c9:cc:4b:a0:3a,409,-32,261,53.76,34.73,33,14031,79021
[Recv] <<< 23:c9:cc:4b:a0:3a,410,-32,262,53.68,34.73,33,14064,79054
[Recv] <<< 23:c9:cc:4b:a0:3a,411,-32,263,53.60,34.72,34,14098,79088
[Recv] <<< 23:c9:cc:4b:a0:3a,413,-41,264,53.67,34.73,70,14168,79158
[Recv] <<< 23:c9:cc:4b:a0:3a,415,-45,265,53.69,34.70,59,14227,79217
[Recv] <<< 23:c9:cc:4b:a0:3a,416,-41,266,53.61,34.70,34,14261,79251
[Recv] <<< 23:c9:cc:4b:a0:3a,417,-32,267,53.58,34.72,45,14306,79296
[Recv] <<< 23:c9:cc:4b:a0:3a,418,-32,268,53.51,34.72,34,14340,79330
[Recv] <<< 23:c9:cc:4b:a0:3a,419,-32,269,53.44,34.72,36,14376,79366
[Recv] <<< 23:c9:cc:4b:a0:3a,421,-41,270,53.49,34.72,67,14443,79433
[Recv] <<< 23:c9:cc:4b:a0:3a,422,-41,271,53.43,34.72,36,14479,79469
[Recv] <<< 23:c9:cc:4b:a0:3a,424,-41,272,53.47,34.71,65,14544,79534
[Recv] <<< 23:c9:cc:4b:a0:3a,425,-43,273,53.40,34.71,34,14578,79568
[Recv] <<< 23:c9:cc:4b:a0:3a,426,-46,274,53.32,34.70,31,14609,79599
[Recv] <<< 23:c9:cc:4b:a0:3a,428,-41,275,53.36,34.69,66,14675,79665
[Recv] <<< 23:c9:cc:4b:a0:3a,429,-41,276,53.29,34.69,34,14709,79699
[Recv] <<< 23:c9:cc:4b:a0:3a,430,-41,277,53.22,34.68,32,14741,79731
[Recv] <<< 23:c9:cc:4b:a0:3a,431,-41,278,53.17,34.70,41,14782,79772
[Recv] <<< 23:c9:cc:4b:a0:3a,432,-44,279,53.09,34.69,30,14812,79802
[Recv] <<< 23:c9:cc:4b:a0:3a,433,-43,280,53.02,34.69,34,14846,79836
[Recv] <<< 23:c9:cc:4b:a0:3a,434,-46,281,52.95,34.68,32,14878,79868
[Recv] <<< 23:c9:cc:4b:a0:3a,435,-41,282,52.87,34.67,32,14910,79900
[Recv] <<< 23:c9:cc:4b:a0:3a,436,-41,283,52.82,34.68,39,14949,79939
[Recv] <<< 23:c9:cc:4b:a0:3a,439,-41,284,53.03,34.70,111,15060,80050
[Recv] <<< 23:c9:cc:4b:a0:3a,440,-46,285,52.95,34.69,31,15091,80081
[Recv] <<< 23:c9:cc:4b:a0:3a,441,-41,286,52.86,34.68,28,15119,80109
[Recv] <<< 23:c9:cc:4b:a0:3a,442,-35,287,52.81,34.68,38,15157,80147
[Recv] <<< 23:c9:cc:4b:a0:3a,443,-36,288,52.73,34.67,29,15186,80176
[Recv] <<< 23:c9:cc:4b:a0:3a,444,-35,289,52.69,34.68,40,15226,80216
[Recv] <<< 23:c9:cc:4b:a0:3a,446,-35,290,52.74,34.68,68,15294,80284
[Recv] <<< 23:c9:cc:4b:a0:3a,447,-35,291,52.68,34.69,37,15331,80321
[Recv] <<< 23:c9:cc:4b:a0:3a,448,-35,292,52.64,34.70,41,15372,80362
[Recv] <<< 23:c9:cc:4b:a0:3a,449,-35,293,52.57,34.69,30,15402,80392
[Recv] <<< 23:c9:cc:4b:a0:3a,450,-35,294,52.51,34.69,35,15437,80427
[Recv] <<< 23:c9:cc:4b:a0:3a,451,-32,295,52.41,34.66,23,15460,80450
[Recv] <<< 23:c9:cc:4b:a0:3a,452,-32,296,52.34,34.66,34,15494,80484
[Recv] <<< 23:c9:cc:4b:a0:3a,453,-32,297,52.29,34.67,36,15530,80520
[Recv] <<< 23:c9:cc:4b:a0:3a,454,-32,298,52.23,34.66,34,15564,80554
[Recv] <<< 23:c9:cc:4b:a0:3a,455,-32,299,52.17,34.67,36,15600,80590
[Recv] <<< 23:c9:cc:4b:a0:3a,456,-43,300,52.08,34.65,25,15625,80615
[Recv] <<< 23:c9:cc:4b:a0:3a,457,-32,301,52.06,34.67,45,15670,80660
[Recv] <<< 23:c9:cc:4b:a0:3a,458,-41,302,51.97,34.65,26,15696,80686
[Recv] <<< 23:c9:cc:4b:a0:3a,459,-32,303,51.94,34.67,43,15739,80729
[Recv] <<< 23:c9:cc:4b:a0:3a,460,-32,304,51.89,34.67,35,15774,80764
[Recv] <<< 23:c9:cc:4b:a0:3a,461,-35,305,51.87,34.69,45,15819,80809
[Recv] <<< 23:c9:cc:4b:a0:3a,462,-32,306,51.77,34.67,24,15843,80833
[Recv] <<< 23:c9:cc:4b:a0:3a,464,-35,307,51.85,34.68,76,15919,80909
[Recv] <<< 23:c9:cc:4b:a0:3a,467,-35,308,52.04,34.69,109,16028,81018
[Recv] <<< 23:c9:cc:4b:a0:3a,468,-35,309,51.99,34.70,37,16065,81055
[Recv] <<< 23:c9:cc:4b:a0:3a,469,-35,310,51.91,34.68,28,16093,81083
[Recv] <<< 23:c9:cc:4b:a0:3a,471,-35,311,51.96,34.68,66,16159,81149
[Recv] <<< 23:c9:cc:4b:a0:3a,472,-35,312,51.90,34.68,35,16194,81184
[Recv] <<< 23:c9:cc:4b:a0:3a,476,-35,313,52.19,34.69,143,16337,81327
[Recv] <<< 23:c9:cc:4b:a0:3a,477,-35,314,52.14,34.69,36,16373,81363
[Recv] <<< 23:c9:cc:4b:a0:3a,478,-35,315,52.09,34.69,36,16409,81399
[Recv] <<< 23:c9:cc:4b:a0:3a,479,-35,316,52.03,34.68,31,16440,81430
[Recv] <<< 23:c9:cc:4b:a0:3a,480,-36,317,51.97,34.69,36,16476,81466
[Recv] <<< 23:c9:cc:4b:a0:3a,481,-35,318,51.90,34.67,27,16503,81493
[Recv] <<< 23:c9:cc:4b:a0:3a,482,-35,319,51.85,34.68,37,16540,81530
[Recv] <<< 23:c9:cc:4b:a0:3a,483,-35,320,51.79,34.67,34,16574,81564
[Recv] <<< 23:c9:cc:4b:a0:3a,485,-41,321,51.87,34.69,75,16649,81639
[Recv] <<< 23:c9:cc:4b:a0:3a,492,-44,322,52.46,34.69,243,16892,81882
[Recv] <<< 23:c9:cc:4b:a0:3a,493,-32,323,52.41,34.69,37,16929,81919
[Recv] <<< 23:c9:cc:4b:a0:3a,495,-46,324,52.45,34.68,64,16993,81983
[Recv] <<< 23:c9:cc:4b:a0:3a,496,-43,325,52.36,34.66,25,17018,82008
[Recv] <<< 23:c9:cc:4b:a0:3a,497,-41,326,52.30,34.66,33,17051,82041
[Recv] <<< 23:c9:cc:4b:a0:3a,498,-41,327,52.27,34.67,41,17092,82082
[Recv] <<< 23:c9:cc:4b:a0:3a,499,-41,328,52.22,34.67,35,17127,82117
[Recv] <<< 23:c9:cc:4b:a0:3a,500,-41,329,52.14,34.65,27,17154,82144
[Recv] <<< 23:c9:cc:4b:a0:3a,501,-41,330,52.11,34.67,42,17196,82186
[Recv] <<< 23:c9:cc:4b:a0:3a,502,-43,331,52.03,34.65,27,17223,82213
[Recv] <<< 23:c9:cc:4b:a0:3a,503,-35,332,51.97,34.65,32,17255,82245
[Recv] <<< 23:c9:cc:4b:a0:3a,504,-41,333,51.92,34.65,34,17289,82279
[Recv] <<< 23:c9:cc:4b:a0:3a,507,-44,334,52.07,34.65,103,17392,82382
[Recv] <<< 23:c9:cc:4b:a0:3a,508,-43,335,52.02,34.64,34,17426,82416
[Recv] <<< 23:c9:cc:4b:a0:3a,509,-41,336,51.96,34.64,34,17460,82450
[Recv] <<< 23:c9:cc:4b:a0:3a,511,-43,337,52.04,34.66,76,17536,82526
[Recv] <<< 23:c9:cc:4b:a0:3a,513,-35,338,52.06,34.64,59,17595,82585
[Recv] <<< 23:c9:cc:4b:a0:3a,514,-41,339,52.01,34.64,35,17630,82620
[Recv] <<< 23:c9:cc:4b:a0:3a,515,-36,340,51.96,34.64,35,17665,82655
[Recv] <<< 23:c9:cc:4b:a0:3a,516,-35,341,51.90,34.64,34,17699,82689
[Recv] <<< 23:c9:cc:4b:a0:3a,517,-35,342,51.85,34.63,34,17733,82723
[Recv] <<< 23:c9:cc:4b:a0:3a,518,-36,343,51.80,34.64,35,17768,82758
[Recv] <<< 23:c9:cc:4b:a0:3a,519,-41,344,51.76,34.64,37,17805,82795
[Recv] <<< 23:c9:cc:4b:a0:3a,521,-36,345,51.80,34.63,65,17870,82860
[Recv] <<< 23:c9:cc:4b:a0:3a,522,-35,346,51.76,34.64,39,17909,82899
[Recv] <<< 23:c9:cc:4b:a0:3a,523,-41,347,51.71,34.64,34,17943,82933
[Recv] <<< 23:c9:cc:4b:a0:3a,524,-45,348,51.67,34.65,39,17982,82972
[Recv] <<< 23:c9:cc:4b:a0:3a,525,-35,349,51.60,34.63,28,18010,83000
[Recv] <<< 23:c9:cc:4b:a0:3a,526,-47,350,51.58,34.65,42,18052,83042
[Recv] <<< 23:c9:cc:4b:a0:3a,527,-41,351,51.52,34.64,31,18083,83073
[Recv] <<< 23:c9:cc:4b:a0:3a,529,-41,352,51.58,34.65,74,18157,83147
[Recv] <<< 23:c9:cc:4b:a0:3a,530,-32,353,51.55,34.66,39,18196,83186
[Recv] <<< 23:c9:cc:4b:a0:3a,531,-32,354,51.50,34.66,34,18230,83220
[Recv] <<< 23:c9:cc:4b:a0:3a,537,-46,355,51.91,34.64,197,18427,83417
[Recv] <<< 23:c9:cc:4b:a0:3a,539,-35,356,51.94,34.63,64,18491,83481
[Recv] <<< 23:c9:cc:4b:a0:3a,541,-35,357,51.99,34.62,68,18559,83549
[Recv] <<< 23:c9:cc:4b:a0:3a,543,-35,358,52.05,34.64,75,18634,83624
[Recv] <<< 23:c9:cc:4b:a0:3a,544,-32,359,51.99,34.63,29,18663,83653
[Recv] <<< 23:c9:cc:4b:a0:3a,545,-35,360,51.94,34.63,37,18700,83690
[Recv] <<< 23:c9:cc:4b:a0:3a,556,-35,361,52.85,34.63,380,19080,84070
[Recv] <<< 23:c9:cc:4b:a0:3a,557,-35,362,52.80,34.63,34,19114,84104
[Recv] <<< 23:c9:cc:4b:a0:3a,558,-35,363,52.75,34.63,34,19148,84138
[Recv] <<< 23:c9:cc:4b:a0:3a,559,-41,364,52.71,34.64,40,19188,84178
[Recv] <<< 23:c9:cc:4b:a0:3a,561,-36,365,52.75,34.63,67,19255,84245
[Recv] <<< 23:c9:cc:4b:a0:3a,562,-43,366,52.72,34.64,40,19295,84285
[Recv] <<< 23:c9:cc:4b:a0:3a,563,-35,367,52.65,34.63,29,19324,84314
[Recv] <<< 23:c9:cc:4b:a0:3a,564,-35,368,52.60,34.63,32,19356,84346
[Recv] <<< 23:c9:cc:4b:a0:3a,565,-32,369,52.54,34.62,30,19386,84376
[Recv] <<< 23:c9:cc:4b:a0:3a,566,-32,370,52.48,34.61,31,19417,84407
[Recv] <<< 23:c9:cc:4b:a0:3a,567,-32,371,52.42,34.60,31,19448,84438
[Recv] <<< 23:c9:cc:4b:a0:3a,568,-32,372,52.37,34.60,34,19482,84472
[Recv] <<< 23:c9:cc:4b:a0:3a,569,-32,373,52.34,34.61,40,19522,84512
[Recv] <<< 23:c9:cc:4b:a0:3a,570,-32,374,52.28,34.61,31,19553,84543
[Recv] <<< 23:c9:cc:4b:a0:3a,571,-32,375,52.26,34.62,43,19596,84586
[Recv] <<< 23:c9:cc:4b:a0:3a,573,-32,376,52.30,34.62,69,19665,84655
[Recv] <<< 23:c9:cc:4b:a0:3a,574,-32,377,52.24,34.61,29,19694,84684
[Recv] <<< 23:c9:cc:4b:a0:3a,577,-41,378,52.37,34.61,101,19795,84785
[Recv] <<< 23:c9:cc:4b:a0:3a,578,-41,379,52.30,34.60,28,19823,84813
[Recv] <<< 23:c9:cc:4b:a0:3a,579,-43,380,52.26,34.59,34,19857,84847
[Recv] <<< 23:c9:cc:4b:a0:3a,581,-32,381,52.31,34.60,74,19931,84921
[Recv] <<< 23:c9:cc:4b:a0:3a,582,-43,382,52.27,34.60,36,19967,84957
[Recv] <<< 23:c9:cc:4b:a0:3a,583,-32,383,52.23,34.61,37,20004,84994
[Recv] <<< 23:c9:cc:4b:a0:3a,584,-32,384,52.18,34.61,34,20038,85028
[Recv] <<< 23:c9:cc:4b:a0:3a,586,-46,385,52.22,34.60,66,20104,85094
[Recv] <<< 23:c9:cc:4b:a0:3a,587,-41,386,52.16,34.59,29,20133,85123
[Recv] <<< 23:c9:cc:4b:a0:3a,588,-41,387,52.10,34.59,31,20164,85154
[Recv] <<< 23:c9:cc:4b:a0:3a,589,-41,388,52.06,34.59,34,20198,85188
[Recv] <<< 23:c9:cc:4b:a0:3a,590,-32,389,52.03,34.60,43,20241,85231
[Recv] <<< 23:c9:cc:4b:a0:3a,591,-32,390,51.99,34.60,35,20276,85266
[Recv] <<< 23:c9:cc:4b:a0:3a,592,-32,391,51.93,34.59,30,20306,85296
[Recv] <<< 23:c9:cc:4b:a0:3a,594,-32,392,51.97,34.59,65,20371,85361
[Recv] <<< 23:c9:cc:4b:a0:3a,595,-32,393,51.94,34.60,41,20412,85402
[Recv] <<< 23:c9:cc:4b:a0:3a,596,-32,394,51.88,34.59,28,20440,85430
[Recv] <<< 23:c9:cc:4b:a0:3a,597,-32,395,51.83,34.58,31,20471,85461
[Recv] <<< 23:c9:cc:4b:a0:3a,598,-32,396,51.79,34.58,36,20507,85497
[Recv] <<< 23:c9:cc:4b:a0:3a,600,-35,397,51.85,34.59,77,20584,85574
[Recv] <<< 23:c9:cc:4b:a0:3a,601,-35,398,51.82,34.60,39,20623,85613
[Recv] <<< 23:c9:cc:4b:a0:3a,602,-35,399,51.76,34.59,28,20651,85641
[Recv] <<< 23:c9:cc:4b:a0:3a,604,-36,400,51.81,34.60,75,20726,85716
[Recv] <<< 23:c9:cc:4b:a0:3a,605,-35,401,51.78,34.61,39,20765,85755
[Recv] <<< 23:c9:cc:4b:a0:3a,606,-35,402,51.74,34.61,35,20800,85790
[Recv] <<< 23:c9:cc:4b:a0:3a,607,-35,403,51.70,34.61,37,20837,85827
[Recv] <<< 23:c9:cc:4b:a0:3a,608,-35,404,51.67,34.62,36,20873,85863
[Recv] <<< 23:c9:cc:4b:a0:3a,610,-35,405,51.72,34.62,72,20945,85935
[Recv] <<< 23:c9:cc:4b:a0:3a,611,-41,406,51.67,34.62,35,20980,85970
[Recv] <<< 23:c9:cc:4b:a0:3a,613,-32,407,51.74,34.64,80,21060,86050
[Recv] <<< 23:c9:cc:4b:a0:3a,614,-46,408,51.69,34.63,29,21089,86079
[Recv] <<< 23:c9:cc:4b:a0:3a,615,-41,409,51.63,34.62,29,21118,86108
[Recv] <<< 23:c9:cc:4b:a0:3a,616,-46,410,51.59,34.62,32,21150,86140
[Recv] <<< 23:c9:cc:4b:a0:3a,617,-41,411,51.55,34.62,37,21187,86177
[Recv] <<< 23:c9:cc:4b:a0:3a,618,-41,412,51.50,34.61,31,21218,86208
[Recv] <<< 23:c9:cc:4b:a0:3a,619,-41,413,51.45,34.61,31,21249,86239
[Recv] <<< 23:c9:cc:4b:a0:3a,624,-36,414,51.80,34.64,195,21444,86434
[Recv] <<< 23:c9:cc:4b:a0:3a,625,-35,415,51.77,34.65,40,21484,86474
[Recv] <<< 23:c9:cc:4b:a0:3a,627,-35,416,51.81,34.65,68,21552,86542
[Recv] <<< 23:c9:cc:4b:a0:3a,628,-46,417,51.77,34.65,37,21589,86579
[Recv] <<< 23:c9:cc:4b:a0:3a,629,-43,418,51.74,34.66,38,21627,86617
[Recv] <<< 23:c9:cc:4b:a0:3a,630,-32,419,51.71,34.66,38,21665,86655
[Recv] <<< 23:c9:cc:4b:a0:3a,632,-35,420,51.77,34.68,77,21742,86732
[Recv] <<< 23:c9:cc:4b:a0:3a,633,-35,421,51.72,34.68,34,21776,86766
[Recv] <<< 23:c9:cc:4b:a0:3a,634,-35,422,51.68,34.68,35,21811,86801
[Recv] <<< 23:c9:cc:4b:a0:3a,635,-38,423,51.65,34.68,38,21849,86839
[Recv] <<< 23:c9:cc:4b:a0:3a,636,-35,424,51.60,34.67,30,21879,86869
[Recv] <<< 23:c9:cc:4b:a0:3a,637,-35,425,51.56,34.67,32,21911,86901
[Recv] <<< 23:c9:cc:4b:a0:3a,638,-35,426,51.51,34.67,32,21943,86933
[Recv] <<< 23:c9:cc:4b:a0:3a,640,-41,427,51.58,34.69,83,22026,87016
[Recv] <<< 23:c9:cc:4b:a0:3a,641,-32,428,51.56,34.70,41,22067,87057
[Recv] <<< 23:c9:cc:4b:a0:3a,643,-35,429,51.64,34.72,86,22153,87143
[Recv] <<< 23:c9:cc:4b:a0:3a,645,-45,430,51.70,34.74,78,22231,87221
[Recv] <<< 23:c9:cc:4b:a0:3a,651,-43,431,52.16,34.80,250,22481,87471
[Recv] <<< 23:c9:cc:4b:a0:3a,652,-32,432,52.15,34.82,49,22530,87520
[Recv] <<< 23:c9:cc:4b:a0:3a,653,-32,433,52.10,34.81,30,22560,87550
[Recv] <<< 23:c9:cc:4b:a0:3a,654,-35,434,52.08,34.83,44,22604,87594
[Recv] <<< 23:c9:cc:4b:a0:3a,655,-41,435,52.07,34.85,47,22651,87641
[Recv] <<< 23:c9:cc:4b:a0:3a,656,-43,436,52.03,34.85,34,22685,87675
[Recv] <<< 23:c9:cc:4b:a0:3a,657,-32,437,52.01,34.86,42,22727,87717
[Recv] <<< 23:c9:cc:4b:a0:3a,660,-35,438,52.16,34.88,119,22846,87836
[Recv] <<< 23:c9:cc:4b:a0:3a,661,-35,439,52.12,34.88,35,22881,87871
[Recv] <<< 23:c9:cc:4b:a0:3a,662,-44,440,52.10,34.89,42,22923,87913
[Recv] <<< 23:c9:cc:4b:a0:3a,663,-41,441,52.07,34.90,39,22962,87952
[Recv] <<< 23:c9:cc:4b:a0:3a,664,-32,442,52.05,34.91,43,23005,87995
[Recv] <<< 23:c9:cc:4b:a0:3a,665,-35,443,52.03,34.92,43,23048,88038
[Recv] <<< 23:c9:cc:4b:a0:3a,667,-41,444,52.08,34.93,75,23123,88113
[Recv] <<< 23:c9:cc:4b:a0:3a,670,-32,445,52.22,34.94,115,23238,88228
[Recv] <<< 23:c9:cc:4b:a0:3a,672,-35,446,52.28,34.96,78,23316,88306
[Recv] <<< 23:c9:cc:4b:a0:3a,674,-41,447,52.34,34.97,81,23397,88387
[Recv] <<< 23:c9:cc:4b:a0:3a,675,-32,448,52.33,34.99,48,23445,88435
[Recv] <<< 23:c9:cc:4b:a0:3a,676,-36,449,52.32,35.01,47,23492,88482
[Recv] <<< 23:c9:cc:4b:a0:3a,678,-45,450,52.36,35.01,70,23562,88552
[Recv] <<< 23:c9:cc:4b:a0:3a,679,-43,451,52.34,35.02,42,23604,88594
[Recv] <<< 23:c9:cc:4b:a0:3a,680,-32,452,52.32,35.04,45,23649,88639
[Recv] <<< 23:c9:cc:4b:a0:3a,681,-35,453,52.29,35.04,37,23686,88676
[Recv] <<< 23:c9:cc:4b:a0:3a,682,-43,454,52.28,35.06,47,23733,88723
[Recv] <<< 23:c9:cc:4b:a0:3a,683,-32,455,52.24,35.06,38,23771,88761
[Recv] <<< 23:c9:cc:4b:a0:3a,684,-35,456,52.23,35.08,45,23816,88806
[Recv] <<< 23:c9:cc:4b:a0:3a,686,-32,457,52.31,35.10,88,23904,88894
[Recv] <<< 23:c9:cc:4b:a0:3a,687,-32,458,52.28,35.11,42,23946,88936
[Recv] <<< 23:c9:cc:4b:a0:3a,689,-41,459,52.35,35.13,81,24027,89017
[Recv] <<< 23:c9:cc:4b:a0:3a,690,-32,460,52.33,35.14,47,24074,89064
[Recv] <<< 23:c9:cc:4b:a0:3a,691,-36,461,52.31,35.16,43,24117,89107
[Recv] <<< 23:c9:cc:4b:a0:3a,692,-41,462,52.29,35.17,42,24159,89149
[Recv] <<< 23:c9:cc:4b:a0:3a,693,-47,463,52.26,35.17,37,24196,89186
[Recv] <<< 23:c9:cc:4b:a0:3a,694,-32,464,52.24,35.18,43,24239,89229
[Recv] <<< 23:c9:cc:4b:a0:3a,695,-32,465,52.22,35.19,43,24282,89272
[Recv] <<< 23:c9:cc:4b:a0:3a,696,-35,466,52.19,35.20,39,24321,89311
[Recv] <<< 23:c9:cc:4b:a0:3a,697,-41,467,52.17,35.21,44,24365,89355
[Recv] <<< 23:c9:cc:4b:a0:3a,698,-32,468,52.16,35.22,44,24409,89399
[Recv] <<< 23:c9:cc:4b:a0:3a,700,-35,469,52.24,35.25,90,24499,89489
[Recv] <<< 23:c9:cc:4b:a0:3a,701,-43,470,52.21,35.25,38,24537,89527
[Recv] <<< 23:c9:cc:4b:a0:3a,702,-41,471,52.18,35.26,40,24577,89567
[Recv] <<< 23:c9:cc:4b:a0:3a,703,-32,472,52.17,35.28,46,24623,89613
[Recv] <<< 23:c9:cc:4b:a0:3a,704,-35,473,52.15,35.29,44,24667,89657
[Recv] <<< 23:c9:cc:4b:a0:3a,705,-41,474,52.14,35.31,47,24714,89704
[Recv] <<< 23:c9:cc:4b:a0:3a,706,-32,475,52.11,35.31,40,24754,89744
[Recv] <<< 23:c9:cc:4b:a0:3a,708,-35,476,52.19,35.34,89,24843,89833
[Recv] <<< 23:c9:cc:4b:a0:3a,709,-45,477,52.17,35.35,41,24884,89874
[Recv] <<< 23:c9:cc:4b:a0:3a,711,-32,478,52.23,35.36,83,24967,89957
[Recv] <<< 23:c9:cc:4b:a0:3a,712,-35,479,52.22,35.38,47,25014,90004
[Recv] <<< 23:c9:cc:4b:a0:3a,713,-41,480,52.19,35.38,37,25051,90041
[Recv] <<< 23:c9:cc:4b:a0:3a,714,-32,481,52.18,35.40,46,25097,90087
[Recv] <<< 23:c9:cc:4b:a0:3a,715,-32,482,52.14,35.40,35,25132,90122
[Recv] <<< 23:c9:cc:4b:a0:3a,717,-35,483,52.22,35.42,90,25222,90212
[Recv] <<< 23:c9:cc:4b:a0:3a,718,-41,484,52.19,35.43,39,25261,90251
[Recv] <<< 23:c9:cc:4b:a0:3a,719,-41,485,52.16,35.43,39,25300,90290
[Recv] <<< 23:c9:cc:4b:a0:3a,720,-32,486,52.14,35.44,40,25340,90330
[Recv] <<< 23:c9:cc:4b:a0:3a,721,-35,487,52.11,35.45,39,25379,90369
[Recv] <<< 23:c9:cc:4b:a0:3a,722,-35,488,52.10,35.46,46,25425,90415
[Recv] <<< 23:c9:cc:4b:a0:3a,723,-41,489,52.07,35.46,38,25463,90453
[Recv] <<< 23:c9:cc:4b:a0:3a,724,-32,490,52.06,35.48,46,25509,90499
[Recv] <<< 23:c9:cc:4b:a0:3a,725,-35,491,52.04,35.49,42,25551,90541
[Recv] <<< 23:c9:cc:4b:a0:3a,727,-46,492,52.11,35.51,89,25640,90630
[Recv] <<< 23:c9:cc:4b:a0:3a,728,-32,493,52.09,35.52,42,25682,90672
[Recv] <<< 23:c9:cc:4b:a0:3a,729,-32,494,52.06,35.52,35,25717,90707
[Recv] <<< 23:c9:cc:4b:a0:3a,730,-35,495,52.04,35.53,45,25762,90752
[Recv] <<< 23:c9:cc:4b:a0:3a,731,-46,496,52.02,35.54,42,25804,90794
[Recv] <<< 23:c9:cc:4b:a0:3a,733,-32,497,52.09,35.56,84,25888,90878
[Recv] <<< 23:c9:cc:4b:a0:3a,734,-35,498,52.07,35.57,41,25929,90919
[Recv] <<< 23:c9:cc:4b:a0:3a,735,-41,499,52.06,35.58,47,25976,90966
[Recv] <<< 23:c9:cc:4b:a0:3a,737,-32,500,52.12,35.60,84,26060,91050
[Recv] <<< 23:c9:cc:4b:a0:3a,740,-43,501,52.27,35.63,125,26185,91175
[Recv] <<< 23:c9:cc:4b:a0:3a,741,-32,502,52.26,35.65,50,26235,91225
[Recv] <<< 23:c9:cc:4b:a0:3a,744,-44,503,52.39,35.66,119,26354,91344
[Recv] <<< 23:c9:cc:4b:a0:3a,752,-35,504,52.96,35.73,340,26694,91684
[Recv] <<< 23:c9:cc:4b:a0:3a,753,-44,505,52.94,35.74,39,26733,91723
[Recv] <<< 23:c9:cc:4b:a0:3a,762,-41,506,53.58,35.82,379,27112,92102
[Recv] <<< 23:c9:cc:4b:a0:3a,764,-32,507,53.64,35.83,86,27198,92188
[Recv] <<< 23:c9:cc:4b:a0:3a,765,-35,508,53.62,35.84,43,27241,92231
[Recv] <<< 23:c9:cc:4b:a0:3a,769,-35,509,53.86,35.88,173,27414,92404
[Recv] <<< 23:c9:cc:4b:a0:3a,770,-41,510,53.84,35.90,46,27460,92450
[Recv] <<< 23:c9:cc:4b:a0:3a,771,-32,511,53.81,35.90,36,27496,92486
[Recv] <<< 23:c9:cc:4b:a0:3a,781,-41,512,54.52,35.97,420,27916,92906
[Recv] <<< 23:c9:cc:4b:a0:3a,782,-32,513,54.50,35.98,41,27957,92947
[Recv] <<< 23:c9:cc:4b:a0:3a,783,-35,514,54.48,35.99,46,28003,92993
[Recv] <<< 23:c9:cc:4b:a0:3a,784,-35,515,54.45,36.00,39,28042,93032
[Recv] <<< 23:c9:cc:4b:a0:3a,785,-41,516,54.42,36.00,41,28083,93073
[Recv] <<< 23:c9:cc:4b:a0:3a,786,-43,517,54.38,36.00,33,28116,93106
[Recv] <<< 23:c9:cc:4b:a0:3a,787,-41,518,54.36,36.01,42,28158,93148
[Recv] <<< 23:c9:cc:4b:a0:3a,788,-32,519,54.35,36.03,50,28208,93198
[Recv] <<< 23:c9:cc:4b:a0:3a,789,-34,520,54.32,36.03,37,28245,93235
[Recv] <<< 23:c9:cc:4b:a0:3a,790,-35,521,54.29,36.03,38,28283,93273
[Recv] <<< 23:c9:cc:4b:a0:3a,791,-41,522,54.27,36.04,48,28331,93321
[Recv] <<< 23:c9:cc:4b:a0:3a,792,-46,523,54.24,36.05,38,28369,93359
[Recv] <<< 23:c9:cc:4b:a0:3a,800,-35,524,54.78,36.11,336,28705,93695
[Recv] <<< 23:c9:cc:4b:a0:3a,801,-41,525,54.75,36.11,39,28744,93734
[Recv] <<< 23:c9:cc:4b:a0:3a,805,-41,526,54.97,36.15,172,28916,93906
[Recv] <<< 23:c9:cc:4b:a0:3a,815,-35,527,55.62,36.19,396,29312,94302
[Recv] <<< 23:c9:cc:4b:a0:3a,816,-41,528,55.59,36.19,41,29353,94343
[Recv] <<< 23:c9:cc:4b:a0:3a,817,-41,529,55.57,36.21,46,29399,94389
[Recv] <<< 23:c9:cc:4b:a0:3a,818,-32,530,55.55,36.21,41,29440,94430
[Recv] <<< 23:c9:cc:4b:a0:3a,819,-35,531,55.54,36.23,50,29490,94480
[Recv] <<< 23:c9:cc:4b:a0:3a,820,-35,532,55.50,36.23,34,29524,94514
[Recv] <<< 23:c9:cc:4b:a0:3a,821,-41,533,55.47,36.24,44,29568,94558
[Recv] <<< 23:c9:cc:4b:a0:3a,822,-41,534,55.45,36.24,40,29608,94598
[Recv] <<< 23:c9:cc:4b:a0:3a,823,-32,535,55.42,36.24,40,29648,94638
[Recv] <<< 23:c9:cc:4b:a0:3a,824,-32,536,55.39,36.25,42,29690,94680
[Recv] <<< 23:c9:cc:4b:a0:3a,825,-35,537,55.36,36.25,39,29729,94719
[Recv] <<< 23:c9:cc:4b:a0:3a,826,-35,538,55.33,36.26,37,29766,94756
[Recv] <<< 23:c9:cc:4b:a0:3a,827,-41,539,55.32,36.27,49,29815,94805
[Recv] <<< 23:c9:cc:4b:a0:3a,828,-32,540,55.28,36.27,36,29851,94841
[Recv] <<< 23:c9:cc:4b:a0:3a,829,-32,541,55.26,36.28,43,29894,94884
[Recv] <<< 23:c9:cc:4b:a0:3a,830,-35,542,55.24,36.29,45,29939,94929
[Recv] <<< 23:c9:cc:4b:a0:3a,831,-41,543,55.20,36.29,33,29972,94962
[Recv] <<< 23:c9:cc:4b:a0:3a,849,-32,544,56.46,36.39,742,30714,95704
[Recv] <<< 23:c9:cc:4b:a0:3a,850,-35,545,56.44,36.40,44,30758,95748
[Recv] <<< 23:c9:cc:4b:a0:3a,858,-35,546,56.93,36.44,324,31082,96072
[Recv] <<< 23:c9:cc:4b:a0:3a,860,-41,547,56.95,36.44,72,31154,96144
[Recv] <<< 23:c9:cc:4b:a0:3a,862,-32,548,57.00,36.45,81,31235,96225
[Recv] <<< 23:c9:cc:4b:a0:3a,863,-35,549,56.97,36.46,44,31279,96269
[Recv] <<< 23:c9:cc:4b:a0:3a,864,-35,550,56.94,36.46,36,31315,96305
[Recv] <<< 23:c9:cc:4b:a0:3a,866,-41,551,56.98,36.47,82,31397,96387
[Recv] <<< 23:c9:cc:4b:a0:3a,867,-32,552,56.95,36.47,42,31439,96429
[Recv] <<< 23:c9:cc:4b:a0:3a,869,-41,553,57.00,36.48,81,31520,96510
[Recv] <<< 23:c9:cc:4b:a0:3a,872,-35,554,57.12,36.50,125,31645,96635
[Recv] <<< 23:c9:cc:4b:a0:3a,874,-41,555,57.16,36.51,81,31726,96716
[Recv] <<< 23:c9:cc:4b:a0:3a,875,-41,556,57.13,36.51,41,31767,96757
[Recv] <<< 23:c9:cc:4b:a0:3a,877,-32,557,57.16,36.51,72,31839,96829
[Recv] <<< 23:c9:cc:4b:a0:3a,878,-32,558,57.13,36.52,39,31878,96868
[Recv] <<< 23:c9:cc:4b:a0:3a,879,-35,559,57.11,36.53,48,31926,96916
[Recv] <<< 23:c9:cc:4b:a0:3a,882,-41,560,57.22,36.54,118,32044,97034
[Recv] <<< 23:c9:cc:4b:a0:3a,884,-32,561,57.27,36.55,83,32127,97117
[Recv] <<< 23:c9:cc:4b:a0:3a,885,-35,562,57.23,36.55,37,32164,97154
[Recv] <<< 23:c9:cc:4b:a0:3a,886,-41,563,57.20,36.56,41,32205,97195
[Recv] <<< 23:c9:cc:4b:a0:3a,887,-32,564,57.17,36.56,39,32244,97234
[Recv] <<< 23:c9:cc:4b:a0:3a,888,-32,565,57.13,36.56,36,32280,97270
[Recv] <<< 23:c9:cc:4b:a0:3a,889,-35,566,57.12,36.57,50,32330,97320
[Recv] <<< 23:c9:cc:4b:a0:3a,890,-35,567,57.07,36.57,31,32361,97351
[Recv] <<< 23:c9:cc:4b:a0:3a,892,-41,568,57.13,36.59,91,32452,97442
[Recv] <<< 23:c9:cc:4b:a0:3a,893,-43,569,57.09,36.58,32,32484,97474
[Recv] <<< 23:c9:cc:4b:a0:3a,894,-32,570,57.06,36.58,40,32524,97514
[Recv] <<< 23:c9:cc:4b:a0:3a,895,-32,571,57.03,36.59,42,32566,97556
[Recv] <<< 23:c9:cc:4b:a0:3a,896,-36,572,57.00,36.59,40,32606,97596
[Recv] <<< 23:c9:cc:4b:a0:3a,897,-41,573,56.98,36.60,44,32650,97640
[Recv] <<< 23:c9:cc:4b:a0:3a,901,-45,574,57.17,36.62,165,32815,97805
[Recv] <<< 23:c9:cc:4b:a0:3a,904,-32,575,57.29,36.64,124,32939,97929
[Recv] <<< 23:c9:cc:4b:a0:3a,905,-32,576,57.25,36.64,37,32976,97966
[Recv] <<< 23:c9:cc:4b:a0:3a,906,-35,577,57.22,36.64,39,33015,98005
[Recv] <<< 23:c9:cc:4b:a0:3a,907,-35,578,57.19,36.65,43,33058,98048
[Recv] <<< 23:c9:cc:4b:a0:3a,908,-41,579,57.16,36.65,37,33095,98085
[Recv] <<< 23:c9:cc:4b:a0:3a,916,-35,580,57.62,36.68,325,33420,98410
[Recv] <<< 23:c9:cc:4b:a0:3a,917,-35,581,57.59,36.69,38,33458,98448
[Recv] <<< 23:c9:cc:4b:a0:3a,918,-35,582,57.54,36.68,30,33488,98478
[Recv] <<< 23:c9:cc:4b:a0:3a,919,-35,583,57.51,36.68,40,33528,98518
[Recv] <<< 23:c9:cc:4b:a0:3a,920,-35,584,57.47,36.68,37,33565,98555
[Recv] <<< 23:c9:cc:4b:a0:3a,921,-44,585,57.44,36.69,39,33604,98594
[Recv] <<< 23:c9:cc:4b:a0:3a,923,-44,586,57.48,36.69,79,33683,98673
[Recv] <<< 23:c9:cc:4b:a0:3a,924,-32,587,57.45,36.70,42,33725,98715
[Recv] <<< 23:c9:cc:4b:a0:3a,926,-32,588,57.48,36.70,72,33797,98787
[Recv] <<< 23:c9:cc:4b:a0:3a,927,-35,589,57.45,36.70,40,33837,98827
[Recv] <<< 23:c9:cc:4b:a0:3a,928,-35,590,57.42,36.70,39,33876,98866
[Recv] <<< 23:c9:cc:4b:a0:3a,930,-41,591,57.45,36.70,75,33951,98941
[Recv] <<< 23:c9:cc:4b:a0:3a,931,-44,592,57.41,36.70,35,33986,98976
[Recv] <<< 23:c9:cc:4b:a0:3a,932,-32,593,57.38,36.70,39,34025,99015
[Recv] <<< 23:c9:cc:4b:a0:3a,933,-32,594,57.35,36.71,38,34063,99053
[Recv] <<< 23:c9:cc:4b:a0:3a,935,-35,595,57.38,36.71,78,34141,99131
[Recv] <<< 23:c9:cc:4b:a0:3a,936,-35,596,57.35,36.72,42,34183,99173
[Recv] <<< 23:c9:cc:4b:a0:3a,937,-41,597,57.33,36.72,44,34227,99217
[Recv] <<< 23:c9:cc:4b:a0:3a,938,-44,598,57.30,36.72,37,34264,99254
[Recv] <<< 23:c9:cc:4b:a0:3a,939,-41,599,57.26,36.72,35,34299,99289
[Recv] <<< 23:c9:cc:4b:a0:3a,940,-32,600,57.23,36.72,38,34337,99327
[Recv] <<< 23:c9:cc:4b:a0:3a,942,-32,601,57.26,36.73,75,34412,99402
[Recv] <<< 23:c9:cc:4b:a0:3a,943,-32,602,57.23,36.73,38,34450,99440
[Recv] <<< 23:c9:cc:4b:a0:3a,944,-35,603,57.20,36.73,40,34490,99480
[Recv] <<< 23:c9:cc:4b:a0:3a,945,-35,604,57.17,36.73,38,34528,99518
[Recv] <<< 23:c9:cc:4b:a0:3a,946,-43,605,57.14,36.74,41,34569,99559
[Recv] <<< 23:c9:cc:4b:a0:3a,947,-45,606,57.10,36.73,34,34603,99593
[Recv] <<< 23:c9:cc:4b:a0:3a,948,-32,607,57.08,36.74,43,34646,99636
[Recv] <<< 23:c9:cc:4b:a0:3a,949,-32,608,57.04,36.74,36,34682,99672
[Recv] <<< 23:c9:cc:4b:a0:3a,950,-32,609,57.00,36.73,32,34714,99704
[Recv] <<< 23:c9:cc:4b:a0:3a,952,-35,610,57.04,36.74,79,34793,99783
[Recv] <<< 23:c9:cc:4b:a0:3a,953,-36,611,57.00,36.74,37,34830,99820
[Recv] <<< 23:c9:cc:4b:a0:3a,954,-41,612,56.99,36.75,50,34880,99870
[Recv] <<< 23:c9:cc:4b:a0:3a,955,-41,613,56.95,36.75,31,34911,99901
[Recv] <<< 23:c9:cc:4b:a0:3a,957,-32,614,56.98,36.75,77,34988,99978
[Recv] <<< 23:c9:cc:4b:a0:3a,958,-32,615,56.96,36.76,41,35029,100019
[Recv] <<< 23:c9:cc:4b:a0:3a,960,-35,616,56.98,36.75,72,35101,100091
[Recv] <<< 23:c9:cc:4b:a0:3a,961,-35,617,56.94,36.75,31,35132,100122
[Recv] <<< 23:c9:cc:4b:a0:3a,962,-36,618,56.92,36.76,43,35175,100165
[Recv] <<< 23:c9:cc:4b:a0:3a,963,-35,619,56.88,36.75,34,35209,100199
[Recv] <<< 23:c9:cc:4b:a0:3a,964,-36,620,56.85,36.75,35,35244,100234
[Recv] <<< 23:c9:cc:4b:a0:3a,965,-35,621,56.81,36.75,33,35277,100267
[Recv] <<< 23:c9:cc:4b:a0:3a,966,-36,622,56.77,36.75,35,35312,100302
[Recv] <<< 23:c9:cc:4b:a0:3a,967,-35,623,56.74,36.74,36,35348,100338
[Recv] <<< 23:c9:cc:4b:a0:3a,968,-35,624,56.71,36.75,38,35386,100376
[Recv] <<< 23:c9:cc:4b:a0:3a,969,-35,625,56.68,36.75,37,35423,100413
[Recv] <<< 23:c9:cc:4b:a0:3a,970,-36,626,56.64,36.74,35,35458,100448
[Recv] <<< 23:c9:cc:4b:a0:3a,971,-41,627,56.61,36.74,34,35492,100482
[Recv] <<< 23:c9:cc:4b:a0:3a,972,-46,628,56.57,36.74,33,35525,100515
[Recv] <<< 23:c9:cc:4b:a0:3a,973,-41,629,56.54,36.74,40,35565,100555
[Recv] <<< 23:c9:cc:4b:a0:3a,985,-32,630,57.14,36.73,432,35997,100987
[Recv] <<< 23:c9:cc:4b:a0:3a,986,-32,631,57.10,36.73,31,36028,101018
[Recv] <<< 23:c9:cc:4b:a0:3a,987,-32,632,57.07,36.73,39,36067,101057
[Recv] <<< 23:c9:cc:4b:a0:3a,991,-36,633,57.20,36.72,141,36208,101198
[Recv] <<< 23:c9:cc:4b:a0:3a,992,-35,634,57.15,36.71,28,36236,101226
[Recv] <<< 23:c9:cc:4b:a0:3a,993,-35,635,57.14,36.72,46,36282,101272
[Recv] <<< 23:c9:cc:4b:a0:3a,995,-35,636,57.16,36.72,69,36351,101341
[Recv] <<< 23:c9:cc:4b:a0:3a,997,-41,637,57.18,36.72,74,36425,101415
[Recv] <<< 23:c9:cc:4b:a0:3a,1014,-32,638,58.04,36.70,603,37028,102018
[Recv] <<< 23:c9:cc:4b:a0:3a,1015,-32,639,57.99,36.69,29,37057,102047
[Recv] <<< 23:c9:cc:4b:a0:3a,1018,-45,640,58.05,36.68,97,37154,102144
[Recv] <<< 23:c9:cc:4b:a0:3a,1019,-41,641,58.02,36.68,37,37191,102181
[Recv] <<< 23:c9:cc:4b:a0:3a,1020,-41,642,57.98,36.68,35,37226,102216
[Recv] <<< 23:c9:cc:4b:a0:3a,1036,-36,643,58.79,36.67,579,37805,102795
[Recv] <<< 23:c9:cc:4b:a0:3a,1037,-36,644,58.76,36.67,38,37843,102833
[Recv] <<< 23:c9:cc:4b:a0:3a,1045,-32,645,59.13,36.67,299,38142,103132
[Recv] <<< 23:c9:cc:4b:a0:3a,1046,-32,646,59.10,36.68,38,38180,103170
[Recv] <<< 23:c9:cc:4b:a0:3a,1047,-32,647,59.06,36.67,34,38214,103204
[Recv] <<< 23:c9:cc:4b:a0:3a,1048,-32,648,59.02,36.67,34,38248,103238
[Recv] <<< 23:c9:cc:4b:a0:3a,1071,-32,649,60.21,36.66,830,39078,104068
[Recv] <<< 23:c9:cc:4b:a0:3a,1072,-32,650,60.18,36.66,39,39117,104107
[Recv] <<< 23:c9:cc:4b:a0:3a,1073,-32,651,60.14,36.66,33,39150,104140
[Recv] <<< 23:c9:cc:4b:a0:3a,1075,-36,652,60.17,36.66,78,39228,104218
[Recv] <<< 23:c9:cc:4b:a0:3a,1077,-36,653,60.19,36.66,73,39301,104291
[Recv] <<< 23:c9:cc:4b:a0:3a,1080,-35,654,60.26,36.66,107,39408,104398
[Recv] <<< 23:c9:cc:4b:a0:3a,1084,-41,655,60.38,36.66,143,39551,104541
[Recv] <<< 23:c9:cc:4b:a0:3a,1086,-32,656,60.41,36.66,75,39626,104616
[Recv] <<< 23:c9:cc:4b:a0:3a,1087,-32,657,60.37,36.66,37,39663,104653
[Recv] <<< 23:c9:cc:4b:a0:3a,1088,-32,658,60.33,36.66,37,39700,104690
[Recv] <<< 23:c9:cc:4b:a0:3a,1089,-32,659,60.30,36.66,37,39737,104727
[Recv] <<< 23:c9:cc:4b:a0:3a,1090,-35,660,60.27,36.66,42,39779,104769
[Recv] <<< 23:c9:cc:4b:a0:3a,1091,-35,661,60.23,36.66,31,39810,104800
[Recv] <<< 23:c9:cc:4b:a0:3a,1093,-35,662,60.25,36.66,75,39885,104875
[Recv] <<< 23:c9:cc:4b:a0:3a,1094,-34,663,60.21,36.66,35,39920,104910
[Recv] <<< 23:c9:cc:4b:a0:3a,1095,-35,664,60.17,36.66,34,39954,104944
[Recv] <<< 23:c9:cc:4b:a0:3a,1107,-34,665,60.71,36.64,418,40372,105362
[Recv] <<< 23:c9:cc:4b:a0:3a,1111,-40,666,60.83,36.63,144,40516,105506
[Recv] <<< 23:c9:cc:4b:a0:3a,1113,-41,667,60.85,36.63,68,40584,105574
[Recv] <<< 23:c9:cc:4b:a0:3a,1120,-43,668,61.13,36.62,250,40834,105824
[Recv] <<< 23:c9:cc:4b:a0:3a,1121,-40,669,61.09,36.62,36,40870,105860
[Recv] <<< 23:c9:cc:4b:a0:3a,1124,-43,670,61.14,36.61,96,40966,105956
[Recv] <<< 23:c9:cc:4b:a0:3a,1125,-40,671,61.10,36.61,35,41001,105991
[Recv] <<< 23:c9:cc:4b:a0:3a,1126,-41,672,61.07,36.61,35,41036,106026
[Recv] <<< 23:c9:cc:4b:a0:3a,1128,-40,673,61.08,36.60,70,41106,106096
[Recv] <<< 23:c9:cc:4b:a0:3a,1147,-32,674,61.99,36.58,672,41778,106768
[Recv] <<< 23:c9:cc:4b:a0:3a,1150,-40,675,62.04,36.57,96,41874,106864
[Recv] <<< 23:c9:cc:4b:a0:3a,1151,-41,676,61.99,36.57,32,41906,106896
[Recv] <<< 23:c9:cc:4b:a0:3a,1152,-41,677,61.96,36.57,39,41945,106935
[Recv] <<< 23:c9:cc:4b:a0:3a,1153,-40,678,61.93,36.57,43,41988,106978
[Recv] <<< 23:c9:cc:4b:a0:3a,1154,-32,679,61.89,36.58,37,42025,107015
[Recv] <<< 23:c9:cc:4b:a0:3a,1155,-32,680,61.84,36.57,28,42053,107043
[Recv] <<< 23:c9:cc:4b:a0:3a,1156,-32,681,61.80,36.57,35,42088,107078
[Recv] <<< 23:c9:cc:4b:a0:3a,1157,-32,682,61.76,36.56,29,42117,107107
[Recv] <<< 23:c9:cc:4b:a0:3a,1158,-32,683,61.72,36.56,36,42153,107143
[Recv] <<< 23:c9:cc:4b:a0:3a,1165,-40,684,61.98,36.54,238,42391,107381
[Recv] <<< 23:c9:cc:4b:a0:3a,1190,-35,685,63.14,36.50,861,43252,108242
[Recv] <<< 23:c9:cc:4b:a0:3a,1193,-35,686,63.19,36.49,97,43349,108339
[Recv] <<< 23:c9:cc:4b:a0:3a,1194,-32,687,63.15,36.49,32,43381,108371
[Recv] <<< 23:c9:cc:4b:a0:3a,1195,-32,688,63.10,36.48,34,43415,108405
[Recv] <<< 23:c9:cc:4b:a0:3a,1212,-32,689,63.83,36.43,562,43977,108967
[Recv] <<< 23:c9:cc:4b:a0:3a,1213,-32,690,63.78,36.43,28,44005,108995
[Recv] <<< 23:c9:cc:4b:a0:3a,1217,-32,691,63.88,36.42,137,44142,109132
[Recv] <<< 23:c9:cc:4b:a0:3a,1218,-32,692,63.85,36.43,42,44184,109174
[Recv] <<< 23:c9:cc:4b:a0:3a,1219,-32,693,63.81,36.42,35,44219,109209
[Recv] <<< 23:c9:cc:4b:a0:3a,1220,-32,694,63.76,36.42,33,44252,109242
[Recv] <<< 23:c9:cc:4b:a0:3a,1221,-32,695,63.72,36.42,30,44282,109272
[Recv] <<< 23:c9:cc:4b:a0:3a,1223,-32,696,63.73,36.42,72,44354,109344
[Recv] <<< 23:c9:cc:4b:a0:3a,1224,-41,697,63.68,36.41,33,44387,109377
[Recv] <<< 23:c9:cc:4b:a0:3a,1225,-32,698,63.64,36.41,37,44424,109414
[Recv] <<< 23:c9:cc:4b:a0:3a,1226,-32,699,63.60,36.41,30,44454,109444
[Recv] <<< 23:c9:cc:4b:a0:3a,1227,-32,700,63.56,36.41,38,44492,109482
[Recv] <<< 23:c9:cc:4b:a0:3a,1228,-32,701,63.52,36.41,37,44529,109519
[Recv] <<< 23:c9:cc:4b:a0:3a,1229,-32,702,63.48,36.41,32,44561,109551
[Recv] <<< 23:c9:cc:4b:a0:3a,1230,-32,703,63.44,36.41,40,44601,109591
[Recv] <<< 23:c9:cc:4b:a0:3a,1231,-32,704,63.39,36.40,23,44624,109614
[Recv] <<< 23:c9:cc:4b:a0:3a,1232,-32,705,63.35,36.40,35,44659,109649
[Recv] <<< 23:c9:cc:4b:a0:3a,1233,-32,706,63.30,36.39,29,44688,109678
[Recv] <<< 23:c9:cc:4b:a0:3a,1236,-44,707,63.35,36.38,101,44789,109779
[Recv] <<< 23:c9:cc:4b:a0:3a,1237,-41,708,63.32,36.39,39,44828,109818
[Recv] <<< 23:c9:cc:4b:a0:3a,1238,-41,709,63.28,36.38,34,44862,109852
[Recv] <<< 23:c9:cc:4b:a0:3a,1239,-41,710,63.23,36.38,31,44893,109883
[Recv] <<< 23:c9:cc:4b:a0:3a,1240,-41,711,63.19,36.38,33,44926,109916
[Recv] <<< 23:c9:cc:4b:a0:3a,1241,-41,712,63.14,36.37,33,44959,109949
[Recv] <<< 23:c9:cc:4b:a0:3a,1242,-43,713,63.11,36.38,37,44996,109986
[Recv] <<< 23:c9:cc:4b:a0:3a,1243,-41,714,63.06,36.37,29,45025,110015
[Recv] <<< 23:c9:cc:4b:a0:3a,1244,-41,715,63.02,36.37,33,45058,110048
[Recv] <<< 23:c9:cc:4b:a0:3a,1245,-41,716,62.97,36.36,31,45089,110079
[Recv] <<< 23:c9:cc:4b:a0:3a,1246,-41,717,62.93,36.36,34,45123,110113
[Recv] <<< 23:c9:cc:4b:a0:3a,1247,-41,718,62.89,36.36,32,45155,110145
[Recv] <<< 23:c9:cc:4b:a0:3a,1248,-41,719,62.84,36.35,28,45183,110173
[Recv] <<< 23:c9:cc:4b:a0:3a,1249,-34,720,62.81,36.35,37,45220,110210
[Recv] <<< 23:c9:cc:4b:a0:3a,1250,-35,721,62.77,36.35,37,45257,110247
[Recv] <<< 23:c9:cc:4b:a0:3a,1251,-35,722,62.72,36.34,27,45284,110274
[Recv] <<< 23:c9:cc:4b:a0:3a,1252,-35,723,62.69,36.35,42,45326,110316
[Recv] <<< 23:c9:cc:4b:a0:3a,1253,-34,724,62.64,36.34,26,45352,110342
[Recv] <<< 23:c9:cc:4b:a0:3a,1254,-35,725,62.60,36.34,34,45386,110376
[Recv] <<< 23:c9:cc:4b:a0:3a,1255,-47,726,62.57,36.34,42,45428,110418
[Recv] <<< 23:c9:cc:4b:a0:3a,1256,-41,727,62.54,36.35,41,45469,110459
[Recv] <<< 23:c9:cc:4b:a0:3a,1257,-32,728,62.51,36.35,37,45506,110496
[Recv] <<< 23:c9:cc:4b:a0:3a,1267,-41,729,62.88,36.32,331,45837,110827
[Recv] <<< 23:c9:cc:4b:a0:3a,1269,-35,730,62.88,36.31,64,45901,110891
[Recv] <<< 23:c9:cc:4b:a0:3a,1270,-35,731,62.84,36.31,32,45933,110923
[Recv] <<< 23:c9:cc:4b:a0:3a,1271,-35,732,62.79,36.31,30,45963,110953
[Recv] <<< 23:c9:cc:4b:a0:3a,1273,-32,733,62.79,36.30,61,46024,111014
[Recv] <<< 23:c9:cc:4b:a0:3a,1274,-32,734,62.74,36.29,30,46054,111044
[Recv] <<< 23:c9:cc:4b:a0:3a,1275,-32,735,62.71,36.29,35,46089,111079
[Recv] <<< 23:c9:cc:4b:a0:3a,1276,-32,736,62.66,36.29,31,46120,111110
[Recv] <<< 23:c9:cc:4b:a0:3a,1277,-41,737,62.63,36.29,36,46156,111146
[Recv] <<< 23:c9:cc:4b:a0:3a,1279,-41,738,62.64,36.28,70,46226,111216
[Recv] <<< 23:c9:cc:4b:a0:3a,1281,-41,739,62.64,36.28,62,46288,111278
[Recv] <<< 23:c9:cc:4b:a0:3a,1282,-32,740,62.61,36.28,44,46332,111322
[Recv] <<< 23:c9:cc:4b:a0:3a,1286,-46,741,62.70,36.27,131,46463,111453
[Recv] <<< 23:c9:cc:4b:a0:3a,1287,-41,742,62.65,36.26,27,46490,111480
[Recv] <<< 23:c9:cc:4b:a0:3a,1288,-44,743,62.62,36.27,39,46529,111519
[Recv] <<< 23:c9:cc:4b:a0:3a,1291,-45,744,62.67,36.26,95,46624,111614
[Recv] <<< 23:c9:cc:4b:a0:3a,1292,-41,745,62.62,36.25,30,46654,111644
[Recv] <<< 23:c9:cc:4b:a0:3a,1293,-41,746,62.59,36.25,36,46690,111680
[Recv] <<< 23:c9:cc:4b:a0:3a,1294,-43,747,62.55,36.25,36,46726,111716
[Recv] <<< 23:c9:cc:4b:a0:3a,1295,-43,748,62.51,36.24,30,46756,111746
[Recv] <<< 23:c9:cc:4b:a0:3a,1297,-44,749,62.53,36.25,77,46833,111823
[Recv] <<< 23:c9:cc:4b:a0:3a,1299,-32,750,62.54,36.25,72,46905,111895
[Recv] <<< 23:c9:cc:4b:a0:3a,1300,-32,751,62.51,36.25,42,46947,111937
[Recv] <<< 23:c9:cc:4b:a0:3a,1301,-32,752,62.47,36.25,28,46975,111965
[Recv] <<< 23:c9:cc:4b:a0:3a,1302,-46,753,62.43,36.24,34,47009,111999
[Recv] <<< 23:c9:cc:4b:a0:3a,1303,-41,754,62.40,36.24,37,47046,112036
[Recv] <<< 23:c9:cc:4b:a0:3a,1308,-47,755,62.54,36.24,172,47218,112208
[Recv] <<< 23:c9:cc:4b:a0:3a,1310,-32,756,62.56,36.24,79,47297,112287
[Recv] <<< 23:c9:cc:4b:a0:3a,1311,-32,757,62.52,36.24,30,47327,112317
[Recv] <<< 23:c9:cc:4b:a0:3a,1312,-32,758,62.47,36.23,29,47356,112346
[Recv] <<< 23:c9:cc:4b:a0:3a,1313,-41,759,62.44,36.23,39,47395,112385
[Recv] <<< 23:c9:cc:4b:a0:3a,1314,-41,760,62.41,36.23,33,47428,112418
[Recv] <<< 23:c9:cc:4b:a0:3a,1315,-41,761,62.36,36.23,28,47456,112446
[Recv] <<< 23:c9:cc:4b:a0:3a,1316,-43,762,62.33,36.23,38,47494,112484
[Recv] <<< 23:c9:cc:4b:a0:3a,1327,-32,763,62.72,36.20,359,47853,112843
[Recv] <<< 23:c9:cc:4b:a0:3a,1328,-32,764,62.68,36.20,37,47890,112880
[Recv] <<< 23:c9:cc:4b:a0:3a,1329,-32,765,62.65,36.20,35,47925,112915
[Recv] <<< 23:c9:cc:4b:a0:3a,1330,-32,766,62.62,36.20,39,47964,112954
[Recv] <<< 23:c9:cc:4b:a0:3a,1331,-32,767,62.58,36.20,32,47996,112986
[Recv] <<< 23:c9:cc:4b:a0:3a,1332,-32,768,62.54,36.20,35,48031,113021
[Recv] <<< 23:c9:cc:4b:a0:3a,1333,-41,769,62.49,36.19,25,48056,113046
[Recv] <<< 23:c9:cc:4b:a0:3a,1335,-44,770,62.50,36.19,71,48127,113117
[Recv] <<< 23:c9:cc:4b:a0:3a,1336,-32,771,62.47,36.19,38,48165,113155
[Recv] <<< 23:c9:cc:4b:a0:3a,1338,-32,772,62.48,36.19,71,48236,113226
[Recv] <<< 23:c9:cc:4b:a0:3a,1339,-32,773,62.46,36.19,44,48280,113270
[Recv] <<< 23:c9:cc:4b:a0:3a,1341,-32,774,62.46,36.18,63,48343,113333
[Recv] <<< 23:c9:cc:4b:a0:3a,1342,-32,775,62.42,36.18,32,48375,113365
[Recv] <<< 23:c9:cc:4b:a0:3a,1344,-41,776,62.42,36.18,65,48440,113430
[Recv] <<< 23:c9:cc:4b:a0:3a,1345,-41,777,62.38,36.17,31,48471,113461
[Recv] <<< 23:c9:cc:4b:a0:3a,1346,-41,778,62.35,36.17,39,48510,113500
[Recv] <<< 23:c9:cc:4b:a0:3a,1347,-43,779,62.31,36.17,29,48539,113529
[Recv] <<< 23:c9:cc:4b:a0:3a,1348,-44,780,62.28,36.17,38,48577,113567
[Recv] <<< 23:c9:cc:4b:a0:3a,1349,-41,781,62.24,36.17,29,48606,113596
[Recv] <<< 23:c9:cc:4b:a0:3a,1350,-41,782,62.20,36.16,31,48637,113627
[Recv] <<< 23:c9:cc:4b:a0:3a,1351,-41,783,62.16,36.16,34,48671,113661
[Recv] <<< 23:c9:cc:4b:a0:3a,1355,-41,784,62.25,36.15,136,48807,113797
[Recv] <<< 23:c9:cc:4b:a0:3a,1356,-41,785,62.21,36.15,30,48837,113827
[Recv] <<< 23:c9:cc:4b:a0:3a,1359,-35,786,62.26,36.14,99,48936,113926
[Recv] <<< 23:c9:cc:4b:a0:3a,1360,-35,787,62.23,36.14,37,48973,113963
[Recv] <<< 23:c9:cc:4b:a0:3a,1361,-35,788,62.18,36.14,27,49000,113990
[Recv] <<< 23:c9:cc:4b:a0:3a,1362,-34,789,62.14,36.13,31,49031,114021
[Recv] <<< 23:c9:cc:4b:a0:3a,1363,-35,790,62.11,36.13,36,49067,114057
[Recv] <<< 23:c9:cc:4b:a0:3a,1366,-35,791,62.16,36.13,100,49167,114157
[Recv] <<< 23:c9:cc:4b:a0:3a,1367,-32,792,62.12,36.12,32,49199,114189
[Recv] <<< 23:c9:cc:4b:a0:3a,1368,-34,793,62.09,36.12,39,49238,114228
[Recv] <<< 23:c9:cc:4b:a0:3a,1371,-32,794,62.13,36.12,96,49334,114324
[Recv] <<< 23:c9:cc:4b:a0:3a,1372,-34,795,62.09,36.11,30,49364,114354
[Recv] <<< 23:c9:cc:4b:a0:3a,1373,-41,796,62.07,36.12,43,49407,114397
[Recv] <<< 23:c9:cc:4b:a0:3a,1374,-41,797,62.04,36.12,39,49446,114436
[Recv] <<< 23:c9:cc:4b:a0:3a,1375,-44,798,62.01,36.12,34,49480,114470
[Recv] <<< 23:c9:cc:4b:a0:3a,1376,-41,799,61.97,36.11,33,49513,114503
[Recv] <<< 23:c9:cc:4b:a0:3a,1377,-43,800,61.93,36.11,33,49546,114536
[Recv] <<< 23:c9:cc:4b:a0:3a,1379,-34,801,61.94,36.11,66,49612,114602
[Recv] <<< 23:c9:cc:4b:a0:3a,1380,-35,802,61.90,36.11,35,49647,114637
[Recv] <<< 23:c9:cc:4b:a0:3a,1381,-34,803,61.87,36.10,32,49679,114669
[Recv] <<< 23:c9:cc:4b:a0:3a,1382,-35,804,61.84,36.11,39,49718,114708
[Recv] <<< 23:c9:cc:4b:a0:3a,1384,-35,805,61.85,36.11,71,49789,114779
[Recv] <<< 23:c9:cc:4b:a0:3a,1385,-35,806,61.81,36.10,31,49820,114810
[Recv] <<< 23:c9:cc:4b:a0:3a,1386,-35,807,61.77,36.10,32,49852,114842
[Recv] <<< 23:c9:cc:4b:a0:3a,1387,-35,808,61.74,36.10,33,49885,114875
[Recv] <<< 23:c9:cc:4b:a0:3a,1388,-35,809,61.70,36.09,31,49916,114906
[Recv] <<< 23:c9:cc:4b:a0:3a,1389,-35,810,61.67,36.09,37,49953,114943
[Recv] <<< 23:c9:cc:4b:a0:3a,1390,-36,811,61.63,36.09,31,49984,114974
[Recv] <<< 23:c9:cc:4b:a0:3a,1391,-34,812,61.60,36.09,33,50017,115007
[Recv] <<< 23:c9:cc:4b:a0:3a,1392,-35,813,61.57,36.09,39,50056,115046
[Recv] <<< 23:c9:cc:4b:a0:3a,1393,-35,814,61.54,36.09,37,50093,115083
[Recv] <<< 23:c9:cc:4b:a0:3a,1411,-35,815,62.20,36.06,601,50694,115684
[Recv] <<< 23:c9:cc:4b:a0:3a,1412,-43,816,62.17,36.06,38,50732,115722
[Recv] <<< 23:c9:cc:4b:a0:3a,1414,-35,817,62.18,36.05,67,50799,115789
[Recv] <<< 23:c9:cc:4b:a0:3a,1415,-35,818,62.13,36.04,23,50822,115812
[Recv] <<< 23:c9:cc:4b:a0:3a,1416,-35,819,62.10,36.04,36,50858,115848
[Recv] <<< 23:c9:cc:4b:a0:3a,1417,-35,820,62.06,36.04,35,50893,115883
[Recv] <<< 23:c9:cc:4b:a0:3a,1418,-35,821,62.03,36.04,32,50925,115915
[Recv] <<< 23:c9:cc:4b:a0:3a,1424,-32,822,62.19,36.03,195,51120,116110
[Recv] <<< 23:c9:cc:4b:a0:3a,1425,-32,823,62.15,36.02,29,51149,116139
[Recv] <<< 23:c9:cc:4b:a0:3a,1426,-32,824,62.11,36.02,33,51182,116172
[Recv] <<< 23:c9:cc:4b:a0:3a,1427,-41,825,62.08,36.01,31,51213,116203
[Recv] <<< 23:c9:cc:4b:a0:3a,1428,-41,826,62.04,36.01,33,51246,116236
[Recv] <<< 23:c9:cc:4b:a0:3a,1429,-43,827,62.00,36.01,30,51276,116266
[Recv] <<< 23:c9:cc:4b:a0:3a,1430,-44,828,61.97,36.01,35,51311,116301
[Recv] <<< 23:c9:cc:4b:a0:3a,1438,-32,829,62.24,36.01,288,51599,116589
[Recv] <<< 23:c9:cc:4b:a0:3a,1439,-32,830,62.20,36.00,31,51630,116620
[Recv] <<< 23:c9:cc:4b:a0:3a,1440,-32,831,62.17,36.00,31,51661,116651
[Recv] <<< 23:c9:cc:4b:a0:3a,1441,-32,832,62.13,36.00,29,51690,116680
[Recv] <<< 23:c9:cc:4b:a0:3a,1442,-32,833,62.10,36.00,37,51727,116717
[Recv] <<< 23:c9:cc:4b:a0:3a,1445,-43,834,62.14,35.99,100,51827,116817
[Recv] <<< 23:c9:cc:4b:a0:3a,1446,-41,835,62.11,35.99,33,51860,116850
[Recv] <<< 23:c9:cc:4b:a0:3a,1447,-35,836,62.06,35.98,26,51886,116876
[Recv] <<< 23:c9:cc:4b:a0:3a,1480,-35,837,63.31,35.93,1106,52992,117982
[Recv] <<< 23:c9:cc:4b:a0:3a,1481,-35,838,63.27,35.92,30,53022,118012
[Recv] <<< 23:c9:cc:4b:a0:3a,1482,-35,839,63.23,35.92,32,53054,118044
[Recv] <<< 23:c9:cc:4b:a0:3a,1500,-35,840,63.87,35.89,600,53654,118644
[Recv] <<< 23:c9:cc:4b:a0:3a,1501,-35,841,63.84,35.89,37,53691,118681
[Recv] <<< 23:c9:cc:4b:a0:3a,1502,-35,842,63.80,35.88,27,53718,118708
[Recv] <<< 23:c9:cc:4b:a0:3a,1503,-35,843,63.77,35.89,38,53756,118746
[Recv] <<< 23:c9:cc:4b:a0:3a,1504,-34,844,63.73,35.88,29,53785,118775
[Recv] <<< 23:c9:cc:4b:a0:3a,1505,-36,845,63.69,35.88,31,53816,118806
[Recv] <<< 23:c9:cc:4b:a0:3a,1506,-35,846,63.65,35.88,33,53849,118839
[Recv] <<< 23:c9:cc:4b:a0:3a,1507,-46,847,63.63,35.88,43,53892,118882
[Recv] <<< 23:c9:cc:4b:a0:3a,1508,-41,848,63.60,35.88,38,53930,118920
[Recv] <<< 23:c9:cc:4b:a0:3a,1509,-41,849,63.56,35.88,33,53963,118953
[Recv] <<< 23:c9:cc:4b:a0:3a,1510,-35,850,63.52,35.87,27,53990,118980
[Recv] <<< 23:c9:cc:4b:a0:3a,1522,-34,851,63.92,35.86,409,54399,119389
[Recv] <<< 23:c9:cc:4b:a0:3a,1523,-34,852,63.88,35.85,23,54422,119412
[Recv] <<< 23:c9:cc:4b:a0:3a,1524,-35,853,63.84,35.85,33,54455,119445
[Recv] <<< 23:c9:cc:4b:a0:3a,1525,-35,854,63.80,35.85,30,54485,119475
[Recv] <<< 23:c9:cc:4b:a0:3a,1526,-35,855,63.77,35.84,35,54520,119510
[Recv] <<< 23:c9:cc:4b:a0:3a,1527,-35,856,63.73,35.84,35,54555,119545
[Recv] <<< 23:c9:cc:4b:a0:3a,1528,-35,857,63.70,35.84,36,54591,119581
[Recv] <<< 23:c9:cc:4b:a0:3a,1529,-35,858,63.66,35.84,29,54620,119610
[Recv] <<< 23:c9:cc:4b:a0:3a,1530,-35,859,63.63,35.84,35,54655,119645
[Recv] <<< 23:c9:cc:4b:a0:3a,1532,-32,860,63.63,35.83,63,54718,119708
[Recv] <<< 23:c9:cc:4b:a0:3a,1533,-32,861,63.59,35.83,32,54750,119740
[Recv] <<< 23:c9:cc:4b:a0:3a,1534,-32,862,63.56,35.83,39,54789,119779
[Recv] <<< 23:c9:cc:4b:a0:3a,1535,-32,863,63.53,35.83,36,54825,119815
[Recv] <<< 23:c9:cc:4b:a0:3a,1537,-35,864,63.54,35.83,71,54896,119886
[Recv] <<< 23:c9:cc:4b:a0:3a,1538,-35,865,63.50,35.83,31,54927,119917
[Recv] <<< 23:c9:cc:4b:a0:3a,1539,-35,866,63.47,35.83,35,54962,119952
[Recv] <<< 23:c9:cc:4b:a0:3a,1540,-35,867,63.43,35.82,29,54991,119981
[Recv] <<< 23:c9:cc:4b:a0:3a,1542,-35,868,63.45,35.83,80,55071,120061
[Recv] <<< 23:c9:cc:4b:a0:3a,1543,-35,869,63.41,35.83,32,55103,120093
[Recv] <<< 23:c9:cc:4b:a0:3a,1544,-35,870,63.38,35.83,36,55139,120129
[Recv] <<< 23:c9:cc:4b:a0:3a,1546,-41,871,63.39,35.83,78,55217,120207
[Recv] <<< 23:c9:cc:4b:a0:3a,1548,-41,872,63.41,35.83,73,55290,120280
[Recv] <<< 23:c9:cc:4b:a0:3a,1549,-41,873,63.37,35.83,33,55323,120313
[Recv] <<< 23:c9:cc:4b:a0:3a,1551,-35,874,63.37,35.82,59,55382,120372
[Recv] <<< 23:c9:cc:4b:a0:3a,1552,-34,875,63.33,35.82,31,55413,120403
[Recv] <<< 23:c9:cc:4b:a0:3a,1553,-46,876,63.31,35.82,43,55456,120446
[Recv] <<< 23:c9:cc:4b:a0:3a,1554,-41,877,63.27,35.82,32,55488,120478
[Recv] <<< 23:c9:cc:4b:a0:3a,1555,-32,878,63.25,35.83,43,55531,120521
[Recv] <<< 23:c9:cc:4b:a0:3a,1556,-32,879,63.22,35.83,36,55567,120557
[Recv] <<< 23:c9:cc:4b:a0:3a,1557,-32,880,63.19,35.83,37,55604,120594
[Recv] <<< 23:c9:cc:4b:a0:3a,1558,-32,881,63.15,35.82,31,55635,120625
[Recv] <<< 23:c9:cc:4b:a0:3a,1559,-32,882,63.11,35.82,29,55664,120654
[Recv] <<< 23:c9:cc:4b:a0:3a,1560,-35,883,63.09,35.82,43,55707,120697
[Recv] <<< 23:c9:cc:4b:a0:3a,1561,-35,884,63.06,35.82,35,55742,120732
[Recv] <<< 23:c9:cc:4b:a0:3a,1562,-35,885,63.03,35.83,38,55780,120770
[Recv] <<< 23:c9:cc:4b:a0:3a,1563,-35,886,62.99,35.82,31,55811,120801
[Recv] <<< 23:c9:cc:4b:a0:3a,1564,-34,887,62.96,35.82,34,55845,120835
[Recv] <<< 23:c9:cc:4b:a0:3a,1568,-32,888,63.03,35.81,125,55970,120960
[Recv] <<< 23:c9:cc:4b:a0:3a,1569,-32,889,63.00,35.81,33,56003,120993
[Recv] <<< 23:c9:cc:4b:a0:3a,1570,-32,890,62.97,35.81,36,56039,121029
[Recv] <<< 23:c9:cc:4b:a0:3a,1572,-35,891,62.97,35.80,63,56102,121092
[Recv] <<< 23:c9:cc:4b:a0:3a,1573,-34,892,62.93,35.80,33,56135,121125
[Recv] <<< 23:c9:cc:4b:a0:3a,1574,-35,893,62.90,35.80,33,56168,121158
[Recv] <<< 23:c9:cc:4b:a0:3a,1575,-35,894,62.87,35.80,41,56209,121199
[Recv] <<< 23:c9:cc:4b:a0:3a,1577,-43,895,62.89,35.81,78,56287,121277
[Recv] <<< 23:c9:cc:4b:a0:3a,1578,-46,896,62.85,35.80,26,56313,121303
[Recv] <<< 23:c9:cc:4b:a0:3a,1580,-35,897,62.86,35.80,69,56382,121372
[Recv] <<< 23:c9:cc:4b:a0:3a,1581,-35,898,62.83,35.80,36,56418,121408
[Recv] <<< 23:c9:cc:4b:a0:3a,1582,-35,899,62.79,35.79,30,56448,121438
[Recv] <<< 23:c9:cc:4b:a0:3a,1583,-44,900,62.77,35.80,45,56493,121483
[Recv] <<< 23:c9:cc:4b:a0:3a,1586,-44,901,62.82,35.80,107,56600,121590
[Recv] <<< 23:c9:cc:4b:a0:3a,1587,-44,902,62.79,35.80,37,56637,121627
[Recv] <<< 23:c9:cc:4b:a0:3a,1588,-43,903,62.76,35.80,34,56671,121661
[Recv] <<< 23:c9:cc:4b:a0:3a,1589,-46,904,62.72,35.80,32,56703,121693
[Recv] <<< 23:c9:cc:4b:a0:3a,1590,-46,905,62.69,35.79,32,56735,121725
[Recv] <<< 23:c9:cc:4b:a0:3a,1591,-44,906,62.66,35.79,34,56769,121759
[Recv] <<< 23:c9:cc:4b:a0:3a,1592,-41,907,62.63,35.79,33,56802,121792
[Recv] <<< 23:c9:cc:4b:a0:3a,1593,-41,908,62.59,35.79,32,56834,121824
[Recv] <<< 23:c9:cc:4b:a0:3a,1594,-41,909,62.57,35.79,40,56874,121864
[Recv] <<< 23:c9:cc:4b:a0:3a,1595,-41,910,62.54,35.79,37,56911,121901
[Recv] <<< 23:c9:cc:4b:a0:3a,1596,-41,911,62.50,35.79,26,56937,121927
[Recv] <<< 23:c9:cc:4b:a0:3a,1598,-35,912,62.50,35.78,62,56999,121989
[Recv] <<< 23:c9:cc:4b:a0:3a,1599,-35,913,62.47,35.78,38,57037,122027
[Recv] <<< 23:c9:cc:4b:a0:3a,1600,-35,914,62.43,35.78,28,57065,122055
[Recv] <<< 23:c9:cc:4b:a0:3a,1601,-32,915,62.40,35.77,31,57096,122086
[Recv] <<< 23:c9:cc:4b:a0:3a,1602,-32,916,62.37,35.77,36,57132,122122
[Recv] <<< 23:c9:cc:4b:a0:3a,1605,-32,917,62.41,35.77,102,57234,122224
[Recv] <<< 23:c9:cc:4b:a0:3a,1606,-32,918,62.39,35.77,37,57271,122261
[Recv] <<< 23:c9:cc:4b:a0:3a,1607,-32,919,62.35,35.77,31,57302,122292
[Recv] <<< 23:c9:cc:4b:a0:3a,1616,-32,920,62.62,35.76,309,57611,122601
[Recv] <<< 23:c9:cc:4b:a0:3a,1618,-32,921,62.63,35.76,70,57681,122671
[Recv] <<< 23:c9:cc:4b:a0:3a,1619,-32,922,62.59,35.76,30,57711,122701
[Recv] <<< 23:c9:cc:4b:a0:3a,1620,-32,923,62.56,35.75,31,57742,122732
[Recv] <<< 23:c9:cc:4b:a0:3a,1621,-46,924,62.53,35.75,33,57775,122765
[Recv] <<< 23:c9:cc:4b:a0:3a,1622,-41,925,62.49,35.75,31,57806,122796
[Recv] <<< 23:c9:cc:4b:a0:3a,1623,-43,926,62.46,35.75,31,57837,122827
[Recv] <<< 23:c9:cc:4b:a0:3a,1624,-41,927,62.43,35.75,35,57872,122862
[Recv] <<< 23:c9:cc:4b:a0:3a,1625,-35,928,62.39,35.74,28,57900,122890
[Recv] <<< 23:c9:cc:4b:a0:3a,1626,-35,929,62.36,35.74,35,57935,122925
[Recv] <<< 23:c9:cc:4b:a0:3a,1627,-35,930,62.33,35.74,35,57970,122960
[Recv] <<< 23:c9:cc:4b:a0:3a,1629,-35,931,62.33,35.73,63,58033,123023
[Recv] <<< 23:c9:cc:4b:a0:3a,1630,-34,932,62.31,35.74,40,58073,123063
[Recv] <<< 23:c9:cc:4b:a0:3a,1631,-47,933,62.28,35.74,34,58107,123097
[Recv] <<< 23:c9:cc:4b:a0:3a,1632,-43,934,62.25,35.74,39,58146,123136
[Recv] <<< 23:c9:cc:4b:a0:3a,1633,-46,935,62.23,35.74,37,58183,123173
[Recv] <<< 23:c9:cc:4b:a0:3a,1634,-41,936,62.20,35.74,32,58215,123205
[Recv] <<< 23:c9:cc:4b:a0:3a,1635,-43,937,62.17,35.74,35,58250,123240
[Recv] <<< 23:c9:cc:4b:a0:3a,1636,-32,938,62.14,35.74,37,58287,123277
[Recv] <<< 23:c9:cc:4b:a0:3a,1637,-41,939,62.11,35.74,33,58320,123310
[Recv] <<< 23:c9:cc:4b:a0:3a,1640,-32,940,62.15,35.73,105,58425,123415
[Recv] <<< 23:c9:cc:4b:a0:3a,1641,-32,941,62.13,35.73,36,58461,123451
[Recv] <<< 23:c9:cc:4b:a0:3a,1642,-32,942,62.10,35.73,35,58496,123486
[Recv] <<< 23:c9:cc:4b:a0:3a,1643,-35,943,62.07,35.73,36,58532,123522
[Recv] <<< 23:c9:cc:4b:a0:3a,1645,-32,944,62.08,35.74,74,58606,123596
[Recv] <<< 23:c9:cc:4b:a0:3a,1646,-32,945,62.06,35.74,37,58643,123633
[Recv] <<< 23:c9:cc:4b:a0:3a,1647,-32,946,62.03,35.74,35,58678,123668
[Recv] <<< 23:c9:cc:4b:a0:3a,1648,-32,947,62.00,35.73,32,58710,123700
[Recv] <<< 23:c9:cc:4b:a0:3a,1649,-36,948,61.97,35.73,36,58746,123736
[Recv] <<< 23:c9:cc:4b:a0:3a,1650,-35,949,61.95,35.74,44,58790,123780
[Recv] <<< 23:c9:cc:4b:a0:3a,1651,-35,950,61.92,35.74,30,58820,123810
[Recv] <<< 23:c9:cc:4b:a0:3a,1652,-35,951,61.89,35.74,42,58862,123852
[Recv] <<< 23:c9:cc:4b:a0:3a,1654,-32,952,61.89,35.73,60,58922,123912
[Recv] <<< 23:c9:cc:4b:a0:3a,1655,-32,953,61.86,35.73,33,58955,123945
[Recv] <<< 23:c9:cc:4b:a0:3a,1656,-32,954,61.84,35.73,40,58995,123985
[Recv] <<< 23:c9:cc:4b:a0:3a,1657,-32,955,61.80,35.73,27,59022,124012
[Recv] <<< 23:c9:cc:4b:a0:3a,1658,-32,956,61.77,35.72,30,59052,124042
[Recv] <<< 23:c9:cc:4b:a0:3a,1661,-32,957,61.81,35.72,97,59149,124139
[Recv] <<< 23:c9:cc:4b:a0:3a,1663,-41,958,61.81,35.72,68,59217,124207
[Recv] <<< 23:c9:cc:4b:a0:3a,1665,-32,959,61.83,35.72,79,59296,124286
[Recv] <<< 23:c9:cc:4b:a0:3a,1666,-32,960,61.80,35.72,33,59329,124319
[Recv] <<< 23:c9:cc:4b:a0:3a,1667,-35,961,61.78,35.72,39,59368,124358
[Recv] <<< 23:c9:cc:4b:a0:3a,1668,-34,962,61.75,35.72,31,59399,124389
[Recv] <<< 23:c9:cc:4b:a0:3a,1669,-35,963,61.72,35.72,39,59438,124428
[Recv] <<< 23:c9:cc:4b:a0:3a,1670,-35,964,61.69,35.72,35,59473,124463
[Recv] <<< 23:c9:cc:4b:a0:3a,1671,-35,965,61.67,35.72,38,59511,124501
[Recv] <<< 23:c9:cc:4b:a0:3a,1672,-35,966,61.64,35.72,36,59547,124537
[Recv] <<< 23:c9:cc:4b:a0:3a,1673,-35,967,61.61,35.72,27,59574,124564
[Recv] <<< 23:c9:cc:4b:a0:3a,1674,-35,968,61.58,35.72,38,59612,124602
[Recv] <<< 23:c9:cc:4b:a0:3a,1676,-41,969,61.60,35.72,76,59688,124678
[Recv] <<< 23:c9:cc:4b:a0:3a,1678,-35,970,61.60,35.71,61,59749,124739
[Recv] <<< 23:c9:cc:4b:a0:3a,1679,-34,971,61.57,35.71,31,59780,124770
[Recv] <<< 23:c9:cc:4b:a0:3a,1680,-34,972,61.53,35.71,32,59812,124802
[Recv] <<< 23:c9:cc:4b:a0:3a,1681,-32,973,61.51,35.71,36,59848,124838
[Recv] <<< 23:c9:cc:4b:a0:3a,1682,-32,974,61.48,35.71,34,59882,124872
[Recv] <<< 23:c9:cc:4b:a0:3a,1683,-32,975,61.45,35.70,27,59909,124899
[Recv] <<< 23:c9:cc:4b:a0:3a,1684,-32,976,61.42,35.71,40,59949,124939
[Recv] <<< 23:c9:cc:4b:a0:3a,1685,-41,977,61.39,35.70,28,59977,124967
[Recv] <<< 23:c9:cc:4b:a0:3a,1686,-43,978,61.36,35.70,30,60007,124997
[Recv] <<< 23:c9:cc:4b:a0:3a,1687,-41,979,61.34,35.70,42,60049,125039
[Recv] <<< 23:c9:cc:4b:a0:3a,1691,-41,980,61.42,35.70,140,60189,125179
[Recv] <<< 23:c9:cc:4b:a0:3a,1694,-43,981,61.45,35.69,97,60286,125276
[Recv] <<< 23:c9:cc:4b:a0:3a,1695,-41,982,61.43,35.69,35,60321,125311
[Recv] <<< 23:c9:cc:4b:a0:3a,1696,-41,983,61.39,35.69,30,60351,125341
[Recv] <<< 23:c9:cc:4b:a0:3a,1698,-32,984,61.41,35.69,80,60431,125421
[Recv] <<< 23:c9:cc:4b:a0:3a,1699,-32,985,61.38,35.69,32,60463,125453
[Recv] <<< 23:c9:cc:4b:a0:3a,1700,-32,986,61.36,35.69,39,60502,125492
[Recv] <<< 23:c9:cc:4b:a0:3a,1701,-32,987,61.33,35.69,27,60529,125519
[Recv] <<< 23:c9:cc:4b:a0:3a,1702,-32,988,61.30,35.69,39,60568,125558
[Recv] <<< 23:c9:cc:4b:a0:3a,1703,-41,989,61.27,35.68,25,60593,125583
[Recv] <<< 23:c9:cc:4b:a0:3a,1704,-32,990,61.25,35.69,40,60633,125623
[Recv] <<< 23:c9:cc:4b:a0:3a,1705,-32,991,61.22,35.69,33,60666,125656
[Recv] <<< 23:c9:cc:4b:a0:3a,1706,-35,992,61.21,35.69,51,60717,125707
[Recv] <<< 23:c9:cc:4b:a0:3a,1707,-35,993,61.18,35.69,35,60752,125742
[Recv] <<< 23:c9:cc:4b:a0:3a,1708,-46,994,61.16,35.70,43,60795,125785
[Recv] <<< 23:c9:cc:4b:a0:3a,1709,-45,995,61.13,35.69,27,60822,125812
[Recv] <<< 23:c9:cc:4b:a0:3a,1711,-35,996,61.13,35.69,61,60883,125873
[Recv] <<< 23:c9:cc:4b:a0:3a,1712,-35,997,61.10,35.69,32,60915,125905
[Recv] <<< 23:c9:cc:4b:a0:3a,1714,-41,998,61.12,35.69,80,60995,125985
[Recv] <<< 23:c9:cc:4b:a0:3a,1715,-41,999,61.09,35.69,37,61032,126022
[Recv] <<< 23:c9:cc:4b:a0:3a,1716,-32,1000,61.08,35.70,43,61075,126065
[Recv] <<< 23:c9:cc:4b:a0:3a,1717,-32,1001,61.05,35.70,36,61111,126101
[Recv] <<< 23:c9:cc:4b:a0:3a,1718,-32,1002,61.02,35.69,33,61144,126134
[Recv] <<< 23:c9:cc:4b:a0:3a,1720,-44,1003,61.02,35.69,59,61203,126193
[Recv] <<< 23:c9:cc:4b:a0:3a,1721,-41,1004,61.00,35.69,37,61240,126230
[Recv] <<< 23:c9:cc:4b:a0:3a,1722,-41,1005,60.97,35.69,33,61273,126263
[Recv] <<< 23:c9:cc:4b:a0:3a,1723,-41,1006,60.94,35.68,33,61306,126296
[Recv] <<< 23:c9:cc:4b:a0:3a,1724,-47,1007,60.92,35.69,37,61343,126333
[Recv] <<< 23:c9:cc:4b:a0:3a,1725,-43,1008,60.88,35.68,27,61370,126360
[Recv] <<< 23:c9:cc:4b:a0:3a,1726,-46,1009,60.85,35.68,31,61401,126391
[Recv] <<< 23:c9:cc:4b:a0:3a,1727,-41,1010,60.83,35.68,39,61440,126430
[Recv] <<< 23:c9:cc:4b:a0:3a,1729,-35,1011,60.83,35.68,64,61504,126494
[Recv] <<< 23:c9:cc:4b:a0:3a,1730,-35,1012,60.80,35.67,30,61534,126524
[Recv] <<< 23:c9:cc:4b:a0:3a,1731,-35,1013,60.77,35.67,31,61565,126555
[Recv] <<< 23:c9:cc:4b:a0:3a,1733,-35,1014,60.78,35.67,68,61633,126623
[Recv] <<< 23:c9:cc:4b:a0:3a,1734,-35,1015,60.76,35.67,41,61674,126664
[Recv] <<< 23:c9:cc:4b:a0:3a,1735,-32,1016,60.72,35.66,21,61695,126685
[Recv] <<< 23:c9:cc:4b:a0:3a,1736,-32,1017,60.70,35.66,38,61733,126723
[Recv] <<< 23:c9:cc:4b:a0:3a,1737,-32,1018,60.67,35.66,34,61767,126757
[Recv] <<< 23:c9:cc:4b:a0:3a,1738,-32,1019,60.65,35.66,31,61798,126788
[Recv] <<< 23:c9:cc:4b:a0:3a,1740,-32,1020,60.66,35.66,73,61871,126861
[Recv] <<< 23:c9:cc:4b:a0:3a,1741,-32,1021,60.63,35.66,35,61906,126896
[Recv] <<< 23:c9:cc:4b:a0:3a,1742,-32,1022,60.60,35.66,30,61936,126926
[Recv] <<< 23:c9:cc:4b:a0:3a,1743,-32,1023,60.58,35.66,41,61977,126967
[Recv] <<< 23:c9:cc:4b:a0:3a,1744,-32,1024,60.55,35.65,26,62003,126993
[Recv] <<< 23:c9:cc:4b:a0:3a,1746,-32,1025,60.56,35.66,75,62078,127068
[Recv] <<< 23:c9:cc:4b:a0:3a,1747,-32,1026,60.54,35.66,34,62112,127102
[Recv] <<< 23:c9:cc:4b:a0:3a,1748,-32,1027,60.51,35.65,31,62143,127133
[Recv] <<< 23:c9:cc:4b:a0:3a,1749,-32,1028,60.48,35.65,32,62175,127165
[Recv] <<< 23:c9:cc:4b:a0:3a,1750,-32,1029,60.46,35.65,40,62215,127205
[Recv] <<< 23:c9:cc:4b:a0:3a,1751,-32,1030,60.43,35.65,33,62248,127238
[Recv] <<< 23:c9:cc:4b:a0:3a,1752,-32,1031,60.41,35.65,32,62280,127270
[Recv] <<< 23:c9:cc:4b:a0:3a,1753,-32,1032,60.38,35.65,32,62312,127302
[Recv] <<< 23:c9:cc:4b:a0:3a,1754,-32,1033,60.35,35.65,33,62345,127335
[Recv] <<< 23:c9:cc:4b:a0:3a,1756,-41,1034,60.36,35.64,63,62408,127398
[Recv] <<< 23:c9:cc:4b:a0:3a,1758,-32,1035,60.37,35.64,77,62485,127475
[Recv] <<< 23:c9:cc:4b:a0:3a,1759,-41,1036,60.34,35.64,28,62513,127503
[Recv] <<< 23:c9:cc:4b:a0:3a,1760,-46,1037,60.31,35.64,31,62544,127534
[Recv] <<< 23:c9:cc:4b:a0:3a,1761,-41,1038,60.29,35.64,32,62576,127566
[Recv] <<< 23:c9:cc:4b:a0:3a,1762,-41,1039,60.26,35.63,32,62608,127598
[Recv] <<< 23:c9:cc:4b:a0:3a,1763,-41,1040,60.24,35.64,41,62649,127639
[Recv] <<< 23:c9:cc:4b:a0:3a,1764,-41,1041,60.21,35.63,31,62680,127670
[Recv] <<< 23:c9:cc:4b:a0:3a,1765,-44,1042,60.19,35.63,37,62717,127707
[Recv] <<< 23:c9:cc:4b:a0:3a,1766,-43,1043,60.16,35.63,32,62749,127739
[Recv] <<< 23:c9:cc:4b:a0:3a,1771,-41,1044,60.26,35.62,164,62913,127903
[Recv] <<< 23:c9:cc:4b:a0:3a,1772,-41,1045,60.24,35.63,40,62953,127943
[Recv] <<< 23:c9:cc:4b:a0:3a,1776,-41,1046,60.31,35.62,130,63083,128073
[Recv] <<< 23:c9:cc:4b:a0:3a,1778,-36,1047,60.31,35.61,60,63143,128133
[Recv] <<< 23:c9:cc:4b:a0:3a,1779,-35,1048,60.29,35.61,37,63180,128170
[Recv] <<< 23:c9:cc:4b:a0:3a,1780,-35,1049,60.26,35.61,33,63213,128203
[Recv] <<< 23:c9:cc:4b:a0:3a,1782,-34,1050,60.26,35.61,63,63276,128266
[Recv] <<< 23:c9:cc:4b:a0:3a,1784,-32,1051,60.27,35.60,63,63339,128329
[Recv] <<< 23:c9:cc:4b:a0:3a,1785,-32,1052,60.25,35.61,42,63381,128371
[Recv] <<< 23:c9:cc:4b:a0:3a,1812,-32,1053,61.08,35.59,938,64319,129309
[Recv] <<< 23:c9:cc:4b:a0:3a,1813,-32,1054,61.06,35.59,33,64352,129342
[Recv] <<< 23:c9:cc:4b:a0:3a,1814,-32,1055,61.03,35.59,33,64385,129375
[Recv] <<< 23:c9:cc:4b:a0:3a,1815,-32,1056,61.00,35.59,35,64420,129410
[Recv] <<< 23:c9:cc:4b:a0:3a,1816,-32,1057,60.98,35.59,34,64454,129444
[Recv] <<< 23:c9:cc:4b:a0:3a,1818,-41,1058,60.97,35.58,57,64511,129501
[Recv] <<< 23:c9:cc:4b:a0:3a,1819,-47,1059,60.95,35.58,37,64548,129538
[Recv] <<< 23:c9:cc:4b:a0:3a,1824,-35,1060,61.07,35.59,189,64737,129727
[Recv] <<< 23:c9:cc:4b:a0:3a,1825,-32,1061,61.04,35.58,23,64760,129750
[Recv] <<< 23:c9:cc:4b:a0:3a,1826,-32,1062,61.02,35.58,38,64798,129788
[Recv] <<< 23:c9:cc:4b:a0:3a,1827,-32,1063,60.99,35.58,33,64831,129821
[Recv] <<< 23:c9:cc:4b:a0:3a,1828,-32,1064,60.96,35.58,33,64864,129854
[Recv] <<< 23:c9:cc:4b:a0:3a,1829,-32,1065,60.94,35.58,35,64899,129889
[Recv] <<< 23:c9:cc:4b:a0:3a,1830,-32,1066,60.91,35.58,26,64925,129915
[Recv] <<< 23:c9:cc:4b:a0:3a,1832,-32,1067,60.92,35.58,78,65003,129993
[Recv] <<< 23:c9:cc:4b:a0:3a,1833,-32,1068,60.89,35.58,31,65034,130024
[Recv] <<< 23:c9:cc:4b:a0:3a,1835,-41,1069,60.90,35.57,66,65100,130090
[Recv] <<< 23:c9:cc:4b:a0:3a,1836,-41,1070,60.87,35.57,27,65127,130117
[Recv] <<< 23:c9:cc:4b:a0:3a,1839,-35,1071,60.91,35.57,103,65230,130220
[Recv] <<< 23:c9:cc:4b:a0:3a,1840,-35,1072,60.88,35.57,35,65265,130255
[Recv] <<< 23:c9:cc:4b:a0:3a,1841,-35,1073,60.86,35.57,34,65299,130289
[Recv] <<< 23:c9:cc:4b:a0:3a,1842,-35,1074,60.82,35.56,27,65326,130316
[Recv] <<< 23:c9:cc:4b:a0:3a,1843,-35,1075,60.80,35.56,36,65362,130352
[Recv] <<< 23:c9:cc:4b:a0:3a,1845,-32,1076,60.80,35.56,60,65422,130412
[Recv] <<< 23:c9:cc:4b:a0:3a,1846,-32,1077,60.78,35.55,33,65455,130445
[Recv] <<< 23:c9:cc:4b:a0:3a,1847,-32,1078,60.75,35.55,30,65485,130475
[Recv] <<< 23:c9:cc:4b:a0:3a,1848,-32,1079,60.72,35.55,35,65520,130510
[Recv] <<< 23:c9:cc:4b:a0:3a,1849,-32,1080,60.70,35.55,37,65557,130547
[Recv] <<< 23:c9:cc:4b:a0:3a,1850,-32,1081,60.67,35.55,25,65582,130572
[Recv] <<< 23:c9:cc:4b:a0:3a,1851,-32,1082,60.65,35.55,39,65621,130611
[Recv] <<< 23:c9:cc:4b:a0:3a,1852,-32,1083,60.62,35.54,27,65648,130638
[Recv] <<< 23:c9:cc:4b:a0:3a,1853,-32,1084,60.60,35.55,40,65688,130678
[Recv] <<< 23:c9:cc:4b:a0:3a,1854,-32,1085,60.58,35.55,40,65728,130718
[Recv] <<< 23:c9:cc:4b:a0:3a,1855,-32,1086,60.55,35.55,33,65761,130751
[Recv] <<< 23:c9:cc:4b:a0:3a,1856,-32,1087,60.53,35.55,36,65797,130787
[Recv] <<< 23:c9:cc:4b:a0:3a,1857,-32,1088,60.51,35.55,33,65830,130820
[Recv] <<< 23:c9:cc:4b:a0:3a,1860,-32,1089,60.55,35.54,104,65934,130924
[Recv] <<< 23:c9:cc:4b:a0:3a,1861,-32,1090,60.52,35.54,32,65966,130956
[Recv] <<< 23:c9:cc:4b:a0:3a,1862,-32,1091,60.49,35.54,29,65995,130985
[Recv] <<< 23:c9:cc:4b:a0:3a,1863,-44,1092,60.47,35.54,34,66029,131019
[Recv] <<< 23:c9:cc:4b:a0:3a,1864,-41,1093,60.44,35.53,28,66057,131047
[Recv] <<< 23:c9:cc:4b:a0:3a,1865,-41,1094,60.41,35.53,36,66093,131083
[Recv] <<< 23:c9:cc:4b:a0:3a,1866,-44,1095,60.39,35.53,32,66125,131115
[Recv] <<< 23:c9:cc:4b:a0:3a,1867,-41,1096,60.36,35.53,34,66159,131149
[Recv] <<< 23:c9:cc:4b:a0:3a,1868,-36,1097,60.34,35.53,33,66192,131182
[Recv] <<< 23:c9:cc:4b:a0:3a,1869,-35,1098,60.31,35.53,30,66222,131212
[Recv] <<< 23:c9:cc:4b:a0:3a,1870,-35,1099,60.30,35.53,43,66265,131255
[Recv] <<< 23:c9:cc:4b:a0:3a,1871,-41,1100,60.27,35.53,29,66294,131284
[Recv] <<< 23:c9:cc:4b:a0:3a,1873,-35,1101,60.27,35.53,67,66361,131351
[Recv] <<< 23:c9:cc:4b:a0:3a,1874,-35,1102,60.25,35.52,35,66396,131386
[Recv] <<< 23:c9:cc:4b:a0:3a,1875,-35,1103,60.22,35.52,32,66428,131418
[Recv] <<< 23:c9:cc:4b:a0:3a,1877,-32,1104,60.23,35.52,71,66499,131489
[Recv] <<< 23:c9:cc:4b:a0:3a,1878,-32,1105,60.20,35.52,24,66523,131513
[Recv] <<< 23:c9:cc:4b:a0:3a,1879,-32,1106,60.18,35.52,41,66564,131554
[Recv] <<< 23:c9:cc:4b:a0:3a,1880,-36,1107,60.16,35.52,36,66600,131590
[Recv] <<< 23:c9:cc:4b:a0:3a,1881,-36,1108,60.14,35.52,36,66636,131626
[Recv] <<< 23:c9:cc:4b:a0:3a,1882,-38,1109,60.12,35.52,33,66669,131659
[Recv] <<< 23:c9:cc:4b:a0:3a,1883,-32,1110,60.09,35.52,31,66700,131690
[Recv] <<< 23:c9:cc:4b:a0:3a,1884,-32,1111,60.07,35.52,34,66734,131724
[Recv] <<< 23:c9:cc:4b:a0:3a,1885,-32,1112,60.04,35.52,36,66770,131760
[Recv] <<< 23:c9:cc:4b:a0:3a,1886,-32,1113,60.02,35.51,30,66800,131790
[Recv] <<< 23:c9:cc:4b:a0:3a,1887,-36,1114,60.00,35.51,39,66839,131829
[Recv] <<< 23:c9:cc:4b:a0:3a,1888,-32,1115,59.97,35.51,31,66870,131860
[Recv] <<< 23:c9:cc:4b:a0:3a,1889,-35,1116,59.95,35.51,32,66902,131892
[Recv] <<< 23:c9:cc:4b:a0:3a,1890,-35,1117,59.93,35.51,37,66939,131929
[Recv] <<< 23:c9:cc:4b:a0:3a,1891,-35,1118,59.91,35.51,38,66977,131967
[Recv] <<< 23:c9:cc:4b:a0:3a,1892,-43,1119,59.88,35.51,34,67011,132001
[Recv] <<< 23:c9:cc:4b:a0:3a,1893,-41,1120,59.86,35.51,28,67039,132029
[Recv] <<< 23:c9:cc:4b:a0:3a,1894,-40,1121,59.83,35.51,35,67074,132064
[Recv] <<< 23:c9:cc:4b:a0:3a,1895,-40,1122,59.81,35.50,30,67104,132094
[Recv] <<< 23:c9:cc:4b:a0:3a,1896,-40,1123,59.79,35.51,37,67141,132131
[Recv] <<< 23:c9:cc:4b:a0:3a,1897,-40,1124,59.76,35.50,33,67174,132164
[Recv] <<< 23:c9:cc:4b:a0:3a,1899,-40,1125,59.78,35.51,74,67248,132238
[Recv] <<< 23:c9:cc:4b:a0:3a,1900,-40,1126,59.75,35.50,30,67278,132268
[Recv] <<< 23:c9:cc:4b:a0:3a,1901,-40,1127,59.73,35.50,37,67315,132305
[Recv] <<< 23:c9:cc:4b:a0:3a,1902,-41,1128,59.70,35.50,27,67342,132332
[Recv] <<< 23:c9:cc:4b:a0:3a,1903,-41,1129,59.68,35.50,42,67384,132374
[Recv] <<< 23:c9:cc:4b:a0:3a,1905,-36,1130,59.69,35.50,64,67448,132438
[Recv] <<< 23:c9:cc:4b:a0:3a,1906,-35,1131,59.66,35.50,31,67479,132469
[Recv] <<< 23:c9:cc:4b:a0:3a,1907,-35,1132,59.65,35.50,42,67521,132511
[Recv] <<< 23:c9:cc:4b:a0:3a,1908,-35,1133,59.63,35.50,35,67556,132546
[Recv] <<< 23:c9:cc:4b:a0:3a,1909,-36,1134,59.60,35.50,28,67584,132574
[Recv] <<< 23:c9:cc:4b:a0:3a,1911,-32,1135,59.60,35.49,65,67649,132639
[Recv] <<< 23:c9:cc:4b:a0:3a,1912,-32,1136,59.58,35.49,33,67682,132672
[Recv] <<< 23:c9:cc:4b:a0:3a,1913,-32,1137,59.56,35.49,33,67715,132705
[Recv] <<< 23:c9:cc:4b:a0:3a,1915,-32,1138,59.57,35.49,71,67786,132776
[Recv] <<< 23:c9:cc:4b:a0:3a,1917,-41,1139,59.57,35.49,63,67849,132839
[Recv] <<< 23:c9:cc:4b:a0:3a,1918,-44,1140,59.55,35.49,37,67886,132876
[Recv] <<< 23:c9:cc:4b:a0:3a,1919,-41,1141,59.52,35.48,28,67914,132904
[Recv] <<< 23:c9:cc:4b:a0:3a,1920,-43,1142,59.50,35.48,31,67945,132935
[Recv] <<< 23:c9:cc:4b:a0:3a,1922,-35,1143,59.50,35.48,64,68009,132999
[Recv] <<< 23:c9:cc:4b:a0:3a,1923,-36,1144,59.48,35.47,32,68041,133031
[Recv] <<< 23:c9:cc:4b:a0:3a,1924,-35,1145,59.46,35.48,37,68078,133068
[Recv] <<< 23:c9:cc:4b:a0:3a,1925,-44,1146,59.44,35.48,37,68115,133105
[Recv] <<< 23:c9:cc:4b:a0:3a,1926,-32,1147,59.42,35.48,41,68156,133146
[Recv] <<< 23:c9:cc:4b:a0:3a,1927,-32,1148,59.39,35.47,25,68181,133171
[Recv] <<< 23:c9:cc:4b:a0:3a,1928,-41,1149,59.37,35.47,32,68213,133203
[Recv] <<< 23:c9:cc:4b:a0:3a,1929,-41,1150,59.34,35.47,33,68246,133236
[Recv] <<< 23:c9:cc:4b:a0:3a,1932,-35,1151,59.38,35.47,101,68347,133337
[Recv] <<< 23:c9:cc:4b:a0:3a,1933,-34,1152,59.36,35.47,35,68382,133372
[Recv] <<< 23:c9:cc:4b:a0:3a,1934,-35,1153,59.34,35.47,37,68419,133409
[Recv] <<< 23:c9:cc:4b:a0:3a,1935,-35,1154,59.32,35.47,34,68453,133443
[Recv] <<< 23:c9:cc:4b:a0:3a,1936,-35,1155,59.30,35.47,34,68487,133477
[Recv] <<< 23:c9:cc:4b:a0:3a,1937,-32,1156,59.27,35.46,30,68517,133507
[Recv] <<< 23:c9:cc:4b:a0:3a,1939,-32,1157,59.28,35.46,69,68586,133576
[Recv] <<< 23:c9:cc:4b:a0:3a,1940,-32,1158,59.26,35.46,35,68621,133611
[Recv] <<< 23:c9:cc:4b:a0:3a,1941,-32,1159,59.23,35.46,28,68649,133639
[Recv] <<< 23:c9:cc:4b:a0:3a,1942,-41,1160,59.21,35.46,29,68678,133668
[Recv] <<< 23:c9:cc:4b:a0:3a,1943,-44,1161,59.18,35.46,35,68713,133703
[Recv] <<< 23:c9:cc:4b:a0:3a,1944,-32,1162,59.17,35.46,46,68759,133749
[Recv] <<< 23:c9:cc:4b:a0:3a,1945,-32,1163,59.15,35.46,34,68793,133783
[Recv] <<< 23:c9:cc:4b:a0:3a,1946,-32,1164,59.12,35.46,28,68821,133811
[Recv] <<< 23:c9:cc:4b:a0:3a,1947,-32,1165,59.10,35.46,36,68857,133847
[Recv] <<< 23:c9:cc:4b:a0:3a,1948,-43,1166,59.08,35.45,32,68889,133879
[Recv] <<< 23:c9:cc:4b:a0:3a,1949,-41,1167,59.05,35.45,28,68917,133907
[Recv] <<< 23:c9:cc:4b:a0:3a,1950,-41,1168,59.04,35.45,37,68954,133944
[Recv] <<< 23:c9:cc:4b:a0:3a,1951,-41,1169,59.01,35.45,31,68985,133975
[Recv] <<< 23:c9:cc:4b:a0:3a,1954,-35,1170,59.05,35.45,99,69084,134074
[Recv] <<< 23:c9:cc:4b:a0:3a,1955,-35,1171,59.03,35.45,35,69119,134109
[Recv] <<< 23:c9:cc:4b:a0:3a,1956,-36,1172,59.00,35.44,29,69148,134138
[Recv] <<< 23:c9:cc:4b:a0:3a,1957,-35,1173,58.98,35.44,35,69183,134173
[Recv] <<< 23:c9:cc:4b:a0:3a,1959,-36,1174,58.98,35.44,65,69248,134238
[Recv] <<< 23:c9:cc:4b:a0:3a,1960,-32,1175,58.97,35.44,38,69286,134276
[Recv] <<< 23:c9:cc:4b:a0:3a,1961,-32,1176,58.95,35.44,35,69321,134311
[Recv] <<< 23:c9:cc:4b:a0:3a,1962,-32,1177,58.92,35.44,31,69352,134342
[Recv] <<< 23:c9:cc:4b:a0:3a,1963,-32,1178,58.90,35.44,38,69390,134380
[Recv] <<< 23:c9:cc:4b:a0:3a,1964,-32,1179,58.89,35.44,38,69428,134418
[Recv] <<< 23:c9:cc:4b:a0:3a,1966,-32,1180,58.89,35.44,64,69492,134482
[Recv] <<< 23:c9:cc:4b:a0:3a,1967,-32,1181,58.87,35.43,31,69523,134513
[Recv] <<< 23:c9:cc:4b:a0:3a,1969,-41,1182,58.88,35.44,73,69596,134586
[Recv] <<< 23:c9:cc:4b:a0:3a,1970,-44,1183,58.85,35.43,27,69623,134613
[Recv] <<< 23:c9:cc:4b:a0:3a,1971,-41,1184,58.84,35.43,41,69664,134654
[Recv] <<< 23:c9:cc:4b:a0:3a,1974,-44,1185,58.88,35.43,107,69771,134761
[Recv] <<< 23:c9:cc:4b:a0:3a,1975,-45,1186,58.85,35.43,31,69802,134792
[Recv] <<< 23:c9:cc:4b:a0:3a,1978,-35,1187,58.89,35.43,100,69902,134892
[Recv] <<< 23:c9:cc:4b:a0:3a,1979,-35,1188,58.86,35.43,28,69930,134920
[Recv] <<< 23:c9:cc:4b:a0:3a,1980,-35,1189,58.85,35.43,40,69970,134960
[Recv] <<< 23:c9:cc:4b:a0:3a,1981,-32,1190,58.82,35.42,24,69994,134984
[Recv] <<< 23:c9:cc:4b:a0:3a,1982,-32,1191,58.80,35.42,34,70028,135018
[Recv] <<< 23:c9:cc:4b:a0:3a,1983,-32,1192,58.77,35.42,31,70059,135049
[Recv] <<< 23:c9:cc:4b:a0:3a,1985,-32,1193,58.78,35.42,71,70130,135120
[Recv] <<< 23:c9:cc:4b:a0:3a,1986,-32,1194,58.76,35.42,29,70159,135149
[Recv] <<< 23:c9:cc:4b:a0:3a,1987,-41,1195,58.73,35.41,29,70188,135178
[Recv] <<< 23:c9:cc:4b:a0:3a,1988,-41,1196,58.72,35.41,39,70227,135217
[Recv] <<< 23:c9:cc:4b:a0:3a,1989,-41,1197,58.69,35.41,30,70257,135247
[Recv] <<< 23:c9:cc:4b:a0:3a,1990,-43,1198,58.67,35.41,33,70290,135280
[Recv] <<< 23:c9:cc:4b:a0:3a,1992,-35,1199,58.68,35.41,64,70354,135344
[Recv] <<< 23:c9:cc:4b:a0:3a,1995,-35,1200,58.72,35.41,104,70458,135448
[Recv] <<< 23:c9:cc:4b:a0:3a,1996,-36,1201,58.69,35.40,26,70484,135474
[Recv] <<< 23:c9:cc:4b:a0:3a,1997,-36,1202,58.67,35.40,34,70518,135508
[Recv] <<< 23:c9:cc:4b:a0:3a,2001,-35,1203,58.74,35.40,149,70667,135657
[Recv] <<< 23:c9:cc:4b:a0:3a,2002,-36,1204,58.73,35.41,40,70707,135697
[Recv] <<< 23:c9:cc:4b:a0:3a,2011,-35,1205,58.93,35.40,300,71007,135997
[Recv] <<< 23:c9:cc:4b:a0:3a,2012,-35,1206,58.90,35.39,29,71036,136026
[Recv] <<< 23:c9:cc:4b:a0:3a,2013,-36,1207,58.89,35.40,40,71076,136066
[Recv] <<< 23:c9:cc:4b:a0:3a,2014,-36,1208,58.87,35.40,36,71112,136102
[Recv] <<< 23:c9:cc:4b:a0:3a,2015,-35,1209,58.84,35.39,28,71140,136130
[Recv] <<< 23:c9:cc:4b:a0:3a,2016,-36,1210,58.82,35.39,35,71175,136165
[Recv] <<< 23:c9:cc:4b:a0:3a,2018,-43,1211,58.84,35.40,76,71251,136241
[Recv] <<< 23:c9:cc:4b:a0:3a,2019,-41,1212,58.81,35.39,29,71280,136270
[Recv] <<< 23:c9:cc:4b:a0:3a,2021,-41,1213,58.83,35.40,78,71358,136348
[Recv] <<< 23:c9:cc:4b:a0:3a,2022,-41,1214,58.81,35.40,34,71392,136382
[Recv] <<< 23:c9:cc:4b:a0:3a,2023,-41,1215,58.78,35.39,23,71415,136405
[Recv] <<< 23:c9:cc:4b:a0:3a,2026,-35,1216,58.81,35.38,95,71510,136500
[Recv] <<< 23:c9:cc:4b:a0:3a,2027,-35,1217,58.79,35.38,32,71542,136532
[Recv] <<< 23:c9:cc:4b:a0:3a,2028,-36,1218,58.77,35.38,40,71582,136572
[Recv] <<< 23:c9:cc:4b:a0:3a,2029,-35,1219,58.75,35.38,33,71615,136605
[Recv] <<< 23:c9:cc:4b:a0:3a,2030,-35,1220,58.73,35.38,35,71650,136640
[Recv] <<< 23:c9:cc:4b:a0:3a,2031,-32,1221,58.70,35.38,26,71676,136666
[Recv] <<< 23:c9:cc:4b:a0:3a,2032,-32,1222,58.68,35.38,32,71708,136698
[Recv] <<< 23:c9:cc:4b:a0:3a,2033,-32,1223,58.66,35.38,39,71747,136737
[Recv] <<< 23:c9:cc:4b:a0:3a,2034,-32,1224,58.64,35.37,26,71773,136763
[Recv] <<< 23:c9:cc:4b:a0:3a,2035,-32,1225,58.62,35.37,37,71810,136800
[Recv] <<< 23:c9:cc:4b:a0:3a,2036,-32,1226,58.60,35.38,38,71848,136838
[Recv] <<< 23:c9:cc:4b:a0:3a,2037,-32,1227,58.57,35.37,22,71870,136860
[Recv] <<< 23:c9:cc:4b:a0:3a,2038,-32,1228,58.56,35.37,38,71908,136898
[Recv] <<< 23:c9:cc:4b:a0:3a,2039,-35,1229,58.54,35.37,42,71950,136940
[Recv] <<< 23:c9:cc:4b:a0:3a,2040,-36,1230,58.52,35.37,24,71974,136964
[Recv] <<< 23:c9:cc:4b:a0:3a,2042,-32,1231,58.52,35.36,64,72038,137028
[Recv] <<< 23:c9:cc:4b:a0:3a,2043,-32,1232,58.50,35.36,33,72071,137061
[Recv] <<< 23:c9:cc:4b:a0:3a,2044,-32,1233,58.48,35.37,40,72111,137101
[Recv] <<< 23:c9:cc:4b:a0:3a,2046,-32,1234,58.49,35.36,66,72177,137167
[Recv] <<< 23:c9:cc:4b:a0:3a,2048,-32,1235,58.50,35.36,67,72244,137234
[Recv] <<< 23:c9:cc:4b:a0:3a,2049,-41,1236,58.47,35.36,28,72272,137262
[Recv] <<< 23:c9:cc:4b:a0:3a,2050,-32,1237,58.46,35.36,47,72319,137309
[Recv] <<< 23:c9:cc:4b:a0:3a,2051,-32,1238,58.45,35.36,36,72355,137345
[Recv] <<< 23:c9:cc:4b:a0:3a,2052,-32,1239,58.42,35.36,25,72380,137370
[Recv] <<< 23:c9:cc:4b:a0:3a,2053,-32,1240,58.40,35.36,34,72414,137404
[Recv] <<< 23:c9:cc:4b:a0:3a,2054,-41,1241,58.37,35.35,25,72439,137429
[Recv] <<< 23:c9:cc:4b:a0:3a,2055,-46,1242,58.35,35.35,35,72474,137464
[Recv] <<< 23:c9:cc:4b:a0:3a,2056,-41,1243,58.33,35.35,33,72507,137497
[Recv] <<< 23:c9:cc:4b:a0:3a,2057,-41,1244,58.31,35.35,30,72537,137527
[Recv] <<< 23:c9:cc:4b:a0:3a,2058,-45,1245,58.30,35.35,42,72579,137569
[Recv] <<< 23:c9:cc:4b:a0:3a,2060,-35,1246,58.30,35.35,60,72639,137629
[Recv] <<< 23:c9:cc:4b:a0:3a,2062,-41,1247,58.31,35.35,69,72708,137698
[Recv] <<< 23:c9:cc:4b:a0:3a,2063,-35,1248,58.28,35.34,28,72736,137726
[Recv] <<< 23:c9:cc:4b:a0:3a,2064,-35,1249,58.27,35.35,41,72777,137767
[Recv] <<< 23:c9:cc:4b:a0:3a,2066,-35,1250,58.28,35.34,67,72844,137834
[Recv] <<< 23:c9:cc:4b:a0:3a,2067,-36,1251,58.26,35.34,34,72878,137868
[Recv] <<< 23:c9:cc:4b:a0:3a,2068,-36,1252,58.24,35.34,34,72912,137902
[Recv] <<< 23:c9:cc:4b:a0:3a,2069,-36,1253,58.22,35.34,33,72945,137935
[Recv] <<< 23:c9:cc:4b:a0:3a,2070,-32,1254,58.19,35.34,26,72971,137961
[Recv] <<< 23:c9:cc:4b:a0:3a,2072,-32,1255,58.20,35.33,66,73037,138027
[Recv] <<< 23:c9:cc:4b:a0:3a,2074,-32,1256,58.21,35.34,72,73109,138099
[Recv] <<< 23:c9:cc:4b:a0:3a,2076,-32,1257,58.22,35.33,69,73178,138168
[Recv] <<< 23:c9:cc:4b:a0:3a,2078,-32,1258,58.23,35.34,73,73251,138241
[Recv] <<< 23:c9:cc:4b:a0:3a,2079,-32,1259,58.21,35.34,39,73290,138280
[Recv] <<< 23:c9:cc:4b:a0:3a,2080,-32,1260,58.19,35.34,35,73325,138315
[Recv] <<< 23:c9:cc:4b:a0:3a,2081,-35,1261,58.18,35.34,43,73368,138358
[Recv] <<< 23:c9:cc:4b:a0:3a,2082,-35,1262,58.16,35.34,34,73402,138392
[Recv] <<< 23:c9:cc:4b:a0:3a,2083,-36,1263,58.14,35.34,35,73437,138427
[Recv] <<< 23:c9:cc:4b:a0:3a,2085,-32,1264,58.15,35.34,69,73506,138496
[Recv] <<< 23:c9:cc:4b:a0:3a,2086,-32,1265,58.13,35.34,34,73540,138530
[Recv] <<< 23:c9:cc:4b:a0:3a,2087,-32,1266,58.12,35.34,35,73575,138565
[Recv] <<< 23:c9:cc:4b:a0:3a,2089,-43,1267,58.12,35.33,58,73633,138623
[Recv] <<< 23:c9:cc:4b:a0:3a,2090,-41,1268,58.10,35.33,39,73672,138662
[Recv] <<< 23:c9:cc:4b:a0:3a,2091,-41,1269,58.09,35.34,38,73710,138700
[Recv] <<< 23:c9:cc:4b:a0:3a,2092,-41,1270,58.06,35.33,32,73742,138732
[Recv] <<< 23:c9:cc:4b:a0:3a,2094,-44,1271,58.07,35.33,66,73808,138798
[Recv] <<< 23:c9:cc:4b:a0:3a,2095,-35,1272,58.05,35.33,35,73843,138833
[Recv] <<< 23:c9:cc:4b:a0:3a,2096,-43,1273,58.04,35.33,36,73879,138869
[Recv] <<< 23:c9:cc:4b:a0:3a,2097,-41,1274,58.02,35.34,43,73922,138912
[Recv] <<< 23:c9:cc:4b:a0:3a,2098,-41,1275,58.01,35.34,36,73958,138948
[Recv] <<< 23:c9:cc:4b:a0:3a,2099,-41,1276,57.98,35.33,29,73987,138977
[Recv] <<< 23:c9:cc:4b:a0:3a,2100,-46,1277,57.97,35.33,35,74022,139012
[Recv] <<< 23:c9:cc:4b:a0:3a,2101,-43,1278,57.95,35.33,36,74058,139048
[Recv] <<< 23:c9:cc:4b:a0:3a,2102,-47,1279,57.93,35.33,30,74088,139078
[Recv] <<< 23:c9:cc:4b:a0:3a,2103,-36,1280,57.90,35.33,28,74116,139106
[Recv] <<< 23:c9:cc:4b:a0:3a,2105,-45,1281,57.93,35.33,86,74202,139192
[Recv] <<< 23:c9:cc:4b:a0:3a,2106,-46,1282,57.90,35.33,31,74233,139223
[Recv] <<< 23:c9:cc:4b:a0:3a,2107,-32,1283,57.89,35.33,39,74272,139262
[Recv] <<< 23:c9:cc:4b:a0:3a,2108,-32,1284,57.87,35.33,33,74305,139295
[Recv] <<< 23:c9:cc:4b:a0:3a,2113,-41,1285,57.95,35.33,164,74469,139459
[Recv] <<< 23:c9:cc:4b:a0:3a,2116,-36,1286,57.99,35.33,108,74577,139567
[Recv] <<< 23:c9:cc:4b:a0:3a,2117,-35,1287,57.97,35.32,27,74604,139594
[Recv] <<< 23:c9:cc:4b:a0:3a,2119,-36,1288,57.98,35.33,74,74678,139668
[Recv] <<< 23:c9:cc:4b:a0:3a,2120,-33,1289,57.96,35.32,30,74708,139698
[Recv] <<< 23:c9:cc:4b:a0:3a,2121,-35,1290,57.94,35.32,30,74738,139728
[Recv] <<< 23:c9:cc:4b:a0:3a,2122,-32,1291,57.92,35.32,34,74772,139762
[Recv] <<< 23:c9:cc:4b:a0:3a,2123,-32,1292,57.90,35.32,36,74808,139798
[Recv] <<< 23:c9:cc:4b:a0:3a,2124,-32,1293,57.88,35.32,27,74835,139825
[Recv] <<< 23:c9:cc:4b:a0:3a,2125,-32,1294,57.86,35.32,35,74870,139860
[Recv] <<< 23:c9:cc:4b:a0:3a,2127,-41,1295,57.86,35.31,61,74931,139921
[Recv] <<< 23:c9:cc:4b:a0:3a,2128,-45,1296,57.85,35.31,37,74968,139958
[Recv] <<< 23:c9:cc:4b:a0:3a,2129,-41,1297,57.83,35.31,35,75003,139993
[Recv] <<< 23:c9:cc:4b:a0:3a,2130,-32,1298,57.81,35.31,34,75037,140027
[Recv] <<< 23:c9:cc:4b:a0:3a,2131,-32,1299,57.80,35.31,42,75079,140069
[Recv] <<< 23:c9:cc:4b:a0:3a,2132,-32,1300,57.77,35.31,27,75106,140096
[Recv] <<< 23:c9:cc:4b:a0:3a,2133,-32,1301,57.76,35.31,34,75140,140130
[Recv] <<< 23:c9:cc:4b:a0:3a,2134,-35,1302,57.74,35.31,33,75173,140163
[Recv] <<< 23:c9:cc:4b:a0:3a,2135,-32,1303,57.72,35.31,39,75212,140202
[Recv] <<< 23:c9:cc:4b:a0:3a,2136,-32,1304,57.71,35.31,43,75255,140245
[Recv] <<< 23:c9:cc:4b:a0:3a,2137,-32,1305,57.69,35.31,31,75286,140276
[Recv] <<< 23:c9:cc:4b:a0:3a,2138,-32,1306,57.67,35.31,26,75312,140302
[Recv] <<< 23:c9:cc:4b:a0:3a,2139,-47,1307,57.65,35.31,40,75352,140342
[Recv] <<< 23:c9:cc:4b:a0:3a,2140,-32,1308,57.64,35.31,41,75393,140383
[Recv] <<< 23:c9:cc:4b:a0:3a,2142,-35,1309,57.65,35.32,76,75469,140459
[Recv] <<< 23:c9:cc:4b:a0:3a,2143,-35,1310,57.64,35.31,34,75503,140493
[Recv] <<< 23:c9:cc:4b:a0:3a,2144,-35,1311,57.62,35.32,40,75543,140533
[Recv] <<< 23:c9:cc:4b:a0:3a,2145,-35,1312,57.60,35.32,32,75575,140565
[Recv] <<< 23:c9:cc:4b:a0:3a,2146,-35,1313,57.58,35.31,34,75609,140599
[Recv] <<< 23:c9:cc:4b:a0:3a,2147,-35,1314,57.57,35.31,34,75643,140633
[Recv] <<< 23:c9:cc:4b:a0:3a,2148,-35,1315,57.55,35.31,36,75679,140669
[Recv] <<< 23:c9:cc:4b:a0:3a,2149,-35,1316,57.53,35.32,37,75716,140706
[Recv] <<< 23:c9:cc:4b:a0:3a,2150,-35,1317,57.51,35.31,26,75742,140732
[Recv] <<< 23:c9:cc:4b:a0:3a,2151,-35,1318,57.49,35.31,32,75774,140764
[Recv] <<< 23:c9:cc:4b:a0:3a,2152,-36,1319,57.48,35.31,37,75811,140801
[Recv] <<< 23:c9:cc:4b:a0:3a,2153,-46,1320,57.46,35.31,37,75848,140838
[Recv] <<< 23:c9:cc:4b:a0:3a,2155,-45,1321,57.47,35.31,67,75915,140905
[Recv] <<< 23:c9:cc:4b:a0:3a,2156,-46,1322,57.45,35.31,40,75955,140945
[Recv] <<< 23:c9:cc:4b:a0:3a,2157,-41,1323,57.43,35.31,30,75985,140975
[Recv] <<< 23:c9:cc:4b:a0:3a,2158,-41,1324,57.41,35.31,32,76017,141007
[Recv] <<< 23:c9:cc:4b:a0:3a,2159,-41,1325,57.40,35.31,36,76053,141043
[Recv] <<< 23:c9:cc:4b:a0:3a,2163,-43,1326,57.45,35.30,126,76179,141169
[Recv] <<< 23:c9:cc:4b:a0:3a,2164,-36,1327,57.44,35.30,39,76218,141208
[Recv] <<< 23:c9:cc:4b:a0:3a,2165,-35,1328,57.41,35.30,27,76245,141235
[Recv] <<< 23:c9:cc:4b:a0:3a,2166,-35,1329,57.40,35.30,34,76279,141269
[Recv] <<< 23:c9:cc:4b:a0:3a,2167,-35,1330,57.38,35.30,31,76310,141300
[Recv] <<< 23:c9:cc:4b:a0:3a,2168,-36,1331,57.36,35.30,39,76349,141339
[Recv] <<< 23:c9:cc:4b:a0:3a,2170,-35,1332,57.37,35.30,69,76418,141408
[Recv] <<< 23:c9:cc:4b:a0:3a,2171,-36,1333,57.35,35.30,36,76454,141444
[Recv] <<< 23:c9:cc:4b:a0:3a,2173,-35,1334,57.36,35.30,68,76522,141512
[Recv] <<< 23:c9:cc:4b:a0:3a,2174,-32,1335,57.34,35.29,25,76547,141537
[Recv] <<< 23:c9:cc:4b:a0:3a,2175,-32,1336,57.33,35.29,40,76587,141577
[Recv] <<< 23:c9:cc:4b:a0:3a,2176,-32,1337,57.30,35.29,28,76615,141605
[Recv] <<< 23:c9:cc:4b:a0:3a,2177,-32,1338,57.29,35.29,37,76652,141642
[Recv] <<< 23:c9:cc:4b:a0:3a,2178,-32,1339,57.27,35.29,31,76683,141673
[Recv] <<< 23:c9:cc:4b:a0:3a,2180,-47,1340,57.27,35.28,60,76743,141733
[Recv] <<< 23:c9:cc:4b:a0:3a,2181,-32,1341,57.26,35.29,46,76789,141779
[Recv] <<< 23:c9:cc:4b:a0:3a,2182,-32,1342,57.24,35.29,30,76819,141809
[Recv] <<< 23:c9:cc:4b:a0:3a,2183,-32,1343,57.22,35.29,33,76852,141842
[Recv] <<< 23:c9:cc:4b:a0:3a,2184,-32,1344,57.20,35.28,30,76882,141872
[Recv] <<< 23:c9:cc:4b:a0:3a,2185,-32,1345,57.19,35.28,35,76917,141907
[Recv] <<< 23:c9:cc:4b:a0:3a,2186,-35,1346,57.17,35.28,38,76955,141945
[Recv] <<< 23:c9:cc:4b:a0:3a,2187,-32,1347,57.15,35.28,31,76986,141976
[Recv] <<< 23:c9:cc:4b:a0:3a,2188,-32,1348,57.14,35.28,34,77020,142010
[Recv] <<< 23:c9:cc:4b:a0:3a,2189,-32,1349,57.12,35.28,38,77058,142048
[Recv] <<< 23:c9:cc:4b:a0:3a,2190,-32,1350,57.10,35.28,30,77088,142078
[Recv] <<< 23:c9:cc:4b:a0:3a,2191,-35,1351,57.09,35.28,34,77122,142112
[Recv] <<< 23:c9:cc:4b:a0:3a,2192,-35,1352,57.08,35.28,44,77166,142156
[Recv] <<< 23:c9:cc:4b:a0:3a,2193,-41,1353,57.07,35.29,45,77211,142201
[Recv] <<< 23:c9:cc:4b:a0:3a,2196,-35,1354,57.09,35.28,94,77305,142295
[Recv] <<< 23:c9:cc:4b:a0:3a,2212,-41,1355,57.47,35.28,563,77868,142858
[Recv] <<< 23:c9:cc:4b:a0:3a,2213,-32,1356,57.46,35.29,45,77913,142903
[Recv] <<< 23:c9:cc:4b:a0:3a,2215,-44,1357,57.48,35.29,82,77995,142985
[Recv] <<< 23:c9:cc:4b:a0:3a,2216,-41,1358,57.46,35.29,39,78034,143024
[Recv] <<< 23:c9:cc:4b:a0:3a,2220,-46,1359,57.53,35.30,149,78183,143173
[Recv] <<< 23:c9:cc:4b:a0:3a,2222,-41,1360,57.54,35.29,66,78249,143239
[Recv] <<< 23:c9:cc:4b:a0:3a,2223,-41,1361,57.52,35.29,33,78282,143272
[Recv] <<< 23:c9:cc:4b:a0:3a,2224,-46,1362,57.51,35.30,40,78322,143312
[Recv] <<< 23:c9:cc:4b:a0:3a,2225,-43,1363,57.48,35.29,29,78351,143341
[Recv] <<< 23:c9:cc:4b:a0:3a,2226,-41,1364,57.46,35.29,30,78381,143371
[Recv] <<< 23:c9:cc:4b:a0:3a,2228,-32,1365,57.48,35.29,76,78457,143447
[Recv] <<< 23:c9:cc:4b:a0:3a,2229,-32,1366,57.46,35.29,36,78493,143483
[Recv] <<< 23:c9:cc:4b:a0:3a,2230,-32,1367,57.45,35.30,44,78537,143527
[Recv] <<< 23:c9:cc:4b:a0:3a,2231,-32,1368,57.43,35.30,30,78567,143557
[Recv] <<< 23:c9:cc:4b:a0:3a,2232,-32,1369,57.42,35.30,41,78608,143598
[Recv] <<< 23:c9:cc:4b:a0:3a,2233,-32,1370,57.40,35.30,33,78641,143631
[Recv] <<< 23:c9:cc:4b:a0:3a,2234,-32,1371,57.39,35.30,37,78678,143668
[Recv] <<< 23:c9:cc:4b:a0:3a,2235,-32,1372,57.37,35.30,33,78711,143701
[Recv] <<< 23:c9:cc:4b:a0:3a,2236,-32,1373,57.35,35.30,35,78746,143736
[Recv] <<< 23:c9:cc:4b:a0:3a,2237,-46,1374,57.33,35.29,30,78776,143766
[Recv] <<< 23:c9:cc:4b:a0:3a,2238,-41,1375,57.31,35.29,27,78803,143793
[Recv] <<< 23:c9:cc:4b:a0:3a,2239,-41,1376,57.30,35.29,42,78845,143835
[Recv] <<< 23:c9:cc:4b:a0:3a,2240,-36,1377,57.28,35.29,31,78876,143866
[Recv] <<< 23:c9:cc:4b:a0:3a,2241,-35,1378,57.26,35.29,30,78906,143896
[Recv] <<< 23:c9:cc:4b:a0:3a,2242,-35,1379,57.24,35.29,32,78938,143928
[Recv] <<< 23:c9:cc:4b:a0:3a,2245,-35,1380,57.28,35.29,110,79048,144038
[Recv] <<< 23:c9:cc:4b:a0:3a,2246,-35,1381,57.27,35.29,39,79087,144077
[Recv] <<< 23:c9:cc:4b:a0:3a,2247,-45,1382,57.25,35.29,37,79124,144114
[Recv] <<< 23:c9:cc:4b:a0:3a,2248,-41,1383,57.24,35.29,36,79160,144150
[Recv] <<< 23:c9:cc:4b:a0:3a,2249,-46,1384,57.21,35.29,25,79185,144175
[Recv] <<< 23:c9:cc:4b:a0:3a,2250,-41,1385,57.20,35.29,40,79225,144215
[Recv] <<< 23:c9:cc:4b:a0:3a,2251,-41,1386,57.19,35.29,34,79259,144249
[Recv] <<< 23:c9:cc:4b:a0:3a,2252,-44,1387,57.17,35.29,37,79296,144286
[Recv] <<< 23:c9:cc:4b:a0:3a,2253,-41,1388,57.15,35.29,27,79323,144313
[Recv] <<< 23:c9:cc:4b:a0:3a,2254,-41,1389,57.14,35.29,39,79362,144352
[Recv] <<< 23:c9:cc:4b:a0:3a,2255,-47,1390,57.11,35.28,25,79387,144377
[Recv] <<< 23:c9:cc:4b:a0:3a,2256,-32,1391,57.10,35.29,45,79432,144422
[Recv] <<< 23:c9:cc:4b:a0:3a,2257,-32,1392,57.09,35.29,31,79463,144453
[Recv] <<< 23:c9:cc:4b:a0:3a,2258,-32,1393,57.07,35.28,33,79496,144486
[Recv] <<< 23:c9:cc:4b:a0:3a,2259,-32,1394,57.06,35.29,39,79535,144525
[Recv] <<< 23:c9:cc:4b:a0:3a,2260,-32,1395,57.04,35.29,33,79568,144558
[Recv] <<< 23:c9:cc:4b:a0:3a,2261,-32,1396,57.03,35.29,40,79608,144598
[Recv] <<< 23:c9:cc:4b:a0:3a,2262,-36,1397,57.02,35.29,42,79650,144640
[Recv] <<< 23:c9:cc:4b:a0:3a,2263,-32,1398,57.00,35.29,33,79683,144673
[Recv] <<< 23:c9:cc:4b:a0:3a,2264,-32,1399,56.98,35.29,28,79711,144701
[Recv] <<< 23:c9:cc:4b:a0:3a,2265,-32,1400,56.96,35.29,35,79746,144736
[Recv] <<< 23:c9:cc:4b:a0:3a,2266,-32,1401,56.95,35.29,37,79783,144773
[Recv] <<< 23:c9:cc:4b:a0:3a,2267,-44,1402,56.93,35.28,26,79809,144799
[Recv] <<< 23:c9:cc:4b:a0:3a,2268,-41,1403,56.91,35.28,35,79844,144834
[Recv] <<< 23:c9:cc:4b:a0:3a,2269,-44,1404,56.89,35.28,27,79871,144861
[Recv] <<< 23:c9:cc:4b:a0:3a,2270,-43,1405,56.87,35.28,34,79905,144895
[Recv] <<< 23:c9:cc:4b:a0:3a,2271,-32,1406,56.86,35.28,44,79949,144939
[Recv] <<< 23:c9:cc:4b:a0:3a,2272,-41,1407,56.85,35.28,34,79983,144973
[Recv] <<< 23:c9:cc:4b:a0:3a,2275,-41,1408,56.88,35.28,102,80085,145075
[Recv] <<< 23:c9:cc:4b:a0:3a,2276,-41,1409,56.86,35.28,35,80120,145110
[Recv] <<< 23:c9:cc:4b:a0:3a,2277,-44,1410,56.85,35.28,35,80155,145145
[Recv] <<< 23:c9:cc:4b:a0:3a,2278,-41,1411,56.83,35.28,33,80188,145178
[Recv] <<< 23:c9:cc:4b:a0:3a,2279,-41,1412,56.81,35.28,29,80217,145207
[Recv] <<< 23:c9:cc:4b:a0:3a,2284,-35,1413,56.89,35.27,165,80382,145372
[Recv] <<< 23:c9:cc:4b:a0:3a,2285,-35,1414,56.87,35.27,26,80408,145398
[Recv] <<< 23:c9:cc:4b:a0:3a,2286,-35,1415,56.85,35.27,40,80448,145438
[Recv] <<< 23:c9:cc:4b:a0:3a,2287,-35,1416,56.83,35.27,28,80476,145466
[Recv] <<< 23:c9:cc:4b:a0:3a,2288,-35,1417,56.82,35.27,36,80512,145502
[Recv] <<< 23:c9:cc:4b:a0:3a,2289,-35,1418,56.80,35.26,33,80545,145535
[Recv] <<< 23:c9:cc:4b:a0:3a,2290,-35,1419,56.78,35.26,31,80576,145566
[Recv] <<< 23:c9:cc:4b:a0:3a,2291,-35,1420,56.77,35.27,42,80618,145608
[Recv] <<< 23:c9:cc:4b:a0:3a,2292,-35,1421,56.75,35.26,29,80647,145637
[Recv] <<< 23:c9:cc:4b:a0:3a,2293,-35,1422,56.74,35.26,36,80683,145673
[Recv] <<< 23:c9:cc:4b:a0:3a,2295,-35,1423,56.75,35.27,75,80758,145748
[Recv] <<< 23:c9:cc:4b:a0:3a,2296,-35,1424,56.73,35.26,31,80789,145779
[Recv] <<< 23:c9:cc:4b:a0:3a,2297,-44,1425,56.72,35.27,42,80831,145821
[Recv] <<< 23:c9:cc:4b:a0:3a,2299,-36,1426,56.72,35.26,58,80889,145879
[Recv] <<< 23:c9:cc:4b:a0:3a,2300,-35,1427,56.71,35.26,35,80924,145914
[Recv] <<< 23:c9:cc:4b:a0:3a,2301,-36,1428,56.70,35.26,41,80965,145955
[Recv] <<< 23:c9:cc:4b:a0:3a,2303,-35,1429,56.71,35.26,67,81032,146022
[Recv] <<< 23:c9:cc:4b:a0:3a,2304,-45,1430,56.69,35.26,34,81066,146056
[Recv] <<< 23:c9:cc:4b:a0:3a,2305,-41,1431,56.68,35.26,42,81108,146098
[Recv] <<< 23:c9:cc:4b:a0:3a,2306,-41,1432,56.66,35.26,34,81142,146132
[Recv] <<< 23:c9:cc:4b:a0:3a,2307,-41,1433,56.65,35.26,33,81175,146165
[Recv] <<< 23:c9:cc:4b:a0:3a,2308,-35,1434,56.63,35.26,30,81205,146195
[Recv] <<< 23:c9:cc:4b:a0:3a,2309,-35,1435,56.61,35.26,31,81236,146226
[Recv] <<< 23:c9:cc:4b:a0:3a,2310,-35,1436,56.59,35.26,33,81269,146259
[Recv] <<< 23:c9:cc:4b:a0:3a,2313,-45,1437,56.63,35.26,108,81377,146367
[Recv] <<< 23:c9:cc:4b:a0:3a,2314,-47,1438,56.62,35.26,37,81414,146404
[Recv] <<< 23:c9:cc:4b:a0:3a,2316,-32,1439,56.63,35.26,80,81494,146484
[Recv] <<< 23:c9:cc:4b:a0:3a,2317,-32,1440,56.62,35.26,35,81529,146519
[Recv] <<< 23:c9:cc:4b:a0:3a,2318,-32,1441,56.60,35.26,28,81557,146547
[Recv] <<< 23:c9:cc:4b:a0:3a,2319,-32,1442,56.59,35.26,45,81602,146592
[Recv] <<< 23:c9:cc:4b:a0:3a,2320,-32,1443,56.57,35.26,30,81632,146622
[Recv] <<< 23:c9:cc:4b:a0:3a,2321,-32,1444,56.55,35.26,31,81663,146653
[Recv] <<< 23:c9:cc:4b:a0:3a,2322,-32,1445,56.54,35.26,36,81699,146689
[Recv] <<< 23:c9:cc:4b:a0:3a,2323,-32,1446,56.52,35.26,29,81728,146718
[Recv] <<< 23:c9:cc:4b:a0:3a,2324,-32,1447,56.50,35.26,30,81758,146748
[Recv] <<< 23:c9:cc:4b:a0:3a,2325,-32,1448,56.49,35.26,42,81800,146790
[Recv] <<< 23:c9:cc:4b:a0:3a,2327,-35,1449,56.50,35.26,75,81875,146865
[Recv] <<< 23:c9:cc:4b:a0:3a,2328,-35,1450,56.49,35.26,37,81912,146902
[Recv] <<< 23:c9:cc:4b:a0:3a,2329,-43,1451,56.48,35.26,42,81954,146944
[Recv] <<< 23:c9:cc:4b:a0:3a,2330,-41,1452,56.47,35.26,35,81989,146979
[Recv] <<< 23:c9:cc:4b:a0:3a,2335,-32,1453,56.55,35.27,183,82172,147162
[Recv] <<< 23:c9:cc:4b:a0:3a,2337,-36,1454,56.57,35.27,78,82250,147240
[Recv] <<< 23:c9:cc:4b:a0:3a,2338,-35,1455,56.56,35.27,41,82291,147281
[Recv] <<< 23:c9:cc:4b:a0:3a,2339,-35,1456,56.54,35.27,31,82322,147312
[Recv] <<< 23:c9:cc:4b:a0:3a,2342,-35,1457,56.58,35.27,109,82431,147421
[Recv] <<< 23:c9:cc:4b:a0:3a,2344,-43,1458,56.59,35.28,81,82512,147502
[Recv] <<< 23:c9:cc:4b:a0:3a,2345,-44,1459,56.58,35.28,43,82555,147545
[Recv] <<< 23:c9:cc:4b:a0:3a,2346,-32,1460,56.57,35.28,39,82594,147584
[Recv] <<< 23:c9:cc:4b:a0:3a,2347,-32,1461,56.56,35.28,36,82630,147620
[Recv] <<< 23:c9:cc:4b:a0:3a,2348,-38,1462,56.55,35.29,43,82673,147663
[Recv] <<< 23:c9:cc:4b:a0:3a,2349,-32,1463,56.53,35.28,28,82701,147691
[Recv] <<< 23:c9:cc:4b:a0:3a,2350,-32,1464,56.52,35.28,38,82739,147729
[Recv] <<< 23:c9:cc:4b:a0:3a,2352,-35,1465,56.53,35.29,76,82815,147805
[Recv] <<< 23:c9:cc:4b:a0:3a,2355,-35,1466,56.56,35.29,108,82923,147913
[Recv] <<< 23:c9:cc:4b:a0:3a,2359,-41,1467,56.63,35.29,156,83079,148069
[Recv] <<< 23:c9:cc:4b:a0:3a,2361,-41,1468,56.65,35.30,78,83157,148147
[Recv] <<< 23:c9:cc:4b:a0:3a,2363,-46,1469,56.66,35.30,70,83227,148217
[Recv] <<< 23:c9:cc:4b:a0:3a,2364,-32,1470,56.65,35.30,43,83270,148260
[Recv] <<< 23:c9:cc:4b:a0:3a,2365,-32,1471,56.63,35.30,38,83308,148298
[Recv] <<< 23:c9:cc:4b:a0:3a,2367,-36,1472,56.64,35.30,68,83376,148366
[Recv] <<< 23:c9:cc:4b:a0:3a,2368,-36,1473,56.63,35.30,40,83416,148406
[Recv] <<< 23:c9:cc:4b:a0:3a,2370,-41,1474,56.64,35.30,78,83494,148484
[Recv] <<< 23:c9:cc:4b:a0:3a,2371,-45,1475,56.64,35.31,43,83537,148527
[Recv] <<< 23:c9:cc:4b:a0:3a,2373,-32,1476,56.65,35.31,75,83612,148602
[Recv] <<< 23:c9:cc:4b:a0:3a,2374,-35,1477,56.64,35.31,47,83659,148649
[Recv] <<< 23:c9:cc:4b:a0:3a,2375,-35,1478,56.63,35.32,41,83700,148690
[Recv] <<< 23:c9:cc:4b:a0:3a,2376,-35,1479,56.62,35.32,39,83739,148729
[Recv] <<< 23:c9:cc:4b:a0:3a,2378,-41,1480,56.63,35.32,76,83815,148805
[Recv] <<< 23:c9:cc:4b:a0:3a,2379,-46,1481,56.62,35.32,39,83854,148844
[Recv] <<< 23:c9:cc:4b:a0:3a,2380,-32,1482,56.61,35.32,40,83894,148884
[Recv] <<< 23:c9:cc:4b:a0:3a,2381,-32,1483,56.59,35.32,31,83925,148915
[Recv] <<< 23:c9:cc:4b:a0:3a,2382,-32,1484,56.58,35.32,41,83966,148956
[Recv] <<< 23:c9:cc:4b:a0:3a,2383,-35,1485,56.58,35.33,49,84015,149005
[Recv] <<< 23:c9:cc:4b:a0:3a,2384,-41,1486,56.57,35.33,42,84057,149047
[Recv] <<< 23:c9:cc:4b:a0:3a,2385,-32,1487,56.56,35.34,49,84106,149096
[Recv] <<< 23:c9:cc:4b:a0:3a,2386,-36,1488,56.55,35.34,39,84145,149135
[Recv] <<< 23:c9:cc:4b:a0:3a,2388,-41,1489,56.57,35.35,90,84235,149225
[Recv] <<< 23:c9:cc:4b:a0:3a,2389,-32,1490,56.56,35.35,39,84274,149264
[Recv] <<< 23:c9:cc:4b:a0:3a,2390,-36,1491,56.56,35.36,50,84324,149314
[Recv] <<< 23:c9:cc:4b:a0:3a,2392,-41,1492,56.57,35.36,79,84403,149393
[Recv] <<< 23:c9:cc:4b:a0:3a,2393,-32,1493,56.56,35.36,48,84451,149441
[Recv] <<< 23:c9:cc:4b:a0:3a,2394,-34,1494,56.56,35.37,47,84498,149488
[Recv] <<< 23:c9:cc:4b:a0:3a,2395,-41,1495,56.55,35.37,44,84542,149532
[Recv] <<< 23:c9:cc:4b:a0:3a,2396,-32,1496,56.54,35.38,47,84589,149579
[Recv] <<< 23:c9:cc:4b:a0:3a,2397,-32,1497,56.53,35.38,35,84624,149614
[Recv] <<< 23:c9:cc:4b:a0:3a,2398,-35,1498,56.52,35.38,42,84666,149656
[Recv] <<< 23:c9:cc:4b:a0:3a,2401,-32,1499,56.57,35.39,138,84804,149794
[Recv] <<< 23:c9:cc:4b:a0:3a,2406,-32,1500,56.67,35.41,206,85010,150000
[Recv] <<< 23:c9:cc:4b:a0:3a,2411,-35,1501,56.78,35.42,214,85224,150214
[Recv] <<< 23:c9:cc:4b:a0:3a,2412,-35,1502,56.77,35.43,49,85273,150263
[Recv] <<< 23:c9:cc:4b:a0:3a,2413,-41,1503,56.76,35.43,40,85313,150303
[Recv] <<< 23:c9:cc:4b:a0:3a,2414,-32,1504,56.76,35.43,48,85361,150351
[Recv] <<< 23:c9:cc:4b:a0:3a,2415,-34,1505,56.74,35.44,40,85401,150391
[Recv] <<< 23:c9:cc:4b:a0:3a,2416,-41,1506,56.74,35.44,43,85444,150434
[Recv] <<< 23:c9:cc:4b:a0:3a,2418,-32,1507,56.75,35.45,85,85529,150519
[Recv] <<< 23:c9:cc:4b:a0:3a,2419,-35,1508,56.74,35.45,38,85567,150557
[Recv] <<< 23:c9:cc:4b:a0:3a,2421,-32,1509,56.77,35.46,95,85662,150652
[Recv] <<< 23:c9:cc:4b:a0:3a,2424,-32,1510,56.81,35.46,127,85789,150779
[Recv] <<< 23:c9:cc:4b:a0:3a,2426,-35,1511,56.83,35.47,80,85869,150859
[Recv] <<< 23:c9:cc:4b:a0:3a,2427,-35,1512,56.82,35.47,42,85911,150901
[Recv] <<< 23:c9:cc:4b:a0:3a,2428,-43,1513,56.81,35.47,44,85955,150945
[Recv] <<< 23:c9:cc:4b:a0:3a,2429,-32,1514,56.80,35.48,44,85999,150989
[Recv] <<< 23:c9:cc:4b:a0:3a,2430,-35,1515,56.79,35.48,45,86044,151034
[Recv] <<< 23:c9:cc:4b:a0:3a,2437,-32,1516,56.96,35.50,303,86347,151337
[Recv] <<< 23:c9:cc:4b:a0:3a,2439,-35,1517,56.98,35.51,85,86432,151422
[Recv] <<< 23:c9:cc:4b:a0:3a,2440,-41,1518,56.96,35.51,36,86468,151458
[Recv] <<< 23:c9:cc:4b:a0:3a,2442,-32,1519,56.98,35.52,90,86558,151548
[Recv] <<< 23:c9:cc:4b:a0:3a,2443,-35,1520,56.98,35.52,45,86603,151593
[Recv] <<< 23:c9:cc:4b:a0:3a,2444,-41,1521,56.96,35.52,40,86643,151633
[Recv] <<< 23:c9:cc:4b:a0:3a,2445,-32,1522,56.96,35.53,45,86688,151678
[Recv] <<< 23:c9:cc:4b:a0:3a,2449,-44,1523,57.02,35.54,160,86848,151838
[Recv] <<< 23:c9:cc:4b:a0:3a,2450,-41,1524,57.01,35.54,41,86889,151879
[Recv] <<< 23:c9:cc:4b:a0:3a,2451,-32,1525,57.01,35.54,46,86935,151925
[Recv] <<< 23:c9:cc:4b:a0:3a,2452,-32,1526,56.99,35.54,39,86974,151964
[Recv] <<< 23:c9:cc:4b:a0:3a,2453,-35,1527,56.99,35.55,45,87019,152009
[Recv] <<< 23:c9:cc:4b:a0:3a,2455,-32,1528,57.00,35.55,81,87100,152090
[Recv] <<< 23:c9:cc:4b:a0:3a,2456,-32,1529,57.00,35.56,51,87151,152141
[Recv] <<< 23:c9:cc:4b:a0:3a,2458,-35,1530,57.01,35.56,77,87228,152218
[Recv] <<< 23:c9:cc:4b:a0:3a,2459,-43,1531,57.00,35.56,42,87270,152260
[Recv] <<< 23:c9:cc:4b:a0:3a,2462,-35,1532,57.05,35.57,127,87397,152387
[Recv] <<< 23:c9:cc:4b:a0:3a,2463,-41,1533,57.04,35.58,51,87448,152438
[Recv] <<< 23:c9:cc:4b:a0:3a,2465,-32,1534,57.06,35.58,78,87526,152516
[Recv] <<< 23:c9:cc:4b:a0:3a,2467,-41,1535,57.07,35.58,81,87607,152597
[Recv] <<< 23:c9:cc:4b:a0:3a,2471,-35,1536,57.15,35.59,169,87776,152766
[Recv] <<< 23:c9:cc:4b:a0:3a,2472,-43,1537,57.14,35.60,44,87820,152810
[Recv] <<< 23:c9:cc:4b:a0:3a,2473,-32,1538,57.12,35.60,36,87856,152846
[Recv] <<< 23:c9:cc:4b:a0:3a,2474,-32,1539,57.11,35.60,41,87897,152887
[Recv] <<< 23:c9:cc:4b:a0:3a,2475,-35,1540,57.11,35.61,48,87945,152935
[Recv] <<< 23:c9:cc:4b:a0:3a,2477,-43,1541,57.12,35.61,80,88025,153015
[Recv] <<< 23:c9:cc:4b:a0:3a,2478,-32,1542,57.12,35.61,49,88074,153064
[Recv] <<< 23:c9:cc:4b:a0:3a,2479,-32,1543,57.11,35.62,44,88118,153108
[Recv] <<< 23:c9:cc:4b:a0:3a,2480,-35,1544,57.10,35.62,43,88161,153151
[Recv] <<< 23:c9:cc:4b:a0:3a,2481,-35,1545,57.09,35.62,41,88202,153192
[Recv] <<< 23:c9:cc:4b:a0:3a,2482,-41,1546,57.07,35.62,34,88236,153226
[Recv] <<< 23:c9:cc:4b:a0:3a,2483,-32,1547,57.07,35.63,49,88285,153275
[Recv] <<< 23:c9:cc:4b:a0:3a,2484,-36,1548,57.06,35.63,42,88327,153317
[Recv] <<< 23:c9:cc:4b:a0:3a,2485,-41,1549,57.05,35.63,45,88372,153362
[Recv] <<< 23:c9:cc:4b:a0:3a,2488,-35,1550,57.09,35.64,120,88492,153482
[Recv] <<< 23:c9:cc:4b:a0:3a,2491,-32,1551,57.14,35.65,128,88620,153610
[Recv] <<< 23:c9:cc:4b:a0:3a,2492,-32,1552,57.13,35.65,46,88666,153656
[Recv] <<< 23:c9:cc:4b:a0:3a,2493,-35,1553,57.12,35.65,39,88705,153695
[Recv] <<< 23:c9:cc:4b:a0:3a,2494,-45,1554,57.11,35.66,44,88749,153739
[Recv] <<< 23:c9:cc:4b:a0:3a,2496,-32,1555,57.13,35.66,85,88834,153824
[Recv] <<< 23:c9:cc:4b:a0:3a,2497,-32,1556,57.12,35.66,38,88872,153862
[Recv] <<< 23:c9:cc:4b:a0:3a,2498,-35,1557,57.10,35.66,39,88911,153901
[Recv] <<< 23:c9:cc:4b:a0:3a,2499,-35,1558,57.09,35.66,35,88946,153936
[Recv] <<< 23:c9:cc:4b:a0:3a,2501,-41,1559,57.11,35.67,82,89028,154018
[Recv] <<< 23:c9:cc:4b:a0:3a,2502,-43,1560,57.10,35.67,43,89071,154061
[Recv] <<< 23:c9:cc:4b:a0:3a,2504,-32,1561,57.11,35.67,77,89148,154138
[Recv] <<< 23:c9:cc:4b:a0:3a,2505,-35,1562,57.10,35.68,44,89192,154182
[Recv] <<< 23:c9:cc:4b:a0:3a,2506,-44,1563,57.09,35.68,43,89235,154225
[Recv] <<< 23:c9:cc:4b:a0:3a,2507,-32,1564,57.09,35.68,47,89282,154272
[Recv] <<< 23:c9:cc:4b:a0:3a,2509,-35,1565,57.10,35.69,80,89362,154352
[Recv] <<< 23:c9:cc:4b:a0:3a,2510,-35,1566,57.09,35.69,34,89396,154386
[Recv] <<< 23:c9:cc:4b:a0:3a,2511,-35,1567,57.08,35.69,42,89438,154428
[Recv] <<< 23:c9:cc:4b:a0:3a,2512,-43,1568,57.06,35.69,37,89475,154465
[Recv] <<< 23:c9:cc:4b:a0:3a,2513,-32,1569,57.05,35.69,41,89516,154506
[Recv] <<< 23:c9:cc:4b:a0:3a,2514,-32,1570,57.04,35.69,42,89558,154548
[Recv] <<< 23:c9:cc:4b:a0:3a,2515,-36,1571,57.03,35.70,40,89598,154588
[Recv] <<< 23:c9:cc:4b:a0:3a,2516,-35,1572,57.03,35.70,46,89644,154634
[Recv] <<< 23:c9:cc:4b:a0:3a,2517,-35,1573,57.01,35.70,32,89676,154666
[Recv] <<< 23:c9:cc:4b:a0:3a,2518,-45,1574,57.00,35.70,42,89718,154708
[Recv] <<< 23:c9:cc:4b:a0:3a,2519,-32,1575,56.99,35.70,44,89762,154752
[Recv] <<< 23:c9:cc:4b:a0:3a,2520,-32,1576,56.98,35.70,34,89796,154786
[Recv] <<< 23:c9:cc:4b:a0:3a,2523,-43,1577,57.02,35.71,125,89921,154911
[Recv] <<< 23:c9:cc:4b:a0:3a,2524,-43,1578,57.01,35.71,44,89965,154955
[Recv] <<< 23:c9:cc:4b:a0:3a,2526,-32,1579,57.03,35.72,80,90045,155035
[Recv] <<< 23:c9:cc:4b:a0:3a,2528,-36,1580,57.04,35.72,73,90118,155108
[Recv] <<< 23:c9:cc:4b:a0:3a,2529,-35,1581,57.03,35.72,43,90161,155151
[Recv] <<< 23:c9:cc:4b:a0:3a,2531,-43,1582,57.04,35.73,83,90244,155234
[Recv] <<< 23:c9:cc:4b:a0:3a,2533,-32,1583,57.06,35.73,80,90324,155314
[Recv] <<< 23:c9:cc:4b:a0:3a,2534,-35,1584,57.05,35.73,46,90370,155360
[Recv] <<< 23:c9:cc:4b:a0:3a,2535,-35,1585,57.04,35.74,41,90411,155401
[Recv] <<< 23:c9:cc:4b:a0:3a,2536,-43,1586,57.03,35.74,38,90449,155439
[Recv] <<< 23:c9:cc:4b:a0:3a,2537,-32,1587,57.02,35.74,47,90496,155486
[Recv] <<< 23:c9:cc:4b:a0:3a,2538,-35,1588,57.01,35.74,42,90538,155528
[Recv] <<< 23:c9:cc:4b:a0:3a,2539,-38,1589,57.00,35.75,40,90578,155568
[Recv] <<< 23:c9:cc:4b:a0:3a,2540,-41,1590,56.99,35.75,39,90617,155607
[Recv] <<< 23:c9:cc:4b:a0:3a,2542,-32,1591,57.01,35.75,78,90695,155685
[Recv] <<< 23:c9:cc:4b:a0:3a,2544,-36,1592,57.02,35.75,84,90779,155769
[Recv] <<< 23:c9:cc:4b:a0:3a,2545,-41,1593,57.01,35.75,37,90816,155806
[Recv] <<< 23:c9:cc:4b:a0:3a,2546,-41,1594,56.99,35.75,32,90848,155838
[Recv] <<< 23:c9:cc:4b:a0:3a,2547,-44,1595,56.98,35.75,41,90889,155879
[Recv] <<< 23:c9:cc:4b:a0:3a,2548,-32,1596,56.97,35.76,42,90931,155921
[Recv] <<< 23:c9:cc:4b:a0:3a,2549,-35,1597,56.96,35.76,38,90969,155959
[Recv] <<< 23:c9:cc:4b:a0:3a,2550,-34,1598,56.95,35.76,42,91011,156001
[Recv] <<< 23:c9:cc:4b:a0:3a,2551,-35,1599,56.94,35.76,41,91052,156042
[Recv] <<< 23:c9:cc:4b:a0:3a,2564,-46,1600,57.24,35.79,524,91576,156566
[Recv] <<< 23:c9:cc:4b:a0:3a,2571,-32,1601,57.38,35.80,286,91862,156852
[Recv] <<< 23:c9:cc:4b:a0:3a,2572,-36,1602,57.37,35.80,43,91905,156895
[Recv] <<< 23:c9:cc:4b:a0:3a,2573,-35,1603,57.36,35.80,40,91945,156935
[Recv] <<< 23:c9:cc:4b:a0:3a,2574,-41,1604,57.35,35.81,39,91984,156974
[Recv] <<< 23:c9:cc:4b:a0:3a,2576,-32,1605,57.36,35.81,81,92065,157055
[Recv] <<< 23:c9:cc:4b:a0:3a,2577,-32,1606,57.35,35.81,41,92106,157096
[Recv] <<< 23:c9:cc:4b:a0:3a,2579,-35,1607,57.36,35.81,77,92183,157173
[Recv] <<< 23:c9:cc:4b:a0:3a,2580,-41,1608,57.35,35.82,42,92225,157215
[Recv] <<< 23:c9:cc:4b:a0:3a,2581,-41,1609,57.34,35.82,43,92268,157258
[Recv] <<< 23:c9:cc:4b:a0:3a,2582,-32,1610,57.33,35.82,40,92308,157298
[Recv] <<< 23:c9:cc:4b:a0:3a,2586,-35,1611,57.39,35.82,152,92460,157450
[Recv] <<< 23:c9:cc:4b:a0:3a,2587,-41,1612,57.38,35.82,39,92499,157489
[Recv] <<< 23:c9:cc:4b:a0:3a,2589,-32,1613,57.40,35.83,81,92580,157570
[Recv] <<< 23:c9:cc:4b:a0:3a,2590,-34,1614,57.39,35.83,46,92626,157616
[Recv] <<< 23:c9:cc:4b:a0:3a,2591,-36,1615,57.38,35.83,35,92661,157651
[Recv] <<< 23:c9:cc:4b:a0:3a,2592,-35,1616,57.36,35.83,34,92695,157685
[Recv] <<< 23:c9:cc:4b:a0:3a,2595,-32,1617,57.41,35.84,129,92824,157814
[Recv] <<< 23:c9:cc:4b:a0:3a,2596,-35,1618,57.39,35.84,40,92864,157854
[Recv] <<< 23:c9:cc:4b:a0:3a,2597,-43,1619,57.38,35.84,42,92906,157896
[Recv] <<< 23:c9:cc:4b:a0:3a,2598,-41,1620,57.38,35.85,42,92948,157938
[Recv] <<< 23:c9:cc:4b:a0:3a,2599,-44,1621,57.36,35.85,35,92983,157973
[Recv] <<< 23:c9:cc:4b:a0:3a,2600,-32,1622,57.35,35.85,43,93026,158016
[Recv] <<< 23:c9:cc:4b:a0:3a,2601,-32,1623,57.34,35.85,39,93065,158055
[Recv] <<< 23:c9:cc:4b:a0:3a,2602,-35,1624,57.33,35.85,46,93111,158101
[Recv] <<< 23:c9:cc:4b:a0:3a,2603,-35,1625,57.32,35.85,37,93148,158138
[Recv] <<< 23:c9:cc:4b:a0:3a,2604,-41,1626,57.31,35.85,33,93181,158171
[Recv] <<< 23:c9:cc:4b:a0:3a,2605,-41,1627,57.30,35.85,40,93221,158211
[Recv] <<< 23:c9:cc:4b:a0:3a,2606,-41,1628,57.29,35.86,41,93262,158252
[Recv] <<< 23:c9:cc:4b:a0:3a,2607,-32,1629,57.28,35.86,48,93310,158300
[Recv] <<< 23:c9:cc:4b:a0:3a,2608,-35,1630,57.27,35.86,38,93348,158338
[Recv] <<< 23:c9:cc:4b:a0:3a,2609,-35,1631,57.26,35.86,38,93386,158376
[Recv] <<< 23:c9:cc:4b:a0:3a,2610,-41,1632,57.24,35.86,36,93422,158412
[Recv] <<< 23:c9:cc:4b:a0:3a,2612,-41,1633,57.25,35.86,72,93494,158484
[Recv] <<< 23:c9:cc:4b:a0:3a,2613,-32,1634,57.25,35.87,51,93545,158535
[Recv] <<< 23:c9:cc:4b:a0:3a,2614,-32,1635,57.24,35.87,35,93580,158570
[Recv] <<< 23:c9:cc:4b:a0:3a,2615,-35,1636,57.23,35.87,46,93626,158616
[Recv] <<< 23:c9:cc:4b:a0:3a,2617,-41,1637,57.24,35.88,82,93708,158698
[Recv] <<< 23:c9:cc:4b:a0:3a,2618,-32,1638,57.23,35.88,37,93745,158735
[Recv] <<< 23:c9:cc:4b:a0:3a,2619,-35,1639,57.22,35.88,45,93790,158780
[Recv] <<< 23:c9:cc:4b:a0:3a,2620,-35,1640,57.21,35.88,39,93829,158819
[Recv] <<< 23:c9:cc:4b:a0:3a,2621,-35,1641,57.20,35.88,34,93863,158853
[Recv] <<< 23:c9:cc:4b:a0:3a,2622,-41,1642,57.19,35.88,48,93911,158901
[Recv] <<< 23:c9:cc:4b:a0:3a,2623,-32,1643,57.18,35.89,41,93952,158942
[Recv] <<< 23:c9:cc:4b:a0:3a,2625,-32,1644,57.19,35.89,71,94023,159013
[Recv] <<< 23:c9:cc:4b:a0:3a,2626,-34,1645,57.18,35.89,36,94059,159049
[Recv] <<< 23:c9:cc:4b:a0:3a,2627,-35,1646,57.17,35.89,38,94097,159087
[Recv] <<< 23:c9:cc:4b:a0:3a,2628,-35,1647,57.16,35.89,38,94135,159125
[Recv] <<< 23:c9:cc:4b:a0:3a,2629,-41,1648,57.15,35.89,45,94180,159170
[Recv] <<< 23:c9:cc:4b:a0:3a,2630,-35,1649,57.13,35.89,27,94207,159197
[Recv] <<< 23:c9:cc:4b:a0:3a,2632,-41,1650,57.14,35.89,69,94276,159266
[Recv] <<< 23:c9:cc:4b:a0:3a,2633,-32,1651,57.13,35.89,44,94320,159310
[Recv] <<< 23:c9:cc:4b:a0:3a,2635,-35,1652,57.15,35.90,88,94408,159398
[Recv] <<< 23:c9:cc:4b:a0:3a,2636,-41,1653,57.14,35.90,38,94446,159436
[Recv] <<< 23:c9:cc:4b:a0:3a,2637,-41,1654,57.12,35.90,37,94483,159473
[Recv] <<< 23:c9:cc:4b:a0:3a,2639,-32,1655,57.14,35.90,76,94559,159549
[Recv] <<< 23:c9:cc:4b:a0:3a,2640,-35,1656,57.13,35.90,41,94600,159590
[Recv] <<< 23:c9:cc:4b:a0:3a,2641,-34,1657,57.11,35.90,38,94638,159628
[Recv] <<< 23:c9:cc:4b:a0:3a,2642,-35,1658,57.10,35.90,36,94674,159664
[Recv] <<< 23:c9:cc:4b:a0:3a,2644,-41,1659,57.11,35.90,78,94752,159742
[Recv] <<< 23:c9:cc:4b:a0:3a,2645,-41,1660,57.10,35.91,39,94791,159781
[Recv] <<< 23:c9:cc:4b:a0:3a,2647,-32,1661,57.11,35.91,76,94867,159857
[Recv] <<< 23:c9:cc:4b:a0:3a,2648,-32,1662,57.10,35.91,39,94906,159896
[Recv] <<< 23:c9:cc:4b:a0:3a,2649,-32,1663,57.09,35.91,36,94942,159932
[Recv] <<< 23:c9:cc:4b:a0:3a,2650,-35,1664,57.08,35.91,34,94976,159966
[Recv] <<< 23:c9:cc:4b:a0:3a,2652,-35,1665,57.09,35.91,74,95050,160040
[Recv] <<< 23:c9:cc:4b:a0:3a,2655,-35,1666,57.12,35.91,109,95159,160149
[Recv] <<< 23:c9:cc:4b:a0:3a,2656,-41,1667,57.11,35.91,39,95198,160188
[Recv] <<< 23:c9:cc:4b:a0:3a,2657,-41,1668,57.10,35.91,39,95237,160227
[Recv] <<< 23:c9:cc:4b:a0:3a,2658,-46,1669,57.08,35.91,37,95274,160264
[Recv] <<< 23:c9:cc:4b:a0:3a,2659,-46,1670,57.07,35.91,39,95313,160303
[Recv] <<< 23:c9:cc:4b:a0:3a,2660,-32,1671,57.06,35.91,37,95350,160340
[Recv] <<< 23:c9:cc:4b:a0:3a,2661,-32,1672,57.05,35.91,31,95381,160371
[Recv] <<< 23:c9:cc:4b:a0:3a,2662,-32,1673,57.03,35.91,37,95418,160408
[Recv] <<< 23:c9:cc:4b:a0:3a,2663,-32,1674,57.02,35.91,35,95453,160443
[Recv] <<< 23:c9:cc:4b:a0:3a,2664,-32,1675,57.01,35.91,32,95485,160475
[Recv] <<< 23:c9:cc:4b:a0:3a,2665,-32,1676,56.99,35.91,38,95523,160513
[Recv] <<< 23:c9:cc:4b:a0:3a,2666,-32,1677,56.98,35.91,38,95561,160551
[Recv] <<< 23:c9:cc:4b:a0:3a,2667,-32,1678,56.97,35.91,37,95598,160588
[Recv] <<< 23:c9:cc:4b:a0:3a,2668,-32,1679,56.95,35.91,26,95624,160614
[Recv] <<< 23:c9:cc:4b:a0:3a,2669,-32,1680,56.94,35.91,39,95663,160653
[Recv] <<< 23:c9:cc:4b:a0:3a,2670,-32,1681,56.93,35.91,33,95696,160686
[Recv] <<< 23:c9:cc:4b:a0:3a,2672,-35,1682,56.94,35.91,71,95767,160757
[Recv] <<< 23:c9:cc:4b:a0:3a,2673,-35,1683,56.93,35.91,48,95815,160805
[Recv] <<< 23:c9:cc:4b:a0:3a,2674,-35,1684,56.91,35.91,23,95838,160828
[Recv] <<< 23:c9:cc:4b:a0:3a,2675,-35,1685,56.90,35.91,41,95879,160869
[Recv] <<< 23:c9:cc:4b:a0:3a,2678,-35,1686,56.93,35.91,104,95983,160973
[Recv] <<< 23:c9:cc:4b:a0:3a,2679,-41,1687,56.92,35.91,45,96028,161018
[Recv] <<< 23:c9:cc:4b:a0:3a,2681,-41,1688,56.92,35.91,61,96089,161079
[Recv] <<< 23:c9:cc:4b:a0:3a,2682,-41,1689,56.91,35.91,37,96126,161116
[Recv] <<< 23:c9:cc:4b:a0:3a,2683,-41,1690,56.90,35.91,31,96157,161147
[Recv] <<< 23:c9:cc:4b:a0:3a,2686,-41,1691,56.93,35.91,105,96262,161252
[Recv] <<< 23:c9:cc:4b:a0:3a,2687,-32,1692,56.92,35.91,43,96305,161295
[Recv] <<< 23:c9:cc:4b:a0:3a,2689,-32,1693,56.92,35.91,66,96371,161361
[Recv] <<< 23:c9:cc:4b:a0:3a,2690,-32,1694,56.91,35.91,37,96408,161398
[Recv] <<< 23:c9:cc:4b:a0:3a,2691,-32,1695,56.90,35.91,35,96443,161433
[Recv] <<< 23:c9:cc:4b:a0:3a,2692,-32,1696,56.88,35.90,32,96475,161465
[Recv] <<< 23:c9:cc:4b:a0:3a,2693,-32,1697,56.88,35.91,44,96519,161509
[Recv] <<< 23:c9:cc:4b:a0:3a,2694,-32,1698,56.86,35.91,35,96554,161544
[Recv] <<< 23:c9:cc:4b:a0:3a,2695,-32,1699,56.85,35.91,36,96590,161580
[Recv] <<< 23:c9:cc:4b:a0:3a,2696,-32,1700,56.83,35.90,28,96618,161608
[Recv] <<< 23:c9:cc:4b:a0:3a,2697,-32,1701,56.83,35.91,42,96660,161650
[Recv] <<< 23:c9:cc:4b:a0:3a,2699,-35,1702,56.83,35.91,69,96729,161719
[Recv] <<< 23:c9:cc:4b:a0:3a,2700,-32,1703,56.82,35.91,37,96766,161756
[Recv] <<< 23:c9:cc:4b:a0:3a,2701,-32,1704,56.81,35.90,30,96796,161786
[Recv] <<< 23:c9:cc:4b:a0:3a,2702,-32,1705,56.79,35.90,33,96829,161819
[Recv] <<< 23:c9:cc:4b:a0:3a,2703,-32,1706,56.78,35.90,37,96866,161856
[Recv] <<< 23:c9:cc:4b:a0:3a,2704,-32,1707,56.77,35.90,38,96904,161894
[Recv] <<< 23:c9:cc:4b:a0:3a,2705,-35,1708,56.76,35.91,42,96946,161936
[Recv] <<< 23:c9:cc:4b:a0:3a,2706,-35,1709,56.74,35.90,26,96972,161962
[Recv] <<< 23:c9:cc:4b:a0:3a,2707,-41,1710,56.74,35.91,46,97018,162008
[Recv] <<< 23:c9:cc:4b:a0:3a,2709,-43,1711,56.74,35.90,68,97086,162076
[Recv] <<< 23:c9:cc:4b:a0:3a,2710,-41,1712,56.73,35.90,34,97120,162110
[Recv] <<< 23:c9:cc:4b:a0:3a,2711,-41,1713,56.72,35.91,39,97159,162149
[Recv] <<< 23:c9:cc:4b:a0:3a,2713,-41,1714,56.73,35.90,69,97228,162218
[Recv] <<< 23:c9:cc:4b:a0:3a,2715,-44,1715,56.73,35.90,70,97298,162288
[Recv] <<< 23:c9:cc:4b:a0:3a,2717,-32,1716,56.74,35.90,69,97367,162357
[Recv] <<< 23:c9:cc:4b:a0:3a,2718,-32,1717,56.73,35.90,41,97408,162398
[Recv] <<< 23:c9:cc:4b:a0:3a,2719,-41,1718,56.72,35.90,32,97440,162430
[Recv] <<< 23:c9:cc:4b:a0:3a,2722,-32,1719,56.75,35.90,113,97553,162543
[Recv] <<< 23:c9:cc:4b:a0:3a,2723,-32,1720,56.74,35.90,36,97589,162579
[Recv] <<< 23:c9:cc:4b:a0:3a,2724,-35,1721,56.72,35.90,33,97622,162612
[Recv] <<< 23:c9:cc:4b:a0:3a,2725,-36,1722,56.71,35.90,38,97660,162650
[Recv] <<< 23:c9:cc:4b:a0:3a,2727,-41,1723,56.73,35.91,83,97743,162733
[Recv] <<< 23:c9:cc:4b:a0:3a,2728,-41,1724,56.71,35.91,28,97771,162761
[Recv] <<< 23:c9:cc:4b:a0:3a,2729,-44,1725,56.70,35.91,35,97806,162796
[Recv] <<< 23:c9:cc:4b:a0:3a,2730,-32,1726,56.69,35.91,43,97849,162839
[Recv] <<< 23:c9:cc:4b:a0:3a,2732,-32,1727,56.70,35.91,74,97923,162913
[Recv] <<< 23:c9:cc:4b:a0:3a,2733,-32,1728,56.69,35.91,36,97959,162949
[Recv] <<< 23:c9:cc:4b:a0:3a,2734,-32,1729,56.68,35.91,39,97998,162988
[Recv] <<< 23:c9:cc:4b:a0:3a,2735,-32,1730,56.66,35.91,24,98022,163012
[Recv] <<< 23:c9:cc:4b:a0:3a,2737,-35,1731,56.67,35.91,80,98102,163092
[Recv] <<< 23:c9:cc:4b:a0:3a,2738,-35,1732,56.66,35.91,38,98140,163130
[Recv] <<< 23:c9:cc:4b:a0:3a,2739,-40,1733,56.65,35.91,41,98181,163171
[Recv] <<< 23:c9:cc:4b:a0:3a,2741,-32,1734,56.67,35.91,78,98259,163249
[Recv] <<< 23:c9:cc:4b:a0:3a,2742,-32,1735,56.66,35.91,40,98299,163289
[Recv] <<< 23:c9:cc:4b:a0:3a,2743,-35,1736,56.65,35.92,46,98345,163335
[Recv] <<< 23:c9:cc:4b:a0:3a,2744,-35,1737,56.64,35.92,33,98378,163368
[Recv] <<< 23:c9:cc:4b:a0:3a,2745,-35,1738,56.63,35.92,38,98416,163406
[Recv] <<< 23:c9:cc:4b:a0:3a,2747,-41,1739,56.63,35.92,68,98484,163474
[Recv] <<< 23:c9:cc:4b:a0:3a,2748,-32,1740,56.63,35.92,48,98532,163522
[Recv] <<< 23:c9:cc:4b:a0:3a,2749,-32,1741,56.62,35.92,37,98569,163559
[Recv] <<< 23:c9:cc:4b:a0:3a,2751,-35,1742,56.63,35.92,78,98647,163637
[Recv] <<< 23:c9:cc:4b:a0:3a,2752,-34,1743,56.61,35.92,29,98676,163666
[Recv] <<< 23:c9:cc:4b:a0:3a,2753,-35,1744,56.60,35.92,40,98716,163706
[Recv] <<< 23:c9:cc:4b:a0:3a,2754,-41,1745,56.59,35.92,35,98751,163741
[Recv] <<< 23:c9:cc:4b:a0:3a,2755,-41,1746,56.58,35.92,40,98791,163781
[Recv] <<< 23:c9:cc:4b:a0:3a,2757,-32,1747,56.59,35.93,75,98866,163856
[Recv] <<< 23:c9:cc:4b:a0:3a,2758,-32,1748,56.58,35.92,32,98898,163888
[Recv] <<< 23:c9:cc:4b:a0:3a,2763,-35,1749,56.66,35.93,192,99090,164080
[Recv] <<< 23:c9:cc:4b:a0:3a,2764,-36,1750,56.64,35.93,30,99120,164110
[Recv] <<< 23:c9:cc:4b:a0:3a,2767,-35,1751,56.67,35.92,103,99223,164213
[Recv] <<< 23:c9:cc:4b:a0:3a,2768,-35,1752,56.66,35.93,39,99262,164252
[Recv] <<< 23:c9:cc:4b:a0:3a,2769,-42,1753,56.65,35.93,40,99302,164292
[Recv] <<< 23:c9:cc:4b:a0:3a,2770,-44,1754,56.63,35.92,30,99332,164322
[Recv] <<< 23:c9:cc:4b:a0:3a,2771,-41,1755,56.62,35.93,42,99374,164364
[Recv] <<< 23:c9:cc:4b:a0:3a,2772,-41,1756,56.61,35.92,29,99403,164393
[Recv] <<< 23:c9:cc:4b:a0:3a,2773,-41,1757,56.60,35.93,38,99441,164431
[Recv] <<< 23:c9:cc:4b:a0:3a,2774,-41,1758,56.59,35.93,38,99479,164469
[Recv] <<< 23:c9:cc:4b:a0:3a,2775,-32,1759,56.58,35.93,38,99517,164507
[Recv] <<< 23:c9:cc:4b:a0:3a,2776,-32,1760,56.56,35.93,34,99551,164541
[Recv] <<< 23:c9:cc:4b:a0:3a,2777,-32,1761,56.55,35.93,36,99587,164577
[Recv] <<< 23:c9:cc:4b:a0:3a,2778,-36,1762,56.54,35.93,41,99628,164618
[Recv] <<< 23:c9:cc:4b:a0:3a,2779,-36,1763,56.53,35.93,36,99664,164654
[Recv] <<< 23:c9:cc:4b:a0:3a,2780,-35,1764,56.52,35.93,36,99700,164690
[Recv] <<< 23:c9:cc:4b:a0:3a,2781,-35,1765,56.51,35.93,37,99737,164727
[Recv] <<< 23:c9:cc:4b:a0:3a,2783,-41,1766,56.52,35.93,74,99811,164801
[Recv] <<< 23:c9:cc:4b:a0:3a,2784,-41,1767,56.50,35.93,28,99839,164829
[Recv] <<< 23:c9:cc:4b:a0:3a,2785,-35,1768,56.49,35.93,34,99873,164863
[Recv] <<< 23:c9:cc:4b:a0:3a,2786,-35,1769,56.48,35.93,40,99913,164903
[Recv] <<< 23:c9:cc:4b:a0:3a,2787,-41,1770,56.47,35.93,38,99951,164941
[Recv] <<< 23:c9:cc:4b:a0:3a,2789,-41,1771,56.48,35.93,67,100018,165008
[Recv] <<< 23:c9:cc:4b:a0:3a,2790,-35,1772,56.46,35.92,29,100047,165037
[Recv] <<< 23:c9:cc:4b:a0:3a,2792,-41,1773,56.47,35.92,69,100116,165106
[Recv] <<< 23:c9:cc:4b:a0:3a,2794,-43,1774,56.48,35.92,75,100191,165181
[Recv] <<< 23:c9:cc:4b:a0:3a,2795,-32,1775,56.47,35.92,38,100229,165219
[Recv] <<< 23:c9:cc:4b:a0:3a,2796,-32,1776,56.46,35.93,40,100269,165259
[Recv] <<< 23:c9:cc:4b:a0:3a,2797,-32,1777,56.44,35.92,32,100301,165291
[Recv] <<< 23:c9:cc:4b:a0:3a,2798,-32,1778,56.43,35.92,35,100336,165326
[Recv] <<< 23:c9:cc:4b:a0:3a,2799,-32,1779,56.42,35.92,35,100371,165361
[Recv] <<< 23:c9:cc:4b:a0:3a,2800,-32,1780,56.41,35.93,40,100411,165401
[Recv] <<< 23:c9:cc:4b:a0:3a,2801,-32,1781,56.39,35.92,26,100437,165427
[Recv] <<< 23:c9:cc:4b:a0:3a,2802,-32,1782,56.38,35.92,39,100476,165466
[Recv] <<< 23:c9:cc:4b:a0:3a,2803,-32,1783,56.37,35.92,33,100509,165499
[Recv] <<< 23:c9:cc:4b:a0:3a,2804,-32,1784,56.36,35.92,37,100546,165536
[Recv] <<< 23:c9:cc:4b:a0:3a,2805,-32,1785,56.34,35.92,29,100575,165565
[Recv] <<< 23:c9:cc:4b:a0:3a,2806,-32,1786,56.33,35.92,39,100614,165604
[Recv] <<< 23:c9:cc:4b:a0:3a,2808,-32,1787,56.34,35.92,63,100677,165667
[Recv] <<< 23:c9:cc:4b:a0:3a,2814,-32,1788,56.42,35.91,202,100879,165869
[Recv] <<< 23:c9:cc:4b:a0:3a,2815,-32,1789,56.41,35.91,40,100919,165909
[Recv] <<< 23:c9:cc:4b:a0:3a,2816,-35,1790,56.40,35.91,37,100956,165946
[Recv] <<< 23:c9:cc:4b:a0:3a,2817,-35,1791,56.39,35.92,37,100993,165983
[Recv] <<< 23:c9:cc:4b:a0:3a,2818,-41,1792,56.38,35.92,37,101030,166020
[Recv] <<< 23:c9:cc:4b:a0:3a,2819,-35,1793,56.36,35.91,30,101060,166050
[Recv] <<< 23:c9:cc:4b:a0:3a,2820,-35,1794,56.35,35.91,40,101100,166090
[Recv] <<< 23:c9:cc:4b:a0:3a,2821,-35,1795,56.35,35.92,41,101141,166131
[Recv] <<< 23:c9:cc:4b:a0:3a,2822,-35,1796,56.33,35.91,29,101170,166160
[Recv] <<< 23:c9:cc:4b:a0:3a,2823,-35,1797,56.32,35.91,35,101205,166195
[Recv] <<< 23:c9:cc:4b:a0:3a,2825,-35,1798,56.33,35.91,70,101275,166265
[Recv] <<< 23:c9:cc:4b:a0:3a,2826,-35,1799,56.31,35.91,33,101308,166298
[Recv] <<< 23:c9:cc:4b:a0:3a,2828,-32,1800,56.32,35.91,66,101374,166364
[Recv] <<< 23:c9:cc:4b:a0:3a,2829,-32,1801,56.31,35.91,36,101410,166400
[Recv] <<< 23:c9:cc:4b:a0:3a,2833,-32,1802,56.35,35.91,137,101547,166537
[Recv] <<< 23:c9:cc:4b:a0:3a,2834,-32,1803,56.34,35.91,33,101580,166570
[Recv] <<< 23:c9:cc:4b:a0:3a,2835,-32,1804,56.32,35.90,27,101607,166597
[Recv] <<< 23:c9:cc:4b:a0:3a,2836,-32,1805,56.31,35.90,35,101642,166632
[Recv] <<< 23:c9:cc:4b:a0:3a,2837,-32,1806,56.30,35.90,35,101677,166667
[Recv] <<< 23:c9:cc:4b:a0:3a,2838,-32,1807,56.29,35.90,40,101717,166707
[Recv] <<< 23:c9:cc:4b:a0:3a,2839,-32,1808,56.28,35.91,39,101756,166746
[Recv] <<< 23:c9:cc:4b:a0:3a,2840,-32,1809,56.27,35.90,32,101788,166778
[Recv] <<< 23:c9:cc:4b:a0:3a,2841,-35,1810,56.26,35.90,36,101824,166814
[Recv] <<< 23:c9:cc:4b:a0:3a,2842,-41,1811,56.25,35.91,39,101863,166853
[Recv] <<< 23:c9:cc:4b:a0:3a,2843,-43,1812,56.23,35.90,33,101896,166886
[Recv] <<< 23:c9:cc:4b:a0:3a,2844,-32,1813,56.23,35.91,41,101937,166927
[Recv] <<< 23:c9:cc:4b:a0:3a,2845,-32,1814,56.22,35.91,40,101977,166967
[Recv] <<< 23:c9:cc:4b:a0:3a,2846,-32,1815,56.20,35.90,27,102004,166994
[Recv] <<< 23:c9:cc:4b:a0:3a,2847,-35,1816,56.19,35.91,42,102046,167036
[Recv] <<< 23:c9:cc:4b:a0:3a,2849,-32,1817,56.20,35.90,61,102107,167097
[Recv] <<< 23:c9:cc:4b:a0:3a,2850,-32,1818,56.18,35.90,33,102140,167130
[Recv] <<< 23:c9:cc:4b:a0:3a,2856,-32,1819,56.27,35.90,215,102355,167345
[Recv] <<< 23:c9:cc:4b:a0:3a,2857,-32,1820,56.26,35.90,33,102388,167378
[Recv] <<< 23:c9:cc:4b:a0:3a,2891,-32,1821,56.86,35.88,1163,103551,168541
[Recv] <<< 23:c9:cc:4b:a0:3a,2892,-32,1822,56.85,35.88,33,103584,168574
[Recv] <<< 23:c9:cc:4b:a0:3a,2893,-32,1823,56.84,35.88,36,103620,168610
[Recv] <<< 23:c9:cc:4b:a0:3a,2894,-32,1824,56.83,35.88,31,103651,168641
[Recv] <<< 23:c9:cc:4b:a0:3a,2895,-32,1825,56.81,35.88,31,103682,168672
[Recv] <<< 23:c9:cc:4b:a0:3a,2897,-35,1826,56.82,35.88,76,103758,168748
[Recv] <<< 23:c9:cc:4b:a0:3a,2898,-35,1827,56.81,35.87,27,103785,168775
[Recv] <<< 23:c9:cc:4b:a0:3a,2899,-35,1828,56.80,35.88,39,103824,168814
[Recv] <<< 23:c9:cc:4b:a0:3a,2900,-38,1829,56.79,35.88,36,103860,168850
[Recv] <<< 23:c9:cc:4b:a0:3a,2901,-35,1830,56.77,35.87,33,103893,168883
[Recv] <<< 23:c9:cc:4b:a0:3a,2902,-35,1831,56.76,35.88,40,103933,168923
[Recv] <<< 23:c9:cc:4b:a0:3a,2903,-35,1832,56.75,35.87,28,103961,168951
[Recv] <<< 23:c9:cc:4b:a0:3a,2904,-35,1833,56.74,35.88,41,104002,168992
[Recv] <<< 23:c9:cc:4b:a0:3a,2905,-41,1834,56.73,35.87,34,104036,169026
[Recv] <<< 23:c9:cc:4b:a0:3a,2906,-35,1835,56.71,35.87,34,104070,169060
[Recv] <<< 23:c9:cc:4b:a0:3a,2907,-35,1836,56.70,35.87,27,104097,169087
[Recv] <<< 23:c9:cc:4b:a0:3a,2910,-34,1837,56.72,35.87,104,104201,169191
[Recv] <<< 23:c9:cc:4b:a0:3a,2911,-34,1838,56.71,35.87,34,104235,169225
[Recv] <<< 23:c9:cc:4b:a0:3a,2912,-40,1839,56.70,35.87,36,104271,169261
[Recv] <<< 23:c9:cc:4b:a0:3a,2916,-43,1840,56.74,35.86,132,104403,169393
[Recv] <<< 23:c9:cc:4b:a0:3a,2917,-43,1841,56.73,35.86,33,104436,169426
[Recv] <<< 23:c9:cc:4b:a0:3a,2918,-35,1842,56.71,35.86,30,104466,169456
[Recv] <<< 23:c9:cc:4b:a0:3a,2919,-36,1843,56.70,35.86,33,104499,169489
[Recv] <<< 23:c9:cc:4b:a0:3a,2920,-35,1844,56.69,35.86,35,104534,169524
[Recv] <<< 23:c9:cc:4b:a0:3a,2921,-38,1845,56.67,35.86,31,104565,169555
[Recv] <<< 23:c9:cc:4b:a0:3a,2922,-35,1846,56.67,35.86,40,104605,169595
[Recv] <<< 23:c9:cc:4b:a0:3a,2923,-35,1847,56.65,35.86,34,104639,169629
[Recv] <<< 23:c9:cc:4b:a0:3a,2924,-36,1848,56.64,35.86,31,104670,169660
[Recv] <<< 23:c9:cc:4b:a0:3a,2925,-36,1849,56.63,35.86,37,104707,169697
[Recv] <<< 23:c9:cc:4b:a0:3a,2926,-35,1850,56.61,35.86,29,104736,169726
[Recv] <<< 23:c9:cc:4b:a0:3a,2927,-35,1851,56.60,35.86,35,104771,169761
[Recv] <<< 23:c9:cc:4b:a0:3a,2928,-38,1852,56.59,35.86,38,104809,169799
[Recv] <<< 23:c9:cc:4b:a0:3a,2929,-35,1853,56.58,35.86,35,104844,169834
[Recv] <<< 23:c9:cc:4b:a0:3a,2930,-46,1854,56.57,35.86,46,104890,169880
[Recv] <<< 23:c9:cc:4b:a0:3a,2931,-46,1855,56.57,35.86,41,104931,169921
[Recv] <<< 23:c9:cc:4b:a0:3a,2932,-46,1856,56.55,35.86,32,104963,169953
[Recv] <<< 23:c9:cc:4b:a0:3a,2934,-41,1857,56.56,35.86,67,105030,170020
[Recv] <<< 23:c9:cc:4b:a0:3a,2935,-45,1858,56.55,35.86,35,105065,170055
[Recv] <<< 23:c9:cc:4b:a0:3a,2936,-41,1859,56.53,35.86,30,105095,170085
[Recv] <<< 23:c9:cc:4b:a0:3a,2937,-44,1860,56.52,35.86,36,105131,170121
[Recv] <<< 23:c9:cc:4b:a0:3a,2938,-41,1861,56.51,35.86,34,105165,170155
[Recv] <<< 23:c9:cc:4b:a0:3a,2939,-44,1862,56.50,35.86,39,105204,170194
[Recv] <<< 23:c9:cc:4b:a0:3a,2941,-41,1863,56.51,35.85,65,105269,170259
[Recv] <<< 23:c9:cc:4b:a0:3a,2942,-46,1864,56.50,35.86,39,105308,170298
[Recv] <<< 23:c9:cc:4b:a0:3a,2943,-41,1865,56.48,35.85,27,105335,170325
[Recv] <<< 23:c9:cc:4b:a0:3a,2944,-45,1866,56.47,35.85,36,105371,170361
[Recv] <<< 23:c9:cc:4b:a0:3a,2945,-41,1867,56.46,35.85,33,105404,170394
[Recv] <<< 23:c9:cc:4b:a0:3a,2946,-47,1868,56.44,35.85,29,105433,170423
[Recv] <<< 23:c9:cc:4b:a0:3a,2947,-41,1869,56.43,35.85,36,105469,170459
[Recv] <<< 23:c9:cc:4b:a0:3a,2948,-41,1870,56.42,35.85,30,105499,170489
[Recv] <<< 23:c9:cc:4b:a0:3a,2950,-41,1871,56.42,35.85,70,105569,170559
[Recv] <<< 23:c9:cc:4b:a0:3a,2951,-41,1872,56.41,35.85,34,105603,170593
[Recv] <<< 23:c9:cc:4b:a0:3a,2952,-45,1873,56.40,35.85,34,105637,170627
[Recv] <<< 23:c9:cc:4b:a0:3a,2953,-41,1874,56.39,35.84,29,105666,170656
[Recv] <<< 23:c9:cc:4b:a0:3a,2954,-35,1875,56.37,35.84,31,105697,170687
[Recv] <<< 23:c9:cc:4b:a0:3a,2956,-42,1876,56.38,35.84,81,105778,170768
[Recv] <<< 23:c9:cc:4b:a0:3a,2957,-41,1877,56.37,35.84,34,105812,170802
[Recv] <<< 23:c9:cc:4b:a0:3a,2958,-47,1878,56.36,35.84,32,105844,170834
[Recv] <<< 23:c9:cc:4b:a0:3a,2960,-43,1879,56.37,35.84,74,105918,170908
[Recv] <<< 23:c9:cc:4b:a0:3a,2961,-41,1880,56.35,35.84,27,105945,170935
[Recv] <<< 23:c9:cc:4b:a0:3a,2962,-41,1881,56.34,35.84,31,105976,170966
[Recv] <<< 23:c9:cc:4b:a0:3a,2963,-41,1882,56.33,35.84,33,106009,170999
[Recv] <<< 23:c9:cc:4b:a0:3a,2965,-35,1883,56.33,35.83,61,106070,171060
[Recv] <<< 23:c9:cc:4b:a0:3a,2966,-34,1884,56.32,35.83,31,106101,171091
[Recv] <<< 23:c9:cc:4b:a0:3a,2967,-35,1885,56.31,35.83,37,106138,171128
[Recv] <<< 23:c9:cc:4b:a0:3a,2969,-34,1886,56.31,35.83,71,106209,171199
[Recv] <<< 23:c9:cc:4b:a0:3a,2970,-35,1887,56.30,35.83,28,106237,171227
[Recv] <<< 23:c9:cc:4b:a0:3a,2971,-32,1888,56.29,35.83,38,106275,171265
[Recv] <<< 23:c9:cc:4b:a0:3a,2972,-32,1889,56.28,35.83,33,106308,171298
[Recv] <<< 23:c9:cc:4b:a0:3a,2973,-32,1890,56.27,35.83,39,106347,171337
[Recv] <<< 23:c9:cc:4b:a0:3a,2974,-32,1891,56.26,35.83,35,106382,171372
[Recv] <<< 23:c9:cc:4b:a0:3a,2975,-35,1892,56.25,35.83,36,106418,171408
[Recv] <<< 23:c9:cc:4b:a0:3a,2976,-32,1893,56.24,35.83,37,106455,171445
[Recv] <<< 23:c9:cc:4b:a0:3a,2978,-32,1894,56.25,35.83,74,106529,171519
[Recv] <<< 23:c9:cc:4b:a0:3a,2979,-32,1895,56.23,35.83,29,106558,171548
[Recv] <<< 23:c9:cc:4b:a0:3a,2980,-32,1896,56.22,35.83,36,106594,171584
[Recv] <<< 23:c9:cc:4b:a0:3a,2981,-32,1897,56.21,35.83,37,106631,171621
[Recv] <<< 23:c9:cc:4b:a0:3a,2982,-32,1898,56.20,35.83,34,106665,171655
[Recv] <<< 23:c9:cc:4b:a0:3a,2983,-35,1899,56.19,35.83,43,106708,171698
[Recv] <<< 23:c9:cc:4b:a0:3a,2984,-35,1900,56.18,35.83,33,106741,171731
[Recv] <<< 23:c9:cc:4b:a0:3a,2985,-35,1901,56.17,35.83,35,106776,171766
[Recv] <<< 23:c9:cc:4b:a0:3a,2986,-36,1902,56.16,35.83,34,106810,171800
[Recv] <<< 23:c9:cc:4b:a0:3a,2988,-35,1903,56.16,35.83,67,106877,171867
[Recv] <<< 23:c9:cc:4b:a0:3a,2989,-35,1904,56.15,35.83,36,106913,171903
[Recv] <<< 23:c9:cc:4b:a0:3a,2992,-36,1905,56.17,35.82,90,107003,171993
[Recv] <<< 23:c9:cc:4b:a0:3a,2993,-35,1906,56.16,35.82,39,107042,172032
[Recv] <<< 23:c9:cc:4b:a0:3a,2994,-35,1907,56.15,35.83,39,107081,172071
[Recv] <<< 23:c9:cc:4b:a0:3a,2995,-36,1908,56.14,35.82,32,107113,172103
[Recv] <<< 23:c9:cc:4b:a0:3a,2996,-32,1909,56.12,35.82,25,107138,172128
[Recv] <<< 23:c9:cc:4b:a0:3a,2997,-32,1910,56.11,35.82,37,107175,172165
[Recv] <<< 23:c9:cc:4b:a0:3a,2998,-32,1911,56.10,35.82,25,107200,172190
[Recv] <<< 23:c9:cc:4b:a0:3a,2999,-32,1912,56.09,35.82,41,107241,172231
[Recv] <<< 23:c9:cc:4b:a0:3a,3000,-32,1913,56.07,35.82,27,107268,172258
[Recv] <<< 23:c9:cc:4b:a0:3a,3001,-32,1914,56.06,35.81,32,107300,172290
[Recv] <<< 23:c9:cc:4b:a0:3a,3002,-32,1915,56.05,35.81,34,107334,172324
[Recv] <<< 23:c9:cc:4b:a0:3a,3003,-32,1916,56.04,35.81,35,107369,172359
[Recv] <<< 23:c9:cc:4b:a0:3a,3004,-32,1917,56.03,35.81,35,107404,172394
[Recv] <<< 23:c9:cc:4b:a0:3a,3006,-32,1918,56.03,35.81,65,107469,172459
[Recv] <<< 23:c9:cc:4b:a0:3a,3008,-32,1919,56.04,35.81,68,107537,172527
[Recv] <<< 23:c9:cc:4b:a0:3a,3009,-32,1920,56.03,35.81,35,107572,172562
[Recv] <<< 23:c9:cc:4b:a0:3a,3010,-32,1921,56.02,35.81,38,107610,172600
[Recv] <<< 23:c9:cc:4b:a0:3a,3011,-32,1922,56.01,35.81,35,107645,172635
[Recv] <<< 23:c9:cc:4b:a0:3a,3012,-32,1923,55.99,35.81,32,107677,172667
[Recv] <<< 23:c9:cc:4b:a0:3a,3013,-32,1924,55.98,35.81,33,107710,172700
[Recv] <<< 23:c9:cc:4b:a0:3a,3014,-32,1925,55.97,35.81,33,107743,172733
[Recv] <<< 23:c9:cc:4b:a0:3a,3015,-32,1926,55.96,35.80,30,107773,172763
[Recv] <<< 23:c9:cc:4b:a0:3a,3016,-32,1927,55.95,35.80,35,107808,172798
[Recv] <<< 23:c9:cc:4b:a0:3a,3018,-41,1928,55.95,35.80,66,107874,172864
[Recv] <<< 23:c9:cc:4b:a0:3a,3019,-41,1929,55.94,35.80,31,107905,172895
[Recv] <<< 23:c9:cc:4b:a0:3a,3020,-41,1930,55.93,35.80,35,107940,172930
[Recv] <<< 23:c9:cc:4b:a0:3a,3022,-41,1931,55.94,35.80,72,108012,173002
[Recv] <<< 23:c9:cc:4b:a0:3a,3023,-35,1932,55.92,35.80,26,108038,173028
[Recv] <<< 23:c9:cc:4b:a0:3a,3024,-36,1933,55.91,35.80,32,108070,173060
[Recv] <<< 23:c9:cc:4b:a0:3a,3025,-35,1934,55.90,35.80,38,108108,173098
[Recv] <<< 23:c9:cc:4b:a0:3a,3027,-36,1935,55.90,35.79,60,108168,173158
[Recv] <<< 23:c9:cc:4b:a0:3a,3028,-36,1936,55.89,35.79,32,108200,173190
[Recv] <<< 23:c9:cc:4b:a0:3a,3029,-35,1937,55.88,35.79,38,108238,173228
[Recv] <<< 23:c9:cc:4b:a0:3a,3030,-35,1938,55.87,35.79,36,108274,173264
[Recv] <<< 23:c9:cc:4b:a0:3a,3031,-35,1939,55.86,35.79,35,108309,173299
[Recv] <<< 23:c9:cc:4b:a0:3a,3032,-35,1940,55.85,35.79,35,108344,173334
[Recv] <<< 23:c9:cc:4b:a0:3a,3033,-35,1941,55.84,35.79,33,108377,173367
[Recv] <<< 23:c9:cc:4b:a0:3a,3034,-35,1942,55.83,35.79,37,108414,173404
[Recv] <<< 23:c9:cc:4b:a0:3a,3035,-36,1943,55.81,35.79,30,108444,173434
[Recv] <<< 23:c9:cc:4b:a0:3a,3036,-35,1944,55.80,35.79,33,108477,173467
[Recv] <<< 23:c9:cc:4b:a0:3a,3037,-35,1945,55.79,35.79,31,108508,173498
[Recv] <<< 23:c9:cc:4b:a0:3a,3038,-36,1946,55.78,35.79,41,108549,173539
[Recv] <<< 23:c9:cc:4b:a0:3a,3039,-35,1947,55.77,35.79,32,108581,173571
[Recv] <<< 23:c9:cc:4b:a0:3a,3041,-35,1948,55.77,35.79,68,108649,173639
[Recv] <<< 23:c9:cc:4b:a0:3a,3042,-35,1949,55.76,35.78,30,108679,173669
[Recv] <<< 23:c9:cc:4b:a0:3a,3043,-35,1950,55.75,35.79,39,108718,173708
[Recv] <<< 23:c9:cc:4b:a0:3a,3046,-32,1951,55.77,35.78,93,108811,173801
[Recv] <<< 23:c9:cc:4b:a0:3a,3047,-32,1952,55.76,35.78,36,108847,173837
[Recv] <<< 23:c9:cc:4b:a0:3a,3048,-45,1953,55.75,35.78,25,108872,173862
[Recv] <<< 23:c9:cc:4b:a0:3a,3050,-32,1954,55.75,35.78,71,108943,173933
[Recv] <<< 23:c9:cc:4b:a0:3a,3051,-41,1955,55.74,35.78,32,108975,173965
[Recv] <<< 23:c9:cc:4b:a0:3a,3052,-41,1956,55.73,35.78,32,109007,173997
[Recv] <<< 23:c9:cc:4b:a0:3a,3053,-41,1957,55.72,35.77,28,109035,174025
[Recv] <<< 23:c9:cc:4b:a0:3a,3054,-41,1958,55.71,35.77,38,109073,174063
[Recv] <<< 23:c9:cc:4b:a0:3a,3055,-41,1959,55.69,35.77,32,109105,174095
[Recv] <<< 23:c9:cc:4b:a0:3a,3056,-43,1960,55.68,35.77,30,109135,174125
[Recv] <<< 23:c9:cc:4b:a0:3a,3057,-44,1961,55.67,35.77,29,109164,174154
[Recv] <<< 23:c9:cc:4b:a0:3a,3059,-46,1962,55.68,35.77,72,109236,174226
[Recv] <<< 23:c9:cc:4b:a0:3a,3061,-43,1963,55.68,35.76,60,109296,174286
[Recv] <<< 23:c9:cc:4b:a0:3a,3064,-32,1964,55.70,35.76,107,109403,174393
[Recv] <<< 23:c9:cc:4b:a0:3a,3065,-41,1965,55.69,35.76,33,109436,174426
[Recv] <<< 23:c9:cc:4b:a0:3a,3066,-41,1966,55.68,35.76,34,109470,174460
[Recv] <<< 23:c9:cc:4b:a0:3a,3067,-32,1967,55.67,35.76,39,109509,174499
[Recv] <<< 23:c9:cc:4b:a0:3a,3068,-32,1968,55.66,35.76,29,109538,174528
[Recv] <<< 23:c9:cc:4b:a0:3a,3069,-32,1969,55.65,35.76,43,109581,174571
[Recv] <<< 23:c9:cc:4b:a0:3a,3070,-32,1970,55.64,35.76,27,109608,174598
[Recv] <<< 23:c9:cc:4b:a0:3a,3071,-32,1971,55.63,35.76,34,109642,174632
[Recv] <<< 23:c9:cc:4b:a0:3a,3072,-32,1972,55.62,35.76,32,109674,174664
[Recv] <<< 23:c9:cc:4b:a0:3a,3073,-32,1973,55.61,35.76,35,109709,174699
[Recv] <<< 23:c9:cc:4b:a0:3a,3074,-32,1974,55.59,35.76,34,109743,174733
[Recv] <<< 23:c9:cc:4b:a0:3a,3075,-32,1975,55.58,35.76,31,109774,174764
[Recv] <<< 23:c9:cc:4b:a0:3a,3076,-41,1976,55.57,35.76,32,109806,174796
[Recv] <<< 23:c9:cc:4b:a0:3a,3077,-46,1977,55.56,35.75,31,109837,174827
[Recv] <<< 23:c9:cc:4b:a0:3a,3078,-46,1978,55.55,35.75,32,109869,174859
[Recv] <<< 23:c9:cc:4b:a0:3a,3079,-41,1979,55.53,35.75,31,109900,174890
[Recv] <<< 23:c9:cc:4b:a0:3a,3081,-35,1980,55.54,35.75,67,109967,174957
[Recv] <<< 23:c9:cc:4b:a0:3a,3086,-35,1981,55.60,35.75,170,110137,175127
[Recv] <<< 23:c9:cc:4b:a0:3a,3094,-32,1982,55.70,35.74,264,110401,175391
[Recv] <<< 23:c9:cc:4b:a0:3a,3095,-32,1983,55.69,35.74,32,110433,175423
[Recv] <<< 23:c9:cc:4b:a0:3a,3096,-32,1984,55.68,35.74,40,110473,175463
[Recv] <<< 23:c9:cc:4b:a0:3a,3097,-32,1985,55.67,35.74,27,110500,175490
[Recv] <<< 23:c9:cc:4b:a0:3a,3098,-32,1986,55.65,35.73,28,110528,175518
[Recv] <<< 23:c9:cc:4b:a0:3a,3099,-32,1987,55.65,35.74,47,110575,175565
[Recv] <<< 23:c9:cc:4b:a0:3a,3101,-32,1988,55.65,35.74,62,110637,175627
[Recv] <<< 23:c9:cc:4b:a0:3a,3102,-32,1989,55.64,35.74,37,110674,175664
[Recv] <<< 23:c9:cc:4b:a0:3a,3103,-32,1990,55.63,35.74,37,110711,175701
[Recv] <<< 23:c9:cc:4b:a0:3a,3104,-32,1991,55.62,35.74,34,110745,175735
[Recv] <<< 23:c9:cc:4b:a0:3a,3106,-32,1992,55.63,35.73,67,110812,175802
[Recv] <<< 23:c9:cc:4b:a0:3a,3108,-32,1993,55.63,35.73,64,110876,175866
[Recv] <<< 23:c9:cc:4b:a0:3a,3109,-32,1994,55.63,35.74,46,110922,175912
[Recv] <<< 23:c9:cc:4b:a0:3a,3110,-32,1995,55.61,35.73,27,110949,175939
[Recv] <<< 23:c9:cc:4b:a0:3a,3111,-32,1996,55.60,35.73,34,110983,175973
[Recv] <<< 23:c9:cc:4b:a0:3a,3112,-32,1997,55.59,35.73,36,111019,176009
[Recv] <<< 23:c9:cc:4b:a0:3a,3113,-36,1998,55.59,35.74,46,111065,176055
[Recv] <<< 23:c9:cc:4b:a0:3a,3114,-35,1999,55.58,35.74,38,111103,176093
[Recv] <<< 23:c9:cc:4b:a0:3a,3115,-35,2000,55.57,35.74,34,111137,176127
[Recv] <<< 23:c9:cc:4b:a0:3a,3133,-41,2001,55.84,35.72,595,111732,176722
[Recv] <<< 23:c9:cc:4b:a0:3a,3134,-41,2002,55.83,35.72,32,111764,176754
[Recv] <<< 23:c9:cc:4b:a0:3a,3135,-43,2003,55.82,35.72,35,111799,176789
[Recv] <<< 23:c9:cc:4b:a0:3a,3138,-41,2004,55.84,35.72,107,111906,176896
[Recv] <<< 23:c9:cc:4b:a0:3a,3139,-41,2005,55.83,35.72,27,111933,176923
[Recv] <<< 23:c9:cc:4b:a0:3a,3140,-40,2006,55.82,35.72,37,111970,176960
[Recv] <<< 23:c9:cc:4b:a0:3a,3141,-32,2007,55.81,35.72,40,112010,177000
[Recv] <<< 23:c9:cc:4b:a0:3a,3142,-32,2008,55.80,35.72,36,112046,177036
[Recv] <<< 23:c9:cc:4b:a0:3a,3143,-35,2009,55.79,35.72,41,112087,177077
[Recv] <<< 23:c9:cc:4b:a0:3a,3145,-32,2010,55.80,35.72,66,112153,177143
[Recv] <<< 23:c9:cc:4b:a0:3a,3146,-32,2011,55.78,35.72,30,112183,177173
[Recv] <<< 23:c9:cc:4b:a0:3a,3147,-32,2012,55.77,35.71,33,112216,177206
[Recv] <<< 23:c9:cc:4b:a0:3a,3148,-32,2013,55.76,35.71,29,112245,177235
[Recv] <<< 23:c9:cc:4b:a0:3a,3149,-32,2014,55.75,35.71,35,112280,177270
[Recv] <<< 23:c9:cc:4b:a0:3a,3150,-32,2015,55.74,35.71,35,112315,177305
[Recv] <<< 23:c9:cc:4b:a0:3a,3151,-34,2016,55.73,35.72,45,112360,177350
[Recv] <<< 23:c9:cc:4b:a0:3a,3152,-43,2017,55.72,35.72,37,112397,177387
[Recv] <<< 23:c9:cc:4b:a0:3a,3153,-41,2018,55.71,35.72,35,112432,177422
[Recv] <<< 23:c9:cc:4b:a0:3a,3156,-35,2019,55.73,35.71,92,112524,177514
[Recv] <<< 23:c9:cc:4b:a0:3a,3157,-35,2020,55.72,35.71,38,112562,177552
[Recv] <<< 23:c9:cc:4b:a0:3a,3158,-35,2021,55.71,35.71,38,112600,177590
[Recv] <<< 23:c9:cc:4b:a0:3a,3159,-35,2022,55.70,35.71,23,112623,177613
[Recv] <<< 23:c9:cc:4b:a0:3a,3160,-35,2023,55.69,35.71,36,112659,177649
[Recv] <<< 23:c9:cc:4b:a0:3a,3162,-32,2024,55.69,35.71,64,112723,177713
[Recv] <<< 23:c9:cc:4b:a0:3a,3165,-35,2025,55.72,35.71,106,112829,177819
[Recv] <<< 23:c9:cc:4b:a0:3a,3166,-35,2026,55.71,35.70,31,112860,177850
[Recv] <<< 23:c9:cc:4b:a0:3a,3167,-35,2027,55.69,35.70,31,112891,177881
[Recv] <<< 23:c9:cc:4b:a0:3a,3168,-35,2028,55.68,35.70,37,112928,177918
[Recv] <<< 23:c9:cc:4b:a0:3a,3170,-32,2029,55.69,35.70,63,112991,177981
[Recv] <<< 23:c9:cc:4b:a0:3a,3172,-32,2030,55.69,35.70,65,113056,178046
[Recv] <<< 23:c9:cc:4b:a0:3a,3173,-32,2031,55.68,35.70,30,113086,178076
[Recv] <<< 23:c9:cc:4b:a0:3a,3174,-32,2032,55.67,35.70,32,113118,178108
[Recv] <<< 23:c9:cc:4b:a0:3a,3175,-32,2033,55.65,35.69,27,113145,178135
[Recv] <<< 23:c9:cc:4b:a0:3a,3178,-32,2034,55.68,35.69,111,113256,178246
[Recv] <<< 23:c9:cc:4b:a0:3a,3179,-32,2035,55.67,35.69,36,113292,178282
[Recv] <<< 23:c9:cc:4b:a0:3a,3180,-35,2036,55.66,35.69,37,113329,178319
[Recv] <<< 23:c9:cc:4b:a0:3a,3181,-34,2037,55.65,35.69,37,113366,178356
[Recv] <<< 23:c9:cc:4b:a0:3a,3182,-32,2038,55.64,35.69,28,113394,178384
[Recv] <<< 23:c9:cc:4b:a0:3a,3183,-32,2039,55.63,35.69,28,113422,178412
[Recv] <<< 23:c9:cc:4b:a0:3a,3185,-40,2040,55.63,35.69,67,113489,178479
[Recv] <<< 23:c9:cc:4b:a0:3a,3186,-41,2041,55.62,35.69,35,113524,178514
[Recv] <<< 23:c9:cc:4b:a0:3a,3187,-41,2042,55.61,35.69,31,113555,178545
[Recv] <<< 23:c9:cc:4b:a0:3a,3188,-40,2043,55.60,35.69,40,113595,178585
[Recv] <<< 23:c9:cc:4b:a0:3a,3189,-41,2044,55.59,35.69,38,113633,178623
[Recv] <<< 23:c9:cc:4b:a0:3a,3190,-40,2045,55.58,35.69,29,113662,178652
[Recv] <<< 23:c9:cc:4b:a0:3a,3191,-40,2046,55.57,35.69,38,113700,178690
[Recv] <<< 23:c9:cc:4b:a0:3a,3193,-41,2047,55.58,35.69,66,113766,178756
[Recv] <<< 23:c9:cc:4b:a0:3a,3195,-34,2048,55.58,35.68,59,113825,178815
[Recv] <<< 23:c9:cc:4b:a0:3a,3196,-34,2049,55.57,35.68,39,113864,178854
[Recv] <<< 23:c9:cc:4b:a0:3a,3197,-34,2050,55.56,35.68,30,113894,178884
[Recv] <<< 23:c9:cc:4b:a0:3a,3198,-35,2051,55.55,35.68,38,113932,178922
[Recv] <<< 23:c9:cc:4b:a0:3a,3199,-34,2052,55.54,35.68,30,113962,178952
[Recv] <<< 23:c9:cc:4b:a0:3a,3201,-34,2053,55.55,35.68,72,114034,179024
[Recv] <<< 23:c9:cc:4b:a0:3a,3203,-40,2054,55.55,35.68,68,114102,179092
[Recv] <<< 23:c9:cc:4b:a0:3a,3205,-34,2055,55.56,35.68,66,114168,179158
[Recv] <<< 23:c9:cc:4b:a0:3a,3206,-35,2056,55.54,35.68,30,114198,179188
[Recv] <<< 23:c9:cc:4b:a0:3a,3207,-32,2057,55.53,35.67,30,114228,179218
[Recv] <<< 23:c9:cc:4b:a0:3a,3208,-32,2058,55.52,35.67,32,114260,179250
[Recv] <<< 23:c9:cc:4b:a0:3a,3209,-32,2059,55.51,35.67,35,114295,179285
[Recv] <<< 23:c9:cc:4b:a0:3a,3210,-32,2060,55.50,35.67,32,114327,179317
[Recv] <<< 23:c9:cc:4b:a0:3a,3212,-34,2061,55.50,35.67,68,114395,179385
[Recv] <<< 23:c9:cc:4b:a0:3a,3214,-32,2062,55.51,35.67,61,114456,179446
[Recv] <<< 23:c9:cc:4b:a0:3a,3215,-32,2063,55.50,35.67,38,114494,179484
[Recv] <<< 23:c9:cc:4b:a0:3a,3216,-35,2064,55.49,35.67,37,114531,179521
[Recv] <<< 23:c9:cc:4b:a0:3a,3217,-34,2065,55.48,35.67,31,114562,179552
[Recv] <<< 23:c9:cc:4b:a0:3a,3220,-34,2066,55.50,35.67,103,114665,179655
[Recv] <<< 23:c9:cc:4b:a0:3a,3222,-34,2067,55.51,35.67,71,114736,179726
[Recv] <<< 23:c9:cc:4b:a0:3a,3223,-32,2068,55.49,35.66,27,114763,179753
[Recv] <<< 23:c9:cc:4b:a0:3a,3224,-32,2069,55.49,35.66,38,114801,179791
[Recv] <<< 23:c9:cc:4b:a0:3a,3227,-35,2070,55.51,35.66,99,114900,179890
[Recv] <<< 23:c9:cc:4b:a0:3a,3228,-34,2071,55.50,35.66,34,114934,179924
[Recv] <<< 23:c9:cc:4b:a0:3a,3229,-34,2072,55.49,35.66,38,114972,179962
[Recv] <<< 23:c9:cc:4b:a0:3a,3230,-34,2073,55.48,35.66,30,115002,179992
[Recv] <<< 23:c9:cc:4b:a0:3a,3235,-32,2074,55.53,35.66,172,115174,180164
[Recv] <<< 23:c9:cc:4b:a0:3a,3236,-32,2075,55.52,35.66,30,115204,180194
[Recv] <<< 23:c9:cc:4b:a0:3a,3238,-32,2076,55.53,35.65,68,115272,180262
[Recv] <<< 23:c9:cc:4b:a0:3a,3239,-40,2077,55.52,35.65,34,115306,180296
[Recv] <<< 23:c9:cc:4b:a0:3a,3240,-32,2078,55.51,35.66,38,115344,180334
[Recv] <<< 23:c9:cc:4b:a0:3a,3241,-32,2079,55.50,35.66,40,115384,180374
[Recv] <<< 23:c9:cc:4b:a0:3a,3242,-32,2080,55.49,35.65,31,115415,180405
[Recv] <<< 23:c9:cc:4b:a0:3a,3243,-40,2081,55.47,35.65,27,115442,180432
[Recv] <<< 23:c9:cc:4b:a0:3a,3244,-40,2082,55.46,35.65,32,115474,180464
[Recv] <<< 23:c9:cc:4b:a0:3a,3245,-40,2083,55.46,35.65,41,115515,180505
[Recv] <<< 23:c9:cc:4b:a0:3a,3247,-40,2084,55.46,35.65,65,115580,180570
[Recv] <<< 23:c9:cc:4b:a0:3a,3248,-40,2085,55.45,35.65,34,115614,180604
[Recv] <<< 23:c9:cc:4b:a0:3a,3249,-35,2086,55.44,35.65,29,115643,180633
[Recv] <<< 23:c9:cc:4b:a0:3a,3250,-34,2087,55.43,35.65,31,115674,180664
[Recv] <<< 23:c9:cc:4b:a0:3a,3251,-35,2088,55.41,35.65,30,115704,180694
[Recv] <<< 23:c9:cc:4b:a0:3a,3253,-35,2089,55.42,35.65,72,115776,180766
[Recv] <<< 23:c9:cc:4b:a0:3a,3254,-34,2090,55.41,35.64,26,115802,180792
[Recv] <<< 23:c9:cc:4b:a0:3a,3255,-34,2091,55.40,35.64,32,115834,180824
[Recv] <<< 23:c9:cc:4b:a0:3a,3257,-40,2092,55.41,35.64,82,115916,180906
[Recv] <<< 23:c9:cc:4b:a0:3a,3258,-40,2093,55.40,35.64,32,115948,180938
[Recv] <<< 23:c9:cc:4b:a0:3a,3259,-34,2094,55.39,35.64,30,115978,180968
[Recv] <<< 23:c9:cc:4b:a0:3a,3260,-34,2095,55.37,35.64,32,116010,181000
[Recv] <<< 23:c9:cc:4b:a0:3a,3261,-35,2096,55.37,35.64,37,116047,181037
[Recv] <<< 23:c9:cc:4b:a0:3a,3262,-34,2097,55.36,35.64,34,116081,181071
[Recv] <<< 23:c9:cc:4b:a0:3a,3263,-32,2098,55.34,35.64,22,116103,181093
[Recv] <<< 23:c9:cc:4b:a0:3a,3264,-34,2099,55.33,35.64,45,116148,181138
[Recv] <<< 23:c9:cc:4b:a0:3a,3265,-34,2100,55.33,35.64,37,116185,181175
[Recv] <<< 23:c9:cc:4b:a0:3a,3266,-35,2101,55.31,35.64,26,116211,181201
[Recv] <<< 23:c9:cc:4b:a0:3a,3267,-35,2102,55.30,35.64,34,116245,181235
[Recv] <<< 23:c9:cc:4b:a0:3a,3269,-34,2103,55.31,35.64,73,116318,181308
[Recv] <<< 23:c9:cc:4b:a0:3a,3270,-35,2104,55.30,35.64,32,116350,181340
[Recv] <<< 23:c9:cc:4b:a0:3a,3271,-34,2105,55.29,35.64,37,116387,181377
[Recv] <<< 23:c9:cc:4b:a0:3a,3272,-34,2106,55.28,35.63,32,116419,181409
[Recv] <<< 23:c9:cc:4b:a0:3a,3273,-34,2107,55.27,35.63,36,116455,181445
[Recv] <<< 23:c9:cc:4b:a0:3a,3274,-34,2108,55.26,35.63,35,116490,181480
[Recv] <<< 23:c9:cc:4b:a0:3a,3275,-40,2109,55.25,35.63,34,116524,181514
[Recv] <<< 23:c9:cc:4b:a0:3a,3276,-40,2110,55.24,35.63,33,116557,181547
[Recv] <<< 23:c9:cc:4b:a0:3a,3277,-35,2111,55.23,35.63,30,116587,181577
[Recv] <<< 23:c9:cc:4b:a0:3a,3278,-34,2112,55.22,35.63,33,116620,181610
[Recv] <<< 23:c9:cc:4b:a0:3a,3279,-34,2113,55.21,35.63,36,116656,181646
[Recv] <<< 23:c9:cc:4b:a0:3a,3280,-34,2114,55.20,35.63,32,116688,181678
[Recv] <<< 23:c9:cc:4b:a0:3a,3281,-34,2115,55.19,35.63,33,116721,181711
[Recv] <<< 23:c9:cc:4b:a0:3a,3282,-34,2116,55.18,35.63,38,116759,181749
[Recv] <<< 23:c9:cc:4b:a0:3a,3283,-34,2117,55.17,35.63,36,116795,181785
[Recv] <<< 23:c9:cc:4b:a0:3a,3284,-34,2118,55.16,35.63,34,116829,181819
[Recv] <<< 23:c9:cc:4b:a0:3a,3285,-32,2119,55.15,35.63,26,116855,181845
[Recv] <<< 23:c9:cc:4b:a0:3a,3287,-32,2120,55.15,35.63,70,116925,181915
[Recv] <<< 23:c9:cc:4b:a0:3a,3288,-32,2121,55.14,35.63,37,116962,181952
[Recv] <<< 23:c9:cc:4b:a0:3a,3289,-32,2122,55.13,35.62,30,116992,181982
[Recv] <<< 23:c9:cc:4b:a0:3a,3290,-32,2123,55.12,35.62,31,117023,182013
[Recv] <<< 23:c9:cc:4b:a0:3a,3291,-32,2124,55.11,35.62,38,117061,182051
[Recv] <<< 23:c9:cc:4b:a0:3a,3307,-32,2125,55.35,35.62,552,117613,182603
[Recv] <<< 23:c9:cc:4b:a0:3a,3309,-32,2126,55.35,35.62,68,117681,182671
[Recv] <<< 23:c9:cc:4b:a0:3a,3310,-32,2127,55.34,35.62,28,117709,182699
[Recv] <<< 23:c9:cc:4b:a0:3a,3312,-40,2128,55.35,35.61,69,117778,182768
[Recv] <<< 23:c9:cc:4b:a0:3a,3313,-40,2129,55.33,35.61,26,117804,182794
[Recv] <<< 23:c9:cc:4b:a0:3a,3314,-40,2130,55.32,35.61,33,117837,182827
[Recv] <<< 23:c9:cc:4b:a0:3a,3315,-41,2131,55.32,35.61,42,117879,182869
[Recv] <<< 23:c9:cc:4b:a0:3a,3316,-41,2132,55.30,35.61,24,117903,182893
[Recv] <<< 23:c9:cc:4b:a0:3a,3317,-41,2133,55.29,35.61,36,117939,182929
[Recv] <<< 23:c9:cc:4b:a0:3a,3318,-41,2134,55.28,35.61,32,117971,182961
[Recv] <<< 23:c9:cc:4b:a0:3a,3319,-32,2135,55.28,35.61,43,118014,183004
[Recv] <<< 23:c9:cc:4b:a0:3a,3321,-34,2136,55.29,35.61,75,118089,183079
[Recv] <<< 23:c9:cc:4b:a0:3a,3322,-34,2137,55.27,35.61,33,118122,183112
[Recv] <<< 23:c9:cc:4b:a0:3a,3323,-32,2138,55.26,35.61,28,118150,183140
[Recv] <<< 23:c9:cc:4b:a0:3a,3324,-35,2139,55.26,35.61,44,118194,183184
[Recv] <<< 23:c9:cc:4b:a0:3a,3325,-34,2140,55.24,35.61,28,118222,183212
[Recv] <<< 23:c9:cc:4b:a0:3a,3326,-34,2141,55.23,35.61,36,118258,183248
[Recv] <<< 23:c9:cc:4b:a0:3a,3327,-34,2142,55.22,35.61,26,118284,183274
[Recv] <<< 23:c9:cc:4b:a0:3a,3328,-34,2143,55.21,35.61,38,118322,183312
[Recv] <<< 23:c9:cc:4b:a0:3a,3329,-32,2144,55.20,35.61,30,118352,183342
[Recv] <<< 23:c9:cc:4b:a0:3a,3330,-32,2145,55.19,35.60,33,118385,183375
[Recv] <<< 23:c9:cc:4b:a0:3a,3331,-34,2146,55.18,35.61,39,118424,183414
[Recv] <<< 23:c9:cc:4b:a0:3a,3332,-34,2147,55.17,35.61,34,118458,183448
[Recv] <<< 23:c9:cc:4b:a0:3a,3333,-34,2148,55.17,35.61,40,118498,183488
[Recv] <<< 23:c9:cc:4b:a0:3a,3334,-34,2149,55.15,35.60,26,118524,183514
[Recv] <<< 23:c9:cc:4b:a0:3a,3335,-40,2150,55.15,35.61,45,118569,183559
[Recv] <<< 23:c9:cc:4b:a0:3a,3336,-40,2151,55.14,35.61,39,118608,183598
[Recv] <<< 23:c9:cc:4b:a0:3a,3337,-40,2152,55.13,35.60,27,118635,183625
[Recv] <<< 23:c9:cc:4b:a0:3a,3338,-40,2153,55.12,35.61,37,118672,183662
[Recv] <<< 23:c9:cc:4b:a0:3a,3341,-41,2154,55.14,35.60,102,118774,183764
[Recv] <<< 23:c9:cc:4b:a0:3a,3342,-41,2155,55.13,35.60,36,118810,183800
[Recv] <<< 23:c9:cc:4b:a0:3a,3343,-32,2156,55.12,35.60,38,118848,183838
[Recv] <<< 23:c9:cc:4b:a0:3a,3344,-32,2157,55.12,35.61,38,118886,183876
[Recv] <<< 23:c9:cc:4b:a0:3a,3345,-32,2158,55.11,35.60,34,118920,183910
[Recv] <<< 23:c9:cc:4b:a0:3a,3346,-32,2159,55.10,35.60,32,118952,183942
[Recv] <<< 23:c9:cc:4b:a0:3a,3347,-32,2160,55.09,35.60,34,118986,183976
[Recv] <<< 23:c9:cc:4b:a0:3a,3349,-40,2161,55.09,35.60,65,119051,184041
[Recv] <<< 23:c9:cc:4b:a0:3a,3351,-40,2162,55.09,35.60,61,119112,184102
[Recv] <<< 23:c9:cc:4b:a0:3a,3352,-40,2163,55.09,35.60,39,119151,184141
[Recv] <<< 23:c9:cc:4b:a0:3a,3353,-32,2164,55.08,35.60,47,119198,184188
[Recv] <<< 23:c9:cc:4b:a0:3a,3355,-32,2165,55.09,35.60,72,119270,184260
[Recv] <<< 23:c9:cc:4b:a0:3a,3357,-40,2166,55.09,35.60,62,119332,184322
[Recv] <<< 23:c9:cc:4b:a0:3a,3358,-41,2167,55.08,35.60,26,119358,184348
[Recv] <<< 23:c9:cc:4b:a0:3a,3359,-40,2168,55.07,35.60,38,119396,184386
[Recv] <<< 23:c9:cc:4b:a0:3a,3360,-26,2169,55.07,35.60,41,119437,184427
[Recv] <<< 23:c9:cc:4b:a0:3a,3361,-26,2170,55.06,35.60,33,119470,184460
[Recv] <<< 23:c9:cc:4b:a0:3a,3362,-30,2171,55.05,35.60,52,119522,184512
[Recv] <<< 23:c9:cc:4b:a0:3a,3363,-36,2172,55.05,35.61,42,119564,184554
[Recv] <<< 23:c9:cc:4b:a0:3a,1,-41,1,27.00,27.00,1166,27,185720
[Recv] <<< 23:c9:cc:4b:a0:3a,2,-43,2,35.00,35.00,43,70,185763
[Recv] <<< 23:c9:cc:4b:a0:3a,3,-41,3,33.33,33.33,30,100,185793
[Recv] <<< 23:c9:cc:4b:a0:3a,4,-43,4,33.75,33.75,35,135,185828
[Recv] <<< 23:c9:cc:4b:a0:3a,5,-43,5,34.40,34.40,37,172,185865
[Recv] <<< 23:c9:cc:4b:a0:3a,6,-43,6,33.50,33.50,29,201,185894
[Recv] <<< 23:c9:cc:4b:a0:3a,7,-43,7,34.00,34.00,37,238,185931
[Recv] <<< 23:c9:cc:4b:a0:3a,8,-47,8,33.38,33.38,29,267,185960
[Recv] <<< 23:c9:cc:4b:a0:3a,9,-41,9,33.89,33.89,38,305,185998
[Recv] <<< 23:c9:cc:4b:a0:3a,11,-41,10,36.80,33.45,63,368,186061
[Recv] <<< 23:c9:cc:4b:a0:3a,13,-32,11,39.91,33.77,71,439,186132
[Recv] <<< 23:c9:cc:4b:a0:3a,15,-43,12,42.25,33.80,68,507,186200
[Recv] <<< 23:c9:cc:4b:a0:3a,17,-32,13,44.85,34.29,76,583,186276
[Recv] <<< 23:c9:cc:4b:a0:3a,18,-32,14,43.71,34.00,29,612,186305
[Recv] <<< 23:c9:cc:4b:a0:3a,20,-32,15,45.27,33.95,67,679,186372
[Recv] <<< 23:c9:cc:4b:a0:3a,21,-32,16,44.62,34.00,35,714,186407
[Recv] <<< 23:c9:cc:4b:a0:3a,22,-32,17,44.47,34.36,42,756,186449
[Recv] <<< 23:c9:cc:4b:a0:3a,23,-32,18,43.67,34.17,30,786,186479
[Recv] <<< 23:c9:cc:4b:a0:3a,25,-32,19,44.95,34.16,68,854,186547
[Recv] <<< 23:c9:cc:4b:a0:3a,26,-32,20,44.80,34.46,42,896,186589
[Recv] <<< 23:c9:cc:4b:a0:3a,27,-32,21,44.14,34.33,31,927,186620
[Recv] <<< 23:c9:cc:4b:a0:3a,28,-32,22,43.73,34.36,35,962,186655
[Recv] <<< 23:c9:cc:4b:a0:3a,29,-32,23,43.26,34.31,33,995,186688
[Recv] <<< 23:c9:cc:4b:a0:3a,30,-32,24,42.88,34.30,34,1029,186722
[Recv] <<< 23:c9:cc:4b:a0:3a,31,-32,25,42.44,34.23,32,1061,186754
[Recv] <<< 23:c9:cc:4b:a0:3a,34,-43,26,44.58,34.09,98,1159,186852
[Recv] <<< 23:c9:cc:4b:a0:3a,35,-41,27,43.89,33.86,26,1185,186878
[Recv] <<< 23:c9:cc:4b:a0:3a,36,-41,28,43.43,33.78,31,1216,186909
[Recv] <<< 23:c9:cc:4b:a0:3a,37,-47,29,43.31,33.95,40,1256,186949
[Recv] <<< 23:c9:cc:4b:a0:3a,38,-44,30,43.03,33.97,35,1291,186984
[Recv] <<< 23:c9:cc:4b:a0:3a,40,-43,31,43.71,33.88,64,1355,187048
[Recv] <<< 23:c9:cc:4b:a0:3a,41,-41,32,43.38,33.85,33,1388,187081
[Recv] <<< 23:c9:cc:4b:a0:3a,42,-41,33,43.09,33.86,34,1422,187115
[Recv] <<< 23:c9:cc:4b:a0:3a,43,-43,34,42.85,33.88,35,1457,187150
[Recv] <<< 23:c9:cc:4b:a0:3a,44,-32,35,42.69,33.95,37,1494,187187
[Recv] <<< 23:c9:cc:4b:a0:3a,45,-41,36,42.39,33.91,32,1526,187219
[Recv] <<< 23:c9:cc:4b:a0:3a,46,-43,37,42.24,33.98,37,1563,187256
[Recv] <<< 23:c9:cc:4b:a0:3a,50,-35,38,44.50,33.82,128,1691,187384
[Recv] <<< 23:c9:cc:4b:a0:3a,52,-43,39,45.23,33.92,73,1764,187457
[Recv] <<< 23:c9:cc:4b:a0:3a,57,-36,40,48.25,33.86,166,1930,187623
[Recv] <<< 23:c9:cc:4b:a0:3a,58,-36,41,47.95,33.90,36,1966,187659
[Recv] <<< 23:c9:cc:4b:a0:3a,59,-35,42,47.67,33.93,36,2002,187695
[Recv] <<< 23:c9:cc:4b:a0:3a,75,-41,43,59.77,34.27,568,2570,188263
[Recv] <<< 23:c9:cc:4b:a0:3a,76,-44,44,59.11,34.22,31,2601,188294
[Recv] <<< 23:c9:cc:4b:a0:3a,77,-43,45,58.58,34.23,35,2636,188329
[Recv] <<< 23:c9:cc:4b:a0:3a,78,-35,46,57.98,34.19,31,2667,188360
[Recv] <<< 23:c9:cc:4b:a0:3a,79,-35,47,57.36,34.13,29,2696,188389
[Recv] <<< 23:c9:cc:4b:a0:3a,80,-35,48,56.88,34.12,34,2730,188423
[Recv] <<< 23:c9:cc:4b:a0:3a,81,-35,49,56.39,34.11,33,2763,188456
[Recv] <<< 23:c9:cc:4b:a0:3a,82,-36,50,55.96,34.12,35,2798,188491
[Recv] <<< 23:c9:cc:4b:a0:3a,83,-35,51,55.53,34.12,34,2832,188525
[Recv] <<< 23:c9:cc:4b:a0:3a,84,-35,52,55.21,34.18,39,2871,188564
[Recv] <<< 23:c9:cc:4b:a0:3a,85,-36,53,54.68,34.09,27,2898,188591
[Recv] <<< 23:c9:cc:4b:a0:3a,86,-35,54,54.28,34.08,33,2931,188624
[Recv] <<< 23:c9:cc:4b:a0:3a,87,-36,55,53.89,34.07,33,2964,188657
[Recv] <<< 23:c9:cc:4b:a0:3a,88,-38,56,53.52,34.06,33,2997,188690
[Recv] <<< 23:c9:cc:4b:a0:3a,89,-35,57,53.19,34.07,35,3032,188725
[Recv] <<< 23:c9:cc:4b:a0:3a,90,-35,58,52.83,34.04,32,3064,188757
[Recv] <<< 23:c9:cc:4b:a0:3a,91,-38,59,52.51,34.04,34,3098,188791
[Recv] <<< 23:c9:cc:4b:a0:3a,93,-36,60,52.92,34.14,77,3175,188868
[Recv] <<< 23:c9:cc:4b:a0:3a,94,-38,61,52.57,34.12,32,3207,188900
[Recv] <<< 23:c9:cc:4b:a0:3a,95,-36,62,52.31,34.14,36,3243,188936
[Recv] <<< 23:c9:cc:4b:a0:3a,96,-35,63,51.89,34.05,26,3269,188962
[Recv] <<< 23:c9:cc:4b:a0:3a,97,-32,64,51.52,33.99,28,3297,188990
[Recv] <<< 23:c9:cc:4b:a0:3a,99,-32,65,51.80,34.01,70,3367,189060
[Recv] <<< 23:c9:cc:4b:a0:3a,100,-35,66,51.58,34.04,37,3404,189097
[Recv] <<< 23:c9:cc:4b:a0:3a,102,-35,67,51.97,34.14,78,3482,189175
[Recv] <<< 23:c9:cc:4b:a0:3a,104,-32,68,52.07,34.05,59,3541,189234
[Recv] <<< 23:c9:cc:4b:a0:3a,105,-32,69,51.86,34.08,37,3578,189271
[Recv] <<< 23:c9:cc:4b:a0:3a,106,-32,70,51.59,34.07,33,3611,189304
[Recv] <<< 23:c9:cc:4b:a0:3a,107,-32,71,51.35,34.07,35,3646,189339
[Recv] <<< 23:c9:cc:4b:a0:3a,110,-32,72,52.01,34.05,99,3745,189438
[Recv] <<< 23:c9:cc:4b:a0:3a,112,-43,73,52.23,34.04,68,3813,189506
[Recv] <<< 23:c9:cc:4b:a0:3a,113,-41,74,51.88,33.97,26,3839,189532
[Recv] <<< 23:c9:cc:4b:a0:3a,114,-35,75,51.71,34.02,39,3878,189571
[Recv] <<< 23:c9:cc:4b:a0:3a,115,-35,76,51.45,34.00,32,3910,189603
[Recv] <<< 23:c9:cc:4b:a0:3a,116,-32,77,51.16,33.96,29,3939,189632
[Recv] <<< 23:c9:cc:4b:a0:3a,117,-32,78,50.86,33.91,28,3967,189660
[Recv] <<< 23:c9:cc:4b:a0:3a,120,-41,79,51.44,33.87,97,4064,189757
[Recv] <<< 23:c9:cc:4b:a0:3a,121,-41,80,51.26,33.89,37,4101,189794
[Recv] <<< 23:c9:cc:4b:a0:3a,122,-41,81,51.09,33.92,37,4138,189831
[Recv] <<< 23:c9:cc:4b:a0:3a,124,-32,82,51.34,33.95,72,4210,189903
[Recv] <<< 23:c9:cc:4b:a0:3a,125,-32,83,51.11,33.94,32,4242,189935
[Recv] <<< 23:c9:cc:4b:a0:3a,126,-32,84,50.92,33.94,35,4277,189970
[Recv] <<< 23:c9:cc:4b:a0:3a,129,-41,85,51.48,33.92,99,4376,190069
[Recv] <<< 23:c9:cc:4b:a0:3a,130,-45,86,51.30,33.94,36,4412,190105
[Recv] <<< 23:c9:cc:4b:a0:3a,131,-43,87,51.15,33.97,38,4450,190143
[Recv] <<< 23:c9:cc:4b:a0:3a,132,-41,88,51.00,34.00,38,4488,190181
[Recv] <<< 23:c9:cc:4b:a0:3a,133,-44,89,50.72,33.94,26,4514,190207
[Recv] <<< 23:c9:cc:4b:a0:3a,135,-36,90,50.88,33.92,65,4579,190272
[Recv] <<< 23:c9:cc:4b:a0:3a,137,-35,91,51.09,33.93,70,4649,190342
[Recv] <<< 23:c9:cc:4b:a0:3a,138,-35,92,50.90,33.93,34,4683,190376
[Recv] <<< 23:c9:cc:4b:a0:3a,140,-35,93,51.17,33.99,76,4759,190452
[Recv] <<< 23:c9:cc:4b:a0:3a,142,-35,94,51.36,34.00,69,4828,190521
[Recv] <<< 23:c9:cc:4b:a0:3a,143,-36,95,51.15,33.98,31,4859,190552
[Recv] <<< 23:c9:cc:4b:a0:3a,145,-35,96,51.35,34.00,71,4930,190623
[Recv] <<< 23:c9:cc:4b:a0:3a,146,-35,97,51.18,34.00,34,4964,190657
[Recv] <<< 23:c9:cc:4b:a0:3a,147,-35,98,50.94,33.96,28,4992,190685
[Recv] <<< 23:c9:cc:4b:a0:3a,148,-35,99,50.80,33.98,37,5029,190722
[Recv] <<< 23:c9:cc:4b:a0:3a,149,-36,100,50.65,33.99,36,5065,190758
[Recv] <<< 23:c9:cc:4b:a0:3a,150,-36,101,50.51,34.01,37,5102,190795
[Recv] <<< 23:c9:cc:4b:a0:3a,151,-35,102,50.35,34.01,34,5136,190829
[Recv] <<< 23:c9:cc:4b:a0:3a,152,-32,103,50.19,34.01,34,5170,190863
[Recv] <<< 23:c9:cc:4b:a0:3a,153,-32,104,49.97,33.97,27,5197,190890
[Recv] <<< 23:c9:cc:4b:a0:3a,154,-32,105,49.80,33.95,32,5229,190922
[Recv] <<< 23:c9:cc:4b:a0:3a,155,-32,106,49.65,33.95,34,5263,190956
[Recv] <<< 23:c9:cc:4b:a0:3a,156,-32,107,49.56,33.99,40,5303,190996
[Recv] <<< 23:c9:cc:4b:a0:3a,157,-32,108,49.44,34.01,37,5340,191033
[Recv] <<< 23:c9:cc:4b:a0:3a,158,-36,109,49.36,34.05,40,5380,191073
[Recv] <<< 23:c9:cc:4b:a0:3a,174,-41,110,53.86,34.05,545,5925,191618
[Recv] <<< 23:c9:cc:4b:a0:3a,175,-41,111,53.69,34.06,35,5960,191653
[Recv] <<< 23:c9:cc:4b:a0:3a,176,-41,112,53.54,34.07,36,5996,191689
[Recv] <<< 23:c9:cc:4b:a0:3a,178,-41,113,53.65,34.06,67,6063,191756
[Recv] <<< 23:c9:cc:4b:a0:3a,179,-41,114,53.46,34.04,31,6094,191787
[Recv] <<< 23:c9:cc:4b:a0:3a,180,-41,115,53.34,34.08,40,6134,191827
[Recv] <<< 23:c9:cc:4b:a0:3a,181,-41,116,53.19,34.09,36,6170,191863
[Recv] <<< 23:c9:cc:4b:a0:3a,182,-41,117,52.98,34.06,29,6199,191892
[Recv] <<< 23:c9:cc:4b:a0:3a,183,-41,118,52.86,34.09,39,6238,191931
[Recv] <<< 23:c9:cc:4b:a0:3a,184,-44,119,52.67,34.07,30,6268,191961
[Recv] <<< 23:c9:cc:4b:a0:3a,185,-46,120,52.51,34.06,33,6301,191994
[Recv] <<< 23:c9:cc:4b:a0:3a,186,-43,121,52.38,34.08,37,6338,192031
[Recv] <<< 23:c9:cc:4b:a0:3a,187,-46,122,52.17,34.04,27,6365,192058
[Recv] <<< 23:c9:cc:4b:a0:3a,188,-33,123,52.09,34.08,42,6407,192100
[Recv] <<< 23:c9:cc:4b:a0:3a,189,-33,124,51.90,34.05,29,6436,192129
[Recv] <<< 23:c9:cc:4b:a0:3a,190,-45,125,51.77,34.06,35,6471,192164
[Recv] <<< 23:c9:cc:4b:a0:3a,192,-35,126,51.86,34.03,63,6534,192227
[Recv] <<< 23:c9:cc:4b:a0:3a,193,-36,127,51.71,34.03,33,6567,192260
[Recv] <<< 23:c9:cc:4b:a0:3a,194,-36,128,51.52,33.99,28,6595,192288
[Recv] <<< 23:c9:cc:4b:a0:3a,200,-32,129,52.67,33.97,199,6794,192487
[Recv] <<< 23:c9:cc:4b:a0:3a,201,-32,130,52.53,33.98,35,6829,192522
[Recv] <<< 23:c9:cc:4b:a0:3a,202,-42,131,52.37,33.96,31,6860,192553
[Recv] <<< 23:c9:cc:4b:a0:3a,203,-41,132,52.20,33.95,31,6891,192584
[Recv] <<< 23:c9:cc:4b:a0:3a,204,-41,133,52.09,33.96,37,6928,192621
[Recv] <<< 23:c9:cc:4b:a0:3a,205,-32,134,52.00,33.99,40,6968,192661
[Recv] <<< 23:c9:cc:4b:a0:3a,206,-32,135,51.84,33.98,31,6999,192692
[Recv] <<< 23:c9:cc:4b:a0:3a,207,-32,136,51.71,33.98,34,7033,192726
[Recv] <<< 23:c9:cc:4b:a0:3a,208,-32,137,51.56,33.96,31,7064,192757
[Recv] <<< 23:c9:cc:4b:a0:3a,210,-32,138,51.70,33.98,71,7135,192828
[Recv] <<< 23:c9:cc:4b:a0:3a,212,-40,139,51.77,33.94,61,7196,192889
[Recv] <<< 23:c9:cc:4b:a0:3a,214,-40,140,51.89,33.95,69,7265,192958
[Recv] <<< 23:c9:cc:4b:a0:3a,215,-40,141,51.75,33.94,32,7297,192990
[Recv] <<< 23:c9:cc:4b:a0:3a,216,-40,142,51.61,33.93,31,7328,193021
[Recv] <<< 23:c9:cc:4b:a0:3a,217,-40,143,51.47,33.92,32,7360,193053
[Recv] <<< 23:c9:cc:4b:a0:3a,218,-40,144,51.37,33.93,37,7397,193090
[Recv] <<< 23:c9:cc:4b:a0:3a,219,-40,145,51.22,33.91,30,7427,193120
[Recv] <<< 23:c9:cc:4b:a0:3a,220,-40,146,51.12,33.92,36,7463,193156
[Recv] <<< 23:c9:cc:4b:a0:3a,221,-39,147,50.99,33.91,32,7495,193188
[Recv] <<< 23:c9:cc:4b:a0:3a,222,-39,148,50.86,33.91,32,7527,193220
[Recv] <<< 23:c9:cc:4b:a0:3a,223,-33,149,50.73,33.90,32,7559,193252
[Recv] <<< 23:c9:cc:4b:a0:3a,224,-33,150,50.61,33.89,33,7592,193285
[Recv] <<< 23:c9:cc:4b:a0:3a,225,-33,151,50.56,33.93,42,7634,193327
[Recv] <<< 23:c9:cc:4b:a0:3a,226,-33,152,50.39,33.89,26,7660,193353
[Recv] <<< 23:c9:cc:4b:a0:3a,227,-33,153,50.31,33.91,38,7698,193391
[Recv] <<< 23:c9:cc:4b:a0:3a,228,-33,154,50.17,33.89,28,7726,193419
[Recv] <<< 23:c9:cc:4b:a0:3a,229,-33,155,50.07,33.89,35,7761,193454
[Recv] <<< 23:c9:cc:4b:a0:3a,231,-31,156,50.15,33.87,63,7824,193517
[Recv] <<< 23:c9:cc:4b:a0:3a,268,-31,1,38.00,38.00,545,38,545
[Recv] <<< 23:c9:cc:4b:a0:3a,269,-31,2,32.00,32.00,26,64,571
[Recv] <<< 23:c9:cc:4b:a0:3a,271,-40,3,43.67,32.75,67,131,638
[Recv] <<< 23:c9:cc:4b:a0:3a,272,-39,4,40.25,32.20,30,161,668
[Recv] <<< 23:c9:cc:4b:a0:3a,273,-40,5,40.00,33.33,39,200,707
[Recv] <<< 23:c9:cc:4b:a0:3a,274,-39,6,38.33,32.86,30,230,737
[Recv] <<< 23:c9:cc:4b:a0:3a,275,-40,7,38.57,33.75,40,270,777
[Recv] <<< 23:c9:cc:4b:a0:3a,276,-41,8,37.62,33.44,31,301,808
[Recv] <<< 23:c9:cc:4b:a0:3a,277,-40,9,37.11,33.40,33,334,841
[Recv] <<< 23:c9:cc:4b:a0:3a,278,-39,10,37.30,33.91,39,373,880
[Recv] <<< 23:c9:cc:4b:a0:3a,279,-41,11,36.73,33.67,31,404,911
[Recv] <<< 23:c9:cc:4b:a0:3a,280,-40,12,36.50,33.69,34,438,945
[Recv] <<< 23:c9:cc:4b:a0:3a,282,-34,13,38.54,33.40,63,501,1008
[Recv] <<< 23:c9:cc:4b:a0:3a,285,-33,14,42.50,33.06,94,595,1102
[Recv] <<< 23:c9:cc:4b:a0:3a,286,-34,15,42.27,33.37,39,634,1141
[Recv] <<< 23:c9:cc:4b:a0:3a,287,-33,16,41.81,33.45,35,669,1176
[Recv] <<< 23:c9:cc:4b:a0:3a,288,-34,17,41.47,33.57,36,705,1212
[Recv] <<< 23:c9:cc:4b:a0:3a,289,-33,18,40.94,33.50,32,737,1244
[Recv] <<< 23:c9:cc:4b:a0:3a,290,-33,19,40.58,33.52,34,771,1278
[Recv] <<< 23:c9:cc:4b:a0:3a,291,-34,20,40.05,33.38,30,801,1308
[Recv] <<< 23:c9:cc:4b:a0:3a,296,-31,21,46.10,33.38,167,968,1475
[Recv] <<< 23:c9:cc:4b:a0:3a,297,-39,22,45.32,33.23,29,997,1504
[Recv] <<< 23:c9:cc:4b:a0:3a,298,-39,23,44.61,33.10,29,1026,1533
[Recv] <<< 23:c9:cc:4b:a0:3a,299,-39,24,44.08,33.06,32,1058,1565
[Recv] <<< 23:c9:cc:4b:a0:3a,300,-39,25,43.60,33.03,32,1090,1597
[Recv] <<< 23:c9:cc:4b:a0:3a,302,-33,26,44.38,32.97,64,1154,1661
[Recv] <<< 23:c9:cc:4b:a0:3a,303,-33,27,43.89,32.92,31,1185,1692
[Recv] <<< 23:c9:cc:4b:a0:3a,304,-33,28,43.57,32.97,35,1220,1727
[Recv] <<< 23:c9:cc:4b:a0:3a,306,-33,29,44.48,33.08,70,1290,1797
[Recv] <<< 23:c9:cc:4b:a0:3a,307,-33,30,44.07,33.05,32,1322,1829
[Recv] <<< 23:c9:cc:4b:a0:3a,308,-33,31,43.84,33.15,37,1359,1866
[Recv] <<< 23:c9:cc:4b:a0:3a,310,-33,32,44.62,33.21,69,1428,1935
[Recv] <<< 23:c9:cc:4b:a0:3a,311,-33,33,44.24,33.18,32,1460,1967
[Recv] <<< 23:c9:cc:4b:a0:3a,312,-33,34,44.09,33.31,39,1499,2006
[Recv] <<< 23:c9:cc:4b:a0:3a,313,-33,35,43.74,33.28,32,1531,2038
[Recv] <<< 23:c9:cc:4b:a0:3a,314,-33,36,43.44,33.28,33,1564,2071
[Recv] <<< 23:c9:cc:4b:a0:3a,315,-33,37,43.22,33.31,35,1599,2106
[Recv] <<< 23:c9:cc:4b:a0:3a,316,-39,38,43.13,33.45,40,1639,2146
[Recv] <<< 23:c9:cc:4b:a0:3a,318,-39,39,43.64,33.37,63,1702,2209
[Recv] <<< 23:c9:cc:4b:a0:3a,319,-33,40,43.42,33.40,35,1737,2244
[Recv] <<< 23:c9:cc:4b:a0:3a,321,-33,41,43.90,33.33,63,1800,2307
[Recv] <<< 23:c9:cc:4b:a0:3a,322,-33,42,43.93,33.55,45,1845,2352
[Recv] <<< 23:c9:cc:4b:a0:3a,323,-33,43,43.44,33.36,23,1868,2375
[Recv] <<< 23:c9:cc:4b:a0:3a,326,-31,44,44.66,33.31,97,1965,2472
[Recv] <<< 23:c9:cc:4b:a0:3a,327,-31,45,44.40,33.30,33,1998,2505
[Recv] <<< 23:c9:cc:4b:a0:3a,330,-33,46,45.89,33.51,113,2111,2618
[Recv] <<< 23:c9:cc:4b:a0:3a,331,-33,47,45.77,33.61,40,2151,2658
[Recv] <<< 23:c9:cc:4b:a0:3a,332,-33,48,45.50,33.60,33,2184,2691
[Recv] <<< 23:c9:cc:4b:a0:3a,333,-33,49,45.14,33.52,28,2212,2719
[Recv] <<< 23:c9:cc:4b:a0:3a,334,-33,50,45.06,33.63,41,2253,2760
[Recv] <<< 23:c9:cc:4b:a0:3a,335,-33,51,44.71,33.53,27,2280,2787
[Recv] <<< 23:c9:cc:4b:a0:3a,336,-33,52,44.58,33.59,38,2318,2825
[Recv] <<< 23:c9:cc:4b:a0:3a,337,-33,53,44.26,33.51,28,2346,2853
[Recv] <<< 23:c9:cc:4b:a0:3a,338,-31,54,44.07,33.52,34,2380,2887
[Recv] <<< 23:c9:cc:4b:a0:3a,340,-31,55,44.44,33.48,64,2444,2951
[Recv] <<< 23:c9:cc:4b:a0:3a,341,-31,56,44.21,33.46,32,2476,2983
[Recv] <<< 23:c9:cc:4b:a0:3a,342,-31,57,44.04,33.47,34,2510,3017
[Recv] <<< 23:c9:cc:4b:a0:3a,343,-31,58,43.90,33.50,36,2546,3053
[Recv] <<< 23:c9:cc:4b:a0:3a,344,-31,59,43.68,33.47,31,2577,3084
[Recv] <<< 23:c9:cc:4b:a0:3a,345,-31,60,43.47,33.44,31,2608,3115
[Recv] <<< 23:c9:cc:4b:a0:3a,347,-33,61,44.10,33.62,82,2690,3197
[Recv] <<< 23:c9:cc:4b:a0:3a,348,-33,62,43.92,33.62,33,2723,3230
[Recv] <<< 23:c9:cc:4b:a0:3a,350,-31,63,44.17,33.53,60,2783,3290
[Recv] <<< 23:c9:cc:4b:a0:3a,351,-31,64,44.08,33.58,38,2821,3328
[Recv] <<< 23:c9:cc:4b:a0:3a,352,-31,65,43.92,33.59,34,2855,3362
[Recv] <<< 23:c9:cc:4b:a0:3a,354,-31,66,44.26,33.57,66,2921,3428
[Recv] <<< 23:c9:cc:4b:a0:3a,355,-31,67,44.12,33.59,35,2956,3463
[Recv] <<< 23:c9:cc:4b:a0:3a,356,-31,68,43.90,33.54,29,2985,3492
[Recv] <<< 23:c9:cc:4b:a0:3a,358,-40,69,44.20,33.52,65,3050,3557
[Recv] <<< 23:c9:cc:4b:a0:3a,359,-39,70,44.04,33.51,33,3083,3590
[Recv] <<< 23:c9:cc:4b:a0:3a,360,-42,71,43.94,33.55,37,3120,3627
[Recv] <<< 23:c9:cc:4b:a0:3a,361,-31,72,43.92,33.64,42,3162,3669
[Recv] <<< 23:c9:cc:4b:a0:3a,362,-31,73,43.82,33.67,37,3199,3706
[Recv] <<< 23:c9:cc:4b:a0:3a,363,-39,74,43.61,33.61,28,3227,3734
[Recv] <<< 23:c9:cc:4b:a0:3a,364,-39,75,43.48,33.62,34,3261,3768
[Recv] <<< 23:c9:cc:4b:a0:3a,366,-39,76,43.71,33.56,61,3322,3829
[Recv] <<< 23:c9:cc:4b:a0:3a,367,-40,77,43.57,33.55,33,3355,3862
[Recv] <<< 23:c9:cc:4b:a0:3a,369,-31,78,44.08,33.71,83,3438,3945
[Recv] <<< 23:c9:cc:4b:a0:3a,370,-31,79,44.04,33.78,41,3479,3986
[Recv] <<< 23:c9:cc:4b:a0:3a,371,-31,80,43.89,33.76,32,3511,4018
[Recv] <<< 23:c9:cc:4b:a0:3a,372,-31,81,43.78,33.77,35,3546,4053
[Recv] <<< 23:c9:cc:4b:a0:3a,373,-31,82,43.62,33.75,31,3577,4084
[Recv] <<< 23:c9:cc:4b:a0:3a,374,-31,83,43.45,33.70,29,3606,4113
[Recv] <<< 23:c9:cc:4b:a0:3a,375,-31,84,43.37,33.73,37,3643,4150
[Recv] <<< 23:c9:cc:4b:a0:3a,376,-33,85,43.24,33.72,32,3675,4182
[Recv] <<< 23:c9:cc:4b:a0:3a,377,-31,86,43.15,33.74,36,3711,4218
[Recv] <<< 23:c9:cc:4b:a0:3a,378,-33,87,43.09,33.77,38,3749,4256
[Recv] <<< 23:c9:cc:4b:a0:3a,379,-39,88,43.05,33.82,39,3788,4295
[Recv] <<< 23:c9:cc:4b:a0:3a,380,-33,89,42.97,33.84,36,3824,4331
[Recv] <<< 23:c9:cc:4b:a0:3a,382,-39,90,43.29,33.88,72,3896,4403
[Recv] <<< 23:c9:cc:4b:a0:3a,383,-39,91,43.21,33.90,36,3932,4439
[Recv] <<< 23:c9:cc:4b:a0:3a,384,-39,92,43.14,33.92,37,3969,4476
[Recv] <<< 23:c9:cc:4b:a0:3a,388,-33,93,44.08,33.88,130,4099,4606
[Recv] <<< 23:c9:cc:4b:a0:3a,389,-39,94,44.04,33.93,41,4140,4647
[Recv] <<< 23:c9:cc:4b:a0:3a,390,-42,95,44.00,33.98,40,4180,4687
[Recv] <<< 23:c9:cc:4b:a0:3a,392,-31,96,44.34,34.06,77,4257,4764
[Recv] <<< 23:c9:cc:4b:a0:3a,396,-31,97,45.25,34.02,132,4389,4896
[Recv] <<< 23:c9:cc:4b:a0:3a,397,-31,98,45.14,34.03,35,4424,4931
[Recv] <<< 23:c9:cc:4b:a0:3a,399,-33,99,45.45,34.09,76,4500,5007
[Recv] <<< 23:c9:cc:4b:a0:3a,400,-33,100,45.43,34.16,43,4543,5050
[Recv] <<< 23:c9:cc:4b:a0:3a,401,-33,101,45.23,34.09,25,4568,5075
[Recv] <<< 23:c9:cc:4b:a0:3a,402,-33,102,45.22,34.16,44,4612,5119
[Recv] <<< 23:c9:cc:4b:a0:3a,403,-33,103,45.05,34.12,28,4640,5147
[Recv] <<< 23:c9:cc:4b:a0:3a,404,-33,104,44.93,34.11,33,4673,5180
[Recv] <<< 23:c9:cc:4b:a0:3a,405,-33,105,44.81,34.09,32,4705,5212
[Recv] <<< 23:c9:cc:4b:a0:3a,406,-31,106,44.68,34.07,31,4736,5243
[Recv] <<< 23:c9:cc:4b:a0:3a,407,-33,107,44.58,34.07,34,4770,5277
[Recv] <<< 23:c9:cc:4b:a0:3a,408,-33,108,44.57,34.14,44,4814,5321
[Recv] <<< 23:c9:cc:4b:a0:3a,410,-41,109,44.90,34.22,80,4894,5401
[Recv] <<< 23:c9:cc:4b:a0:3a,412,-33,110,45.06,34.19,63,4957,5464
[Recv] <<< 23:c9:cc:4b:a0:3a,413,-33,111,44.95,34.18,33,4990,5497
[Recv] <<< 23:c9:cc:4b:a0:3a,415,-39,112,45.21,34.21,73,5063,5570
[Recv] <<< 23:c9:cc:4b:a0:3a,416,-39,113,45.12,34.21,35,5098,5605
[Recv] <<< 23:c9:cc:4b:a0:3a,417,-42,114,44.99,34.19,31,5129,5636
[Recv] <<< 23:c9:cc:4b:a0:3a,418,-39,115,44.93,34.22,38,5167,5674
[Recv] <<< 23:c9:cc:4b:a0:3a,420,-39,116,45.12,34.21,67,5234,5741
[Recv] <<< 23:c9:cc:4b:a0:3a,421,-31,117,45.12,34.28,45,5279,5786
[Recv] <<< 23:c9:cc:4b:a0:3a,422,-31,118,45.03,34.28,35,5314,5821
[Recv] <<< 23:c9:cc:4b:a0:3a,423,-31,119,44.88,34.24,27,5341,5848
[Recv] <<< 23:c9:cc:4b:a0:3a,424,-33,120,44.91,34.32,48,5389,5896
[Recv] <<< 23:c9:cc:4b:a0:3a,425,-33,121,44.78,34.29,29,5418,5925
[Recv] <<< 23:c9:cc:4b:a0:3a,426,-33,122,44.70,34.30,36,5454,5961
[Recv] <<< 23:c9:cc:4b:a0:3a,427,-33,123,44.59,34.28,31,5485,5992
[Recv] <<< 23:c9:cc:4b:a0:3a,430,-31,124,45.02,34.25,98,5583,6090
[Recv] <<< 23:c9:cc:4b:a0:3a,431,-31,125,44.95,34.26,36,5619,6126
[Recv] <<< 23:c9:cc:4b:a0:3a,432,-33,126,44.87,34.26,34,5653,6160
[Recv] <<< 23:c9:cc:4b:a0:3a,433,-33,127,44.75,34.23,30,5683,6190
[Recv] <<< 23:c9:cc:4b:a0:3a,435,-31,128,44.91,34.21,65,5748,6255
[Recv] <<< 23:c9:cc:4b:a0:3a,436,-31,129,44.88,34.25,41,5789,6296
[Recv] <<< 23:c9:cc:4b:a0:3a,437,-31,130,44.85,34.30,42,5831,6338
[Recv] <<< 23:c9:cc:4b:a0:3a,438,-31,131,44.69,34.24,24,5855,6362
[Recv] <<< 23:c9:cc:4b:a0:3a,440,-31,132,44.92,34.28,75,5930,6437
[Recv] <<< 23:c9:cc:4b:a0:3a,441,-34,133,44.84,34.28,34,5964,6471
[Recv] <<< 23:c9:cc:4b:a0:3a,442,-34,134,44.81,34.31,40,6004,6511
[Recv] <<< 23:c9:cc:4b:a0:3a,444,-39,135,45.03,34.34,75,6079,6586
[Recv] <<< 23:c9:cc:4b:a0:3a,445,-40,136,44.93,34.33,32,6111,6618
[Recv] <<< 23:c9:cc:4b:a0:3a,446,-39,137,44.84,34.32,32,6143,6650
[Recv] <<< 23:c9:cc:4b:a0:3a,447,-39,138,44.80,34.35,40,6183,6690
[Recv] <<< 23:c9:cc:4b:a0:3a,448,-39,139,44.72,34.34,33,6216,6723
[Recv] <<< 23:c9:cc:4b:a0:3a,449,-39,140,44.63,34.33,32,6248,6755
[Recv] <<< 23:c9:cc:4b:a0:3a,450,-40,141,44.60,34.37,41,6289,6796
[Recv] <<< 23:c9:cc:4b:a0:3a,451,-40,142,44.50,34.34,30,6319,6826
[Recv] <<< 23:c9:cc:4b:a0:3a,452,-31,143,44.47,34.37,40,6359,6866
[Recv] <<< 23:c9:cc:4b:a0:3a,453,-31,144,44.43,34.40,39,6398,6905
[Recv] <<< 23:c9:cc:4b:a0:3a,454,-31,145,44.34,34.39,32,6430,6937
[Recv] <<< 23:c9:cc:4b:a0:3a,456,-34,146,44.57,34.43,77,6507,7014
[Recv] <<< 23:c9:cc:4b:a0:3a,457,-31,147,44.47,34.41,30,6537,7044
[Recv] <<< 23:c9:cc:4b:a0:3a,458,-31,148,44.39,34.40,33,6570,7077
[Recv] <<< 23:c9:cc:4b:a0:3a,459,-31,149,44.32,34.40,34,6604,7111
[Recv] <<< 23:c9:cc:4b:a0:3a,460,-34,150,44.27,34.41,37,6641,7148
[Recv] <<< 23:c9:cc:4b:a0:3a,462,-34,151,44.46,34.43,73,6714,7221
[Recv] <<< 23:c9:cc:4b:a0:3a,463,-34,152,44.40,34.43,35,6749,7256
[Recv] <<< 23:c9:cc:4b:a0:3a,464,-34,153,44.32,34.42,32,6781,7288
[Recv] <<< 23:c9:cc:4b:a0:3a,465,-34,154,44.23,34.40,30,6811,7318
[Recv] <<< 23:c9:cc:4b:a0:3a,467,-34,155,44.41,34.42,73,6884,7391
[Recv] <<< 23:c9:cc:4b:a0:3a,468,-34,156,44.31,34.39,28,6912,7419
[Recv] <<< 23:c9:cc:4b:a0:3a,469,-34,157,44.26,34.40,37,6949,7456
[Recv] <<< 23:c9:cc:4b:a0:3a,472,-34,158,44.60,34.38,98,7047,7554
[Recv] <<< 23:c9:cc:4b:a0:3a,473,-32,159,44.47,34.33,24,7071,7578
[Recv] <<< 23:c9:cc:4b:a0:3a,475,-40,160,44.61,34.31,66,7137,7644
[Recv] <<< 23:c9:cc:4b:a0:3a,477,-32,161,44.80,34.34,75,7212,7719
[Recv] <<< 23:c9:cc:4b:a0:3a,478,-32,162,44.70,34.32,30,7242,7749
[Recv] <<< 23:c9:cc:4b:a0:3a,479,-40,163,44.61,34.30,30,7272,7779
[Recv] <<< 23:c9:cc:4b:a0:3a,481,-40,164,44.76,34.30,69,7341,7848
[Recv] <<< 23:c9:cc:4b:a0:3a,482,-40,165,44.65,34.27,27,7368,7875
[Recv] <<< 23:c9:cc:4b:a0:3a,483,-34,166,44.60,34.28,36,7404,7911
[Recv] <<< 23:c9:cc:4b:a0:3a,484,-34,167,44.52,34.26,31,7435,7942
[Recv] <<< 23:c9:cc:4b:a0:3a,485,-34,168,44.46,34.26,34,7469,7976
[Recv] <<< 23:c9:cc:4b:a0:3a,486,-34,169,44.41,34.27,37,7506,8013
[Recv] <<< 23:c9:cc:4b:a0:3a,487,-34,170,44.34,34.26,32,7538,8045
[Recv] <<< 23:c9:cc:4b:a0:3a,488,-34,171,44.26,34.24,30,7568,8075
[Recv] <<< 23:c9:cc:4b:a0:3a,492,-32,172,44.80,34.24,137,7705,8212
[Recv] <<< 23:c9:cc:4b:a0:3a,494,-34,173,44.98,34.28,77,7782,8289
[Recv] <<< 23:c9:cc:4b:a0:3a,495,-34,174,44.94,34.30,38,7820,8327
[Recv] <<< 23:c9:cc:4b:a0:3a,496,-34,175,44.84,34.27,27,7847,8354
[Recv] <<< 23:c9:cc:4b:a0:3a,498,-34,176,44.97,34.26,68,7915,8422
[Recv] <<< 23:c9:cc:4b:a0:3a,499,-34,177,44.90,34.26,33,7948,8455
[Recv] <<< 23:c9:cc:4b:a0:3a,500,-34,178,44.86,34.27,37,7985,8492
[Recv] <<< 23:c9:cc:4b:a0:3a,501,-34,179,44.78,34.26,31,8016,8523
[Recv] <<< 23:c9:cc:4b:a0:3a,502,-34,180,44.70,34.24,30,8046,8553
[Recv] <<< 23:c9:cc:4b:a0:3a,503,-34,181,44.65,34.25,36,8082,8589
[Recv] <<< 23:c9:cc:4b:a0:3a,504,-34,182,44.61,34.26,37,8119,8626
[Recv] <<< 23:c9:cc:4b:a0:3a,505,-40,183,44.55,34.25,33,8152,8659
[Recv] <<< 23:c9:cc:4b:a0:3a,506,-40,184,44.54,34.29,43,8195,8702
[Recv] <<< 23:c9:cc:4b:a0:3a,512,-32,185,45.42,34.29,207,8402,8909
[Recv] <<< 23:c9:cc:4b:a0:3a,518,-32,186,46.33,34.33,216,8618,9125
[Recv] <<< 23:c9:cc:4b:a0:3a,519,-32,187,46.26,34.33,32,8650,9157
[Recv] <<< 23:c9:cc:4b:a0:3a,521,-32,188,46.39,34.34,72,8722,9229
[Recv] <<< 23:c9:cc:4b:a0:3a,522,-32,189,46.35,34.35,38,8760,9267
[Recv] <<< 23:c9:cc:4b:a0:3a,523,-32,190,46.24,34.32,26,8786,9293
[Recv] <<< 23:c9:cc:4b:a0:3a,526,-32,191,46.53,34.32,102,8888,9395
[Recv] <<< 23:c9:cc:4b:a0:3a,529,-32,192,46.84,34.33,106,8994,9501
[Recv] <<< 23:c9:cc:4b:a0:3a,530,-32,193,46.79,34.33,36,9030,9537
[Recv] <<< 23:c9:cc:4b:a0:3a,531,-32,194,46.69,34.31,28,9058,9565
[Recv] <<< 23:c9:cc:4b:a0:3a,533,-32,195,46.85,34.34,77,9135,9642
[Recv] <<< 23:c9:cc:4b:a0:3a,535,-32,196,46.97,34.35,72,9207,9714
[Recv] <<< 23:c9:cc:4b:a0:3a,536,-32,197,46.92,34.36,36,9243,9750
[Recv] <<< 23:c9:cc:4b:a0:3a,538,-34,198,47.05,34.37,72,9315,9822
[Recv] <<< 23:c9:cc:4b:a0:3a,539,-40,199,47.05,34.42,47,9362,9869
[Recv] <<< 23:c9:cc:4b:a0:3a,540,-34,200,46.94,34.39,27,9389,9896
[Recv] <<< 23:c9:cc:4b:a0:3a,541,-34,201,46.90,34.41,38,9427,9934
[Recv] <<< 23:c9:cc:4b:a0:3a,542,-34,202,46.85,34.41,37,9464,9971
[Recv] <<< 23:c9:cc:4b:a0:3a,544,-40,203,46.99,34.43,74,9538,10045
[Recv] <<< 23:c9:cc:4b:a0:3a,545,-40,204,46.92,34.43,34,9572,10079
[Recv] <<< 23:c9:cc:4b:a0:3a,546,-40,205,46.86,34.43,35,9607,10114
[Recv] <<< 23:c9:cc:4b:a0:3a,549,-40,206,47.17,34.46,110,9717,10224
[Recv] <<< 23:c9:cc:4b:a0:3a,550,-32,207,47.14,34.48,42,9759,10266
[Recv] <<< 23:c9:cc:4b:a0:3a,551,-35,208,47.12,34.51,41,9800,10307
[Recv] <<< 23:c9:cc:4b:a0:3a,552,-40,209,47.12,34.55,48,9848,10355
[Recv] <<< 23:c9:cc:4b:a0:3a,553,-32,210,47.10,34.58,42,9890,10397
[Recv] <<< 23:c9:cc:4b:a0:3a,555,-34,211,47.26,34.62,81,9971,10478
[Recv] <<< 23:c9:cc:4b:a0:3a,556,-40,212,47.24,34.65,44,10015,10522
[Recv] <<< 23:c9:cc:4b:a0:3a,557,-40,213,47.18,34.65,34,10049,10556
[Recv] <<< 23:c9:cc:4b:a0:3a,558,-40,214,47.16,34.68,43,10092,10599
[Recv] <<< 23:c9:cc:4b:a0:3a,560,-32,215,47.31,34.72,80,10172,10679
[Recv] <<< 23:c9:cc:4b:a0:3a,561,-32,216,47.27,34.73,39,10211,10718
[Recv] <<< 23:c9:cc:4b:a0:3a,562,-34,217,47.23,34.74,37,10248,10755
[Recv] <<< 23:c9:cc:4b:a0:3a,563,-40,218,47.21,34.77,43,10291,10798
[Recv] <<< 23:c9:cc:4b:a0:3a,564,-40,219,47.18,34.79,42,10333,10840
[Recv] <<< 23:c9:cc:4b:a0:3a,566,-32,220,47.33,34.83,80,10413,10920
[Recv] <<< 23:c9:cc:4b:a0:3a,567,-34,221,47.33,34.86,46,10459,10966
[Recv] <<< 23:c9:cc:4b:a0:3a,571,-31,222,47.84,34.93,161,10620,11127
[Recv] <<< 23:c9:cc:4b:a0:3a,572,-31,223,47.81,34.95,41,10661,11168
[Recv] <<< 23:c9:cc:4b:a0:3a,575,-34,224,48.12,35.00,118,10779,11286
[Recv] <<< 23:c9:cc:4b:a0:3a,577,-40,225,48.26,35.03,79,10858,11365
[Recv] <<< 23:c9:cc:4b:a0:3a,578,-40,226,48.19,35.02,34,10892,11399
[Recv] <<< 23:c9:cc:4b:a0:3a,579,-40,227,48.13,35.02,33,10925,11432
[Recv] <<< 23:c9:cc:4b:a0:3a,581,-31,228,48.29,35.06,84,11009,11516
[Recv] <<< 23:c9:cc:4b:a0:3a,582,-33,229,48.24,35.07,38,11047,11554
[Recv] <<< 23:c9:cc:4b:a0:3a,584,-39,230,48.39,35.11,82,11129,11636
[Recv] <<< 23:c9:cc:4b:a0:3a,585,-39,231,48.33,35.11,36,11165,11672
[Recv] <<< 23:c9:cc:4b:a0:3a,586,-31,232,48.30,35.13,41,11206,11713
[Recv] <<< 23:c9:cc:4b:a0:3a,587,-33,233,48.27,35.15,42,11248,11755
[Recv] <<< 23:c9:cc:4b:a0:3a,588,-33,234,48.28,35.19,49,11297,11804
[Recv] <<< 23:c9:cc:4b:a0:3a,590,-39,235,48.42,35.23,81,11378,11885
[Recv] <<< 23:c9:cc:4b:a0:3a,591,-31,236,48.39,35.24,41,11419,11926
[Recv] <<< 23:c9:cc:4b:a0:3a,592,-31,237,48.34,35.25,37,11456,11963
[Recv] <<< 23:c9:cc:4b:a0:3a,593,-33,238,48.31,35.27,41,11497,12004
[Recv] <<< 23:c9:cc:4b:a0:3a,595,-39,239,48.48,35.32,89,11586,12093
[Recv] <<< 23:c9:cc:4b:a0:3a,596,-31,240,48.46,35.35,45,11631,12138
[Recv] <<< 23:c9:cc:4b:a0:3a,598,-39,241,48.62,35.40,87,11718,12225
[Recv] <<< 23:c9:cc:4b:a0:3a,599,-39,242,48.61,35.43,46,11764,12271
[Recv] <<< 23:c9:cc:4b:a0:3a,600,-31,243,48.56,35.43,35,11799,12306
[Recv] <<< 23:c9:cc:4b:a0:3a,601,-33,244,48.57,35.48,52,11851,12358
[Recv] <<< 23:c9:cc:4b:a0:3a,602,-42,245,48.56,35.51,45,11896,12403
[Recv] <<< 23:c9:cc:4b:a0:3a,603,-31,246,48.51,35.51,37,11933,12440
[Recv] <<< 23:c9:cc:4b:a0:3a,605,-33,247,48.63,35.54,79,12012,12519
[Recv] <<< 23:c9:cc:4b:a0:3a,606,-42,248,48.62,35.57,45,12057,12564
[Recv] <<< 23:c9:cc:4b:a0:3a,607,-31,249,48.62,35.61,49,12106,12613
[Recv] <<< 23:c9:cc:4b:a0:3a,608,-31,250,48.58,35.62,39,12145,12652
[Recv] <<< 23:c9:cc:4b:a0:3a,609,-33,251,48.57,35.64,45,12190,12697
[Recv] <<< 23:c9:cc:4b:a0:3a,610,-36,252,48.52,35.65,38,12228,12735
[Recv] <<< 23:c9:cc:4b:a0:3a,612,-31,253,48.65,35.68,80,12308,12815
[Recv] <<< 23:c9:cc:4b:a0:3a,613,-33,254,48.65,35.71,48,12356,12863
[Recv] <<< 23:c9:cc:4b:a0:3a,614,-33,255,48.60,35.71,37,12393,12900
[Recv] <<< 23:c9:cc:4b:a0:3a,615,-39,256,48.58,35.74,44,12437,12944
[Recv] <<< 23:c9:cc:4b:a0:3a,616,-39,257,48.56,35.76,42,12479,12986
[Recv] <<< 23:c9:cc:4b:a0:3a,617,-33,258,48.55,35.79,48,12527,13034
[Recv] <<< 23:c9:cc:4b:a0:3a,619,-39,259,48.69,35.82,83,12610,13117
[Recv] <<< 23:c9:cc:4b:a0:3a,620,-31,260,48.67,35.85,45,12655,13162
[Recv] <<< 23:c9:cc:4b:a0:3a,621,-33,261,48.67,35.89,49,12704,13211
[Recv] <<< 23:c9:cc:4b:a0:3a,622,-39,262,48.64,35.90,39,12743,13250
[Recv] <<< 23:c9:cc:4b:a0:3a,625,-33,263,48.92,35.94,124,12867,13374
[Recv] <<< 23:c9:cc:4b:a0:3a,626,-39,264,48.90,35.96,43,12910,13417
[Recv] <<< 23:c9:cc:4b:a0:3a,627,-30,265,48.89,35.99,47,12957,13464
[Recv] <<< 23:c9:cc:4b:a0:3a,630,-42,266,49.18,36.04,125,13082,13589
[Recv] <<< 23:c9:cc:4b:a0:3a,631,-30,267,49.15,36.05,42,13124,13631
[Recv] <<< 23:c9:cc:4b:a0:3a,632,-33,268,49.13,36.07,42,13166,13673
[Recv] <<< 23:c9:cc:4b:a0:3a,633,-33,269,49.11,36.09,44,13210,13717
[Recv] <<< 23:c9:cc:4b:a0:3a,634,-39,270,49.09,36.11,43,13253,13760
[Recv] <<< 23:c9:cc:4b:a0:3a,635,-30,271,49.06,36.12,41,13294,13801
[Recv] <<< 23:c9:cc:4b:a0:3a,636,-33,272,49.03,36.14,42,13336,13843
[Recv] <<< 23:c9:cc:4b:a0:3a,638,-33,273,49.14,36.16,80,13416,13923
[Recv] <<< 23:c9:cc:4b:a0:3a,640,-30,274,49.27,36.19,83,13499,14006
[Recv] <<< 23:c9:cc:4b:a0:3a,641,-33,275,49.23,36.20,40,13539,14046
[Recv] <<< 23:c9:cc:4b:a0:3a,642,-33,276,49.22,36.23,46,13585,14092
[Recv] <<< 23:c9:cc:4b:a0:3a,646,-33,277,49.65,36.29,169,13754,14261
[Recv] <<< 23:c9:cc:4b:a0:3a,647,-39,278,49.64,36.31,45,13799,14306
[Recv] <<< 23:c9:cc:4b:a0:3a,648,-30,279,49.59,36.31,37,13836,14343
[Recv] <<< 23:c9:cc:4b:a0:3a,650,-33,280,49.71,36.34,84,13920,14427
[Recv] <<< 23:c9:cc:4b:a0:3a,651,-39,281,49.70,36.37,45,13965,14472
[Recv] <<< 23:c9:cc:4b:a0:3a,652,-30,282,49.67,36.38,42,14007,14514
[Recv] <<< 23:c9:cc:4b:a0:3a,653,-31,283,49.65,36.40,43,14050,14557
[Recv] <<< 23:c9:cc:4b:a0:3a,654,-31,284,49.61,36.41,39,14089,14596
[Recv] <<< 23:c9:cc:4b:a0:3a,655,-33,285,49.59,36.42,43,14132,14639
[Recv] <<< 23:c9:cc:4b:a0:3a,660,-33,286,50.13,36.48,205,14337,14844
[Recv] <<< 23:c9:cc:4b:a0:3a,661,-39,287,50.10,36.50,43,14380,14887
[Recv] <<< 23:c9:cc:4b:a0:3a,665,-34,288,50.51,36.55,168,14548,15055
[Recv] <<< 23:c9:cc:4b:a0:3a,666,-40,289,50.48,36.56,40,14588,15095
[Recv] <<< 23:c9:cc:4b:a0:3a,667,-40,290,50.44,36.57,41,14629,15136
[Recv] <<< 23:c9:cc:4b:a0:3a,670,-40,291,50.72,36.62,130,14759,15266
[Recv] <<< 23:c9:cc:4b:a0:3a,671,-32,292,50.71,36.65,47,14806,15313
[Recv] <<< 23:c9:cc:4b:a0:3a,672,-36,293,50.68,36.66,42,14848,15355
[Recv] <<< 23:c9:cc:4b:a0:3a,674,-33,294,50.80,36.69,86,14934,15441
[Recv] <<< 23:c9:cc:4b:a0:3a,675,-36,295,50.77,36.71,43,14977,15484
[Recv] <<< 23:c9:cc:4b:a0:3a,677,-41,296,50.86,36.72,78,15055,15562
[Recv] <<< 23:c9:cc:4b:a0:3a,678,-32,297,50.84,36.74,45,15100,15607
[Recv] <<< 23:c9:cc:4b:a0:3a,679,-32,298,50.81,36.75,41,15141,15648
[Recv] <<< 23:c9:cc:4b:a0:3a,680,-36,299,50.79,36.77,45,15186,15693
[Recv] <<< 23:c9:cc:4b:a0:3a,681,-43,300,50.77,36.79,44,15230,15737
[Recv] <<< 23:c9:cc:4b:a0:3a,682,-32,301,50.74,36.80,44,15274,15781
[Recv] <<< 23:c9:cc:4b:a0:3a,687,-41,302,51.25,36.85,204,15478,15985
[Recv] <<< 23:c9:cc:4b:a0:3a,688,-32,303,51.22,36.86,41,15519,16026
[Recv] <<< 23:c9:cc:4b:a0:3a,690,-44,304,51.32,36.88,81,15600,16107
[Recv] <<< 23:c9:cc:4b:a0:3a,691,-41,305,51.29,36.89,43,15643,16150
[Recv] <<< 23:c9:cc:4b:a0:3a,692,-41,306,51.26,36.91,44,15687,16194
[Recv] <<< 23:c9:cc:4b:a0:3a,694,-32,307,51.37,36.93,84,15771,16278
[Recv] <<< 23:c9:cc:4b:a0:3a,695,-35,308,51.34,36.94,41,15812,16319
[Recv] <<< 23:c9:cc:4b:a0:3a,696,-43,309,51.31,36.96,43,15855,16362
[Recv] <<< 23:c9:cc:4b:a0:3a,697,-41,310,51.27,36.96,38,15893,16400
[Recv] <<< 23:c9:cc:4b:a0:3a,698,-32,311,51.26,36.99,48,15941,16448
[Recv] <<< 23:c9:cc:4b:a0:3a,699,-38,312,51.21,36.99,37,15978,16485
[Recv] <<< 23:c9:cc:4b:a0:3a,700,-44,313,51.18,37.00,42,16020,16527
[Recv] <<< 23:c9:cc:4b:a0:3a,702,-32,314,51.29,37.03,86,16106,16613
[Recv] <<< 23:c9:cc:4b:a0:3a,703,-32,315,51.24,37.02,35,16141,16648
[Recv] <<< 23:c9:cc:4b:a0:3a,705,-35,316,51.34,37.04,83,16224,16731
[Recv] <<< 23:c9:cc:4b:a0:3a,706,-41,317,51.32,37.06,46,16270,16777
[Recv] <<< 23:c9:cc:4b:a0:3a,707,-32,318,51.28,37.06,36,16306,16813
[Recv] <<< 23:c9:cc:4b:a0:3a,708,-34,319,51.25,37.07,43,16349,16856
[Recv] <<< 23:c9:cc:4b:a0:3a,709,-41,320,51.23,37.09,44,16393,16900
[Recv] <<< 23:c9:cc:4b:a0:3a,712,-35,321,51.47,37.13,129,16522,17029
[Recv] <<< 23:c9:cc:4b:a0:3a,713,-41,322,51.44,37.14,42,16564,17071
[Recv] <<< 23:c9:cc:4b:a0:3a,714,-32,323,51.41,37.15,41,16605,17112
[Recv] <<< 23:c9:cc:4b:a0:3a,715,-35,324,51.39,37.17,46,16651,17158
[Recv] <<< 23:c9:cc:4b:a0:3a,716,-35,325,51.33,37.15,30,16681,17188
[Recv] <<< 23:c9:cc:4b:a0:3a,718,-43,326,51.42,37.17,82,16763,17270
[Recv] <<< 23:c9:cc:4b:a0:3a,719,-32,327,51.39,37.17,40,16803,17310
[Recv] <<< 23:c9:cc:4b:a0:3a,721,-35,328,51.48,37.20,84,16887,17394
[Recv] <<< 23:c9:cc:4b:a0:3a,722,-44,329,51.45,37.20,41,16928,17435
[Recv] <<< 23:c9:cc:4b:a0:3a,723,-32,330,51.43,37.22,43,16971,17478
[Recv] <<< 23:c9:cc:4b:a0:3a,724,-35,331,51.40,37.23,44,17015,17522
[Recv] <<< 23:c9:cc:4b:a0:3a,725,-35,332,51.37,37.24,39,17054,17561
[Recv] <<< 23:c9:cc:4b:a0:3a,727,-43,333,51.47,37.26,85,17139,17646
[Recv] <<< 23:c9:cc:4b:a0:3a,728,-32,334,51.44,37.27,43,17182,17689
[Recv] <<< 23:c9:cc:4b:a0:3a,729,-32,335,51.40,37.27,38,17220,17727
[Recv] <<< 23:c9:cc:4b:a0:3a,730,-35,336,51.37,37.28,41,17261,17768
[Recv] <<< 23:c9:cc:4b:a0:3a,733,-32,337,51.59,37.31,124,17385,17892
[Recv] <<< 23:c9:cc:4b:a0:3a,736,-45,338,51.80,37.33,124,17509,18016
[Recv] <<< 23:c9:cc:4b:a0:3a,737,-41,339,51.75,37.32,33,17542,18049
[Recv] <<< 23:c9:cc:4b:a0:3a,739,-32,340,51.85,37.35,87,17629,18136
[Recv] <<< 23:c9:cc:4b:a0:3a,740,-32,341,51.80,37.34,34,17663,18170
[Recv] <<< 23:c9:cc:4b:a0:3a,741,-35,342,51.76,37.35,39,17702,18209
[Recv] <<< 23:c9:cc:4b:a0:3a,742,-35,343,51.74,37.36,45,17747,18254
[Recv] <<< 23:c9:cc:4b:a0:3a,744,-44,344,51.83,37.38,81,17828,18335
[Recv] <<< 23:c9:cc:4b:a0:3a,745,-32,345,51.77,37.36,32,17860,18367
[Recv] <<< 23:c9:cc:4b:a0:3a,746,-32,346,51.74,37.37,42,17902,18409
[Recv] <<< 23:c9:cc:4b:a0:3a,747,-35,347,51.71,37.39,43,17945,18452
[Recv] <<< 23:c9:cc:4b:a0:3a,750,-32,348,51.92,37.41,122,18067,18574
[Recv] <<< 23:c9:cc:4b:a0:3a,751,-35,349,51.89,37.42,43,18110,18617
[Recv] <<< 23:c9:cc:4b:a0:3a,753,-41,350,51.99,37.44,86,18196,18703
[Recv] <<< 23:c9:cc:4b:a0:3a,754,-32,351,51.95,37.44,37,18233,18740
[Recv] <<< 23:c9:cc:4b:a0:3a,755,-36,352,51.92,37.45,43,18276,18783
[Recv] <<< 23:c9:cc:4b:a0:3a,757,-46,353,52.01,37.47,83,18359,18866
[Recv] <<< 23:c9:cc:4b:a0:3a,758,-32,354,51.98,37.48,42,18401,18908
[Recv] <<< 23:c9:cc:4b:a0:3a,759,-32,355,51.95,37.48,41,18442,18949
[Recv] <<< 23:c9:cc:4b:a0:3a,760,-35,356,51.90,37.48,35,18477,18984
[Recv] <<< 23:c9:cc:4b:a0:3a,761,-35,357,51.87,37.49,41,18518,19025
[Recv] <<< 23:c9:cc:4b:a0:3a,762,-41,358,51.86,37.51,49,18567,19074
[Recv] <<< 23:c9:cc:4b:a0:3a,764,-32,359,51.92,37.51,74,18641,19148
[Recv] <<< 23:c9:cc:4b:a0:3a,765,-35,360,51.90,37.52,42,18683,19190
[Recv] <<< 23:c9:cc:4b:a0:3a,766,-36,361,51.85,37.51,36,18719,19226
[Recv] <<< 23:c9:cc:4b:a0:3a,767,-41,362,51.83,37.52,43,18762,19269
[Recv] <<< 23:c9:cc:4b:a0:3a,768,-43,363,51.80,37.53,42,18804,19311
[Recv] <<< 23:c9:cc:4b:a0:3a,770,-32,364,51.85,37.52,69,18873,19380
[Recv] <<< 23:c9:cc:4b:a0:3a,773,-41,365,52.05,37.55,125,18998,19505
[Recv] <<< 23:c9:cc:4b:a0:3a,775,-32,366,52.12,37.55,78,19076,19583
[Recv] <<< 23:c9:cc:4b:a0:3a,776,-32,367,52.10,37.56,43,19119,19626
[Recv] <<< 23:c9:cc:4b:a0:3a,777,-35,368,52.07,37.57,44,19163,19670
[Recv] <<< 23:c9:cc:4b:a0:3a,779,-45,369,52.15,37.59,82,19245,19752
[Recv] <<< 23:c9:cc:4b:a0:3a,780,-32,370,52.13,37.60,42,19287,19794
[Recv] <<< 23:c9:cc:4b:a0:3a,781,-32,371,52.10,37.60,41,19328,19835
[Recv] <<< 23:c9:cc:4b:a0:3a,782,-35,372,52.06,37.61,39,19367,19874
[Recv] <<< 23:c9:cc:4b:a0:3a,784,-41,373,52.15,37.63,86,19453,19960
[Recv] <<< 23:c9:cc:4b:a0:3a,785,-32,374,52.13,37.64,45,19498,20005
[Recv] <<< 23:c9:cc:4b:a0:3a,786,-35,375,52.11,37.65,44,19542,20049
[Recv] <<< 23:c9:cc:4b:a0:3a,787,-43,376,52.09,37.66,43,19585,20092
[Recv] <<< 23:c9:cc:4b:a0:3a,788,-32,377,52.06,37.67,40,19625,20132
[Recv] <<< 23:c9:cc:4b:a0:3a,789,-38,378,52.03,37.68,44,19669,20176
[Recv] <<< 23:c9:cc:4b:a0:3a,790,-41,379,51.99,37.68,37,19706,20213
[Recv] <<< 23:c9:cc:4b:a0:3a,791,-41,380,51.96,37.68,38,19744,20251
[Recv] <<< 23:c9:cc:4b:a0:3a,792,-32,381,51.94,37.70,46,19790,20297
[Recv] <<< 23:c9:cc:4b:a0:3a,793,-36,382,51.91,37.70,40,19830,20337
[Recv] <<< 23:c9:cc:4b:a0:3a,796,-41,383,52.10,37.72,124,19954,20461
[Recv] <<< 23:c9:cc:4b:a0:3a,797,-32,384,52.05,37.72,35,19989,20496
[Recv] <<< 23:c9:cc:4b:a0:3a,799,-36,385,52.15,37.74,87,20076,20583
[Recv] <<< 23:c9:cc:4b:a0:3a,800,-36,386,52.10,37.73,36,20112,20619
[Recv] <<< 23:c9:cc:4b:a0:3a,801,-35,387,52.07,37.73,38,20150,20657
[Recv] <<< 23:c9:cc:4b:a0:3a,802,-44,388,52.03,37.73,38,20188,20695
[Recv] <<< 23:c9:cc:4b:a0:3a,803,-47,389,52.00,37.74,39,20227,20734
[Recv] <<< 23:c9:cc:4b:a0:3a,805,-32,390,52.07,37.74,79,20306,20813
[Recv] <<< 23:c9:cc:4b:a0:3a,807,-35,391,52.16,37.77,90,20396,20903
[Recv] <<< 23:c9:cc:4b:a0:3a,809,-32,392,52.24,37.78,81,20477,20984
[Recv] <<< 23:c9:cc:4b:a0:3a,812,-32,393,52.40,37.79,116,20593,21100
[Recv] <<< 23:c9:cc:4b:a0:3a,814,-35,394,52.46,37.79,77,20670,21177
[Recv] <<< 23:c9:cc:4b:a0:3a,815,-35,395,52.43,37.79,39,20709,21216
[Recv] <<< 23:c9:cc:4b:a0:3a,816,-47,396,52.40,37.80,43,20752,21259
[Recv] <<< 23:c9:cc:4b:a0:3a,817,-32,397,52.37,37.80,40,20792,21299
[Recv] <<< 23:c9:cc:4b:a0:3a,818,-32,398,52.34,37.80,38,20830,21337
[Recv] <<< 23:c9:cc:4b:a0:3a,819,-32,399,52.30,37.80,38,20868,21375
[Recv] <<< 23:c9:cc:4b:a0:3a,821,-36,400,52.37,37.81,80,20948,21455
[Recv] <<< 23:c9:cc:4b:a0:3a,822,-44,401,52.33,37.81,38,20986,21493
[Recv] <<< 23:c9:cc:4b:a0:3a,823,-43,402,52.32,37.83,46,21032,21539
[Recv] <<< 23:c9:cc:4b:a0:3a,824,-44,403,52.28,37.82,35,21067,21574
[Recv] <<< 23:c9:cc:4b:a0:3a,825,-41,404,52.24,37.82,39,21106,21613
[Recv] <<< 23:c9:cc:4b:a0:3a,826,-41,405,52.20,37.82,36,21142,21649
[Recv] <<< 23:c9:cc:4b:a0:3a,828,-32,406,52.26,37.82,76,21218,21725
[Recv] <<< 23:c9:cc:4b:a0:3a,829,-32,407,52.23,37.82,39,21257,21764
[Recv] <<< 23:c9:cc:4b:a0:3a,831,-35,408,52.32,37.85,88,21345,21852
[Recv] <<< 23:c9:cc:4b:a0:3a,832,-43,409,52.28,37.84,37,21382,21889
[Recv] <<< 23:c9:cc:4b:a0:3a,833,-41,410,52.25,37.85,39,21421,21928
[Recv] <<< 23:c9:cc:4b:a0:3a,834,-32,411,52.21,37.85,38,21459,21966
[Recv] <<< 23:c9:cc:4b:a0:3a,835,-32,412,52.15,37.83,28,21487,21994
[Recv] <<< 23:c9:cc:4b:a0:3a,836,-32,413,52.11,37.83,36,21523,22030
[Recv] <<< 23:c9:cc:4b:a0:3a,837,-32,414,52.08,37.83,39,21562,22069
[Recv] <<< 23:c9:cc:4b:a0:3a,838,-35,415,52.07,37.84,46,21608,22115
[Recv] <<< 23:c9:cc:4b:a0:3a,839,-35,416,52.02,37.83,32,21640,22147
[Recv] <<< 23:c9:cc:4b:a0:3a,840,-41,417,52.01,37.85,49,21689,22196
[Recv] <<< 23:c9:cc:4b:a0:3a,842,-32,418,52.08,37.86,81,21770,22277
[Recv] <<< 23:c9:cc:4b:a0:3a,845,-35,419,52.22,37.86,111,21881,22388
[Recv] <<< 23:c9:cc:4b:a0:3a,846,-35,420,52.18,37.85,35,21916,22423
[Recv] <<< 23:c9:cc:4b:a0:3a,847,-36,421,52.16,37.86,43,21959,22466
[Recv] <<< 23:c9:cc:4b:a0:3a,848,-41,422,52.13,37.86,39,21998,22505
[Recv] <<< 23:c9:cc:4b:a0:3a,849,-41,423,52.10,37.87,41,22039,22546
[Recv] <<< 23:c9:cc:4b:a0:3a,850,-41,424,52.06,37.86,36,22075,22582
[Recv] <<< 23:c9:cc:4b:a0:3a,852,-32,425,52.12,37.87,78,22153,22660
[Recv] <<< 23:c9:cc:4b:a0:3a,853,-35,426,52.11,37.88,44,22197,22704
[Recv] <<< 23:c9:cc:4b:a0:3a,854,-36,427,52.07,37.88,39,22236,22743
[Recv] <<< 23:c9:cc:4b:a0:3a,855,-35,428,52.03,37.87,33,22269,22776
[Recv] <<< 23:c9:cc:4b:a0:3a,856,-35,429,51.99,37.87,35,22304,22811
[Recv] <<< 23:c9:cc:4b:a0:3a,857,-35,430,51.96,37.87,39,22343,22850
[Recv] <<< 23:c9:cc:4b:a0:3a,860,-46,431,52.09,37.86,108,22451,22958
[Recv] <<< 23:c9:cc:4b:a0:3a,861,-45,432,52.05,37.85,34,22485,22992
[Recv] <<< 23:c9:cc:4b:a0:3a,862,-41,433,52.00,37.85,33,22518,23025
[Recv] <<< 23:c9:cc:4b:a0:3a,863,-32,434,51.97,37.84,36,22554,23061
[Recv] <<< 23:c9:cc:4b:a0:3a,864,-32,435,51.94,37.84,39,22593,23100
[Recv] <<< 23:c9:cc:4b:a0:3a,865,-32,436,51.91,37.84,38,22631,23138
[Recv] <<< 23:c9:cc:4b:a0:3a,866,-32,437,51.87,37.84,35,22666,23173
[Recv] <<< 23:c9:cc:4b:a0:3a,867,-35,438,51.84,37.84,39,22705,23212
[Recv] <<< 23:c9:cc:4b:a0:3a,868,-35,439,51.82,37.85,45,22750,23257
[Recv] <<< 23:c9:cc:4b:a0:3a,870,-35,440,51.84,37.83,61,22811,23318
[Recv] <<< 23:c9:cc:4b:a0:3a,871,-35,441,51.81,37.83,37,22848,23355
[Recv] <<< 23:c9:cc:4b:a0:3a,872,-35,442,51.78,37.83,40,22888,23395
[Recv] <<< 23:c9:cc:4b:a0:3a,873,-35,443,51.73,37.82,28,22916,23423
[Recv] <<< 23:c9:cc:4b:a0:3a,875,-36,444,51.79,37.82,77,22993,23500
[Recv] <<< 23:c9:cc:4b:a0:3a,876,-43,445,51.75,37.81,34,23027,23534
[Recv] <<< 23:c9:cc:4b:a0:3a,877,-41,446,51.72,37.81,39,23066,23573
[Recv] <<< 23:c9:cc:4b:a0:3a,878,-41,447,51.68,37.81,34,23100,23607
[Recv] <<< 23:c9:cc:4b:a0:3a,879,-41,448,51.64,37.80,33,23133,23640
[Recv] <<< 23:c9:cc:4b:a0:3a,883,-41,449,51.84,37.78,142,23275,23782
[Recv] <<< 23:c9:cc:4b:a0:3a,884,-41,450,51.79,37.77,32,23307,23814
[Recv] <<< 23:c9:cc:4b:a0:3a,885,-41,451,51.76,37.77,37,23344,23851
[Recv] <<< 23:c9:cc:4b:a0:3a,886,-44,452,51.72,37.77,34,23378,23885
[Recv] <<< 23:c9:cc:4b:a0:3a,889,-32,453,51.85,37.77,112,23490,23997
[Recv] <<< 23:c9:cc:4b:a0:3a,890,-32,454,51.81,37.76,34,23524,24031
[Recv] <<< 23:c9:cc:4b:a0:3a,893,-35,455,51.95,37.76,113,23637,24144
[Recv] <<< 23:c9:cc:4b:a0:3a,894,-35,456,51.90,37.74,28,23665,24172
[Recv] <<< 23:c9:cc:4b:a0:3a,895,-35,457,51.88,37.75,43,23708,24215
[Recv] <<< 23:c9:cc:4b:a0:3a,896,-35,458,51.83,37.74,31,23739,24246
[Recv] <<< 23:c9:cc:4b:a0:3a,897,-35,459,51.79,37.73,33,23772,24279
[Recv] <<< 23:c9:cc:4b:a0:3a,898,-35,460,51.77,37.74,42,23814,24321
[Recv] <<< 23:c9:cc:4b:a0:3a,899,-35,461,51.73,37.73,34,23848,24355
[Recv] <<< 23:c9:cc:4b:a0:3a,901,-41,462,51.77,37.73,70,23918,24425
[Recv] <<< 23:c9:cc:4b:a0:3a,902,-41,463,51.74,37.72,36,23954,24461
[Recv] <<< 23:c9:cc:4b:a0:3a,903,-44,464,51.70,37.72,33,23987,24494
[Recv] <<< 23:c9:cc:4b:a0:3a,904,-41,465,51.67,37.72,39,24026,24533
[Recv] <<< 23:c9:cc:4b:a0:3a,905,-45,466,51.63,37.71,32,24058,24565
[Recv] <<< 23:c9:cc:4b:a0:3a,906,-41,467,51.60,37.71,38,24096,24603
[Recv] <<< 23:c9:cc:4b:a0:3a,908,-45,468,51.64,37.70,70,24166,24673
[Recv] <<< 23:c9:cc:4b:a0:3a,909,-44,469,51.61,37.70,38,24204,24711
[Recv] <<< 23:c9:cc:4b:a0:3a,910,-41,470,51.56,37.69,31,24235,24742
[Recv] <<< 23:c9:cc:4b:a0:3a,911,-41,471,51.53,37.69,35,24270,24777
[Recv] <<< 23:c9:cc:4b:a0:3a,912,-47,472,51.50,37.69,39,24309,24816
[Recv] <<< 23:c9:cc:4b:a0:3a,913,-41,473,51.46,37.68,30,24339,24846
[Recv] <<< 23:c9:cc:4b:a0:3a,914,-32,474,51.44,37.69,44,24383,24890
[Recv] <<< 23:c9:cc:4b:a0:3a,915,-32,475,51.40,37.68,32,24415,24922
[Recv] <<< 23:c9:cc:4b:a0:3a,916,-32,476,51.37,37.68,39,24454,24961
[Recv] <<< 23:c9:cc:4b:a0:3a,917,-32,477,51.35,37.68,38,24492,24999
[Recv] <<< 23:c9:cc:4b:a0:3a,918,-32,478,51.30,37.67,31,24523,25030
[Recv] <<< 23:c9:cc:4b:a0:3a,919,-35,479,51.29,37.68,46,24569,25076
[Recv] <<< 23:c9:cc:4b:a0:3a,920,-35,480,51.26,37.68,35,24604,25111
[Recv] <<< 23:c9:cc:4b:a0:3a,921,-36,481,51.21,37.67,29,24633,25140
[Recv] <<< 23:c9:cc:4b:a0:3a,923,-36,482,51.25,37.66,69,24702,25209
[Recv] <<< 23:c9:cc:4b:a0:3a,924,-35,483,51.23,37.66,41,24743,25250
[Recv] <<< 23:c9:cc:4b:a0:3a,925,-35,484,51.19,37.65,31,24774,25281
[Recv] <<< 23:c9:cc:4b:a0:3a,926,-46,485,51.18,37.66,46,24820,25327
[Recv] <<< 23:c9:cc:4b:a0:3a,927,-41,486,51.13,37.65,31,24851,25358
[Recv] <<< 23:c9:cc:4b:a0:3a,928,-43,487,51.11,37.65,38,24889,25396
[Recv] <<< 23:c9:cc:4b:a0:3a,929,-43,488,51.07,37.65,32,24921,25428
[Recv] <<< 23:c9:cc:4b:a0:3a,930,-32,489,51.04,37.65,39,24960,25467
[Recv] <<< 23:c9:cc:4b:a0:3a,932,-32,490,51.10,37.65,77,25037,25544
[Recv] <<< 23:c9:cc:4b:a0:3a,936,-35,491,51.29,37.64,147,25184,25691
[Recv] <<< 23:c9:cc:4b:a0:3a,937,-41,492,51.27,37.65,43,25227,25734
[Recv] <<< 23:c9:cc:4b:a0:3a,938,-43,493,51.23,37.64,31,25258,25765
[Recv] <<< 23:c9:cc:4b:a0:3a,939,-43,494,51.20,37.64,35,25293,25800
[Recv] <<< 23:c9:cc:4b:a0:3a,940,-47,495,51.19,37.65,44,25337,25844
[Recv] <<< 23:c9:cc:4b:a0:3a,941,-45,496,51.16,37.65,37,25374,25881
[Recv] <<< 23:c9:cc:4b:a0:3a,942,-32,497,51.13,37.65,40,25414,25921
[Recv] <<< 23:c9:cc:4b:a0:3a,943,-32,498,51.11,37.65,40,25454,25961
[Recv] <<< 23:c9:cc:4b:a0:3a,944,-35,499,51.08,37.65,35,25489,25996
[Recv] <<< 23:c9:cc:4b:a0:3a,947,-36,500,51.20,37.64,109,25598,26105
[Recv] <<< 23:c9:cc:4b:a0:3a,948,-41,501,51.17,37.65,40,25638,26145
[Recv] <<< 23:c9:cc:4b:a0:3a,949,-41,502,51.14,37.65,36,25674,26181
[Recv] <<< 23:c9:cc:4b:a0:3a,950,-43,503,51.12,37.65,40,25714,26221
[Recv] <<< 23:c9:cc:4b:a0:3a,951,-41,504,51.08,37.64,29,25743,26250
[Recv] <<< 23:c9:cc:4b:a0:3a,953,-32,505,51.13,37.64,80,25823,26330
[Recv] <<< 23:c9:cc:4b:a0:3a,954,-32,506,51.09,37.63,29,25852,26359
[Recv] <<< 23:c9:cc:4b:a0:3a,955,-32,507,51.08,37.64,44,25896,26403
[Recv] <<< 23:c9:cc:4b:a0:3a,956,-32,508,51.04,37.63,30,25926,26433
[Recv] <<< 23:c9:cc:4b:a0:3a,957,-32,509,51.01,37.63,38,25964,26471
[Recv] <<< 23:c9:cc:4b:a0:3a,958,-36,510,50.98,37.63,38,26002,26509
[Recv] <<< 23:c9:cc:4b:a0:3a,959,-35,511,50.96,37.63,39,26041,26548
[Recv] <<< 23:c9:cc:4b:a0:3a,960,-36,512,50.93,37.63,36,26077,26584
[Recv] <<< 23:c9:cc:4b:a0:3a,961,-35,513,50.90,37.63,37,26114,26621
[Recv] <<< 23:c9:cc:4b:a0:3a,963,-43,514,50.95,37.63,76,26190,26697
[Recv] <<< 23:c9:cc:4b:a0:3a,964,-41,515,50.91,37.62,31,26221,26728
[Recv] <<< 23:c9:cc:4b:a0:3a,965,-45,516,50.90,37.62,41,26262,26769
[Recv] <<< 23:c9:cc:4b:a0:3a,967,-32,517,50.94,37.62,73,26335,26842
[Recv] <<< 23:c9:cc:4b:a0:3a,968,-32,518,50.92,37.63,41,26376,26883
[Recv] <<< 23:c9:cc:4b:a0:3a,969,-35,519,50.90,37.63,40,26416,26923
[Recv] <<< 23:c9:cc:4b:a0:3a,971,-36,520,50.94,37.62,72,26488,26995
[Recv] <<< 23:c9:cc:4b:a0:3a,972,-35,521,50.91,37.62,35,26523,27030
[Recv] <<< 23:c9:cc:4b:a0:3a,973,-41,522,50.89,37.63,41,26564,27071
[Recv] <<< 23:c9:cc:4b:a0:3a,974,-41,523,50.85,37.61,29,26593,27100
[Recv] <<< 23:c9:cc:4b:a0:3a,975,-45,524,50.83,37.62,42,26635,27142
[Recv] <<< 23:c9:cc:4b:a0:3a,976,-44,525,50.80,37.61,33,26668,27175
[Recv] <<< 23:c9:cc:4b:a0:3a,978,-32,526,50.84,37.61,73,26741,27248
[Recv] <<< 23:c9:cc:4b:a0:3a,979,-45,527,50.81,37.61,34,26775,27282
[Recv] <<< 23:c9:cc:4b:a0:3a,980,-32,528,50.78,37.60,37,26812,27319
[Recv] <<< 23:c9:cc:4b:a0:3a,981,-32,529,50.74,37.60,31,26843,27350
[Recv] <<< 23:c9:cc:4b:a0:3a,982,-32,530,50.71,37.59,35,26878,27385
[Recv] <<< 23:c9:cc:4b:a0:3a,983,-32,531,50.68,37.58,32,26910,27417
[Recv] <<< 23:c9:cc:4b:a0:3a,984,-32,532,50.65,37.58,38,26948,27455
[Recv] <<< 23:c9:cc:4b:a0:3a,985,-32,533,50.62,37.58,35,26983,27490
[Recv] <<< 23:c9:cc:4b:a0:3a,986,-38,534,50.60,37.58,38,27021,27528
[Recv] <<< 23:c9:cc:4b:a0:3a,987,-36,535,50.57,37.57,32,27053,27560
[Recv] <<< 23:c9:cc:4b:a0:3a,988,-35,536,50.54,37.57,34,27087,27594
[Recv] <<< 23:c9:cc:4b:a0:3a,989,-35,537,50.51,37.57,38,27125,27632
[Recv] <<< 23:c9:cc:4b:a0:3a,990,-35,538,50.48,37.56,31,27156,27663
[Recv] <<< 23:c9:cc:4b:a0:3a,991,-36,539,50.46,37.56,40,27196,27703
[Recv] <<< 23:c9:cc:4b:a0:3a,992,-35,540,50.42,37.55,29,27225,27732
[Recv] <<< 23:c9:cc:4b:a0:3a,993,-35,541,50.40,37.56,42,27267,27774
[Recv] <<< 23:c9:cc:4b:a0:3a,994,-35,542,50.37,37.55,34,27301,27808
[Recv] <<< 23:c9:cc:4b:a0:3a,995,-36,543,50.33,37.54,29,27330,27837
[Recv] <<< 23:c9:cc:4b:a0:3a,997,-41,544,50.37,37.53,69,27399,27906
[Recv] <<< 23:c9:cc:4b:a0:3a,998,-35,545,50.34,37.53,35,27434,27941
[Recv] <<< 23:c9:cc:4b:a0:3a,999,-35,546,50.32,37.53,38,27472,27979
[Recv] <<< 23:c9:cc:4b:a0:3a,1001,-35,547,50.35,37.52,68,27540,28047
[Recv] <<< 23:c9:cc:4b:a0:3a,1002,-41,548,50.33,37.52,40,27580,28087
[Recv] <<< 23:c9:cc:4b:a0:3a,1003,-43,549,50.30,37.52,37,27617,28124
[Recv] <<< 23:c9:cc:4b:a0:3a,1004,-41,550,50.27,37.51,31,27648,28155
[Recv] <<< 23:c9:cc:4b:a0:3a,1005,-41,551,50.25,37.52,41,27689,28196
[Recv] <<< 23:c9:cc:4b:a0:3a,1006,-43,552,50.23,37.52,36,27725,28232
[Recv] <<< 23:c9:cc:4b:a0:3a,1007,-43,553,50.19,37.51,31,27756,28263
[Recv] <<< 23:c9:cc:4b:a0:3a,1008,-43,554,50.17,37.51,38,27794,28301
[Recv] <<< 23:c9:cc:4b:a0:3a,1010,-32,555,50.21,37.51,75,27869,28376
[Recv] <<< 23:c9:cc:4b:a0:3a,1013,-32,556,50.32,37.50,108,27977,28484
[Recv] <<< 23:c9:cc:4b:a0:3a,1015,-32,557,50.35,37.49,68,28045,28552
[Recv] <<< 23:c9:cc:4b:a0:3a,1016,-32,558,50.32,37.49,34,28079,28586
[Recv] <<< 23:c9:cc:4b:a0:3a,1017,-32,559,50.29,37.48,33,28112,28619
[Recv] <<< 23:c9:cc:4b:a0:3a,1018,-32,560,50.27,37.48,38,28150,28657
[Recv] <<< 23:c9:cc:4b:a0:3a,1019,-35,561,50.25,37.49,40,28190,28697
[Recv] <<< 23:c9:cc:4b:a0:3a,1022,-35,562,50.35,37.48,107,28297,28804
[Recv] <<< 23:c9:cc:4b:a0:3a,1023,-35,563,50.33,37.48,36,28333,28840
[Recv] <<< 23:c9:cc:4b:a0:3a,1024,-35,564,50.29,37.47,31,28364,28871
[Recv] <<< 23:c9:cc:4b:a0:3a,1025,-35,565,50.27,37.47,39,28403,28910
[Recv] <<< 23:c9:cc:4b:a0:3a,1026,-41,566,50.25,37.47,38,28441,28948
[Recv] <<< 23:c9:cc:4b:a0:3a,1027,-41,567,50.22,37.47,34,28475,28982
[Recv] <<< 23:c9:cc:4b:a0:3a,1028,-41,568,50.19,37.46,31,28506,29013
[Recv] <<< 23:c9:cc:4b:a0:3a,1029,-44,569,50.17,37.46,42,28548,29055
[Recv] <<< 23:c9:cc:4b:a0:3a,1030,-41,570,50.13,37.45,28,28576,29083
[Recv] <<< 23:c9:cc:4b:a0:3a,1031,-41,571,50.10,37.45,33,28609,29116
[Recv] <<< 23:c9:cc:4b:a0:3a,1033,-44,572,50.13,37.44,68,28677,29184
[Recv] <<< 23:c9:cc:4b:a0:3a,1034,-41,573,50.12,37.44,39,28716,29223
[Recv] <<< 23:c9:cc:4b:a0:3a,1036,-41,574,50.14,37.43,66,28782,29289
[Recv] <<< 23:c9:cc:4b:a0:3a,1037,-44,575,50.12,37.43,37,28819,29326
[Recv] <<< 23:c9:cc:4b:a0:3a,1039,-43,576,50.15,37.42,66,28885,29392
[Recv] <<< 23:c9:cc:4b:a0:3a,1040,-43,577,50.12,37.41,32,28917,29424
[Recv] <<< 23:c9:cc:4b:a0:3a,1042,-32,578,50.16,37.41,73,28990,29497
[Recv] <<< 23:c9:cc:4b:a0:3a,1043,-32,579,50.13,37.41,37,29027,29534
[Recv] <<< 23:c9:cc:4b:a0:3a,1044,-32,580,50.10,37.40,32,29059,29566
[Recv] <<< 23:c9:cc:4b:a0:3a,1045,-32,581,50.07,37.39,31,29090,29597
[Recv] <<< 23:c9:cc:4b:a0:3a,1046,-32,582,50.04,37.39,33,29123,29630
[Recv] <<< 23:c9:cc:4b:a0:3a,1047,-32,583,50.02,37.39,39,29162,29669
[Recv] <<< 23:c9:cc:4b:a0:3a,1048,-32,584,49.98,37.37,27,29189,29696
[Recv] <<< 23:c9:cc:4b:a0:3a,1049,-32,585,49.96,37.38,39,29228,29735
[Recv] <<< 23:c9:cc:4b:a0:3a,1050,-32,586,49.94,37.38,38,29266,29773
[Recv] <<< 23:c9:cc:4b:a0:3a,1051,-32,587,49.93,37.38,40,29306,29813
[Recv] <<< 23:c9:cc:4b:a0:3a,1052,-35,588,49.91,37.38,40,29346,29853
[Recv] <<< 23:c9:cc:4b:a0:3a,1053,-36,589,49.88,37.38,31,29377,29884
[Recv] <<< 23:c9:cc:4b:a0:3a,1054,-35,590,49.85,37.37,32,29409,29916
[Recv] <<< 23:c9:cc:4b:a0:3a,1055,-35,591,49.82,37.36,33,29442,29949
[Recv] <<< 23:c9:cc:4b:a0:3a,1056,-35,592,49.79,37.36,32,29474,29981
[Recv] <<< 23:c9:cc:4b:a0:3a,1057,-36,593,49.76,37.35,33,29507,30014
[Recv] <<< 23:c9:cc:4b:a0:3a,1058,-35,594,49.73,37.35,35,29542,30049
[Recv] <<< 23:c9:cc:4b:a0:3a,1059,-36,595,49.70,37.34,32,29574,30081
[Recv] <<< 23:c9:cc:4b:a0:3a,1060,-32,596,49.67,37.33,32,29606,30113
[Recv] <<< 23:c9:cc:4b:a0:3a,1061,-32,597,49.64,37.33,32,29638,30145
[Recv] <<< 23:c9:cc:4b:a0:3a,1062,-32,598,49.62,37.32,34,29672,30179
[Recv] <<< 23:c9:cc:4b:a0:3a,1064,-32,599,49.65,37.31,68,29740,30247
[Recv] <<< 23:c9:cc:4b:a0:3a,1065,-35,600,49.63,37.32,40,29780,30287
[Recv] <<< 23:c9:cc:4b:a0:3a,1069,-44,601,49.81,37.32,154,29934,30441
[Recv] <<< 23:c9:cc:4b:a0:3a,1070,-43,602,49.79,37.32,37,29971,30478
[Recv] <<< 23:c9:cc:4b:a0:3a,1071,-41,603,49.76,37.32,33,30004,30511
[Recv] <<< 23:c9:cc:4b:a0:3a,1073,-32,604,49.79,37.31,71,30075,30582
[Recv] <<< 23:c9:cc:4b:a0:3a,1074,-41,605,49.76,37.30,30,30105,30612
[Recv] <<< 23:c9:cc:4b:a0:3a,1075,-41,606,49.73,37.30,33,30138,30645
[Recv] <<< 23:c9:cc:4b:a0:3a,1076,-41,607,49.70,37.29,32,30170,30677
[Recv] <<< 23:c9:cc:4b:a0:3a,1077,-32,608,49.70,37.30,46,30216,30723
[Recv] <<< 23:c9:cc:4b:a0:3a,1078,-32,609,49.67,37.30,36,30252,30759
[Recv] <<< 23:c9:cc:4b:a0:3a,1080,-35,610,49.71,37.30,70,30322,30829
[Recv] <<< 23:c9:cc:4b:a0:3a,1081,-35,611,49.68,37.29,32,30354,30861
[Recv] <<< 23:c9:cc:4b:a0:3a,1082,-35,612,49.65,37.28,33,30387,30894
[Recv] <<< 23:c9:cc:4b:a0:3a,1083,-35,613,49.62,37.28,31,30418,30925
[Recv] <<< 23:c9:cc:4b:a0:3a,1085,-35,614,49.66,37.28,76,30494,31001
[Recv] <<< 23:c9:cc:4b:a0:3a,1086,-36,615,49.64,37.27,32,30526,31033
[Recv] <<< 23:c9:cc:4b:a0:3a,1088,-35,616,49.67,37.27,73,30599,31106
[Recv] <<< 23:c9:cc:4b:a0:3a,1090,-32,617,49.70,37.26,65,30664,31171
[Recv] <<< 23:c9:cc:4b:a0:3a,1091,-32,618,49.67,37.25,30,30694,31201
[Recv] <<< 23:c9:cc:4b:a0:3a,1092,-32,619,49.64,37.25,34,30728,31235
[Recv] <<< 23:c9:cc:4b:a0:3a,1093,-32,620,49.61,37.24,31,30759,31266
[Recv] <<< 23:c9:cc:4b:a0:3a,1094,-32,621,49.59,37.24,38,30797,31304
[Recv] <<< 23:c9:cc:4b:a0:3a,1095,-35,622,49.57,37.24,37,30834,31341
[Recv] <<< 23:c9:cc:4b:a0:3a,1096,-35,623,49.55,37.24,36,30870,31377
[Recv] <<< 23:c9:cc:4b:a0:3a,1097,-36,624,49.54,37.24,41,30911,31418
[Recv] <<< 23:c9:cc:4b:a0:3a,1099,-32,625,49.56,37.23,64,30975,31482
[Recv] <<< 23:c9:cc:4b:a0:3a,1100,-32,626,49.53,37.22,31,31006,31513
[Recv] <<< 23:c9:cc:4b:a0:3a,1101,-32,627,49.51,37.22,34,31040,31547
[Recv] <<< 23:c9:cc:4b:a0:3a,1102,-32,628,49.48,37.21,34,31074,31581
[Recv] <<< 23:c9:cc:4b:a0:3a,1103,-32,629,49.47,37.22,40,31114,31621
[Recv] <<< 23:c9:cc:4b:a0:3a,1104,-35,630,49.46,37.22,43,31157,31664
[Recv] <<< 23:c9:cc:4b:a0:3a,1105,-35,631,49.43,37.22,34,31191,31698
[Recv] <<< 23:c9:cc:4b:a0:3a,1106,-35,632,49.41,37.22,36,31227,31734
[Recv] <<< 23:c9:cc:4b:a0:3a,1107,-36,633,49.38,37.21,29,31256,31763
[Recv] <<< 23:c9:cc:4b:a0:3a,1108,-35,634,49.36,37.21,39,31295,31802
[Recv] <<< 23:c9:cc:4b:a0:3a,1109,-35,635,49.34,37.21,39,31334,31841
[Recv] <<< 23:c9:cc:4b:a0:3a,1110,-36,636,49.32,37.21,34,31368,31875
[Recv] <<< 23:c9:cc:4b:a0:3a,1111,-35,637,49.29,37.20,31,31399,31906
[Recv] <<< 23:c9:cc:4b:a0:3a,1112,-35,638,49.27,37.20,33,31432,31939
[Recv] <<< 23:c9:cc:4b:a0:3a,1113,-35,639,49.25,37.20,41,31473,31980
[Recv] <<< 23:c9:cc:4b:a0:3a,1114,-35,640,49.22,37.19,29,31502,32009
[Recv] <<< 23:c9:cc:4b:a0:3a,1116,-35,641,49.25,37.18,67,31569,32076
[Recv] <<< 23:c9:cc:4b:a0:3a,1117,-35,642,49.24,37.19,40,31609,32116
[Recv] <<< 23:c9:cc:4b:a0:3a,1118,-36,643,49.20,37.18,29,31638,32145
[Recv] <<< 23:c9:cc:4b:a0:3a,1119,-35,644,49.19,37.18,38,31676,32183
[Recv] <<< 23:c9:cc:4b:a0:3a,1120,-36,645,49.16,37.17,29,31705,32212
[Recv] <<< 23:c9:cc:4b:a0:3a,1121,-35,646,49.13,37.16,32,31737,32244
[Recv] <<< 23:c9:cc:4b:a0:3a,1122,-32,647,49.10,37.16,31,31768,32275
[Recv] <<< 23:c9:cc:4b:a0:3a,1123,-32,648,49.08,37.16,38,31806,32313
[Recv] <<< 23:c9:cc:4b:a0:3a,1124,-32,649,49.05,37.15,30,31836,32343
[Recv] <<< 23:c9:cc:4b:a0:3a,1125,-35,650,49.05,37.16,44,31880,32387
[Recv] <<< 23:c9:cc:4b:a0:3a,1126,-36,651,49.03,37.16,39,31919,32426
[Recv] <<< 23:c9:cc:4b:a0:3a,1127,-41,652,49.02,37.16,40,31959,32466
[Recv] <<< 23:c9:cc:4b:a0:3a,1128,-45,653,48.99,37.15,31,31990,32497
[Recv] <<< 23:c9:cc:4b:a0:3a,1129,-36,654,48.96,37.15,33,32023,32530
[Recv] <<< 23:c9:cc:4b:a0:3a,1130,-36,655,48.94,37.15,34,32057,32564
[Recv] <<< 23:c9:cc:4b:a0:3a,1131,-35,656,48.91,37.14,31,32088,32595
[Recv] <<< 23:c9:cc:4b:a0:3a,1132,-35,657,48.90,37.14,39,32127,32634
[Recv] <<< 23:c9:cc:4b:a0:3a,1133,-47,658,48.88,37.14,36,32163,32670
[Recv] <<< 23:c9:cc:4b:a0:3a,1134,-41,659,48.85,37.13,32,32195,32702
[Recv] <<< 23:c9:cc:4b:a0:3a,1135,-43,660,48.83,37.13,33,32228,32735
[Recv] <<< 23:c9:cc:4b:a0:3a,1136,-41,661,48.80,37.12,30,32258,32765
[Recv] <<< 23:c9:cc:4b:a0:3a,1137,-41,662,48.78,37.12,35,32293,32800
[Recv] <<< 23:c9:cc:4b:a0:3a,1138,-41,663,48.76,37.11,32,32325,32832
[Recv] <<< 23:c9:cc:4b:a0:3a,1139,-46,664,48.74,37.11,36,32361,32868
[Recv] <<< 23:c9:cc:4b:a0:3a,1141,-32,665,48.78,37.11,77,32438,32945
[Recv] <<< 23:c9:cc:4b:a0:3a,1143,-32,666,48.81,37.11,69,32507,33014
[Recv] <<< 23:c9:cc:4b:a0:3a,1145,-32,667,48.83,37.09,62,32569,33076
[Recv] <<< 23:c9:cc:4b:a0:3a,1146,-36,668,48.82,37.10,46,32615,33122
[Recv] <<< 23:c9:cc:4b:a0:3a,1147,-35,669,48.80,37.10,32,32647,33154
[Recv] <<< 23:c9:cc:4b:a0:3a,1148,-35,670,48.77,37.09,26,32673,33180
[Recv] <<< 23:c9:cc:4b:a0:3a,1149,-32,671,48.74,37.08,33,32706,33213
[Recv] <<< 23:c9:cc:4b:a0:3a,1150,-36,672,48.73,37.09,43,32749,33256
[Recv] <<< 23:c9:cc:4b:a0:3a,1152,-35,673,48.78,37.09,78,32827,33334
[Recv] <<< 23:c9:cc:4b:a0:3a,1156,-43,674,48.89,37.06,122,32949,33456
[Recv] <<< 23:c9:cc:4b:a0:3a,1157,-43,675,48.86,37.06,31,32980,33487
[Recv] <<< 23:c9:cc:4b:a0:3a,1158,-41,676,48.84,37.06,37,33017,33524
[Recv] <<< 23:c9:cc:4b:a0:3a,1159,-41,677,48.82,37.05,32,33049,33556
[Recv] <<< 23:c9:cc:4b:a0:3a,1161,-35,678,48.83,37.03,57,33106,33613
[Recv] <<< 23:c9:cc:4b:a0:3a,1168,-36,679,49.11,37.01,242,33348,33855
[Recv] <<< 23:c9:cc:4b:a0:3a,1170,-35,680,49.14,37.01,68,33416,33923
[Recv] <<< 23:c9:cc:4b:a0:3a,1172,-32,681,49.16,36.99,63,33479,33986
[Recv] <<< 23:c9:cc:4b:a0:3a,1173,-32,682,49.14,36.99,34,33513,34020
[Recv] <<< 23:c9:cc:4b:a0:3a,1174,-32,683,49.11,36.98,26,33539,34046
[Recv] <<< 23:c9:cc:4b:a0:3a,1176,-32,684,49.15,36.98,77,33616,34123
[Recv] <<< 23:c9:cc:4b:a0:3a,1177,-32,685,49.12,36.97,31,33647,34154
[Recv] <<< 23:c9:cc:4b:a0:3a,1178,-32,686,49.10,36.97,36,33683,34190
[Recv] <<< 23:c9:cc:4b:a0:3a,1179,-32,687,49.08,36.97,34,33717,34224
[Recv] <<< 23:c9:cc:4b:a0:3a,1180,-32,688,49.06,36.97,37,33754,34261
[Recv] <<< 23:c9:cc:4b:a0:3a,1183,-43,689,49.13,36.95,95,33849,34356
[Recv] <<< 23:c9:cc:4b:a0:3a,1184,-45,690,49.10,36.95,31,33880,34387
[Recv] <<< 23:c9:cc:4b:a0:3a,1185,-41,691,49.09,36.95,41,33921,34428
[Recv] <<< 23:c9:cc:4b:a0:3a,1186,-41,692,49.07,36.95,36,33957,34464
[Recv] <<< 23:c9:cc:4b:a0:3a,1187,-41,693,49.05,36.95,34,33991,34498
[Recv] <<< 23:c9:cc:4b:a0:3a,1189,-41,694,49.07,36.94,65,34056,34563
[Recv] <<< 23:c9:cc:4b:a0:3a,1190,-35,695,49.06,36.94,39,34095,34602
[Recv] <<< 23:c9:cc:4b:a0:3a,1191,-35,696,49.02,36.93,26,34121,34628
[Recv] <<< 23:c9:cc:4b:a0:3a,1192,-35,697,49.01,36.93,38,34159,34666
[Recv] <<< 23:c9:cc:4b:a0:3a,1194,-46,698,49.05,36.94,80,34239,34746
[Recv] <<< 23:c9:cc:4b:a0:3a,1195,-41,699,49.03,36.93,33,34272,34779
[Recv] <<< 23:c9:cc:4b:a0:3a,1196,-41,700,49.01,36.93,33,34305,34812
[Recv] <<< 23:c9:cc:4b:a0:3a,1197,-43,701,48.98,36.92,28,34333,34840
[Recv] <<< 23:c9:cc:4b:a0:3a,1198,-41,702,48.96,36.92,36,34369,34876
[Recv] <<< 23:c9:cc:4b:a0:3a,1199,-41,703,48.94,36.92,39,34408,34915
[Recv] <<< 23:c9:cc:4b:a0:3a,1200,-43,704,48.92,36.91,32,34440,34947
[Recv] <<< 23:c9:cc:4b:a0:3a,1201,-41,705,48.90,36.91,31,34471,34978
[Recv] <<< 23:c9:cc:4b:a0:3a,1202,-36,706,48.86,36.89,22,34493,35000
[Recv] <<< 23:c9:cc:4b:a0:3a,1203,-35,707,48.83,36.89,32,34525,35032
[Recv] <<< 23:c9:cc:4b:a0:3a,1206,-33,708,48.91,36.87,100,34625,35132
[Recv] <<< 23:c9:cc:4b:a0:3a,1207,-33,709,48.89,36.87,37,34662,35169
[Recv] <<< 23:c9:cc:4b:a0:3a,1209,-42,710,48.91,36.86,62,34724,35231
[Recv] <<< 23:c9:cc:4b:a0:3a,1211,-42,711,48.94,36.86,74,34798,35305
[Recv] <<< 23:c9:cc:4b:a0:3a,1212,-35,712,48.91,36.85,23,34821,35328
[Recv] <<< 23:c9:cc:4b:a0:3a,1213,-47,713,48.90,36.86,44,34865,35372
[Recv] <<< 23:c9:cc:4b:a0:3a,1215,-36,714,48.92,36.84,61,34926,35433
[Recv] <<< 23:c9:cc:4b:a0:3a,1217,-35,715,48.94,36.83,67,34993,35500
[Recv] <<< 23:c9:cc:4b:a0:3a,1220,-35,716,49.01,36.82,98,35091,35598
[Recv] <<< 23:c9:cc:4b:a0:3a,1221,-35,717,48.99,36.82,34,35125,35632
[Recv] <<< 23:c9:cc:4b:a0:3a,1223,-35,718,49.02,36.82,74,35199,35706
[Recv] <<< 23:c9:cc:4b:a0:3a,1224,-35,719,49.00,36.81,30,35229,35736
[Recv] <<< 23:c9:cc:4b:a0:3a,1226,-33,720,49.03,36.81,71,35300,35807
[Recv] <<< 23:c9:cc:4b:a0:3a,1227,-33,721,49.00,36.80,30,35330,35837
[Recv] <<< 23:c9:cc:4b:a0:3a,1228,-33,722,48.98,36.80,35,35365,35872
[Recv] <<< 23:c9:cc:4b:a0:3a,1229,-33,723,48.96,36.79,30,35395,35902
[Recv] <<< 23:c9:cc:4b:a0:3a,1230,-33,724,48.94,36.80,39,35434,35941
[Recv] <<< 23:c9:cc:4b:a0:3a,1231,-33,725,48.92,36.79,33,35467,35974
[Recv] <<< 23:c9:cc:4b:a0:3a,1233,-42,726,48.94,36.78,67,35534,36041
[Recv] <<< 23:c9:cc:4b:a0:3a,1234,-41,727,48.92,36.78,29,35563,36070
[Recv] <<< 23:c9:cc:4b:a0:3a,1235,-41,728,48.90,36.78,36,35599,36106
[Recv] <<< 23:c9:cc:4b:a0:3a,1236,-35,729,48.87,36.77,29,35628,36135
[Recv] <<< 23:c9:cc:4b:a0:3a,1237,-36,730,48.85,36.76,33,35661,36168
[Recv] <<< 23:c9:cc:4b:a0:3a,1238,-35,731,48.84,36.77,38,35699,36206
[Recv] <<< 23:c9:cc:4b:a0:3a,1239,-35,732,48.82,36.76,36,35735,36242
[Recv] <<< 23:c9:cc:4b:a0:3a,1241,-38,733,48.85,36.76,73,35808,36315
[Recv] <<< 23:c9:cc:4b:a0:3a,1242,-36,734,48.82,36.76,29,35837,36344
[Recv] <<< 23:c9:cc:4b:a0:3a,1243,-35,735,48.80,36.75,33,35870,36377
[Recv] <<< 23:c9:cc:4b:a0:3a,1244,-35,736,48.78,36.75,34,35904,36411
[Recv] <<< 23:c9:cc:4b:a0:3a,1245,-36,737,48.76,36.75,35,35939,36446
[Recv] <<< 23:c9:cc:4b:a0:3a,1246,-33,738,48.74,36.74,30,35969,36476
[Recv] <<< 23:c9:cc:4b:a0:3a,1247,-38,739,48.72,36.74,34,36003,36510
[Recv] <<< 23:c9:cc:4b:a0:3a,1249,-32,740,48.75,36.74,71,36074,36581
[Recv] <<< 23:c9:cc:4b:a0:3a,1250,-32,741,48.72,36.72,26,36100,36607
[Recv] <<< 23:c9:cc:4b:a0:3a,1251,-32,742,48.70,36.72,37,36137,36644
[Recv] <<< 23:c9:cc:4b:a0:3a,1252,-32,743,48.69,36.73,40,36177,36684
[Recv] <<< 23:c9:cc:4b:a0:3a,1255,-32,744,48.75,36.71,96,36273,36780
[Recv] <<< 23:c9:cc:4b:a0:3a,1256,-32,745,48.74,36.71,37,36310,36817
[Recv] <<< 23:c9:cc:4b:a0:3a,1259,-32,746,48.82,36.71,108,36418,36925
[Recv] <<< 23:c9:cc:4b:a0:3a,1264,-41,747,48.97,36.69,160,36578,37085
[Recv] <<< 23:c9:cc:4b:a0:3a,1265,-43,748,48.95,36.68,33,36611,37118
[Recv] <<< 23:c9:cc:4b:a0:3a,1266,-41,749,48.93,36.69,40,36651,37158
[Recv] <<< 23:c9:cc:4b:a0:3a,1268,-41,750,48.94,36.67,57,36708,37215
[Recv] <<< 23:c9:cc:4b:a0:3a,1269,-41,751,48.93,36.67,40,36748,37255
[Recv] <<< 23:c9:cc:4b:a0:3a,1270,-43,752,48.90,36.67,28,36776,37283
[Recv] <<< 23:c9:cc:4b:a0:3a,1271,-36,753,48.88,36.66,32,36808,37315
[Recv] <<< 23:c9:cc:4b:a0:3a,1272,-36,754,48.87,36.66,37,36845,37352
[Recv] <<< 23:c9:cc:4b:a0:3a,1273,-36,755,48.84,36.66,32,36877,37384
[Recv] <<< 23:c9:cc:4b:a0:3a,1274,-32,756,48.82,36.65,30,36907,37414
[Recv] <<< 23:c9:cc:4b:a0:3a,1275,-32,757,48.81,36.65,39,36946,37453
[Recv] <<< 23:c9:cc:4b:a0:3a,1276,-32,758,48.78,36.65,31,36977,37484
[Recv] <<< 23:c9:cc:4b:a0:3a,1277,-35,759,48.77,36.65,43,37020,37527
[Recv] <<< 23:c9:cc:4b:a0:3a,1278,-35,760,48.76,36.65,37,37057,37564
[Recv] <<< 23:c9:cc:4b:a0:3a,1280,-42,761,48.79,36.65,69,37126,37633
[Recv] <<< 23:c9:cc:4b:a0:3a,1281,-35,762,48.77,36.65,35,37161,37668
[Recv] <<< 23:c9:cc:4b:a0:3a,1283,-32,763,48.79,36.64,68,37229,37736
[Recv] <<< 23:c9:cc:4b:a0:3a,1285,-42,764,48.82,36.64,66,37295,37802
[Recv] <<< 23:c9:cc:4b:a0:3a,1286,-41,765,48.79,36.63,29,37324,37831
[Recv] <<< 23:c9:cc:4b:a0:3a,1287,-32,766,48.78,36.63,43,37367,37874
[Recv] <<< 23:c9:cc:4b:a0:3a,1288,-32,767,48.75,36.62,24,37391,37898
[Recv] <<< 23:c9:cc:4b:a0:3a,1291,-41,768,48.81,36.61,97,37488,37995
[Recv] <<< 23:c9:cc:4b:a0:3a,1292,-41,769,48.80,36.61,40,37528,38035
[Recv] <<< 23:c9:cc:4b:a0:3a,1293,-41,770,48.78,36.61,33,37561,38068
[Recv] <<< 23:c9:cc:4b:a0:3a,1294,-45,771,48.76,36.61,33,37594,38101
[Recv] <<< 23:c9:cc:4b:a0:3a,1295,-41,772,48.75,36.61,38,37632,38139
[Recv] <<< 23:c9:cc:4b:a0:3a,1296,-45,773,48.72,36.60,32,37664,38171
[Recv] <<< 23:c9:cc:4b:a0:3a,1297,-41,774,48.70,36.60,32,37696,38203
[Recv] <<< 23:c9:cc:4b:a0:3a,1298,-41,775,48.69,36.60,37,37733,38240
[Recv] <<< 23:c9:cc:4b:a0:3a,1299,-35,776,48.65,36.59,23,37756,38263
[Recv] <<< 23:c9:cc:4b:a0:3a,1303,-35,777,48.77,36.58,139,37895,38402
[Recv] <<< 23:c9:cc:4b:a0:3a,1304,-35,778,48.76,36.58,40,37935,38442
[Recv] <<< 23:c9:cc:4b:a0:3a,1305,-35,779,48.74,36.58,30,37965,38472
[Recv] <<< 23:c9:cc:4b:a0:3a,1306,-35,780,48.72,36.58,40,38005,38512
[Recv] <<< 23:c9:cc:4b:a0:3a,1307,-36,781,48.70,36.57,31,38036,38543
[Recv] <<< 23:c9:cc:4b:a0:3a,1308,-36,782,48.68,36.57,30,38066,38573
[Recv] <<< 23:c9:cc:4b:a0:3a,1313,-32,783,48.83,36.55,167,38233,38740
[Recv] <<< 23:c9:cc:4b:a0:3a,1315,-32,784,48.86,36.55,73,38306,38813
[Recv] <<< 23:c9:cc:4b:a0:3a,1316,-32,785,48.85,36.55,39,38345,38852
[Recv] <<< 23:c9:cc:4b:a0:3a,1317,-32,786,48.82,36.55,29,38374,38881
[Recv] <<< 23:c9:cc:4b:a0:3a,1320,-41,787,48.88,36.53,95,38469,38976
[Recv] <<< 23:c9:cc:4b:a0:3a,1321,-45,788,48.86,36.53,33,38502,39009
[Recv] <<< 23:c9:cc:4b:a0:3a,1323,-42,789,48.89,36.53,73,38575,39082
[Recv] <<< 23:c9:cc:4b:a0:3a,1324,-42,790,48.86,36.52,24,38599,39106
[Recv] <<< 23:c9:cc:4b:a0:3a,1327,-41,791,48.93,36.51,106,38705,39212
[Recv] <<< 23:c9:cc:4b:a0:3a,1328,-41,792,48.91,36.51,33,38738,39245
[Recv] <<< 23:c9:cc:4b:a0:3a,1329,-41,793,48.90,36.51,38,38776,39283
[Recv] <<< 23:c9:cc:4b:a0:3a,1330,-48,794,48.87,36.50,28,38804,39311
[Recv] <<< 23:c9:cc:4b:a0:3a,1331,-32,795,48.87,36.51,44,38848,39355
[Recv] <<< 23:c9:cc:4b:a0:3a,1337,-36,796,49.03,36.48,183,39031,39538
[Recv] <<< 23:c9:cc:4b:a0:3a,1340,-36,797,49.11,36.48,108,39139,39646
[Recv] <<< 23:c9:cc:4b:a0:3a,1341,-35,798,49.09,36.47,31,39170,39677
[Recv] <<< 23:c9:cc:4b:a0:3a,1344,-32,799,49.15,36.47,103,39273,39780
[Recv] <<< 23:c9:cc:4b:a0:3a,1345,-32,800,49.14,36.46,36,39309,39816
[Recv] <<< 23:c9:cc:4b:a0:3a,1346,-32,801,49.11,36.45,25,39334,39841
[Recv] <<< 23:c9:cc:4b:a0:3a,1349,-41,802,49.17,36.45,101,39435,39942
[Recv] <<< 23:c9:cc:4b:a0:3a,1350,-43,803,49.17,36.46,50,39485,39992
[Recv] <<< 23:c9:cc:4b:a0:3a,1351,-46,804,49.16,36.46,36,39521,40028
[Recv] <<< 23:c9:cc:4b:a0:3a,1352,-43,805,49.13,36.45,29,39550,40057
[Recv] <<< 23:c9:cc:4b:a0:3a,1355,-43,806,49.21,36.45,113,39663,40170
[Recv] <<< 23:c9:cc:4b:a0:3a,1356,-45,807,49.18,36.44,25,39688,40195
[Recv] <<< 23:c9:cc:4b:a0:3a,1357,-41,808,49.16,36.44,33,39721,40228
[Recv] <<< 23:c9:cc:4b:a0:3a,1358,-43,809,49.15,36.45,41,39762,40269
[Recv] <<< 23:c9:cc:4b:a0:3a,1359,-41,810,49.13,36.44,30,39792,40299
[Recv] <<< 23:c9:cc:4b:a0:3a,1360,-41,811,49.10,36.43,26,39818,40325
[Recv] <<< 23:c9:cc:4b:a0:3a,1361,-35,812,49.08,36.43,34,39852,40359
[Recv] <<< 23:c9:cc:4b:a0:3a,1362,-33,813,49.06,36.43,34,39886,40393
[Recv] <<< 23:c9:cc:4b:a0:3a,1363,-35,814,49.04,36.42,31,39917,40424
[Recv] <<< 23:c9:cc:4b:a0:3a,1366,-32,815,49.10,36.41,96,40013,40520
[Recv] <<< 23:c9:cc:4b:a0:3a,1367,-32,816,49.07,36.40,30,40043,40550
[Recv] <<< 23:c9:cc:4b:a0:3a,1368,-32,817,49.07,36.41,49,40092,40599
[Recv] <<< 23:c9:cc:4b:a0:3a,1369,-32,818,49.05,36.41,34,40126,40633
[Recv] <<< 23:c9:cc:4b:a0:3a,1385,-32,819,49.67,36.38,552,40678,41185
[Recv] <<< 23:c9:cc:4b:a0:3a,1387,-32,820,49.70,36.39,75,40753,41260
[Recv] <<< 23:c9:cc:4b:a0:3a,1388,-33,821,49.69,36.39,41,40794,41301
[Recv] <<< 23:c9:cc:4b:a0:3a,1389,-33,822,49.66,36.38,27,40821,41328
[Recv] <<< 23:c9:cc:4b:a0:3a,1390,-32,823,49.64,36.38,36,40857,41364
[Recv] <<< 23:c9:cc:4b:a0:3a,1393,-32,824,49.71,36.38,103,40960,41467
[Recv] <<< 23:c9:cc:4b:a0:3a,1394,-32,825,49.70,36.38,39,40999,41506
[Recv] <<< 23:c9:cc:4b:a0:3a,1395,-32,826,49.67,36.38,32,41031,41538
[Recv] <<< 23:c9:cc:4b:a0:3a,1396,-32,827,49.66,36.37,35,41066,41573
[Recv] <<< 23:c9:cc:4b:a0:3a,1397,-32,828,49.63,36.37,31,41097,41604
[Recv] <<< 23:c9:cc:4b:a0:3a,1400,-43,829,49.69,36.35,92,41189,41696
[Recv] <<< 23:c9:cc:4b:a0:3a,1401,-41,830,49.67,36.36,41,41230,41737
[Recv] <<< 23:c9:cc:4b:a0:3a,1402,-35,831,49.64,36.35,22,41252,41759
[Recv] <<< 23:c9:cc:4b:a0:3a,1404,-35,832,49.67,36.35,74,41326,41833
[Recv] <<< 23:c9:cc:4b:a0:3a,1405,-36,833,49.66,36.35,40,41366,41873
[Recv] <<< 23:c9:cc:4b:a0:3a,1406,-35,834,49.64,36.35,33,41399,41906
[Recv] <<< 23:c9:cc:4b:a0:3a,1407,-35,835,49.62,36.34,32,41431,41938
[Recv] <<< 23:c9:cc:4b:a0:3a,1409,-33,836,49.63,36.33,63,41494,42001
[Recv] <<< 23:c9:cc:4b:a0:3a,1410,-32,837,49.62,36.33,35,41529,42036
[Recv] <<< 23:c9:cc:4b:a0:3a,1411,-32,838,49.59,36.33,28,41557,42064
[Recv] <<< 23:c9:cc:4b:a0:3a,1412,-32,839,49.58,36.33,42,41599,42106
[Recv] <<< 23:c9:cc:4b:a0:3a,1413,-32,840,49.56,36.33,31,41630,42137
[Recv] <<< 23:c9:cc:4b:a0:3a,1415,-32,841,49.59,36.32,71,41701,42208
[Recv] <<< 23:c9:cc:4b:a0:3a,1416,-32,842,49.57,36.33,38,41739,42246
[Recv] <<< 23:c9:cc:4b:a0:3a,1417,-32,843,49.56,36.33,40,41779,42286
[Recv] <<< 23:c9:cc:4b:a0:3a,1418,-32,844,49.53,36.32,28,41807,42314
[Recv] <<< 23:c9:cc:4b:a0:3a,1419,-32,845,49.52,36.32,36,41843,42350
[Recv] <<< 23:c9:cc:4b:a0:3a,1420,-32,846,49.49,36.31,27,41870,42377
[Recv] <<< 23:c9:cc:4b:a0:3a,1421,-32,847,49.49,36.32,44,41914,42421
[Recv] <<< 23:c9:cc:4b:a0:3a,1422,-32,848,49.47,36.32,37,41951,42458
[Recv] <<< 23:c9:cc:4b:a0:3a,1424,-35,849,49.50,36.33,78,42029,42536
[Recv] <<< 23:c9:cc:4b:a0:3a,1425,-35,850,49.48,36.32,32,42061,42568
[Recv] <<< 23:c9:cc:4b:a0:3a,1427,-32,851,49.50,36.32,65,42126,42633
[Recv] <<< 23:c9:cc:4b:a0:3a,1428,-32,852,49.48,36.31,30,42156,42663
[Recv] <<< 23:c9:cc:4b:a0:3a,1429,-33,853,49.46,36.31,36,42192,42699
[Recv] <<< 23:c9:cc:4b:a0:3a,1430,-32,854,49.44,36.31,34,42226,42733
[Recv] <<< 23:c9:cc:4b:a0:3a,1431,-32,855,49.42,36.30,31,42257,42764
[Recv] <<< 23:c9:cc:4b:a0:3a,1432,-45,856,49.40,36.30,27,42284,42791
[Recv] <<< 23:c9:cc:4b:a0:3a,1433,-32,857,49.39,36.30,47,42331,42838
[Recv] <<< 23:c9:cc:4b:a0:3a,1434,-32,858,49.38,36.30,35,42366,42873
[Recv] <<< 23:c9:cc:4b:a0:3a,1435,-32,859,49.37,36.31,40,42406,42913
[Recv] <<< 23:c9:cc:4b:a0:3a,1436,-32,860,49.35,36.31,35,42441,42948
[Recv] <<< 23:c9:cc:4b:a0:3a,1437,-33,861,49.33,36.30,30,42471,42978
[Recv] <<< 23:c9:cc:4b:a0:3a,1438,-32,862,49.30,36.29,28,42499,43006
[Recv] <<< 23:c9:cc:4b:a0:3a,1439,-32,863,49.29,36.29,34,42533,43040
[Recv] <<< 23:c9:cc:4b:a0:3a,1440,-47,864,49.27,36.29,33,42566,43073
[Recv] <<< 23:c9:cc:4b:a0:3a,1441,-32,865,49.26,36.29,44,42610,43117
[Recv] <<< 23:c9:cc:4b:a0:3a,1442,-32,866,49.25,36.30,38,42648,43155
[Recv] <<< 23:c9:cc:4b:a0:3a,1444,-36,867,49.28,36.30,78,42726,43233
[Recv] <<< 23:c9:cc:4b:a0:3a,1445,-36,868,49.26,36.30,36,42762,43269
[Recv] <<< 23:c9:cc:4b:a0:3a,1447,-36,869,49.29,36.30,71,42833,43340
[Recv] <<< 23:c9:cc:4b:a0:3a,1448,-36,870,49.27,36.30,33,42866,43373
[Recv] <<< 23:c9:cc:4b:a0:3a,1449,-35,871,49.25,36.29,32,42898,43405
[Recv] <<< 23:c9:cc:4b:a0:3a,1452,-36,872,49.30,36.28,94,42992,43499
[Recv] <<< 23:c9:cc:4b:a0:3a,1454,-35,873,49.32,36.28,67,43059,43566
[Recv] <<< 23:c9:cc:4b:a0:3a,1455,-35,874,49.32,36.28,45,43104,43611
[Recv] <<< 23:c9:cc:4b:a0:3a,1456,-42,875,49.31,36.29,43,43147,43654
[Recv] <<< 23:c9:cc:4b:a0:3a,1457,-41,876,49.28,36.28,26,43173,43680
[Recv] <<< 23:c9:cc:4b:a0:3a,1458,-43,877,49.28,36.28,42,43215,43722
[Recv] <<< 23:c9:cc:4b:a0:3a,1459,-41,878,49.25,36.28,27,43242,43749
[Recv] <<< 23:c9:cc:4b:a0:3a,1460,-42,879,49.23,36.27,34,43276,43783
[Recv] <<< 23:c9:cc:4b:a0:3a,1461,-42,880,49.21,36.27,33,43309,43816
[Recv] <<< 23:c9:cc:4b:a0:3a,1462,-45,881,49.20,36.27,37,43346,43853
[Recv] <<< 23:c9:cc:4b:a0:3a,1465,-35,882,49.28,36.28,119,43465,43972
[Recv] <<< 23:c9:cc:4b:a0:3a,1466,-36,883,49.26,36.28,33,43498,44005
[Recv] <<< 23:c9:cc:4b:a0:3a,1467,-36,884,49.25,36.28,35,43533,44040
[Recv] <<< 23:c9:cc:4b:a0:3a,1468,-35,885,49.23,36.28,35,43568,44075
[Recv] <<< 23:c9:cc:4b:a0:3a,1469,-36,886,49.21,36.27,30,43598,44105
[Recv] <<< 23:c9:cc:4b:a0:3a,1470,-36,887,49.19,36.27,36,43634,44141
[Recv] <<< 23:c9:cc:4b:a0:3a,1471,-36,888,49.17,36.26,28,43662,44169
[Recv] <<< 23:c9:cc:4b:a0:3a,1472,-36,889,49.16,36.27,38,43700,44207
[Recv] <<< 23:c9:cc:4b:a0:3a,1475,-41,890,49.22,36.26,106,43806,44313
[Recv] <<< 23:c9:cc:4b:a0:3a,1476,-42,891,49.21,36.26,38,43844,44351
[Recv] <<< 23:c9:cc:4b:a0:3a,1477,-42,892,49.19,36.26,36,43880,44387
[Recv] <<< 23:c9:cc:4b:a0:3a,1483,-36,893,49.36,36.25,195,44075,44582
[Recv] <<< 23:c9:cc:4b:a0:3a,1485,-38,894,49.38,36.24,70,44145,44652
[Recv] <<< 23:c9:cc:4b:a0:3a,1486,-35,895,49.37,36.24,37,44182,44689
[Recv] <<< 23:c9:cc:4b:a0:3a,1487,-35,896,49.34,36.24,28,44210,44717
[Recv] <<< 23:c9:cc:4b:a0:3a,1488,-32,897,49.32,36.23,26,44236,44743
[Recv] <<< 23:c9:cc:4b:a0:3a,1489,-33,898,49.30,36.23,38,44274,44781
[Recv] <<< 23:c9:cc:4b:a0:3a,1490,-33,899,49.29,36.23,38,44312,44819
[Recv] <<< 23:c9:cc:4b:a0:3a,1491,-32,900,49.27,36.23,33,44345,44852
[Recv] <<< 23:c9:cc:4b:a0:3a,1492,-33,901,49.26,36.23,37,44382,44889
[Recv] <<< 23:c9:cc:4b:a0:3a,1493,-32,902,49.25,36.23,37,44419,44926
[Recv] <<< 23:c9:cc:4b:a0:3a,1494,-32,903,49.23,36.23,33,44452,44959
[Recv] <<< 23:c9:cc:4b:a0:3a,1495,-32,904,49.21,36.23,37,44489,44996
[Recv] <<< 23:c9:cc:4b:a0:3a,1497,-41,905,49.23,36.22,66,44555,45062
[Recv] <<< 23:c9:cc:4b:a0:3a,1498,-32,906,49.22,36.22,36,44591,45098
[Recv] <<< 23:c9:cc:4b:a0:3a,1499,-32,907,49.21,36.23,40,44631,45138
[Recv] <<< 23:c9:cc:4b:a0:3a,1500,-36,908,49.21,36.24,49,44680,45187
[Recv] <<< 23:c9:cc:4b:a0:3a,1501,-36,909,49.20,36.24,39,44719,45226
[Recv] <<< 23:c9:cc:4b:a0:3a,1502,-35,910,49.17,36.23,28,44747,45254
[Recv] <<< 23:c9:cc:4b:a0:3a,1503,-35,911,49.16,36.23,38,44785,45292
[Recv] <<< 23:c9:cc:4b:a0:3a,1504,-36,912,49.14,36.23,35,44820,45327
[Recv] <<< 23:c9:cc:4b:a0:3a,1505,-35,913,49.13,36.23,34,44854,45361
[Recv] <<< 23:c9:cc:4b:a0:3a,1506,-35,914,49.11,36.23,33,44887,45394
[Recv] <<< 23:c9:cc:4b:a0:3a,1507,-37,915,49.10,36.23,37,44924,45431
[Recv] <<< 23:c9:cc:4b:a0:3a,1509,-35,916,49.12,36.23,70,44994,45501
[Recv] <<< 23:c9:cc:4b:a0:3a,1510,-35,917,49.10,36.23,35,45029,45536
[Recv] <<< 23:c9:cc:4b:a0:3a,1511,-32,918,49.08,36.22,30,45059,45566
[Recv] <<< 23:c9:cc:4b:a0:3a,1513,-32,919,49.10,36.22,67,45126,45633
[Recv] <<< 23:c9:cc:4b:a0:3a,1514,-32,920,49.08,36.21,32,45158,45665
[Recv] <<< 23:c9:cc:4b:a0:3a,1516,-35,921,49.11,36.22,75,45233,45740
[Recv] <<< 23:c9:cc:4b:a0:3a,1518,-32,922,49.13,36.21,68,45301,45808
[Recv] <<< 23:c9:cc:4b:a0:3a,1519,-32,923,49.11,36.21,28,45329,45836
[Recv] <<< 23:c9:cc:4b:a0:3a,1520,-32,924,49.09,36.20,34,45363,45870
[Recv] <<< 23:c9:cc:4b:a0:3a,1521,-32,925,49.08,36.20,32,45395,45902
[Recv] <<< 23:c9:cc:4b:a0:3a,1523,-35,926,49.11,36.21,80,45475,45982
[Recv] <<< 23:c9:cc:4b:a0:3a,1524,-35,927,49.10,36.21,37,45512,46019
[Recv] <<< 23:c9:cc:4b:a0:3a,1525,-35,928,49.08,36.20,32,45544,46051
[Recv] <<< 23:c9:cc:4b:a0:3a,1527,-32,929,49.09,36.19,60,45604,46111
[Recv] <<< 23:c9:cc:4b:a0:3a,1528,-32,930,49.07,36.19,35,45639,46146
[Recv] <<< 23:c9:cc:4b:a0:3a,1529,-32,931,49.06,36.19,32,45671,46178
[Recv] <<< 23:c9:cc:4b:a0:3a,1530,-42,932,49.04,36.19,34,45705,46212
[Recv] <<< 23:c9:cc:4b:a0:3a,1531,-41,933,49.02,36.19,35,45740,46247
[Recv] <<< 23:c9:cc:4b:a0:3a,1532,-41,934,49.01,36.18,34,45774,46281
[Recv] <<< 23:c9:cc:4b:a0:3a,1533,-41,935,48.99,36.18,31,45805,46312
[Recv] <<< 23:c9:cc:4b:a0:3a,1534,-42,936,48.97,36.18,30,45835,46342
[Recv] <<< 23:c9:cc:4b:a0:3a,1535,-42,937,48.96,36.18,43,45878,46385
[Recv] <<< 23:c9:cc:4b:a0:3a,1536,-41,938,48.95,36.18,35,45913,46420
[Recv] <<< 23:c9:cc:4b:a0:3a,1537,-41,939,48.93,36.17,29,45942,46449
[Recv] <<< 23:c9:cc:4b:a0:3a,1539,-41,940,48.94,36.17,61,46003,46510
[Recv] <<< 23:c9:cc:4b:a0:3a,1540,-42,941,48.93,36.17,36,46039,46546
[Recv] <<< 23:c9:cc:4b:a0:3a,1541,-41,942,48.91,36.17,36,46075,46582
[Recv] <<< 23:c9:cc:4b:a0:3a,1542,-41,943,48.89,36.16,31,46106,46613
[Recv] <<< 23:c9:cc:4b:a0:3a,1543,-41,944,48.87,36.16,31,46137,46644
[Recv] <<< 23:c9:cc:4b:a0:3a,1545,-41,945,48.90,36.16,73,46210,46717
[Recv] <<< 23:c9:cc:4b:a0:3a,1546,-45,946,48.88,36.16,34,46244,46751
[Recv] <<< 23:c9:cc:4b:a0:3a,1547,-41,947,48.87,36.16,40,46284,46791
[Recv] <<< 23:c9:cc:4b:a0:3a,1548,-41,948,48.86,36.16,35,46319,46826
[Recv] <<< 23:c9:cc:4b:a0:3a,1549,-45,949,48.85,36.16,36,46355,46862
[Recv] <<< 23:c9:cc:4b:a0:3a,1550,-41,950,48.83,36.16,33,46388,46895
[Recv] <<< 23:c9:cc:4b:a0:3a,1551,-42,951,48.81,36.15,32,46420,46927
[Recv] <<< 23:c9:cc:4b:a0:3a,1553,-35,952,48.83,36.15,65,46485,46992
[Recv] <<< 23:c9:cc:4b:a0:3a,1555,-43,953,48.85,36.15,72,46557,47064
[Recv] <<< 23:c9:cc:4b:a0:3a,1556,-41,954,48.83,36.14,31,46588,47095
[Recv] <<< 23:c9:cc:4b:a0:3a,1557,-41,955,48.82,36.14,38,46626,47133
[Recv] <<< 23:c9:cc:4b:a0:3a,1559,-32,956,48.86,36.15,82,46708,47215
[Recv] <<< 23:c9:cc:4b:a0:3a,1560,-32,957,48.84,36.15,31,46739,47246
[Recv] <<< 23:c9:cc:4b:a0:3a,1561,-32,958,48.82,36.15,35,46774,47281
[Recv] <<< 23:c9:cc:4b:a0:3a,1562,-32,959,48.81,36.14,33,46807,47314
[Recv] <<< 23:c9:cc:4b:a0:3a,1563,-32,960,48.79,36.14,32,46839,47346
[Recv] <<< 23:c9:cc:4b:a0:3a,1564,-32,961,48.78,36.14,38,46877,47384
[Recv] <<< 23:c9:cc:4b:a0:3a,1565,-32,962,48.77,36.15,42,46919,47426
[Recv] <<< 23:c9:cc:4b:a0:3a,1566,-35,963,48.77,36.15,46,46965,47472
[Recv] <<< 23:c9:cc:4b:a0:3a,1567,-36,964,48.75,36.15,26,46991,47498
[Recv] <<< 23:c9:cc:4b:a0:3a,1568,-36,965,48.74,36.15,44,47035,47542
[Recv] <<< 23:c9:cc:4b:a0:3a,1569,-36,966,48.72,36.15,27,47062,47569
[Recv] <<< 23:c9:cc:4b:a0:3a,1571,-38,967,48.74,36.14,66,47128,47635
[Recv] <<< 23:c9:cc:4b:a0:3a,1572,-36,968,48.73,36.14,39,47167,47674
[Recv] <<< 23:c9:cc:4b:a0:3a,1573,-36,969,48.72,36.15,44,47211,47718
[Recv] <<< 23:c9:cc:4b:a0:3a,1575,-32,970,48.73,36.14,60,47271,47778
[Recv] <<< 23:c9:cc:4b:a0:3a,1577,-35,971,48.76,36.14,71,47342,47849
[Recv] <<< 23:c9:cc:4b:a0:3a,1578,-32,972,48.74,36.14,37,47379,47886
[Recv] <<< 23:c9:cc:4b:a0:3a,1579,-32,973,48.73,36.14,32,47411,47918
[Recv] <<< 23:c9:cc:4b:a0:3a,1580,-32,974,48.71,36.14,35,47446,47953
[Recv] <<< 23:c9:cc:4b:a0:3a,1581,-41,975,48.69,36.13,29,47475,47982
[Recv] <<< 23:c9:cc:4b:a0:3a,1582,-41,976,48.67,36.13,31,47506,48013
[Recv] <<< 23:c9:cc:4b:a0:3a,1583,-42,977,48.67,36.13,40,47546,48053
[Recv] <<< 23:c9:cc:4b:a0:3a,1584,-46,978,48.65,36.13,33,47579,48086
[Recv] <<< 23:c9:cc:4b:a0:3a,1585,-41,979,48.64,36.13,35,47614,48121
[Recv] <<< 23:c9:cc:4b:a0:3a,1586,-48,980,48.63,36.13,40,47654,48161
[Recv] <<< 23:c9:cc:4b:a0:3a,1587,-32,981,48.62,36.13,40,47694,48201
[Recv] <<< 23:c9:cc:4b:a0:3a,1588,-36,982,48.61,36.14,45,47739,48246
[Recv] <<< 23:c9:cc:4b:a0:3a,1589,-37,983,48.60,36.14,39,47778,48285
[Recv] <<< 23:c9:cc:4b:a0:3a,1591,-36,984,48.63,36.14,72,47850,48357
[Recv] <<< 23:c9:cc:4b:a0:3a,1593,-36,985,48.64,36.13,63,47913,48420
[Recv] <<< 23:c9:cc:4b:a0:3a,1594,-36,986,48.63,36.13,38,47951,48458
[Recv] <<< 23:c9:cc:4b:a0:3a,1595,-36,987,48.61,36.13,28,47979,48486
[Recv] <<< 23:c9:cc:4b:a0:3a,1596,-33,988,48.60,36.13,33,48012,48519
[Recv] <<< 23:c9:cc:4b:a0:3a,1598,-35,989,48.62,36.13,71,48083,48590
[Recv] <<< 23:c9:cc:4b:a0:3a,1599,-36,990,48.60,36.12,35,48118,48625
[Recv] <<< 23:c9:cc:4b:a0:3a,1600,-38,991,48.59,36.12,31,48149,48656
[Recv] <<< 23:c9:cc:4b:a0:3a,1601,-36,992,48.57,36.12,30,48179,48686
[Recv] <<< 23:c9:cc:4b:a0:3a,1603,-32,993,48.58,36.11,62,48241,48748
[Recv] <<< 23:c9:cc:4b:a0:3a,1604,-32,994,48.56,36.10,31,48272,48779
[Recv] <<< 23:c9:cc:4b:a0:3a,1606,-32,995,48.59,36.11,80,48352,48859
[Recv] <<< 23:c9:cc:4b:a0:3a,1607,-32,996,48.58,36.11,30,48382,48889
[Recv] <<< 23:c9:cc:4b:a0:3a,1608,-36,997,48.57,36.11,43,48425,48932
[Recv] <<< 23:c9:cc:4b:a0:3a,1613,-36,998,48.70,36.11,175,48600,49107
[Recv] <<< 23:c9:cc:4b:a0:3a,1614,-32,999,48.68,36.10,29,48629,49136
[Recv] <<< 23:c9:cc:4b:a0:3a,1615,-32,1000,48.65,36.09,25,48654,49161
[Recv] <<< 23:c9:cc:4b:a0:3a,1616,-32,1001,48.65,36.10,40,48694,49201
[Recv] <<< 23:c9:cc:4b:a0:3a,1617,-32,1002,48.62,36.09,24,48718,49225
[Recv] <<< 23:c9:cc:4b:a0:3a,1618,-32,1003,48.61,36.09,42,48760,49267
[Recv] <<< 23:c9:cc:4b:a0:3a,1619,-32,1004,48.60,36.09,34,48794,49301
[Recv] <<< 23:c9:cc:4b:a0:3a,1623,-32,1005,48.69,36.09,139,48933,49440
[Recv] <<< 23:c9:cc:4b:a0:3a,1624,-32,1006,48.67,36.08,31,48964,49471
[Recv] <<< 23:c9:cc:4b:a0:3a,1625,-32,1007,48.66,36.08,36,49000,49507
[Recv] <<< 23:c9:cc:4b:a0:3a,1626,-33,1008,48.65,36.08,37,49037,49544
[Recv] <<< 23:c9:cc:4b:a0:3a,1627,-36,1009,48.63,36.08,35,49072,49579
[Recv] <<< 23:c9:cc:4b:a0:3a,1629,-32,1010,48.64,36.07,58,49130,49637
[Recv] <<< 23:c9:cc:4b:a0:3a,1630,-33,1011,48.63,36.07,36,49166,49673
[Recv] <<< 23:c9:cc:4b:a0:3a,1632,-36,1012,48.66,36.08,78,49244,49751
[Recv] <<< 23:c9:cc:4b:a0:3a,1633,-42,1013,48.65,36.08,43,49287,49794
[Recv] <<< 23:c9:cc:4b:a0:3a,1634,-41,1014,48.65,36.08,41,49328,49835
[Recv] <<< 23:c9:cc:4b:a0:3a,1635,-39,1015,48.63,36.08,27,49355,49862
[Recv] <<< 23:c9:cc:4b:a0:3a,1636,-41,1016,48.61,36.08,33,49388,49895
[Recv] <<< 23:c9:cc:4b:a0:3a,1637,-33,1017,48.60,36.08,43,49431,49938
[Recv] <<< 23:c9:cc:4b:a0:3a,1638,-33,1018,48.59,36.08,34,49465,49972
[Recv] <<< 23:c9:cc:4b:a0:3a,1640,-32,1019,48.61,36.08,68,49533,50040
[Recv] <<< 23:c9:cc:4b:a0:3a,1641,-32,1020,48.60,36.08,38,49571,50078
[Recv] <<< 23:c9:cc:4b:a0:3a,1642,-35,1021,48.59,36.08,39,49610,50117
[Recv] <<< 23:c9:cc:4b:a0:3a,1643,-35,1022,48.59,36.09,45,49655,50162
[Recv] <<< 23:c9:cc:4b:a0:3a,1644,-35,1023,48.56,36.08,23,49678,50185
[Recv] <<< 23:c9:cc:4b:a0:3a,1645,-35,1024,48.55,36.08,36,49714,50221
[Recv] <<< 23:c9:cc:4b:a0:3a,1646,-38,1025,48.54,36.08,35,49749,50256
[Recv] <<< 23:c9:cc:4b:a0:3a,1647,-36,1026,48.52,36.07,31,49780,50287
[Recv] <<< 23:c9:cc:4b:a0:3a,1648,-35,1027,48.50,36.07,34,49814,50321
[Recv] <<< 23:c9:cc:4b:a0:3a,1649,-35,1028,48.49,36.07,31,49845,50352
[Recv] <<< 23:c9:cc:4b:a0:3a,1650,-41,1029,48.48,36.07,45,49890,50397
[Recv] <<< 23:c9:cc:4b:a0:3a,1651,-33,1030,48.47,36.07,32,49922,50429
[Recv] <<< 23:c9:cc:4b:a0:3a,1652,-35,1031,48.45,36.07,34,49956,50463
[Recv] <<< 23:c9:cc:4b:a0:3a,1653,-35,1032,48.44,36.06,30,49986,50493
[Recv] <<< 23:c9:cc:4b:a0:3a,1654,-36,1033,48.42,36.06,28,50014,50521
[Recv] <<< 23:c9:cc:4b:a0:3a,1658,-35,1034,48.51,36.06,141,50155,50662
[Recv] <<< 23:c9:cc:4b:a0:3a,1659,-38,1035,48.49,36.05,32,50187,50694
[Recv] <<< 23:c9:cc:4b:a0:3a,1660,-38,1036,48.48,36.05,37,50224,50731
[Recv] <<< 23:c9:cc:4b:a0:3a,1661,-35,1037,48.46,36.05,34,50258,50765
[Recv] <<< 23:c9:cc:4b:a0:3a,1662,-36,1038,48.45,36.05,30,50288,50795
[Recv] <<< 23:c9:cc:4b:a0:3a,1663,-36,1039,48.43,36.04,28,50316,50823
[Recv] <<< 23:c9:cc:4b:a0:3a,1665,-32,1040,48.45,36.04,67,50383,50890
[Recv] <<< 23:c9:cc:4b:a0:3a,1666,-32,1041,48.43,36.04,30,50413,50920
[Recv] <<< 23:c9:cc:4b:a0:3a,1667,-32,1042,48.41,36.03,35,50448,50955
[Recv] <<< 23:c9:cc:4b:a0:3a,1671,-41,1043,48.49,36.03,132,50580,51087
[Recv] <<< 23:c9:cc:4b:a0:3a,1672,-41,1044,48.49,36.03,41,50621,51128
[Recv] <<< 23:c9:cc:4b:a0:3a,1673,-41,1045,48.47,36.02,26,50647,51154
[Recv] <<< 23:c9:cc:4b:a0:3a,1674,-41,1046,48.46,36.03,41,50688,51195
[Recv] <<< 23:c9:cc:4b:a0:3a,1676,-33,1047,48.48,36.02,71,50759,51266
[Recv] <<< 23:c9:cc:4b:a0:3a,1677,-32,1048,48.47,36.03,41,50800,51307
[Recv] <<< 23:c9:cc:4b:a0:3a,1678,-33,1049,48.46,36.03,36,50836,51343
[Recv] <<< 23:c9:cc:4b:a0:3a,1679,-32,1050,48.45,36.03,40,50876,51383
[Recv] <<< 23:c9:cc:4b:a0:3a,1681,-33,1051,48.48,36.03,72,50948,51455
[Recv] <<< 23:c9:cc:4b:a0:3a,1683,-41,1052,48.49,36.02,59,51007,51514
[Recv] <<< 23:c9:cc:4b:a0:3a,1684,-42,1053,48.47,36.02,27,51034,51541
[Recv] <<< 23:c9:cc:4b:a0:3a,1685,-32,1054,48.46,36.02,40,51074,51581
[Recv] <<< 23:c9:cc:4b:a0:3a,1686,-32,1055,48.45,36.02,44,51118,51625
[Recv] <<< 23:c9:cc:4b:a0:3a,1687,-32,1056,48.44,36.03,38,51156,51663
[Recv] <<< 23:c9:cc:4b:a0:3a,1688,-32,1057,48.42,36.02,26,51182,51689
[Recv] <<< 23:c9:cc:4b:a0:3a,1693,-41,1058,48.54,36.01,172,51354,51861
[Recv] <<< 23:c9:cc:4b:a0:3a,1694,-41,1059,48.52,36.01,32,51386,51893
[Recv] <<< 23:c9:cc:4b:a0:3a,1696,-41,1060,48.54,36.01,66,51452,51959
[Recv] <<< 23:c9:cc:4b:a0:3a,1697,-45,1061,48.53,36.00,34,51486,51993
[Recv] <<< 23:c9:cc:4b:a0:3a,1698,-41,1062,48.51,36.00,32,51518,52025
[Recv] <<< 23:c9:cc:4b:a0:3a,1699,-33,1063,48.50,36.00,39,51557,52064
[Recv] <<< 23:c9:cc:4b:a0:3a,1701,-41,1064,48.52,36.00,66,51623,52130
[Recv] <<< 23:c9:cc:4b:a0:3a,1702,-41,1065,48.50,36.00,33,51656,52163
[Recv] <<< 23:c9:cc:4b:a0:3a,1708,-35,1066,48.65,35.99,204,51860,52367
[Recv] <<< 23:c9:cc:4b:a0:3a,1710,-35,1067,48.67,35.99,67,51927,52434
[Recv] <<< 23:c9:cc:4b:a0:3a,1712,-36,1068,48.68,35.98,66,51993,52500
[Recv] <<< 23:c9:cc:4b:a0:3a,1714,-36,1069,48.70,35.98,69,52062,52569
[Recv] <<< 23:c9:cc:4b:a0:3a,1715,-36,1070,48.69,35.98,32,52094,52601
[Recv] <<< 23:c9:cc:4b:a0:3a,1716,-36,1071,48.67,35.98,36,52130,52637
[Recv] <<< 23:c9:cc:4b:a0:3a,1717,-32,1072,48.65,35.97,28,52158,52665
[Recv] <<< 23:c9:cc:4b:a0:3a,1719,-41,1073,48.67,35.96,63,52221,52728
[Recv] <<< 23:c9:cc:4b:a0:3a,1721,-32,1074,48.70,35.97,79,52300,52807
[Recv] <<< 23:c9:cc:4b:a0:3a,1722,-33,1075,48.68,35.97,35,52335,52842
[Recv] <<< 23:c9:cc:4b:a0:3a,1723,-33,1076,48.67,35.97,37,52372,52879
[Recv] <<< 23:c9:cc:4b:a0:3a,1724,-32,1077,48.66,35.97,37,52409,52916
[Recv] <<< 23:c9:cc:4b:a0:3a,1725,-32,1078,48.64,35.97,29,52438,52945
[Recv] <<< 23:c9:cc:4b:a0:3a,1728,-32,1079,48.69,35.96,103,52541,53048
[Recv] <<< 23:c9:cc:4b:a0:3a,1730,-32,1080,48.72,35.97,77,52618,53125
[Recv] <<< 23:c9:cc:4b:a0:3a,1731,-32,1081,48.70,35.96,31,52649,53156
[Recv] <<< 23:c9:cc:4b:a0:3a,1733,-32,1082,48.73,35.97,77,52726,53233
[Recv] <<< 23:c9:cc:4b:a0:3a,1734,-32,1083,48.71,35.96,32,52758,53265
[Recv] <<< 23:c9:cc:4b:a0:3a,1735,-32,1084,48.70,35.96,34,52792,53299
[Recv] <<< 23:c9:cc:4b:a0:3a,1736,-32,1085,48.69,35.96,33,52825,53332
[Recv] <<< 23:c9:cc:4b:a0:3a,1737,-32,1086,48.67,35.95,26,52851,53358
[Recv] <<< 23:c9:cc:4b:a0:3a,1738,-41,1087,48.66,35.96,39,52890,53397
[Recv] <<< 23:c9:cc:4b:a0:3a,1739,-41,1088,48.64,35.95,32,52922,53429
[Recv] <<< 23:c9:cc:4b:a0:3a,1740,-43,1089,48.62,35.95,27,52949,53456
[Recv] <<< 23:c9:cc:4b:a0:3a,1741,-41,1090,48.61,35.95,38,52987,53494
[Recv] <<< 23:c9:cc:4b:a0:3a,1742,-45,1091,48.59,35.94,27,53014,53521
[Recv] <<< 23:c9:cc:4b:a0:3a,1743,-41,1092,48.58,35.94,33,53047,53554
[Recv] <<< 23:c9:cc:4b:a0:3a,1745,-43,1093,48.60,35.94,71,53118,53625
[Recv] <<< 23:c9:cc:4b:a0:3a,1746,-41,1094,48.59,35.94,36,53154,53661
[Recv] <<< 23:c9:cc:4b:a0:3a,1747,-41,1095,48.57,35.93,27,53181,53688
[Recv] <<< 23:c9:cc:4b:a0:3a,1752,-36,1096,48.68,35.93,168,53349,53856
[Recv] <<< 23:c9:cc:4b:a0:3a,1753,-36,1097,48.67,35.93,38,53387,53894
[Recv] <<< 23:c9:cc:4b:a0:3a,1754,-35,1098,48.66,35.93,38,53425,53932
[Recv] <<< 23:c9:cc:4b:a0:3a,1756,-41,1099,48.68,35.93,76,53501,54008
[Recv] <<< 23:c9:cc:4b:a0:3a,1757,-35,1100,48.66,35.93,30,53531,54038
[Recv] <<< 23:c9:cc:4b:a0:3a,1758,-38,1101,48.65,35.92,29,53560,54067
[Recv] <<< 23:c9:cc:4b:a0:3a,1761,-36,1102,48.70,35.92,105,53665,54172
[Recv] <<< 23:c9:cc:4b:a0:3a,1762,-36,1103,48.68,35.91,27,53692,54199
[Recv] <<< 23:c9:cc:4b:a0:3a,1763,-36,1104,48.67,35.91,35,53727,54234
[Recv] <<< 23:c9:cc:4b:a0:3a,1766,-32,1105,48.73,35.92,121,53848,54355
[Recv] <<< 23:c9:cc:4b:a0:3a,1767,-32,1106,48.71,35.92,29,53877,54384
[Recv] <<< 23:c9:cc:4b:a0:3a,1769,-32,1107,48.74,35.92,74,53951,54458
[Recv] <<< 23:c9:cc:4b:a0:3a,1770,-41,1108,48.72,35.92,33,53984,54491
[Recv] <<< 23:c9:cc:4b:a0:3a,1771,-42,1109,48.70,35.91,29,54013,54520
[Recv] <<< 23:c9:cc:4b:a0:3a,1772,-41,1110,48.69,35.91,31,54044,54551
[Recv] <<< 23:c9:cc:4b:a0:3a,1774,-41,1111,48.71,35.91,68,54112,54619
[Recv] <<< 23:c9:cc:4b:a0:3a,1775,-41,1112,48.69,35.91,34,54146,54653
[Recv] <<< 23:c9:cc:4b:a0:3a,1776,-41,1113,48.68,35.91,36,54182,54689
[Recv] <<< 23:c9:cc:4b:a0:3a,1778,-41,1114,48.69,35.90,63,54245,54752
[Recv] <<< 23:c9:cc:4b:a0:3a,1779,-38,1115,48.68,35.90,36,54281,54788
[Recv] <<< 23:c9:cc:4b:a0:3a,1780,-41,1116,48.67,35.90,33,54314,54821
[Recv] <<< 23:c9:cc:4b:a0:3a,1781,-41,1117,48.65,35.89,31,54345,54852
[Recv] <<< 23:c9:cc:4b:a0:3a,1782,-43,1118,48.64,35.90,36,54381,54888
[Recv] <<< 23:c9:cc:4b:a0:3a,1783,-35,1119,48.62,35.89,25,54406,54913
[Recv] <<< 23:c9:cc:4b:a0:3a,1784,-41,1120,48.62,35.89,46,54452,54959
[Recv] <<< 23:c9:cc:4b:a0:3a,1785,-41,1121,48.61,35.89,35,54487,54994
[Recv] <<< 23:c9:cc:4b:a0:3a,1791,-45,1122,48.75,35.89,206,54693,55200
[Recv] <<< 23:c9:cc:4b:a0:3a,1792,-46,1123,48.73,35.88,30,54723,55230
[Recv] <<< 23:c9:cc:4b:a0:3a,1793,-45,1124,48.71,35.88,25,54748,55255
[Recv] <<< 23:c9:cc:4b:a0:3a,1794,-38,1125,48.69,35.87,33,54781,55288
[Recv] <<< 23:c9:cc:4b:a0:3a,1795,-35,1126,48.68,35.87,35,54816,55323
[Recv] <<< 23:c9:cc:4b:a0:3a,1796,-36,1127,48.67,35.88,40,54856,55363
[Recv] <<< 23:c9:cc:4b:a0:3a,1797,-35,1128,48.66,35.87,27,54883,55390
[Recv] <<< 23:c9:cc:4b:a0:3a,1798,-36,1129,48.64,35.87,34,54917,55424
[Recv] <<< 23:c9:cc:4b:a0:3a,1799,-35,1130,48.62,35.87,29,54946,55453
[Recv] <<< 23:c9:cc:4b:a0:3a,1800,-35,1131,48.61,35.86,32,54978,55485
[Recv] <<< 23:c9:cc:4b:a0:3a,1801,-35,1132,48.59,35.86,31,55009,55516
[Recv] <<< 23:c9:cc:4b:a0:3a,1802,-35,1133,48.58,35.86,34,55043,55550
[Recv] <<< 23:c9:cc:4b:a0:3a,1804,-32,1134,48.60,35.86,70,55113,55620
[Recv] <<< 23:c9:cc:4b:a0:3a,1805,-35,1135,48.59,35.86,40,55153,55660
[Recv] <<< 23:c9:cc:4b:a0:3a,1806,-37,1136,48.59,35.86,43,55196,55703
[Recv] <<< 23:c9:cc:4b:a0:3a,1811,-41,1137,48.70,35.86,179,55375,55882
[Recv] <<< 23:c9:cc:4b:a0:3a,1812,-41,1138,48.69,35.86,36,55411,55918
[Recv] <<< 23:c9:cc:4b:a0:3a,1813,-46,1139,48.68,35.86,32,55443,55950
[Recv] <<< 23:c9:cc:4b:a0:3a,1814,-41,1140,48.67,35.86,37,55480,55987
[Recv] <<< 23:c9:cc:4b:a0:3a,1815,-46,1141,48.66,35.86,39,55519,56026
[Recv] <<< 23:c9:cc:4b:a0:3a,1816,-41,1142,48.64,35.86,31,55550,56057
[Recv] <<< 23:c9:cc:4b:a0:3a,1817,-41,1143,48.63,35.86,31,55581,56088
[Recv] <<< 23:c9:cc:4b:a0:3a,1823,-32,1144,48.76,35.85,199,55780,56287
[Recv] <<< 23:c9:cc:4b:a0:3a,1824,-32,1145,48.74,35.84,28,55808,56315
[Recv] <<< 23:c9:cc:4b:a0:3a,1825,-32,1146,48.73,35.85,40,55848,56355
[Recv] <<< 23:c9:cc:4b:a0:3a,1826,-32,1147,48.71,35.84,25,55873,56380
[Recv] <<< 23:c9:cc:4b:a0:3a,1827,-32,1148,48.70,35.84,33,55906,56413
[Recv] <<< 23:c9:cc:4b:a0:3a,1829,-32,1149,48.72,35.84,70,55976,56483
[Recv] <<< 23:c9:cc:4b:a0:3a,1830,-37,1150,48.71,35.84,46,56022,56529
[Recv] <<< 23:c9:cc:4b:a0:3a,1832,-32,1151,48.72,35.84,60,56082,56589
[Recv] <<< 23:c9:cc:4b:a0:3a,1833,-32,1152,48.71,35.83,29,56111,56618
[Recv] <<< 23:c9:cc:4b:a0:3a,1834,-32,1153,48.69,35.83,31,56142,56649
[Recv] <<< 23:c9:cc:4b:a0:3a,1835,-32,1154,48.68,35.83,33,56175,56682
[Recv] <<< 23:c9:cc:4b:a0:3a,1836,-32,1155,48.67,35.82,34,56209,56716
[Recv] <<< 23:c9:cc:4b:a0:3a,1837,-32,1156,48.66,35.83,37,56246,56753
[Recv] <<< 23:c9:cc:4b:a0:3a,1838,-32,1157,48.64,35.82,26,56272,56779
[Recv] <<< 23:c9:cc:4b:a0:3a,1839,-32,1158,48.63,35.82,38,56310,56817
[Recv] <<< 23:c9:cc:4b:a0:3a,1840,-32,1159,48.61,35.82,28,56338,56845
[Recv] <<< 23:c9:cc:4b:a0:3a,1841,-32,1160,48.60,35.81,34,56372,56879
[Recv] <<< 23:c9:cc:4b:a0:3a,1842,-41,1161,48.58,35.81,29,56401,56908
[Recv] <<< 23:c9:cc:4b:a0:3a,1844,-45,1162,48.59,35.80,61,56462,56969
[Recv] <<< 23:c9:cc:4b:a0:3a,1845,-42,1163,48.58,35.80,31,56493,57000
[Recv] <<< 23:c9:cc:4b:a0:3a,1846,-41,1164,48.57,35.80,38,56531,57038
[Recv] <<< 23:c9:cc:4b:a0:3a,1847,-45,1165,48.55,35.80,30,56561,57068
[Recv] <<< 23:c9:cc:4b:a0:3a,1848,-41,1166,48.54,35.80,32,56593,57100
[Recv] <<< 23:c9:cc:4b:a0:3a,1852,-36,1167,48.60,35.79,127,56720,57227
[Recv] <<< 23:c9:cc:4b:a0:3a,1853,-35,1168,48.59,35.78,31,56751,57258
[Recv] <<< 23:c9:cc:4b:a0:3a,1854,-35,1169,48.57,35.78,32,56783,57290
[Recv] <<< 23:c9:cc:4b:a0:3a,1855,-36,1170,48.57,35.78,42,56825,57332
[Recv] <<< 23:c9:cc:4b:a0:3a,1856,-35,1171,48.55,35.78,24,56849,57356
[Recv] <<< 23:c9:cc:4b:a0:3a,1858,-32,1172,48.56,35.77,68,56917,57424
[Recv] <<< 23:c9:cc:4b:a0:3a,1860,-32,1173,48.58,35.77,65,56982,57489
[Recv] <<< 23:c9:cc:4b:a0:3a,1863,-36,1174,48.64,35.78,118,57100,57607
[Recv] <<< 23:c9:cc:4b:a0:3a,1864,-35,1175,48.62,35.77,28,57128,57635
[Recv] <<< 23:c9:cc:4b:a0:3a,1870,-45,1176,48.74,35.76,189,57317,57824
[Recv] <<< 23:c9:cc:4b:a0:3a,1871,-41,1177,48.73,35.76,44,57361,57868
[Recv] <<< 23:c9:cc:4b:a0:3a,1883,-32,1178,49.02,35.73,386,57747,58254
[Recv] <<< 23:c9:cc:4b:a0:3a,1884,-32,1179,49.00,35.73,27,57774,58281
[Recv] <<< 23:c9:cc:4b:a0:3a,1885,-32,1180,48.99,35.73,32,57806,58313
[Recv] <<< 23:c9:cc:4b:a0:3a,1886,-32,1181,48.98,35.73,34,57840,58347
[Recv] <<< 23:c9:cc:4b:a0:3a,1887,-32,1182,48.96,35.73,36,57876,58383
[Recv] <<< 23:c9:cc:4b:a0:3a,1889,-32,1183,48.98,35.72,69,57945,58452
[Recv] <<< 23:c9:cc:4b:a0:3a,1890,-32,1184,48.97,35.72,32,57977,58484
[Recv] <<< 23:c9:cc:4b:a0:3a,1891,-32,1185,48.96,35.72,35,58012,58519
[Recv] <<< 23:c9:cc:4b:a0:3a,1892,-32,1186,48.94,35.72,35,58047,58554
[Recv] <<< 23:c9:cc:4b:a0:3a,1893,-32,1187,48.93,35.72,29,58076,58583
[Recv] <<< 23:c9:cc:4b:a0:3a,1895,-32,1188,48.94,35.71,67,58143,58650
[Recv] <<< 23:c9:cc:4b:a0:3a,1899,-43,1189,49.02,35.71,137,58280,58787
[Recv] <<< 23:c9:cc:4b:a0:3a,1900,-41,1190,49.00,35.71,29,58309,58816
[Recv] <<< 23:c9:cc:4b:a0:3a,1901,-41,1191,48.99,35.71,35,58344,58851
[Recv] <<< 23:c9:cc:4b:a0:3a,1902,-41,1192,48.98,35.71,37,58381,58888
[Recv] <<< 23:c9:cc:4b:a0:3a,1903,-41,1193,48.97,35.71,37,58418,58925
[Recv] <<< 23:c9:cc:4b:a0:3a,1905,-36,1194,48.97,35.70,58,58476,58983
[Recv] <<< 23:c9:cc:4b:a0:3a,1906,-38,1195,48.96,35.70,29,58505,59012
[Recv] <<< 23:c9:cc:4b:a0:3a,1907,-35,1196,48.94,35.69,32,58537,59044
[Recv] <<< 23:c9:cc:4b:a0:3a,1909,-41,1197,48.97,35.70,86,58623,59130
[Recv] <<< 23:c9:cc:4b:a0:3a,1911,-36,1198,48.98,35.69,56,58679,59186
[Recv] <<< 23:c9:cc:4b:a0:3a,1912,-37,1199,48.97,35.69,32,58711,59218
[Recv] <<< 23:c9:cc:4b:a0:3a,1913,-36,1200,48.95,35.69,33,58744,59251
[Recv] <<< 23:c9:cc:4b:a0:3a,1915,-32,1201,48.97,35.69,67,58811,59318
[Recv] <<< 23:c9:cc:4b:a0:3a,1916,-32,1202,48.95,35.68,29,58840,59347
[Recv] <<< 23:c9:cc:4b:a0:3a,1917,-32,1203,48.94,35.68,39,58879,59386
[Recv] <<< 23:c9:cc:4b:a0:3a,1918,-35,1204,48.93,35.68,31,58910,59417
[Recv] <<< 23:c9:cc:4b:a0:3a,1919,-36,1205,48.91,35.68,32,58942,59449
[Recv] <<< 23:c9:cc:4b:a0:3a,1920,-36,1206,48.91,35.68,42,58984,59491
[Recv] <<< 23:c9:cc:4b:a0:3a,1921,-36,1207,48.89,35.68,26,59010,59517
[Recv] <<< 23:c9:cc:4b:a0:3a,1922,-36,1208,48.88,35.68,38,59048,59555
[Recv] <<< 23:c9:cc:4b:a0:3a,1923,-32,1209,48.86,35.67,26,59074,59581
[Recv] <<< 23:c9:cc:4b:a0:3a,1924,-32,1210,48.85,35.67,39,59113,59620
[Recv] <<< 23:c9:cc:4b:a0:3a,1925,-32,1211,48.83,35.67,26,59139,59646
[Recv] <<< 23:c9:cc:4b:a0:3a,1926,-32,1212,48.82,35.67,32,59171,59678
[Recv] <<< 23:c9:cc:4b:a0:3a,1927,-32,1213,48.81,35.67,39,59210,59717
[Recv] <<< 23:c9:cc:4b:a0:3a,1928,-45,1214,48.79,35.66,27,59237,59744
[Recv] <<< 23:c9:cc:4b:a0:3a,1929,-41,1215,48.78,35.66,33,59270,59777
[Recv] <<< 23:c9:cc:4b:a0:3a,1931,-41,1216,48.80,35.66,65,59335,59842
[Recv] <<< 23:c9:cc:4b:a0:3a,1932,-41,1217,48.79,35.66,38,59373,59880
[Recv] <<< 23:c9:cc:4b:a0:3a,1933,-42,1218,48.77,35.65,27,59400,59907
[Recv] <<< 23:c9:cc:4b:a0:3a,1934,-45,1219,48.76,35.65,36,59436,59943
[Recv] <<< 23:c9:cc:4b:a0:3a,1935,-41,1220,48.75,35.66,38,59474,59981
[Recv] <<< 23:c9:cc:4b:a0:3a,1938,-32,1221,48.80,35.66,109,59583,60090
[Recv] <<< 23:c9:cc:4b:a0:3a,1939,-41,1222,48.78,35.65,32,59615,60122
[Recv] <<< 23:c9:cc:4b:a0:3a,1941,-41,1223,48.80,35.65,63,59678,60185
[Recv] <<< 23:c9:cc:4b:a0:3a,1942,-41,1224,48.78,35.65,32,59710,60217
[Recv] <<< 23:c9:cc:4b:a0:3a,1943,-46,1225,48.78,35.65,41,59751,60258
[Recv] <<< 23:c9:cc:4b:a0:3a,1944,-32,1226,48.76,35.65,33,59784,60291
[Recv] <<< 23:c9:cc:4b:a0:3a,1945,-32,1227,48.75,35.65,34,59818,60325
[Recv] <<< 23:c9:cc:4b:a0:3a,1946,-32,1228,48.74,35.65,33,59851,60358
[Recv] <<< 23:c9:cc:4b:a0:3a,1947,-32,1229,48.73,35.65,40,59891,60398
[Recv] <<< 23:c9:cc:4b:a0:3a,1948,-32,1230,48.72,35.65,33,59924,60431
[Recv] <<< 23:c9:cc:4b:a0:3a,1949,-33,1231,48.71,35.65,40,59964,60471
[Recv] <<< 23:c9:cc:4b:a0:3a,1950,-32,1232,48.69,35.64,26,59990,60497
[Recv] <<< 23:c9:cc:4b:a0:3a,1952,-32,1233,48.71,35.64,69,60059,60566
[Recv] <<< 23:c9:cc:4b:a0:3a,1953,-32,1234,48.70,35.64,31,60090,60597
[Recv] <<< 23:c9:cc:4b:a0:3a,1954,-32,1235,48.69,35.64,41,60131,60638
[Recv] <<< 23:c9:cc:4b:a0:3a,1955,-36,1236,48.68,35.64,37,60168,60675
[Recv] <<< 23:c9:cc:4b:a0:3a,1956,-38,1237,48.67,35.64,35,60203,60710
[Recv] <<< 23:c9:cc:4b:a0:3a,1957,-35,1238,48.65,35.64,31,60234,60741
[Recv] <<< 23:c9:cc:4b:a0:3a,1958,-33,1239,48.64,35.64,37,60271,60778
[Recv] <<< 23:c9:cc:4b:a0:3a,1959,-35,1240,48.63,35.64,28,60299,60806
[Recv] <<< 23:c9:cc:4b:a0:3a,1960,-32,1241,48.62,35.64,37,60336,60843
[Recv] <<< 23:c9:cc:4b:a0:3a,1961,-32,1242,48.60,35.64,31,60367,60874
[Recv] <<< 23:c9:cc:4b:a0:3a,1962,-32,1243,48.59,35.63,30,60397,60904
[Recv] <<< 23:c9:cc:4b:a0:3a,1963,-32,1244,48.58,35.63,36,60433,60940
[Recv] <<< 23:c9:cc:4b:a0:3a,1964,-32,1245,48.57,35.63,38,60471,60978
[Recv] <<< 23:c9:cc:4b:a0:3a,1965,-36,1246,48.56,35.63,35,60506,61013
[Recv] <<< 23:c9:cc:4b:a0:3a,1968,-38,1247,48.60,35.63,103,60609,61116
[Recv] <<< 23:c9:cc:4b:a0:3a,1970,-35,1248,48.62,35.63,66,60675,61182
[Recv] <<< 23:c9:cc:4b:a0:3a,1973,-35,1249,48.67,35.63,108,60783,61290
[Recv] <<< 23:c9:cc:4b:a0:3a,1974,-32,1250,48.65,35.63,32,60815,61322
[Recv] <<< 23:c9:cc:4b:a0:3a,1975,-32,1251,48.63,35.62,26,60841,61348
[Recv] <<< 23:c9:cc:4b:a0:3a,1976,-33,1252,48.63,35.62,42,60883,61390
[Recv] <<< 23:c9:cc:4b:a0:3a,1980,-41,1253,48.69,35.61,123,61006,61513
[Recv] <<< 23:c9:cc:4b:a0:3a,1981,-41,1254,48.68,35.61,35,61041,61548
[Recv] <<< 23:c9:cc:4b:a0:3a,1982,-41,1255,48.66,35.61,33,61074,61581
[Recv] <<< 23:c9:cc:4b:a0:3a,1983,-41,1256,48.66,35.61,41,61115,61622
[Recv] <<< 23:c9:cc:4b:a0:3a,1984,-48,1257,48.64,35.61,31,61146,61653
[Recv] <<< 23:c9:cc:4b:a0:3a,1985,-41,1258,48.63,35.61,29,61175,61682
[Recv] <<< 23:c9:cc:4b:a0:3a,1986,-41,1259,48.61,35.61,31,61206,61713
[Recv] <<< 23:c9:cc:4b:a0:3a,1987,-41,1260,48.60,35.61,36,61242,61749
[Recv] <<< 23:c9:cc:4b:a0:3a,1988,-41,1261,48.60,35.61,38,61280,61787
[Recv] <<< 23:c9:cc:4b:a0:3a,1989,-32,1262,48.59,35.61,38,61318,61825
[Recv] <<< 23:c9:cc:4b:a0:3a,1990,-32,1263,48.58,35.61,34,61352,61859
[Recv] <<< 23:c9:cc:4b:a0:3a,1993,-32,1264,48.62,35.61,103,61455,61962
[Recv] <<< 23:c9:cc:4b:a0:3a,1994,-36,1265,48.61,35.61,41,61496,62003
[Recv] <<< 23:c9:cc:4b:a0:3a,1996,-32,1266,48.63,35.61,66,61562,62069
[Recv] <<< 23:c9:cc:4b:a0:3a,1997,-32,1267,48.61,35.60,31,61593,62100
[Recv] <<< 23:c9:cc:4b:a0:3a,1999,-32,1268,48.63,35.60,70,61663,62170
[Recv] <<< 23:c9:cc:4b:a0:3a,2001,-32,1269,48.64,35.60,66,61729,62236
[Recv] <<< 23:c9:cc:4b:a0:3a,2002,-32,1270,48.64,35.60,41,61770,62277
[Recv] <<< 23:c9:cc:4b:a0:3a,2003,-32,1271,48.62,35.60,30,61800,62307
[Recv] <<< 23:c9:cc:4b:a0:3a,2006,-41,1272,48.66,35.59,94,61894,62401
[Recv] <<< 23:c9:cc:4b:a0:3a,2007,-41,1273,48.64,35.59,31,61925,62432
[Recv] <<< 23:c9:cc:4b:a0:3a,2008,-35,1274,48.63,35.59,35,61960,62467
[Recv] <<< 23:c9:cc:4b:a0:3a,2009,-41,1275,48.63,35.59,41,62001,62508
[Recv] <<< 23:c9:cc:4b:a0:3a,2010,-36,1276,48.62,35.59,38,62039,62546
[Recv] <<< 23:c9:cc:4b:a0:3a,2012,-36,1277,48.63,35.59,63,62102,62609
[Recv] <<< 23:c9:cc:4b:a0:3a,2013,-36,1278,48.62,35.59,40,62142,62649
[Recv] <<< 23:c9:cc:4b:a0:3a,2014,-36,1279,48.61,35.59,28,62170,62677
[Recv] <<< 23:c9:cc:4b:a0:3a,2015,-35,1280,48.60,35.59,37,62207,62714
[Recv] <<< 23:c9:cc:4b:a0:3a,2016,-35,1281,48.59,35.59,38,62245,62752
[Recv] <<< 23:c9:cc:4b:a0:3a,2017,-35,1282,48.58,35.59,30,62275,62782
[Recv] <<< 23:c9:cc:4b:a0:3a,2018,-36,1283,48.57,35.59,40,62315,62822
[Recv] <<< 23:c9:cc:4b:a0:3a,2019,-35,1284,48.56,35.59,30,62345,62852
[Recv] <<< 23:c9:cc:4b:a0:3a,2020,-32,1285,48.54,35.58,30,62375,62882
[Recv] <<< 23:c9:cc:4b:a0:3a,2021,-35,1286,48.53,35.58,37,62412,62919
[Recv] <<< 23:c9:cc:4b:a0:3a,2024,-36,1287,48.58,35.58,105,62517,63024
[Recv] <<< 23:c9:cc:4b:a0:3a,2028,-35,1288,48.64,35.58,137,62654,63161
[Recv] <<< 23:c9:cc:4b:a0:3a,2030,-35,1289,48.66,35.58,70,62724,63231
[Recv] <<< 23:c9:cc:4b:a0:3a,2031,-36,1290,48.66,35.58,44,62768,63275
[Recv] <<< 23:c9:cc:4b:a0:3a,2032,-36,1291,48.64,35.58,24,62792,63299
[Recv] <<< 23:c9:cc:4b:a0:3a,2034,-33,1292,48.65,35.57,67,62859,63366
[Recv] <<< 23:c9:cc:4b:a0:3a,2037,-32,1293,48.69,35.57,97,62956,63463
[Recv] <<< 23:c9:cc:4b:a0:3a,2038,-32,1294,48.67,35.56,29,62985,63492
[Recv] <<< 23:c9:cc:4b:a0:3a,2040,-36,1295,48.70,35.57,86,63071,63578
[Recv] <<< 23:c9:cc:4b:a0:3a,2041,-48,1296,48.69,35.57,33,63104,63611
[Recv] <<< 23:c9:cc:4b:a0:3a,2042,-43,1297,48.68,35.57,38,63142,63649
[Recv] <<< 23:c9:cc:4b:a0:3a,2044,-41,1298,48.70,35.57,69,63211,63718
[Recv] <<< 23:c9:cc:4b:a0:3a,2045,-41,1299,48.69,35.57,31,63242,63749
[Recv] <<< 23:c9:cc:4b:a0:3a,2046,-45,1300,48.67,35.57,35,63277,63784
[Recv] <<< 23:c9:cc:4b:a0:3a,2047,-41,1301,48.66,35.57,32,63309,63816
[Recv] <<< 23:c9:cc:4b:a0:3a,2048,-41,1302,48.65,35.57,39,63348,63855
[Recv] <<< 23:c9:cc:4b:a0:3a,2049,-41,1303,48.64,35.57,30,63378,63885
[Recv] <<< 23:c9:cc:4b:a0:3a,2051,-32,1304,48.66,35.57,76,63454,63961
[Recv] <<< 23:c9:cc:4b:a0:3a,2052,-32,1305,48.65,35.57,32,63486,63993
[Recv] <<< 23:c9:cc:4b:a0:3a,2053,-41,1306,48.64,35.56,33,63519,64026
[Recv] <<< 23:c9:cc:4b:a0:3a,2054,-46,1307,48.63,35.57,36,63555,64062
[Recv] <<< 23:c9:cc:4b:a0:3a,2055,-45,1308,48.61,35.56,30,63585,64092
[Recv] <<< 23:c9:cc:4b:a0:3a,2056,-32,1309,48.61,35.56,40,63625,64132
[Recv] <<< 23:c9:cc:4b:a0:3a,2057,-41,1310,48.60,35.56,35,63660,64167
[Recv] <<< 23:c9:cc:4b:a0:3a,2058,-41,1311,48.59,35.56,36,63696,64203
[Recv] <<< 23:c9:cc:4b:a0:3a,2059,-41,1312,48.57,35.56,26,63722,64229
[Recv] <<< 23:c9:cc:4b:a0:3a,2060,-42,1313,48.56,35.56,42,63764,64271
[Recv] <<< 23:c9:cc:4b:a0:3a,2062,-41,1314,48.58,35.56,64,63828,64335
[Recv] <<< 23:c9:cc:4b:a0:3a,2063,-41,1315,48.57,35.56,37,63865,64372
[Recv] <<< 23:c9:cc:4b:a0:3a,2064,-41,1316,48.55,35.56,31,63896,64403
[Recv] <<< 23:c9:cc:4b:a0:3a,2065,-45,1317,48.54,35.55,29,63925,64432
[Recv] <<< 23:c9:cc:4b:a0:3a,2070,-36,1318,48.62,35.54,162,64087,64594
[Recv] <<< 23:c9:cc:4b:a0:3a,2071,-41,1319,48.62,35.55,47,64134,64641
[Recv] <<< 23:c9:cc:4b:a0:3a,2072,-41,1320,48.61,35.55,34,64168,64675
[Recv] <<< 23:c9:cc:4b:a0:3a,2073,-41,1321,48.60,35.55,34,64202,64709
[Recv] <<< 23:c9:cc:4b:a0:3a,2074,-42,1322,48.59,35.55,39,64241,64748
[Recv] <<< 23:c9:cc:4b:a0:3a,2075,-41,1323,48.58,35.55,28,64269,64776
[Recv] <<< 23:c9:cc:4b:a0:3a,2076,-41,1324,48.57,35.55,32,64301,64808
[Recv] <<< 23:c9:cc:4b:a0:3a,2077,-48,1325,48.55,35.54,33,64334,64841
[Recv] <<< 23:c9:cc:4b:a0:3a,2078,-35,1326,48.54,35.54,30,64364,64871
[Recv] <<< 23:c9:cc:4b:a0:3a,2079,-35,1327,48.53,35.54,33,64397,64904
[Recv] <<< 23:c9:cc:4b:a0:3a,2080,-35,1328,48.52,35.54,38,64435,64942
[Recv] <<< 23:c9:cc:4b:a0:3a,2081,-36,1329,48.51,35.54,32,64467,64974
[Recv] <<< 23:c9:cc:4b:a0:3a,2082,-32,1330,48.49,35.53,28,64495,65002
[Recv] <<< 23:c9:cc:4b:a0:3a,2084,-36,1331,48.51,35.54,74,64569,65076
[Recv] <<< 23:c9:cc:4b:a0:3a,2085,-36,1332,48.50,35.54,36,64605,65112
[Recv] <<< 23:c9:cc:4b:a0:3a,2086,-41,1333,48.50,35.54,39,64644,65151
[Recv] <<< 23:c9:cc:4b:a0:3a,2087,-41,1334,48.49,35.54,41,64685,65192
[Recv] <<< 23:c9:cc:4b:a0:3a,2088,-42,1335,48.47,35.54,29,64714,65221
[Recv] <<< 23:c9:cc:4b:a0:3a,2091,-41,1336,48.51,35.53,101,64815,65322
[Recv] <<< 23:c9:cc:4b:a0:3a,2092,-41,1337,48.51,35.54,37,64852,65359
[Recv] <<< 23:c9:cc:4b:a0:3a,2094,-41,1338,48.52,35.53,68,64920,65427
[Recv] <<< 23:c9:cc:4b:a0:3a,2097,-41,1339,48.56,35.53,102,65022,65529
[Recv] <<< 23:c9:cc:4b:a0:3a,2100,-32,1340,48.61,35.54,115,65137,65644
[Recv] <<< 23:c9:cc:4b:a0:3a,2102,-32,1341,48.62,35.53,62,65199,65706
[Recv] <<< 23:c9:cc:4b:a0:3a,2103,-32,1342,48.62,35.54,47,65246,65753
[Recv] <<< 23:c9:cc:4b:a0:3a,2104,-32,1343,48.60,35.53,30,65276,65783
[Recv] <<< 23:c9:cc:4b:a0:3a,2105,-32,1344,48.59,35.53,32,65308,65815
[Recv] <<< 23:c9:cc:4b:a0:3a,2106,-41,1345,48.58,35.53,35,65343,65850
[Recv] <<< 23:c9:cc:4b:a0:3a,2107,-41,1346,48.57,35.53,33,65376,65883
[Recv] <<< 23:c9:cc:4b:a0:3a,2108,-41,1347,48.56,35.53,30,65406,65913
[Recv] <<< 23:c9:cc:4b:a0:3a,2109,-41,1348,48.55,35.53,41,65447,65954
[Recv] <<< 23:c9:cc:4b:a0:3a,2110,-41,1349,48.54,35.53,35,65482,65989
[Recv] <<< 23:c9:cc:4b:a0:3a,2111,-36,1350,48.52,35.52,26,65508,66015
[Recv] <<< 23:c9:cc:4b:a0:3a,2112,-36,1351,48.52,35.53,38,65546,66053
[Recv] <<< 23:c9:cc:4b:a0:3a,2113,-36,1352,48.50,35.52,32,65578,66085
[Recv] <<< 23:c9:cc:4b:a0:3a,2114,-35,1353,48.50,35.53,37,65615,66122
[Recv] <<< 23:c9:cc:4b:a0:3a,2115,-38,1354,48.48,35.52,32,65647,66154
[Recv] <<< 23:c9:cc:4b:a0:3a,2116,-36,1355,48.47,35.52,36,65683,66190
[Recv] <<< 23:c9:cc:4b:a0:3a,2117,-35,1356,48.46,35.52,30,65713,66220
[Recv] <<< 23:c9:cc:4b:a0:3a,2119,-36,1357,48.47,35.52,66,65779,66286
[Recv] <<< 23:c9:cc:4b:a0:3a,2120,-36,1358,48.47,35.52,39,65818,66325
[Recv] <<< 23:c9:cc:4b:a0:3a,2121,-36,1359,48.46,35.52,36,65854,66361
[Recv] <<< 23:c9:cc:4b:a0:3a,2122,-36,1360,48.45,35.52,42,65896,66403
[Recv] <<< 23:c9:cc:4b:a0:3a,2123,-32,1361,48.43,35.52,24,65920,66427
[Recv] <<< 23:c9:cc:4b:a0:3a,2124,-32,1362,48.43,35.52,38,65958,66465
[Recv] <<< 23:c9:cc:4b:a0:3a,2126,-32,1363,48.44,35.51,62,66020,66527
[Recv] <<< 23:c9:cc:4b:a0:3a,2128,-32,1364,48.45,35.51,70,66090,66597
[Recv] <<< 23:c9:cc:4b:a0:3a,2129,-32,1365,48.44,35.51,37,66127,66634
[Recv] <<< 23:c9:cc:4b:a0:3a,2130,-35,1366,48.44,35.52,38,66165,66672
[Recv] <<< 23:c9:cc:4b:a0:3a,2133,-32,1367,48.48,35.51,104,66269,66776
[Recv] <<< 23:c9:cc:4b:a0:3a,2135,-32,1368,48.49,35.51,62,66331,66838
[Recv] <<< 23:c9:cc:4b:a0:3a,2137,-36,1369,48.51,35.52,84,66415,66922
[Recv] <<< 23:c9:cc:4b:a0:3a,2138,-35,1370,48.50,35.51,32,66447,66954
[Recv] <<< 23:c9:cc:4b:a0:3a,2139,-41,1371,48.49,35.51,32,66479,66986
[Recv] <<< 23:c9:cc:4b:a0:3a,2141,-32,1372,48.52,35.52,85,66564,67071
[Recv] <<< 23:c9:cc:4b:a0:3a,2142,-32,1373,48.51,35.52,38,66602,67109
[Recv] <<< 23:c9:cc:4b:a0:3a,2143,-32,1374,48.49,35.52,28,66630,67137
[Recv] <<< 23:c9:cc:4b:a0:3a,2144,-32,1375,48.49,35.52,45,66675,67182
[Recv] <<< 23:c9:cc:4b:a0:3a,2145,-35,1376,48.48,35.52,35,66710,67217
[Recv] <<< 23:c9:cc:4b:a0:3a,2147,-35,1377,48.50,35.52,75,66785,67292
[Recv] <<< 23:c9:cc:4b:a0:3a,2148,-36,1378,48.48,35.52,26,66811,67318
[Recv] <<< 23:c9:cc:4b:a0:3a,2149,-36,1379,48.48,35.52,37,66848,67355
[Recv] <<< 23:c9:cc:4b:a0:3a,2151,-35,1380,48.49,35.52,70,66918,67425
[Recv] <<< 23:c9:cc:4b:a0:3a,2152,-35,1381,48.48,35.52,39,66957,67464
[Recv] <<< 23:c9:cc:4b:a0:3a,2153,-38,1382,48.47,35.52,30,66987,67494
[Recv] <<< 23:c9:cc:4b:a0:3a,2154,-38,1383,48.47,35.52,42,67029,67536
[Recv] <<< 23:c9:cc:4b:a0:3a,2159,-32,1384,48.55,35.51,162,67191,67698
[Recv] <<< 23:c9:cc:4b:a0:3a,2161,-36,1385,48.57,35.51,73,67264,67771
[Recv] <<< 23:c9:cc:4b:a0:3a,2162,-38,1386,48.56,35.51,36,67300,67807
[Recv] <<< 23:c9:cc:4b:a0:3a,2164,-35,1387,48.58,35.52,78,67378,67885
[Recv] <<< 23:c9:cc:4b:a0:3a,2165,-38,1388,48.56,35.51,29,67407,67914
[Recv] <<< 23:c9:cc:4b:a0:3a,2166,-35,1389,48.55,35.51,32,67439,67946
[Recv] <<< 23:c9:cc:4b:a0:3a,2167,-35,1390,48.54,35.51,33,67472,67979
[Recv] <<< 23:c9:cc:4b:a0:3a,2168,-41,1391,48.54,35.51,41,67513,68020
[Recv] <<< 23:c9:cc:4b:a0:3a,2170,-36,1392,48.55,35.51,65,67578,68085
[Recv] <<< 23:c9:cc:4b:a0:3a,2171,-42,1393,48.54,35.51,36,67614,68121
[Recv] <<< 23:c9:cc:4b:a0:3a,2172,-41,1394,48.53,35.51,35,67649,68156
[Recv] <<< 23:c9:cc:4b:a0:3a,2173,-41,1395,48.52,35.51,37,67686,68193
[Recv] <<< 23:c9:cc:4b:a0:3a,2174,-48,1396,48.51,35.51,38,67724,68231
[Recv] <<< 23:c9:cc:4b:a0:3a,2175,-42,1397,48.50,35.51,35,67759,68266
[Recv] <<< 23:c9:cc:4b:a0:3a,2176,-32,1398,48.50,35.51,38,67797,68304
[Recv] <<< 23:c9:cc:4b:a0:3a,2177,-32,1399,48.48,35.51,32,67829,68336
[Recv] <<< 23:c9:cc:4b:a0:3a,2178,-32,1400,48.48,35.51,39,67868,68375
[Recv] <<< 23:c9:cc:4b:a0:3a,2179,-32,1401,48.47,35.51,36,67904,68411
[Recv] <<< 23:c9:cc:4b:a0:3a,2180,-32,1402,48.45,35.51,27,67931,68438
[Recv] <<< 23:c9:cc:4b:a0:3a,2181,-32,1403,48.45,35.51,38,67969,68476
[Recv] <<< 23:c9:cc:4b:a0:3a,2182,-32,1404,48.43,35.51,30,67999,68506
[Recv] <<< 23:c9:cc:4b:a0:3a,2183,-32,1405,48.42,35.51,35,68034,68541
[Recv] <<< 23:c9:cc:4b:a0:3a,2184,-32,1406,48.42,35.51,38,68072,68579
[Recv] <<< 23:c9:cc:4b:a0:3a,2186,-36,1407,48.44,35.51,80,68152,68659
[Recv] <<< 23:c9:cc:4b:a0:3a,2187,-36,1408,48.43,35.51,35,68187,68694
[Recv] <<< 23:c9:cc:4b:a0:3a,2188,-36,1409,48.41,35.51,29,68216,68723
[Recv] <<< 23:c9:cc:4b:a0:3a,2189,-35,1410,48.41,35.51,43,68259,68766
[Recv] <<< 23:c9:cc:4b:a0:3a,2192,-36,1411,48.45,35.51,105,68364,68871
[Recv] <<< 23:c9:cc:4b:a0:3a,2193,-32,1412,48.44,35.51,27,68391,68898
[Recv] <<< 23:c9:cc:4b:a0:3a,2194,-32,1413,48.43,35.51,39,68430,68937
[Recv] <<< 23:c9:cc:4b:a0:3a,2195,-32,1414,48.42,35.51,30,68460,68967
[Recv] <<< 23:c9:cc:4b:a0:3a,2196,-32,1415,48.41,35.51,37,68497,69004
[Recv] <<< 23:c9:cc:4b:a0:3a,2198,-32,1416,48.43,35.51,74,68571,69078
[Recv] <<< 23:c9:cc:4b:a0:3a,2199,-32,1417,48.41,35.51,30,68601,69108
[Recv] <<< 23:c9:cc:4b:a0:3a,2200,-35,1418,48.41,35.51,43,68644,69151
[Recv] <<< 23:c9:cc:4b:a0:3a,2201,-32,1419,48.40,35.51,31,68675,69182
[Recv] <<< 23:c9:cc:4b:a0:3a,2202,-35,1420,48.39,35.51,42,68717,69224
[Recv] <<< 23:c9:cc:4b:a0:3a,2205,-35,1421,48.43,35.51,109,68826,69333
[Recv] <<< 23:c9:cc:4b:a0:3a,2206,-36,1422,48.42,35.51,31,68857,69364
[Recv] <<< 23:c9:cc:4b:a0:3a,2207,-41,1423,48.42,35.52,43,68900,69407
[Recv] <<< 23:c9:cc:4b:a0:3a,2208,-41,1424,48.41,35.51,32,68932,69439
[Recv] <<< 23:c9:cc:4b:a0:3a,2209,-41,1425,48.40,35.51,38,68970,69477
[Recv] <<< 23:c9:cc:4b:a0:3a,2210,-43,1426,48.39,35.51,34,69004,69511
[Recv] <<< 23:c9:cc:4b:a0:3a,2211,-41,1427,48.38,35.52,39,69043,69550
[Recv] <<< 23:c9:cc:4b:a0:3a,2212,-32,1428,48.37,35.51,32,69075,69582
[Recv] <<< 23:c9:cc:4b:a0:3a,2214,-41,1429,48.39,35.52,74,69149,69656
[Recv] <<< 23:c9:cc:4b:a0:3a,2215,-41,1430,48.38,35.51,32,69181,69688
[Recv] <<< 23:c9:cc:4b:a0:3a,2216,-43,1431,48.37,35.51,37,69218,69725
[Recv] <<< 23:c9:cc:4b:a0:3a,2217,-41,1432,48.35,35.51,26,69244,69751
[Recv] <<< 23:c9:cc:4b:a0:3a,2218,-41,1433,48.35,35.51,36,69280,69787
[Recv] <<< 23:c9:cc:4b:a0:3a,2219,-32,1434,48.34,35.51,39,69319,69826
[Recv] <<< 23:c9:cc:4b:a0:3a,2220,-33,1435,48.34,35.52,46,69365,69872
[Recv] <<< 23:c9:cc:4b:a0:3a,2221,-32,1436,48.32,35.51,29,69394,69901
[Recv] <<< 23:c9:cc:4b:a0:3a,2222,-32,1437,48.31,35.51,33,69427,69934
[Recv] <<< 23:c9:cc:4b:a0:3a,2224,-32,1438,48.32,35.51,62,69489,69996
[Recv] <<< 23:c9:cc:4b:a0:3a,2225,-32,1439,48.31,35.51,34,69523,70030
[Recv] <<< 23:c9:cc:4b:a0:3a,2227,-32,1440,48.33,35.51,68,69591,70098
[Recv] <<< 23:c9:cc:4b:a0:3a,2228,-36,1441,48.32,35.51,44,69635,70142
[Recv] <<< 23:c9:cc:4b:a0:3a,2229,-38,1442,48.31,35.51,31,69666,70173
[Recv] <<< 23:c9:cc:4b:a0:3a,2231,-35,1443,48.32,35.50,60,69726,70233
[Recv] <<< 23:c9:cc:4b:a0:3a,2233,-32,1444,48.34,35.50,71,69797,70304
[Recv] <<< 23:c9:cc:4b:a0:3a,2234,-32,1445,48.33,35.50,35,69832,70339
[Recv] <<< 23:c9:cc:4b:a0:3a,2236,-32,1446,48.34,35.50,70,69902,70409
[Recv] <<< 23:c9:cc:4b:a0:3a,2237,-32,1447,48.34,35.51,43,69945,70452
[Recv] <<< 23:c9:cc:4b:a0:3a,2238,-36,1448,48.34,35.51,45,69990,70497
[Recv] <<< 23:c9:cc:4b:a0:3a,2248,-36,1449,48.54,35.50,344,70334,70841
[Recv] <<< 23:c9:cc:4b:a0:3a,2249,-46,1450,48.54,35.51,44,70378,70885
[Recv] <<< 23:c9:cc:4b:a0:3a,2253,-36,1451,48.61,35.51,153,70531,71038
[Recv] <<< 23:c9:cc:4b:a0:3a,2254,-36,1452,48.61,35.52,48,70579,71086
[Recv] <<< 23:c9:cc:4b:a0:3a,2255,-35,1453,48.59,35.52,26,70605,71112
[Recv] <<< 23:c9:cc:4b:a0:3a,2256,-35,1454,48.58,35.52,36,70641,71148
[Recv] <<< 23:c9:cc:4b:a0:3a,2257,-36,1455,48.57,35.52,35,70676,71183
[Recv] <<< 23:c9:cc:4b:a0:3a,2258,-35,1456,48.56,35.51,34,70710,71217
[Recv] <<< 23:c9:cc:4b:a0:3a,2259,-36,1457,48.56,35.51,35,70745,71252
[Recv] <<< 23:c9:cc:4b:a0:3a,2260,-42,1458,48.55,35.52,43,70788,71295
[Recv] <<< 23:c9:cc:4b:a0:3a,2261,-32,1459,48.55,35.52,46,70834,71341
[Recv] <<< 23:c9:cc:4b:a0:3a,2262,-32,1460,48.54,35.52,38,70872,71379
[Recv] <<< 23:c9:cc:4b:a0:3a,2263,-32,1461,48.53,35.53,36,70908,71415
[Recv] <<< 23:c9:cc:4b:a0:3a,2265,-35,1462,48.55,35.53,74,70982,71489
[Recv] <<< 23:c9:cc:4b:a0:3a,2267,-42,1463,48.57,35.53,77,71059,71566
[Recv] <<< 23:c9:cc:4b:a0:3a,2270,-32,1464,48.62,35.54,123,71182,71689
[Recv] <<< 23:c9:cc:4b:a0:3a,2272,-36,1465,48.64,35.54,78,71260,71767
[Recv] <<< 23:c9:cc:4b:a0:3a,2273,-35,1466,48.63,35.54,38,71298,71805
[Recv] <<< 23:c9:cc:4b:a0:3a,2274,-36,1467,48.62,35.54,33,71331,71838
[Recv] <<< 23:c9:cc:4b:a0:3a,2275,-35,1468,48.62,35.54,40,71371,71878
[Recv] <<< 23:c9:cc:4b:a0:3a,2276,-45,1469,48.61,35.54,37,71408,71915
[Recv] <<< 23:c9:cc:4b:a0:3a,2278,-33,1470,48.63,35.55,79,71487,71994
[Recv] <<< 23:c9:cc:4b:a0:3a,2279,-32,1471,48.62,35.55,40,71527,72034
[Recv] <<< 23:c9:cc:4b:a0:3a,2280,-32,1472,48.62,35.55,36,71563,72070
[Recv] <<< 23:c9:cc:4b:a0:3a,2281,-36,1473,48.62,35.56,50,71613,72120
[Recv] <<< 23:c9:cc:4b:a0:3a,2282,-41,1474,48.61,35.56,39,71652,72159
[Recv] <<< 23:c9:cc:4b:a0:3a,2283,-42,1475,48.60,35.56,32,71684,72191
[Recv] <<< 23:c9:cc:4b:a0:3a,2284,-32,1476,48.59,35.56,41,71725,72232
[Recv] <<< 23:c9:cc:4b:a0:3a,2286,-35,1477,48.62,35.57,83,71808,72315
[Recv] <<< 23:c9:cc:4b:a0:3a,2288,-41,1478,48.64,35.57,82,71890,72397
[Recv] <<< 23:c9:cc:4b:a0:3a,2289,-32,1479,48.64,35.58,49,71939,72446
[Recv] <<< 23:c9:cc:4b:a0:3a,2290,-32,1480,48.63,35.58,31,71970,72477
[Recv] <<< 23:c9:cc:4b:a0:3a,2292,-36,1481,48.65,35.58,85,72055,72562
[Recv] <<< 23:c9:cc:4b:a0:3a,2293,-42,1482,48.65,35.59,44,72099,72606
[Recv] <<< 23:c9:cc:4b:a0:3a,2294,-32,1483,48.65,35.60,53,72152,72659
[Recv] <<< 23:c9:cc:4b:a0:3a,2295,-35,1484,48.65,35.60,38,72190,72697
[Recv] <<< 23:c9:cc:4b:a0:3a,2296,-45,1485,48.64,35.60,43,72233,72740
[Recv] <<< 23:c9:cc:4b:a0:3a,2297,-32,1486,48.64,35.60,45,72278,72785
[Recv] <<< 23:c9:cc:4b:a0:3a,2298,-35,1487,48.63,35.61,42,72320,72827
[Recv] <<< 23:c9:cc:4b:a0:3a,2299,-41,1488,48.63,35.61,45,72365,72872
[Recv] <<< 23:c9:cc:4b:a0:3a,2301,-36,1489,48.66,35.62,85,72450,72957
[Recv] <<< 23:c9:cc:4b:a0:3a,2302,-42,1490,48.66,35.63,48,72498,73005
[Recv] <<< 23:c9:cc:4b:a0:3a,2303,-32,1491,48.65,35.63,42,72540,73047
[Recv] <<< 23:c9:cc:4b:a0:3a,2304,-36,1492,48.65,35.63,43,72583,73090
[Recv] <<< 23:c9:cc:4b:a0:3a,2305,-35,1493,48.64,35.64,43,72626,73133
[Recv] <<< 23:c9:cc:4b:a0:3a,2309,-36,1494,48.73,35.65,173,72799,73306
[Recv] <<< 23:c9:cc:4b:a0:3a,2310,-41,1495,48.73,35.66,45,72844,73351
[Recv] <<< 23:c9:cc:4b:a0:3a,2311,-32,1496,48.73,35.66,51,72895,73402
[Recv] <<< 23:c9:cc:4b:a0:3a,2312,-36,1497,48.72,35.66,36,72931,73438
[Recv] <<< 23:c9:cc:4b:a0:3a,2313,-35,1498,48.71,35.67,41,72972,73479
[Recv] <<< 23:c9:cc:4b:a0:3a,2315,-43,1499,48.74,35.67,87,73059,73566
[Recv] <<< 23:c9:cc:4b:a0:3a,2316,-32,1500,48.74,35.68,46,73105,73612
[Recv] <<< 23:c9:cc:4b:a0:3a,2318,-36,1501,48.76,35.68,84,73189,73696
[Recv] <<< 23:c9:cc:4b:a0:3a,2319,-41,1502,48.75,35.69,41,73230,73737
[Recv] <<< 23:c9:cc:4b:a0:3a,2320,-32,1503,48.75,35.69,43,73273,73780
[Recv] <<< 23:c9:cc:4b:a0:3a,2321,-35,1504,48.75,35.70,46,73319,73826
[Recv] <<< 23:c9:cc:4b:a0:3a,2322,-45,1505,48.74,35.70,41,73360,73867
[Recv] <<< 23:c9:cc:4b:a0:3a,2324,-32,1506,48.77,35.70,85,73445,73952
[Recv] <<< 23:c9:cc:4b:a0:3a,2326,-35,1507,48.79,35.71,82,73527,74034
[Recv] <<< 23:c9:cc:4b:a0:3a,2327,-42,1508,48.79,35.72,46,73573,74080
[Recv] <<< 23:c9:cc:4b:a0:3a,2328,-32,1509,48.78,35.72,42,73615,74122
[Recv] <<< 23:c9:cc:4b:a0:3a,2329,-36,1510,48.78,35.72,47,73662,74169
[Recv] <<< 23:c9:cc:4b:a0:3a,2330,-39,1511,48.78,35.73,39,73701,74208
[Recv] <<< 23:c9:cc:4b:a0:3a,2331,-32,1512,48.77,35.73,43,73744,74251
[Recv] <<< 23:c9:cc:4b:a0:3a,2332,-36,1513,48.77,35.73,45,73789,74296
[Recv] <<< 23:c9:cc:4b:a0:3a,2336,-36,1514,48.85,35.75,172,73961,74468
[Recv] <<< 23:c9:cc:4b:a0:3a,2337,-42,1515,48.85,35.75,46,74007,74514
[Recv] <<< 23:c9:cc:4b:a0:3a,2338,-32,1516,48.85,35.76,43,74050,74557
[Recv] <<< 23:c9:cc:4b:a0:3a,2339,-35,1517,48.84,35.76,43,74093,74600
[Recv] <<< 23:c9:cc:4b:a0:3a,2340,-42,1518,48.84,35.76,42,74135,74642
[Recv] <<< 23:c9:cc:4b:a0:3a,2341,-41,1519,48.83,35.76,37,74172,74679
[Recv] <<< 23:c9:cc:4b:a0:3a,2342,-32,1520,48.83,35.77,45,74217,74724
[Recv] <<< 23:c9:cc:4b:a0:3a,2343,-36,1521,48.83,35.77,47,74264,74771
[Recv] <<< 23:c9:cc:4b:a0:3a,2344,-42,1522,48.82,35.77,36,74300,74807
[Recv] <<< 23:c9:cc:4b:a0:3a,2349,-32,1523,48.93,35.79,215,74515,75022
[Recv] <<< 23:c9:cc:4b:a0:3a,2350,-32,1524,48.92,35.79,42,74557,75064
[Recv] <<< 23:c9:cc:4b:a0:3a,2351,-36,1525,48.92,35.80,41,74598,75105
[Recv] <<< 23:c9:cc:4b:a0:3a,2352,-42,1526,48.91,35.80,42,74640,75147
[Recv] <<< 23:c9:cc:4b:a0:3a,2361,-32,1527,49.13,35.83,385,75025,75532
[Recv] <<< 23:c9:cc:4b:a0:3a,2362,-36,1528,49.13,35.83,46,75071,75578
[Recv] <<< 23:c9:cc:4b:a0:3a,2366,-32,1529,49.21,35.84,165,75236,75743
[Recv] <<< 23:c9:cc:4b:a0:3a,2367,-35,1530,49.20,35.85,42,75278,75785
[Recv] <<< 23:c9:cc:4b:a0:3a,2369,-32,1531,49.23,35.86,91,75369,75876
[Recv] <<< 23:c9:cc:4b:a0:3a,2370,-32,1532,49.22,35.86,37,75406,75913
[Recv] <<< 23:c9:cc:4b:a0:3a,2371,-36,1533,49.22,35.86,46,75452,75959
[Recv] <<< 23:c9:cc:4b:a0:3a,2372,-41,1534,49.21,35.86,40,75492,75999
[Recv] <<< 23:c9:cc:4b:a0:3a,2373,-32,1535,49.21,35.87,42,75534,76041
[Recv] <<< 23:c9:cc:4b:a0:3a,2374,-35,1536,49.21,35.87,45,75579,76086
[Recv] <<< 23:c9:cc:4b:a0:3a,2375,-45,1537,49.20,35.87,45,75624,76131
[Recv] <<< 23:c9:cc:4b:a0:3a,2376,-42,1538,49.20,35.88,43,75667,76174
[Recv] <<< 23:c9:cc:4b:a0:3a,2377,-32,1539,49.19,35.88,37,75704,76211
[Recv] <<< 23:c9:cc:4b:a0:3a,2380,-41,1540,49.24,35.89,130,75834,76341
[Recv] <<< 23:c9:cc:4b:a0:3a,2381,-32,1541,49.24,35.89,43,75877,76384
[Recv] <<< 23:c9:cc:4b:a0:3a,2383,-35,1542,49.26,35.90,89,75966,76473
[Recv] <<< 23:c9:cc:4b:a0:3a,2384,-35,1543,49.25,35.90,34,76000,76507
[Recv] <<< 23:c9:cc:4b:a0:3a,2385,-46,1544,49.25,35.90,46,76046,76553
[Recv] <<< 23:c9:cc:4b:a0:3a,2393,-32,1545,49.44,35.93,341,76387,76894
[Recv] <<< 23:c9:cc:4b:a0:3a,2394,-36,1546,49.44,35.93,43,76430,76937
[Recv] <<< 23:c9:cc:4b:a0:3a,2395,-41,1547,49.44,35.94,46,76476,76983
[Recv] <<< 23:c9:cc:4b:a0:3a,2396,-32,1548,49.43,35.94,47,76523,77030
[Recv] <<< 23:c9:cc:4b:a0:3a,2398,-35,1549,49.46,35.95,86,76609,77116
[Recv] <<< 23:c9:cc:4b:a0:3a,2404,-43,1550,49.58,35.96,245,76854,77361
[Recv] <<< 23:c9:cc:4b:a0:3a,2405,-32,1551,49.58,35.97,46,76900,77407
[Recv] <<< 23:c9:cc:4b:a0:3a,2409,-32,1552,49.66,35.98,169,77069,77576
[Recv] <<< 23:c9:cc:4b:a0:3a,2412,-46,1553,49.71,35.99,127,77196,77703
[Recv] <<< 23:c9:cc:4b:a0:3a,2413,-41,1554,49.70,35.99,35,77231,77738
[Recv] <<< 23:c9:cc:4b:a0:3a,2415,-37,1555,49.72,35.99,82,77313,77820
[Recv] <<< 23:c9:cc:4b:a0:3a,2416,-41,1556,49.72,36.00,47,77360,77867
[Recv] <<< 23:c9:cc:4b:a0:3a,2417,-43,1557,49.71,36.00,31,77391,77898
[Recv] <<< 23:c9:cc:4b:a0:3a,2418,-41,1558,49.70,36.00,42,77433,77940
[Recv] <<< 23:c9:cc:4b:a0:3a,2419,-32,1559,49.70,36.00,48,77481,77988
[Recv] <<< 23:c9:cc:4b:a0:3a,2420,-35,1560,49.69,36.00,37,77518,78025
[Recv] <<< 23:c9:cc:4b:a0:3a,2421,-41,1561,49.69,36.01,43,77561,78068
[Recv] <<< 23:c9:cc:4b:a0:3a,2422,-41,1562,49.68,36.01,44,77605,78112
[Recv] <<< 23:c9:cc:4b:a0:3a,2423,-32,1563,49.67,36.01,34,77639,78146
[Recv] <<< 23:c9:cc:4b:a0:3a,2424,-35,1564,49.67,36.02,49,77688,78195
[Recv] <<< 23:c9:cc:4b:a0:3a,2425,-41,1565,49.67,36.02,38,77726,78233
[Recv] <<< 23:c9:cc:4b:a0:3a,2426,-32,1566,49.66,36.02,43,77769,78276
[Recv] <<< 23:c9:cc:4b:a0:3a,2427,-36,1567,49.66,36.02,43,77812,78319
[Recv] <<< 23:c9:cc:4b:a0:3a,2428,-45,1568,49.65,36.03,44,77856,78363
[Recv] <<< 23:c9:cc:4b:a0:3a,2429,-41,1569,49.65,36.03,40,77896,78403
[Recv] <<< 23:c9:cc:4b:a0:3a,2430,-32,1570,49.64,36.03,40,77936,78443
[Recv] <<< 23:c9:cc:4b:a0:3a,2433,-41,1571,49.69,36.04,126,78062,78569
[Recv] <<< 23:c9:cc:4b:a0:3a,2434,-41,1572,49.68,36.04,40,78102,78609
[Recv] <<< 23:c9:cc:4b:a0:3a,2436,-33,1573,49.70,36.05,80,78182,78689
[Recv] <<< 23:c9:cc:4b:a0:3a,2437,-35,1574,49.70,36.05,40,78222,78729
[Recv] <<< 23:c9:cc:4b:a0:3a,2438,-41,1575,49.69,36.05,47,78269,78776
[Recv] <<< 23:c9:cc:4b:a0:3a,2440,-32,1576,49.72,36.06,84,78353,78860
[Recv] <<< 23:c9:cc:4b:a0:3a,2441,-32,1577,49.71,36.06,37,78390,78897
[Recv] <<< 23:c9:cc:4b:a0:3a,2442,-35,1578,49.70,36.06,41,78431,78938
[Recv] <<< 23:c9:cc:4b:a0:3a,2443,-38,1579,49.70,36.06,38,78469,78976
[Recv] <<< 23:c9:cc:4b:a0:3a,2444,-41,1580,49.69,36.06,42,78511,79018
[Recv] <<< 23:c9:cc:4b:a0:3a,2445,-41,1581,49.68,36.07,39,78550,79057
[Recv] <<< 23:c9:cc:4b:a0:3a,2446,-42,1582,49.67,36.06,34,78584,79091
[Recv] <<< 23:c9:cc:4b:a0:3a,2447,-32,1583,49.67,36.07,44,78628,79135
[Recv] <<< 23:c9:cc:4b:a0:3a,2448,-35,1584,49.66,36.07,40,78668,79175
[Recv] <<< 23:c9:cc:4b:a0:3a,2449,-44,1585,49.66,36.07,38,78706,79213
[Recv] <<< 23:c9:cc:4b:a0:3a,2450,-45,1586,49.65,36.07,45,78751,79258
[Recv] <<< 23:c9:cc:4b:a0:3a,2468,-35,1587,50.08,36.11,719,79470,79977
[Recv] <<< 23:c9:cc:4b:a0:3a,2469,-42,1588,50.07,36.11,40,79510,80017
[Recv] <<< 23:c9:cc:4b:a0:3a,2470,-41,1589,50.06,36.11,43,79553,80060
[Recv] <<< 23:c9:cc:4b:a0:3a,2471,-32,1590,50.06,36.11,40,79593,80100
[Recv] <<< 23:c9:cc:4b:a0:3a,2472,-32,1591,50.05,36.11,37,79630,80137
[Recv] <<< 23:c9:cc:4b:a0:3a,2474,-35,1592,50.07,36.12,77,79707,80214
[Recv] <<< 23:c9:cc:4b:a0:3a,2475,-41,1593,50.06,36.12,38,79745,80252
[Recv] <<< 23:c9:cc:4b:a0:3a,2479,-42,1594,50.13,36.12,161,79906,80413
[Recv] <<< 23:c9:cc:4b:a0:3a,2493,-35,1595,50.46,36.15,573,80479,80986
[Recv] <<< 23:c9:cc:4b:a0:3a,2526,-32,1596,51.24,36.20,1297,81776,82283
[Recv] <<< 23:c9:cc:4b:a0:3a,2527,-35,1597,51.23,36.20,43,81819,82326
[Recv] <<< 23:c9:cc:4b:a0:3a,2529,-47,1598,51.25,36.21,82,81901,82408
[Recv] <<< 23:c9:cc:4b:a0:3a,2530,-41,1599,51.24,36.20,29,81930,82437
[Recv] <<< 23:c9:cc:4b:a0:3a,2531,-32,1600,51.24,36.21,51,81981,82488
[Recv] <<< 23:c9:cc:4b:a0:3a,2533,-35,1601,51.26,36.21,79,82060,82567
[Recv] <<< 23:c9:cc:4b:a0:3a,2536,-41,1602,51.29,36.22,112,82172,82679
[Recv] <<< 23:c9:cc:4b:a0:3a,2537,-41,1603,51.28,36.22,37,82209,82716
[Recv] <<< 23:c9:cc:4b:a0:3a,2538,-41,1604,51.27,36.21,33,82242,82749
[Recv] <<< 23:c9:cc:4b:a0:3a,2539,-41,1605,51.26,36.21,38,82280,82787
[Recv] <<< 23:c9:cc:4b:a0:3a,2540,-32,1606,51.26,36.22,39,82319,82826
[Recv] <<< 23:c9:cc:4b:a0:3a,2544,-36,1607,51.32,36.22,152,82471,82978
[Recv] <<< 23:c9:cc:4b:a0:3a,2547,-36,1608,51.36,36.22,109,82580,83087
[Recv] <<< 23:c9:cc:4b:a0:3a,2548,-47,1609,51.35,36.22,43,82623,83130
[Recv] <<< 23:c9:cc:4b:a0:3a,2550,-32,1610,51.37,36.23,83,82706,83213
[Recv] <<< 23:c9:cc:4b:a0:3a,2551,-32,1611,51.36,36.23,38,82744,83251
[Recv] <<< 23:c9:cc:4b:a0:3a,2552,-32,1612,51.35,36.23,33,82777,83284
[Recv] <<< 23:c9:cc:4b:a0:3a,2553,-35,1613,51.34,36.23,41,82818,83325
[Recv] <<< 23:c9:cc:4b:a0:3a,2554,-36,1614,51.34,36.23,39,82857,83364
[Recv] <<< 23:c9:cc:4b:a0:3a,2555,-35,1615,51.32,36.23,30,82887,83394
[Recv] <<< 23:c9:cc:4b:a0:3a,2556,-41,1616,51.32,36.23,42,82929,83436
[Recv] <<< 23:c9:cc:4b:a0:3a,2557,-41,1617,51.31,36.23,40,82969,83476
[Recv] <<< 23:c9:cc:4b:a0:3a,2559,-33,1618,51.32,36.23,72,83041,83548
[Recv] <<< 23:c9:cc:4b:a0:3a,2560,-32,1619,51.32,36.23,42,83083,83590
[Recv] <<< 23:c9:cc:4b:a0:3a,2563,-36,1620,51.35,36.23,104,83187,83694
[Recv] <<< 23:c9:cc:4b:a0:3a,2564,-36,1621,51.34,36.23,34,83221,83728
[Recv] <<< 23:c9:cc:4b:a0:3a,2565,-36,1622,51.33,36.23,39,83260,83767
[Recv] <<< 23:c9:cc:4b:a0:3a,2567,-45,1623,51.34,36.23,71,83331,83838
[Recv] <<< 23:c9:cc:4b:a0:3a,2568,-45,1624,51.34,36.23,38,83369,83876
[Recv] <<< 23:c9:cc:4b:a0:3a,2569,-41,1625,51.33,36.23,36,83405,83912
[Recv] <<< 23:c9:cc:4b:a0:3a,2573,-41,1626,51.38,36.23,136,83541,84048
[Recv] <<< 23:c9:cc:4b:a0:3a,2578,-32,1627,51.46,36.23,187,83728,84235
[Recv] <<< 23:c9:cc:4b:a0:3a,2581,-32,1628,51.50,36.23,109,83837,84344
[Recv] <<< 23:c9:cc:4b:a0:3a,2582,-32,1629,51.49,36.23,39,83876,84383
[Recv] <<< 23:c9:cc:4b:a0:3a,2586,-35,1630,51.54,36.23,139,84015,84522
[Recv] <<< 23:c9:cc:4b:a0:3a,2587,-36,1631,51.53,36.23,34,84049,84556
[Recv] <<< 23:c9:cc:4b:a0:3a,2589,-35,1632,51.54,36.23,72,84121,84628
[Recv] <<< 23:c9:cc:4b:a0:3a,2590,-41,1633,51.54,36.23,46,84167,84674
[Recv] <<< 23:c9:cc:4b:a0:3a,2592,-41,1634,51.56,36.23,74,84241,84748
[Recv] <<< 23:c9:cc:4b:a0:3a,2593,-41,1635,51.54,36.23,28,84269,84776
[Recv] <<< 23:c9:cc:4b:a0:3a,2594,-41,1636,51.53,36.23,39,84308,84815
[Recv] <<< 23:c9:cc:4b:a0:3a,2641,-36,1637,52.55,36.24,1721,86029,86536
[Recv] <<< 23:c9:cc:4b:a0:3a,2644,-41,1638,52.59,36.24,116,86145,86652
[Recv] <<< 23:c9:cc:4b:a0:3a,2645,-41,1639,52.58,36.24,39,86184,86691
[Recv] <<< 23:c9:cc:4b:a0:3a,2649,-32,1640,52.64,36.24,149,86333,86840
[Recv] <<< 23:c9:cc:4b:a0:3a,2651,-36,1641,52.66,36.25,76,86409,86916
[Recv] <<< 23:c9:cc:4b:a0:3a,2652,-35,1642,52.65,36.24,35,86444,86951
[Recv] <<< 23:c9:cc:4b:a0:3a,2653,-35,1643,52.64,36.25,40,86484,86991
[Recv] <<< 23:c9:cc:4b:a0:3a,2654,-36,1644,52.63,36.25,33,86517,87024
[Recv] <<< 23:c9:cc:4b:a0:3a,2656,-41,1645,52.64,36.25,74,86591,87098
[Recv] <<< 23:c9:cc:4b:a0:3a,2657,-42,1646,52.63,36.25,35,86626,87133
[Recv] <<< 23:c9:cc:4b:a0:3a,2659,-32,1647,52.64,36.25,77,86703,87210
[Recv] <<< 23:c9:cc:4b:a0:3a,2660,-32,1648,52.63,36.25,37,86740,87247
[Recv] <<< 23:c9:cc:4b:a0:3a,2661,-32,1649,52.62,36.25,33,86773,87280
[Recv] <<< 23:c9:cc:4b:a0:3a,2668,-36,1650,52.74,36.25,256,87029,87536
[Recv] <<< 23:c9:cc:4b:a0:3a,2671,-35,1651,52.78,36.25,111,87140,87647
[Recv] <<< 23:c9:cc:4b:a0:3a,2672,-36,1652,52.77,36.25,37,87177,87684
[Recv] <<< 23:c9:cc:4b:a0:3a,2673,-35,1653,52.76,36.25,39,87216,87723
[Recv] <<< 23:c9:cc:4b:a0:3a,2674,-41,1654,52.75,36.25,38,87254,87761
[Recv] <<< 23:c9:cc:4b:a0:3a,2676,-45,1655,52.77,36.25,75,87329,87836
[Recv] <<< 23:c9:cc:4b:a0:3a,2677,-45,1656,52.76,36.25,35,87364,87871
[Recv] <<< 23:c9:cc:4b:a0:3a,2678,-45,1657,52.74,36.25,28,87392,87899
[Recv] <<< 23:c9:cc:4b:a0:3a,2679,-32,1658,52.73,36.25,40,87432,87939
[Recv] <<< 23:c9:cc:4b:a0:3a,2680,-32,1659,52.72,36.25,35,87467,87974
[Recv] <<< 23:c9:cc:4b:a0:3a,2681,-32,1660,52.71,36.25,38,87505,88012
[Recv] <<< 23:c9:cc:4b:a0:3a,2708,-32,1661,53.27,36.25,980,88485,88992
[Recv] <<< 23:c9:cc:4b:a0:3a,2710,-35,1662,53.28,36.25,67,88552,89059
[Recv] <<< 23:c9:cc:4b:a0:3a,2711,-35,1663,53.27,36.25,39,88591,89098
[Recv] <<< 23:c9:cc:4b:a0:3a,2712,-36,1664,53.26,36.24,27,88618,89125
[Recv] <<< 23:c9:cc:4b:a0:3a,2713,-35,1665,53.24,36.24,33,88651,89158
[Recv] <<< 23:c9:cc:4b:a0:3a,2714,-36,1666,53.23,36.24,38,88689,89196
[Recv] <<< 23:c9:cc:4b:a0:3a,2715,-35,1667,53.22,36.24,32,88721,89228
[Recv] <<< 23:c9:cc:4b:a0:3a,2716,-35,1668,53.21,36.24,36,88757,89264
[Recv] <<< 23:c9:cc:4b:a0:3a,2717,-36,1669,53.20,36.24,31,88788,89295
[Recv] <<< 23:c9:cc:4b:a0:3a,2718,-35,1670,53.19,36.24,37,88825,89332
[Recv] <<< 23:c9:cc:4b:a0:3a,2719,-38,1671,53.18,36.24,37,88862,89369
[Recv] <<< 23:c9:cc:4b:a0:3a,2720,-32,1672,53.17,36.24,31,88893,89400
[Recv] <<< 23:c9:cc:4b:a0:3a,2721,-35,1673,53.15,36.24,33,88926,89433
[Recv] <<< 23:c9:cc:4b:a0:3a,2722,-36,1674,53.15,36.24,44,88970,89477
[Recv] <<< 23:c9:cc:4b:a0:3a,2723,-36,1675,53.14,36.24,34,89004,89511
[Recv] <<< 23:c9:cc:4b:a0:3a,2724,-35,1676,53.13,36.24,35,89039,89546
[Recv] <<< 23:c9:cc:4b:a0:3a,2725,-41,1677,53.12,36.24,37,89076,89583
[Recv] <<< 23:c9:cc:4b:a0:3a,2742,-32,1678,53.43,36.23,582,89658,90165
[Recv] <<< 23:c9:cc:4b:a0:3a,2743,-32,1679,53.42,36.22,30,89688,90195
[Recv] <<< 23:c9:cc:4b:a0:3a,2744,-32,1680,53.40,36.22,31,89719,90226
[Recv] <<< 23:c9:cc:4b:a0:3a,2746,-32,1681,53.41,36.22,68,89787,90294
[Recv] <<< 23:c9:cc:4b:a0:3a,2747,-41,1682,53.40,36.22,34,89821,90328
[Recv] <<< 23:c9:cc:4b:a0:3a,2749,-32,1683,53.41,36.22,69,89890,90397
[Recv] <<< 23:c9:cc:4b:a0:3a,2751,-41,1684,53.42,36.22,72,89962,90469
[Recv] <<< 23:c9:cc:4b:a0:3a,2752,-41,1685,53.41,36.22,35,89997,90504
[Recv] <<< 23:c9:cc:4b:a0:3a,2753,-42,1686,53.39,36.21,23,90020,90527
[Recv] <<< 23:c9:cc:4b:a0:3a,2754,-42,1687,53.39,36.21,42,90062,90569
[Recv] <<< 23:c9:cc:4b:a0:3a,2755,-45,1688,53.37,36.21,26,90088,90595
[Recv] <<< 23:c9:cc:4b:a0:3a,2758,-36,1689,53.40,36.21,101,90189,90696
[Recv] <<< 23:c9:cc:4b:a0:3a,2759,-36,1690,53.39,36.21,35,90224,90731
[Recv] <<< 23:c9:cc:4b:a0:3a,2760,-35,1691,53.37,36.20,32,90256,90763
[Recv] <<< 23:c9:cc:4b:a0:3a,2761,-36,1692,53.36,36.20,37,90293,90800
[Recv] <<< 23:c9:cc:4b:a0:3a,2762,-35,1693,53.36,36.20,38,90331,90838
[Recv] <<< 23:c9:cc:4b:a0:3a,2766,-41,1694,53.41,36.20,139,90470,90977
[Recv] <<< 23:c9:cc:4b:a0:3a,2769,-35,1695,53.43,36.20,101,90571,91078
[Recv] <<< 23:c9:cc:4b:a0:3a,2770,-41,1696,53.43,36.20,41,90612,91119
[Recv] <<< 23:c9:cc:4b:a0:3a,2771,-41,1697,53.42,36.20,35,90647,91154
[Recv] <<< 23:c9:cc:4b:a0:3a,2773,-41,1698,53.42,36.20,67,90714,91221
[Recv] <<< 23:c9:cc:4b:a0:3a,2808,-32,1699,54.12,36.19,1234,91948,92455
[Recv] <<< 23:c9:cc:4b:a0:3a,2811,-32,1700,54.15,36.18,101,92049,92556
[Recv] <<< 23:c9:cc:4b:a0:3a,2812,-32,1701,54.13,36.18,28,92077,92584
[Recv] <<< 23:c9:cc:4b:a0:3a,2813,-32,1702,54.12,36.18,37,92114,92621
[Recv] <<< 23:c9:cc:4b:a0:3a,2814,-32,1703,54.11,36.18,38,92152,92659
[Recv] <<< 23:c9:cc:4b:a0:3a,2817,-32,1704,54.14,36.18,105,92257,92764
[Recv] <<< 23:c9:cc:4b:a0:3a,2818,-32,1705,54.13,36.18,27,92284,92791
[Recv] <<< 23:c9:cc:4b:a0:3a,2820,-32,1706,54.14,36.18,73,92357,92864
[Recv] <<< 23:c9:cc:4b:a0:3a,2821,-32,1707,54.12,36.17,32,92389,92896
[Recv] <<< 23:c9:cc:4b:a0:3a,2822,-32,1708,54.11,36.17,31,92420,92927
[Recv] <<< 23:c9:cc:4b:a0:3a,2823,-32,1709,54.10,36.17,32,92452,92959
[Recv] <<< 23:c9:cc:4b:a0:3a,2824,-32,1710,54.08,36.17,33,92485,92992
[Recv] <<< 23:c9:cc:4b:a0:3a,2825,-32,1711,54.07,36.17,32,92517,93024
[Recv] <<< 23:c9:cc:4b:a0:3a,2848,-32,1712,54.49,36.14,773,93290,93797
[Recv] <<< 23:c9:cc:4b:a0:3a,2849,-32,1713,54.48,36.14,35,93325,93832
[Recv] <<< 23:c9:cc:4b:a0:3a,2850,-32,1714,54.47,36.15,40,93365,93872
[Recv] <<< 23:c9:cc:4b:a0:3a,2851,-32,1715,54.46,36.14,26,93391,93898
[Recv] <<< 23:c9:cc:4b:a0:3a,2854,-41,1716,54.48,36.14,96,93487,93994
[Recv] <<< 23:c9:cc:4b:a0:3a,2855,-41,1717,54.46,36.13,29,93516,94023
[Recv] <<< 23:c9:cc:4b:a0:3a,2858,-45,1718,54.49,36.13,97,93613,94120
[Recv] <<< 23:c9:cc:4b:a0:3a,2859,-41,1719,54.48,36.13,38,93651,94158
[Recv] <<< 23:c9:cc:4b:a0:3a,2860,-42,1720,54.47,36.13,29,93680,94187
[Recv] <<< 23:c9:cc:4b:a0:3a,2861,-41,1721,54.46,36.13,44,93724,94231
[Recv] <<< 23:c9:cc:4b:a0:3a,2862,-41,1722,54.44,36.13,24,93748,94255
[Recv] <<< 23:c9:cc:4b:a0:3a,2863,-41,1723,54.43,36.13,37,93785,94292
[Recv] <<< 23:c9:cc:4b:a0:3a,2865,-41,1724,54.44,36.12,66,93851,94358
[Recv] <<< 23:c9:cc:4b:a0:3a,2866,-41,1725,54.43,36.12,37,93888,94395
[Recv] <<< 23:c9:cc:4b:a0:3a,2867,-32,1726,54.42,36.13,42,93930,94437
[Recv] <<< 23:c9:cc:4b:a0:3a,2868,-32,1727,54.41,36.13,33,93963,94470
[Recv] <<< 23:c9:cc:4b:a0:3a,2869,-32,1728,54.40,36.13,38,94001,94508
[Recv] <<< 23:c9:cc:4b:a0:3a,2870,-32,1729,54.39,36.13,37,94038,94545
[Recv] <<< 23:c9:cc:4b:a0:3a,2871,-32,1730,54.37,36.12,26,94064,94571
[Recv] <<< 23:c9:cc:4b:a0:3a,2874,-41,1731,54.40,36.12,103,94167,94674
[Recv] <<< 23:c9:cc:4b:a0:3a,2875,-32,1732,54.39,36.12,29,94196,94703
[Recv] <<< 23:c9:cc:4b:a0:3a,2876,-41,1733,54.38,36.12,36,94232,94739
[Recv] <<< 23:c9:cc:4b:a0:3a,2877,-41,1734,54.36,36.12,33,94265,94772
[Recv] <<< 23:c9:cc:4b:a0:3a,2878,-36,1735,54.35,36.11,30,94295,94802
[Recv] <<< 23:c9:cc:4b:a0:3a,2879,-35,1736,54.34,36.11,34,94329,94836
[Recv] <<< 23:c9:cc:4b:a0:3a,2880,-36,1737,54.33,36.11,36,94365,94872
[Recv] <<< 23:c9:cc:4b:a0:3a,2881,-36,1738,54.32,36.12,40,94405,94912
[Recv] <<< 23:c9:cc:4b:a0:3a,2882,-42,1739,54.31,36.12,37,94442,94949
[Recv] <<< 23:c9:cc:4b:a0:3a,2884,-36,1740,54.31,36.11,65,94507,95014
[Recv] <<< 23:c9:cc:4b:a0:3a,2887,-36,1741,54.34,36.11,98,94605,95112
[Recv] <<< 23:c9:cc:4b:a0:3a,2888,-36,1742,54.33,36.11,32,94637,95144
[Recv] <<< 23:c9:cc:4b:a0:3a,2889,-35,1743,54.32,36.11,40,94677,95184
[Recv] <<< 23:c9:cc:4b:a0:3a,2890,-35,1744,54.30,36.11,29,94706,95213
[Recv] <<< 23:c9:cc:4b:a0:3a,2891,-35,1745,54.29,36.11,37,94743,95250
[Recv] <<< 23:c9:cc:4b:a0:3a,2892,-35,1746,54.28,36.11,38,94781,95288
[Recv] <<< 23:c9:cc:4b:a0:3a,2893,-41,1747,54.27,36.11,37,94818,95325
[Recv] <<< 23:c9:cc:4b:a0:3a,2894,-41,1748,54.26,36.10,29,94847,95354
[Recv] <<< 23:c9:cc:4b:a0:3a,2895,-41,1749,54.25,36.10,32,94879,95386
[Recv] <<< 23:c9:cc:4b:a0:3a,2896,-43,1750,54.24,36.10,34,94913,95420
[Recv] <<< 23:c9:cc:4b:a0:3a,2897,-42,1751,54.22,36.10,31,94944,95451
[Recv] <<< 23:c9:cc:4b:a0:3a,2898,-43,1752,54.22,36.10,43,94987,95494
[Recv] <<< 23:c9:cc:4b:a0:3a,2899,-41,1753,54.20,36.10,30,95017,95524
[Recv] <<< 23:c9:cc:4b:a0:3a,2901,-41,1754,54.21,36.10,70,95087,95594
[Recv] <<< 23:c9:cc:4b:a0:3a,2903,-36,1755,54.22,36.10,64,95151,95658
[Recv] <<< 23:c9:cc:4b:a0:3a,2904,-41,1756,54.21,36.10,37,95188,95695
[Recv] <<< 23:c9:cc:4b:a0:3a,2905,-45,1757,54.19,36.10,31,95219,95726
[Recv] <<< 23:c9:cc:4b:a0:3a,2906,-41,1758,54.18,36.10,36,95255,95762
[Recv] <<< 23:c9:cc:4b:a0:3a,2907,-45,1759,54.17,36.09,32,95287,95794
[Recv] <<< 23:c9:cc:4b:a0:3a,2909,-41,1760,54.18,36.09,71,95358,95865
[Recv] <<< 23:c9:cc:4b:a0:3a,2910,-41,1761,54.17,36.09,32,95390,95897
[Recv] <<< 23:c9:cc:4b:a0:3a,2911,-41,1762,54.16,36.09,33,95423,95930
[Recv] <<< 23:c9:cc:4b:a0:3a,2912,-41,1763,54.15,36.09,37,95460,95967
[Recv] <<< 23:c9:cc:4b:a0:3a,2915,-35,1764,54.17,36.08,92,95552,96059
[Recv] <<< 23:c9:cc:4b:a0:3a,2916,-41,1765,54.16,36.09,43,95595,96102
[Recv] <<< 23:c9:cc:4b:a0:3a,2917,-41,1766,54.15,36.09,33,95628,96135
[Recv] <<< 23:c9:cc:4b:a0:3a,2918,-41,1767,54.14,36.09,41,95669,96176
[Recv] <<< 23:c9:cc:4b:a0:3a,2920,-32,1768,54.15,36.09,74,95743,96250
[Recv] <<< 23:c9:cc:4b:a0:3a,2923,-32,1769,54.18,36.09,101,95844,96351
[Recv] <<< 23:c9:cc:4b:a0:3a,2925,-32,1770,54.19,36.08,69,95913,96420
[Recv] <<< 23:c9:cc:4b:a0:3a,2926,-36,1771,54.18,36.09,42,95955,96462
[Recv] <<< 23:c9:cc:4b:a0:3a,2927,-36,1772,54.17,36.09,37,95992,96499
[Recv] <<< 23:c9:cc:4b:a0:3a,2930,-35,1773,54.20,36.09,103,96095,96602
[Recv] <<< 23:c9:cc:4b:a0:3a,2931,-35,1774,54.19,36.08,30,96125,96632
[Recv] <<< 23:c9:cc:4b:a0:3a,2932,-36,1775,54.17,36.08,35,96160,96667
[Recv] <<< 23:c9:cc:4b:a0:3a,2933,-35,1776,54.16,36.08,33,96193,96700
[Recv] <<< 23:c9:cc:4b:a0:3a,2935,-32,1777,54.17,36.08,62,96255,96762
[Recv] <<< 23:c9:cc:4b:a0:3a,2936,-36,1778,54.16,36.08,42,96297,96804
[Recv] <<< 23:c9:cc:4b:a0:3a,2940,-32,1779,54.20,36.07,126,96423,96930
[Recv] <<< 23:c9:cc:4b:a0:3a,2941,-32,1780,54.19,36.07,28,96451,96958
[Recv] <<< 23:c9:cc:4b:a0:3a,2942,-32,1781,54.18,36.07,42,96493,97000
[Recv] <<< 23:c9:cc:4b:a0:3a,2943,-33,1782,54.16,36.07,27,96520,97027
[Recv] <<< 23:c9:cc:4b:a0:3a,2945,-35,1783,54.18,36.07,87,96607,97114
[Recv] <<< 23:c9:cc:4b:a0:3a,2946,-36,1784,54.17,36.07,26,96633,97140
[Recv] <<< 23:c9:cc:4b:a0:3a,2947,-35,1785,54.15,36.07,31,96664,97171
[Recv] <<< 23:c9:cc:4b:a0:3a,2948,-33,1786,54.14,36.07,34,96698,97205
[Recv] <<< 23:c9:cc:4b:a0:3a,2949,-36,1787,54.14,36.07,42,96740,97247
[Recv] <<< 23:c9:cc:4b:a0:3a,2950,-36,1788,54.12,36.07,34,96774,97281
[Recv] <<< 23:c9:cc:4b:a0:3a,2951,-36,1789,54.11,36.07,31,96805,97312
[Recv] <<< 23:c9:cc:4b:a0:3a,2952,-35,1790,54.10,36.07,34,96839,97346
[Recv] <<< 23:c9:cc:4b:a0:3a,2953,-35,1791,54.09,36.07,37,96876,97383
[Recv] <<< 23:c9:cc:4b:a0:3a,2954,-36,1792,54.08,36.06,27,96903,97410
[Recv] <<< 23:c9:cc:4b:a0:3a,2955,-35,1793,54.07,36.07,40,96943,97450
[Recv] <<< 23:c9:cc:4b:a0:3a,2956,-41,1794,54.06,36.07,41,96984,97491
[Recv] <<< 23:c9:cc:4b:a0:3a,2958,-36,1795,54.06,36.06,61,97045,97552
[Recv] <<< 23:c9:cc:4b:a0:3a,2960,-35,1796,54.07,36.06,66,97111,97618
[Recv] <<< 23:c9:cc:4b:a0:3a,2962,-32,1797,54.08,36.06,68,97179,97686
[Recv] <<< 23:c9:cc:4b:a0:3a,2963,-32,1798,54.07,36.06,32,97211,97718
[Recv] <<< 23:c9:cc:4b:a0:3a,2964,-32,1799,54.06,36.06,37,97248,97755
[Recv] <<< 23:c9:cc:4b:a0:3a,2965,-32,1800,54.05,36.06,36,97284,97791
[Recv] <<< 23:c9:cc:4b:a0:3a,2972,-32,1801,54.15,36.05,235,97519,98026
[Recv] <<< 23:c9:cc:4b:a0:3a,2973,-32,1802,54.14,36.05,39,97558,98065
[Recv] <<< 23:c9:cc:4b:a0:3a,2975,-41,1803,54.14,36.05,62,97620,98127
[Recv] <<< 23:c9:cc:4b:a0:3a,2976,-41,1804,54.13,36.05,31,97651,98158
[Recv] <<< 23:c9:cc:4b:a0:3a,2978,-41,1805,54.14,36.05,70,97721,98228
[Recv] <<< 23:c9:cc:4b:a0:3a,2980,-35,1806,54.14,36.04,58,97779,98286
[Recv] <<< 23:c9:cc:4b:a0:3a,2981,-33,1807,54.13,36.04,32,97811,98318
[Recv] <<< 23:c9:cc:4b:a0:3a,2982,-35,1808,54.12,36.04,33,97844,98351
[Recv] <<< 23:c9:cc:4b:a0:3a,2983,-35,1809,54.11,36.04,38,97882,98389
[Recv] <<< 23:c9:cc:4b:a0:3a,2984,-35,1810,54.09,36.04,29,97911,98418
[Recv] <<< 23:c9:cc:4b:a0:3a,2985,-36,1811,54.08,36.04,34,97945,98452
[Recv] <<< 23:c9:cc:4b:a0:3a,2986,-35,1812,54.08,36.04,39,97984,98491
[Recv] <<< 23:c9:cc:4b:a0:3a,2987,-36,1813,54.06,36.04,33,98017,98524
[Recv] <<< 23:c9:cc:4b:a0:3a,2988,-36,1814,54.05,36.03,26,98043,98550
[Recv] <<< 23:c9:cc:4b:a0:3a,2990,-35,1815,54.06,36.03,73,98116,98623
[Recv] <<< 23:c9:cc:4b:a0:3a,2993,-35,1816,54.08,36.03,102,98218,98725
[Recv] <<< 23:c9:cc:4b:a0:3a,2994,-38,1817,54.07,36.03,34,98252,98759
[Recv] <<< 23:c9:cc:4b:a0:3a,2995,-35,1818,54.06,36.03,32,98284,98791
[Recv] <<< 23:c9:cc:4b:a0:3a,2996,-32,1819,54.05,36.03,31,98315,98822
[Recv] <<< 23:c9:cc:4b:a0:3a,3000,-32,1820,54.09,36.02,133,98448,98955
[Recv] <<< 23:c9:cc:4b:a0:3a,3010,-35,1821,54.24,36.01,327,98775,99282
[Recv] <<< 23:c9:cc:4b:a0:3a,3011,-36,1822,54.23,36.01,37,98812,99319
[Recv] <<< 23:c9:cc:4b:a0:3a,3013,-35,1823,54.24,36.01,68,98880,99387
[Recv] <<< 23:c9:cc:4b:a0:3a,3014,-38,1824,54.23,36.01,29,98909,99416
[Recv] <<< 23:c9:cc:4b:a0:3a,3015,-35,1825,54.22,36.01,38,98947,99454
[Recv] <<< 23:c9:cc:4b:a0:3a,3016,-36,1826,54.20,36.00,30,98977,99484
[Recv] <<< 23:c9:cc:4b:a0:3a,3017,-47,1827,54.20,36.01,39,99016,99523
[Recv] <<< 23:c9:cc:4b:a0:3a,3019,-36,1828,54.20,36.00,68,99084,99591
[Recv] <<< 23:c9:cc:4b:a0:3a,3020,-35,1829,54.19,36.00,25,99109,99616
[Recv] <<< 23:c9:cc:4b:a0:3a,3021,-36,1830,54.18,36.00,37,99146,99653
[Recv] <<< 23:c9:cc:4b:a0:3a,3022,-36,1831,54.17,36.00,32,99178,99685
[Recv] <<< 23:c9:cc:4b:a0:3a,3024,-33,1832,54.17,36.00,62,99240,99747
[Recv] <<< 23:c9:cc:4b:a0:3a,3025,-41,1833,54.17,36.00,46,99286,99793
[Recv] <<< 23:c9:cc:4b:a0:3a,3026,-41,1834,54.16,36.00,38,99324,99831
[Recv] <<< 23:c9:cc:4b:a0:3a,3027,-41,1835,54.15,36.00,34,99358,99865
[Recv] <<< 23:c9:cc:4b:a0:3a,3028,-41,1836,54.13,36.00,33,99391,99898
[Recv] <<< 23:c9:cc:4b:a0:3a,3029,-41,1837,54.13,36.00,38,99429,99936
[Recv] <<< 23:c9:cc:4b:a0:3a,3030,-41,1838,54.11,36.00,27,99456,99963
[Recv] <<< 23:c9:cc:4b:a0:3a,3031,-41,1839,54.10,36.00,37,99493,100000
[Recv] <<< 23:c9:cc:4b:a0:3a,3032,-41,1840,54.09,35.99,33,99526,100033
[Recv] <<< 23:c9:cc:4b:a0:3a,3033,-41,1841,54.08,35.99,35,99561,100068
[Recv] <<< 23:c9:cc:4b:a0:3a,3034,-41,1842,54.07,35.99,29,99590,100097
[Recv] <<< 23:c9:cc:4b:a0:3a,3035,-41,1843,54.05,35.99,30,99620,100127
[Recv] <<< 23:c9:cc:4b:a0:3a,3036,-48,1844,54.04,35.99,37,99657,100164
[Recv] <<< 23:c9:cc:4b:a0:3a,3037,-41,1845,54.03,35.99,27,99684,100191
[Recv] <<< 23:c9:cc:4b:a0:3a,3038,-41,1846,54.02,35.99,37,99721,100228
[Recv] <<< 23:c9:cc:4b:a0:3a,3039,-41,1847,54.01,35.99,34,99755,100262
[Recv] <<< 23:c9:cc:4b:a0:3a,3040,-41,1848,54.00,35.99,32,99787,100294
[Recv] <<< 23:c9:cc:4b:a0:3a,3043,-38,1849,54.02,35.98,100,99887,100394
[Recv] <<< 23:c9:cc:4b:a0:3a,3045,-41,1850,54.04,35.98,78,99965,100472
[Recv] <<< 23:c9:cc:4b:a0:3a,3047,-36,1851,54.04,35.98,65,100030,100537
[Recv] <<< 23:c9:cc:4b:a0:3a,3049,-38,1852,54.05,35.98,65,100095,100602
[Recv] <<< 23:c9:cc:4b:a0:3a,3050,-35,1853,54.03,35.98,30,100125,100632
[Recv] <<< 23:c9:cc:4b:a0:3a,3051,-35,1854,54.03,35.98,46,100171,100678
[Recv] <<< 23:c9:cc:4b:a0:3a,3052,-35,1855,54.02,35.98,30,100201,100708
[Recv] <<< 23:c9:cc:4b:a0:3a,3055,-35,1856,54.04,35.98,102,100303,100810
[Recv] <<< 23:c9:cc:4b:a0:3a,3056,-37,1857,54.03,35.97,31,100334,100841
[Recv] <<< 23:c9:cc:4b:a0:3a,3058,-36,1858,54.04,35.97,68,100402,100909
[Recv] <<< 23:c9:cc:4b:a0:3a,3061,-35,1859,54.07,35.97,111,100513,101020
[Recv] <<< 23:c9:cc:4b:a0:3a,3064,-32,1860,54.09,35.97,96,100609,101116
[Recv] <<< 23:c9:cc:4b:a0:3a,3065,-32,1861,54.08,35.97,26,100635,101142
[Recv] <<< 23:c9:cc:4b:a0:3a,3066,-32,1862,54.06,35.97,33,100668,101175
[Recv] <<< 23:c9:cc:4b:a0:3a,3067,-32,1863,54.05,35.96,31,100699,101206
[Recv] <<< 23:c9:cc:4b:a0:3a,3069,-32,1864,54.06,35.96,74,100773,101280
[Recv] <<< 23:c9:cc:4b:a0:3a,3070,-32,1865,54.05,35.96,31,100804,101311
[Recv] <<< 23:c9:cc:4b:a0:3a,3071,-32,1866,54.04,35.96,36,100840,101347
[Recv] <<< 23:c9:cc:4b:a0:3a,3072,-32,1867,54.03,35.96,34,100874,101381
[Recv] <<< 23:c9:cc:4b:a0:3a,3073,-32,1868,54.02,35.96,30,100904,101411
[Recv] <<< 23:c9:cc:4b:a0:3a,3074,-41,1869,54.01,35.96,32,100936,101443
[Recv] <<< 23:c9:cc:4b:a0:3a,3075,-41,1870,53.99,35.96,33,100969,101476
[Recv] <<< 23:c9:cc:4b:a0:3a,3076,-41,1871,53.98,35.96,29,100998,101505
[Recv] <<< 23:c9:cc:4b:a0:3a,3077,-41,1872,53.97,35.96,37,101035,101542
[Recv] <<< 23:c9:cc:4b:a0:3a,3078,-45,1873,53.96,35.95,28,101063,101570
[Recv] <<< 23:c9:cc:4b:a0:3a,3081,-41,1874,53.99,35.95,110,101173,101680
[Recv] <<< 23:c9:cc:4b:a0:3a,3083,-36,1875,53.99,35.95,57,101230,101737
[Recv] <<< 23:c9:cc:4b:a0:3a,3085,-41,1876,54.00,35.95,76,101306,101813
[Recv] <<< 23:c9:cc:4b:a0:3a,3086,-38,1877,53.99,35.95,24,101330,101837
[Recv] <<< 23:c9:cc:4b:a0:3a,3087,-36,1878,53.97,35.94,28,101358,101865
[Recv] <<< 23:c9:cc:4b:a0:3a,3088,-36,1879,53.96,35.94,34,101392,101899
[Recv] <<< 23:c9:cc:4b:a0:3a,3089,-35,1880,53.95,35.94,42,101434,101941
[Recv] <<< 23:c9:cc:4b:a0:3a,3090,-47,1881,53.95,35.95,40,101474,101981
[Recv] <<< 23:c9:cc:4b:a0:3a,3091,-41,1882,53.94,35.94,34,101508,102015
[Recv] <<< 23:c9:cc:4b:a0:3a,3092,-35,1883,53.93,35.94,33,101541,102048
[Recv] <<< 23:c9:cc:4b:a0:3a,3093,-36,1884,53.91,35.94,33,101574,102081
[Recv] <<< 23:c9:cc:4b:a0:3a,3094,-41,1885,53.90,35.94,35,101609,102116
[Recv] <<< 23:c9:cc:4b:a0:3a,3096,-45,1886,53.91,35.94,74,101683,102190
[Recv] <<< 23:c9:cc:4b:a0:3a,3097,-41,1887,53.90,35.94,35,101718,102225
[Recv] <<< 23:c9:cc:4b:a0:3a,3098,-41,1888,53.89,35.94,31,101749,102256
[Recv] <<< 23:c9:cc:4b:a0:3a,3099,-42,1889,53.89,35.94,41,101790,102297
[Recv] <<< 23:c9:cc:4b:a0:3a,3100,-46,1890,53.88,35.94,36,101826,102333
[Recv] <<< 23:c9:cc:4b:a0:3a,3102,-41,1891,53.88,35.94,70,101896,102403
[Recv] <<< 23:c9:cc:4b:a0:3a,3104,-35,1892,53.89,35.94,62,101958,102465
[Recv] <<< 23:c9:cc:4b:a0:3a,3105,-35,1893,53.88,35.94,37,101995,102502
[Recv] <<< 23:c9:cc:4b:a0:3a,3106,-36,1894,53.87,35.94,37,102032,102539
[Recv] <<< 23:c9:cc:4b:a0:3a,3108,-41,1895,53.88,35.94,67,102099,102606
[Recv] <<< 23:c9:cc:4b:a0:3a,3112,-36,1896,53.92,35.94,142,102241,102748
[Recv] <<< 23:c9:cc:4b:a0:3a,3113,-36,1897,53.91,35.93,26,102267,102774
[Recv] <<< 23:c9:cc:4b:a0:3a,3114,-35,1898,53.90,35.93,32,102299,102806
[Recv] <<< 23:c9:cc:4b:a0:3a,3115,-35,1899,53.89,35.93,33,102332,102839
[Recv] <<< 23:c9:cc:4b:a0:3a,3118,-32,1900,53.91,35.93,95,102427,102934
[Recv] <<< 23:c9:cc:4b:a0:3a,3119,-32,1901,53.90,35.93,37,102464,102971
[Recv] <<< 23:c9:cc:4b:a0:3a,3122,-32,1902,53.92,35.92,94,102558,103065
[Recv] <<< 23:c9:cc:4b:a0:3a,3123,-32,1903,53.91,35.92,33,102591,103098
[Recv] <<< 23:c9:cc:4b:a0:3a,3124,-32,1904,53.90,35.92,33,102624,103131
[Recv] <<< 23:c9:cc:4b:a0:3a,3125,-32,1905,53.89,35.92,35,102659,103166
[Recv] <<< 23:c9:cc:4b:a0:3a,3127,-42,1906,53.89,35.92,64,102723,103230
[Recv] <<< 23:c9:cc:4b:a0:3a,3128,-41,1907,53.88,35.91,26,102749,103256
[Recv] <<< 23:c9:cc:4b:a0:3a,3129,-41,1908,53.87,35.91,33,102782,103289
[Recv] <<< 23:c9:cc:4b:a0:3a,3130,-46,1909,53.86,35.91,41,102823,103330
[Recv] <<< 23:c9:cc:4b:a0:3a,3131,-41,1910,53.85,35.91,30,102853,103360
[Recv] <<< 23:c9:cc:4b:a0:3a,3134,-35,1911,53.87,35.91,97,102950,103457
[Recv] <<< 23:c9:cc:4b:a0:3a,3135,-35,1912,53.86,35.91,34,102984,103491
[Recv] <<< 23:c9:cc:4b:a0:3a,3136,-35,1913,53.86,35.91,41,103025,103532
[Recv] <<< 23:c9:cc:4b:a0:3a,3137,-41,1914,53.85,35.91,37,103062,103569
[Recv] <<< 23:c9:cc:4b:a0:3a,3138,-35,1915,53.83,35.91,31,103093,103600
[Recv] <<< 23:c9:cc:4b:a0:3a,3139,-36,1916,53.82,35.91,28,103121,103628
[Recv] <<< 23:c9:cc:4b:a0:3a,3140,-36,1917,53.81,35.91,39,103160,103667
[Recv] <<< 23:c9:cc:4b:a0:3a,3142,-46,1918,53.82,35.91,72,103232,103739
[Recv] <<< 23:c9:cc:4b:a0:3a,3144,-35,1919,53.83,35.90,65,103297,103804
[Recv] <<< 23:c9:cc:4b:a0:3a,3145,-36,1920,53.82,35.90,31,103328,103835
[Recv] <<< 23:c9:cc:4b:a0:3a,3146,-36,1921,53.81,35.90,33,103361,103868
[Recv] <<< 23:c9:cc:4b:a0:3a,3147,-36,1922,53.80,35.90,35,103396,103903
[Recv] <<< 23:c9:cc:4b:a0:3a,3148,-35,1923,53.78,35.90,29,103425,103932
[Recv] <<< 23:c9:cc:4b:a0:3a,3149,-35,1924,53.77,35.90,34,103459,103966
[Recv] <<< 23:c9:cc:4b:a0:3a,3150,-32,1925,53.76,35.90,30,103489,103996
[Recv] <<< 23:c9:cc:4b:a0:3a,3151,-32,1926,53.75,35.90,35,103524,104031
[Recv] <<< 23:c9:cc:4b:a0:3a,3152,-45,1927,53.74,35.89,28,103552,104059
[Recv] <<< 23:c9:cc:4b:a0:3a,3154,-41,1928,53.75,35.89,70,103622,104129
[Recv] <<< 23:c9:cc:4b:a0:3a,3155,-32,1929,53.74,35.89,42,103664,104171
[Recv] <<< 23:c9:cc:4b:a0:3a,3156,-32,1930,53.73,35.89,30,103694,104201
[Recv] <<< 23:c9:cc:4b:a0:3a,3157,-32,1931,53.72,35.89,34,103728,104235
[Recv] <<< 23:c9:cc:4b:a0:3a,3158,-32,1932,53.71,35.89,34,103762,104269
[Recv] <<< 23:c9:cc:4b:a0:3a,3159,-32,1933,53.70,35.89,35,103797,104304
[Recv] <<< 23:c9:cc:4b:a0:3a,3160,-32,1934,53.68,35.89,27,103824,104331
[Recv] <<< 23:c9:cc:4b:a0:3a,3161,-32,1935,53.67,35.89,34,103858,104365
[Recv] <<< 23:c9:cc:4b:a0:3a,3163,-41,1936,53.68,35.89,66,103924,104431
[Recv] <<< 23:c9:cc:4b:a0:3a,3164,-46,1937,53.67,35.88,31,103955,104462
[Recv] <<< 23:c9:cc:4b:a0:3a,3165,-32,1938,53.66,35.89,40,103995,104502
[Recv] <<< 23:c9:cc:4b:a0:3a,3166,-32,1939,53.65,35.88,28,104023,104530
[Recv] <<< 23:c9:cc:4b:a0:3a,3168,-32,1940,53.66,35.88,79,104102,104609
[Recv] <<< 23:c9:cc:4b:a0:3a,3169,-32,1941,53.65,35.88,25,104127,104634
[Recv] <<< 23:c9:cc:4b:a0:3a,3172,-32,1942,53.68,35.88,111,104238,104745
[Recv] <<< 23:c9:cc:4b:a0:3a,3173,-32,1943,53.67,35.88,34,104272,104779
[Recv] <<< 23:c9:cc:4b:a0:3a,3175,-41,1944,53.67,35.88,64,104336,104843
[Recv] <<< 23:c9:cc:4b:a0:3a,3177,-32,1945,53.68,35.88,81,104417,104924
[Recv] <<< 23:c9:cc:4b:a0:3a,3178,-32,1946,53.68,35.88,40,104457,104964
[Recv] <<< 23:c9:cc:4b:a0:3a,3180,-32,1947,53.68,35.88,59,104516,105023
[Recv] <<< 23:c9:cc:4b:a0:3a,3181,-32,1948,53.67,35.88,38,104554,105061
[Recv] <<< 23:c9:cc:4b:a0:3a,3183,-41,1949,53.68,35.88,65,104619,105126
[Recv] <<< 23:c9:cc:4b:a0:3a,3184,-41,1950,53.67,35.88,36,104655,105162
[Recv] <<< 23:c9:cc:4b:a0:3a,3186,-35,1951,53.67,35.87,64,104719,105226
[Recv] <<< 23:c9:cc:4b:a0:3a,3187,-35,1952,53.66,35.87,25,104744,105251
[Recv] <<< 23:c9:cc:4b:a0:3a,3188,-35,1953,53.65,35.87,42,104786,105293
[Recv] <<< 23:c9:cc:4b:a0:3a,3196,-41,1954,53.77,35.87,278,105064,105571
[Recv] <<< 23:c9:cc:4b:a0:3a,3197,-42,1955,53.76,35.87,38,105102,105609
[Recv] <<< 23:c9:cc:4b:a0:3a,3198,-41,1956,53.75,35.87,36,105138,105645
[Recv] <<< 23:c9:cc:4b:a0:3a,3201,-45,1957,53.78,35.87,100,105238,105745
[Recv] <<< 23:c9:cc:4b:a0:3a,3202,-41,1958,53.77,35.87,34,105272,105779
[Recv] <<< 23:c9:cc:4b:a0:3a,3203,-45,1959,53.75,35.87,33,105305,105812
[Recv] <<< 23:c9:cc:4b:a0:3a,3206,-41,1960,53.78,35.87,112,105417,105924
[Recv] <<< 23:c9:cc:4b:a0:3a,3207,-41,1961,53.78,35.87,38,105455,105962
[Recv] <<< 23:c9:cc:4b:a0:3a,3208,-41,1962,53.76,35.87,31,105486,105993
[Recv] <<< 23:c9:cc:4b:a0:3a,3209,-41,1963,53.75,35.87,32,105518,106025
[Recv] <<< 23:c9:cc:4b:a0:3a,3210,-41,1964,53.75,35.87,38,105556,106063
[Recv] <<< 23:c9:cc:4b:a0:3a,3211,-41,1965,53.73,35.87,32,105588,106095
[Recv] <<< 23:c9:cc:4b:a0:3a,3212,-41,1966,53.72,35.86,31,105619,106126
[Recv] <<< 23:c9:cc:4b:a0:3a,3213,-41,1967,53.71,35.86,37,105656,106163
[Recv] <<< 23:c9:cc:4b:a0:3a,3214,-45,1968,53.71,35.87,40,105696,106203
[Recv] <<< 23:c9:cc:4b:a0:3a,3215,-41,1969,53.70,35.86,32,105728,106235
[Recv] <<< 23:c9:cc:4b:a0:3a,3216,-41,1970,53.68,35.86,31,105759,106266
[Recv] <<< 23:c9:cc:4b:a0:3a,3217,-42,1971,53.67,35.86,32,105791,106298
[Recv] <<< 23:c9:cc:4b:a0:3a,3218,-41,1972,53.66,35.86,34,105825,106332
[Recv] <<< 23:c9:cc:4b:a0:3a,3219,-41,1973,53.65,35.86,28,105853,106360
[Recv] <<< 23:c9:cc:4b:a0:3a,3221,-35,1974,53.66,35.86,66,105919,106426
[Recv] <<< 23:c9:cc:4b:a0:3a,3223,-41,1975,53.67,35.86,72,105991,106498
[Recv] <<< 23:c9:cc:4b:a0:3a,3224,-45,1976,53.66,35.86,42,106033,106540
[Recv] <<< 23:c9:cc:4b:a0:3a,3226,-32,1977,53.67,35.86,79,106112,106619
[Recv] <<< 23:c9:cc:4b:a0:3a,3228,-32,1978,53.68,35.86,61,106173,106680
[Recv] <<< 23:c9:cc:4b:a0:3a,3229,-32,1979,53.67,35.86,36,106209,106716
[Recv] <<< 23:c9:cc:4b:a0:3a,3230,-32,1980,53.66,35.86,32,106241,106748
[Recv] <<< 23:c9:cc:4b:a0:3a,3231,-33,1981,53.65,35.86,38,106279,106786
[Recv] <<< 23:c9:cc:4b:a0:3a,3232,-36,1982,53.64,35.86,34,106313,106820
[Recv] <<< 23:c9:cc:4b:a0:3a,3233,-36,1983,53.63,35.86,35,106348,106855
[Recv] <<< 23:c9:cc:4b:a0:3a,3234,-36,1984,53.62,35.86,38,106386,106893
[Recv] <<< 23:c9:cc:4b:a0:3a,3235,-35,1985,53.61,35.86,33,106419,106926
[Recv] <<< 23:c9:cc:4b:a0:3a,3237,-32,1986,53.61,35.85,59,106478,106985
[Recv] <<< 23:c9:cc:4b:a0:3a,3239,-32,1987,53.62,35.85,70,106548,107055
[Recv] <<< 23:c9:cc:4b:a0:3a,3241,-32,1988,53.63,35.85,62,106610,107117
[Recv] <<< 23:c9:cc:4b:a0:3a,3242,-33,1989,53.62,35.85,43,106653,107160
[Recv] <<< 23:c9:cc:4b:a0:3a,3243,-32,1990,53.61,35.85,30,106683,107190
[Recv] <<< 23:c9:cc:4b:a0:3a,3244,-47,1991,53.60,35.85,38,106721,107228
[Recv] <<< 23:c9:cc:4b:a0:3a,3245,-41,1992,53.59,35.84,25,106746,107253
[Recv] <<< 23:c9:cc:4b:a0:3a,3247,-36,1993,53.59,35.84,63,106809,107316
[Recv] <<< 23:c9:cc:4b:a0:3a,3248,-37,1994,53.58,35.84,35,106844,107351
[Recv] <<< 23:c9:cc:4b:a0:3a,3250,-35,1995,53.59,35.84,74,106918,107425
[Recv] <<< 23:c9:cc:4b:a0:3a,3254,-32,1996,53.63,35.84,126,107044,107551
[Recv] <<< 23:c9:cc:4b:a0:3a,3255,-32,1997,53.62,35.84,33,107077,107584
[Recv] <<< 23:c9:cc:4b:a0:3a,3256,-32,1998,53.61,35.84,36,107113,107620
[Recv] <<< 23:c9:cc:4b:a0:3a,3257,-42,1999,53.60,35.83,31,107144,107651
[Recv] <<< 23:c9:cc:4b:a0:3a,3258,-32,2000,53.59,35.83,33,107177,107684
[Recv] <<< 23:c9:cc:4b:a0:3a,3259,-32,2001,53.58,35.83,39,107216,107723
[Recv] <<< 23:c9:cc:4b:a0:3a,3261,-32,2002,53.59,35.83,71,107287,107794
[Recv] <<< 23:c9:cc:4b:a0:3a,3262,-32,2003,53.58,35.84,42,107329,107836
[Recv] <<< 23:c9:cc:4b:a0:3a,3263,-36,2004,53.57,35.83,31,107360,107867
[Recv] <<< 23:c9:cc:4b:a0:3a,3265,-32,2005,53.58,35.83,68,107428,107935
[Recv] <<< 23:c9:cc:4b:a0:3a,3266,-32,2006,53.57,35.83,34,107462,107969
[Recv] <<< 23:c9:cc:4b:a0:3a,3268,-32,2007,53.58,35.83,75,107537,108044
[Recv] <<< 23:c9:cc:4b:a0:3a,3269,-32,2008,53.57,35.83,27,107564,108071
[Recv] <<< 23:c9:cc:4b:a0:3a,3271,-32,2009,53.58,35.83,73,107637,108144
[Recv] <<< 23:c9:cc:4b:a0:3a,3273,-32,2010,53.58,35.83,60,107697,108204
[Recv] <<< 23:c9:cc:4b:a0:3a,3274,-32,2011,53.57,35.83,39,107736,108243
[Recv] <<< 23:c9:cc:4b:a0:3a,3275,-33,2012,53.56,35.83,28,107764,108271
[Recv] <<< 23:c9:cc:4b:a0:3a,3276,-32,2013,53.55,35.83,41,107805,108312
[Recv] <<< 23:c9:cc:4b:a0:3a,3277,-32,2014,53.54,35.82,26,107831,108338
[Recv] <<< 23:c9:cc:4b:a0:3a,3278,-41,2015,53.53,35.82,36,107867,108374
[Recv] <<< 23:c9:cc:4b:a0:3a,3279,-41,2016,53.53,35.83,41,107908,108415
[Recv] <<< 23:c9:cc:4b:a0:3a,3280,-41,2017,53.51,35.82,29,107937,108444
[Recv] <<< 23:c9:cc:4b:a0:3a,3281,-45,2018,53.51,35.83,41,107978,108485
[Recv] <<< 23:c9:cc:4b:a0:3a,3291,-41,2019,53.65,35.82,337,108315,108822
[Recv] <<< 23:c9:cc:4b:a0:3a,3292,-41,2020,53.63,35.82,26,108341,108848
[Recv] <<< 23:c9:cc:4b:a0:3a,3293,-35,2021,53.63,35.82,36,108377,108884
[Recv] <<< 23:c9:cc:4b:a0:3a,3300,-38,2022,53.72,35.82,250,108627,109134
[Recv] <<< 23:c9:cc:4b:a0:3a,3301,-41,2023,53.71,35.81,33,108660,109167
[Recv] <<< 23:c9:cc:4b:a0:3a,3302,-32,2024,53.71,35.82,48,108708,109215
[Recv] <<< 23:c9:cc:4b:a0:3a,3303,-32,2025,53.70,35.81,26,108734,109241
[Recv] <<< 23:c9:cc:4b:a0:3a,3304,-32,2026,53.69,35.81,36,108770,109277
[Recv] <<< 23:c9:cc:4b:a0:3a,3305,-32,2027,53.68,35.81,34,108804,109311
[Recv] <<< 23:c9:cc:4b:a0:3a,3306,-32,2028,53.67,35.82,38,108842,109349
[Recv] <<< 23:c9:cc:4b:a0:3a,3307,-32,2029,53.66,35.81,31,108873,109380
[Recv] <<< 23:c9:cc:4b:a0:3a,3310,-36,2030,53.69,35.81,109,108982,109489
[Recv] <<< 23:c9:cc:4b:a0:3a,3311,-36,2031,53.68,35.81,35,109017,109524
[Recv] <<< 23:c9:cc:4b:a0:3a,3316,-45,2032,53.74,35.81,182,109199,109706
[Recv] <<< 23:c9:cc:4b:a0:3a,3317,-41,2033,53.73,35.81,34,109233,109740
[Recv] <<< 23:c9:cc:4b:a0:3a,3318,-41,2034,53.72,35.81,31,109264,109771
[Recv] <<< 23:c9:cc:4b:a0:3a,3319,-41,2035,53.71,35.81,41,109305,109812
[Recv] <<< 23:c9:cc:4b:a0:3a,3322,-45,2036,53.73,35.81,97,109402,109909
[Recv] <<< 23:c9:cc:4b:a0:3a,3323,-41,2037,53.72,35.81,33,109435,109942
[Recv] <<< 23:c9:cc:4b:a0:3a,3324,-32,2038,53.72,35.81,38,109473,109980
[Recv] <<< 23:c9:cc:4b:a0:3a,3325,-32,2039,53.71,35.81,36,109509,110016
[Recv] <<< 23:c9:cc:4b:a0:3a,3326,-32,2040,53.70,35.81,32,109541,110048
[Recv] <<< 23:c9:cc:4b:a0:3a,3329,-32,2041,53.73,35.81,116,109657,110164
[Recv] <<< 23:c9:cc:4b:a0:3a,3330,-35,2042,53.72,35.81,44,109701,110208
[Recv] <<< 23:c9:cc:4b:a0:3a,3331,-36,2043,53.72,35.82,40,109741,110248
[Recv] <<< 23:c9:cc:4b:a0:3a,3332,-36,2044,53.70,35.82,32,109773,110280
[Recv] <<< 23:c9:cc:4b:a0:3a,3333,-38,2045,53.69,35.81,31,109804,110311
[Recv] <<< 23:c9:cc:4b:a0:3a,3334,-35,2046,53.69,35.81,38,109842,110349
[Recv] <<< 23:c9:cc:4b:a0:3a,3335,-36,2047,53.68,35.81,31,109873,110380
[Recv] <<< 23:c9:cc:4b:a0:3a,3336,-36,2048,53.67,35.81,33,109906,110413
[Recv] <<< 23:c9:cc:4b:a0:3a,3337,-36,2049,53.65,35.81,29,109935,110442
[Recv] <<< 23:c9:cc:4b:a0:3a,3338,-38,2050,53.65,35.81,43,109978,110485
[Recv] <<< 23:c9:cc:4b:a0:3a,3340,-45,2051,53.66,35.81,76,110054,110561
[Recv] <<< 23:c9:cc:4b:a0:3a,3341,-41,2052,53.65,35.81,41,110095,110602
[Recv] <<< 23:c9:cc:4b:a0:3a,3342,-41,2053,53.65,35.82,46,110141,110648
[Recv] <<< 23:c9:cc:4b:a0:3a,3343,-41,2054,53.63,35.81,25,110166,110673
[Recv] <<< 23:c9:cc:4b:a0:3a,3344,-35,2055,53.63,35.81,36,110202,110709
[Recv] <<< 23:c9:cc:4b:a0:3a,3345,-35,2056,53.62,35.81,33,110235,110742
[Recv] <<< 23:c9:cc:4b:a0:3a,3346,-35,2057,53.60,35.81,26,110261,110768
[Recv] <<< 23:c9:cc:4b:a0:3a,3347,-33,2058,53.59,35.81,36,110297,110804
[Recv] <<< 23:c9:cc:4b:a0:3a,3348,-41,2059,53.59,35.81,37,110334,110841
[Recv] <<< 23:c9:cc:4b:a0:3a,3349,-41,2060,53.58,35.81,43,110377,110884
[Recv] <<< 23:c9:cc:4b:a0:3a,3351,-36,2061,53.59,35.81,69,110446,110953
[Recv] <<< 23:c9:cc:4b:a0:3a,3352,-36,2062,53.58,35.81,34,110480,110987
[Recv] <<< 23:c9:cc:4b:a0:3a,3353,-38,2063,53.57,35.81,39,110519,111026
[Recv] <<< 23:c9:cc:4b:a0:3a,3355,-35,2064,53.58,35.81,64,110583,111090
[Recv] <<< 23:c9:cc:4b:a0:3a,3356,-35,2065,53.57,35.81,44,110627,111134
[Recv] <<< 23:c9:cc:4b:a0:3a,3359,-35,2066,53.60,35.82,113,110740,111247
[Recv] <<< 23:c9:cc:4b:a0:3a,3360,-32,2067,53.59,35.81,26,110766,111273
[Recv] <<< 23:c9:cc:4b:a0:3a,3362,-32,2068,53.60,35.81,70,110836,111343
[Recv] <<< 23:c9:cc:4b:a0:3a,3363,-32,2069,53.59,35.81,33,110869,111376
[Recv] <<< 23:c9:cc:4b:a0:3a,3365,-41,2070,53.59,35.81,63,110932,111439
[Recv] <<< 23:c9:cc:4b:a0:3a,3366,-41,2071,53.58,35.81,35,110967,111474
[Recv] <<< 23:c9:cc:4b:a0:3a,3367,-41,2072,53.57,35.81,30,110997,111504
[Recv] <<< 23:c9:cc:4b:a0:3a,3368,-35,2073,53.56,35.80,34,111031,111538
[Recv] <<< 23:c9:cc:4b:a0:3a,3369,-35,2074,53.55,35.80,31,111062,111569
[Recv] <<< 23:c9:cc:4b:a0:3a,3370,-35,2075,53.54,35.80,32,111094,111601
[Recv] <<< 23:c9:cc:4b:a0:3a,3371,-35,2076,53.53,35.80,33,111127,111634
[Recv] <<< 23:c9:cc:4b:a0:3a,3373,-36,2077,53.54,35.80,68,111195,111702
[Recv] <<< 23:c9:cc:4b:a0:3a,3375,-35,2078,53.55,35.80,73,111268,111775
[Recv] <<< 23:c9:cc:4b:a0:3a,3377,-42,2079,53.56,35.80,73,111341,111848
[Recv] <<< 23:c9:cc:4b:a0:3a,3378,-32,2080,53.55,35.80,47,111388,111895
[Recv] <<< 23:c9:cc:4b:a0:3a,3379,-41,2081,53.54,35.80,25,111413,111920
[Recv] <<< 23:c9:cc:4b:a0:3a,3380,-45,2082,53.53,35.80,37,111450,111957
[Recv] <<< 23:c9:cc:4b:a0:3a,3381,-41,2083,53.52,35.80,38,111488,111995
[Recv] <<< 23:c9:cc:4b:a0:3a,3386,-35,2084,53.58,35.80,164,111652,112159
[Recv] <<< 23:c9:cc:4b:a0:3a,3387,-36,2085,53.57,35.80,45,111697,112204
[Recv] <<< 23:c9:cc:4b:a0:3a,3388,-35,2086,53.56,35.80,22,111719,112226
[Recv] <<< 23:c9:cc:4b:a0:3a,3390,-32,2087,53.56,35.80,69,111788,112295
[Recv] <<< 23:c9:cc:4b:a0:3a,3391,-32,2088,53.55,35.79,27,111815,112322
[Recv] <<< 23:c9:cc:4b:a0:3a,3392,-32,2089,53.54,35.79,39,111854,112361
[Recv] <<< 23:c9:cc:4b:a0:3a,3393,-32,2090,53.53,35.79,33,111887,112394
[Recv] <<< 23:c9:cc:4b:a0:3a,3395,-32,2091,53.54,35.79,75,111962,112469
[Recv] <<< 23:c9:cc:4b:a0:3a,3397,-32,2092,53.55,35.79,65,112027,112534
[Recv] <<< 23:c9:cc:4b:a0:3a,3399,-42,2093,53.56,35.79,66,112093,112600
[Recv] <<< 23:c9:cc:4b:a0:3a,3400,-45,2094,53.55,35.79,33,112126,112633
[Recv] <<< 23:c9:cc:4b:a0:3a,3401,-36,2095,53.53,35.79,29,112155,112662
[Recv] <<< 23:c9:cc:4b:a0:3a,3402,-36,2096,53.52,35.78,28,112183,112690
[Recv] <<< 23:c9:cc:4b:a0:3a,3404,-32,2097,53.53,35.78,69,112252,112759
[Recv] <<< 23:c9:cc:4b:a0:3a,3405,-32,2098,53.52,35.78,23,112275,112782
[Recv] <<< 23:c9:cc:4b:a0:3a,3407,-32,2099,53.53,35.78,77,112352,112859
[Recv] <<< 23:c9:cc:4b:a0:3a,3408,-32,2100,53.51,35.78,29,112381,112888
[Recv] <<< 23:c9:cc:4b:a0:3a,3410,-35,2101,53.53,35.78,80,112461,112968
[Recv] <<< 23:c9:cc:4b:a0:3a,3411,-35,2102,53.52,35.78,34,112495,113002
[Recv] <<< 23:c9:cc:4b:a0:3a,3412,-35,2103,53.51,35.78,31,112526,113033
[Recv] <<< 23:c9:cc:4b:a0:3a,3413,-36,2104,53.50,35.78,34,112560,113067
[Recv] <<< 23:c9:cc:4b:a0:3a,3415,-36,2105,53.50,35.78,63,112623,113130
[Recv] <<< 23:c9:cc:4b:a0:3a,3416,-35,2106,53.49,35.78,36,112659,113166
[Recv] <<< 23:c9:cc:4b:a0:3a,3417,-41,2107,53.49,35.78,40,112699,113206
[Recv] <<< 23:c9:cc:4b:a0:3a,3418,-38,2108,53.48,35.78,29,112728,113235
[Recv] <<< 23:c9:cc:4b:a0:3a,3419,-41,2109,53.47,35.78,41,112769,113276
[Recv] <<< 23:c9:cc:4b:a0:3a,3420,-41,2110,53.46,35.78,37,112806,113313
[Recv] <<< 23:c9:cc:4b:a0:3a,3421,-41,2111,53.45,35.78,31,112837,113344
[Recv] <<< 23:c9:cc:4b:a0:3a,3422,-42,2112,53.44,35.77,27,112864,113371
[Recv] <<< 23:c9:cc:4b:a0:3a,3423,-41,2113,53.43,35.77,33,112897,113404
[Recv] <<< 23:c9:cc:4b:a0:3a,3424,-35,2114,53.42,35.77,38,112935,113442
[Recv] <<< 23:c9:cc:4b:a0:3a,3425,-42,2115,53.41,35.77,34,112969,113476
[Recv] <<< 23:c9:cc:4b:a0:3a,3426,-42,2116,53.40,35.77,33,113002,113509
[Recv] <<< 23:c9:cc:4b:a0:3a,3427,-42,2117,53.39,35.77,30,113032,113539
[Recv] <<< 23:c9:cc:4b:a0:3a,3429,-32,2118,53.40,35.77,79,113111,113618
[Recv] <<< 23:c9:cc:4b:a0:3a,3430,-41,2119,53.39,35.77,25,113136,113643
[Recv] <<< 23:c9:cc:4b:a0:3a,3431,-46,2120,53.38,35.77,39,113175,113682
[Recv] <<< 23:c9:cc:4b:a0:3a,3433,-41,2121,53.39,35.77,63,113238,113745
[Recv] <<< 23:c9:cc:4b:a0:3a,3435,-41,2122,53.40,35.77,71,113309,113816
[Recv] <<< 23:c9:cc:4b:a0:3a,3436,-35,2123,53.38,35.76,25,113334,113841
[Recv] <<< 23:c9:cc:4b:a0:3a,3437,-35,2124,53.38,35.76,37,113371,113878
[Recv] <<< 23:c9:cc:4b:a0:3a,3441,-32,2125,53.41,35.76,126,113497,114004
[Recv] <<< 23:c9:cc:4b:a0:3a,3443,-32,2126,53.42,35.76,67,113564,114071
[Recv] <<< 23:c9:cc:4b:a0:3a,3446,-41,2127,53.44,35.75,93,113657,114164
[Recv] <<< 23:c9:cc:4b:a0:3a,3449,-41,2128,53.46,35.75,101,113758,114265
[Recv] <<< 23:c9:cc:4b:a0:3a,3450,-46,2129,53.45,35.75,37,113795,114302
[Recv] <<< 23:c9:cc:4b:a0:3a,3451,-41,2130,53.44,35.75,37,113832,114339
[Recv] <<< 23:c9:cc:4b:a0:3a,3452,-42,2131,53.43,35.75,35,113867,114374
[Recv] <<< 23:c9:cc:4b:a0:3a,3453,-49,2132,53.42,35.75,23,113890,114397
[Recv] <<< 23:c9:cc:4b:a0:3a,3454,-41,2133,53.41,35.75,38,113928,114435
[Recv] <<< 23:c9:cc:4b:a0:3a,3457,-33,2134,53.44,35.75,111,114039,114546
[Recv] <<< 23:c9:cc:4b:a0:3a,3458,-32,2135,53.43,35.75,42,114081,114588
[Recv] <<< 23:c9:cc:4b:a0:3a,3460,-33,2136,53.44,35.75,69,114150,114657
[Recv] <<< 23:c9:cc:4b:a0:3a,3461,-32,2137,53.43,35.75,38,114188,114695
[Recv] <<< 23:c9:cc:4b:a0:3a,3462,-32,2138,53.42,35.75,31,114219,114726
[Recv] <<< 23:c9:cc:4b:a0:3a,3464,-32,2139,53.43,35.75,66,114285,114792
[Recv] <<< 23:c9:cc:4b:a0:3a,3465,-32,2140,53.42,35.75,38,114323,114830
[Recv] <<< 23:c9:cc:4b:a0:3a,3466,-32,2141,53.41,35.75,35,114358,114865
[Recv] <<< 23:c9:cc:4b:a0:3a,3468,-41,2142,53.42,35.74,58,114416,114923
[Recv] <<< 23:c9:cc:4b:a0:3a,3469,-32,2143,53.41,35.75,47,114463,114970
[Recv] <<< 23:c9:cc:4b:a0:3a,3470,-32,2144,53.40,35.75,30,114493,115000
[Recv] <<< 23:c9:cc:4b:a0:3a,3471,-32,2145,53.39,35.74,33,114526,115033
[Recv] <<< 23:c9:cc:4b:a0:3a,3474,-32,2146,53.41,35.74,99,114625,115132
[Recv] <<< 23:c9:cc:4b:a0:3a,3476,-32,2147,53.42,35.74,73,114698,115205
[Recv] <<< 23:c9:cc:4b:a0:3a,3479,-41,2148,53.44,35.74,90,114788,115295
[Recv] <<< 23:c9:cc:4b:a0:3a,3480,-41,2149,53.43,35.74,36,114824,115331
[Recv] <<< 23:c9:cc:4b:a0:3a,3487,-36,2150,53.52,35.73,236,115060,115567
[Recv] <<< 23:c9:cc:4b:a0:3a,3488,-35,2151,53.50,35.73,29,115089,115596
[Recv] <<< 23:c9:cc:4b:a0:3a,3490,-36,2152,53.51,35.73,74,115163,115670
[Recv] <<< 23:c9:cc:4b:a0:3a,3491,-35,2153,53.50,35.73,33,115196,115703
[Recv] <<< 23:c9:cc:4b:a0:3a,3492,-35,2154,53.49,35.73,28,115224,115731
[Recv] <<< 23:c9:cc:4b:a0:3a,3494,-35,2155,53.50,35.73,72,115296,115803
[Recv] <<< 23:c9:cc:4b:a0:3a,3495,-41,2156,53.49,35.73,33,115329,115836
[Recv] <<< 23:c9:cc:4b:a0:3a,3496,-41,2157,53.48,35.73,38,115367,115874
[Recv] <<< 23:c9:cc:4b:a0:3a,3497,-45,2158,53.48,35.73,45,115412,115919
[Recv] <<< 23:c9:cc:4b:a0:3a,3498,-41,2159,53.47,35.73,30,115442,115949
[Recv] <<< 23:c9:cc:4b:a0:3a,3499,-41,2160,53.46,35.73,31,115473,115980
[Recv] <<< 23:c9:cc:4b:a0:3a,3503,-41,2161,53.50,35.73,135,115608,116115
[Recv] <<< 23:c9:cc:4b:a0:3a,3506,-36,2162,53.52,35.72,98,115706,116213
[Recv] <<< 23:c9:cc:4b:a0:3a,3507,-35,2163,53.51,35.72,27,115733,116240
[Recv] <<< 23:c9:cc:4b:a0:3a,3508,-36,2164,53.50,35.72,37,115770,116277
[Recv] <<< 23:c9:cc:4b:a0:3a,3509,-41,2165,53.49,35.72,40,115810,116317
[Recv] <<< 23:c9:cc:4b:a0:3a,3511,-36,2166,53.50,35.72,65,115875,116382
[Recv] <<< 23:c9:cc:4b:a0:3a,3512,-36,2167,53.49,35.72,30,115905,116412
[Recv] <<< 23:c9:cc:4b:a0:3a,3513,-36,2168,53.48,35.72,37,115942,116449
[Recv] <<< 23:c9:cc:4b:a0:3a,3514,-36,2169,53.47,35.72,32,115974,116481
[Recv] <<< 23:c9:cc:4b:a0:3a,3515,-35,2170,53.46,35.72,34,116008,116515
[Recv] <<< 23:c9:cc:4b:a0:3a,3516,-41,2171,53.45,35.72,38,116046,116553
[Recv] <<< 23:c9:cc:4b:a0:3a,3517,-45,2172,53.45,35.72,37,116083,116590
[Recv] <<< 23:c9:cc:4b:a0:3a,3519,-45,2173,53.45,35.71,61,116144,116651
[Recv] <<< 23:c9:cc:4b:a0:3a,3520,-41,2174,53.44,35.72,45,116189,116696
[Recv] <<< 23:c9:cc:4b:a0:3a,3521,-42,2175,53.44,35.72,35,116224,116731
[Recv] <<< 23:c9:cc:4b:a0:3a,3522,-41,2176,53.43,35.72,31,116255,116762
[Recv] <<< 23:c9:cc:4b:a0:3a,3524,-41,2177,53.43,35.72,70,116325,116832
[Recv] <<< 23:c9:cc:4b:a0:3a,3525,-35,2178,53.43,35.72,35,116360,116867
[Recv] <<< 23:c9:cc:4b:a0:3a,3526,-33,2179,53.41,35.71,25,116385,116892
[Recv] <<< 23:c9:cc:4b:a0:3a,3528,-36,2180,53.42,35.71,64,116449,116956
[Recv] <<< 23:c9:cc:4b:a0:3a,3529,-32,2181,53.41,35.71,39,116488,116995
[Recv] <<< 23:c9:cc:4b:a0:3a,3530,-32,2182,53.40,35.71,27,116515,117022
[Recv] <<< 23:c9:cc:4b:a0:3a,3531,-32,2183,53.39,35.71,37,116552,117059
[Recv] <<< 23:c9:cc:4b:a0:3a,3532,-32,2184,53.38,35.71,27,116579,117086
[Recv] <<< 23:c9:cc:4b:a0:3a,3535,-45,2185,53.40,35.70,98,116677,117184
[Recv] <<< 23:c9:cc:4b:a0:3a,3536,-41,2186,53.39,35.70,27,116704,117211
[Recv] <<< 23:c9:cc:4b:a0:3a,3537,-32,2187,53.38,35.70,39,116743,117250
[Recv] <<< 23:c9:cc:4b:a0:3a,3539,-33,2188,53.39,35.70,65,116808,117315
[Recv] <<< 23:c9:cc:4b:a0:3a,3540,-32,2189,53.38,35.70,31,116839,117346
[Recv] <<< 23:c9:cc:4b:a0:3a,3541,-36,2190,53.37,35.70,47,116886,117393
[Recv] <<< 23:c9:cc:4b:a0:3a,3543,-42,2191,53.38,35.70,79,116965,117472
[Recv] <<< 23:c9:cc:4b:a0:3a,3544,-41,2192,53.38,35.70,34,116999,117506
[Recv] <<< 23:c9:cc:4b:a0:3a,3546,-41,2193,53.38,35.70,63,117062,117569
[Recv] <<< 23:c9:cc:4b:a0:3a,3551,-36,2194,53.43,35.70,164,117226,117733
[Recv] <<< 23:c9:cc:4b:a0:3a,3552,-35,2195,53.42,35.69,32,117258,117765
[Recv] <<< 23:c9:cc:4b:a0:3a,3553,-41,2196,53.41,35.70,39,117297,117804
[Recv] <<< 23:c9:cc:4b:a0:3a,3556,-41,2197,53.44,35.70,106,117403,117910
[Recv] <<< 23:c9:cc:4b:a0:3a,3558,-41,2198,53.44,35.69,64,117467,117974
[Recv] <<< 23:c9:cc:4b:a0:3a,3568,-36,2199,53.57,35.69,333,117800,118307
[Recv] <<< 23:c9:cc:4b:a0:3a,3569,-36,2200,53.56,35.69,33,117833,118340
[Recv] <<< 23:c9:cc:4b:a0:3a,3571,-35,2201,53.57,35.68,69,117902,118409
[Recv] <<< 23:c9:cc:4b:a0:3a,3589,-41,2202,53.83,35.68,623,118525,119032
[Recv] <<< 23:c9:cc:4b:a0:3a,3591,-35,2203,53.83,35.68,59,118584,119091
[Recv] <<< 23:c9:cc:4b:a0:3a,3592,-36,2204,53.82,35.67,35,118619,119126
[Recv] <<< 23:c9:cc:4b:a0:3a,3593,-35,2205,53.81,35.67,34,118653,119160
[Recv] <<< 23:c9:cc:4b:a0:3a,3594,-32,2206,53.80,35.67,31,118684,119191
[Recv] <<< 23:c9:cc:4b:a0:3a,3606,-32,2207,53.96,35.67,411,119095,119602
[Recv] <<< 23:c9:cc:4b:a0:3a,3609,-32,2208,53.99,35.67,107,119202,119709
[Recv] <<< 23:c9:cc:4b:a0:3a,3611,-41,2209,53.99,35.67,63,119265,119772
[Recv] <<< 23:c9:cc:4b:a0:3a,3612,-45,2210,53.98,35.66,30,119295,119802
[Recv] <<< 23:c9:cc:4b:a0:3a,3613,-41,2211,53.97,35.66,33,119328,119835
[Recv] <<< 23:c9:cc:4b:a0:3a,3614,-41,2212,53.96,35.66,28,119356,119863
[Recv] <<< 23:c9:cc:4b:a0:3a,3615,-35,2213,53.95,35.66,37,119393,119900
[Recv] <<< 23:c9:cc:4b:a0:3a,3616,-35,2214,53.94,35.66,27,119420,119927
[Recv] <<< 23:c9:cc:4b:a0:3a,3617,-35,2215,53.93,35.66,43,119463,119970
[Recv] <<< 23:c9:cc:4b:a0:3a,3618,-35,2216,53.93,35.66,36,119499,120006
[Recv] <<< 23:c9:cc:4b:a0:3a,3620,-35,2217,53.93,35.66,64,119563,120070
[Recv] <<< 23:c9:cc:4b:a0:3a,3621,-36,2218,53.92,35.66,30,119593,120100
[Recv] <<< 23:c9:cc:4b:a0:3a,3622,-36,2219,53.91,35.66,38,119631,120138
[Recv] <<< 23:c9:cc:4b:a0:3a,3623,-36,2220,53.90,35.66,35,119666,120173
[Recv] <<< 23:c9:cc:4b:a0:3a,3624,-35,2221,53.89,35.66,33,119699,120206
[Recv] <<< 23:c9:cc:4b:a0:3a,3626,-36,2222,53.90,35.65,60,119759,120266
[Recv] <<< 23:c9:cc:4b:a0:3a,3627,-41,2223,53.89,35.66,47,119806,120313
[Recv] <<< 23:c9:cc:4b:a0:3a,3630,-38,2224,53.91,35.65,92,119898,120405
[Recv] <<< 23:c9:cc:4b:a0:3a,3631,-38,2225,53.90,35.65,32,119930,120437
[Recv] <<< 23:c9:cc:4b:a0:3a,3632,-36,2226,53.90,35.65,43,119973,120480
[Recv] <<< 23:c9:cc:4b:a0:3a,3634,-35,2227,53.90,35.65,72,120045,120552
[Recv] <<< 23:c9:cc:4b:a0:3a,3635,-36,2228,53.89,35.65,27,120072,120579
[Recv] <<< 23:c9:cc:4b:a0:3a,3637,-36,2229,53.90,35.65,68,120140,120647
[Recv] <<< 23:c9:cc:4b:a0:3a,3638,-36,2230,53.89,35.65,37,120177,120684
[Recv] <<< 23:c9:cc:4b:a0:3a,3641,-32,2231,53.91,35.65,104,120281,120788
[Recv] <<< 23:c9:cc:4b:a0:3a,3642,-32,2232,53.90,35.65,33,120314,120821
[Recv] <<< 23:c9:cc:4b:a0:3a,3643,-32,2233,53.89,35.65,30,120344,120851
[Recv] <<< 23:c9:cc:4b:a0:3a,3644,-32,2234,53.89,35.65,37,120381,120888
[Recv] <<< 23:c9:cc:4b:a0:3a,3645,-32,2235,53.88,35.65,36,120417,120924
[Recv] <<< 23:c9:cc:4b:a0:3a,3646,-32,2236,53.87,35.65,28,120445,120952
[Recv] <<< 23:c9:cc:4b:a0:3a,3648,-32,2237,53.87,35.65,72,120517,121024
[Recv] <<< 23:c9:cc:4b:a0:3a,3652,-32,2238,53.91,35.64,138,120655,121162
[Recv] <<< 23:c9:cc:4b:a0:3a,3669,-37,2239,54.15,35.64,578,121233,121740
[Recv] <<< 23:c9:cc:4b:a0:3a,3670,-36,2240,54.14,35.63,30,121263,121770
[Recv] <<< 23:c9:cc:4b:a0:3a,3671,-35,2241,54.12,35.63,30,121293,121800
[Recv] <<< 23:c9:cc:4b:a0:3a,3677,-32,2242,54.19,35.63,205,121498,122005
[Recv] <<< 23:c9:cc:4b:a0:3a,3678,-35,2243,54.18,35.63,33,121531,122038
[Recv] <<< 23:c9:cc:4b:a0:3a,3679,-35,2244,54.18,35.63,42,121573,122080
[Recv] <<< 23:c9:cc:4b:a0:3a,3680,-36,2245,54.17,35.63,36,121609,122116
[Recv] <<< 23:c9:cc:4b:a0:3a,3682,-35,2246,54.17,35.63,67,121676,122183
[Recv] <<< 23:c9:cc:4b:a0:3a,3683,-36,2247,54.16,35.63,29,121705,122212
[Recv] <<< 23:c9:cc:4b:a0:3a,3684,-36,2248,54.16,35.63,38,121743,122250
[Recv] <<< 23:c9:cc:4b:a0:3a,3688,-35,2249,54.20,35.63,142,121885,122392
[Recv] <<< 23:c9:cc:4b:a0:3a,3689,-35,2250,54.18,35.63,29,121914,122421
[Recv] <<< 23:c9:cc:4b:a0:3a,3690,-35,2251,54.18,35.63,34,121948,122455
[Recv] <<< 23:c9:cc:4b:a0:3a,3692,-32,2252,54.18,35.62,59,122007,122514
[Recv] <<< 23:c9:cc:4b:a0:3a,3694,-32,2253,54.19,35.62,72,122079,122586
[Recv] <<< 23:c9:cc:4b:a0:3a,3695,-32,2254,54.18,35.62,41,122120,122627
[Recv] <<< 23:c9:cc:4b:a0:3a,3696,-35,2255,54.18,35.63,45,122165,122672
[Recv] <<< 23:c9:cc:4b:a0:3a,3698,-35,2256,54.18,35.63,74,122239,122746
[Recv] <<< 23:c9:cc:4b:a0:3a,3701,-35,2257,54.20,35.62,97,122336,122843
[Recv] <<< 23:c9:cc:4b:a0:3a,3702,-35,2258,54.19,35.62,35,122371,122878
[Recv] <<< 23:c9:cc:4b:a0:3a,3703,-32,2259,54.18,35.62,29,122400,122907
[Recv] <<< 23:c9:cc:4b:a0:3a,3704,-32,2260,54.18,35.62,40,122440,122947
[Recv] <<< 23:c9:cc:4b:a0:3a,3705,-32,2261,54.17,35.62,32,122472,122979
[Recv] <<< 23:c9:cc:4b:a0:3a,3706,-32,2262,54.16,35.62,30,122502,123009
[Recv] <<< 23:c9:cc:4b:a0:3a,3707,-32,2263,54.15,35.62,34,122536,123043
[Recv] <<< 23:c9:cc:4b:a0:3a,3708,-42,2264,54.14,35.62,32,122568,123075
[Recv] <<< 23:c9:cc:4b:a0:3a,3709,-41,2265,54.13,35.62,29,122597,123104
[Recv] <<< 23:c9:cc:4b:a0:3a,3710,-41,2266,54.12,35.62,35,122632,123139
[Recv] <<< 23:c9:cc:4b:a0:3a,3711,-41,2267,54.11,35.62,32,122664,123171
[Recv] <<< 23:c9:cc:4b:a0:3a,3712,-41,2268,54.10,35.62,34,122698,123205
[Recv] <<< 23:c9:cc:4b:a0:3a,3713,-46,2269,54.09,35.62,34,122732,123239
[Recv] <<< 23:c9:cc:4b:a0:3a,3714,-41,2270,54.08,35.62,38,122770,123277
[Recv] <<< 23:c9:cc:4b:a0:3a,3715,-46,2271,54.07,35.61,29,122799,123306
[Recv] <<< 23:c9:cc:4b:a0:3a,3716,-41,2272,54.07,35.62,41,122840,123347
[Recv] <<< 23:c9:cc:4b:a0:3a,3718,-32,2273,54.08,35.62,75,122915,123422
[Recv] <<< 23:c9:cc:4b:a0:3a,3721,-32,2274,54.10,35.62,103,123018,123525
[Recv] <<< 23:c9:cc:4b:a0:3a,3722,-35,2275,54.09,35.62,46,123064,123571
[Recv] <<< 23:c9:cc:4b:a0:3a,3725,-35,2276,54.12,35.62,102,123166,123673
[Recv] <<< 23:c9:cc:4b:a0:3a,3726,-32,2277,54.10,35.61,26,123192,123699
[Recv] <<< 23:c9:cc:4b:a0:3a,3729,-32,2278,54.13,35.62,108,123300,123807
[Recv] <<< 23:c9:cc:4b:a0:3a,3730,-32,2279,54.12,35.61,34,123334,123841
[Recv] <<< 23:c9:cc:4b:a0:3a,3732,-41,2280,54.12,35.61,59,123393,123900
[Recv] <<< 23:c9:cc:4b:a0:3a,3733,-41,2281,54.11,35.61,41,123434,123941
[Recv] <<< 23:c9:cc:4b:a0:3a,3734,-41,2282,54.10,35.61,30,123464,123971
[Recv] <<< 23:c9:cc:4b:a0:3a,3737,-41,2283,54.12,35.61,103,123567,124074
[Recv] <<< 23:c9:cc:4b:a0:3a,3740,-41,2284,54.15,35.61,103,123670,124177
[Recv] <<< 23:c9:cc:4b:a0:3a,3741,-41,2285,54.14,35.61,30,123700,124207
[Recv] <<< 23:c9:cc:4b:a0:3a,3742,-32,2286,54.13,35.61,41,123741,124248
[Recv] <<< 23:c9:cc:4b:a0:3a,3745,-35,2287,54.16,35.61,115,123856,124363
[Recv] <<< 23:c9:cc:4b:a0:3a,3746,-35,2288,54.15,35.61,36,123892,124399
[Recv] <<< 23:c9:cc:4b:a0:3a,3747,-36,2289,54.14,35.61,35,123927,124434
[Recv] <<< 23:c9:cc:4b:a0:3a,3748,-36,2290,54.13,35.61,36,123963,124470
[Recv] <<< 23:c9:cc:4b:a0:3a,3749,-35,2291,54.12,35.61,35,123998,124505
[Recv] <<< 23:c9:cc:4b:a0:3a,3750,-36,2292,54.11,35.61,26,124024,124531
[Recv] <<< 23:c9:cc:4b:a0:3a,3751,-36,2293,54.10,35.61,33,124057,124564
[Recv] <<< 23:c9:cc:4b:a0:3a,3753,-41,2294,54.11,35.61,78,124135,124642
[Recv] <<< 23:c9:cc:4b:a0:3a,3755,-32,2295,54.12,35.61,79,124214,124721
[Recv] <<< 23:c9:cc:4b:a0:3a,3756,-32,2296,54.12,35.61,35,124249,124756
[Recv] <<< 23:c9:cc:4b:a0:3a,3757,-32,2297,54.11,35.61,34,124283,124790
[Recv] <<< 23:c9:cc:4b:a0:3a,3758,-32,2298,54.09,35.61,26,124309,124816
[Recv] <<< 23:c9:cc:4b:a0:3a,3759,-32,2299,54.09,35.61,43,124352,124859
[Recv] <<< 23:c9:cc:4b:a0:3a,3760,-33,2300,54.08,35.61,29,124381,124888
[Recv] <<< 23:c9:cc:4b:a0:3a,3761,-32,2301,54.07,35.61,37,124418,124925
[Recv] <<< 23:c9:cc:4b:a0:3a,3762,-32,2302,54.06,35.61,34,124452,124959
[Recv] <<< 23:c9:cc:4b:a0:3a,3763,-32,2303,54.05,35.60,23,124475,124982
[Recv] <<< 23:c9:cc:4b:a0:3a,3764,-42,2304,54.04,35.61,37,124512,125019
[Recv] <<< 23:c9:cc:4b:a0:3a,3765,-47,2305,54.03,35.61,36,124548,125055
[Recv] <<< 23:c9:cc:4b:a0:3a,3768,-41,2306,54.06,35.60,105,124653,125160
[Recv] <<< 23:c9:cc:4b:a0:3a,3769,-41,2307,54.05,35.60,33,124686,125193
[Recv] <<< 23:c9:cc:4b:a0:3a,3770,-41,2308,54.04,35.61,39,124725,125232
[Recv] <<< 23:c9:cc:4b:a0:3a,3771,-41,2309,54.03,35.60,29,124754,125261
[Recv] <<< 23:c9:cc:4b:a0:3a,3772,-46,2310,54.02,35.60,30,124784,125291
[Recv] <<< 23:c9:cc:4b:a0:3a,3777,-32,2311,54.07,35.60,168,124952,125459
[Recv] <<< 23:c9:cc:4b:a0:3a,3778,-36,2312,54.06,35.60,34,124986,125493
[Recv] <<< 23:c9:cc:4b:a0:3a,3779,-35,2313,54.05,35.60,30,125016,125523
[Recv] <<< 23:c9:cc:4b:a0:3a,3780,-36,2314,54.04,35.60,37,125053,125560
[Recv] <<< 23:c9:cc:4b:a0:3a,3781,-35,2315,54.03,35.60,30,125083,125590
[Recv] <<< 23:c9:cc:4b:a0:3a,3782,-37,2316,54.02,35.59,33,125116,125623
[Recv] <<< 23:c9:cc:4b:a0:3a,3783,-35,2317,54.02,35.60,39,125155,125662
[Recv] <<< 23:c9:cc:4b:a0:3a,3784,-35,2318,54.01,35.59,30,125185,125692
[Recv] <<< 23:c9:cc:4b:a0:3a,3786,-36,2319,54.01,35.59,68,125253,125760
[Recv] <<< 23:c9:cc:4b:a0:3a,3787,-35,2320,54.00,35.59,37,125290,125797
[Recv] <<< 23:c9:cc:4b:a0:3a,3788,-41,2321,54.00,35.60,41,125331,125838
[Recv] <<< 23:c9:cc:4b:a0:3a,3789,-41,2322,53.99,35.60,35,125366,125873
[Recv] <<< 23:c9:cc:4b:a0:3a,3790,-41,2323,53.98,35.59,30,125396,125903
[Recv] <<< 23:c9:cc:4b:a0:3a,3791,-41,2324,53.97,35.59,33,125429,125936
[Recv] <<< 23:c9:cc:4b:a0:3a,3792,-41,2325,53.96,35.59,36,125465,125972
[Recv] <<< 23:c9:cc:4b:a0:3a,3793,-41,2326,53.95,35.59,34,125499,126006
[Recv] <<< 23:c9:cc:4b:a0:3a,3795,-32,2327,53.97,35.59,78,125577,126084
[Recv] <<< 23:c9:cc:4b:a0:3a,3797,-41,2328,53.97,35.59,57,125634,126141
[Recv] <<< 23:c9:cc:4b:a0:3a,3799,-41,2329,53.98,35.59,76,125710,126217
[Recv] <<< 23:c9:cc:4b:a0:3a,3801,-41,2330,53.98,35.59,70,125780,126287
[Recv] <<< 23:c9:cc:4b:a0:3a,3802,-42,2331,53.97,35.59,26,125806,126313
[Recv] <<< 23:c9:cc:4b:a0:3a,3803,-42,2332,53.96,35.59,36,125842,126349
[Recv] <<< 23:c9:cc:4b:a0:3a,3806,-43,2333,53.98,35.59,100,125942,126449
[Recv] <<< 23:c9:cc:4b:a0:3a,3807,-41,2334,53.97,35.59,34,125976,126483
[Recv] <<< 23:c9:cc:4b:a0:3a,3808,-41,2335,53.97,35.59,35,126011,126518
[Recv] <<< 23:c9:cc:4b:a0:3a,3810,-36,2336,53.97,35.58,65,126076,126583
[Recv] <<< 23:c9:cc:4b:a0:3a,3811,-36,2337,53.96,35.58,30,126106,126613
[Recv] <<< 23:c9:cc:4b:a0:3a,3813,-41,2338,53.97,35.58,71,126177,126684
[Recv] <<< 23:c9:cc:4b:a0:3a,3817,-36,2339,54.00,35.58,138,126315,126822
[Recv] <<< 23:c9:cc:4b:a0:3a,3819,-36,2340,54.01,35.58,76,126391,126898
[Recv] <<< 23:c9:cc:4b:a0:3a,3822,-41,2341,54.03,35.58,104,126495,127002
[Recv] <<< 23:c9:cc:4b:a0:3a,3823,-41,2342,54.03,35.58,42,126537,127044
[Recv] <<< 23:c9:cc:4b:a0:3a,3824,-42,2343,54.02,35.58,25,126562,127069
[Recv] <<< 23:c9:cc:4b:a0:3a,3825,-45,2344,54.01,35.58,37,126599,127106
[Recv] <<< 23:c9:cc:4b:a0:3a,3826,-36,2345,54.00,35.58,29,126628,127135
[Recv] <<< 23:c9:cc:4b:a0:3a,3827,-36,2346,53.99,35.58,37,126665,127172
[Recv] <<< 23:c9:cc:4b:a0:3a,3829,-41,2347,54.00,35.58,74,126739,127246
[Recv] <<< 23:c9:cc:4b:a0:3a,3831,-45,2348,54.01,35.58,76,126815,127322
[Recv] <<< 23:c9:cc:4b:a0:3a,3832,-41,2349,54.00,35.58,27,126842,127349
[Recv] <<< 23:c9:cc:4b:a0:3a,3833,-41,2350,53.99,35.58,32,126874,127381
[Recv] <<< 23:c9:cc:4b:a0:3a,3834,-41,2351,53.98,35.58,40,126914,127421
[Recv] <<< 23:c9:cc:4b:a0:3a,3835,-47,2352,53.97,35.58,28,126942,127449
[Recv] <<< 23:c9:cc:4b:a0:3a,3836,-41,2353,53.96,35.58,36,126978,127485
[Recv] <<< 23:c9:cc:4b:a0:3a,3837,-42,2354,53.96,35.58,42,127020,127527
[Recv] <<< 23:c9:cc:4b:a0:3a,3838,-41,2355,53.95,35.58,31,127051,127558
[Recv] <<< 23:c9:cc:4b:a0:3a,3839,-36,2356,53.94,35.58,30,127081,127588
[Recv] <<< 23:c9:cc:4b:a0:3a,3840,-35,2357,53.93,35.58,40,127121,127628
[Recv] <<< 23:c9:cc:4b:a0:3a,3841,-41,2358,53.92,35.58,34,127155,127662
[Recv] <<< 23:c9:cc:4b:a0:3a,3844,-41,2359,53.95,35.58,115,127270,127777
[Recv] <<< 23:c9:cc:4b:a0:3a,3845,-45,2360,53.94,35.58,31,127301,127808
[Recv] <<< 23:c9:cc:4b:a0:3a,3846,-42,2361,53.93,35.58,34,127335,127842
[Recv] <<< 23:c9:cc:4b:a0:3a,3847,-41,2362,53.92,35.58,29,127364,127871
[Recv] <<< 23:c9:cc:4b:a0:3a,3849,-35,2363,53.93,35.57,63,127427,127934
[Recv] <<< 23:c9:cc:4b:a0:3a,3850,-36,2364,53.92,35.58,50,127477,127984
[Recv] <<< 23:c9:cc:4b:a0:3a,3851,-36,2365,53.91,35.58,25,127502,128009
[Recv] <<< 23:c9:cc:4b:a0:3a,3852,-36,2366,53.90,35.57,34,127536,128043
[Recv] <<< 23:c9:cc:4b:a0:3a,3853,-35,2367,53.90,35.58,41,127577,128084
[Recv] <<< 23:c9:cc:4b:a0:3a,3854,-36,2368,53.89,35.58,36,127613,128120
[Recv] <<< 23:c9:cc:4b:a0:3a,3855,-36,2369,53.88,35.58,35,127648,128155
[Recv] <<< 23:c9:cc:4b:a0:3a,3856,-35,2370,53.87,35.57,26,127674,128181
[Recv] <<< 23:c9:cc:4b:a0:3a,3857,-36,2371,53.87,35.58,43,127717,128224
[Recv] <<< 23:c9:cc:4b:a0:3a,3858,-35,2372,53.86,35.57,30,127747,128254
[Recv] <<< 23:c9:cc:4b:a0:3a,3859,-36,2373,53.85,35.57,33,127780,128287
[Recv] <<< 23:c9:cc:4b:a0:3a,3860,-41,2374,53.84,35.58,42,127822,128329
[Recv] <<< 23:c9:cc:4b:a0:3a,3861,-41,2375,53.84,35.58,39,127861,128368
[Recv] <<< 23:c9:cc:4b:a0:3a,3866,-35,2376,53.89,35.58,174,128035,128542
[Recv] <<< 23:c9:cc:4b:a0:3a,3867,-36,2377,53.88,35.57,29,128064,128571
[Recv] <<< 23:c9:cc:4b:a0:3a,3868,-36,2378,53.87,35.57,41,128105,128612
[Recv] <<< 23:c9:cc:4b:a0:3a,3869,-35,2379,53.86,35.57,27,128132,128639
[Recv] <<< 23:c9:cc:4b:a0:3a,3870,-35,2380,53.85,35.57,36,128168,128675
[Recv] <<< 23:c9:cc:4b:a0:3a,3871,-35,2381,53.84,35.57,30,128198,128705
[Recv] <<< 23:c9:cc:4b:a0:3a,3872,-41,2382,53.84,35.57,39,128237,128744
[Recv] <<< 23:c9:cc:4b:a0:3a,3873,-35,2383,53.83,35.57,36,128273,128780
[Recv] <<< 23:c9:cc:4b:a0:3a,3874,-36,2384,53.82,35.57,33,128306,128813
[Recv] <<< 23:c9:cc:4b:a0:3a,3875,-35,2385,53.81,35.57,35,128341,128848
[Recv] <<< 23:c9:cc:4b:a0:3a,3876,-35,2386,53.80,35.57,26,128367,128874
[Recv] <<< 23:c9:cc:4b:a0:3a,3877,-35,2387,53.79,35.57,35,128402,128909
[Recv] <<< 23:c9:cc:4b:a0:3a,3880,-32,2388,53.81,35.57,101,128503,129010
[Recv] <<< 23:c9:cc:4b:a0:3a,3881,-32,2389,53.80,35.57,34,128537,129044
[Recv] <<< 23:c9:cc:4b:a0:3a,3882,-32,2390,53.80,35.57,35,128572,129079
[Recv] <<< 23:c9:cc:4b:a0:3a,3886,-32,2391,53.83,35.56,131,128703,129210
[Recv] <<< 23:c9:cc:4b:a0:3a,3887,-35,2392,53.82,35.56,38,128741,129248
[Recv] <<< 23:c9:cc:4b:a0:3a,3888,-35,2393,53.81,35.56,36,128777,129284
[Recv] <<< 23:c9:cc:4b:a0:3a,3889,-35,2394,53.81,35.56,34,128811,129318
[Recv] <<< 23:c9:cc:4b:a0:3a,3890,-36,2395,53.80,35.56,36,128847,129354
[Recv] <<< 23:c9:cc:4b:a0:3a,3891,-35,2396,53.79,35.56,32,128879,129386
[Recv] <<< 23:c9:cc:4b:a0:3a,3892,-41,2397,53.79,35.57,45,128924,129431
[Recv] <<< 23:c9:cc:4b:a0:3a,3893,-45,2398,53.78,35.56,33,128957,129464
[Recv] <<< 23:c9:cc:4b:a0:3a,3896,-32,2399,53.80,35.56,106,129063,129570
[Recv] <<< 23:c9:cc:4b:a0:3a,3897,-32,2400,53.79,35.56,36,129099,129606
[Recv] <<< 23:c9:cc:4b:a0:3a,3899,-41,2401,53.79,35.56,60,129159,129666
[Recv] <<< 23:c9:cc:4b:a0:3a,3901,-32,2402,53.80,35.56,80,129239,129746
[Recv] <<< 23:c9:cc:4b:a0:3a,3902,-36,2403,53.80,35.57,50,129289,129796
[Recv] <<< 23:c9:cc:4b:a0:3a,3903,-35,2404,53.79,35.57,30,129319,129826
[Recv] <<< 23:c9:cc:4b:a0:3a,3904,-42,2405,53.79,35.57,39,129358,129865
[Recv] <<< 23:c9:cc:4b:a0:3a,3905,-41,2406,53.78,35.57,30,129388,129895
[Recv] <<< 23:c9:cc:4b:a0:3a,3906,-46,2407,53.77,35.56,33,129421,129928
[Recv] <<< 23:c9:cc:4b:a0:3a,3908,-41,2408,53.78,35.57,72,129493,130000
[Recv] <<< 23:c9:cc:4b:a0:3a,3909,-48,2409,53.77,35.56,32,129525,130032
[Recv] <<< 23:c9:cc:4b:a0:3a,3910,-41,2410,53.76,35.56,31,129556,130063
[Recv] <<< 23:c9:cc:4b:a0:3a,3911,-41,2411,53.75,35.56,35,129591,130098
[Recv] <<< 23:c9:cc:4b:a0:3a,3912,-41,2412,53.74,35.56,30,129621,130128
[Recv] <<< 23:c9:cc:4b:a0:3a,3913,-32,2413,53.74,35.56,47,129668,130175
[Recv] <<< 23:c9:cc:4b:a0:3a,3914,-32,2414,53.73,35.56,37,129705,130212
[Recv] <<< 23:c9:cc:4b:a0:3a,3915,-32,2415,53.72,35.56,32,129737,130244
[Recv] <<< 23:c9:cc:4b:a0:3a,3916,-32,2416,53.71,35.56,35,129772,130279
[Recv] <<< 23:c9:cc:4b:a0:3a,3917,-32,2417,53.70,35.56,31,129803,130310
[Recv] <<< 23:c9:cc:4b:a0:3a,3918,-41,2418,53.70,35.56,35,129838,130345
[Recv] <<< 23:c9:cc:4b:a0:3a,3919,-41,2419,53.69,35.56,32,129870,130377
[Recv] <<< 23:c9:cc:4b:a0:3a,3920,-41,2420,53.68,35.56,35,129905,130412
[Recv] <<< 23:c9:cc:4b:a0:3a,3921,-32,2421,53.67,35.56,37,129942,130449
[Recv] <<< 23:c9:cc:4b:a0:3a,3923,-32,2422,53.68,35.56,69,130011,130518
[Recv] <<< 23:c9:cc:4b:a0:3a,3924,-32,2423,53.67,35.56,37,130048,130555
[Recv] <<< 23:c9:cc:4b:a0:3a,3925,-32,2424,53.66,35.56,33,130081,130588
[Recv] <<< 23:c9:cc:4b:a0:3a,3926,-32,2425,53.66,35.56,39,130120,130627
[Recv] <<< 23:c9:cc:4b:a0:3a,3927,-36,2426,53.65,35.56,44,130164,130671
[Recv] <<< 23:c9:cc:4b:a0:3a,3928,-32,2427,53.64,35.56,23,130187,130694
[Recv] <<< 23:c9:cc:4b:a0:3a,3929,-32,2428,53.63,35.56,30,130217,130724
[Recv] <<< 23:c9:cc:4b:a0:3a,3930,-36,2429,53.63,35.56,47,130264,130771
[Recv] <<< 23:c9:cc:4b:a0:3a,3931,-36,2430,53.62,35.56,35,130299,130806
[Recv] <<< 23:c9:cc:4b:a0:3a,3932,-42,2431,53.62,35.56,46,130345,130852
[Recv] <<< 23:c9:cc:4b:a0:3a,3933,-41,2432,53.61,35.56,30,130375,130882
[Recv] <<< 23:c9:cc:4b:a0:3a,3934,-32,2433,53.60,35.56,39,130414,130921
[Recv] <<< 23:c9:cc:4b:a0:3a,3935,-36,2434,53.60,35.57,43,130457,130964
[Recv] <<< 23:c9:cc:4b:a0:3a,3936,-41,2435,53.60,35.57,51,130508,131015
[Recv] <<< 23:c9:cc:4b:a0:3a,3937,-41,2436,53.59,35.57,27,130535,131042
[Recv] <<< 23:c9:cc:4b:a0:3a,3941,-32,2437,53.63,35.57,150,130685,131192
[Recv] <<< 23:c9:cc:4b:a0:3a,3942,-36,2438,53.62,35.57,39,130724,131231
[Recv] <<< 23:c9:cc:4b:a0:3a,3945,-43,2439,53.64,35.57,114,130838,131345
[Recv] <<< 23:c9:cc:4b:a0:3a,3946,-45,2440,53.64,35.57,33,130871,131378
[Recv] <<< 23:c9:cc:4b:a0:3a,3947,-41,2441,53.63,35.57,39,130910,131417
[Recv] <<< 23:c9:cc:4b:a0:3a,3948,-32,2442,53.63,35.58,49,130959,131466
[Recv] <<< 23:c9:cc:4b:a0:3a,3949,-36,2443,53.62,35.58,45,131004,131511
[Recv] <<< 23:c9:cc:4b:a0:3a,3951,-41,2444,53.63,35.58,71,131075,131582
[Recv] <<< 23:c9:cc:4b:a0:3a,3952,-43,2445,53.63,35.58,40,131115,131622
[Recv] <<< 23:c9:cc:4b:a0:3a,3953,-32,2446,53.62,35.58,40,131155,131662
[Recv] <<< 23:c9:cc:4b:a0:3a,3954,-32,2447,53.62,35.58,41,131196,131703
[Recv] <<< 23:c9:cc:4b:a0:3a,3956,-35,2448,53.62,35.58,74,131270,131777
[Recv] <<< 23:c9:cc:4b:a0:3a,3959,-36,2449,53.64,35.58,106,131376,131883
[Recv] <<< 23:c9:cc:4b:a0:3a,3960,-41,2450,53.64,35.59,43,131419,131926
[Recv] <<< 23:c9:cc:4b:a0:3a,3961,-32,2451,53.64,35.59,44,131463,131970
[Recv] <<< 23:c9:cc:4b:a0:3a,3962,-32,2452,53.63,35.59,36,131499,132006
[Recv] <<< 23:c9:cc:4b:a0:3a,3963,-32,2453,53.62,35.59,39,131538,132045
[Recv] <<< 23:c9:cc:4b:a0:3a,3966,-35,2454,53.65,35.59,119,131657,132164
[Recv] <<< 23:c9:cc:4b:a0:3a,3967,-35,2455,53.64,35.59,32,131689,132196
[Recv] <<< 23:c9:cc:4b:a0:3a,3968,-36,2456,53.63,35.59,35,131724,132231
[Recv] <<< 23:c9:cc:4b:a0:3a,3969,-41,2457,53.63,35.59,41,131765,132272
[Recv] <<< 23:c9:cc:4b:a0:3a,3970,-41,2458,53.62,35.59,39,131804,132311
[Recv] <<< 23:c9:cc:4b:a0:3a,3971,-32,2459,53.62,35.60,50,131854,132361
[Recv] <<< 23:c9:cc:4b:a0:3a,3972,-36,2460,53.61,35.60,37,131891,132398
[Recv] <<< 23:c9:cc:4b:a0:3a,3973,-35,2461,53.61,35.60,35,131926,132433
[Recv] <<< 23:c9:cc:4b:a0:3a,3976,-41,2462,53.63,35.60,118,132044,132551
[Recv] <<< 23:c9:cc:4b:a0:3a,3977,-32,2463,53.63,35.60,40,132084,132591
[Recv] <<< 23:c9:cc:4b:a0:3a,3978,-36,2464,53.62,35.60,45,132129,132636
[Recv] <<< 23:c9:cc:4b:a0:3a,3980,-32,2465,53.64,35.61,82,132211,132718
[Recv] <<< 23:c9:cc:4b:a0:3a,3981,-32,2466,53.63,35.61,44,132255,132762
[Recv] <<< 23:c9:cc:4b:a0:3a,3982,-33,2467,53.62,35.61,34,132289,132796
[Recv] <<< 23:c9:cc:4b:a0:3a,3983,-41,2468,53.62,35.61,48,132337,132844
[Recv] <<< 23:c9:cc:4b:a0:3a,3985,-32,2469,53.63,35.62,83,132420,132927
[Recv] <<< 23:c9:cc:4b:a0:3a,3986,-36,2470,53.63,35.62,48,132468,132975
[Recv] <<< 23:c9:cc:4b:a0:3a,3987,-41,2471,53.63,35.62,45,132513,133020
[Recv] <<< 23:c9:cc:4b:a0:3a,3988,-32,2472,53.62,35.62,38,132551,133058
[Recv] <<< 23:c9:cc:4b:a0:3a,3989,-36,2473,53.62,35.63,52,132603,133110
[Recv] <<< 23:c9:cc:4b:a0:3a,3990,-35,2474,53.61,35.63,37,132640,133147
[Recv] <<< 23:c9:cc:4b:a0:3a,3991,-46,2475,53.61,35.63,43,132683,133190
[Recv] <<< 23:c9:cc:4b:a0:3a,3993,-32,2476,53.62,35.63,84,132767,133274
[Recv] <<< 23:c9:cc:4b:a0:3a,3994,-36,2477,53.62,35.64,52,132819,133326
[Recv] <<< 23:c9:cc:4b:a0:3a,3995,-45,2478,53.62,35.64,41,132860,133367
[Recv] <<< 23:c9:cc:4b:a0:3a,3996,-32,2479,53.61,35.64,40,132900,133407
[Recv] <<< 23:c9:cc:4b:a0:3a,3997,-35,2480,53.61,35.64,43,132943,133450
[Recv] <<< 23:c9:cc:4b:a0:3a,3998,-42,2481,53.60,35.65,49,132992,133499
[Recv] <<< 23:c9:cc:4b:a0:3a,3999,-32,2482,53.60,35.65,44,133036,133543
[Recv] <<< 23:c9:cc:4b:a0:3a,4000,-36,2483,53.60,35.65,44,133080,133587
[Recv] <<< 23:c9:cc:4b:a0:3a,4002,-46,2484,53.61,35.65,83,133163,133670
[Recv] <<< 23:c9:cc:4b:a0:3a,4003,-32,2485,53.60,35.65,42,133205,133712
[Recv] <<< 23:c9:cc:4b:a0:3a,4004,-35,2486,53.60,35.66,42,133247,133754
[Recv] <<< 23:c9:cc:4b:a0:3a,4005,-41,2487,53.60,35.66,48,133295,133802
[Recv] <<< 23:c9:cc:4b:a0:3a,4006,-32,2488,53.59,35.66,39,133334,133841
[Recv] <<< 23:c9:cc:4b:a0:3a,4008,-35,2489,53.61,35.67,92,133426,133933
[Recv] <<< 23:c9:cc:4b:a0:3a,4009,-41,2490,53.60,35.67,41,133467,133974
[Recv] <<< 23:c9:cc:4b:a0:3a,4010,-32,2491,53.60,35.67,44,133511,134018
[Recv] <<< 23:c9:cc:4b:a0:3a,4013,-42,2492,53.63,35.68,130,133641,134148
[Recv] <<< 23:c9:cc:4b:a0:3a,4014,-32,2493,53.62,35.68,40,133681,134188
[Recv] <<< 23:c9:cc:4b:a0:3a,4015,-36,2494,53.62,35.68,44,133725,134232
[Recv] <<< 23:c9:cc:4b:a0:3a,4016,-42,2495,53.61,35.68,44,133769,134276
[Recv] <<< 23:c9:cc:4b:a0:3a,4017,-32,2496,53.61,35.68,48,133817,134324
[Recv] <<< 23:c9:cc:4b:a0:3a,4018,-36,2497,53.61,35.69,47,133864,134371
[Recv] <<< 23:c9:cc:4b:a0:3a,4019,-41,2498,53.60,35.69,41,133905,134412
[Recv] <<< 23:c9:cc:4b:a0:3a,4020,-41,2499,53.60,35.69,42,133947,134454
[Recv] <<< 23:c9:cc:4b:a0:3a,4021,-32,2500,53.59,35.69,37,133984,134491
[Recv] <<< 23:c9:cc:4b:a0:3a,4022,-32,2501,53.59,35.69,41,134025,134532
[Recv] <<< 23:c9:cc:4b:a0:3a,4023,-36,2502,53.59,35.69,45,134070,134577
[Recv] <<< 23:c9:cc:4b:a0:3a,4026,-32,2503,53.61,35.70,128,134198,134705
[Recv] <<< 23:c9:cc:4b:a0:3a,4027,-35,2504,53.61,35.70,39,134237,134744
[Recv] <<< 23:c9:cc:4b:a0:3a,4029,-41,2505,53.62,35.70,84,134321,134828
[Recv] <<< 23:c9:cc:4b:a0:3a,4030,-32,2506,53.62,35.71,45,134366,134873
[Recv] <<< 23:c9:cc:4b:a0:3a,4032,-36,2507,53.63,35.71,81,134447,134954
[Recv] <<< 23:c9:cc:4b:a0:3a,4033,-41,2508,53.63,35.71,46,134493,135000
[Recv] <<< 23:c9:cc:4b:a0:3a,4034,-32,2509,53.62,35.72,47,134540,135047
[Recv] <<< 23:c9:cc:4b:a0:3a,4035,-36,2510,53.62,35.72,38,134578,135085
[Recv] <<< 23:c9:cc:4b:a0:3a,4036,-41,2511,53.61,35.72,42,134620,135127
[Recv] <<< 23:c9:cc:4b:a0:3a,4038,-32,2512,53.63,35.72,88,134708,135215
[Recv] <<< 23:c9:cc:4b:a0:3a,4041,-41,2513,53.65,35.73,126,134834,135341
[Recv] <<< 23:c9:cc:4b:a0:3a,4042,-32,2514,53.65,35.73,42,134876,135383
[Recv] <<< 23:c9:cc:4b:a0:3a,4043,-32,2515,53.65,35.73,42,134918,135425
[Recv] <<< 23:c9:cc:4b:a0:3a,4044,-38,2516,53.64,35.73,45,134963,135470
[Recv] <<< 23:c9:cc:4b:a0:3a,4046,-41,2517,53.65,35.74,85,135048,135555
[Recv] <<< 23:c9:cc:4b:a0:3a,4048,-32,2518,53.67,35.74,84,135132,135639
[Recv] <<< 23:c9:cc:4b:a0:3a,4049,-35,2519,53.66,35.74,40,135172,135679
[Recv] <<< 23:c9:cc:4b:a0:3a,4050,-36,2520,53.65,35.74,35,135207,135714
[Recv] <<< 23:c9:cc:4b:a0:3a,4051,-41,2521,53.65,35.74,49,135256,135763
[Recv] <<< 23:c9:cc:4b:a0:3a,4052,-32,2522,53.65,35.75,39,135295,135802
[Recv] <<< 23:c9:cc:4b:a0:3a,4055,-41,2523,53.68,35.75,129,135424,135931
[Recv] <<< 23:c9:cc:4b:a0:3a,4056,-41,2524,53.67,35.75,37,135461,135968
[Recv] <<< 23:c9:cc:4b:a0:3a,4059,-38,2525,53.70,35.76,124,135585,136092
[Recv] <<< 23:c9:cc:4b:a0:3a,4060,-45,2526,53.69,35.76,44,135629,136136
[Recv] <<< 23:c9:cc:4b:a0:3a,4061,-32,2527,53.69,35.76,43,135672,136179
[Recv] <<< 23:c9:cc:4b:a0:3a,4062,-32,2528,53.69,35.76,45,135717,136224
[Recv] <<< 23:c9:cc:4b:a0:3a,4064,-32,2529,53.70,35.76,79,135796,136303
[Recv] <<< 23:c9:cc:4b:a0:3a,4065,-35,2530,53.69,35.76,37,135833,136340
[Recv] <<< 23:c9:cc:4b:a0:3a,4068,-41,2531,53.72,35.77,125,135958,136465
[Recv] <<< 23:c9:cc:4b:a0:3a,4069,-32,2532,53.71,35.77,40,135998,136505
[Recv] <<< 23:c9:cc:4b:a0:3a,4071,-41,2533,53.72,35.77,86,136084,136591
[Recv] <<< 23:c9:cc:4b:a0:3a,4072,-32,2534,53.72,35.78,44,136128,136635
[Recv] <<< 23:c9:cc:4b:a0:3a,4073,-32,2535,53.72,35.78,43,136171,136678
[Recv] <<< 23:c9:cc:4b:a0:3a,4075,-36,2536,53.72,35.78,75,136246,136753
[Recv] <<< 23:c9:cc:4b:a0:3a,4076,-36,2537,53.72,35.78,46,136292,136799
[Recv] <<< 23:c9:cc:4b:a0:3a,4077,-41,2538,53.72,35.78,41,136333,136840
[Recv] <<< 23:c9:cc:4b:a0:3a,4078,-42,2539,53.71,35.78,42,136375,136882
[Recv] <<< 23:c9:cc:4b:a0:3a,4079,-32,2540,53.71,35.79,40,136415,136922
[Recv] <<< 23:c9:cc:4b:a0:3a,4080,-32,2541,53.70,35.79,35,136450,136957
[Recv] <<< 23:c9:cc:4b:a0:3a,4081,-33,2542,53.70,35.79,44,136494,137001
[Recv] <<< 23:c9:cc:4b:a0:3a,4082,-48,2543,53.69,35.79,46,136540,137047
[Recv] <<< 23:c9:cc:4b:a0:3a,4084,-32,2544,53.70,35.79,83,136623,137130
[Recv] <<< 23:c9:cc:4b:a0:3a,4085,-32,2545,53.70,35.80,44,136667,137174
[Recv] <<< 23:c9:cc:4b:a0:3a,4086,-36,2546,53.70,35.80,46,136713,137220
[Recv] <<< 23:c9:cc:4b:a0:3a,4087,-45,2547,53.69,35.80,35,136748,137255
[Recv] <<< 23:c9:cc:4b:a0:3a,4089,-32,2548,53.70,35.80,89,136837,137344
[Recv] <<< 23:c9:cc:4b:a0:3a,4090,-35,2549,53.70,35.80,44,136881,137388
[Recv] <<< 23:c9:cc:4b:a0:3a,4091,-41,2550,53.69,35.81,38,136919,137426
[Recv] <<< 23:c9:cc:4b:a0:3a,4092,-48,2551,53.69,35.81,48,136967,137474
[Recv] <<< 23:c9:cc:4b:a0:3a,4093,-32,2552,53.68,35.81,33,137000,137507
[Recv] <<< 23:c9:cc:4b:a0:3a,4094,-33,2553,53.68,35.81,40,137040,137547
[Recv] <<< 23:c9:cc:4b:a0:3a,4095,-36,2554,53.67,35.81,45,137085,137592
[Recv] <<< 23:c9:cc:4b:a0:3a,4096,-41,2555,53.67,35.81,42,137127,137634
[Recv] <<< 23:c9:cc:4b:a0:3a,4097,-32,2556,53.67,35.82,45,137172,137679
[Recv] <<< 23:c9:cc:4b:a0:3a,4098,-32,2557,53.66,35.82,40,137212,137719
[Recv] <<< 23:c9:cc:4b:a0:3a,4099,-36,2558,53.66,35.82,39,137251,137758
[Recv] <<< 23:c9:cc:4b:a0:3a,4100,-38,2559,53.65,35.82,38,137289,137796
[Recv] <<< 23:c9:cc:4b:a0:3a,4101,-41,2560,53.65,35.82,51,137340,137847
[Recv] <<< 23:c9:cc:4b:a0:3a,4102,-32,2561,53.64,35.82,39,137379,137886
[Recv] <<< 23:c9:cc:4b:a0:3a,4103,-32,2562,53.64,35.82,41,137420,137927
[Recv] <<< 23:c9:cc:4b:a0:3a,4104,-36,2563,53.63,35.83,43,137463,137970
[Recv] <<< 23:c9:cc:4b:a0:3a,4106,-45,2564,53.64,35.83,82,137545,138052
[Recv] <<< 23:c9:cc:4b:a0:3a,4109,-35,2565,53.67,35.83,128,137673,138180
[Recv] <<< 23:c9:cc:4b:a0:3a,4110,-41,2566,53.67,35.84,49,137722,138229
[Recv] <<< 23:c9:cc:4b:a0:3a,4111,-41,2567,53.67,35.84,38,137760,138267
[Recv] <<< 23:c9:cc:4b:a0:3a,4112,-32,2568,53.66,35.84,41,137801,138308
[Recv] <<< 23:c9:cc:4b:a0:3a,4113,-32,2569,53.65,35.84,38,137839,138346
[Recv] <<< 23:c9:cc:4b:a0:3a,4114,-36,2570,53.65,35.84,40,137879,138386
[Recv] <<< 23:c9:cc:4b:a0:3a,4115,-45,2571,53.64,35.84,39,137918,138425
[Recv] <<< 23:c9:cc:4b:a0:3a,4116,-45,2572,53.64,35.84,44,137962,138469
[Recv] <<< 23:c9:cc:4b:a0:3a,4117,-32,2573,53.64,35.85,42,138004,138511
[Recv] <<< 23:c9:cc:4b:a0:3a,4118,-32,2574,53.63,35.85,43,138047,138554
[Recv] <<< 23:c9:cc:4b:a0:3a,4119,-33,2575,53.63,35.85,48,138095,138602
[Recv] <<< 23:c9:cc:4b:a0:3a,4120,-41,2576,53.62,35.85,43,138138,138645
[Recv] <<< 23:c9:cc:4b:a0:3a,4121,-45,2577,53.62,35.85,33,138171,138678
[Recv] <<< 23:c9:cc:4b:a0:3a,4122,-32,2578,53.61,35.85,41,138212,138719
[Recv] <<< 23:c9:cc:4b:a0:3a,4124,-36,2579,53.62,35.86,85,138297,138804
[Recv] <<< 23:c9:cc:4b:a0:3a,4129,-37,2580,53.68,35.86,196,138493,139000
[Recv] <<< 23:c9:cc:4b:a0:3a,4131,-41,2581,53.69,35.86,83,138576,139083
[Recv] <<< 23:c9:cc:4b:a0:3a,4132,-32,2582,53.69,35.86,41,138617,139124
[Recv] <<< 23:c9:cc:4b:a0:3a,4133,-32,2583,53.68,35.87,43,138660,139167
[Recv] <<< 23:c9:cc:4b:a0:3a,4135,-35,2584,53.69,35.87,71,138731,139238
[Recv] <<< 23:c9:cc:4b:a0:3a,4136,-43,2585,53.68,35.87,43,138774,139281
[Recv] <<< 23:c9:cc:4b:a0:3a,4139,-32,2586,53.71,35.87,116,138890,139397
[Recv] <<< 23:c9:cc:4b:a0:3a,4140,-35,2587,53.70,35.87,40,138930,139437
[Recv] <<< 23:c9:cc:4b:a0:3a,4141,-35,2588,53.70,35.87,44,138974,139481
[Recv] <<< 23:c9:cc:4b:a0:3a,4142,-42,2589,53.69,35.87,40,139014,139521
[Recv] <<< 23:c9:cc:4b:a0:3a,4143,-46,2590,53.69,35.88,43,139057,139564
[Recv] <<< 23:c9:cc:4b:a0:3a,4145,-32,2591,53.70,35.88,79,139136,139643
[Recv] <<< 23:c9:cc:4b:a0:3a,4147,-35,2592,53.71,35.88,84,139220,139727
[Recv] <<< 23:c9:cc:4b:a0:3a,4148,-42,2593,53.71,35.88,43,139263,139770
[Recv] <<< 23:c9:cc:4b:a0:3a,4149,-41,2594,53.70,35.88,36,139299,139806
[Recv] <<< 23:c9:cc:4b:a0:3a,4151,-32,2595,53.71,35.88,78,139377,139884
[Recv] <<< 23:c9:cc:4b:a0:3a,4153,-35,2596,53.72,35.89,83,139460,139967
[Recv] <<< 23:c9:cc:4b:a0:3a,4154,-41,2597,53.72,35.89,39,139499,140006
[Recv] <<< 23:c9:cc:4b:a0:3a,4155,-41,2598,53.71,35.89,32,139531,140038
[Recv] <<< 23:c9:cc:4b:a0:3a,4157,-32,2599,53.72,35.89,88,139619,140126
[Recv] <<< 23:c9:cc:4b:a0:3a,4158,-35,2600,53.71,35.89,37,139656,140163
[Recv] <<< 23:c9:cc:4b:a0:3a,4160,-41,2601,53.72,35.89,75,139731,140238
[Recv] <<< 23:c9:cc:4b:a0:3a,4162,-32,2602,53.73,35.90,82,139813,140320
[Recv] <<< 23:c9:cc:4b:a0:3a,4163,-32,2603,53.73,35.90,37,139850,140357
[Recv] <<< 23:c9:cc:4b:a0:3a,4164,-32,2604,53.72,35.90,37,139887,140394
[Recv] <<< 23:c9:cc:4b:a0:3a,4165,-36,2605,53.71,35.90,38,139925,140432
[Recv] <<< 23:c9:cc:4b:a0:3a,4166,-41,2606,53.71,35.90,52,139977,140484
[Recv] <<< 23:c9:cc:4b:a0:3a,4167,-32,2607,53.71,35.90,37,140014,140521
[Recv] <<< 23:c9:cc:4b:a0:3a,4168,-32,2608,53.70,35.90,41,140055,140562
[Recv] <<< 23:c9:cc:4b:a0:3a,4169,-35,2609,53.70,35.90,45,140100,140607
[Recv] <<< 23:c9:cc:4b:a0:3a,4172,-41,2610,53.72,35.91,119,140219,140726
[Recv] <<< 23:c9:cc:4b:a0:3a,4173,-32,2611,53.72,35.91,39,140258,140765
[Recv] <<< 23:c9:cc:4b:a0:3a,4175,-35,2612,53.73,35.91,82,140340,140847
[Recv] <<< 23:c9:cc:4b:a0:3a,4176,-36,2613,53.72,35.91,34,140374,140881
[Recv] <<< 23:c9:cc:4b:a0:3a,4177,-41,2614,53.72,35.91,45,140419,140926
[Recv] <<< 23:c9:cc:4b:a0:3a,4179,-32,2615,53.73,35.92,84,140503,141010
[Recv] <<< 23:c9:cc:4b:a0:3a,4180,-35,2616,53.72,35.92,39,140542,141049
[Recv] <<< 23:c9:cc:4b:a0:3a,4182,-38,2617,53.74,35.92,83,140625,141132
[Recv] <<< 23:c9:cc:4b:a0:3a,4185,-43,2618,53.76,35.92,126,140751,141258
[Recv] <<< 23:c9:cc:4b:a0:3a,4186,-41,2619,53.76,35.92,39,140790,141297
[Recv] <<< 23:c9:cc:4b:a0:3a,4187,-33,2620,53.75,35.93,47,140837,141344
[Recv] <<< 23:c9:cc:4b:a0:3a,4188,-35,2621,53.75,35.93,38,140875,141382
[Recv] <<< 23:c9:cc:4b:a0:3a,4189,-35,2622,53.74,35.93,37,140912,141419
[Recv] <<< 23:c9:cc:4b:a0:3a,4190,-41,2623,53.74,35.93,41,140953,141460
[Recv] <<< 23:c9:cc:4b:a0:3a,4191,-46,2624,53.73,35.93,38,140991,141498
[Recv] <<< 23:c9:cc:4b:a0:3a,4192,-32,2625,53.72,35.93,33,141024,141531
[Recv] <<< 23:c9:cc:4b:a0:3a,4193,-32,2626,53.72,35.93,43,141067,141574
[Recv] <<< 23:c9:cc:4b:a0:3a,4195,-36,2627,53.73,35.93,82,141149,141656
[Recv] <<< 23:c9:cc:4b:a0:3a,4196,-36,2628,53.72,35.93,38,141187,141694
[Recv] <<< 23:c9:cc:4b:a0:3a,4197,-45,2629,53.72,35.94,40,141227,141734
[Recv] <<< 23:c9:cc:4b:a0:3a,4198,-41,2630,53.72,35.94,44,141271,141778
[Recv] <<< 23:c9:cc:4b:a0:3a,4199,-32,2631,53.71,35.94,40,141311,141818
[Recv] <<< 23:c9:cc:4b:a0:3a,4200,-32,2632,53.70,35.94,34,141345,141852
[Recv] <<< 23:c9:cc:4b:a0:3a,4201,-36,2633,53.70,35.94,44,141389,141896
[Recv] <<< 23:c9:cc:4b:a0:3a,4203,-41,2634,53.71,35.94,82,141471,141978
[Recv] <<< 23:c9:cc:4b:a0:3a,4204,-42,2635,53.70,35.94,35,141506,142013
[Recv] <<< 23:c9:cc:4b:a0:3a,4205,-32,2636,53.70,35.94,41,141547,142054
[Recv] <<< 23:c9:cc:4b:a0:3a,4207,-35,2637,53.71,35.95,82,141629,142136
[Recv] <<< 23:c9:cc:4b:a0:3a,4208,-41,2638,53.70,35.95,36,141665,142172
[Recv] <<< 23:c9:cc:4b:a0:3a,4210,-32,2639,53.71,35.95,77,141742,142249
[Recv] <<< 23:c9:cc:4b:a0:3a,4211,-35,2640,53.71,35.95,43,141785,142292
[Recv] <<< 23:c9:cc:4b:a0:3a,4213,-45,2641,53.71,35.95,74,141859,142366
[Recv] <<< 23:c9:cc:4b:a0:3a,4214,-32,2642,53.71,35.95,50,141909,142416
[Recv] <<< 23:c9:cc:4b:a0:3a,4215,-33,2643,53.70,35.95,28,141937,142444
[Recv] <<< 23:c9:cc:4b:a0:3a,4216,-32,2644,53.70,35.95,36,141973,142480
[Recv] <<< 23:c9:cc:4b:a0:3a,4217,-35,2645,53.69,35.95,42,142015,142522
[Recv] <<< 23:c9:cc:4b:a0:3a,4218,-35,2646,53.68,35.95,34,142049,142556
[Recv] <<< 23:c9:cc:4b:a0:3a,4219,-36,2647,53.68,35.95,34,142083,142590
[Recv] <<< 23:c9:cc:4b:a0:3a,4220,-41,2648,53.67,35.95,42,142125,142632
[Recv] <<< 23:c9:cc:4b:a0:3a,4221,-41,2649,53.67,35.96,43,142168,142675
[Recv] <<< 23:c9:cc:4b:a0:3a,4222,-32,2650,53.67,35.96,45,142213,142720
[Recv] <<< 23:c9:cc:4b:a0:3a,4223,-32,2651,53.66,35.96,35,142248,142755
[Recv] <<< 23:c9:cc:4b:a0:3a,4224,-32,2652,53.65,35.96,33,142281,142788
[Recv] <<< 23:c9:cc:4b:a0:3a,4225,-32,2653,53.64,35.96,36,142317,142824
[Recv] <<< 23:c9:cc:4b:a0:3a,4226,-36,2654,53.64,35.96,42,142359,142866
[Recv] <<< 23:c9:cc:4b:a0:3a,4227,-36,2655,53.63,35.96,39,142398,142905
[Recv] <<< 23:c9:cc:4b:a0:3a,4228,-41,2656,53.63,35.96,39,142437,142944
[Recv] <<< 23:c9:cc:4b:a0:3a,4230,-38,2657,53.64,35.96,88,142525,143032
[Recv] <<< 23:c9:cc:4b:a0:3a,4233,-42,2658,53.66,35.96,112,142637,143144
[Recv] <<< 23:c9:cc:4b:a0:3a,4234,-46,2659,53.66,35.97,39,142676,143183
[Recv] <<< 23:c9:cc:4b:a0:3a,4235,-32,2660,53.65,35.97,41,142717,143224
[Recv] <<< 23:c9:cc:4b:a0:3a,4236,-32,2661,53.65,35.97,37,142754,143261
[Recv] <<< 23:c9:cc:4b:a0:3a,4238,-45,2662,53.66,35.97,85,142839,143346
[Recv] <<< 23:c9:cc:4b:a0:3a,4239,-41,2663,53.65,35.97,38,142877,143384
[Recv] <<< 23:c9:cc:4b:a0:3a,4241,-32,2664,53.66,35.97,75,142952,143459
[Recv] <<< 23:c9:cc:4b:a0:3a,4243,-38,2665,53.67,35.97,70,143022,143529
[Recv] <<< 23:c9:cc:4b:a0:3a,4244,-36,2666,53.66,35.97,41,143063,143570
[Recv] <<< 23:c9:cc:4b:a0:3a,4245,-35,2667,53.66,35.97,38,143101,143608
[Recv] <<< 23:c9:cc:4b:a0:3a,4246,-36,2668,53.65,35.97,34,143135,143642
[Recv] <<< 23:c9:cc:4b:a0:3a,4248,-41,2669,53.66,35.97,79,143214,143721
[Recv] <<< 23:c9:cc:4b:a0:3a,4250,-32,2670,53.66,35.97,70,143284,143791
[Recv] <<< 23:c9:cc:4b:a0:3a,4251,-32,2671,53.66,35.98,49,143333,143840
[Recv] <<< 23:c9:cc:4b:a0:3a,4252,-32,2672,53.65,35.97,27,143360,143867
[Recv] <<< 23:c9:cc:4b:a0:3a,4253,-32,2673,53.65,35.98,42,143402,143909
[Recv] <<< 23:c9:cc:4b:a0:3a,4254,-36,2674,53.64,35.98,37,143439,143946
[Recv] <<< 23:c9:cc:4b:a0:3a,4256,-41,2675,53.65,35.98,76,143515,144022
[Recv] <<< 23:c9:cc:4b:a0:3a,4257,-41,2676,53.64,35.98,34,143549,144056
[Recv] <<< 23:c9:cc:4b:a0:3a,4258,-41,2677,53.64,35.98,39,143588,144095
[Recv] <<< 23:c9:cc:4b:a0:3a,4259,-41,2678,53.63,35.98,33,143621,144128
[Recv] <<< 23:c9:cc:4b:a0:3a,4260,-41,2679,53.62,35.98,32,143653,144160
[Recv] <<< 23:c9:cc:4b:a0:3a,4261,-41,2680,53.62,35.98,36,143689,144196
[Recv] <<< 23:c9:cc:4b:a0:3a,4262,-41,2681,53.61,35.98,42,143731,144238
[Recv] <<< 23:c9:cc:4b:a0:3a,4263,-32,2682,53.61,35.98,39,143770,144277
[Recv] <<< 23:c9:cc:4b:a0:3a,4265,-32,2683,53.61,35.98,70,143840,144347
[Recv] <<< 23:c9:cc:4b:a0:3a,4266,-32,2684,53.61,35.98,37,143877,144384
[Recv] <<< 23:c9:cc:4b:a0:3a,4267,-32,2685,53.60,35.98,33,143910,144417
[Recv] <<< 23:c9:cc:4b:a0:3a,4269,-41,2686,53.60,35.98,68,143978,144485
[Recv] <<< 23:c9:cc:4b:a0:3a,4270,-32,2687,53.60,35.98,41,144019,144526
[Recv] <<< 23:c9:cc:4b:a0:3a,4271,-32,2688,53.59,35.98,33,144052,144559
[Recv] <<< 23:c9:cc:4b:a0:3a,4272,-32,2689,53.58,35.98,33,144085,144592
[Recv] <<< 23:c9:cc:4b:a0:3a,4273,-32,2690,53.58,35.98,45,144130,144637
[Recv] <<< 23:c9:cc:4b:a0:3a,4274,-36,2691,53.57,35.98,38,144168,144675
[Recv] <<< 23:c9:cc:4b:a0:3a,4275,-35,2692,53.57,35.98,35,144203,144710
[Recv] <<< 23:c9:cc:4b:a0:3a,4277,-35,2693,53.57,35.98,74,144277,144784
[Recv] <<< 23:c9:cc:4b:a0:3a,4278,-35,2694,53.57,35.98,33,144310,144817
[Recv] <<< 23:c9:cc:4b:a0:3a,4279,-41,2695,53.56,35.98,40,144350,144857
[Recv] <<< 23:c9:cc:4b:a0:3a,4280,-41,2696,53.56,35.98,36,144386,144893
[Recv] <<< 23:c9:cc:4b:a0:3a,4285,-41,2697,53.60,35.98,165,144551,145058
[Recv] <<< 23:c9:cc:4b:a0:3a,4288,-35,2698,53.62,35.98,106,144657,145164
[Recv] <<< 23:c9:cc:4b:a0:3a,4289,-41,2699,53.61,35.98,47,144704,145211
[Recv] <<< 23:c9:cc:4b:a0:3a,4292,-36,2700,53.63,35.98,97,144801,145308
[Recv] <<< 23:c9:cc:4b:a0:3a,4293,-35,2701,53.62,35.97,34,144835,145342
[Recv] <<< 23:c9:cc:4b:a0:3a,4294,-41,2702,53.62,35.98,42,144877,145384
[Recv] <<< 23:c9:cc:4b:a0:3a,4296,-41,2703,53.62,35.98,67,144944,145451
[Recv] <<< 23:c9:cc:4b:a0:3a,4297,-43,2704,53.62,35.98,36,144980,145487
[Recv] <<< 23:c9:cc:4b:a0:3a,4300,-41,2705,53.64,35.97,103,145083,145590
[Recv] <<< 23:c9:cc:4b:a0:3a,4302,-41,2706,53.64,35.97,70,145153,145660
[Recv] <<< 23:c9:cc:4b:a0:3a,4303,-45,2707,53.63,35.97,33,145186,145693
[Recv] <<< 23:c9:cc:4b:a0:3a,4304,-41,2708,53.63,35.97,34,145220,145727
[Recv] <<< 23:c9:cc:4b:a0:3a,4305,-41,2709,53.62,35.97,34,145254,145761
[Recv] <<< 23:c9:cc:4b:a0:3a,4306,-41,2710,53.61,35.97,34,145288,145795
[Recv] <<< 23:c9:cc:4b:a0:3a,4307,-41,2711,53.61,35.97,36,145324,145831
[Recv] <<< 23:c9:cc:4b:a0:3a,4308,-41,2712,53.60,35.97,37,145361,145868
[Recv] <<< 23:c9:cc:4b:a0:3a,4309,-47,2713,53.59,35.97,34,145395,145902
[Recv] <<< 23:c9:cc:4b:a0:3a,4310,-32,2714,53.58,35.97,34,145429,145936
[Recv] <<< 23:c9:cc:4b:a0:3a,4311,-32,2715,53.58,35.97,41,145470,145977
[Recv] <<< 23:c9:cc:4b:a0:3a,4312,-32,2716,53.57,35.97,34,145504,146011
[Recv] <<< 23:c9:cc:4b:a0:3a,4313,-32,2717,53.57,35.97,40,145544,146051
[Recv] <<< 23:c9:cc:4b:a0:3a,4314,-32,2718,53.56,35.97,26,145570,146077
[Recv] <<< 23:c9:cc:4b:a0:3a,4315,-32,2719,53.55,35.97,45,145615,146122
[Recv] <<< 23:c9:cc:4b:a0:3a,4316,-32,2720,53.55,35.97,33,145648,146155
[Recv] <<< 23:c9:cc:4b:a0:3a,4317,-32,2721,53.54,35.97,27,145675,146182
[Recv] <<< 23:c9:cc:4b:a0:3a,4321,-32,2722,53.57,35.97,147,145822,146329
[Recv] <<< 23:c9:cc:4b:a0:3a,4322,-32,2723,53.56,35.97,31,145853,146360
[Recv] <<< 23:c9:cc:4b:a0:3a,4323,-35,2724,53.56,35.97,37,145890,146397
[Recv] <<< 23:c9:cc:4b:a0:3a,4324,-36,2725,53.55,35.97,33,145923,146430
[Recv] <<< 23:c9:cc:4b:a0:3a,4325,-36,2726,53.54,35.97,33,145956,146463
[Recv] <<< 23:c9:cc:4b:a0:3a,4326,-36,2727,53.54,35.97,40,145996,146503
[Recv] <<< 23:c9:cc:4b:a0:3a,4328,-35,2728,53.54,35.97,70,146066,146573
[Recv] <<< 23:c9:cc:4b:a0:3a,4329,-35,2729,53.54,35.97,39,146105,146612
[Recv] <<< 23:c9:cc:4b:a0:3a,4330,-38,2730,53.53,35.97,37,146142,146649
[Recv] <<< 23:c9:cc:4b:a0:3a,4332,-42,2731,53.54,35.97,82,146224,146731
[Recv] <<< 23:c9:cc:4b:a0:3a,4333,-41,2732,53.53,35.97,31,146255,146762
[Recv] <<< 23:c9:cc:4b:a0:3a,4334,-43,2733,53.53,35.97,40,146295,146802
[Recv] <<< 23:c9:cc:4b:a0:3a,4336,-41,2734,53.53,35.97,68,146363,146870
[Recv] <<< 23:c9:cc:4b:a0:3a,4337,-41,2735,53.53,35.97,40,146403,146910
[Recv] <<< 23:c9:cc:4b:a0:3a,4338,-32,2736,53.52,35.97,33,146436,146943
[Recv] <<< 23:c9:cc:4b:a0:3a,4339,-41,2737,53.52,35.97,39,146475,146982
[Recv] <<< 23:c9:cc:4b:a0:3a,4340,-32,2738,53.51,35.97,36,146511,147018
[Recv] <<< 23:c9:cc:4b:a0:3a,4341,-32,2739,53.51,35.97,42,146553,147060
[Recv] <<< 23:c9:cc:4b:a0:3a,4342,-32,2740,53.50,35.97,34,146587,147094
[Recv] <<< 23:c9:cc:4b:a0:3a,4343,-32,2741,53.49,35.97,34,146621,147128
[Recv] <<< 23:c9:cc:4b:a0:3a,4346,-35,2742,53.51,35.97,108,146729,147236
[Recv] <<< 23:c9:cc:4b:a0:3a,4347,-35,2743,53.51,35.97,37,146766,147273
[Recv] <<< 23:c9:cc:4b:a0:3a,4351,-41,2744,53.54,35.98,158,146924,147431
[Recv] <<< 23:c9:cc:4b:a0:3a,4359,-32,2745,53.63,35.98,287,147211,147718
[Recv] <<< 23:c9:cc:4b:a0:3a,4360,-32,2746,53.62,35.98,41,147252,147759
[Recv] <<< 23:c9:cc:4b:a0:3a,4362,-35,2747,53.63,35.98,71,147323,147830
[Recv] <<< 23:c9:cc:4b:a0:3a,4363,-36,2748,53.62,35.98,34,147357,147864
[Recv] <<< 23:c9:cc:4b:a0:3a,4365,-36,2749,53.63,35.98,70,147427,147934
[Recv] <<< 23:c9:cc:4b:a0:3a,4366,-41,2750,53.62,35.98,39,147466,147973
[Recv] <<< 23:c9:cc:4b:a0:3a,4367,-43,2751,53.62,35.98,37,147503,148010
[Recv] <<< 23:c9:cc:4b:a0:3a,4368,-39,2752,53.61,35.97,28,147531,148038
[Recv] <<< 23:c9:cc:4b:a0:3a,4369,-41,2753,53.60,35.98,43,147574,148081
[Recv] <<< 23:c9:cc:4b:a0:3a,4370,-32,2754,53.60,35.98,37,147611,148118
[Recv] <<< 23:c9:cc:4b:a0:3a,4371,-32,2755,53.59,35.98,39,147650,148157
[Recv] <<< 23:c9:cc:4b:a0:3a,4374,-36,2756,53.61,35.98,110,147760,148267
[Recv] <<< 23:c9:cc:4b:a0:3a,4375,-35,2757,53.61,35.98,37,147797,148304
[Recv] <<< 23:c9:cc:4b:a0:3a,4376,-36,2758,53.60,35.98,32,147829,148336
[Recv] <<< 23:c9:cc:4b:a0:3a,4377,-41,2759,53.60,35.98,43,147872,148379
[Recv] <<< 23:c9:cc:4b:a0:3a,4378,-41,2760,53.59,35.98,38,147910,148417
[Recv] <<< 23:c9:cc:4b:a0:3a,4379,-41,2761,53.59,35.98,39,147949,148456
[Recv] <<< 23:c9:cc:4b:a0:3a,4385,-32,2762,53.65,35.98,227,148176,148683
[Recv] <<< 23:c9:cc:4b:a0:3a,4386,-32,2763,53.64,35.98,31,148207,148714
[Recv] <<< 23:c9:cc:4b:a0:3a,4388,-32,2764,53.65,35.98,71,148278,148785
[Recv] <<< 23:c9:cc:4b:a0:3a,4391,-33,2765,53.67,35.98,106,148384,148891
[Recv] <<< 23:c9:cc:4b:a0:3a,4392,-33,2766,53.66,35.98,33,148417,148924
[Recv] <<< 23:c9:cc:4b:a0:3a,4393,-32,2767,53.65,35.98,35,148452,148959
[Recv] <<< 23:c9:cc:4b:a0:3a,4394,-35,2768,53.65,35.98,41,148493,149000
[Recv] <<< 23:c9:cc:4b:a0:3a,4395,-36,2769,53.64,35.98,37,148530,149037
[Recv] <<< 23:c9:cc:4b:a0:3a,4396,-35,2770,53.63,35.98,33,148563,149070
[Recv] <<< 23:c9:cc:4b:a0:3a,4397,-36,2771,53.63,35.98,33,148596,149103
[Recv] <<< 23:c9:cc:4b:a0:3a,4398,-42,2772,53.62,35.98,37,148633,149140
[Recv] <<< 23:c9:cc:4b:a0:3a,4399,-41,2773,53.61,35.98,31,148664,149171
[Recv] <<< 23:c9:cc:4b:a0:3a,4400,-41,2774,53.60,35.98,35,148699,149206
[Recv] <<< 23:c9:cc:4b:a0:3a,4401,-43,2775,53.60,35.98,34,148733,149240
[Recv] <<< 23:c9:cc:4b:a0:3a,4402,-42,2776,53.59,35.98,35,148768,149275
[Recv] <<< 23:c9:cc:4b:a0:3a,4403,-45,2777,53.59,35.98,38,148806,149313
[Recv] <<< 23:c9:cc:4b:a0:3a,4404,-41,2778,53.58,35.98,37,148843,149350
[Recv] <<< 23:c9:cc:4b:a0:3a,4405,-36,2779,53.57,35.98,29,148872,149379
[Recv] <<< 23:c9:cc:4b:a0:3a,4406,-41,2780,53.57,35.98,40,148912,149419
[Recv] <<< 23:c9:cc:4b:a0:3a,4410,-45,2781,53.60,35.98,144,149056,149563
[Recv] <<< 23:c9:cc:4b:a0:3a,4411,-41,2782,53.59,35.98,29,149085,149592
[Recv] <<< 23:c9:cc:4b:a0:3a,4412,-41,2783,53.58,35.98,41,149126,149633
[Recv] <<< 23:c9:cc:4b:a0:3a,4414,-45,2784,53.59,35.98,65,149191,149698
[Recv] <<< 23:c9:cc:4b:a0:3a,4415,-36,2785,53.58,35.97,32,149223,149730
[Recv] <<< 23:c9:cc:4b:a0:3a,4416,-45,2786,53.58,35.98,39,149262,149769
[Recv] <<< 23:c9:cc:4b:a0:3a,4417,-41,2787,53.57,35.98,35,149297,149804
[Recv] <<< 23:c9:cc:4b:a0:3a,4418,-36,2788,53.56,35.97,34,149331,149838
[Recv] <<< 23:c9:cc:4b:a0:3a,4419,-36,2789,53.56,35.97,36,149367,149874
[Recv] <<< 23:c9:cc:4b:a0:3a,4423,-41,2790,53.59,35.98,146,149513,150020
[Recv] <<< 23:c9:cc:4b:a0:3a,4424,-41,2791,53.58,35.97,29,149542,150049
[Recv] <<< 23:c9:cc:4b:a0:3a,4425,-41,2792,53.57,35.97,32,149574,150081
[Recv] <<< 23:c9:cc:4b:a0:3a,4426,-41,2793,53.57,35.97,34,149608,150115
[Recv] <<< 23:c9:cc:4b:a0:3a,4427,-41,2794,53.56,35.97,41,149649,150156
[Recv] <<< 23:c9:cc:4b:a0:3a,4428,-41,2795,53.55,35.97,35,149684,150191
[Recv] <<< 23:c9:cc:4b:a0:3a,4429,-41,2796,53.55,35.97,30,149714,150221
[Recv] <<< 23:c9:cc:4b:a0:3a,4430,-41,2797,53.54,35.97,40,149754,150261
[Recv] <<< 23:c9:cc:4b:a0:3a,4432,-41,2798,53.54,35.97,64,149818,150325
[Recv] <<< 23:c9:cc:4b:a0:3a,4433,-41,2799,53.54,35.97,31,149849,150356
[Recv] <<< 23:c9:cc:4b:a0:3a,4436,-35,2800,53.55,35.97,97,149946,150453
[Recv] <<< 23:c9:cc:4b:a0:3a,4437,-36,2801,53.55,35.97,34,149980,150487
[Recv] <<< 23:c9:cc:4b:a0:3a,4438,-35,2802,53.54,35.97,36,150016,150523
[Recv] <<< 23:c9:cc:4b:a0:3a,4439,-36,2803,53.53,35.97,36,150052,150559
[Recv] <<< 23:c9:cc:4b:a0:3a,4440,-36,2804,53.53,35.97,43,150095,150602
[Recv] <<< 23:c9:cc:4b:a0:3a,4441,-41,2805,53.52,35.97,39,150134,150641
[Recv] <<< 23:c9:cc:4b:a0:3a,4442,-42,2806,53.52,35.97,35,150169,150676
[Recv] <<< 23:c9:cc:4b:a0:3a,4443,-41,2807,53.51,35.97,30,150199,150706
[Recv] <<< 23:c9:cc:4b:a0:3a,4444,-41,2808,53.50,35.97,41,150240,150747
[Recv] <<< 23:c9:cc:4b:a0:3a,4447,-41,2809,53.52,35.97,101,150341,150848
[Recv] <<< 23:c9:cc:4b:a0:3a,4448,-41,2810,53.51,35.97,29,150370,150877
[Recv] <<< 23:c9:cc:4b:a0:3a,4449,-41,2811,53.50,35.96,31,150401,150908
[Recv] <<< 23:c9:cc:4b:a0:3a,4450,-41,2812,53.50,35.96,38,150439,150946
[Recv] <<< 23:c9:cc:4b:a0:3a,4451,-41,2813,53.49,35.96,28,150467,150974
[Recv] <<< 23:c9:cc:4b:a0:3a,4452,-45,2814,53.48,35.96,37,150504,151011
[Recv] <<< 23:c9:cc:4b:a0:3a,4454,-41,2815,53.49,35.96,69,150573,151080
[Recv] <<< 23:c9:cc:4b:a0:3a,4455,-36,2816,53.48,35.96,31,150604,151111
[Recv] <<< 23:c9:cc:4b:a0:3a,4458,-35,2817,53.50,35.96,104,150708,151215
[Recv] <<< 23:c9:cc:4b:a0:3a,4459,-36,2818,53.49,35.96,31,150739,151246
[Recv] <<< 23:c9:cc:4b:a0:3a,4460,-35,2819,53.48,35.96,30,150769,151276
[Recv] <<< 23:c9:cc:4b:a0:3a,4461,-47,2820,53.48,35.96,40,150809,151316
[Recv] <<< 23:c9:cc:4b:a0:3a,4462,-36,2821,53.47,35.96,36,150845,151352
[Recv] <<< 23:c9:cc:4b:a0:3a,4463,-38,2822,53.46,35.96,29,150874,151381
[Recv] <<< 23:c9:cc:4b:a0:3a,4464,-36,2823,53.46,35.96,33,150907,151414
[Recv] <<< 23:c9:cc:4b:a0:3a,4465,-35,2824,53.45,35.96,36,150943,151450
[Recv] <<< 23:c9:cc:4b:a0:3a,4466,-36,2825,53.44,35.95,32,150975,151482
[Recv] <<< 23:c9:cc:4b:a0:3a,4467,-36,2826,53.44,35.96,37,151012,151519
[Recv] <<< 23:c9:cc:4b:a0:3a,4468,-36,2827,53.43,35.96,38,151050,151557
[Recv] <<< 23:c9:cc:4b:a0:3a,4469,-35,2828,53.42,35.96,34,151084,151591
[Recv] <<< 23:c9:cc:4b:a0:3a,4470,-35,2829,53.42,35.95,33,151117,151624
[Recv] <<< 23:c9:cc:4b:a0:3a,4472,-41,2830,53.42,35.95,73,151190,151697
[Recv] <<< 23:c9:cc:4b:a0:3a,4473,-41,2831,53.42,35.96,39,151229,151736
[Recv] <<< 23:c9:cc:4b:a0:3a,4474,-42,2832,53.41,35.95,29,151258,151765
[Recv] <<< 23:c9:cc:4b:a0:3a,4475,-45,2833,53.41,35.95,39,151297,151804
[Recv] <<< 23:c9:cc:4b:a0:3a,4476,-41,2834,53.40,35.95,37,151334,151841
[Recv] <<< 23:c9:cc:4b:a0:3a,4477,-43,2835,53.39,35.95,26,151360,151867
[Recv] <<< 23:c9:cc:4b:a0:3a,4478,-41,2836,53.38,35.95,37,151397,151904
[Recv] <<< 23:c9:cc:4b:a0:3a,4479,-41,2837,53.38,35.95,30,151427,151934
[Recv] <<< 23:c9:cc:4b:a0:3a,4480,-41,2838,53.37,35.95,39,151466,151973
[Recv] <<< 23:c9:cc:4b:a0:3a,4481,-42,2839,53.36,35.95,36,151502,152009
[Recv] <<< 23:c9:cc:4b:a0:3a,4482,-41,2840,53.36,35.95,29,151531,152038
[Recv] <<< 23:c9:cc:4b:a0:3a,4483,-41,2841,53.35,35.95,36,151567,152074
[Recv] <<< 23:c9:cc:4b:a0:3a,4484,-41,2842,53.34,35.95,27,151594,152101
[Recv] <<< 23:c9:cc:4b:a0:3a,4485,-41,2843,53.34,35.95,38,151632,152139
[Recv] <<< 23:c9:cc:4b:a0:3a,4486,-41,2844,53.33,35.95,33,151665,152172
[Recv] <<< 23:c9:cc:4b:a0:3a,4487,-43,2845,53.32,35.95,26,151691,152198
[Recv] <<< 23:c9:cc:4b:a0:3a,4488,-32,2846,53.31,35.95,37,151728,152235
[Recv] <<< 23:c9:cc:4b:a0:3a,4490,-35,2847,53.32,35.95,80,151808,152315
[Recv] <<< 23:c9:cc:4b:a0:3a,4491,-35,2848,53.32,35.95,40,151848,152355
[Recv] <<< 23:c9:cc:4b:a0:3a,4492,-32,2849,53.31,35.95,30,151878,152385
[Recv] <<< 23:c9:cc:4b:a0:3a,4493,-32,2850,53.30,35.95,31,151909,152416
[Recv] <<< 23:c9:cc:4b:a0:3a,4494,-32,2851,53.29,35.95,31,151940,152447
[Recv] <<< 23:c9:cc:4b:a0:3a,4498,-32,2852,53.32,35.94,131,152071,152578
[Recv] <<< 23:c9:cc:4b:a0:3a,4499,-41,2853,53.31,35.94,36,152107,152614
[Recv] <<< 23:c9:cc:4b:a0:3a,4500,-41,2854,53.31,35.94,33,152140,152647
[Recv] <<< 23:c9:cc:4b:a0:3a,4501,-41,2855,53.30,35.94,28,152168,152675
[Recv] <<< 23:c9:cc:4b:a0:3a,4503,-41,2856,53.31,35.94,76,152244,152751
[Recv] <<< 23:c9:cc:4b:a0:3a,4504,-43,2857,53.30,35.94,30,152274,152781
[Recv] <<< 23:c9:cc:4b:a0:3a,4506,-35,2858,53.30,35.94,56,152330,152837
[Recv] <<< 23:c9:cc:4b:a0:3a,4507,-35,2859,53.29,35.94,38,152368,152875
[Recv] <<< 23:c9:cc:4b:a0:3a,4508,-36,2860,53.29,35.94,33,152401,152908
[Recv] <<< 23:c9:cc:4b:a0:3a,4511,-38,2861,53.30,35.93,99,152500,153007
[Recv] <<< 23:c9:cc:4b:a0:3a,4513,-32,2862,53.31,35.93,71,152571,153078
[Recv] <<< 23:c9:cc:4b:a0:3a,4514,-32,2863,53.30,35.93,34,152605,153112
[Recv] <<< 23:c9:cc:4b:a0:3a,4515,-32,2864,53.30,35.93,34,152639,153146
[Recv] <<< 23:c9:cc:4b:a0:3a,4517,-32,2865,53.30,35.93,77,152716,153223
[Recv] <<< 23:c9:cc:4b:a0:3a,4519,-36,2866,53.31,35.93,65,152781,153288
[Recv] <<< 23:c9:cc:4b:a0:3a,4526,-32,2867,53.37,35.93,238,153019,153526
[Recv] <<< 23:c9:cc:4b:a0:3a,4531,-35,2868,53.42,35.93,183,153202,153709
[Recv] <<< 23:c9:cc:4b:a0:3a,4537,-33,2869,53.47,35.93,215,153417,153924
[Recv] <<< 23:c9:cc:4b:a0:3a,4538,-41,2870,53.47,35.93,38,153455,153962
[Recv] <<< 23:c9:cc:4b:a0:3a,4539,-41,2871,53.46,35.93,38,153493,154000
[Recv] <<< 23:c9:cc:4b:a0:3a,4540,-41,2872,53.45,35.93,26,153519,154026
[Recv] <<< 23:c9:cc:4b:a0:3a,4541,-41,2873,53.45,35.93,36,153555,154062
[Recv] <<< 23:c9:cc:4b:a0:3a,4542,-36,2874,53.44,35.93,37,153592,154099
[Recv] <<< 23:c9:cc:4b:a0:3a,4544,-38,2875,53.45,35.93,71,153663,154170
[Recv] <<< 23:c9:cc:4b:a0:3a,4545,-36,2876,53.44,35.93,26,153689,154196
[Recv] <<< 23:c9:cc:4b:a0:3a,4547,-38,2877,53.44,35.92,69,153758,154265
[Recv] <<< 23:c9:cc:4b:a0:3a,4548,-32,2878,53.44,35.92,28,153786,154293
[Recv] <<< 23:c9:cc:4b:a0:3a,4549,-32,2879,53.43,35.92,35,153821,154328
[Recv] <<< 23:c9:cc:4b:a0:3a,4550,-32,2880,53.42,35.92,36,153857,154364
[Recv] <<< 23:c9:cc:4b:a0:3a,4551,-32,2881,53.42,35.92,33,153890,154397
[Recv] <<< 23:c9:cc:4b:a0:3a,4553,-32,2882,53.42,35.92,71,153961,154468
[Recv] <<< 23:c9:cc:4b:a0:3a,4554,-32,2883,53.41,35.92,33,153994,154501
[Recv] <<< 23:c9:cc:4b:a0:3a,4557,-32,2884,53.43,35.92,104,154098,154605
[Recv] <<< 23:c9:cc:4b:a0:3a,4558,-41,2885,53.42,35.92,29,154127,154634
[Recv] <<< 23:c9:cc:4b:a0:3a,4560,-41,2886,53.43,35.92,75,154202,154709
[Recv] <<< 23:c9:cc:4b:a0:3a,4561,-41,2887,53.42,35.92,35,154237,154744
[Recv] <<< 23:c9:cc:4b:a0:3a,4562,-41,2888,53.42,35.92,32,154269,154776
[Recv] <<< 23:c9:cc:4b:a0:3a,4563,-41,2889,53.41,35.92,33,154302,154809
[Recv] <<< 23:c9:cc:4b:a0:3a,4564,-41,2890,53.40,35.92,34,154336,154843
[Recv] <<< 23:c9:cc:4b:a0:3a,4566,-41,2891,53.41,35.92,70,154406,154913
[Recv] <<< 23:c9:cc:4b:a0:3a,4567,-41,2892,53.40,35.92,37,154443,154950
[Recv] <<< 23:c9:cc:4b:a0:3a,4570,-42,2893,53.42,35.92,103,154546,155053
[Recv] <<< 23:c9:cc:4b:a0:3a,4571,-41,2894,53.41,35.92,35,154581,155088
[Recv] <<< 23:c9:cc:4b:a0:3a,4572,-45,2895,53.41,35.91,27,154608,155115
[Recv] <<< 23:c9:cc:4b:a0:3a,4573,-41,2896,53.40,35.91,35,154643,155150
[Recv] <<< 23:c9:cc:4b:a0:3a,4574,-41,2897,53.39,35.91,33,154676,155183
[Recv] <<< 23:c9:cc:4b:a0:3a,4577,-32,2898,53.41,35.91,111,154787,155294
[Recv] <<< 23:c9:cc:4b:a0:3a,4579,-41,2899,53.42,35.91,65,154852,155359
[Recv] <<< 23:c9:cc:4b:a0:3a,4580,-41,2900,53.41,35.91,32,154884,155391
[Recv] <<< 23:c9:cc:4b:a0:3a,4581,-41,2901,53.40,35.91,35,154919,155426
[Recv] <<< 23:c9:cc:4b:a0:3a,4582,-41,2902,53.39,35.91,30,154949,155456
[Recv] <<< 23:c9:cc:4b:a0:3a,4584,-36,2903,53.40,35.91,65,155014,155521
[Recv] <<< 23:c9:cc:4b:a0:3a,4585,-43,2904,53.39,35.91,38,155052,155559
[Recv] <<< 23:c9:cc:4b:a0:3a,4587,-45,2905,53.40,35.91,70,155122,155629
[Recv] <<< 23:c9:cc:4b:a0:3a,4588,-41,2906,53.39,35.91,42,155164,155671
[Recv] <<< 23:c9:cc:4b:a0:3a,4589,-41,2907,53.38,35.91,26,155190,155697
[Recv] <<< 23:c9:cc:4b:a0:3a,4591,-32,2908,53.39,35.91,69,155259,155766
[Recv] <<< 23:c9:cc:4b:a0:3a,4594,-42,2909,53.41,35.91,106,155365,155872
[Recv] <<< 23:c9:cc:4b:a0:3a,4595,-32,2910,53.40,35.91,37,155402,155909
[Recv] <<< 23:c9:cc:4b:a0:3a,4596,-32,2911,53.40,35.91,35,155437,155944
[Recv] <<< 23:c9:cc:4b:a0:3a,4597,-32,2912,53.39,35.90,28,155465,155972
[Recv] <<< 23:c9:cc:4b:a0:3a,4598,-32,2913,53.38,35.90,34,155499,156006
[Recv] <<< 23:c9:cc:4b:a0:3a,4599,-32,2914,53.37,35.90,33,155532,156039
[Recv] <<< 23:c9:cc:4b:a0:3a,4600,-32,2915,53.37,35.90,35,155567,156074
[Recv] <<< 23:c9:cc:4b:a0:3a,4602,-32,2916,53.37,35.90,67,155634,156141
[Recv] <<< 23:c9:cc:4b:a0:3a,4603,-33,2917,53.37,35.90,39,155673,156180
[Recv] <<< 23:c9:cc:4b:a0:3a,4604,-36,2918,53.36,35.90,32,155705,156212
[Recv] <<< 23:c9:cc:4b:a0:3a,4606,-35,2919,53.36,35.90,62,155767,156274
[Recv] <<< 23:c9:cc:4b:a0:3a,4607,-35,2920,53.36,35.90,32,155799,156306
[Recv] <<< 23:c9:cc:4b:a0:3a,4608,-35,2921,53.35,35.90,32,155831,156338
[Recv] <<< 23:c9:cc:4b:a0:3a,4610,-32,2922,53.35,35.90,69,155900,156407
[Recv] <<< 23:c9:cc:4b:a0:3a,4611,-32,2923,53.35,35.90,34,155934,156441
[Recv] <<< 23:c9:cc:4b:a0:3a,4614,-32,2924,53.37,35.90,108,156042,156549
[Recv] <<< 23:c9:cc:4b:a0:3a,4615,-32,2925,53.36,35.90,34,156076,156583
[Recv] <<< 23:c9:cc:4b:a0:3a,4616,-32,2926,53.35,35.90,34,156110,156617
[Recv] <<< 23:c9:cc:4b:a0:3a,4618,-38,2927,53.36,35.89,69,156179,156686
[Recv] <<< 23:c9:cc:4b:a0:3a,4619,-33,2928,53.35,35.89,32,156211,156718
[Recv] <<< 23:c9:cc:4b:a0:3a,4620,-36,2929,53.35,35.89,38,156249,156756
[Recv] <<< 23:c9:cc:4b:a0:3a,4621,-35,2930,53.34,35.89,32,156281,156788
[Recv] <<< 23:c9:cc:4b:a0:3a,4623,-32,2931,53.34,35.89,69,156350,156857
[Recv] <<< 23:c9:cc:4b:a0:3a,4625,-32,2932,53.35,35.89,63,156413,156920
[Recv] <<< 23:c9:cc:4b:a0:3a,4626,-32,2933,53.34,35.89,43,156456,156963
[Recv] <<< 23:c9:cc:4b:a0:3a,4629,-45,2934,53.36,35.89,92,156548,157055
[Recv] <<< 23:c9:cc:4b:a0:3a,4631,-32,2935,53.36,35.89,76,156624,157131
[Recv] <<< 23:c9:cc:4b:a0:3a,4633,-32,2936,53.37,35.89,74,156698,157205
[Recv] <<< 23:c9:cc:4b:a0:3a,4634,-32,2937,53.37,35.89,36,156734,157241
[Recv] <<< 23:c9:cc:4b:a0:3a,4636,-32,2938,53.37,35.89,73,156807,157314
[Recv] <<< 23:c9:cc:4b:a0:3a,4638,-32,2939,53.38,35.89,71,156878,157385
[Recv] <<< 23:c9:cc:4b:a0:3a,4639,-32,2940,53.37,35.89,31,156909,157416
[Recv] <<< 23:c9:cc:4b:a0:3a,4640,-32,2941,53.37,35.89,39,156948,157455
[Recv] <<< 23:c9:cc:4b:a0:3a,4642,-35,2942,53.37,35.89,80,157028,157535
[Recv] <<< 23:c9:cc:4b:a0:3a,4643,-45,2943,53.37,35.89,40,157068,157575
[Recv] <<< 23:c9:cc:4b:a0:3a,4646,-36,2944,53.39,35.89,102,157170,157677
[Recv] <<< 23:c9:cc:4b:a0:3a,4647,-36,2945,53.38,35.89,31,157201,157708
[Recv] <<< 23:c9:cc:4b:a0:3a,4648,-36,2946,53.37,35.89,26,157227,157734
[Recv] <<< 23:c9:cc:4b:a0:3a,4650,-35,2947,53.38,35.89,78,157305,157812
[Recv] <<< 23:c9:cc:4b:a0:3a,4651,-35,2948,53.37,35.89,37,157342,157849
[Recv] <<< 23:c9:cc:4b:a0:3a,4652,-35,2949,53.36,35.89,28,157370,157877
[Recv] <<< 23:c9:cc:4b:a0:3a,4653,-35,2950,53.36,35.89,30,157400,157907
[Recv] <<< 23:c9:cc:4b:a0:3a,4654,-36,2951,53.35,35.89,40,157440,157947
[Recv] <<< 23:c9:cc:4b:a0:3a,4659,-32,2952,53.39,35.88,160,157600,158107
[Recv] <<< 23:c9:cc:4b:a0:3a,4661,-32,2953,53.39,35.88,68,157668,158175
[Recv] <<< 23:c9:cc:4b:a0:3a,4662,-32,2954,53.39,35.88,37,157705,158212
[Recv] <<< 23:c9:cc:4b:a0:3a,4663,-32,2955,53.38,35.88,33,157738,158245
[Recv] <<< 23:c9:cc:4b:a0:3a,4664,-32,2956,53.37,35.88,27,157765,158272
[Recv] <<< 23:c9:cc:4b:a0:3a,4666,-32,2957,53.38,35.88,77,157842,158349
[Recv] <<< 23:c9:cc:4b:a0:3a,4667,-32,2958,53.37,35.88,31,157873,158380
[Recv] <<< 23:c9:cc:4b:a0:3a,4668,-32,2959,53.37,35.88,36,157909,158416
[Recv] <<< 23:c9:cc:4b:a0:3a,4669,-32,2960,53.36,35.88,32,157941,158448
[Recv] <<< 23:c9:cc:4b:a0:3a,4672,-45,2961,53.37,35.88,90,158031,158538
[Recv] <<< 23:c9:cc:4b:a0:3a,4673,-41,2962,53.37,35.88,37,158068,158575
[Recv] <<< 23:c9:cc:4b:a0:3a,4674,-41,2963,53.36,35.88,37,158105,158612
[Recv] <<< 23:c9:cc:4b:a0:3a,4675,-41,2964,53.35,35.87,29,158134,158641
[Recv] <<< 23:c9:cc:4b:a0:3a,4677,-32,2965,53.36,35.88,79,158213,158720
[Recv] <<< 23:c9:cc:4b:a0:3a,4678,-41,2966,53.35,35.87,31,158244,158751
[Recv] <<< 23:c9:cc:4b:a0:3a,4679,-41,2967,53.35,35.87,35,158279,158786
[Recv] <<< 23:c9:cc:4b:a0:3a,4685,-35,2968,53.39,35.87,196,158475,158982
[Recv] <<< 23:c9:cc:4b:a0:3a,4686,-36,2969,53.39,35.87,39,158514,159021
[Recv] <<< 23:c9:cc:4b:a0:3a,4688,-32,2970,53.39,35.87,61,158575,159082
[Recv] <<< 23:c9:cc:4b:a0:3a,4689,-32,2971,53.39,35.87,34,158609,159116
[Recv] <<< 23:c9:cc:4b:a0:3a,4691,-32,2972,53.39,35.87,68,158677,159184
[Recv] <<< 23:c9:cc:4b:a0:3a,4696,-41,2973,53.43,35.86,166,158843,159350
[Recv] <<< 23:c9:cc:4b:a0:3a,4697,-46,2974,53.42,35.86,27,158870,159377
[Recv] <<< 23:c9:cc:4b:a0:3a,4730,-36,2975,53.77,35.85,1108,159978,160485
[Recv] <<< 23:c9:cc:4b:a0:3a,4738,-41,2976,53.85,35.84,265,160243,160750
[Recv] <<< 23:c9:cc:4b:a0:3a,4739,-32,2977,53.84,35.84,39,160282,160789
[Recv] <<< 23:c9:cc:4b:a0:3a,4740,-32,2978,53.84,35.84,42,160324,160831
[Recv] <<< 23:c9:cc:4b:a0:3a,4746,-41,2979,53.88,35.84,199,160523,161030
[Recv] <<< 23:c9:cc:4b:a0:3a,4747,-45,2980,53.88,35.84,25,160548,161055
[Recv] <<< 23:c9:cc:4b:a0:3a,4748,-41,2981,53.87,35.84,31,160579,161086
[Recv] <<< 23:c9:cc:4b:a0:3a,4749,-41,2982,53.86,35.83,33,160612,161119
[Recv] <<< 23:c9:cc:4b:a0:3a,4753,-41,2983,53.89,35.83,131,160743,161250
[Recv] <<< 23:c9:cc:4b:a0:3a,4755,-45,2984,53.89,35.83,71,160814,161321
[Recv] <<< 23:c9:cc:4b:a0:3a,4756,-41,2985,53.88,35.83,29,160843,161350
[Recv] <<< 23:c9:cc:4b:a0:3a,4757,-41,2986,53.88,35.83,36,160879,161386
[Recv] <<< 23:c9:cc:4b:a0:3a,4758,-41,2987,53.87,35.83,31,160910,161417
[Recv] <<< 23:c9:cc:4b:a0:3a,4759,-32,2988,53.87,35.83,53,160963,161470
[Recv] <<< 23:c9:cc:4b:a0:3a,4760,-32,2989,53.86,35.83,36,160999,161506
[Recv] <<< 23:c9:cc:4b:a0:3a,4761,-32,2990,53.86,35.83,30,161029,161536
[Recv] <<< 23:c9:cc:4b:a0:3a,4762,-32,2991,53.85,35.83,38,161067,161574
[Recv] <<< 23:c9:cc:4b:a0:3a,4764,-32,2992,53.85,35.83,67,161134,161641
[Recv] <<< 23:c9:cc:4b:a0:3a,4765,-32,2993,53.85,35.83,26,161160,161667
[Recv] <<< 23:c9:cc:4b:a0:3a,4769,-32,2994,53.88,35.83,142,161302,161809
[Recv] <<< 23:c9:cc:4b:a0:3a,4770,-32,2995,53.87,35.83,38,161340,161847
[Recv] <<< 23:c9:cc:4b:a0:3a,4771,-32,2996,53.86,35.83,31,161371,161878
[Recv] <<< 23:c9:cc:4b:a0:3a,4772,-32,2997,53.86,35.83,37,161408,161915
[Recv] <<< 23:c9:cc:4b:a0:3a,4774,-32,2998,53.86,35.83,73,161481,161988
[Recv] <<< 23:c9:cc:4b:a0:3a,4775,-32,2999,53.86,35.83,33,161514,162021
[Recv] <<< 23:c9:cc:4b:a0:3a,4776,-32,3000,53.85,35.83,37,161551,162058
[Recv] <<< 23:c9:cc:4b:a0:3a,4777,-32,3001,53.84,35.83,28,161579,162086
[Recv] <<< 23:c9:cc:4b:a0:3a,4785,-45,3002,53.91,35.82,271,161850,162357
[Recv] <<< 23:c9:cc:4b:a0:3a,4786,-41,3003,53.91,35.82,31,161881,162388
[Recv] <<< 23:c9:cc:4b:a0:3a,4788,-33,3004,53.91,35.82,70,161951,162458
[Recv] <<< 23:c9:cc:4b:a0:3a,4790,-41,3005,53.92,35.82,74,162025,162532
[Recv] <<< 23:c9:cc:4b:a0:3a,4793,-36,3006,53.93,35.82,97,162122,162629
[Recv] <<< 23:c9:cc:4b:a0:3a,4795,-36,3007,53.94,35.82,65,162187,162694
[Recv] <<< 23:c9:cc:4b:a0:3a,4796,-41,3008,53.93,35.82,36,162223,162730
[Recv] <<< 23:c9:cc:4b:a0:3a,4800,-41,3009,53.96,35.82,152,162375,162882
[Recv] <<< 23:c9:cc:4b:a0:3a,4803,-35,3010,53.98,35.82,92,162467,162974
[Recv] <<< 23:c9:cc:4b:a0:3a,4804,-35,3011,53.97,35.81,25,162492,162999
[Recv] <<< 23:c9:cc:4b:a0:3a,4805,-36,3012,53.96,35.82,37,162529,163036
[Recv] <<< 23:c9:cc:4b:a0:3a,4806,-37,3013,53.95,35.81,32,162561,163068
[Recv] <<< 23:c9:cc:4b:a0:3a,4808,-32,3014,53.96,35.81,63,162624,163131
[Recv] <<< 23:c9:cc:4b:a0:3a,4811,-35,3015,53.98,35.81,115,162739,163246
[Recv] <<< 23:c9:cc:4b:a0:3a,4813,-35,3016,53.98,35.81,70,162809,163316
[Recv] <<< 23:c9:cc:4b:a0:3a,4815,-32,3017,53.98,35.81,60,162869,163376
[Recv] <<< 23:c9:cc:4b:a0:3a,4816,-32,3018,53.97,35.81,26,162895,163402
[Recv] <<< 23:c9:cc:4b:a0:3a,4817,-32,3019,53.97,35.81,37,162932,163439
[Recv] <<< 23:c9:cc:4b:a0:3a,4818,-32,3020,53.96,35.81,25,162957,163464
[Recv] <<< 23:c9:cc:4b:a0:3a,4819,-32,3021,53.96,35.81,48,163005,163512
[Recv] <<< 23:c9:cc:4b:a0:3a,4820,-32,3022,53.95,35.81,24,163029,163536
[Recv] <<< 23:c9:cc:4b:a0:3a,4821,-41,3023,53.94,35.81,40,163069,163576
[Recv] <<< 23:c9:cc:4b:a0:3a,4824,-41,3024,53.96,35.80,91,163160,163667
[Recv] <<< 23:c9:cc:4b:a0:3a,4825,-41,3025,53.95,35.80,36,163196,163703
[Recv] <<< 23:c9:cc:4b:a0:3a,4827,-38,3026,53.95,35.80,69,163265,163772
[Recv] <<< 23:c9:cc:4b:a0:3a,4828,-35,3027,53.95,35.80,32,163297,163804
[Recv] <<< 23:c9:cc:4b:a0:3a,4829,-33,3028,53.94,35.80,37,163334,163841
[Recv] <<< 23:c9:cc:4b:a0:3a,4830,-36,3029,53.93,35.80,29,163363,163870
[Recv] <<< 23:c9:cc:4b:a0:3a,4831,-36,3030,53.93,35.80,33,163396,163903
[Recv] <<< 23:c9:cc:4b:a0:3a,4833,-32,3031,53.93,35.80,63,163459,163966
[Recv] <<< 23:c9:cc:4b:a0:3a,4834,-32,3032,53.92,35.80,37,163496,164003
[Recv] <<< 23:c9:cc:4b:a0:3a,4835,-32,3033,53.92,35.80,31,163527,164034
[Recv] <<< 23:c9:cc:4b:a0:3a,4836,-32,3034,53.91,35.80,30,163557,164064
[Recv] <<< 23:c9:cc:4b:a0:3a,4838,-41,3035,53.91,35.80,64,163621,164128
[Recv] <<< 23:c9:cc:4b:a0:3a,4839,-41,3036,53.91,35.80,38,163659,164166
[Recv] <<< 23:c9:cc:4b:a0:3a,4840,-41,3037,53.90,35.80,33,163692,164199
[Recv] <<< 23:c9:cc:4b:a0:3a,4841,-41,3038,53.89,35.80,40,163732,164239
[Recv] <<< 23:c9:cc:4b:a0:3a,4842,-41,3039,53.89,35.80,31,163763,164270
[Recv] <<< 23:c9:cc:4b:a0:3a,4843,-41,3040,53.88,35.80,36,163799,164306
[Recv] <<< 23:c9:cc:4b:a0:3a,4844,-45,3041,53.88,35.80,39,163838,164345
[Recv] <<< 23:c9:cc:4b:a0:3a,4845,-45,3042,53.87,35.79,31,163869,164376
[Recv] <<< 23:c9:cc:4b:a0:3a,4846,-45,3043,53.86,35.79,33,163902,164409
[Recv] <<< 23:c9:cc:4b:a0:3a,4847,-41,3044,53.86,35.79,33,163935,164442
[Recv] <<< 23:c9:cc:4b:a0:3a,4850,-43,3045,53.87,35.79,112,164047,164554
[Recv] <<< 23:c9:cc:4b:a0:3a,4851,-41,3046,53.87,35.79,29,164076,164583
[Recv] <<< 23:c9:cc:4b:a0:3a,4853,-41,3047,53.87,35.79,71,164147,164654
[Recv] <<< 23:c9:cc:4b:a0:3a,4854,-35,3048,53.86,35.79,29,164176,164683
[Recv] <<< 23:c9:cc:4b:a0:3a,4856,-32,3049,53.87,35.79,59,164235,164742
[Recv] <<< 23:c9:cc:4b:a0:3a,4858,-32,3050,53.87,35.79,72,164307,164814
[Recv] <<< 23:c9:cc:4b:a0:3a,4859,-32,3051,53.87,35.79,36,164343,164850
[Recv] <<< 23:c9:cc:4b:a0:3a,4860,-32,3052,53.86,35.79,39,164382,164889
[Recv] <<< 23:c9:cc:4b:a0:3a,4863,-32,3053,53.88,35.79,107,164489,164996
[Recv] <<< 23:c9:cc:4b:a0:3a,4864,-32,3054,53.87,35.79,26,164515,165022
[Recv] <<< 23:c9:cc:4b:a0:3a,4867,-32,3055,53.89,35.79,105,164620,165127
[Recv] <<< 23:c9:cc:4b:a0:3a,4868,-33,3056,53.88,35.79,42,164662,165169
[Recv] <<< 23:c9:cc:4b:a0:3a,4869,-32,3057,53.87,35.79,27,164689,165196
[Recv] <<< 23:c9:cc:4b:a0:3a,4873,-32,3058,53.90,35.78,132,164821,165328
[Recv] <<< 23:c9:cc:4b:a0:3a,4874,-32,3059,53.90,35.79,45,164866,165373
[Recv] <<< 23:c9:cc:4b:a0:3a,4875,-32,3060,53.89,35.79,33,164899,165406
[Recv] <<< 23:c9:cc:4b:a0:3a,4876,-35,3061,53.88,35.79,37,164936,165443
[Recv] <<< 23:c9:cc:4b:a0:3a,4877,-36,3062,53.88,35.79,35,164971,165478
[Recv] <<< 23:c9:cc:4b:a0:3a,4879,-35,3063,53.88,35.79,71,165042,165549
[Recv] <<< 23:c9:cc:4b:a0:3a,4880,-35,3064,53.87,35.78,29,165071,165578
[Recv] <<< 23:c9:cc:4b:a0:3a,4881,-35,3065,53.87,35.79,48,165119,165626
[Recv] <<< 23:c9:cc:4b:a0:3a,4882,-35,3066,53.86,35.78,28,165147,165654
[Recv] <<< 23:c9:cc:4b:a0:3a,4883,-35,3067,53.86,35.78,33,165180,165687
[Recv] <<< 23:c9:cc:4b:a0:3a,4884,-32,3068,53.85,35.78,33,165213,165720
[Recv] <<< 23:c9:cc:4b:a0:3a,4885,-32,3069,53.84,35.78,30,165243,165750
[Recv] <<< 23:c9:cc:4b:a0:3a,4886,-32,3070,53.84,35.78,32,165275,165782
[Recv] <<< 23:c9:cc:4b:a0:3a,4887,-32,3071,53.83,35.78,46,165321,165828
[Recv] <<< 23:c9:cc:4b:a0:3a,4888,-32,3072,53.82,35.78,24,165345,165852
[Recv] <<< 23:c9:cc:4b:a0:3a,4890,-32,3073,53.83,35.78,75,165420,165927
[Recv] <<< 23:c9:cc:4b:a0:3a,4891,-37,3074,53.83,35.78,47,165467,165974
[Recv] <<< 23:c9:cc:4b:a0:3a,4892,-41,3075,53.82,35.79,43,165510,166017
[Recv] <<< 23:c9:cc:4b:a0:3a,4894,-45,3076,53.83,35.78,64,165574,166081
[Recv] <<< 23:c9:cc:4b:a0:3a,4895,-41,3077,53.82,35.78,29,165603,166110
[Recv] <<< 23:c9:cc:4b:a0:3a,4896,-41,3078,53.82,35.78,41,165644,166151
[Recv] <<< 23:c9:cc:4b:a0:3a,4897,-32,3079,53.81,35.78,39,165683,166190
[Recv] <<< 23:c9:cc:4b:a0:3a,4898,-32,3080,53.81,35.79,41,165724,166231
[Recv] <<< 23:c9:cc:4b:a0:3a,4899,-32,3081,53.80,35.79,37,165761,166268
[Recv] <<< 23:c9:cc:4b:a0:3a,4902,-32,3082,53.82,35.78,102,165863,166370
[Recv] <<< 23:c9:cc:4b:a0:3a,4903,-38,3083,53.81,35.79,39,165902,166409
[Recv] <<< 23:c9:cc:4b:a0:3a,4905,-32,3084,53.82,35.79,70,165972,166479
[Recv] <<< 23:c9:cc:4b:a0:3a,4907,-32,3085,53.82,35.78,69,166041,166548
[Recv] <<< 23:c9:cc:4b:a0:3a,4908,-32,3086,53.81,35.78,31,166072,166579
[Recv] <<< 23:c9:cc:4b:a0:3a,4910,-41,3087,53.82,35.78,62,166134,166641
[Recv] <<< 23:c9:cc:4b:a0:3a,4911,-32,3088,53.81,35.78,43,166177,166684
[Recv] <<< 23:c9:cc:4b:a0:3a,4913,-32,3089,53.82,35.78,72,166249,166756
[Recv] <<< 23:c9:cc:4b:a0:3a,4914,-32,3090,53.81,35.78,30,166279,166786
[Recv] <<< 23:c9:cc:4b:a0:3a,4916,-35,3091,53.82,35.79,88,166367,166874
[Recv] <<< 23:c9:cc:4b:a0:3a,4917,-41,3092,53.82,35.79,41,166408,166915
[Recv] <<< 23:c9:cc:4b:a0:3a,4918,-36,3093,53.81,35.79,34,166442,166949
[Recv] <<< 23:c9:cc:4b:a0:3a,4920,-38,3094,53.81,35.78,61,166503,167010
[Recv] <<< 23:c9:cc:4b:a0:3a,4921,-36,3095,53.81,35.78,36,166539,167046
[Recv] <<< 23:c9:cc:4b:a0:3a,4924,-35,3096,53.83,35.78,109,166648,167155
[Recv] <<< 23:c9:cc:4b:a0:3a,4925,-36,3097,53.82,35.78,28,166676,167183
[Recv] <<< 23:c9:cc:4b:a0:3a,4926,-35,3098,53.81,35.78,37,166713,167220
[Recv] <<< 23:c9:cc:4b:a0:3a,4928,-35,3099,53.82,35.78,61,166774,167281
[Recv] <<< 23:c9:cc:4b:a0:3a,4930,-35,3100,53.82,35.78,70,166844,167351
[Recv] <<< 23:c9:cc:4b:a0:3a,4931,-41,3101,53.82,35.78,48,166892,167399
[Recv] <<< 23:c9:cc:4b:a0:3a,4932,-41,3102,53.81,35.78,27,166919,167426
[Recv] <<< 23:c9:cc:4b:a0:3a,4933,-41,3103,53.81,35.78,47,166966,167473
[Recv] <<< 23:c9:cc:4b:a0:3a,4934,-32,3104,53.80,35.78,37,167003,167510
[Recv] <<< 23:c9:cc:4b:a0:3a,4935,-32,3105,53.80,35.78,35,167038,167545
[Recv] <<< 23:c9:cc:4b:a0:3a,4936,-35,3106,53.79,35.78,40,167078,167585
[Recv] <<< 23:c9:cc:4b:a0:3a,4937,-36,3107,53.78,35.78,31,167109,167616
[Recv] <<< 23:c9:cc:4b:a0:3a,4938,-36,3108,53.78,35.78,37,167146,167653
[Recv] <<< 23:c9:cc:4b:a0:3a,4939,-36,3109,53.77,35.78,36,167182,167689
[Recv] <<< 23:c9:cc:4b:a0:3a,4941,-35,3110,53.78,35.78,66,167248,167755
[Recv] <<< 23:c9:cc:4b:a0:3a,4942,-36,3111,53.77,35.78,37,167285,167792
[Recv] <<< 23:c9:cc:4b:a0:3a,4943,-41,3112,53.77,35.78,39,167324,167831
[Recv] <<< 23:c9:cc:4b:a0:3a,4945,-32,3113,53.78,35.79,81,167405,167912
[Recv] <<< 23:c9:cc:4b:a0:3a,4946,-32,3114,53.77,35.78,31,167436,167943
[Recv] <<< 23:c9:cc:4b:a0:3a,4948,-41,3115,53.77,35.78,64,167500,168007
[Recv] <<< 23:c9:cc:4b:a0:3a,4949,-41,3116,53.76,35.78,30,167530,168037
[Recv] <<< 23:c9:cc:4b:a0:3a,4950,-45,3117,53.76,35.78,33,167563,168070
[Recv] <<< 23:c9:cc:4b:a0:3a,4951,-32,3118,53.76,35.78,46,167609,168116
[Recv] <<< 23:c9:cc:4b:a0:3a,4952,-32,3119,53.75,35.78,31,167640,168147
[Recv] <<< 23:c9:cc:4b:a0:3a,4954,-32,3120,53.76,35.78,80,167720,168227
[Recv] <<< 23:c9:cc:4b:a0:3a,4955,-41,3121,53.75,35.78,27,167747,168254
[Recv] <<< 23:c9:cc:4b:a0:3a,4956,-43,3122,53.74,35.78,34,167781,168288
[Recv] <<< 23:c9:cc:4b:a0:3a,4958,-32,3123,53.75,35.78,76,167857,168364
[Recv] <<< 23:c9:cc:4b:a0:3a,4966,-41,3124,53.82,35.78,276,168133,168640
[Recv] <<< 23:c9:cc:4b:a0:3a,4977,-36,3125,53.92,35.77,360,168493,169000
[Recv] <<< 23:c9:cc:4b:a0:3a,4979,-36,3126,53.92,35.77,70,168563,169070
[Recv] <<< 23:c9:cc:4b:a0:3a,4980,-32,3127,53.92,35.77,32,168595,169102
[Recv] <<< 23:c9:cc:4b:a0:3a,4981,-32,3128,53.91,35.77,37,168632,169139
[Recv] <<< 23:c9:cc:4b:a0:3a,4984,-32,3129,53.92,35.77,94,168726,169233
[Recv] <<< 23:c9:cc:4b:a0:3a,4985,-32,3130,53.92,35.77,48,168774,169281
[Recv] <<< 23:c9:cc:4b:a0:3a,4986,-32,3131,53.91,35.77,26,168800,169307
[Recv] <<< 23:c9:cc:4b:a0:3a,4987,-32,3132,53.91,35.77,32,168832,169339
[Recv] <<< 23:c9:cc:4b:a0:3a,4989,-32,3133,53.91,35.77,67,168899,169406
[Recv] <<< 23:c9:cc:4b:a0:3a,4990,-32,3134,53.90,35.77,37,168936,169443
[Recv] <<< 23:c9:cc:4b:a0:3a,4992,-41,3135,53.91,35.77,66,169002,169509
[Recv] <<< 23:c9:cc:4b:a0:3a,4993,-41,3136,53.90,35.77,30,169032,169539
[Recv] <<< 23:c9:cc:4b:a0:3a,4994,-45,3137,53.90,35.77,44,169076,169583
[Recv] <<< 23:c9:cc:4b:a0:3a,4997,-32,3138,53.92,35.77,112,169188,169695
[Recv] <<< 23:c9:cc:4b:a0:3a,4999,-32,3139,53.92,35.77,73,169261,169768
[Recv] <<< 23:c9:cc:4b:a0:3a,5000,-32,3140,53.92,35.77,34,169295,169802
[Recv] <<< 23:c9:cc:4b:a0:3a,5001,-32,3141,53.91,35.77,30,169325,169832
[Recv] <<< 23:c9:cc:4b:a0:3a,5002,-32,3142,53.90,35.77,33,169358,169865
[Recv] <<< 23:c9:cc:4b:a0:3a,5003,-32,3143,53.89,35.77,31,169389,169896
[Recv] <<< 23:c9:cc:4b:a0:3a,5004,-32,3144,53.89,35.77,37,169426,169933
[Recv] <<< 23:c9:cc:4b:a0:3a,5005,-41,3145,53.88,35.77,31,169457,169964
[Recv] <<< 23:c9:cc:4b:a0:3a,5006,-33,3146,53.88,35.77,41,169498,170005
[Recv] <<< 23:c9:cc:4b:a0:3a,5007,-36,3147,53.87,35.77,42,169540,170047
[Recv] <<< 23:c9:cc:4b:a0:3a,5008,-36,3148,53.87,35.77,38,169578,170085
[Recv] <<< 23:c9:cc:4b:a0:3a,5009,-36,3149,53.86,35.77,37,169615,170122
[Recv] <<< 23:c9:cc:4b:a0:3a,5010,-35,3150,53.86,35.77,35,169650,170157
[Recv] <<< 23:c9:cc:4b:a0:3a,5011,-35,3151,53.85,35.77,38,169688,170195
[Recv] <<< 23:c9:cc:4b:a0:3a,5013,-35,3152,53.86,35.77,67,169755,170262
[Recv] <<< 23:c9:cc:4b:a0:3a,5014,-43,3153,53.85,35.77,38,169793,170300
[Recv] <<< 23:c9:cc:4b:a0:3a,5015,-45,3154,53.85,35.77,35,169828,170335
[Recv] <<< 23:c9:cc:4b:a0:3a,5016,-45,3155,53.84,35.77,28,169856,170363
[Recv] <<< 23:c9:cc:4b:a0:3a,5017,-41,3156,53.83,35.77,34,169890,170397
[Recv] <<< 23:c9:cc:4b:a0:3a,5019,-41,3157,53.84,35.77,68,169958,170465
[Recv] <<< 23:c9:cc:4b:a0:3a,5020,-41,3158,53.83,35.77,42,170000,170507
[Recv] <<< 23:c9:cc:4b:a0:3a,5022,-32,3159,53.84,35.77,71,170071,170578
[Recv] <<< 23:c9:cc:4b:a0:3a,5024,-32,3160,53.84,35.77,67,170138,170645
[Recv] <<< 23:c9:cc:4b:a0:3a,5028,-32,3161,53.87,35.76,134,170272,170779
[Recv] <<< 23:c9:cc:4b:a0:3a,5029,-32,3162,53.86,35.76,32,170304,170811
[Recv] <<< 23:c9:cc:4b:a0:3a,5030,-32,3163,53.85,35.76,35,170339,170846
[Recv] <<< 23:c9:cc:4b:a0:3a,5039,-36,3164,53.94,35.76,324,170663,171170
[Recv] <<< 23:c9:cc:4b:a0:3a,5040,-36,3165,53.93,35.76,37,170700,171207
[Recv] <<< 23:c9:cc:4b:a0:3a,5082,-41,3166,54.38,35.75,1453,172153,172660
[Recv] <<< 23:c9:cc:4b:a0:3a,5084,-41,3167,54.38,35.75,76,172229,172736
[Recv] <<< 23:c9:cc:4b:a0:3a,5086,-44,3168,54.39,35.75,65,172294,172801
[Recv] <<< 23:c9:cc:4b:a0:3a,5088,-41,3169,54.39,35.75,64,172358,172865
[Recv] <<< 23:c9:cc:4b:a0:3a,5089,-43,3170,54.38,35.75,39,172397,172904
[Recv] <<< 23:c9:cc:4b:a0:3a,5091,-42,3171,54.39,35.75,72,172469,172976
[Recv] <<< 23:c9:cc:4b:a0:3a,5092,-41,3172,54.38,35.75,39,172508,173015
[Recv] <<< 23:c9:cc:4b:a0:3a,5093,-41,3173,54.38,35.75,35,172543,173050
[Recv] <<< 23:c9:cc:4b:a0:3a,5096,-41,3174,54.39,35.75,99,172642,173149
[Recv] <<< 23:c9:cc:4b:a0:3a,5097,-41,3175,54.39,35.75,32,172674,173181
[Recv] <<< 23:c9:cc:4b:a0:3a,5098,-41,3176,54.38,35.75,40,172714,173221
[Recv] <<< 23:c9:cc:4b:a0:3a,5099,-41,3177,54.37,35.75,30,172744,173251
[Recv] <<< 23:c9:cc:4b:a0:3a,5100,-46,3178,54.37,35.75,39,172783,173290
[Recv] <<< 23:c9:cc:4b:a0:3a,5103,-36,3179,54.38,35.75,96,172879,173386
[Recv] <<< 23:c9:cc:4b:a0:3a,5104,-35,3180,54.38,35.75,38,172917,173424
[Recv] <<< 23:c9:cc:4b:a0:3a,5105,-35,3181,54.37,35.75,37,172954,173461
[Recv] <<< 23:c9:cc:4b:a0:3a,5106,-37,3182,54.36,35.75,30,172984,173491
[Recv] <<< 23:c9:cc:4b:a0:3a,5107,-38,3183,54.36,35.75,33,173017,173524
[Recv] <<< 23:c9:cc:4b:a0:3a,5109,-36,3184,54.36,35.75,68,173085,173592
[Recv] <<< 23:c9:cc:4b:a0:3a,5110,-35,3185,54.35,35.75,32,173117,173624
[Recv] <<< 23:c9:cc:4b:a0:3a,5111,-35,3186,54.35,35.75,39,173156,173663
[Recv] <<< 23:c9:cc:4b:a0:3a,5112,-35,3187,54.34,35.74,26,173182,173689
[Recv] <<< 23:c9:cc:4b:a0:3a,5113,-36,3188,54.33,35.74,36,173218,173725
[Recv] <<< 23:c9:cc:4b:a0:3a,5115,-36,3189,54.34,35.74,66,173284,173791
[Recv] <<< 23:c9:cc:4b:a0:3a,5116,-32,3190,54.33,35.74,31,173315,173822
[Recv] <<< 23:c9:cc:4b:a0:3a,5118,-36,3191,54.34,35.74,80,173395,173902
[Recv] <<< 23:c9:cc:4b:a0:3a,5119,-35,3192,54.33,35.74,33,173428,173935
[Recv] <<< 23:c9:cc:4b:a0:3a,5121,-35,3193,54.34,35.74,73,173501,174008
[Recv] <<< 23:c9:cc:4b:a0:3a,5122,-36,3194,54.33,35.74,33,173534,174041
[Recv] <<< 23:c9:cc:4b:a0:3a,5125,-36,3195,54.35,35.74,109,173643,174150
[Recv] <<< 23:c9:cc:4b:a0:3a,5126,-35,3196,54.34,35.74,34,173677,174184
[Recv] <<< 23:c9:cc:4b:a0:3a,5127,-35,3197,54.34,35.74,38,173715,174222
[Recv] <<< 23:c9:cc:4b:a0:3a,5128,-41,3198,54.33,35.75,42,173757,174264
[Recv] <<< 23:c9:cc:4b:a0:3a,5129,-35,3199,54.32,35.74,21,173778,174285
[Recv] <<< 23:c9:cc:4b:a0:3a,5130,-35,3200,54.32,35.74,41,173819,174326
[Recv] <<< 23:c9:cc:4b:a0:3a,5131,-36,3201,54.31,35.74,26,173845,174352
[Recv] <<< 23:c9:cc:4b:a0:3a,5132,-35,3202,54.30,35.74,33,173878,174385
[Recv] <<< 23:c9:cc:4b:a0:3a,5133,-35,3203,54.30,35.74,32,173910,174417
[Recv] <<< 23:c9:cc:4b:a0:3a,5134,-36,3204,54.29,35.74,27,173937,174444
[Recv] <<< 23:c9:cc:4b:a0:3a,5136,-32,3205,54.29,35.74,66,174003,174510
[Recv] <<< 23:c9:cc:4b:a0:3a,5137,-32,3206,54.28,35.74,33,174036,174543
[Recv] <<< 23:c9:cc:4b:a0:3a,5139,-32,3207,54.29,35.74,67,174103,174610
[Recv] <<< 23:c9:cc:4b:a0:3a,5141,-41,3208,54.29,35.73,68,174171,174678
[Recv] <<< 23:c9:cc:4b:a0:3a,5143,-41,3209,54.30,35.73,68,174239,174746
[Recv] <<< 23:c9:cc:4b:a0:3a,5144,-41,3210,54.29,35.73,34,174273,174780
[Recv] <<< 23:c9:cc:4b:a0:3a,5145,-41,3211,54.28,35.73,30,174303,174810
[Recv] <<< 23:c9:cc:4b:a0:3a,5148,-36,3212,54.30,35.73,97,174400,174907
[Recv] <<< 23:c9:cc:4b:a0:3a,5163,-36,3213,54.44,35.72,509,174909,175416
[Recv] <<< 23:c9:cc:4b:a0:3a,5164,-41,3214,54.43,35.73,39,174948,175455
[Recv] <<< 23:c9:cc:4b:a0:3a,5165,-45,3215,54.43,35.73,39,174987,175494
[Recv] <<< 23:c9:cc:4b:a0:3a,5166,-41,3216,54.42,35.73,37,175024,175531
[Recv] <<< 23:c9:cc:4b:a0:3a,5167,-41,3217,54.42,35.73,32,175056,175563
[Recv] <<< 23:c9:cc:4b:a0:3a,5168,-41,3218,54.41,35.73,36,175092,175599
[Recv] <<< 23:c9:cc:4b:a0:3a,5170,-32,3219,54.42,35.73,73,175165,175672
[Recv] <<< 23:c9:cc:4b:a0:3a,5171,-32,3220,54.41,35.73,37,175202,175709
[Recv] <<< 23:c9:cc:4b:a0:3a,5172,-32,3221,54.40,35.73,35,175237,175744
[Recv] <<< 23:c9:cc:4b:a0:3a,5176,-36,3222,54.44,35.73,156,175393,175900
[Recv] <<< 23:c9:cc:4b:a0:3a,5177,-35,3223,54.43,35.73,23,175416,175923
[Recv] <<< 23:c9:cc:4b:a0:3a,5179,-32,3224,54.43,35.72,61,175477,175984
[Recv] <<< 23:c9:cc:4b:a0:3a,5180,-32,3225,54.42,35.73,40,175517,176024
[Recv] <<< 23:c9:cc:4b:a0:3a,5181,-32,3226,54.42,35.72,29,175546,176053
[Recv] <<< 23:c9:cc:4b:a0:3a,5182,-32,3227,54.41,35.72,39,175585,176092
[Recv] <<< 23:c9:cc:4b:a0:3a,5183,-35,3228,54.41,35.72,35,175620,176127
[Recv] <<< 23:c9:cc:4b:a0:3a,5184,-32,3229,54.40,35.72,30,175650,176157
[Recv] <<< 23:c9:cc:4b:a0:3a,5185,-33,3230,54.39,35.72,35,175685,176192
[Recv] <<< 23:c9:cc:4b:a0:3a,5186,-32,3231,54.38,35.72,32,175717,176224
[Recv] <<< 23:c9:cc:4b:a0:3a,5189,-41,3232,54.40,35.72,92,175809,176316
[Recv] <<< 23:c9:cc:4b:a0:3a,5191,-36,3233,54.40,35.72,69,175878,176385
[Recv] <<< 23:c9:cc:4b:a0:3a,5192,-35,3234,54.40,35.72,37,175915,176422
[Recv] <<< 23:c9:cc:4b:a0:3a,5193,-36,3235,54.39,35.72,32,175947,176454
[Recv] <<< 23:c9:cc:4b:a0:3a,5194,-35,3236,54.38,35.72,31,175978,176485
[Recv] <<< 23:c9:cc:4b:a0:3a,5195,-35,3237,54.38,35.72,35,176013,176520
[Recv] <<< 23:c9:cc:4b:a0:3a,5196,-35,3238,54.37,35.72,27,176040,176547
[Recv] <<< 23:c9:cc:4b:a0:3a,5197,-35,3239,54.36,35.71,34,176074,176581
[Recv] <<< 23:c9:cc:4b:a0:3a,5199,-35,3240,54.37,35.71,69,176143,176650
[Recv] <<< 23:c9:cc:4b:a0:3a,5200,-35,3241,54.36,35.72,40,176183,176690
[Recv] <<< 23:c9:cc:4b:a0:3a,5202,-35,3242,54.36,35.71,63,176246,176753
[Recv] <<< 23:c9:cc:4b:a0:3a,5203,-36,3243,54.36,35.71,36,176282,176789
[Recv] <<< 23:c9:cc:4b:a0:3a,5204,-35,3244,54.35,35.71,36,176318,176825
[Recv] <<< 23:c9:cc:4b:a0:3a,5205,-38,3245,54.35,35.71,38,176356,176863
[Recv] <<< 23:c9:cc:4b:a0:3a,5206,-32,3246,54.34,35.71,28,176384,176891
[Recv] <<< 23:c9:cc:4b:a0:3a,5207,-32,3247,54.33,35.71,27,176411,176918
[Recv] <<< 23:c9:cc:4b:a0:3a,5208,-32,3248,54.33,35.71,40,176451,176958
[Recv] <<< 23:c9:cc:4b:a0:3a,5209,-32,3249,54.32,35.71,32,176483,176990
[Recv] <<< 23:c9:cc:4b:a0:3a,5210,-41,3250,54.31,35.71,33,176516,177023
[Recv] <<< 23:c9:cc:4b:a0:3a,5211,-41,3251,54.31,35.71,34,176550,177057
[Recv] <<< 23:c9:cc:4b:a0:3a,5212,-45,3252,54.30,35.71,36,176586,177093
[Recv] <<< 23:c9:cc:4b:a0:3a,5213,-42,3253,54.29,35.71,32,176618,177125
[Recv] <<< 23:c9:cc:4b:a0:3a,5214,-41,3254,54.29,35.71,31,176649,177156
[Recv] <<< 23:c9:cc:4b:a0:3a,5215,-42,3255,54.28,35.71,30,176679,177186
[Recv] <<< 23:c9:cc:4b:a0:3a,5217,-36,3256,54.28,35.71,70,176749,177256
[Recv] <<< 23:c9:cc:4b:a0:3a,5218,-35,3257,54.28,35.71,32,176781,177288
[Recv] <<< 23:c9:cc:4b:a0:3a,5219,-35,3258,54.27,35.71,35,176816,177323
[Recv] <<< 23:c9:cc:4b:a0:3a,5220,-36,3259,54.26,35.71,31,176847,177354
[Recv] <<< 23:c9:cc:4b:a0:3a,5221,-35,3260,54.26,35.70,35,176882,177389
[Recv] <<< 23:c9:cc:4b:a0:3a,5222,-36,3261,54.25,35.70,29,176911,177418
[Recv] <<< 23:c9:cc:4b:a0:3a,5224,-32,3262,54.25,35.70,68,176979,177486
[Recv] <<< 23:c9:cc:4b:a0:3a,5226,-32,3263,54.26,35.70,79,177058,177565
[Recv] <<< 23:c9:cc:4b:a0:3a,5227,-36,3264,54.26,35.70,35,177093,177600
[Recv] <<< 23:c9:cc:4b:a0:3a,5230,-32,3265,54.27,35.70,103,177196,177703
[Recv] <<< 23:c9:cc:4b:a0:3a,5231,-32,3266,54.26,35.70,33,177229,177736
[Recv] <<< 23:c9:cc:4b:a0:3a,5233,-41,3267,54.27,35.70,65,177294,177801
[Recv] <<< 23:c9:cc:4b:a0:3a,5234,-45,3268,54.26,35.70,39,177333,177840
[Recv] <<< 23:c9:cc:4b:a0:3a,5235,-41,3269,54.26,35.70,32,177365,177872
[Recv] <<< 23:c9:cc:4b:a0:3a,5237,-36,3270,54.26,35.70,60,177425,177932
[Recv] <<< 23:c9:cc:4b:a0:3a,5238,-36,3271,54.25,35.70,32,177457,177964
[Recv] <<< 23:c9:cc:4b:a0:3a,5239,-36,3272,54.25,35.70,35,177492,177999
[Recv] <<< 23:c9:cc:4b:a0:3a,5243,-36,3273,54.27,35.70,145,177637,178144
[Recv] <<< 23:c9:cc:4b:a0:3a,5244,-35,3274,54.27,35.70,32,177669,178176
[Recv] <<< 23:c9:cc:4b:a0:3a,5245,-36,3275,54.26,35.70,34,177703,178210
[Recv] <<< 23:c9:cc:4b:a0:3a,5246,-36,3276,54.26,35.70,37,177740,178247
[Recv] <<< 23:c9:cc:4b:a0:3a,5247,-35,3277,54.25,35.70,27,177767,178274
[Recv] <<< 23:c9:cc:4b:a0:3a,5248,-32,3278,54.24,35.70,33,177800,178307
[Recv] <<< 23:c9:cc:4b:a0:3a,5249,-32,3279,54.23,35.69,30,177830,178337
[Recv] <<< 23:c9:cc:4b:a0:3a,5250,-32,3280,54.23,35.70,40,177870,178377
[Recv] <<< 23:c9:cc:4b:a0:3a,5251,-32,3281,54.22,35.69,31,177901,178408
[Recv] <<< 23:c9:cc:4b:a0:3a,5252,-32,3282,54.22,35.70,40,177941,178448
[Recv] <<< 23:c9:cc:4b:a0:3a,5254,-32,3283,54.22,35.70,71,178012,178519
[Recv] <<< 23:c9:cc:4b:a0:3a,5256,-46,3284,54.22,35.69,60,178072,178579
[Recv] <<< 23:c9:cc:4b:a0:3a,5257,-32,3285,54.22,35.69,45,178117,178624
[Recv] <<< 23:c9:cc:4b:a0:3a,5258,-41,3286,54.21,35.69,27,178144,178651
[Recv] <<< 23:c9:cc:4b:a0:3a,5259,-41,3287,54.21,35.69,30,178174,178681
[Recv] <<< 23:c9:cc:4b:a0:3a,5260,-41,3288,54.20,35.69,36,178210,178717
[Recv] <<< 23:c9:cc:4b:a0:3a,5263,-36,3289,54.21,35.69,101,178311,178818
[Recv] <<< 23:c9:cc:4b:a0:3a,5264,-36,3290,54.21,35.69,37,178348,178855
[Recv] <<< 23:c9:cc:4b:a0:3a,5265,-36,3291,54.20,35.69,29,178377,178884
[Recv] <<< 23:c9:cc:4b:a0:3a,5268,-36,3292,54.22,35.69,100,178477,178984
[Recv] <<< 23:c9:cc:4b:a0:3a,5269,-32,3293,54.21,35.69,31,178508,179015
[Recv] <<< 23:c9:cc:4b:a0:3a,5270,-32,3294,54.20,35.69,35,178543,179050
[Recv] <<< 23:c9:cc:4b:a0:3a,5271,-32,3295,54.20,35.69,30,178573,179080
[Recv] <<< 23:c9:cc:4b:a0:3a,5273,-32,3296,54.20,35.68,59,178632,179139
[Recv] <<< 23:c9:cc:4b:a0:3a,5274,-41,3297,54.19,35.68,34,178666,179173
[Recv] <<< 23:c9:cc:4b:a0:3a,5276,-41,3298,54.20,35.68,70,178736,179243
[Recv] <<< 23:c9:cc:4b:a0:3a,5278,-41,3299,54.20,35.68,69,178805,179312
[Recv] <<< 23:c9:cc:4b:a0:3a,5279,-41,3300,54.19,35.68,33,178838,179345
[Recv] <<< 23:c9:cc:4b:a0:3a,5280,-36,3301,54.19,35.68,31,178869,179376
[Recv] <<< 23:c9:cc:4b:a0:3a,5281,-35,3302,54.18,35.68,30,178899,179406
[Recv] <<< 23:c9:cc:4b:a0:3a,5282,-38,3303,54.17,35.68,31,178930,179437
[Recv] <<< 23:c9:cc:4b:a0:3a,5283,-36,3304,54.17,35.68,37,178967,179474
[Recv] <<< 23:c9:cc:4b:a0:3a,5285,-35,3305,54.17,35.68,71,179038,179545
[Recv] <<< 23:c9:cc:4b:a0:3a,5286,-41,3306,54.17,35.68,37,179075,179582
[Recv] <<< 23:c9:cc:4b:a0:3a,5287,-35,3307,54.16,35.68,31,179106,179613
[Recv] <<< 23:c9:cc:4b:a0:3a,5289,-33,3308,54.16,35.68,69,179175,179682
[Recv] <<< 23:c9:cc:4b:a0:3a,5290,-35,3309,54.16,35.68,28,179203,179710
[Recv] <<< 23:c9:cc:4b:a0:3a,5291,-36,3310,54.15,35.68,41,179244,179751
[Recv] <<< 23:c9:cc:4b:a0:3a,5292,-36,3311,54.15,35.68,35,179279,179786
[Recv] <<< 23:c9:cc:4b:a0:3a,5293,-35,3312,54.14,35.68,31,179310,179817
[Recv] <<< 23:c9:cc:4b:a0:3a,5296,-36,3313,54.16,35.68,106,179416,179923
[Recv] <<< 23:c9:cc:4b:a0:3a,5299,-32,3314,54.17,35.67,97,179513,180020
[Recv] <<< 23:c9:cc:4b:a0:3a,5301,-36,3315,54.17,35.67,74,179587,180094
[Recv] <<< 23:c9:cc:4b:a0:3a,5303,-36,3316,54.18,35.67,70,179657,180164
[Recv] <<< 23:c9:cc:4b:a0:3a,5304,-36,3317,54.17,35.68,41,179698,180205
[Recv] <<< 23:c9:cc:4b:a0:3a,5305,-36,3318,54.17,35.68,34,179732,180239
[Recv] <<< 23:c9:cc:4b:a0:3a,5306,-41,3319,54.16,35.67,33,179765,180272
[Recv] <<< 23:c9:cc:4b:a0:3a,5308,-36,3320,54.17,35.67,66,179831,180338
[Recv] <<< 23:c9:cc:4b:a0:3a,5309,-35,3321,54.16,35.67,36,179867,180374
[Recv] <<< 23:c9:cc:4b:a0:3a,5310,-35,3322,54.15,35.67,29,179896,180403
[Recv] <<< 23:c9:cc:4b:a0:3a,5313,-35,3323,54.17,35.67,101,179997,180504
[Recv] <<< 23:c9:cc:4b:a0:3a,5315,-32,3324,54.17,35.67,59,180056,180563
[Recv] <<< 23:c9:cc:4b:a0:3a,5316,-32,3325,54.16,35.67,38,180094,180601
[Recv] <<< 23:c9:cc:4b:a0:3a,5317,-32,3326,54.16,35.67,31,180125,180632
[Recv] <<< 23:c9:cc:4b:a0:3a,5318,-32,3327,54.15,35.67,42,180167,180674
[Recv] <<< 23:c9:cc:4b:a0:3a,5320,-41,3328,54.15,35.67,53,180220,180727
[Recv] <<< 23:c9:cc:4b:a0:3a,5321,-41,3329,54.15,35.67,36,180256,180763
[Recv] <<< 23:c9:cc:4b:a0:3a,5323,-36,3330,54.15,35.66,64,180320,180827
[Recv] <<< 23:c9:cc:4b:a0:3a,5325,-32,3331,54.15,35.66,61,180381,180888
[Recv] <<< 23:c9:cc:4b:a0:3a,5326,-32,3332,54.15,35.66,37,180418,180925
[Recv] <<< 23:c9:cc:4b:a0:3a,5327,-32,3333,54.14,35.66,29,180447,180954
[Recv] <<< 23:c9:cc:4b:a0:3a,5329,-45,3334,54.14,35.66,66,180513,181020
[Recv] <<< 23:c9:cc:4b:a0:3a,5330,-41,3335,54.14,35.66,34,180547,181054
[Recv] <<< 23:c9:cc:4b:a0:3a,5331,-41,3336,54.13,35.66,33,180580,181087
[Recv] <<< 23:c9:cc:4b:a0:3a,5332,-36,3337,54.12,35.66,29,180609,181116
[Recv] <<< 23:c9:cc:4b:a0:3a,5333,-35,3338,54.12,35.66,27,180636,181143
[Recv] <<< 23:c9:cc:4b:a0:3a,5334,-33,3339,54.11,35.66,41,180677,181184
[Recv] <<< 23:c9:cc:4b:a0:3a,5335,-35,3340,54.10,35.66,29,180706,181213
[Recv] <<< 23:c9:cc:4b:a0:3a,5336,-36,3341,54.10,35.65,27,180733,181240
[Recv] <<< 23:c9:cc:4b:a0:3a,5337,-35,3342,54.09,35.66,39,180772,181279
[Recv] <<< 23:c9:cc:4b:a0:3a,5338,-32,3343,54.08,35.65,33,180805,181312
[Recv] <<< 23:c9:cc:4b:a0:3a,5347,-32,3344,54.16,35.65,308,181113,181620
[Recv] <<< 23:c9:cc:4b:a0:3a,5348,-48,3345,54.15,35.65,29,181142,181649
[Recv] <<< 23:c9:cc:4b:a0:3a,5352,-32,3346,54.18,35.65,142,181284,181791
[Recv] <<< 23:c9:cc:4b:a0:3a,5353,-32,3347,54.17,35.65,36,181320,181827
[Recv] <<< 23:c9:cc:4b:a0:3a,5363,-35,3348,54.26,35.65,334,181654,182161
[Recv] <<< 23:c9:cc:4b:a0:3a,5367,-41,3349,54.28,35.65,143,181797,182304
[Recv] <<< 23:c9:cc:4b:a0:3a,5369,-41,3350,54.29,35.64,63,181860,182367
[Recv] <<< 23:c9:cc:4b:a0:3a,5372,-38,3351,54.30,35.64,101,181961,182468
[Recv] <<< 23:c9:cc:4b:a0:3a,5374,-36,3352,54.31,35.64,74,182035,182542
[Recv] <<< 23:c9:cc:4b:a0:3a,5376,-36,3353,54.31,35.64,69,182104,182611
[Recv] <<< 23:c9:cc:4b:a0:3a,5377,-35,3354,54.31,35.64,39,182143,182650
[Recv] <<< 23:c9:cc:4b:a0:3a,5380,-35,3355,54.32,35.65,113,182256,182763
[Recv] <<< 23:c9:cc:4b:a0:3a,5381,-35,3356,54.32,35.64,29,182285,182792
[Recv] <<< 23:c9:cc:4b:a0:3a,5382,-35,3357,54.31,35.64,37,182322,182829
[Recv] <<< 23:c9:cc:4b:a0:3a,5385,-35,3358,54.32,35.64,94,182416,182923
[Recv] <<< 23:c9:cc:4b:a0:3a,5388,-35,3359,54.34,35.64,103,182519,183026
[Recv] <<< 23:c9:cc:4b:a0:3a,5389,-32,3360,54.33,35.64,34,182553,183060
[Recv] <<< 23:c9:cc:4b:a0:3a,5390,-32,3361,54.33,35.64,35,182588,183095
[Recv] <<< 23:c9:cc:4b:a0:3a,5418,-41,3362,54.59,35.63,951,183539,184046
[Recv] <<< 23:c9:cc:4b:a0:3a,5419,-42,3363,54.59,35.63,35,183574,184081
[Recv] <<< 23:c9:cc:4b:a0:3a,5422,-41,3364,54.60,35.63,106,183680,184187
[Recv] <<< 23:c9:cc:4b:a0:3a,5423,-32,3365,54.60,35.63,37,183717,184224
[Recv] <<< 23:c9:cc:4b:a0:3a,5425,-32,3366,54.60,35.63,71,183788,184295
[Recv] <<< 23:c9:cc:4b:a0:3a,5427,-32,3367,54.61,35.63,75,183863,184370
[Recv] <<< 23:c9:cc:4b:a0:3a,5428,-35,3368,54.60,35.63,35,183898,184405
[Recv] <<< 23:c9:cc:4b:a0:3a,5429,-36,3369,54.60,35.63,34,183932,184439
[Recv] <<< 23:c9:cc:4b:a0:3a,5430,-36,3370,54.59,35.63,37,183969,184476
[Recv] <<< 23:c9:cc:4b:a0:3a,5431,-36,3371,54.58,35.63,29,183998,184505
[Recv] <<< 23:c9:cc:4b:a0:3a,5433,-32,3372,54.59,35.63,63,184061,184568
[Recv] <<< 23:c9:cc:4b:a0:3a,5434,-32,3373,54.58,35.63,36,184097,184604
[Recv] <<< 23:c9:cc:4b:a0:3a,5435,-32,3374,54.57,35.63,37,184134,184641
[Recv] <<< 23:c9:cc:4b:a0:3a,5437,-36,3375,54.58,35.63,84,184218,184725
[Recv] <<< 23:c9:cc:4b:a0:3a,5439,-35,3376,54.59,35.63,69,184287,184794
[Recv] <<< 23:c9:cc:4b:a0:3a,5440,-33,3377,54.58,35.63,28,184315,184822
[Recv] <<< 23:c9:cc:4b:a0:3a,5441,-32,3378,54.57,35.63,30,184345,184852
[Recv] <<< 23:c9:cc:4b:a0:3a,5449,-32,3379,54.64,35.63,277,184622,185129
[Recv] <<< 23:c9:cc:4b:a0:3a,5450,-32,3380,54.63,35.63,34,184656,185163
[Recv] <<< 23:c9:cc:4b:a0:3a,5452,-32,3381,54.63,35.63,60,184716,185223
[Recv] <<< 23:c9:cc:4b:a0:3a,5453,-32,3382,54.63,35.63,39,184755,185262
[Recv] <<< 23:c9:cc:4b:a0:3a,5454,-36,3383,54.62,35.63,37,184792,185299
[Recv] <<< 23:c9:cc:4b:a0:3a,5455,-36,3384,54.62,35.63,39,184831,185338
[Recv] <<< 23:c9:cc:4b:a0:3a,5456,-35,3385,54.61,35.62,27,184858,185365
[Recv] <<< 23:c9:cc:4b:a0:3a,5457,-35,3386,54.60,35.62,33,184891,185398
[Recv] <<< 23:c9:cc:4b:a0:3a,5458,-36,3387,54.60,35.63,39,184930,185437
[Recv] <<< 23:c9:cc:4b:a0:3a,5459,-36,3388,54.59,35.62,24,184954,185461
[Recv] <<< 23:c9:cc:4b:a0:3a,5460,-36,3389,54.59,35.63,51,185005,185512
[Recv] <<< 23:c9:cc:4b:a0:3a,5462,-35,3390,54.59,35.62,66,185071,185578
[Recv] <<< 23:c9:cc:4b:a0:3a,5463,-35,3391,54.59,35.62,33,185104,185611
[Recv] <<< 23:c9:cc:4b:a0:3a,5464,-36,3392,54.58,35.63,41,185145,185652
[Recv] <<< 23:c9:cc:4b:a0:3a,5465,-36,3393,54.58,35.62,28,185173,185680
[Recv] <<< 23:c9:cc:4b:a0:3a,5467,-36,3394,54.58,35.63,83,185256,185763
[Recv] <<< 23:c9:cc:4b:a0:3a,5468,-38,3395,54.58,35.63,40,185296,185803
[Recv] <<< 23:c9:cc:4b:a0:3a,5469,-35,3396,54.57,35.63,30,185326,185833
[Recv] <<< 23:c9:cc:4b:a0:3a,5471,-41,3397,54.58,35.63,75,185401,185908
[Recv] <<< 23:c9:cc:4b:a0:3a,5472,-45,3398,54.57,35.63,33,185434,185941
[Recv] <<< 23:c9:cc:4b:a0:3a,5474,-41,3399,54.58,35.63,69,185503,186010
[Recv] <<< 23:c9:cc:4b:a0:3a,5479,-32,3400,54.61,35.63,185,185688,186195
[Recv] <<< 23:c9:cc:4b:a0:3a,5481,-32,3401,54.62,35.63,63,185751,186258
[Recv] <<< 23:c9:cc:4b:a0:3a,5485,-32,3402,54.64,35.62,129,185880,186387
[Recv] <<< 23:c9:cc:4b:a0:3a,5487,-35,3403,54.65,35.62,82,185962,186469
[Recv] <<< 23:c9:cc:4b:a0:3a,5488,-36,3404,54.64,35.62,29,185991,186498
[Recv] <<< 23:c9:cc:4b:a0:3a,5490,-32,3405,54.64,35.62,67,186058,186565
[Recv] <<< 23:c9:cc:4b:a0:3a,5497,-36,3406,54.70,35.63,261,186319,186826
[Recv] <<< 23:c9:cc:4b:a0:3a,5499,-36,3407,54.71,35.62,65,186384,186891
[Recv] <<< 23:c9:cc:4b:a0:3a,5500,-36,3408,54.70,35.62,37,186421,186928
[Recv] <<< 23:c9:cc:4b:a0:3a,5501,-32,3409,54.69,35.62,31,186452,186959
[Recv] <<< 23:c9:cc:4b:a0:3a,5502,-33,3410,54.69,35.62,36,186488,186995
[Recv] <<< 23:c9:cc:4b:a0:3a,5503,-36,3411,54.68,35.62,36,186524,187031
[Recv] <<< 23:c9:cc:4b:a0:3a,5504,-38,3412,54.68,35.62,34,186558,187065
[Recv] <<< 23:c9:cc:4b:a0:3a,5505,-36,3413,54.67,35.62,26,186584,187091
[Recv] <<< 23:c9:cc:4b:a0:3a,5506,-36,3414,54.66,35.62,38,186622,187129
[Recv] <<< 23:c9:cc:4b:a0:3a,5507,-36,3415,54.66,35.62,42,186664,187171
[Recv] <<< 23:c9:cc:4b:a0:3a,5508,-41,3416,54.66,35.62,45,186709,187216
[Recv] <<< 23:c9:cc:4b:a0:3a,5518,-45,3417,54.74,35.62,344,187053,187560
[Recv] <<< 23:c9:cc:4b:a0:3a,5519,-41,3418,54.73,35.62,31,187084,187591
[Recv] <<< 23:c9:cc:4b:a0:3a,5520,-41,3419,54.73,35.62,44,187128,187635
[Recv] <<< 23:c9:cc:4b:a0:3a,5521,-42,3420,54.73,35.62,37,187165,187672
[Recv] <<< 23:c9:cc:4b:a0:3a,5522,-41,3421,54.72,35.62,36,187201,187708
[Recv] <<< 23:c9:cc:4b:a0:3a,5523,-41,3422,54.71,35.62,27,187228,187735
[Recv] <<< 23:c9:cc:4b:a0:3a,5524,-41,3423,54.71,35.62,33,187261,187768
[Recv] <<< 23:c9:cc:4b:a0:3a,5525,-41,3424,54.70,35.62,36,187297,187804
[Recv] <<< 23:c9:cc:4b:a0:3a,5528,-36,3425,54.71,35.62,96,187393,187900
[Recv] <<< 23:c9:cc:4b:a0:3a,5529,-35,3426,54.71,35.62,30,187423,187930
[Recv] <<< 23:c9:cc:4b:a0:3a,5530,-36,3427,54.70,35.62,38,187461,187968
[Recv] <<< 23:c9:cc:4b:a0:3a,5532,-32,3428,54.70,35.62,61,187522,188029
[Recv] <<< 23:c9:cc:4b:a0:3a,5534,-32,3429,54.71,35.62,69,187591,188098
[Recv] <<< 23:c9:cc:4b:a0:3a,5536,-32,3430,54.71,35.62,80,187671,188178
[Recv] <<< 23:c9:cc:4b:a0:3a,5537,-32,3431,54.71,35.62,33,187704,188211
[Recv] <<< 23:c9:cc:4b:a0:3a,5541,-32,3432,54.73,35.62,138,187842,188349
[Recv] <<< 23:c9:cc:4b:a0:3a,5550,-32,3433,54.81,35.61,309,188151,188658
[Recv] <<< 23:c9:cc:4b:a0:3a,5551,-41,3434,54.80,35.61,32,188183,188690
[Recv] <<< 23:c9:cc:4b:a0:3a,5552,-41,3435,54.79,35.61,34,188217,188724
[Recv] <<< 23:c9:cc:4b:a0:3a,5553,-41,3436,54.79,35.61,33,188250,188757
[Recv] <<< 23:c9:cc:4b:a0:3a,5554,-32,3437,54.78,35.61,37,188287,188794
[Recv] <<< 23:c9:cc:4b:a0:3a,5555,-32,3438,54.78,35.61,44,188331,188838
[Recv] <<< 23:c9:cc:4b:a0:3a,5556,-32,3439,54.77,35.61,33,188364,188871
[Recv] <<< 23:c9:cc:4b:a0:3a,5557,-33,3440,54.77,35.61,33,188397,188904
[Recv] <<< 23:c9:cc:4b:a0:3a,5561,-41,3441,54.79,35.61,125,188522,189029
[Recv] <<< 23:c9:cc:4b:a0:3a,5563,-41,3442,54.79,35.61,72,188594,189101
[Recv] <<< 23:c9:cc:4b:a0:3a,5564,-42,3443,54.79,35.61,42,188636,189143
[Recv] <<< 23:c9:cc:4b:a0:3a,5565,-41,3444,54.78,35.61,30,188666,189173
[Recv] <<< 23:c9:cc:4b:a0:3a,5566,-41,3445,54.78,35.61,36,188702,189209
[Recv] <<< 23:c9:cc:4b:a0:3a,5567,-43,3446,54.77,35.61,30,188732,189239
[Recv] <<< 23:c9:cc:4b:a0:3a,5568,-45,3447,54.77,35.61,44,188776,189283
[Recv] <<< 23:c9:cc:4b:a0:3a,5570,-42,3448,54.77,35.61,70,188846,189353
[Recv] <<< 23:c9:cc:4b:a0:3a,5571,-41,3449,54.76,35.61,33,188879,189386
[Recv] <<< 23:c9:cc:4b:a0:3a,5572,-32,3450,54.76,35.61,35,188914,189421
[Recv] <<< 23:c9:cc:4b:a0:3a,5573,-35,3451,54.76,35.61,52,188966,189473
[Recv] <<< 23:c9:cc:4b:a0:3a,5574,-36,3452,54.75,35.61,34,189000,189507
[Recv] <<< 23:c9:cc:4b:a0:3a,5597,-32,3453,54.96,35.61,782,189782,190289
[Recv] <<< 23:c9:cc:4b:a0:3a,5598,-32,3454,54.96,35.61,36,189818,190325
[Recv] <<< 23:c9:cc:4b:a0:3a,5599,-32,3455,54.95,35.60,27,189845,190352
[Recv] <<< 23:c9:cc:4b:a0:3a,5600,-32,3456,54.94,35.60,35,189880,190387
[Recv] <<< 23:c9:cc:4b:a0:3a,5602,-41,3457,54.94,35.60,64,189944,190451
[Recv] <<< 23:c9:cc:4b:a0:3a,5604,-41,3458,54.95,35.60,69,190013,190520
[Recv] <<< 23:c9:cc:4b:a0:3a,5622,-32,3459,55.11,35.60,620,190633,191140
[Recv] <<< 23:c9:cc:4b:a0:3a,5623,-35,3460,55.11,35.60,34,190667,191174
[Recv] <<< 23:c9:cc:4b:a0:3a,5628,-42,3461,55.14,35.60,188,190855,191362
[Recv] <<< 23:c9:cc:4b:a0:3a,5632,-32,3462,55.17,35.60,150,191005,191512
[Recv] <<< 23:c9:cc:4b:a0:3a,5633,-36,3463,55.17,35.60,45,191050,191557
[Recv] <<< 23:c9:cc:4b:a0:3a,5634,-36,3464,55.16,35.60,38,191088,191595
[Recv] <<< 23:c9:cc:4b:a0:3a,5636,-36,3465,55.17,35.60,72,191160,191667
[Recv] <<< 23:c9:cc:4b:a0:3a,5637,-36,3466,55.16,35.60,38,191198,191705
[Recv] <<< 23:c9:cc:4b:a0:3a,5638,-36,3467,55.16,35.60,31,191229,191736
[Recv] <<< 23:c9:cc:4b:a0:3a,5639,-36,3468,55.15,35.60,33,191262,191769
[Recv] <<< 23:c9:cc:4b:a0:3a,5640,-45,3469,55.15,35.61,46,191308,191815
[Recv] <<< 23:c9:cc:4b:a0:3a,5641,-45,3470,55.14,35.60,32,191340,191847
[Recv] <<< 23:c9:cc:4b:a0:3a,5642,-41,3471,55.14,35.61,40,191380,191887
[Recv] <<< 23:c9:cc:4b:a0:3a,5646,-36,3472,55.16,35.61,147,191527,192034
[Recv] <<< 23:c9:cc:4b:a0:3a,5648,-36,3473,55.17,35.61,78,191605,192112
[Recv] <<< 23:c9:cc:4b:a0:3a,5649,-35,3474,55.16,35.61,34,191639,192146
[Recv] <<< 23:c9:cc:4b:a0:3a,5651,-45,3475,55.17,35.61,76,191715,192222
[Recv] <<< 23:c9:cc:4b:a0:3a,5652,-45,3476,55.16,35.61,36,191751,192258
[Recv] <<< 23:c9:cc:4b:a0:3a,5653,-41,3477,55.16,35.61,43,191794,192301
[Recv] <<< 23:c9:cc:4b:a0:3a,5656,-32,3478,55.18,35.61,120,191914,192421
[Recv] <<< 23:c9:cc:4b:a0:3a,5661,-41,3479,55.22,35.61,192,192106,192613
[Recv] <<< 23:c9:cc:4b:a0:3a,5662,-32,3480,55.22,35.62,45,192151,192658
[Recv] <<< 23:c9:cc:4b:a0:3a,5663,-32,3481,55.21,35.62,36,192187,192694
[Recv] <<< 23:c9:cc:4b:a0:3a,5664,-32,3482,55.20,35.62,36,192223,192730
[Recv] <<< 23:c9:cc:4b:a0:3a,5665,-32,3483,55.20,35.62,36,192259,192766
[Recv] <<< 23:c9:cc:4b:a0:3a,5667,-36,3484,55.21,35.62,80,192339,192846
[Recv] <<< 23:c9:cc:4b:a0:3a,5669,-45,3485,55.21,35.62,81,192420,192927
[Recv] <<< 23:c9:cc:4b:a0:3a,5670,-41,3486,55.21,35.62,42,192462,192969
[Recv] <<< 23:c9:cc:4b:a0:3a,5673,-35,3487,55.23,35.62,123,192585,193092
[Recv] <<< 23:c9:cc:4b:a0:3a,5674,-41,3488,55.23,35.63,44,192629,193136
[Recv] <<< 23:c9:cc:4b:a0:3a,5675,-32,3489,55.22,35.63,47,192676,193183
[Recv] <<< 23:c9:cc:4b:a0:3a,5682,-36,3490,55.29,35.64,295,192971,193478
[Recv] <<< 23:c9:cc:4b:a0:3a,5683,-45,3491,55.29,35.64,47,193018,193525
[Recv] <<< 23:c9:cc:4b:a0:3a,5684,-32,3492,55.29,35.64,46,193064,193571
[Recv] <<< 23:c9:cc:4b:a0:3a,5686,-36,3493,55.29,35.64,77,193141,193648
[Recv] <<< 23:c9:cc:4b:a0:3a,5687,-41,3494,55.29,35.64,49,193190,193697
[Recv] <<< 23:c9:cc:4b:a0:3a,5688,-32,3495,55.29,35.64,40,193230,193737
[Recv] <<< 23:c9:cc:4b:a0:3a,5689,-35,3496,55.29,35.65,47,193277,193784
[Recv] <<< 23:c9:cc:4b:a0:3a,5692,-32,3497,55.31,35.65,131,193408,193915
[Recv] <<< 23:c9:cc:4b:a0:3a,5693,-38,3498,55.30,35.65,47,193455,193962
[Recv] <<< 23:c9:cc:4b:a0:3a,5694,-43,3499,55.30,35.65,44,193499,194006
[Recv] <<< 23:c9:cc:4b:a0:3a,5695,-32,3500,55.30,35.66,41,193540,194047
[Recv] <<< 23:c9:cc:4b:a0:3a,5698,-41,3501,55.32,35.66,129,193669,194176
[Recv] <<< 23:c9:cc:4b:a0:3a,5699,-32,3502,55.31,35.66,43,193712,194219
[Recv] <<< 23:c9:cc:4b:a0:3a,5701,-35,3503,55.33,35.67,93,193805,194312
[Recv] <<< 23:c9:cc:4b:a0:3a,5702,-45,3504,55.32,35.67,39,193844,194351
[Recv] <<< 23:c9:cc:4b:a0:3a,5703,-32,3505,55.32,35.67,44,193888,194395
[Recv] <<< 23:c9:cc:4b:a0:3a,5704,-35,3506,55.31,35.67,37,193925,194432
[Recv] <<< 23:c9:cc:4b:a0:3a,5705,-36,3507,55.31,35.67,53,193978,194485
[Recv] <<< 23:c9:cc:4b:a0:3a,5706,-41,3508,55.31,35.67,38,194016,194523
[Recv] <<< 23:c9:cc:4b:a0:3a,5707,-41,3509,55.30,35.67,40,194056,194563
[Recv] <<< 23:c9:cc:4b:a0:3a,5708,-32,3510,55.30,35.67,41,194097,194604
[Recv] <<< 23:c9:cc:4b:a0:3a,5709,-36,3511,55.29,35.67,43,194140,194647
[Recv] <<< 23:c9:cc:4b:a0:3a,5710,-41,3512,55.29,35.68,44,194184,194691
[Recv] <<< 23:c9:cc:4b:a0:3a,5711,-43,3513,55.29,35.68,43,194227,194734
[Recv] <<< 23:c9:cc:4b:a0:3a,5713,-32,3514,55.30,35.68,80,194307,194814
[Recv] <<< 23:c9:cc:4b:a0:3a,5714,-36,3515,55.29,35.68,53,194360,194867
[Recv] <<< 23:c9:cc:4b:a0:3a,5715,-41,3516,55.29,35.68,43,194403,194910
[Recv] <<< 23:c9:cc:4b:a0:3a,5716,-41,3517,55.29,35.68,39,194442,194949
[Recv] <<< 23:c9:cc:4b:a0:3a,5717,-32,3518,55.28,35.68,35,194477,194984
[Recv] <<< 23:c9:cc:4b:a0:3a,5719,-41,3519,55.29,35.69,91,194568,195075
[Recv] <<< 23:c9:cc:4b:a0:3a,5721,-32,3520,55.30,35.69,84,194652,195159
[Recv] <<< 23:c9:cc:4b:a0:3a,5722,-35,3521,55.30,35.69,50,194702,195209
[Recv] <<< 23:c9:cc:4b:a0:3a,5725,-32,3522,55.32,35.70,128,194830,195337
[Recv] <<< 23:c9:cc:4b:a0:3a,5727,-35,3523,55.33,35.70,81,194911,195418
[Recv] <<< 23:c9:cc:4b:a0:3a,5728,-41,3524,55.32,35.70,43,194954,195461
[Recv] <<< 23:c9:cc:4b:a0:3a,5729,-41,3525,55.32,35.70,33,194987,195494
[Recv] <<< 23:c9:cc:4b:a0:3a,5731,-35,3526,55.33,35.70,92,195079,195586
[Recv] <<< 23:c9:cc:4b:a0:3a,5732,-41,3527,55.32,35.70,38,195117,195624
[Recv] <<< 23:c9:cc:4b:a0:3a,5733,-41,3528,55.32,35.70,44,195161,195668
[Recv] <<< 23:c9:cc:4b:a0:3a,5734,-32,3529,55.31,35.70,34,195195,195702
[Recv] <<< 23:c9:cc:4b:a0:3a,5735,-32,3530,55.31,35.71,45,195240,195747
[Recv] <<< 23:c9:cc:4b:a0:3a,5736,-35,3531,55.30,35.71,41,195281,195788
[Recv] <<< 23:c9:cc:4b:a0:3a,5737,-41,3532,55.30,35.71,51,195332,195839
[Recv] <<< 23:c9:cc:4b:a0:3a,5738,-41,3533,55.30,35.71,34,195366,195873
[Recv] <<< 23:c9:cc:4b:a0:3a,5739,-32,3534,55.29,35.71,45,195411,195918
[Recv] <<< 23:c9:cc:4b:a0:3a,5740,-36,3535,55.29,35.71,41,195452,195959
[Recv] <<< 23:c9:cc:4b:a0:3a,5741,-41,3536,55.29,35.71,41,195493,196000
[Recv] <<< 23:c9:cc:4b:a0:3a,5742,-43,3537,55.28,35.71,44,195537,196044
[Recv] <<< 23:c9:cc:4b:a0:3a,5743,-32,3538,55.28,35.72,49,195586,196093
[Recv] <<< 23:c9:cc:4b:a0:3a,5744,-36,3539,55.28,35.72,46,195632,196139
[Recv] <<< 23:c9:cc:4b:a0:3a,5745,-36,3540,55.27,35.72,39,195671,196178
[Recv] <<< 23:c9:cc:4b:a0:3a,5746,-43,3541,55.27,35.72,44,195715,196222
[Recv] <<< 23:c9:cc:4b:a0:3a,5748,-32,3542,55.28,35.72,83,195798,196305
[Recv] <<< 23:c9:cc:4b:a0:3a,5750,-35,3543,55.29,35.72,80,195878,196385
[Recv] <<< 23:c9:cc:4b:a0:3a,5751,-35,3544,55.28,35.73,42,195920,196427
[Recv] <<< 23:c9:cc:4b:a0:3a,5752,-41,3545,55.28,35.73,44,195964,196471
[Recv] <<< 23:c9:cc:4b:a0:3a,5753,-32,3546,55.27,35.73,41,196005,196512
[Recv] <<< 23:c9:cc:4b:a0:3a,5755,-35,3547,55.28,35.73,80,196085,196592
[Recv] <<< 23:c9:cc:4b:a0:3a,5756,-41,3548,55.28,35.73,39,196124,196631
[Recv] <<< 23:c9:cc:4b:a0:3a,5758,-32,3549,55.29,35.73,93,196217,196724
[Recv] <<< 23:c9:cc:4b:a0:3a,5759,-32,3550,55.28,35.73,34,196251,196758
[Recv] <<< 23:c9:cc:4b:a0:3a,5760,-35,3551,55.28,35.74,49,196300,196807
[Recv] <<< 23:c9:cc:4b:a0:3a,5764,-36,3552,55.31,35.74,169,196469,196976
[Recv] <<< 23:c9:cc:4b:a0:3a,5765,-41,3553,55.31,35.74,46,196515,197022
[Recv] <<< 23:c9:cc:4b:a0:3a,5770,-42,3554,55.35,35.75,209,196724,197231
[Recv] <<< 23:c9:cc:4b:a0:3a,5776,-32,3555,55.41,35.76,256,196980,197487
[Recv] <<< 23:c9:cc:4b:a0:3a,5777,-36,3556,55.40,35.76,40,197020,197527
[Recv] <<< 23:c9:cc:4b:a0:3a,5779,-32,3557,55.42,35.76,92,197112,197619
[Recv] <<< 23:c9:cc:4b:a0:3a,5781,-36,3558,55.42,35.76,81,197193,197700
[Recv] <<< 23:c9:cc:4b:a0:3a,5782,-41,3559,55.42,35.76,47,197240,197747
[Recv] <<< 23:c9:cc:4b:a0:3a,5784,-32,3560,55.43,35.77,82,197322,197829
[Recv] <<< 23:c9:cc:4b:a0:3a,5785,-35,3561,55.42,35.77,40,197362,197869
[Recv] <<< 23:c9:cc:4b:a0:3a,5787,-45,3562,55.43,35.77,76,197438,197945
[Recv] <<< 23:c9:cc:4b:a0:3a,5788,-41,3563,55.43,35.77,45,197483,197990
[Recv] <<< 23:c9:cc:4b:a0:3a,5789,-41,3564,55.42,35.77,50,197533,198040
[Recv] <<< 23:c9:cc:4b:a0:3a,5791,-32,3565,55.43,35.77,77,197610,198117
[Recv] <<< 23:c9:cc:4b:a0:3a,5792,-35,3566,55.43,35.77,39,197649,198156
[Recv] <<< 23:c9:cc:4b:a0:3a,5793,-35,3567,55.42,35.77,43,197692,198199
[Recv] <<< 23:c9:cc:4b:a0:3a,5795,-32,3568,55.43,35.78,84,197776,198283
[Recv] <<< 23:c9:cc:4b:a0:3a,5796,-36,3569,55.43,35.78,44,197820,198327
[Recv] <<< 23:c9:cc:4b:a0:3a,5797,-41,3570,55.42,35.78,47,197867,198374
[Recv] <<< 23:c9:cc:4b:a0:3a,5798,-32,3571,55.42,35.78,37,197904,198411
[Recv] <<< 23:c9:cc:4b:a0:3a,5799,-34,3572,55.42,35.78,43,197947,198454
[Recv] <<< 23:c9:cc:4b:a0:3a,5800,-35,3573,55.41,35.78,39,197986,198493
[Recv] <<< 23:c9:cc:4b:a0:3a,5802,-41,3574,55.42,35.79,89,198075,198582
[Recv] <<< 23:c9:cc:4b:a0:3a,5803,-32,3575,55.42,35.79,40,198115,198622
[Recv] <<< 23:c9:cc:4b:a0:3a,5804,-35,3576,55.41,35.79,40,198155,198662
[Recv] <<< 23:c9:cc:4b:a0:3a,5805,-36,3577,55.41,35.79,47,198202,198709
[Recv] <<< 23:c9:cc:4b:a0:3a,5806,-47,3578,55.41,35.79,43,198245,198752
[Recv] <<< 23:c9:cc:4b:a0:3a,5807,-32,3579,55.40,35.79,41,198286,198793
[Recv] <<< 23:c9:cc:4b:a0:3a,5808,-32,3580,55.40,35.79,40,198326,198833
[Recv] <<< 23:c9:cc:4b:a0:3a,5809,-36,3581,55.39,35.79,39,198365,198872
[Recv] <<< 23:c9:cc:4b:a0:3a,5810,-41,3582,55.39,35.79,41,198406,198913
[Recv] <<< 23:c9:cc:4b:a0:3a,5812,-32,3583,55.40,35.80,86,198492,198999
[Recv] <<< 23:c9:cc:4b:a0:3a,5813,-36,3584,55.39,35.80,39,198531,199038
[Recv] <<< 23:c9:cc:4b:a0:3a,5814,-45,3585,55.39,35.80,38,198569,199076
[Recv] <<< 23:c9:cc:4b:a0:3a,5815,-32,3586,55.39,35.80,48,198617,199124
[Recv] <<< 23:c9:cc:4b:a0:3a,5817,-35,3587,55.39,35.80,76,198693,199200
[Recv] <<< 23:c9:cc:4b:a0:3a,5818,-41,3588,55.39,35.80,46,198739,199246
[Recv] <<< 23:c9:cc:4b:a0:3a,5820,-32,3589,55.40,35.80,76,198815,199322
[Recv] <<< 23:c9:cc:4b:a0:3a,5822,-35,3590,55.40,35.81,88,198903,199410
[Recv] <<< 23:c9:cc:4b:a0:3a,5823,-35,3591,55.40,35.81,38,198941,199448
[Recv] <<< 23:c9:cc:4b:a0:3a,5826,-32,3592,55.42,35.81,118,199059,199566
[Recv] <<< 23:c9:cc:4b:a0:3a,5828,-35,3593,55.42,35.81,83,199142,199649
[Recv] <<< 23:c9:cc:4b:a0:3a,5829,-42,3594,55.42,35.81,43,199185,199692
[Recv] <<< 23:c9:cc:4b:a0:3a,5831,-32,3595,55.43,35.81,79,199264,199771
[Recv] <<< 23:c9:cc:4b:a0:3a,5832,-36,3596,55.42,35.81,42,199306,199813
[Recv] <<< 23:c9:cc:4b:a0:3a,5833,-36,3597,55.42,35.82,42,199348,199855
[Recv] <<< 23:c9:cc:4b:a0:3a,5834,-41,3598,55.42,35.82,40,199388,199895
[Recv] <<< 23:c9:cc:4b:a0:3a,5835,-41,3599,55.41,35.82,46,199434,199941
[Recv] <<< 23:c9:cc:4b:a0:3a,5836,-32,3600,55.41,35.82,38,199472,199979
[Recv] <<< 23:c9:cc:4b:a0:3a,5837,-32,3601,55.40,35.82,39,199511,200018
[Recv] <<< 23:c9:cc:4b:a0:3a,5838,-36,3602,55.40,35.82,42,199553,200060
[Recv] <<< 23:c9:cc:4b:a0:3a,5839,-35,3603,55.40,35.82,39,199592,200099
[Recv] <<< 23:c9:cc:4b:a0:3a,5840,-41,3604,55.39,35.82,37,199629,200136
[Recv] <<< 23:c9:cc:4b:a0:3a,5842,-32,3605,55.40,35.82,81,199710,200217
[Recv] <<< 23:c9:cc:4b:a0:3a,5843,-35,3606,55.39,35.82,44,199754,200261
[Recv] <<< 23:c9:cc:4b:a0:3a,5844,-35,3607,55.39,35.82,40,199794,200301
[Recv] <<< 23:c9:cc:4b:a0:3a,5845,-41,3608,55.39,35.83,43,199837,200344
[Recv] <<< 23:c9:cc:4b:a0:3a,5846,-41,3609,55.38,35.83,40,199877,200384
[Recv] <<< 23:c9:cc:4b:a0:3a,5847,-42,3610,55.38,35.83,35,199912,200419
[Recv] <<< 23:c9:cc:4b:a0:3a,5851,-35,3611,55.41,35.83,164,200076,200583
[Recv] <<< 23:c9:cc:4b:a0:3a,5853,-48,3612,55.41,35.83,76,200152,200659
[Recv] <<< 23:c9:cc:4b:a0:3a,5855,-32,3613,55.42,35.83,84,200236,200743
[Recv] <<< 23:c9:cc:4b:a0:3a,5856,-32,3614,55.42,35.83,34,200270,200777
[Recv] <<< 23:c9:cc:4b:a0:3a,5857,-36,3615,55.41,35.83,40,200310,200817
[Recv] <<< 23:c9:cc:4b:a0:3a,5861,-48,3616,55.44,35.84,160,200470,200977
[Recv] <<< 23:c9:cc:4b:a0:3a,5862,-41,3617,55.44,35.84,39,200509,201016
[Recv] <<< 23:c9:cc:4b:a0:3a,5863,-32,3618,55.43,35.84,38,200547,201054
[Recv] <<< 23:c9:cc:4b:a0:3a,5864,-32,3619,55.43,35.84,40,200587,201094
[Recv] <<< 23:c9:cc:4b:a0:3a,5865,-36,3620,55.42,35.84,43,200630,201137
[Recv] <<< 23:c9:cc:4b:a0:3a,5866,-41,3621,55.42,35.84,47,200677,201184
[Recv] <<< 23:c9:cc:4b:a0:3a,5867,-41,3622,55.41,35.84,33,200710,201217
[Recv] <<< 23:c9:cc:4b:a0:3a,5868,-41,3623,55.41,35.84,43,200753,201260
[Recv] <<< 23:c9:cc:4b:a0:3a,5869,-32,3624,55.41,35.84,39,200792,201299
[Recv] <<< 23:c9:cc:4b:a0:3a,5870,-35,3625,55.40,35.84,37,200829,201336
[Recv] <<< 23:c9:cc:4b:a0:3a,5871,-36,3626,55.40,35.85,47,200876,201383
[Recv] <<< 23:c9:cc:4b:a0:3a,5872,-35,3627,55.39,35.84,35,200911,201418
[Recv] <<< 23:c9:cc:4b:a0:3a,5873,-41,3628,55.39,35.85,49,200960,201467
[Recv] <<< 23:c9:cc:4b:a0:3a,5874,-41,3629,55.39,35.85,37,200997,201504
[Recv] <<< 23:c9:cc:4b:a0:3a,5875,-41,3630,55.38,35.85,36,201033,201540
[Recv] <<< 23:c9:cc:4b:a0:3a,5876,-32,3631,55.38,35.85,39,201072,201579
[Recv] <<< 23:c9:cc:4b:a0:3a,5879,-41,3632,55.40,35.85,127,201199,201706
[Recv] <<< 23:c9:cc:4b:a0:3a,5880,-42,3633,55.39,35.85,41,201240,201747
[Recv] <<< 23:c9:cc:4b:a0:3a,5881,-32,3634,55.39,35.85,39,201279,201786
[Recv] <<< 23:c9:cc:4b:a0:3a,5882,-32,3635,55.38,35.85,38,201317,201824
[Recv] <<< 23:c9:cc:4b:a0:3a,5886,-41,3636,55.41,35.86,159,201476,201983
[Recv] <<< 23:c9:cc:4b:a0:3a,5887,-41,3637,55.41,35.86,38,201514,202021
[Recv] <<< 23:c9:cc:4b:a0:3a,5889,-32,3638,55.41,35.86,77,201591,202098
[Recv] <<< 23:c9:cc:4b:a0:3a,5892,-41,3639,55.43,35.86,132,201723,202230
[Recv] <<< 23:c9:cc:4b:a0:3a,5893,-41,3640,55.43,35.86,37,201760,202267
[Recv] <<< 23:c9:cc:4b:a0:3a,5894,-32,3641,55.42,35.86,40,201800,202307
[Recv] <<< 23:c9:cc:4b:a0:3a,5895,-32,3642,55.42,35.86,40,201840,202347
[Recv] <<< 23:c9:cc:4b:a0:3a,5897,-38,3643,55.43,35.86,78,201918,202425
[Recv] <<< 23:c9:cc:4b:a0:3a,5898,-35,3644,55.42,35.87,47,201965,202472
[Recv] <<< 23:c9:cc:4b:a0:3a,5899,-38,3645,55.42,35.87,34,201999,202506
[Recv] <<< 23:c9:cc:4b:a0:3a,5910,-42,3646,55.52,35.87,438,202437,202944
[Recv] <<< 23:c9:cc:4b:a0:3a,5911,-41,3647,55.52,35.87,38,202475,202982
[Recv] <<< 23:c9:cc:4b:a0:3a,5912,-33,3648,55.51,35.87,36,202511,203018
[Recv] <<< 23:c9:cc:4b:a0:3a,5914,-36,3649,55.52,35.88,88,202599,203106
[Recv] <<< 23:c9:cc:4b:a0:3a,5915,-37,3650,55.52,35.88,31,202630,203137
[Recv] <<< 23:c9:cc:4b:a0:3a,5921,-35,3651,55.57,35.88,240,202870,203377
[Recv] <<< 23:c9:cc:4b:a0:3a,5922,-36,3652,55.56,35.88,42,202912,203419
[Recv] <<< 23:c9:cc:4b:a0:3a,5930,-35,3653,55.63,35.88,297,203209,203716
[Recv] <<< 23:c9:cc:4b:a0:3a,5946,-42,3654,55.78,35.89,602,203811,204318
[Recv] <<< 23:c9:cc:4b:a0:3a,5950,-41,3655,55.80,35.89,146,203957,204464
[Recv] <<< 23:c9:cc:4b:a0:3a,5951,-41,3656,55.80,35.89,31,203988,204495
[Recv] <<< 23:c9:cc:4b:a0:3a,5954,-32,3657,55.81,35.89,118,204106,204613
[Recv] <<< 23:c9:cc:4b:a0:3a,5955,-32,3658,55.81,35.89,31,204137,204644
[Recv] <<< 23:c9:cc:4b:a0:3a,5958,-32,3659,55.82,35.89,111,204248,204755
[Recv] <<< 23:c9:cc:4b:a0:3a,5959,-32,3660,55.81,35.89,29,204277,204784
[Recv] <<< 23:c9:cc:4b:a0:3a,5961,-32,3661,55.82,35.89,76,204353,204860
[Recv] <<< 23:c9:cc:4b:a0:3a,5962,-35,3662,55.81,35.89,36,204389,204896
[Recv] <<< 23:c9:cc:4b:a0:3a,5963,-35,3663,55.81,35.89,37,204426,204933
[Recv] <<< 23:c9:cc:4b:a0:3a,5964,-33,3664,55.80,35.89,39,204465,204972
[Recv] <<< 23:c9:cc:4b:a0:3a,5965,-35,3665,55.80,35.89,30,204495,205002
[Recv] <<< 23:c9:cc:4b:a0:3a,5966,-36,3666,55.79,35.89,35,204530,205037
[Recv] <<< 23:c9:cc:4b:a0:3a,5967,-41,3667,55.79,35.89,40,204570,205077
[Recv] <<< 23:c9:cc:4b:a0:3a,5968,-41,3668,55.78,35.89,31,204601,205108
[Recv] <<< 23:c9:cc:4b:a0:3a,5970,-41,3669,55.79,35.89,77,204678,205185
[Recv] <<< 23:c9:cc:4b:a0:3a,5971,-32,3670,55.78,35.89,35,204713,205220
[Recv] <<< 23:c9:cc:4b:a0:3a,5974,-32,3671,55.79,35.89,103,204816,205323
[Recv] <<< 23:c9:cc:4b:a0:3a,5975,-32,3672,55.79,35.89,39,204855,205362
[Recv] <<< 23:c9:cc:4b:a0:3a,5976,-32,3673,55.78,35.89,33,204888,205395
[Recv] <<< 23:c9:cc:4b:a0:3a,5978,-32,3674,55.79,35.89,67,204955,205462
[Recv] <<< 23:c9:cc:4b:a0:3a,5979,-32,3675,55.78,35.89,33,204988,205495
[Recv] <<< 23:c9:cc:4b:a0:3a,5980,-33,3676,55.77,35.89,37,205025,205532
[Recv] <<< 23:c9:cc:4b:a0:3a,5981,-32,3677,55.77,35.89,34,205059,205566
[Recv] <<< 23:c9:cc:4b:a0:3a,5983,-32,3678,55.77,35.89,68,205127,205634
[Recv] <<< 23:c9:cc:4b:a0:3a,5984,-32,3679,55.77,35.89,38,205165,205672
[Recv] <<< 23:c9:cc:4b:a0:3a,5985,-32,3680,55.76,35.89,30,205195,205702
[Recv] <<< 23:c9:cc:4b:a0:3a,5986,-32,3681,55.75,35.89,36,205231,205738
[Recv] <<< 23:c9:cc:4b:a0:3a,5988,-35,3682,55.76,35.89,74,205305,205812
[Recv] <<< 23:c9:cc:4b:a0:3a,5989,-36,3683,55.75,35.89,36,205341,205848
[Recv] <<< 23:c9:cc:4b:a0:3a,5990,-36,3684,55.75,35.89,33,205374,205881
[Recv] <<< 23:c9:cc:4b:a0:3a,5991,-36,3685,55.74,35.89,36,205410,205917
[Recv] <<< 23:c9:cc:4b:a0:3a,5992,-41,3686,55.74,35.89,39,205449,205956
[Recv] <<< 23:c9:cc:4b:a0:3a,5993,-42,3687,55.73,35.89,36,205485,205992
[Recv] <<< 23:c9:cc:4b:a0:3a,5994,-41,3688,55.73,35.89,38,205523,206030
[Recv] <<< 23:c9:cc:4b:a0:3a,5995,-42,3689,55.72,35.89,31,205554,206061
[Recv] <<< 23:c9:cc:4b:a0:3a,5996,-47,3690,55.72,35.89,37,205591,206098
[Recv] <<< 23:c9:cc:4b:a0:3a,5997,-43,3691,55.71,35.89,36,205627,206134
[Recv] <<< 23:c9:cc:4b:a0:3a,5998,-32,3692,55.70,35.89,32,205659,206166
[Recv] <<< 23:c9:cc:4b:a0:3a,5999,-32,3693,55.70,35.89,46,205705,206212
[Recv] <<< 23:c9:cc:4b:a0:3a,6000,-32,3694,55.70,35.89,40,205745,206252
[Recv] <<< 23:c9:cc:4b:a0:3a,6001,-36,3695,55.69,35.89,33,205778,206285
[Recv] <<< 23:c9:cc:4b:a0:3a,6002,-36,3696,55.68,35.89,31,205809,206316
[Recv] <<< 23:c9:cc:4b:a0:3a,6006,-32,3697,55.71,35.89,136,205945,206452
[Recv] <<< 23:c9:cc:4b:a0:3a,6007,-35,3698,55.70,35.89,40,205985,206492
[Recv] <<< 23:c9:cc:4b:a0:3a,6008,-36,3699,55.70,35.89,43,206028,206535
[Recv] <<< 23:c9:cc:4b:a0:3a,6009,-35,3700,55.69,35.89,34,206062,206569
[Recv] <<< 23:c9:cc:4b:a0:3a,6011,-41,3701,55.70,35.89,70,206132,206639
[Recv] <<< 23:c9:cc:4b:a0:3a,6012,-41,3702,55.69,35.89,32,206164,206671
[Recv] <<< 23:c9:cc:4b:a0:3a,6013,-45,3703,55.69,35.89,38,206202,206709
[Recv] <<< 23:c9:cc:4b:a0:3a,6014,-41,3704,55.68,35.89,37,206239,206746
[Recv] <<< 23:c9:cc:4b:a0:3a,6017,-46,3705,55.69,35.89,101,206340,206847
[Recv] <<< 23:c9:cc:4b:a0:3a,6018,-41,3706,55.69,35.89,38,206378,206885
[Recv] <<< 23:c9:cc:4b:a0:3a,6020,-41,3707,55.69,35.89,74,206452,206959
[Recv] <<< 23:c9:cc:4b:a0:3a,6021,-42,3708,55.69,35.89,36,206488,206995
[Recv] <<< 23:c9:cc:4b:a0:3a,6022,-32,3709,55.68,35.89,33,206521,207028
[Recv] <<< 23:c9:cc:4b:a0:3a,6023,-32,3710,55.68,35.89,39,206560,207067
[Recv] <<< 23:c9:cc:4b:a0:3a,6024,-32,3711,55.67,35.89,33,206593,207100
[Recv] <<< 23:c9:cc:4b:a0:3a,6025,-32,3712,55.67,35.89,36,206629,207136
[Recv] <<< 23:c9:cc:4b:a0:3a,6026,-32,3713,55.66,35.89,40,206669,207176
[Recv] <<< 23:c9:cc:4b:a0:3a,6027,-32,3714,55.66,35.89,34,206703,207210
[Recv] <<< 23:c9:cc:4b:a0:3a,6028,-32,3715,55.65,35.89,42,206745,207252
[Recv] <<< 23:c9:cc:4b:a0:3a,6030,-35,3716,55.66,35.89,71,206816,207323
[Recv] <<< 23:c9:cc:4b:a0:3a,6031,-35,3717,55.65,35.89,39,206855,207362
[Recv] <<< 23:c9:cc:4b:a0:3a,6032,-36,3718,55.65,35.89,41,206896,207403
[Recv] <<< 23:c9:cc:4b:a0:3a,6033,-36,3719,55.64,35.89,31,206927,207434
[Recv] <<< 23:c9:cc:4b:a0:3a,6034,-45,3720,55.64,35.89,42,206969,207476
[Recv] <<< 23:c9:cc:4b:a0:3a,6035,-45,3721,55.63,35.89,40,207009,207516
[Recv] <<< 23:c9:cc:4b:a0:3a,6036,-32,3722,55.63,35.89,35,207044,207551
[Recv] <<< 23:c9:cc:4b:a0:3a,6038,-35,3723,55.63,35.89,75,207119,207626
[Recv] <<< 23:c9:cc:4b:a0:3a,6039,-36,3724,55.63,35.89,36,207155,207662
[Recv] <<< 23:c9:cc:4b:a0:3a,6040,-36,3725,55.62,35.89,33,207188,207695
[Recv] <<< 23:c9:cc:4b:a0:3a,6041,-36,3726,55.62,35.89,35,207223,207730
[Recv] <<< 23:c9:cc:4b:a0:3a,6043,-36,3727,55.62,35.89,74,207297,207804
[Recv] <<< 23:c9:cc:4b:a0:3a,6044,-37,3728,55.62,35.89,39,207336,207843
[Recv] <<< 23:c9:cc:4b:a0:3a,6045,-42,3729,55.61,35.89,46,207382,207889
[Recv] <<< 23:c9:cc:4b:a0:3a,6048,-41,3730,55.63,35.89,103,207485,207992
[Recv] <<< 23:c9:cc:4b:a0:3a,6049,-45,3731,55.62,35.89,23,207508,208015
[Recv] <<< 23:c9:cc:4b:a0:3a,6050,-41,3732,55.61,35.89,39,207547,208054
[Recv] <<< 23:c9:cc:4b:a0:3a,6051,-42,3733,55.61,35.89,35,207582,208089
[Recv] <<< 23:c9:cc:4b:a0:3a,6053,-32,3734,55.61,35.89,81,207663,208170
[Recv] <<< 23:c9:cc:4b:a0:3a,6055,-32,3735,55.62,35.89,65,207728,208235
[Recv] <<< 23:c9:cc:4b:a0:3a,6056,-32,3736,55.61,35.89,35,207763,208270
[Recv] <<< 23:c9:cc:4b:a0:3a,6057,-32,3737,55.61,35.89,39,207802,208309
[Recv] <<< 23:c9:cc:4b:a0:3a,6058,-32,3738,55.60,35.89,42,207844,208351
[Recv] <<< 23:c9:cc:4b:a0:3a,6059,-32,3739,55.60,35.89,39,207883,208390
[Recv] <<< 23:c9:cc:4b:a0:3a,6060,-32,3740,55.59,35.89,39,207922,208429
[Recv] <<< 23:c9:cc:4b:a0:3a,6061,-36,3741,55.59,35.89,39,207961,208468
[Recv] <<< 23:c9:cc:4b:a0:3a,6063,-36,3742,55.59,35.89,67,208028,208535
[Recv] <<< 23:c9:cc:4b:a0:3a,6064,-36,3743,55.59,35.89,41,208069,208576
[Recv] <<< 23:c9:cc:4b:a0:3a,6065,-41,3744,55.59,35.89,42,208111,208618
[Recv] <<< 23:c9:cc:4b:a0:3a,6066,-41,3745,55.58,35.89,31,208142,208649
[Recv] <<< 23:c9:cc:4b:a0:3a,6067,-41,3746,55.57,35.89,33,208175,208682
[Recv] <<< 23:c9:cc:4b:a0:3a,6068,-32,3747,55.57,35.89,46,208221,208728
[Recv] <<< 23:c9:cc:4b:a0:3a,6069,-35,3748,55.57,35.90,43,208264,208771
[Recv] <<< 23:c9:cc:4b:a0:3a,6070,-36,3749,55.56,35.90,39,208303,208810
[Recv] <<< 23:c9:cc:4b:a0:3a,6072,-35,3750,55.57,35.90,72,208375,208882
[Recv] <<< 23:c9:cc:4b:a0:3a,6074,-42,3751,55.57,35.90,74,208449,208956
[Recv] <<< 23:c9:cc:4b:a0:3a,6075,-41,3752,55.57,35.90,37,208486,208993
[Recv] <<< 23:c9:cc:4b:a0:3a,6076,-45,3753,55.56,35.89,28,208514,209021
[Recv] <<< 23:c9:cc:4b:a0:3a,6077,-41,3754,55.55,35.90,38,208552,209059
[Recv] <<< 23:c9:cc:4b:a0:3a,6078,-32,3755,55.55,35.90,41,208593,209100
[Recv] <<< 23:c9:cc:4b:a0:3a,6079,-32,3756,55.54,35.90,34,208627,209134
[Recv] <<< 23:c9:cc:4b:a0:3a,6080,-32,3757,55.54,35.90,31,208658,209165
[Recv] <<< 23:c9:cc:4b:a0:3a,6081,-32,3758,55.53,35.89,32,208690,209197
[Recv] <<< 23:c9:cc:4b:a0:3a,6085,-36,3759,55.56,35.90,148,208838,209345
[Recv] <<< 23:c9:cc:4b:a0:3a,6086,-36,3760,55.55,35.89,33,208871,209378
[Recv] <<< 23:c9:cc:4b:a0:3a,6087,-36,3761,55.54,35.89,30,208901,209408
[Recv] <<< 23:c9:cc:4b:a0:3a,6088,-35,3762,55.54,35.89,37,208938,209445
[Recv] <<< 23:c9:cc:4b:a0:3a,6089,-36,3763,55.53,35.89,32,208970,209477
[Recv] <<< 23:c9:cc:4b:a0:3a,6090,-36,3764,55.53,35.89,29,208999,209506
[Recv] <<< 23:c9:cc:4b:a0:3a,6091,-36,3765,55.52,35.89,39,209038,209545
[Recv] <<< 23:c9:cc:4b:a0:3a,6092,-38,3766,55.52,35.89,34,209072,209579
[Recv] <<< 23:c9:cc:4b:a0:3a,6093,-35,3767,55.51,35.89,30,209102,209609
[Recv] <<< 23:c9:cc:4b:a0:3a,6094,-36,3768,55.50,35.89,37,209139,209646
[Recv] <<< 23:c9:cc:4b:a0:3a,6098,-35,3769,55.53,35.89,144,209283,209790
[Recv] <<< 23:c9:cc:4b:a0:3a,6100,-35,3770,55.53,35.89,66,209349,209856
[Recv] <<< 23:c9:cc:4b:a0:3a,6101,-32,3771,55.52,35.89,30,209379,209886
[Recv] <<< 23:c9:cc:4b:a0:3a,6102,-32,3772,55.52,35.89,40,209419,209926
[Recv] <<< 23:c9:cc:4b:a0:3a,6103,-32,3773,55.51,35.89,32,209451,209958
[Recv] <<< 23:c9:cc:4b:a0:3a,6105,-32,3774,55.52,35.89,64,209515,210022
[Recv] <<< 23:c9:cc:4b:a0:3a,6106,-32,3775,55.51,35.89,37,209552,210059
[Recv] <<< 23:c9:cc:4b:a0:3a,6116,-32,3776,55.59,35.89,349,209901,210408
[Recv] <<< 23:c9:cc:4b:a0:3a,6119,-32,3777,55.60,35.89,105,210006,210513
[Recv] <<< 23:c9:cc:4b:a0:3a,6120,-32,3778,55.60,35.89,34,210040,210547
[Recv] <<< 23:c9:cc:4b:a0:3a,6123,-35,3779,55.61,35.89,104,210144,210651
[Recv] <<< 23:c9:cc:4b:a0:3a,6126,-36,3780,55.62,35.89,107,210251,210758
[Recv] <<< 23:c9:cc:4b:a0:3a,6127,-32,3781,55.62,35.89,38,210289,210796
[Recv] <<< 23:c9:cc:4b:a0:3a,6128,-32,3782,55.61,35.89,35,210324,210831
[Recv] <<< 23:c9:cc:4b:a0:3a,6129,-35,3783,55.61,35.89,40,210364,210871
[Recv] <<< 23:c9:cc:4b:a0:3a,6157,-35,3784,55.85,35.88,956,211320,211827
[Recv] <<< 23:c9:cc:4b:a0:3a,6158,-36,3785,55.84,35.88,34,211354,211861
[Recv] <<< 23:c9:cc:4b:a0:3a,6161,-35,3786,55.85,35.88,97,211451,211958
[Recv] <<< 23:c9:cc:4b:a0:3a,6190,-36,3787,56.10,35.87,1000,212451,212958
[Recv] <<< 23:c9:cc:4b:a0:3a,6192,-36,3788,56.10,35.87,68,212519,213026
[Recv] <<< 23:c9:cc:4b:a0:3a,6194,-41,3789,56.11,35.87,74,212593,213100
[Recv] <<< 23:c9:cc:4b:a0:3a,6195,-32,3790,56.10,35.87,42,212635,213142
[Recv] <<< 23:c9:cc:4b:a0:3a,6196,-32,3791,56.10,35.87,37,212672,213179
[Recv] <<< 23:c9:cc:4b:a0:3a,6204,-32,3792,56.16,35.87,274,212946,213453
[Recv] <<< 23:c9:cc:4b:a0:3a,6205,-32,3793,56.15,35.87,36,212982,213489
[Recv] <<< 23:c9:cc:4b:a0:3a,6207,-32,3794,56.15,35.87,62,213044,213551
[Recv] <<< 23:c9:cc:4b:a0:3a,6208,-32,3795,56.15,35.87,34,213078,213585
[Recv] <<< 23:c9:cc:4b:a0:3a,6212,-32,3796,56.17,35.87,147,213225,213732
[Recv] <<< 23:c9:cc:4b:a0:3a,6215,-37,3797,56.19,35.87,113,213338,213845
[Recv] <<< 23:c9:cc:4b:a0:3a,6216,-36,3798,56.18,35.87,44,213382,213889
[Recv] <<< 23:c9:cc:4b:a0:3a,6217,-35,3799,56.18,35.87,27,213409,213916
[Recv] <<< 23:c9:cc:4b:a0:3a,6218,-35,3800,56.17,35.87,31,213440,213947
[Recv] <<< 23:c9:cc:4b:a0:3a,6219,-36,3801,56.16,35.87,41,213481,213988
[Recv] <<< 23:c9:cc:4b:a0:3a,6220,-35,3802,56.16,35.87,28,213509,214016
[Recv] <<< 23:c9:cc:4b:a0:3a,6221,-36,3803,56.15,35.87,38,213547,214054
[Recv] <<< 23:c9:cc:4b:a0:3a,6224,-36,3804,56.17,35.87,107,213654,214161
[Recv] <<< 23:c9:cc:4b:a0:3a,6225,-36,3805,56.16,35.87,31,213685,214192
[Recv] <<< 23:c9:cc:4b:a0:3a,6226,-33,3806,56.15,35.87,36,213721,214228
[Recv] <<< 23:c9:cc:4b:a0:3a,6227,-38,3807,56.15,35.86,33,213754,214261
[Recv] <<< 23:c9:cc:4b:a0:3a,6228,-35,3808,56.14,35.86,37,213791,214298
[Recv] <<< 23:c9:cc:4b:a0:3a,6229,-42,3809,56.14,35.87,37,213828,214335
[Recv] <<< 23:c9:cc:4b:a0:3a,6230,-41,3810,56.13,35.87,37,213865,214372
[Recv] <<< 23:c9:cc:4b:a0:3a,6231,-43,3811,56.13,35.87,35,213900,214407
[Recv] <<< 23:c9:cc:4b:a0:3a,6232,-41,3812,56.12,35.86,30,213930,214437
[Recv] <<< 23:c9:cc:4b:a0:3a,6233,-46,3813,56.12,35.87,42,213972,214479
[Recv] <<< 23:c9:cc:4b:a0:3a,6234,-41,3814,56.11,35.86,22,213994,214501
[Recv] <<< 23:c9:cc:4b:a0:3a,6235,-36,3815,56.10,35.86,36,214030,214537
[Recv] <<< 23:c9:cc:4b:a0:3a,6236,-37,3816,56.10,35.86,33,214063,214570
[Recv] <<< 23:c9:cc:4b:a0:3a,6237,-36,3817,56.09,35.86,34,214097,214604
[Recv] <<< 23:c9:cc:4b:a0:3a,6238,-36,3818,56.08,35.86,34,214131,214638
[Recv] <<< 23:c9:cc:4b:a0:3a,6239,-35,3819,56.08,35.86,37,214168,214675
[Recv] <<< 23:c9:cc:4b:a0:3a,6241,-35,3820,56.08,35.86,69,214237,214744
[Recv] <<< 23:c9:cc:4b:a0:3a,6242,-35,3821,56.08,35.86,35,214272,214779
[Recv] <<< 23:c9:cc:4b:a0:3a,6243,-36,3822,56.07,35.86,29,214301,214808
[Recv] <<< 23:c9:cc:4b:a0:3a,6244,-32,3823,56.06,35.86,34,214335,214842
[Recv] <<< 23:c9:cc:4b:a0:3a,6245,-32,3824,56.06,35.86,36,214371,214878
[Recv] <<< 23:c9:cc:4b:a0:3a,6246,-32,3825,56.05,35.86,35,214406,214913
[Recv] <<< 23:c9:cc:4b:a0:3a,6247,-32,3826,56.05,35.86,24,214430,214937
[Recv] <<< 23:c9:cc:4b:a0:3a,6248,-32,3827,56.04,35.86,40,214470,214977
[Recv] <<< 23:c9:cc:4b:a0:3a,6249,-32,3828,56.04,35.86,33,214503,215010
[Recv] <<< 23:c9:cc:4b:a0:3a,6250,-41,3829,56.03,35.86,38,214541,215048
[Recv] <<< 23:c9:cc:4b:a0:3a,6252,-41,3830,56.03,35.86,63,214604,215111
[Recv] <<< 23:c9:cc:4b:a0:3a,6255,-36,3831,56.04,35.86,98,214702,215209
[Recv] <<< 23:c9:cc:4b:a0:3a,6256,-38,3832,56.04,35.86,38,214740,215247
[Recv] <<< 23:c9:cc:4b:a0:3a,6257,-35,3833,56.03,35.85,31,214771,215278
[Recv] <<< 23:c9:cc:4b:a0:3a,6261,-36,3834,56.06,35.86,147,214918,215425
[Recv] <<< 23:c9:cc:4b:a0:3a,6262,-36,3835,56.05,35.86,37,214955,215462
[Recv] <<< 23:c9:cc:4b:a0:3a,6263,-35,3836,56.05,35.86,35,214990,215497
[Recv] <<< 23:c9:cc:4b:a0:3a,6266,-38,3837,56.06,35.85,104,215094,215601
[Recv] <<< 23:c9:cc:4b:a0:3a,6267,-36,3838,56.05,35.85,31,215125,215632
[Recv] <<< 23:c9:cc:4b:a0:3a,6269,-35,3839,56.06,35.85,72,215197,215704
[Recv] <<< 23:c9:cc:4b:a0:3a,6273,-35,3840,56.08,35.85,131,215328,215835
[Recv] <<< 23:c9:cc:4b:a0:3a,6274,-35,3841,56.07,35.85,37,215365,215872
[Recv] <<< 23:c9:cc:4b:a0:3a,6278,-38,3842,56.09,35.85,132,215497,216004
[Recv] <<< 23:c9:cc:4b:a0:3a,6279,-36,3843,56.08,35.85,37,215534,216041
[Recv] <<< 23:c9:cc:4b:a0:3a,6280,-36,3844,56.08,35.85,28,215562,216069
[Recv] <<< 23:c9:cc:4b:a0:3a,6281,-35,3845,56.07,35.85,36,215598,216105
[Recv] <<< 23:c9:cc:4b:a0:3a,6286,-41,3846,56.11,35.85,184,215782,216289
[Recv] <<< 23:c9:cc:4b:a0:3a,6294,-32,3847,56.17,35.85,288,216070,216577
[Recv] <<< 23:c9:cc:4b:a0:3a,6295,-32,3848,56.16,35.85,37,216107,216614
[Recv] <<< 23:c9:cc:4b:a0:3a,6296,-32,3849,56.15,35.85,29,216136,216643
[Recv] <<< 23:c9:cc:4b:a0:3a,6297,-32,3850,56.15,35.85,34,216170,216677
[Recv] <<< 23:c9:cc:4b:a0:3a,6304,-32,3851,56.19,35.85,227,216397,216904
[Recv] <<< 23:c9:cc:4b:a0:3a,6306,-32,3852,56.20,35.84,70,216467,216974
[Recv] <<< 23:c9:cc:4b:a0:3a,6307,-32,3853,56.19,35.84,31,216498,217005
[Recv] <<< 23:c9:cc:4b:a0:3a,6308,-41,3854,56.18,35.84,35,216533,217040
[Recv] <<< 23:c9:cc:4b:a0:3a,6310,-41,3855,56.19,35.84,64,216597,217104
[Recv] <<< 23:c9:cc:4b:a0:3a,6311,-41,3856,56.18,35.84,31,216628,217135
[Recv] <<< 23:c9:cc:4b:a0:3a,6313,-45,3857,56.18,35.84,71,216699,217206
[Recv] <<< 23:c9:cc:4b:a0:3a,6314,-41,3858,56.18,35.84,30,216729,217236
[Recv] <<< 23:c9:cc:4b:a0:3a,6315,-45,3859,56.17,35.84,34,216763,217270
[Recv] <<< 23:c9:cc:4b:a0:3a,6316,-41,3860,56.17,35.84,36,216799,217306
[Recv] <<< 23:c9:cc:4b:a0:3a,6319,-32,3861,56.18,35.84,110,216909,217416
[Recv] <<< 23:c9:cc:4b:a0:3a,6320,-32,3862,56.17,35.84,30,216939,217446
[Recv] <<< 23:c9:cc:4b:a0:3a,6321,-32,3863,56.17,35.84,38,216977,217484
[Recv] <<< 23:c9:cc:4b:a0:3a,6322,-32,3864,56.16,35.84,35,217012,217519
[Recv] <<< 23:c9:cc:4b:a0:3a,6323,-32,3865,56.16,35.84,35,217047,217554
[Recv] <<< 23:c9:cc:4b:a0:3a,6324,-35,3866,56.15,35.84,41,217088,217595
[Recv] <<< 23:c9:cc:4b:a0:3a,6325,-35,3867,56.15,35.84,39,217127,217634
[Recv] <<< 23:c9:cc:4b:a0:3a,6326,-35,3868,56.14,35.84,30,217157,217664
[Recv] <<< 23:c9:cc:4b:a0:3a,6327,-36,3869,56.14,35.84,36,217193,217700
[Recv] <<< 23:c9:cc:4b:a0:3a,6328,-36,3870,56.13,35.84,27,217220,217727
[Recv] <<< 23:c9:cc:4b:a0:3a,6329,-38,3871,56.12,35.84,31,217251,217758
[Recv] <<< 23:c9:cc:4b:a0:3a,6330,-36,3872,56.12,35.84,34,217285,217792
[Recv] <<< 23:c9:cc:4b:a0:3a,6331,-36,3873,56.11,35.84,36,217321,217828
[Recv] <<< 23:c9:cc:4b:a0:3a,6332,-41,3874,56.11,35.84,45,217366,217873
[Recv] <<< 23:c9:cc:4b:a0:3a,6333,-41,3875,56.10,35.84,33,217399,217906
[Recv] <<< 23:c9:cc:4b:a0:3a,6334,-41,3876,56.10,35.84,33,217432,217939
[Recv] <<< 23:c9:cc:4b:a0:3a,6335,-41,3877,56.09,35.84,33,217465,217972
[Recv] <<< 23:c9:cc:4b:a0:3a,6338,-41,3878,56.10,35.84,94,217559,218066
[Recv] <<< 23:c9:cc:4b:a0:3a,6340,-41,3879,56.10,35.84,71,217630,218137
[Recv] <<< 23:c9:cc:4b:a0:3a,6341,-41,3880,56.10,35.84,33,217663,218170
[Recv] <<< 23:c9:cc:4b:a0:3a,6342,-35,3881,56.09,35.83,33,217696,218203
[Recv] <<< 23:c9:cc:4b:a0:3a,6343,-35,3882,56.09,35.83,30,217726,218233
[Recv] <<< 23:c9:cc:4b:a0:3a,6344,-36,3883,56.08,35.83,31,217757,218264
[Recv] <<< 23:c9:cc:4b:a0:3a,6346,-32,3884,56.08,35.83,72,217829,218336
[Recv] <<< 23:c9:cc:4b:a0:3a,6347,-32,3885,56.08,35.83,38,217867,218374
[Recv] <<< 23:c9:cc:4b:a0:3a,6348,-32,3886,56.07,35.83,28,217895,218402
[Recv] <<< 23:c9:cc:4b:a0:3a,6349,-32,3887,56.07,35.83,31,217926,218433
[Recv] <<< 23:c9:cc:4b:a0:3a,6350,-32,3888,56.06,35.83,44,217970,218477
[Recv] <<< 23:c9:cc:4b:a0:3a,6352,-32,3889,56.06,35.83,58,218028,218535
[Recv] <<< 23:c9:cc:4b:a0:3a,6353,-32,3890,56.06,35.83,32,218060,218567
[Recv] <<< 23:c9:cc:4b:a0:3a,6354,-32,3891,56.05,35.83,36,218096,218603
[Recv] <<< 23:c9:cc:4b:a0:3a,6355,-32,3892,56.05,35.83,36,218132,218639
[Recv] <<< 23:c9:cc:4b:a0:3a,6356,-32,3893,56.04,35.83,36,218168,218675
[Recv] <<< 23:c9:cc:4b:a0:3a,6357,-41,3894,56.03,35.83,29,218197,218704
[Recv] <<< 23:c9:cc:4b:a0:3a,6358,-45,3895,56.03,35.83,28,218225,218732
[Recv] <<< 23:c9:cc:4b:a0:3a,6359,-32,3896,56.02,35.83,41,218266,218773
[Recv] <<< 23:c9:cc:4b:a0:3a,6360,-45,3897,56.02,35.83,31,218297,218804
[Recv] <<< 23:c9:cc:4b:a0:3a,6361,-41,3898,56.01,35.83,34,218331,218838
[Recv] <<< 23:c9:cc:4b:a0:3a,6362,-41,3899,56.01,35.83,45,218376,218883
[Recv] <<< 23:c9:cc:4b:a0:3a,6364,-36,3900,56.01,35.83,62,218438,218945
[Recv] <<< 23:c9:cc:4b:a0:3a,6365,-35,3901,56.00,35.83,27,218465,218972
[Recv] <<< 23:c9:cc:4b:a0:3a,6366,-35,3902,56.00,35.83,34,218499,219006
[Recv] <<< 23:c9:cc:4b:a0:3a,6367,-35,3903,55.99,35.82,31,218530,219037
[Recv] <<< 23:c9:cc:4b:a0:3a,6368,-36,3904,55.98,35.82,31,218561,219068
[Recv] <<< 23:c9:cc:4b:a0:3a,6369,-36,3905,55.98,35.82,31,218592,219099
[Recv] <<< 23:c9:cc:4b:a0:3a,6378,-46,3906,56.04,35.82,293,218885,219392
[Recv] <<< 23:c9:cc:4b:a0:3a,6379,-41,3907,56.03,35.82,29,218914,219421
[Recv] <<< 23:c9:cc:4b:a0:3a,6380,-41,3908,56.03,35.82,45,218959,219466
[Recv] <<< 23:c9:cc:4b:a0:3a,6381,-32,3909,56.02,35.82,29,218988,219495
[Recv] <<< 23:c9:cc:4b:a0:3a,6383,-43,3910,56.02,35.82,67,219055,219562
[Recv] <<< 23:c9:cc:4b:a0:3a,6384,-41,3911,56.02,35.82,31,219086,219593
[Recv] <<< 23:c9:cc:4b:a0:3a,6385,-42,3912,56.01,35.81,30,219116,219623
[Recv] <<< 23:c9:cc:4b:a0:3a,6386,-41,3913,56.00,35.81,30,219146,219653
[Recv] <<< 23:c9:cc:4b:a0:3a,6387,-42,3914,56.00,35.82,43,219189,219696
[Recv] <<< 23:c9:cc:4b:a0:3a,6388,-41,3915,55.99,35.81,23,219212,219719
[Recv] <<< 23:c9:cc:4b:a0:3a,6389,-32,3916,55.99,35.81,47,219259,219766
[Recv] <<< 23:c9:cc:4b:a0:3a,6390,-32,3917,55.99,35.82,43,219302,219809
[Recv] <<< 23:c9:cc:4b:a0:3a,6391,-32,3918,55.98,35.82,33,219335,219842
[Recv] <<< 23:c9:cc:4b:a0:3a,6392,-32,3919,55.98,35.82,33,219368,219875
[Recv] <<< 23:c9:cc:4b:a0:3a,6393,-32,3920,55.97,35.81,32,219400,219907
[Recv] <<< 23:c9:cc:4b:a0:3a,6395,-32,3921,55.97,35.81,74,219474,219981
[Recv] <<< 23:c9:cc:4b:a0:3a,6396,-36,3922,55.97,35.82,37,219511,220018
[Recv] <<< 23:c9:cc:4b:a0:3a,6397,-36,3923,55.96,35.81,32,219543,220050
[Recv] <<< 23:c9:cc:4b:a0:3a,6398,-35,3924,55.96,35.82,39,219582,220089
[Recv] <<< 23:c9:cc:4b:a0:3a,6399,-45,3925,55.95,35.82,41,219623,220130
[Recv] <<< 23:c9:cc:4b:a0:3a,6402,-36,3926,55.96,35.81,90,219713,220220
[Recv] <<< 23:c9:cc:4b:a0:3a,6403,-36,3927,55.96,35.81,35,219748,220255
[Recv] <<< 23:c9:cc:4b:a0:3a,6404,-36,3928,55.95,35.81,37,219785,220292
[Recv] <<< 23:c9:cc:4b:a0:3a,6405,-35,3929,55.95,35.81,31,219816,220323
[Recv] <<< 23:c9:cc:4b:a0:3a,6406,-36,3930,55.94,35.81,35,219851,220358
[Recv] <<< 23:c9:cc:4b:a0:3a,6407,-36,3931,55.94,35.81,30,219881,220388
[Recv] <<< 23:c9:cc:4b:a0:3a,6408,-41,3932,55.93,35.81,48,219929,220436
[Recv] <<< 23:c9:cc:4b:a0:3a,6411,-36,3933,55.94,35.81,99,220028,220535
[Recv] <<< 23:c9:cc:4b:a0:3a,6412,-41,3934,55.94,35.81,46,220074,220581
[Recv] <<< 23:c9:cc:4b:a0:3a,6413,-39,3935,55.94,35.81,33,220107,220614
[Recv] <<< 23:c9:cc:4b:a0:3a,6414,-43,3936,55.93,35.81,37,220144,220651
[Recv] <<< 23:c9:cc:4b:a0:3a,6415,-41,3937,55.93,35.81,35,220179,220686
[Recv] <<< 23:c9:cc:4b:a0:3a,6416,-41,3938,55.92,35.81,27,220206,220713
[Recv] <<< 23:c9:cc:4b:a0:3a,6417,-41,3939,55.91,35.81,40,220246,220753
[Recv] <<< 23:c9:cc:4b:a0:3a,6419,-32,3940,55.92,35.81,68,220314,220821
[Recv] <<< 23:c9:cc:4b:a0:3a,6420,-41,3941,55.91,35.81,34,220348,220855
[Recv] <<< 23:c9:cc:4b:a0:3a,6421,-41,3942,55.91,35.81,33,220381,220888
[Recv] <<< 23:c9:cc:4b:a0:3a,6422,-41,3943,55.90,35.81,35,220416,220923
[Recv] <<< 23:c9:cc:4b:a0:3a,6424,-45,3944,55.90,35.81,73,220489,220996
[Recv] <<< 23:c9:cc:4b:a0:3a,6425,-45,3945,55.90,35.81,27,220516,221023
[Recv] <<< 23:c9:cc:4b:a0:3a,6426,-41,3946,55.89,35.81,34,220550,221057
[Recv] <<< 23:c9:cc:4b:a0:3a,6427,-41,3947,55.88,35.81,25,220575,221082
[Recv] <<< 23:c9:cc:4b:a0:3a,6428,-45,3948,55.88,35.81,42,220617,221124
[Recv] <<< 23:c9:cc:4b:a0:3a,6429,-43,3949,55.88,35.81,35,220652,221159
[Recv] <<< 23:c9:cc:4b:a0:3a,6430,-41,3950,55.87,35.81,31,220683,221190
[Recv] <<< 23:c9:cc:4b:a0:3a,6431,-41,3951,55.86,35.81,32,220715,221222
[Recv] <<< 23:c9:cc:4b:a0:3a,6432,-41,3952,55.86,35.81,39,220754,221261
[Recv] <<< 23:c9:cc:4b:a0:3a,6433,-45,3953,55.85,35.81,33,220787,221294
[Recv] <<< 23:c9:cc:4b:a0:3a,6434,-41,3954,55.85,35.81,33,220820,221327
[Recv] <<< 23:c9:cc:4b:a0:3a,6435,-41,3955,55.84,35.81,31,220851,221358
[Recv] <<< 23:c9:cc:4b:a0:3a,6436,-41,3956,55.84,35.81,34,220885,221392
[Recv] <<< 23:c9:cc:4b:a0:3a,6437,-35,3957,55.83,35.81,35,220920,221427
[Recv] <<< 23:c9:cc:4b:a0:3a,6439,-36,3958,55.83,35.80,68,220988,221495
[Recv] <<< 23:c9:cc:4b:a0:3a,6440,-35,3959,55.83,35.80,31,221019,221526
[Recv] <<< 23:c9:cc:4b:a0:3a,6441,-41,3960,55.82,35.80,40,221059,221566
[Recv] <<< 23:c9:cc:4b:a0:3a,6442,-41,3961,55.82,35.80,32,221091,221598
[Recv] <<< 23:c9:cc:4b:a0:3a,6443,-45,3962,55.81,35.80,35,221126,221633
[Recv] <<< 23:c9:cc:4b:a0:3a,6444,-41,3963,55.81,35.80,37,221163,221670
[Recv] <<< 23:c9:cc:4b:a0:3a,6445,-41,3964,55.80,35.80,40,221203,221710
[Recv] <<< 23:c9:cc:4b:a0:3a,6446,-41,3965,55.80,35.80,27,221230,221737
[Recv] <<< 23:c9:cc:4b:a0:3a,6447,-35,3966,55.79,35.80,33,221263,221770
[Recv] <<< 23:c9:cc:4b:a0:3a,6448,-35,3967,55.78,35.80,34,221297,221804
[Recv] <<< 23:c9:cc:4b:a0:3a,6451,-36,3968,55.80,35.80,98,221395,221902
[Recv] <<< 23:c9:cc:4b:a0:3a,6452,-32,3969,55.79,35.80,33,221428,221935
[Recv] <<< 23:c9:cc:4b:a0:3a,6453,-32,3970,55.78,35.80,30,221458,221965
[Recv] <<< 23:c9:cc:4b:a0:3a,6454,-32,3971,55.78,35.80,36,221494,222001
[Recv] <<< 23:c9:cc:4b:a0:3a,6455,-32,3972,55.77,35.80,41,221535,222042
[Recv] <<< 23:c9:cc:4b:a0:3a,6456,-36,3973,55.77,35.80,42,221577,222084
[Recv] <<< 23:c9:cc:4b:a0:3a,6458,-32,3974,55.77,35.80,62,221639,222146
[Recv] <<< 23:c9:cc:4b:a0:3a,6459,-32,3975,55.77,35.80,31,221670,222177
[Recv] <<< 23:c9:cc:4b:a0:3a,6460,-32,3976,55.76,35.80,35,221705,222212
[Recv] <<< 23:c9:cc:4b:a0:3a,6461,-36,3977,55.76,35.80,42,221747,222254
[Recv] <<< 23:c9:cc:4b:a0:3a,6462,-36,3978,55.75,35.80,32,221779,222286
[Recv] <<< 23:c9:cc:4b:a0:3a,6463,-32,3979,55.74,35.80,30,221809,222316
[Recv] <<< 23:c9:cc:4b:a0:3a,6464,-32,3980,55.74,35.80,37,221846,222353
[Recv] <<< 23:c9:cc:4b:a0:3a,6465,-32,3981,55.73,35.80,35,221881,222388
[Recv] <<< 23:c9:cc:4b:a0:3a,6466,-32,3982,55.73,35.80,33,221914,222421
[Recv] <<< 23:c9:cc:4b:a0:3a,6467,-32,3983,55.72,35.80,35,221949,222456
[Recv] <<< 23:c9:cc:4b:a0:3a,6468,-32,3984,55.72,35.80,34,221983,222490
[Recv] <<< 23:c9:cc:4b:a0:3a,6471,-41,3985,55.73,35.79,88,222071,222578
[Recv] <<< 23:c9:cc:4b:a0:3a,6472,-41,3986,55.72,35.79,34,222105,222612
[Recv] <<< 23:c9:cc:4b:a0:3a,6473,-32,3987,55.72,35.80,39,222144,222651
[Recv] <<< 23:c9:cc:4b:a0:3a,6474,-32,3988,55.71,35.79,27,222171,222678
[Recv] <<< 23:c9:cc:4b:a0:3a,6475,-45,3989,55.71,35.79,41,222212,222719
[Recv] <<< 23:c9:cc:4b:a0:3a,6476,-41,3990,55.70,35.79,26,222238,222745
[Recv] <<< 23:c9:cc:4b:a0:3a,6477,-42,3991,55.69,35.79,35,222273,222780
[Recv] <<< 23:c9:cc:4b:a0:3a,6478,-41,3992,55.69,35.79,31,222304,222811
[Recv] <<< 23:c9:cc:4b:a0:3a,6479,-41,3993,55.68,35.79,36,222340,222847
[Recv] <<< 23:c9:cc:4b:a0:3a,6482,-35,3994,55.69,35.79,100,222440,222947
[Recv] <<< 23:c9:cc:4b:a0:3a,6483,-36,3995,55.69,35.79,39,222479,222986
[Recv] <<< 23:c9:cc:4b:a0:3a,6484,-35,3996,55.68,35.79,29,222508,223015
[Recv] <<< 23:c9:cc:4b:a0:3a,6485,-35,3997,55.68,35.79,35,222543,223050
[Recv] <<< 23:c9:cc:4b:a0:3a,6487,-32,3998,55.68,35.79,59,222602,223109
[Recv] <<< 23:c9:cc:4b:a0:3a,6488,-32,3999,55.67,35.79,38,222640,223147
[Recv] <<< 23:c9:cc:4b:a0:3a,6489,-32,4000,55.67,35.79,26,222666,223173
[Recv] <<< 23:c9:cc:4b:a0:3a,6490,-41,4001,55.66,35.79,33,222699,223206
[Recv] <<< 23:c9:cc:4b:a0:3a,6491,-46,4002,55.65,35.79,28,222727,223234
[Recv] <<< 23:c9:cc:4b:a0:3a,6492,-32,4003,55.65,35.79,50,222777,223284
[Recv] <<< 23:c9:cc:4b:a0:3a,6493,-41,4004,55.64,35.79,24,222801,223308
[Recv] <<< 23:c9:cc:4b:a0:3a,6494,-41,4005,55.64,35.79,36,222837,223344
[Recv] <<< 23:c9:cc:4b:a0:3a,6495,-41,4006,55.63,35.79,35,222872,223379
[Recv] <<< 23:c9:cc:4b:a0:3a,6496,-45,4007,55.63,35.78,27,222899,223406
[Recv] <<< 23:c9:cc:4b:a0:3a,6497,-41,4008,55.62,35.78,30,222929,223436
[Recv] <<< 23:c9:cc:4b:a0:3a,6498,-41,4009,55.62,35.78,43,222972,223479
[Recv] <<< 23:c9:cc:4b:a0:3a,6501,-35,4010,55.63,35.78,100,223072,223579
[Recv] <<< 23:c9:cc:4b:a0:3a,6502,-36,4011,55.62,35.78,26,223098,223605
[Recv] <<< 23:c9:cc:4b:a0:3a,6503,-35,4012,55.62,35.78,37,223135,223642
[Recv] <<< 23:c9:cc:4b:a0:3a,6504,-36,4013,55.61,35.78,36,223171,223678
[Recv] <<< 23:c9:cc:4b:a0:3a,6505,-32,4014,55.60,35.78,25,223196,223703
[Recv] <<< 23:c9:cc:4b:a0:3a,6506,-32,4015,55.60,35.78,38,223234,223741
[Recv] <<< 23:c9:cc:4b:a0:3a,6507,-32,4016,55.59,35.78,29,223263,223770
[Recv] <<< 23:c9:cc:4b:a0:3a,6508,-41,4017,55.59,35.78,32,223295,223802
[Recv] <<< 23:c9:cc:4b:a0:3a,6509,-41,4018,55.58,35.78,27,223322,223829
[Recv] <<< 23:c9:cc:4b:a0:3a,6510,-43,4019,55.58,35.78,36,223358,223865
[Recv] <<< 23:c9:cc:4b:a0:3a,6511,-41,4020,55.57,35.78,37,223395,223902
[Recv] <<< 23:c9:cc:4b:a0:3a,6512,-36,4021,55.57,35.78,33,223428,223935
[Recv] <<< 23:c9:cc:4b:a0:3a,6513,-35,4022,55.56,35.78,24,223452,223959
[Recv] <<< 23:c9:cc:4b:a0:3a,6515,-36,4023,55.56,35.77,67,223519,224026
[Recv] <<< 23:c9:cc:4b:a0:3a,6516,-35,4024,55.55,35.77,33,223552,224059
[Recv] <<< 23:c9:cc:4b:a0:3a,6517,-38,4025,55.55,35.77,41,223593,224100
[Recv] <<< 23:c9:cc:4b:a0:3a,6518,-37,4026,55.54,35.77,28,223621,224128
[Recv] <<< 23:c9:cc:4b:a0:3a,6520,-36,4027,55.55,35.77,63,223684,224191
[Recv] <<< 23:c9:cc:4b:a0:3a,6522,-38,4028,55.55,35.77,66,223750,224257
[Recv] <<< 23:c9:cc:4b:a0:3a,6523,-32,4029,55.54,35.77,37,223787,224294
[Recv] <<< 23:c9:cc:4b:a0:3a,6524,-32,4030,55.54,35.77,32,223819,224326
[Recv] <<< 23:c9:cc:4b:a0:3a,6525,-32,4031,55.53,35.77,37,223856,224363
[Recv] <<< 23:c9:cc:4b:a0:3a,6526,-32,4032,55.53,35.77,29,223885,224392
[Recv] <<< 23:c9:cc:4b:a0:3a,6527,-41,4033,55.52,35.77,32,223917,224424
[Recv] <<< 23:c9:cc:4b:a0:3a,6528,-48,4034,55.52,35.77,37,223954,224461
[Recv] <<< 23:c9:cc:4b:a0:3a,6529,-41,4035,55.51,35.77,30,223984,224491
[Recv] <<< 23:c9:cc:4b:a0:3a,6530,-42,4036,55.50,35.77,33,224017,224524
[Recv] <<< 23:c9:cc:4b:a0:3a,6531,-41,4037,55.50,35.77,41,224058,224565
[Recv] <<< 23:c9:cc:4b:a0:3a,6533,-41,4038,55.50,35.77,67,224125,224632
[Recv] <<< 23:c9:cc:4b:a0:3a,6534,-48,4039,55.50,35.77,35,224160,224667
[Recv] <<< 23:c9:cc:4b:a0:3a,6535,-41,4040,55.49,35.77,33,224193,224700
[Recv] <<< 23:c9:cc:4b:a0:3a,6536,-41,4041,55.49,35.77,32,224225,224732
[Recv] <<< 23:c9:cc:4b:a0:3a,6537,-46,4042,55.48,35.77,32,224257,224764
[Recv] <<< 23:c9:cc:4b:a0:3a,6539,-32,4043,55.49,35.77,78,224335,224842
[Recv] <<< 23:c9:cc:4b:a0:3a,6541,-32,4044,55.49,35.77,69,224404,224911
[Recv] <<< 23:c9:cc:4b:a0:3a,6542,-32,4045,55.49,35.77,39,224443,224950
[Recv] <<< 23:c9:cc:4b:a0:3a,6543,-32,4046,55.48,35.77,29,224472,224979
[Recv] <<< 23:c9:cc:4b:a0:3a,6544,-32,4047,55.47,35.77,33,224505,225012
[Recv] <<< 23:c9:cc:4b:a0:3a,6545,-32,4048,55.47,35.77,29,224534,225041
[Recv] <<< 23:c9:cc:4b:a0:3a,6546,-32,4049,55.46,35.77,37,224571,225078
[Recv] <<< 23:c9:cc:4b:a0:3a,6549,-32,4050,55.47,35.76,102,224673,225180
[Recv] <<< 23:c9:cc:4b:a0:3a,6552,-32,4051,55.49,35.76,107,224780,225287
[Recv] <<< 23:c9:cc:4b:a0:3a,6555,-32,4052,55.50,35.76,99,224879,225386
[Recv] <<< 23:c9:cc:4b:a0:3a,6556,-32,4053,55.49,35.76,38,224917,225424
[Recv] <<< 23:c9:cc:4b:a0:3a,6558,-36,4054,55.50,35.76,72,224989,225496
[Recv] <<< 23:c9:cc:4b:a0:3a,6560,-42,4055,55.50,35.76,77,225066,225573
[Recv] <<< 23:c9:cc:4b:a0:3a,6561,-41,4056,55.50,35.77,40,225106,225613
[Recv] <<< 23:c9:cc:4b:a0:3a,6562,-41,4057,55.49,35.76,31,225137,225644
[Recv] <<< 23:c9:cc:4b:a0:3a,6563,-41,4058,55.49,35.76,35,225172,225679
[Recv] <<< 23:c9:cc:4b:a0:3a,6565,-41,4059,55.49,35.76,75,225247,225754
[Recv] <<< 23:c9:cc:4b:a0:3a,6566,-41,4060,55.49,35.76,29,225276,225783
[Recv] <<< 23:c9:cc:4b:a0:3a,6567,-41,4061,55.48,35.76,38,225314,225821
[Recv] <<< 23:c9:cc:4b:a0:3a,6568,-41,4062,55.48,35.76,34,225348,225855
[Recv] <<< 23:c9:cc:4b:a0:3a,6569,-41,4063,55.47,35.76,31,225379,225886
[Recv] <<< 23:c9:cc:4b:a0:3a,6570,-46,4064,55.46,35.76,29,225408,225915
[Recv] <<< 23:c9:cc:4b:a0:3a,6573,-36,4065,55.47,35.76,92,225500,226007
[Recv] <<< 23:c9:cc:4b:a0:3a,6574,-36,4066,55.47,35.76,37,225537,226044
[Recv] <<< 23:c9:cc:4b:a0:3a,6575,-37,4067,55.46,35.76,34,225571,226078
[Recv] <<< 23:c9:cc:4b:a0:3a,6576,-35,4068,55.46,35.76,26,225597,226104
[Recv] <<< 23:c9:cc:4b:a0:3a,6577,-36,4069,55.45,35.76,39,225636,226143
[Recv] <<< 23:c9:cc:4b:a0:3a,6580,-35,4070,55.47,35.76,110,225746,226253
[Recv] <<< 23:c9:cc:4b:a0:3a,6581,-35,4071,55.46,35.76,24,225770,226277
[Recv] <<< 23:c9:cc:4b:a0:3a,6582,-35,4072,55.45,35.76,37,225807,226314
[Recv] <<< 23:c9:cc:4b:a0:3a,6583,-35,4073,55.45,35.76,28,225835,226342
[Recv] <<< 23:c9:cc:4b:a0:3a,6584,-36,4074,55.44,35.76,40,225875,226382
[Recv] <<< 23:c9:cc:4b:a0:3a,6585,-35,4075,55.44,35.76,30,225905,226412
[Recv] <<< 23:c9:cc:4b:a0:3a,6587,-36,4076,55.44,35.76,74,225979,226486
[Recv] <<< 23:c9:cc:4b:a0:3a,6588,-36,4077,55.44,35.76,30,226009,226516
[Recv] <<< 23:c9:cc:4b:a0:3a,6589,-35,4078,55.43,35.75,31,226040,226547
[Recv] <<< 23:c9:cc:4b:a0:3a,6590,-41,4079,55.43,35.76,42,226082,226589
[Recv] <<< 23:c9:cc:4b:a0:3a,6592,-35,4080,55.43,35.75,59,226141,226648
[Recv] <<< 23:c9:cc:4b:a0:3a,6594,-35,4081,55.43,35.75,69,226210,226717
[Recv] <<< 23:c9:cc:4b:a0:3a,6595,-41,4082,55.43,35.75,45,226255,226762
[Recv] <<< 23:c9:cc:4b:a0:3a,6596,-41,4083,55.42,35.75,36,226291,226798
[Recv] <<< 23:c9:cc:4b:a0:3a,6597,-41,4084,55.42,35.75,32,226323,226830
[Recv] <<< 23:c9:cc:4b:a0:3a,6598,-45,4085,55.41,35.75,36,226359,226866
[Recv] <<< 23:c9:cc:4b:a0:3a,6600,-41,4086,55.41,35.75,66,226425,226932
[Recv] <<< 23:c9:cc:4b:a0:3a,6601,-46,4087,55.41,35.75,34,226459,226966
[Recv] <<< 23:c9:cc:4b:a0:3a,6602,-35,4088,55.40,35.75,27,226486,226993
[Recv] <<< 23:c9:cc:4b:a0:3a,6603,-36,4089,55.40,35.75,38,226524,227031
[Recv] <<< 23:c9:cc:4b:a0:3a,6605,-36,4090,55.40,35.75,65,226589,227096
[Recv] <<< 23:c9:cc:4b:a0:3a,6606,-36,4091,55.40,35.75,33,226622,227129
[Recv] <<< 23:c9:cc:4b:a0:3a,6607,-36,4092,55.39,35.75,31,226653,227160
[Recv] <<< 23:c9:cc:4b:a0:3a,6608,-36,4093,55.38,35.75,32,226685,227192
[Recv] <<< 23:c9:cc:4b:a0:3a,6609,-32,4094,55.38,35.75,26,226711,227218
[Recv] <<< 23:c9:cc:4b:a0:3a,6610,-32,4095,55.37,35.75,42,226753,227260
[Recv] <<< 23:c9:cc:4b:a0:3a,6611,-32,4096,55.37,35.75,29,226782,227289
[Recv] <<< 23:c9:cc:4b:a0:3a,6612,-32,4097,55.36,35.75,35,226817,227324
[Recv] <<< 23:c9:cc:4b:a0:3a,6613,-32,4098,55.36,35.75,38,226855,227362
[Recv] <<< 23:c9:cc:4b:a0:3a,6615,-32,4099,55.36,35.75,72,226927,227434
[Recv] <<< 23:c9:cc:4b:a0:3a,6618,-32,4100,55.37,35.75,104,227031,227538
[Recv] <<< 23:c9:cc:4b:a0:3a,6619,-32,4101,55.37,35.75,38,227069,227576
[Recv] <<< 23:c9:cc:4b:a0:3a,6620,-32,4102,55.36,35.75,34,227103,227610
[Recv] <<< 23:c9:cc:4b:a0:3a,6622,-32,4103,55.37,35.75,66,227169,227676
[Recv] <<< 23:c9:cc:4b:a0:3a,6623,-36,4104,55.36,35.75,44,227213,227720
[Recv] <<< 23:c9:cc:4b:a0:3a,6624,-36,4105,55.36,35.75,38,227251,227758
[Recv] <<< 23:c9:cc:4b:a0:3a,6626,-36,4106,55.36,35.75,61,227312,227819
[Recv] <<< 23:c9:cc:4b:a0:3a,6627,-36,4107,55.36,35.75,33,227345,227852
[Recv] <<< 23:c9:cc:4b:a0:3a,6629,-35,4108,55.36,35.75,70,227415,227922
[Recv] <<< 23:c9:cc:4b:a0:3a,6631,-35,4109,55.36,35.74,60,227475,227982
[Recv] <<< 23:c9:cc:4b:a0:3a,6632,-38,4110,55.36,35.74,37,227512,228019
[Recv] <<< 23:c9:cc:4b:a0:3a,6633,-36,4111,55.35,35.74,34,227546,228053
[Recv] <<< 23:c9:cc:4b:a0:3a,6634,-36,4112,55.35,35.74,38,227584,228091
[Recv] <<< 23:c9:cc:4b:a0:3a,6635,-32,4113,55.34,35.74,31,227615,228122
[Recv] <<< 23:c9:cc:4b:a0:3a,6636,-32,4114,55.33,35.74,30,227645,228152
[Recv] <<< 23:c9:cc:4b:a0:3a,6640,-32,4115,55.36,35.74,141,227786,228293
[Recv] <<< 23:c9:cc:4b:a0:3a,6641,-32,4116,55.35,35.74,33,227819,228326
[Recv] <<< 23:c9:cc:4b:a0:3a,6642,-32,4117,55.35,35.74,37,227856,228363
[Recv] <<< 23:c9:cc:4b:a0:3a,6643,-32,4118,55.34,35.74,35,227891,228398
[Recv] <<< 23:c9:cc:4b:a0:3a,6645,-32,4119,55.34,35.74,59,227950,228457
[Recv] <<< 23:c9:cc:4b:a0:3a,6646,-32,4120,55.34,35.74,37,227987,228494
[Recv] <<< 23:c9:cc:4b:a0:3a,6647,-32,4121,55.33,35.74,37,228024,228531
[Recv] <<< 23:c9:cc:4b:a0:3a,6648,-32,4122,55.33,35.74,34,228058,228565
[Recv] <<< 23:c9:cc:4b:a0:3a,6649,-32,4123,55.32,35.74,35,228093,228600
[Recv] <<< 23:c9:cc:4b:a0:3a,6650,-32,4124,55.32,35.74,27,228120,228627
[Recv] <<< 23:c9:cc:4b:a0:3a,6652,-35,4125,55.32,35.74,72,228192,228699
[Recv] <<< 23:c9:cc:4b:a0:3a,6653,-35,4126,55.32,35.74,39,228231,228738
[Recv] <<< 23:c9:cc:4b:a0:3a,6654,-35,4127,55.31,35.74,37,228268,228775
[Recv] <<< 23:c9:cc:4b:a0:3a,6656,-32,4128,55.31,35.74,56,228324,228831
[Recv] <<< 23:c9:cc:4b:a0:3a,6657,-32,4129,55.31,35.74,35,228359,228866
[Recv] <<< 23:c9:cc:4b:a0:3a,6658,-32,4130,55.30,35.74,38,228397,228904
[Recv] <<< 23:c9:cc:4b:a0:3a,6659,-32,4131,55.30,35.74,29,228426,228933
[Recv] <<< 23:c9:cc:4b:a0:3a,6660,-32,4132,55.29,35.74,37,228463,228970
[Recv] <<< 23:c9:cc:4b:a0:3a,6661,-33,4133,55.29,35.74,30,228493,229000
[Recv] <<< 23:c9:cc:4b:a0:3a,6663,-32,4134,55.29,35.73,66,228559,229066
[Recv] <<< 23:c9:cc:4b:a0:3a,6665,-35,4135,55.29,35.74,76,228635,229142
[Recv] <<< 23:c9:cc:4b:a0:3a,6666,-36,4136,55.29,35.74,39,228674,229181
[Recv] <<< 23:c9:cc:4b:a0:3a,6667,-32,4137,55.28,35.74,31,228705,229212
[Recv] <<< 23:c9:cc:4b:a0:3a,6668,-32,4138,55.28,35.73,28,228733,229240
[Recv] <<< 23:c9:cc:4b:a0:3a,6669,-33,4139,55.27,35.73,41,228774,229281
[Recv] <<< 23:c9:cc:4b:a0:3a,6671,-36,4140,55.28,35.74,73,228847,229354
[Recv] <<< 23:c9:cc:4b:a0:3a,6673,-36,4141,55.28,35.74,75,228922,229429
[Recv] <<< 23:c9:cc:4b:a0:3a,6674,-35,4142,55.28,35.74,38,228960,229467
[Recv] <<< 23:c9:cc:4b:a0:3a,6675,-35,4143,55.27,35.73,26,228986,229493
[Recv] <<< 23:c9:cc:4b:a0:3a,6676,-38,4144,55.27,35.73,39,229025,229532
[Recv] <<< 23:c9:cc:4b:a0:3a,6677,-35,4145,55.26,35.73,28,229053,229560
[Recv] <<< 23:c9:cc:4b:a0:3a,6678,-36,4146,55.26,35.73,36,229089,229596
[Recv] <<< 23:c9:cc:4b:a0:3a,6679,-33,4147,55.25,35.73,35,229124,229631
[Recv] <<< 23:c9:cc:4b:a0:3a,6681,-35,4148,55.25,35.73,67,229191,229698
[Recv] <<< 23:c9:cc:4b:a0:3a,6683,-36,4149,55.26,35.73,68,229259,229766
[Recv] <<< 23:c9:cc:4b:a0:3a,6684,-35,4150,55.25,35.73,43,229302,229809
[Recv] <<< 23:c9:cc:4b:a0:3a,6685,-35,4151,55.25,35.73,34,229336,229843
[Recv] <<< 23:c9:cc:4b:a0:3a,6686,-35,4152,55.24,35.73,31,229367,229874
[Recv] <<< 23:c9:cc:4b:a0:3a,6688,-41,4153,55.25,35.73,73,229440,229947
[Recv] <<< 23:c9:cc:4b:a0:3a,6689,-41,4154,55.24,35.73,33,229473,229980
[Recv] <<< 23:c9:cc:4b:a0:3a,6691,-32,4155,55.25,35.73,79,229552,230059
[Recv] <<< 23:c9:cc:4b:a0:3a,6692,-32,4156,55.24,35.73,37,229589,230096
[Recv] <<< 23:c9:cc:4b:a0:3a,6693,-32,4157,55.24,35.73,30,229619,230126
[Recv] <<< 23:c9:cc:4b:a0:3a,6694,-32,4158,55.23,35.73,35,229654,230161
[Recv] <<< 23:c9:cc:4b:a0:3a,6695,-32,4159,55.23,35.73,37,229691,230198
[Recv] <<< 23:c9:cc:4b:a0:3a,6696,-32,4160,55.22,35.73,31,229722,230229
[Recv] <<< 23:c9:cc:4b:a0:3a,6697,-32,4161,55.22,35.73,42,229764,230271
[Recv] <<< 23:c9:cc:4b:a0:3a,6698,-32,4162,55.21,35.73,35,229799,230306
[Recv] <<< 23:c9:cc:4b:a0:3a,6699,-32,4163,55.21,35.73,34,229833,230340
[Recv] <<< 23:c9:cc:4b:a0:3a,6700,-32,4164,55.20,35.73,37,229870,230377
[Recv] <<< 23:c9:cc:4b:a0:3a,6701,-32,4165,55.20,35.73,30,229900,230407
[Recv] <<< 23:c9:cc:4b:a0:3a,6702,-32,4166,55.19,35.73,30,229930,230437
[Recv] <<< 23:c9:cc:4b:a0:3a,6704,-36,4167,55.20,35.73,86,230016,230523
[Recv] <<< 23:c9:cc:4b:a0:3a,6705,-35,4168,55.19,35.73,28,230044,230551
[Recv] <<< 23:c9:cc:4b:a0:3a,6706,-36,4169,55.19,35.73,34,230078,230585
[Recv] <<< 23:c9:cc:4b:a0:3a,6707,-36,4170,55.18,35.73,32,230110,230617
[Recv] <<< 23:c9:cc:4b:a0:3a,6708,-35,4171,55.18,35.73,33,230143,230650
[Recv] <<< 23:c9:cc:4b:a0:3a,6709,-36,4172,55.17,35.73,42,230185,230692
[Recv] <<< 23:c9:cc:4b:a0:3a,6711,-35,4173,55.18,35.73,62,230247,230754
[Recv] <<< 23:c9:cc:4b:a0:3a,6712,-41,4174,55.17,35.73,48,230295,230802
[Recv] <<< 23:c9:cc:4b:a0:3a,6713,-45,4175,55.17,35.73,34,230329,230836
[Recv] <<< 23:c9:cc:4b:a0:3a,6714,-32,4176,55.16,35.73,37,230366,230873
[Recv] <<< 23:c9:cc:4b:a0:3a,6715,-32,4177,55.16,35.73,36,230402,230909
[Recv] <<< 23:c9:cc:4b:a0:3a,6716,-32,4178,55.15,35.73,33,230435,230942
[Recv] <<< 23:c9:cc:4b:a0:3a,6717,-32,4179,55.15,35.73,24,230459,230966
[Recv] <<< 23:c9:cc:4b:a0:3a,6718,-43,4180,55.14,35.73,39,230498,231005
[Recv] <<< 23:c9:cc:4b:a0:3a,6719,-41,4181,55.14,35.73,28,230526,231033
[Recv] <<< 23:c9:cc:4b:a0:3a,6722,-41,4182,55.15,35.73,106,230632,231139
[Recv] <<< 23:c9:cc:4b:a0:3a,6724,-41,4183,55.15,35.73,72,230704,231211
[Recv] <<< 23:c9:cc:4b:a0:3a,6725,-41,4184,55.15,35.73,34,230738,231245
[Recv] <<< 23:c9:cc:4b:a0:3a,6726,-41,4185,55.14,35.73,36,230774,231281
[Recv] <<< 23:c9:cc:4b:a0:3a,6728,-41,4186,55.15,35.73,69,230843,231350
[Recv] <<< 23:c9:cc:4b:a0:3a,6731,-45,4187,55.16,35.73,101,230944,231451
[Recv] <<< 23:c9:cc:4b:a0:3a,6732,-41,4188,55.15,35.73,27,230971,231478
[Recv] <<< 23:c9:cc:4b:a0:3a,6733,-41,4189,55.15,35.73,36,231007,231514
[Recv] <<< 23:c9:cc:4b:a0:3a,6734,-41,4190,55.14,35.73,27,231034,231541
[Recv] <<< 23:c9:cc:4b:a0:3a,6735,-41,4191,55.14,35.73,37,231071,231578
[Recv] <<< 23:c9:cc:4b:a0:3a,6736,-41,4192,55.13,35.73,38,231109,231616
[Recv] <<< 23:c9:cc:4b:a0:3a,6737,-32,4193,55.13,35.73,36,231145,231652
[Recv] <<< 23:c9:cc:4b:a0:3a,6738,-41,4194,55.12,35.72,27,231172,231679
[Recv] <<< 23:c9:cc:4b:a0:3a,6739,-41,4195,55.12,35.72,39,231211,231718
[Recv] <<< 23:c9:cc:4b:a0:3a,6740,-32,4196,55.11,35.73,39,231250,231757
[Recv] <<< 23:c9:cc:4b:a0:3a,6742,-41,4197,55.11,35.72,67,231317,231824
[Recv] <<< 23:c9:cc:4b:a0:3a,6743,-41,4198,55.11,35.72,29,231346,231853
[Recv] <<< 23:c9:cc:4b:a0:3a,6744,-41,4199,55.10,35.72,34,231380,231887
[Recv] <<< 23:c9:cc:4b:a0:3a,6745,-41,4200,55.10,35.72,38,231418,231925
[Recv] <<< 23:c9:cc:4b:a0:3a,6746,-41,4201,55.09,35.72,30,231448,231955
[Recv] <<< 23:c9:cc:4b:a0:3a,6747,-41,4202,55.09,35.72,38,231486,231993
[Recv] <<< 23:c9:cc:4b:a0:3a,6748,-41,4203,55.08,35.72,31,231517,232024
[Recv] <<< 23:c9:cc:4b:a0:3a,6749,-41,4204,55.08,35.72,41,231558,232065
[Recv] <<< 23:c9:cc:4b:a0:3a,6751,-41,4205,55.08,35.72,70,231628,232135
[Recv] <<< 23:c9:cc:4b:a0:3a,6752,-41,4206,55.08,35.72,35,231663,232170
[Recv] <<< 23:c9:cc:4b:a0:3a,6753,-41,4207,55.07,35.72,36,231699,232206
[Recv] <<< 23:c9:cc:4b:a0:3a,6755,-41,4208,55.08,35.72,58,231757,232264
[Recv] <<< 23:c9:cc:4b:a0:3a,6756,-36,4209,55.07,35.72,32,231789,232296
[Recv] <<< 23:c9:cc:4b:a0:3a,6758,-41,4210,55.08,35.72,80,231869,232376
[Recv] <<< 23:c9:cc:4b:a0:3a,6764,-32,4211,55.11,35.72,211,232080,232587
[Recv] <<< 23:c9:cc:4b:a0:3a,6765,-32,4212,55.11,35.72,37,232117,232624
[Recv] <<< 23:c9:cc:4b:a0:3a,6766,-32,4213,55.10,35.72,37,232154,232661
[Recv] <<< 23:c9:cc:4b:a0:3a,6767,-32,4214,55.10,35.72,36,232190,232697
[Recv] <<< 23:c9:cc:4b:a0:3a,6768,-32,4215,55.09,35.72,32,232222,232729
[Recv] <<< 23:c9:cc:4b:a0:3a,6769,-41,4216,55.09,35.72,27,232249,232756
[Recv] <<< 23:c9:cc:4b:a0:3a,6771,-41,4217,55.09,35.72,63,232312,232819
[Recv] <<< 23:c9:cc:4b:a0:3a,6772,-32,4218,55.09,35.72,48,232360,232867
[Recv] <<< 23:c9:cc:4b:a0:3a,6773,-32,4219,55.08,35.72,40,232400,232907
[Recv] <<< 23:c9:cc:4b:a0:3a,6774,-38,4220,55.08,35.72,34,232434,232941
[Recv] <<< 23:c9:cc:4b:a0:3a,6775,-35,4221,55.08,35.72,41,232475,232982
[Recv] <<< 23:c9:cc:4b:a0:3a,6778,-38,4222,55.09,35.72,108,232583,233090
[Recv] <<< 23:c9:cc:4b:a0:3a,6779,-35,4223,55.08,35.72,26,232609,233116
[Recv] <<< 23:c9:cc:4b:a0:3a,6782,-32,4224,55.09,35.72,94,232703,233210
[Recv] <<< 23:c9:cc:4b:a0:3a,6784,-32,4225,55.09,35.72,69,232772,233279
[Recv] <<< 23:c9:cc:4b:a0:3a,6785,-32,4226,55.09,35.72,42,232814,233321
[Recv] <<< 23:c9:cc:4b:a0:3a,6786,-32,4227,55.09,35.72,31,232845,233352
[Recv] <<< 23:c9:cc:4b:a0:3a,6787,-32,4228,55.08,35.72,32,232877,233384
[Recv] <<< 23:c9:cc:4b:a0:3a,6788,-32,4229,55.08,35.72,37,232914,233421
[Recv] <<< 23:c9:cc:4b:a0:3a,6790,-32,4230,55.08,35.72,62,232976,233483
[Recv] <<< 23:c9:cc:4b:a0:3a,6792,-32,4231,55.08,35.72,72,233048,233555
[Recv] <<< 23:c9:cc:4b:a0:3a,6793,-32,4232,55.08,35.72,34,233082,233589
[Recv] <<< 23:c9:cc:4b:a0:3a,6794,-32,4233,55.07,35.72,35,233117,233624
[Recv] <<< 23:c9:cc:4b:a0:3a,6795,-32,4234,55.07,35.72,34,233151,233658
[Recv] <<< 23:c9:cc:4b:a0:3a,6798,-42,4235,55.07,35.71,90,233241,233748
[Recv] <<< 23:c9:cc:4b:a0:3a,6799,-43,4236,55.07,35.71,34,233275,233782
[Recv] <<< 23:c9:cc:4b:a0:3a,6800,-46,4237,55.07,35.71,37,233312,233819
[Recv] <<< 23:c9:cc:4b:a0:3a,6801,-45,4238,55.06,35.71,36,233348,233855
[Recv] <<< 23:c9:cc:4b:a0:3a,6802,-41,4239,55.06,35.71,35,233383,233890
[Recv] <<< 23:c9:cc:4b:a0:3a,6803,-35,4240,55.05,35.71,22,233405,233912
[Recv] <<< 23:c9:cc:4b:a0:3a,6805,-32,4241,55.05,35.71,64,233469,233976
[Recv] <<< 23:c9:cc:4b:a0:3a,6806,-32,4242,55.05,35.71,32,233501,234008
[Recv] <<< 23:c9:cc:4b:a0:3a,6807,-32,4243,55.04,35.71,33,233534,234041
[Recv] <<< 23:c9:cc:4b:a0:3a,6808,-32,4244,55.04,35.71,37,233571,234078
[Recv] <<< 23:c9:cc:4b:a0:3a,6809,-32,4245,55.03,35.71,31,233602,234109
[Recv] <<< 23:c9:cc:4b:a0:3a,6810,-32,4246,55.02,35.71,31,233633,234140
[Recv] <<< 23:c9:cc:4b:a0:3a,6811,-32,4247,55.02,35.71,39,233672,234179
[Recv] <<< 23:c9:cc:4b:a0:3a,6812,-45,4248,55.01,35.71,26,233698,234205
[Recv] <<< 23:c9:cc:4b:a0:3a,6813,-45,4249,55.01,35.71,31,233729,234236
[Recv] <<< 23:c9:cc:4b:a0:3a,6814,-41,4250,55.00,35.71,34,233763,234270
[Recv] <<< 23:c9:cc:4b:a0:3a,6815,-41,4251,55.00,35.71,41,233804,234311
[Recv] <<< 23:c9:cc:4b:a0:3a,6816,-41,4252,54.99,35.71,30,233834,234341
[Recv] <<< 23:c9:cc:4b:a0:3a,6817,-41,4253,54.99,35.70,30,233864,234371
[Recv] <<< 23:c9:cc:4b:a0:3a,6823,-36,4254,55.02,35.70,192,234056,234563
[Recv] <<< 23:c9:cc:4b:a0:3a,6824,-32,4255,55.02,35.70,39,234095,234602
[Recv] <<< 23:c9:cc:4b:a0:3a,6825,-32,4256,55.01,35.70,27,234122,234629
[Recv] <<< 23:c9:cc:4b:a0:3a,6826,-36,4257,55.01,35.70,43,234165,234672
[Recv] <<< 23:c9:cc:4b:a0:3a,6828,-36,4258,55.01,35.70,66,234231,234738
[Recv] <<< 23:c9:cc:4b:a0:3a,6829,-36,4259,55.00,35.70,32,234263,234770
[Recv] <<< 23:c9:cc:4b:a0:3a,6830,-36,4260,55.00,35.70,42,234305,234812
[Recv] <<< 23:c9:cc:4b:a0:3a,6831,-35,4261,54.99,35.70,26,234331,234838
[Recv] <<< 23:c9:cc:4b:a0:3a,6832,-36,4262,54.99,35.70,31,234362,234869
[Recv] <<< 23:c9:cc:4b:a0:3a,6833,-35,4263,54.98,35.70,36,234398,234905
[Recv] <<< 23:c9:cc:4b:a0:3a,6834,-35,4264,54.98,35.70,38,234436,234943
[Recv] <<< 23:c9:cc:4b:a0:3a,6835,-33,4265,54.98,35.70,35,234471,234978
[Recv] <<< 23:c9:cc:4b:a0:3a,6838,-32,4266,54.98,35.70,95,234566,235073
[Recv] <<< 23:c9:cc:4b:a0:3a,6839,-32,4267,54.98,35.70,40,234606,235113
[Recv] <<< 23:c9:cc:4b:a0:3a,6842,-33,4268,54.99,35.70,96,234702,235209
[Recv] <<< 23:c9:cc:4b:a0:3a,6843,-41,4269,54.99,35.70,33,234735,235242
[Recv] <<< 23:c9:cc:4b:a0:3a,6844,-41,4270,54.98,35.70,35,234770,235277
[Recv] <<< 23:c9:cc:4b:a0:3a,6846,-35,4271,54.98,35.69,63,234833,235340
[Recv] <<< 23:c9:cc:4b:a0:3a,6868,-41,4272,55.15,35.69,758,235591,236098
[Recv] <<< 23:c9:cc:4b:a0:3a,6870,-35,4273,55.15,35.69,59,235650,236157
[Recv] <<< 23:c9:cc:4b:a0:3a,6871,-36,4274,55.14,35.69,31,235681,236188
[Recv] <<< 23:c9:cc:4b:a0:3a,6872,-36,4275,55.14,35.69,34,235715,236222
[Recv] <<< 23:c9:cc:4b:a0:3a,6873,-35,4276,55.14,35.69,43,235758,236265
[Recv] <<< 23:c9:cc:4b:a0:3a,6874,-35,4277,55.13,35.69,28,235786,236293
[Recv] <<< 23:c9:cc:4b:a0:3a,6876,-32,4278,55.13,35.69,67,235853,236360
[Recv] <<< 23:c9:cc:4b:a0:3a,6877,-32,4279,55.12,35.69,26,235879,236386
[Recv] <<< 23:c9:cc:4b:a0:3a,6879,-32,4280,55.13,35.69,71,235950,236457
[Recv] <<< 23:c9:cc:4b:a0:3a,6881,-41,4281,55.13,35.68,61,236011,236518
[Recv] <<< 23:c9:cc:4b:a0:3a,6882,-41,4282,55.12,35.68,32,236043,236550
[Recv] <<< 23:c9:cc:4b:a0:3a,6883,-41,4283,55.12,35.68,31,236074,236581
[Recv] <<< 23:c9:cc:4b:a0:3a,6888,-35,4284,55.14,35.68,166,236240,236747
[Recv] <<< 23:c9:cc:4b:a0:3a,6889,-36,4285,55.14,35.68,34,236274,236781
[Recv] <<< 23:c9:cc:4b:a0:3a,6893,-41,4286,55.16,35.68,150,236424,236931
[Recv] <<< 23:c9:cc:4b:a0:3a,6894,-32,4287,55.16,35.68,42,236466,236973
[Recv] <<< 23:c9:cc:4b:a0:3a,6895,-32,4288,55.15,35.68,34,236500,237007
[Recv] <<< 23:c9:cc:4b:a0:3a,6896,-32,4289,55.15,35.68,32,236532,237039
[Recv] <<< 23:c9:cc:4b:a0:3a,6897,-32,4290,55.14,35.68,30,236562,237069
[Recv] <<< 23:c9:cc:4b:a0:3a,6899,-41,4291,55.15,35.68,67,236629,237136
[Recv] <<< 23:c9:cc:4b:a0:3a,6900,-41,4292,55.14,35.68,29,236658,237165
[Recv] <<< 23:c9:cc:4b:a0:3a,6901,-41,4293,55.14,35.68,41,236699,237206
[Recv] <<< 23:c9:cc:4b:a0:3a,6902,-45,4294,55.13,35.68,34,236733,237240
[Recv] <<< 23:c9:cc:4b:a0:3a,6903,-36,4295,55.12,35.68,23,236756,237263
[Recv] <<< 23:c9:cc:4b:a0:3a,6904,-35,4296,55.12,35.68,39,236795,237302
[Recv] <<< 23:c9:cc:4b:a0:3a,6905,-35,4297,55.11,35.68,26,236821,237328
[Recv] <<< 23:c9:cc:4b:a0:3a,6906,-36,4298,55.11,35.68,42,236863,237370
[Recv] <<< 23:c9:cc:4b:a0:3a,6907,-36,4299,55.10,35.68,27,236890,237397
[Recv] <<< 23:c9:cc:4b:a0:3a,6908,-38,4300,55.10,35.68,35,236925,237432
[Recv] <<< 23:c9:cc:4b:a0:3a,6911,-36,4301,55.11,35.68,105,237030,237537
[Recv] <<< 23:c9:cc:4b:a0:3a,6912,-36,4302,55.11,35.68,33,237063,237570
[Recv] <<< 23:c9:cc:4b:a0:3a,6913,-41,4303,55.10,35.68,39,237102,237609
[Recv] <<< 23:c9:cc:4b:a0:3a,6914,-45,4304,55.10,35.68,34,237136,237643
[Recv] <<< 23:c9:cc:4b:a0:3a,6916,-35,4305,55.10,35.67,55,237191,237698
[Recv] <<< 23:c9:cc:4b:a0:3a,6917,-46,4306,55.09,35.67,42,237233,237740
[Recv] <<< 23:c9:cc:4b:a0:3a,6920,-45,4307,55.11,35.67,105,237338,237845
[Recv] <<< 23:c9:cc:4b:a0:3a,6921,-41,4308,55.10,35.67,31,237369,237876
[Recv] <<< 23:c9:cc:4b:a0:3a,6922,-42,4309,55.09,35.67,32,237401,237908
[Recv] <<< 23:c9:cc:4b:a0:3a,6923,-41,4310,55.09,35.67,39,237440,237947
[Recv] <<< 23:c9:cc:4b:a0:3a,6924,-35,4311,55.08,35.67,25,237465,237972
[Recv] <<< 23:c9:cc:4b:a0:3a,6925,-41,4312,55.08,35.67,37,237502,238009
[Recv] <<< 23:c9:cc:4b:a0:3a,6929,-41,4313,55.10,35.67,141,237643,238150
[Recv] <<< 23:c9:cc:4b:a0:3a,6930,-41,4314,55.09,35.67,27,237670,238177
[Recv] <<< 23:c9:cc:4b:a0:3a,6931,-33,4315,55.09,35.67,45,237715,238222
[Recv] <<< 23:c9:cc:4b:a0:3a,6932,-32,4316,55.08,35.67,31,237746,238253
[Recv] <<< 23:c9:cc:4b:a0:3a,6933,-32,4317,55.08,35.67,32,237778,238285
[Recv] <<< 23:c9:cc:4b:a0:3a,6935,-33,4318,55.08,35.67,73,237851,238358
[Recv] <<< 23:c9:cc:4b:a0:3a,6936,-32,4319,55.08,35.67,25,237876,238383
[Recv] <<< 23:c9:cc:4b:a0:3a,6937,-32,4320,55.07,35.67,35,237911,238418
[Recv] <<< 23:c9:cc:4b:a0:3a,6938,-32,4321,55.07,35.67,35,237946,238453
[Recv] <<< 23:c9:cc:4b:a0:3a,6939,-32,4322,55.06,35.67,33,237979,238486
[Recv] <<< 23:c9:cc:4b:a0:3a,6940,-32,4323,55.06,35.67,31,238010,238517
[Recv] <<< 23:c9:cc:4b:a0:3a,6941,-32,4324,55.05,35.67,29,238039,238546
[Recv] <<< 23:c9:cc:4b:a0:3a,6942,-41,4325,55.04,35.67,30,238069,238576
[Recv] <<< 23:c9:cc:4b:a0:3a,6944,-41,4326,55.05,35.66,66,238135,238642
[Recv] <<< 23:c9:cc:4b:a0:3a,6945,-48,4327,55.04,35.66,32,238167,238674
[Recv] <<< 23:c9:cc:4b:a0:3a,6946,-41,4328,55.04,35.66,37,238204,238711
[Recv] <<< 23:c9:cc:4b:a0:3a,6947,-41,4329,55.03,35.66,26,238230,238737
[Recv] <<< 23:c9:cc:4b:a0:3a,6948,-41,4330,55.03,35.66,39,238269,238776
[Recv] <<< 23:c9:cc:4b:a0:3a,6949,-41,4331,55.02,35.66,36,238305,238812
[Recv] <<< 23:c9:cc:4b:a0:3a,6950,-41,4332,55.02,35.66,36,238341,238848
[Recv] <<< 23:c9:cc:4b:a0:3a,6951,-41,4333,55.01,35.66,38,238379,238886
[Recv] <<< 23:c9:cc:4b:a0:3a,6953,-47,4334,55.02,35.66,64,238443,238950
[Recv] <<< 23:c9:cc:4b:a0:3a,6955,-41,4335,55.02,35.66,67,238510,239017
[Recv] <<< 23:c9:cc:4b:a0:3a,6956,-41,4336,55.01,35.66,35,238545,239052
[Recv] <<< 23:c9:cc:4b:a0:3a,6957,-41,4337,55.01,35.66,31,238576,239083
[Recv] <<< 23:c9:cc:4b:a0:3a,6958,-41,4338,55.00,35.66,34,238610,239117
[Recv] <<< 23:c9:cc:4b:a0:3a,6959,-41,4339,55.00,35.66,39,238649,239156
[Recv] <<< 23:c9:cc:4b:a0:3a,6960,-45,4340,55.00,35.66,32,238681,239188
[Recv] <<< 23:c9:cc:4b:a0:3a,6962,-41,4341,55.00,35.66,67,238748,239255
[Recv] <<< 23:c9:cc:4b:a0:3a,6963,-36,4342,54.99,35.66,34,238782,239289
[Recv] <<< 23:c9:cc:4b:a0:3a,6964,-36,4343,54.99,35.66,30,238812,239319
[Recv] <<< 23:c9:cc:4b:a0:3a,6965,-36,4344,54.98,35.66,28,238840,239347
[Recv] <<< 23:c9:cc:4b:a0:3a,6966,-36,4345,54.98,35.66,29,238869,239376
[Recv] <<< 23:c9:cc:4b:a0:3a,6967,-36,4346,54.97,35.66,48,238917,239424
[Recv] <<< 23:c9:cc:4b:a0:3a,6968,-35,4347,54.97,35.66,23,238940,239447
[Recv] <<< 23:c9:cc:4b:a0:3a,6969,-38,4348,54.96,35.66,39,238979,239486
[Recv] <<< 23:c9:cc:4b:a0:3a,6970,-36,4349,54.96,35.66,33,239012,239519
[Recv] <<< 23:c9:cc:4b:a0:3a,6971,-32,4350,54.95,35.66,31,239043,239550
[Recv] <<< 23:c9:cc:4b:a0:3a,6972,-34,4351,54.95,35.66,31,239074,239581
[Recv] <<< 23:c9:cc:4b:a0:3a,6973,-36,4352,54.94,35.66,41,239115,239622
[Recv] <<< 23:c9:cc:4b:a0:3a,6974,-36,4353,54.94,35.66,35,239150,239657
[Recv] <<< 23:c9:cc:4b:a0:3a,6975,-32,4354,54.93,35.66,31,239181,239688
[Recv] <<< 23:c9:cc:4b:a0:3a,6976,-35,4355,54.93,35.66,39,239220,239727
[Recv] <<< 23:c9:cc:4b:a0:3a,6977,-36,4356,54.93,35.66,42,239262,239769
[Recv] <<< 23:c9:cc:4b:a0:3a,6979,-33,4357,54.93,35.66,61,239323,239830
[Recv] <<< 23:c9:cc:4b:a0:3a,6980,-35,4358,54.92,35.66,36,239359,239866
[Recv] <<< 23:c9:cc:4b:a0:3a,6981,-36,4359,54.92,35.66,29,239388,239895
[Recv] <<< 23:c9:cc:4b:a0:3a,6982,-36,4360,54.92,35.66,43,239431,239938
[Recv] <<< 23:c9:cc:4b:a0:3a,6983,-36,4361,54.91,35.66,32,239463,239970
[Recv] <<< 23:c9:cc:4b:a0:3a,6984,-35,4362,54.91,35.66,39,239502,240009
[Recv] <<< 23:c9:cc:4b:a0:3a,6985,-35,4363,54.90,35.66,33,239535,240042
[Recv] <<< 23:c9:cc:4b:a0:3a,6987,-36,4364,54.90,35.65,66,239601,240108
[Recv] <<< 23:c9:cc:4b:a0:3a,6988,-36,4365,54.90,35.65,34,239635,240142
[Recv] <<< 23:c9:cc:4b:a0:3a,6989,-36,4366,54.89,35.65,35,239670,240177
[Recv] <<< 23:c9:cc:4b:a0:3a,6990,-35,4367,54.89,35.65,31,239701,240208
[Recv] <<< 23:c9:cc:4b:a0:3a,6991,-35,4368,54.88,35.65,31,239732,240239
[Recv] <<< 23:c9:cc:4b:a0:3a,6992,-36,4369,54.88,35.65,35,239767,240274
[Recv] <<< 23:c9:cc:4b:a0:3a,6993,-36,4370,54.88,35.65,37,239804,240311
[Recv] <<< 23:c9:cc:4b:a0:3a,6994,-35,4371,54.87,35.65,39,239843,240350
[Recv] <<< 23:c9:cc:4b:a0:3a,6996,-38,4372,54.87,35.65,63,239906,240413
[Recv] <<< 23:c9:cc:4b:a0:3a,6997,-36,4373,54.87,35.65,39,239945,240452
[Recv] <<< 23:c9:cc:4b:a0:3a,6998,-36,4374,54.86,35.65,27,239972,240479
[Recv] <<< 23:c9:cc:4b:a0:3a,6999,-36,4375,54.86,35.65,31,240003,240510
[Recv] <<< 23:c9:cc:4b:a0:3a,7000,-36,4376,54.85,35.65,32,240035,240542
[Recv] <<< 23:c9:cc:4b:a0:3a,7001,-36,4377,54.85,35.65,31,240066,240573
[Recv] <<< 23:c9:cc:4b:a0:3a,7002,-36,4378,54.84,35.65,35,240101,240608
[Recv] <<< 23:c9:cc:4b:a0:3a,7004,-32,4379,54.85,35.65,68,240169,240676
[Recv] <<< 23:c9:cc:4b:a0:3a,7005,-32,4380,54.84,35.65,26,240195,240702
[Recv] <<< 23:c9:cc:4b:a0:3a,7006,-32,4381,54.84,35.65,39,240234,240741
[Recv] <<< 23:c9:cc:4b:a0:3a,7007,-33,4382,54.83,35.65,34,240268,240775
[Recv] <<< 23:c9:cc:4b:a0:3a,7009,-32,4383,54.83,35.65,65,240333,240840
[Recv] <<< 23:c9:cc:4b:a0:3a,7010,-41,4384,54.83,35.65,33,240366,240873
[Recv] <<< 23:c9:cc:4b:a0:3a,7011,-42,4385,54.82,35.65,29,240395,240902
[Recv] <<< 23:c9:cc:4b:a0:3a,7012,-38,4386,54.82,35.65,31,240426,240933
[Recv] <<< 23:c9:cc:4b:a0:3a,7013,-36,4387,54.81,35.64,33,240459,240966
[Recv] <<< 23:c9:cc:4b:a0:3a,7014,-36,4388,54.81,35.64,31,240490,240997
[Recv] <<< 23:c9:cc:4b:a0:3a,7015,-35,4389,54.80,35.64,36,240526,241033
[Recv] <<< 23:c9:cc:4b:a0:3a,7016,-36,4390,54.80,35.64,31,240557,241064
[Recv] <<< 23:c9:cc:4b:a0:3a,7019,-35,4391,54.81,35.64,110,240667,241174
[Recv] <<< 23:c9:cc:4b:a0:3a,7020,-36,4392,54.80,35.64,29,240696,241203
[Recv] <<< 23:c9:cc:4b:a0:3a,7021,-33,4393,54.80,35.64,41,240737,241244
[Recv] <<< 23:c9:cc:4b:a0:3a,7022,-35,4394,54.79,35.64,31,240768,241275
[Recv] <<< 23:c9:cc:4b:a0:3a,7023,-36,4395,54.79,35.64,35,240803,241310
[Recv] <<< 23:c9:cc:4b:a0:3a,7026,-32,4396,54.80,35.64,95,240898,241405
[Recv] <<< 23:c9:cc:4b:a0:3a,7027,-32,4397,54.79,35.64,34,240932,241439
[Recv] <<< 23:c9:cc:4b:a0:3a,7029,-37,4398,54.80,35.64,76,241008,241515
[Recv] <<< 23:c9:cc:4b:a0:3a,7030,-42,4399,54.80,35.64,39,241047,241554
[Recv] <<< 23:c9:cc:4b:a0:3a,7031,-41,4400,54.79,35.64,36,241083,241590
[Recv] <<< 23:c9:cc:4b:a0:3a,7032,-41,4401,54.78,35.64,25,241108,241615
[Recv] <<< 23:c9:cc:4b:a0:3a,7033,-35,4402,54.78,35.64,38,241146,241653
[Recv] <<< 23:c9:cc:4b:a0:3a,7037,-35,4403,54.80,35.64,130,241276,241783
[Recv] <<< 23:c9:cc:4b:a0:3a,7038,-32,4404,54.79,35.64,30,241306,241813
[Recv] <<< 23:c9:cc:4b:a0:3a,7039,-33,4405,54.79,35.64,34,241340,241847
[Recv] <<< 23:c9:cc:4b:a0:3a,7040,-32,4406,54.78,35.64,33,241373,241880
[Recv] <<< 23:c9:cc:4b:a0:3a,7041,-32,4407,54.78,35.64,34,241407,241914
[Recv] <<< 23:c9:cc:4b:a0:3a,7042,-32,4408,54.77,35.64,39,241446,241953
[Recv] <<< 23:c9:cc:4b:a0:3a,7043,-32,4409,54.77,35.64,33,241479,241986
[Recv] <<< 23:c9:cc:4b:a0:3a,7044,-33,4410,54.76,35.64,27,241506,242013
[Recv] <<< 23:c9:cc:4b:a0:3a,7045,-45,4411,54.76,35.64,33,241539,242046
[Recv] <<< 23:c9:cc:4b:a0:3a,7047,-32,4412,54.76,35.64,71,241610,242117
[Recv] <<< 23:c9:cc:4b:a0:3a,7049,-32,4413,54.77,35.64,72,241682,242189
[Recv] <<< 23:c9:cc:4b:a0:3a,7050,-32,4414,54.76,35.63,29,241711,242218
[Recv] <<< 23:c9:cc:4b:a0:3a,7051,-32,4415,54.76,35.63,35,241746,242253
[Recv] <<< 23:c9:cc:4b:a0:3a,7052,-41,4416,54.75,35.63,33,241779,242286
[Recv] <<< 23:c9:cc:4b:a0:3a,7053,-42,4417,54.75,35.63,31,241810,242317
[Recv] <<< 23:c9:cc:4b:a0:3a,7054,-41,4418,54.74,35.63,26,241836,242343
[Recv] <<< 23:c9:cc:4b:a0:3a,7055,-32,4419,54.74,35.63,46,241882,242389
[Recv] <<< 23:c9:cc:4b:a0:3a,7056,-32,4420,54.73,35.63,33,241915,242422
[Recv] <<< 23:c9:cc:4b:a0:3a,7057,-32,4421,54.73,35.63,35,241950,242457
[Recv] <<< 23:c9:cc:4b:a0:3a,7058,-32,4422,54.72,35.63,30,241980,242487
[Recv] <<< 23:c9:cc:4b:a0:3a,7059,-32,4423,54.72,35.63,38,242018,242525
[Recv] <<< 23:c9:cc:4b:a0:3a,7061,-32,4424,54.72,35.63,72,242090,242597
[Recv] <<< 23:c9:cc:4b:a0:3a,7062,-33,4425,54.72,35.63,32,242122,242629
[Recv] <<< 23:c9:cc:4b:a0:3a,7063,-41,4426,54.71,35.63,32,242154,242661
[Recv] <<< 23:c9:cc:4b:a0:3a,7065,-41,4427,54.71,35.63,68,242222,242729
[Recv] <<< 23:c9:cc:4b:a0:3a,7066,-32,4428,54.71,35.63,42,242264,242771
[Recv] <<< 23:c9:cc:4b:a0:3a,7067,-32,4429,54.71,35.63,29,242293,242800
[Recv] <<< 23:c9:cc:4b:a0:3a,7069,-41,4430,54.71,35.63,70,242363,242870
[Recv] <<< 23:c9:cc:4b:a0:3a,7071,-45,4431,54.71,35.63,70,242433,242940
[Recv] <<< 23:c9:cc:4b:a0:3a,7072,-46,4432,54.71,35.63,31,242464,242971
[Recv] <<< 23:c9:cc:4b:a0:3a,7073,-32,4433,54.70,35.63,43,242507,243014
[Recv] <<< 23:c9:cc:4b:a0:3a,7074,-32,4434,54.70,35.63,35,242542,243049
[Recv] <<< 23:c9:cc:4b:a0:3a,7076,-32,4435,54.71,35.63,76,242618,243125
[Recv] <<< 23:c9:cc:4b:a0:3a,7077,-32,4436,54.70,35.63,37,242655,243162
[Recv] <<< 23:c9:cc:4b:a0:3a,7078,-32,4437,54.69,35.63,23,242678,243185
[Recv] <<< 23:c9:cc:4b:a0:3a,7079,-32,4438,54.69,35.63,38,242716,243223
[Recv] <<< 23:c9:cc:4b:a0:3a,7080,-32,4439,54.69,35.63,35,242751,243258
[Recv] <<< 23:c9:cc:4b:a0:3a,7081,-41,4440,54.68,35.63,26,242777,243284
[Recv] <<< 23:c9:cc:4b:a0:3a,7083,-41,4441,54.68,35.63,73,242850,243357
[Recv] <<< 23:c9:cc:4b:a0:3a,7089,-32,4442,54.72,35.63,222,243072,243579
[Recv] <<< 23:c9:cc:4b:a0:3a,7090,-32,4443,54.71,35.63,26,243098,243605
[Recv] <<< 23:c9:cc:4b:a0:3a,7091,-33,4444,54.71,35.63,36,243134,243641
[Recv] <<< 23:c9:cc:4b:a0:3a,7092,-32,4445,54.71,35.63,38,243172,243679
[Recv] <<< 23:c9:cc:4b:a0:3a,7094,-41,4446,54.71,35.63,56,243228,243735
[Recv] <<< 23:c9:cc:4b:a0:3a,7095,-41,4447,54.70,35.63,30,243258,243765
[Recv] <<< 23:c9:cc:4b:a0:3a,7096,-41,4448,54.70,35.63,39,243297,243804
[Recv] <<< 23:c9:cc:4b:a0:3a,7099,-36,4449,54.71,35.62,92,243389,243896
[Recv] <<< 23:c9:cc:4b:a0:3a,7100,-36,4450,54.70,35.62,31,243420,243927
[Recv] <<< 23:c9:cc:4b:a0:3a,7102,-36,4451,54.71,35.63,79,243499,244006
[Recv] <<< 23:c9:cc:4b:a0:3a,7105,-36,4452,54.72,35.62,102,243601,244108
[Recv] <<< 23:c9:cc:4b:a0:3a,7106,-33,4453,54.71,35.62,29,243630,244137
[Recv] <<< 23:c9:cc:4b:a0:3a,7107,-35,4454,54.71,35.62,37,243667,244174
[Recv] <<< 23:c9:cc:4b:a0:3a,7109,-35,4455,54.71,35.62,69,243736,244243
[Recv] <<< 23:c9:cc:4b:a0:3a,7110,-36,4456,54.71,35.62,31,243767,244274
[Recv] <<< 23:c9:cc:4b:a0:3a,7111,-35,4457,54.70,35.62,38,243805,244312
[Recv] <<< 23:c9:cc:4b:a0:3a,7112,-35,4458,54.70,35.62,31,243836,244343
[Recv] <<< 23:c9:cc:4b:a0:3a,7114,-36,4459,54.70,35.62,72,243908,244415
[Recv] <<< 23:c9:cc:4b:a0:3a,7115,-36,4460,54.70,35.62,33,243941,244448
[Recv] <<< 23:c9:cc:4b:a0:3a,7116,-32,4461,54.69,35.62,31,243972,244479
[Recv] <<< 23:c9:cc:4b:a0:3a,7117,-32,4462,54.69,35.62,34,244006,244513
[Recv] <<< 23:c9:cc:4b:a0:3a,7118,-32,4463,54.68,35.62,38,244044,244551
[Recv] <<< 23:c9:cc:4b:a0:3a,7119,-32,4464,54.68,35.62,37,244081,244588
[Recv] <<< 23:c9:cc:4b:a0:3a,7120,-32,4465,54.67,35.62,23,244104,244611
[Recv] <<< 23:c9:cc:4b:a0:3a,7121,-32,4466,54.67,35.62,39,244143,244650
[Recv] <<< 23:c9:cc:4b:a0:3a,7122,-32,4467,54.66,35.62,32,244175,244682
[Recv] <<< 23:c9:cc:4b:a0:3a,7124,-41,4468,54.66,35.62,60,244235,244742
[Recv] <<< 23:c9:cc:4b:a0:3a,7125,-41,4469,54.66,35.62,31,244266,244773
[Recv] <<< 23:c9:cc:4b:a0:3a,7126,-36,4470,54.65,35.62,33,244299,244806
[Recv] <<< 23:c9:cc:4b:a0:3a,7127,-38,4471,54.65,35.62,33,244332,244839
[Recv] <<< 23:c9:cc:4b:a0:3a,7128,-38,4472,54.64,35.62,38,244370,244877
[Recv] <<< 23:c9:cc:4b:a0:3a,7130,-41,4473,54.65,35.62,68,244438,244945
[Recv] <<< 23:c9:cc:4b:a0:3a,7131,-41,4474,54.64,35.62,37,244475,244982
[Recv] <<< 23:c9:cc:4b:a0:3a,7133,-41,4475,54.65,35.62,78,244553,245060
[Recv] <<< 23:c9:cc:4b:a0:3a,7134,-41,4476,54.64,35.62,30,244583,245090
[Recv] <<< 23:c9:cc:4b:a0:3a,7136,-41,4477,54.65,35.62,76,244659,245166
[Recv] <<< 23:c9:cc:4b:a0:3a,7138,-41,4478,54.65,35.62,67,244726,245233
[Recv] <<< 23:c9:cc:4b:a0:3a,7140,-41,4479,54.65,35.62,73,244799,245306
[Recv] <<< 23:c9:cc:4b:a0:3a,7142,-42,4480,54.66,35.62,68,244867,245374
[Recv] <<< 23:c9:cc:4b:a0:3a,7143,-41,4481,54.65,35.62,31,244898,245405
[Recv] <<< 23:c9:cc:4b:a0:3a,7145,-41,4482,54.66,35.62,69,244967,245474
[Recv] <<< 23:c9:cc:4b:a0:3a,7146,-41,4483,54.65,35.62,32,244999,245506
[Recv] <<< 23:c9:cc:4b:a0:3a,7148,-36,4484,54.65,35.61,62,245061,245568
[Recv] <<< 23:c9:cc:4b:a0:3a,7152,-36,4485,54.67,35.61,135,245196,245703
[Recv] <<< 23:c9:cc:4b:a0:3a,7153,-32,4486,54.67,35.61,34,245230,245737
[Recv] <<< 23:c9:cc:4b:a0:3a,7154,-32,4487,54.66,35.61,31,245261,245768
[Recv] <<< 23:c9:cc:4b:a0:3a,7155,-32,4488,54.66,35.61,33,245294,245801
[Recv] <<< 23:c9:cc:4b:a0:3a,7156,-32,4489,54.65,35.61,33,245327,245834
[Recv] <<< 23:c9:cc:4b:a0:3a,7157,-32,4490,54.65,35.61,33,245360,245867
[Recv] <<< 23:c9:cc:4b:a0:3a,7158,-32,4491,54.64,35.61,37,245397,245904
[Recv] <<< 23:c9:cc:4b:a0:3a,7160,-41,4492,54.64,35.61,64,245461,245968
[Recv] <<< 23:c9:cc:4b:a0:3a,7161,-32,4493,54.64,35.61,33,245494,246001
[Recv] <<< 23:c9:cc:4b:a0:3a,7162,-32,4494,54.64,35.61,40,245534,246041
[Recv] <<< 23:c9:cc:4b:a0:3a,7163,-32,4495,54.63,35.61,31,245565,246072
[Recv] <<< 23:c9:cc:4b:a0:3a,7165,-36,4496,54.64,35.61,84,245649,246156
[Recv] <<< 23:c9:cc:4b:a0:3a,7166,-35,4497,54.63,35.61,34,245683,246190
[Recv] <<< 23:c9:cc:4b:a0:3a,7168,-35,4498,54.64,35.61,76,245759,246266
[Recv] <<< 23:c9:cc:4b:a0:3a,7169,-36,4499,54.63,35.61,38,245797,246304
[Recv] <<< 23:c9:cc:4b:a0:3a,7170,-35,4500,54.63,35.61,31,245828,246335
[Recv] <<< 23:c9:cc:4b:a0:3a,7171,-41,4501,54.63,35.61,44,245872,246379
[Recv] <<< 23:c9:cc:4b:a0:3a,7172,-41,4502,54.62,35.61,37,245909,246416
[Recv] <<< 23:c9:cc:4b:a0:3a,7173,-41,4503,54.62,35.61,36,245945,246452
[Recv] <<< 23:c9:cc:4b:a0:3a,7175,-36,4504,54.62,35.61,54,245999,246506
[Recv] <<< 23:c9:cc:4b:a0:3a,7176,-35,4505,54.61,35.61,34,246033,246540
[Recv] <<< 23:c9:cc:4b:a0:3a,7177,-35,4506,54.61,35.61,35,246068,246575
[Recv] <<< 23:c9:cc:4b:a0:3a,7178,-35,4507,54.60,35.61,34,246102,246609
[Recv] <<< 23:c9:cc:4b:a0:3a,7179,-36,4508,54.60,35.61,41,246143,246650
[Recv] <<< 23:c9:cc:4b:a0:3a,7180,-41,4509,54.60,35.61,32,246175,246682
[Recv] <<< 23:c9:cc:4b:a0:3a,7181,-41,4510,54.59,35.61,37,246212,246719
[Recv] <<< 23:c9:cc:4b:a0:3a,7183,-44,4511,54.60,35.61,69,246281,246788
[Recv] <<< 23:c9:cc:4b:a0:3a,7186,-36,4512,54.61,35.61,100,246381,246888
[Recv] <<< 23:c9:cc:4b:a0:3a,7187,-32,4513,54.60,35.61,29,246410,246917
[Recv] <<< 23:c9:cc:4b:a0:3a,7188,-32,4514,54.60,35.61,39,246449,246956
[Recv] <<< 23:c9:cc:4b:a0:3a,7189,-32,4515,54.59,35.61,33,246482,246989
[Recv] <<< 23:c9:cc:4b:a0:3a,7190,-32,4516,54.59,35.61,26,246508,247015
[Recv] <<< 23:c9:cc:4b:a0:3a,7191,-32,4517,54.58,35.61,43,246551,247058
[Recv] <<< 23:c9:cc:4b:a0:3a,7195,-32,4518,54.60,35.61,146,246697,247204
[Recv] <<< 23:c9:cc:4b:a0:3a,7197,-32,4519,54.61,35.61,65,246762,247269
[Recv] <<< 23:c9:cc:4b:a0:3a,7198,-32,4520,54.60,35.61,39,246801,247308
[Recv] <<< 23:c9:cc:4b:a0:3a,7199,-32,4521,54.60,35.61,27,246828,247335
[Recv] <<< 23:c9:cc:4b:a0:3a,7200,-32,4522,54.59,35.61,38,246866,247373
[Recv] <<< 23:c9:cc:4b:a0:3a,7202,-38,4523,54.60,35.61,80,246946,247453
[Recv] <<< 23:c9:cc:4b:a0:3a,7203,-41,4524,54.59,35.61,40,246986,247493
[Recv] <<< 23:c9:cc:4b:a0:3a,7204,-46,4525,54.59,35.61,33,247019,247526
[Recv] <<< 23:c9:cc:4b:a0:3a,7205,-41,4526,54.59,35.61,40,247059,247566
[Recv] <<< 23:c9:cc:4b:a0:3a,7206,-41,4527,54.58,35.61,31,247090,247597
[Recv] <<< 23:c9:cc:4b:a0:3a,7209,-35,4528,54.59,35.61,96,247186,247693
[Recv] <<< 23:c9:cc:4b:a0:3a,7210,-35,4529,54.59,35.61,33,247219,247726
[Recv] <<< 23:c9:cc:4b:a0:3a,7211,-35,4530,54.58,35.61,35,247254,247761
[Recv] <<< 23:c9:cc:4b:a0:3a,7213,-41,4531,54.59,35.61,77,247331,247838
[Recv] <<< 23:c9:cc:4b:a0:3a,7214,-41,4532,54.58,35.61,32,247363,247870
[Recv] <<< 23:c9:cc:4b:a0:3a,7215,-35,4533,54.58,35.61,39,247402,247909
[Recv] <<< 23:c9:cc:4b:a0:3a,7216,-35,4534,54.57,35.61,25,247427,247934
[Recv] <<< 23:c9:cc:4b:a0:3a,7218,-36,4535,54.57,35.61,70,247497,248004
[Recv] <<< 23:c9:cc:4b:a0:3a,7219,-38,4536,54.57,35.61,36,247533,248040
[Recv] <<< 23:c9:cc:4b:a0:3a,7220,-32,4537,54.57,35.61,29,247562,248069
[Recv] <<< 23:c9:cc:4b:a0:3a,7223,-41,4538,54.58,35.61,120,247682,248189
[Recv] <<< 23:c9:cc:4b:a0:3a,7224,-41,4539,54.58,35.61,37,247719,248226
[Recv] <<< 23:c9:cc:4b:a0:3a,7225,-36,4540,54.57,35.61,31,247750,248257
[Recv] <<< 23:c9:cc:4b:a0:3a,7226,-33,4541,54.56,35.61,29,247779,248286
[Recv] <<< 23:c9:cc:4b:a0:3a,7227,-36,4542,54.56,35.61,37,247816,248323
[Recv] <<< 23:c9:cc:4b:a0:3a,7228,-32,4543,54.56,35.61,32,247848,248355
[Recv] <<< 23:c9:cc:4b:a0:3a,7229,-32,4544,54.55,35.60,30,247878,248385
[Recv] <<< 23:c9:cc:4b:a0:3a,7230,-33,4545,54.55,35.60,35,247913,248420
[Recv] <<< 23:c9:cc:4b:a0:3a,7231,-32,4546,54.54,35.60,37,247950,248457
[Recv] <<< 23:c9:cc:4b:a0:3a,7232,-32,4547,54.54,35.60,36,247986,248493
[Recv] <<< 23:c9:cc:4b:a0:3a,7233,-38,4548,54.54,35.61,43,248029,248536
[Recv] <<< 23:c9:cc:4b:a0:3a,7235,-36,4549,54.54,35.61,73,248102,248609
[Recv] <<< 23:c9:cc:4b:a0:3a,7236,-35,4550,54.54,35.61,38,248140,248647
[Recv] <<< 23:c9:cc:4b:a0:3a,7237,-37,4551,54.53,35.61,29,248169,248676
[Recv] <<< 23:c9:cc:4b:a0:3a,7238,-36,4552,54.52,35.60,28,248197,248704
[Recv] <<< 23:c9:cc:4b:a0:3a,7239,-36,4553,54.52,35.60,39,248236,248743
[Recv] <<< 23:c9:cc:4b:a0:3a,7240,-36,4554,54.52,35.61,38,248274,248781
[Recv] <<< 23:c9:cc:4b:a0:3a,7241,-41,4555,54.51,35.61,39,248313,248820
[Recv] <<< 23:c9:cc:4b:a0:3a,7242,-41,4556,54.51,35.60,31,248344,248851
[Recv] <<< 23:c9:cc:4b:a0:3a,7244,-46,4557,54.51,35.61,74,248418,248925
[Recv] <<< 23:c9:cc:4b:a0:3a,7245,-45,4558,54.51,35.60,29,248447,248954
[Recv] <<< 23:c9:cc:4b:a0:3a,7246,-41,4559,54.50,35.60,39,248486,248993
[Recv] <<< 23:c9:cc:4b:a0:3a,7248,-36,4560,54.51,35.60,64,248550,249057
[Recv] <<< 23:c9:cc:4b:a0:3a,7249,-36,4561,54.50,35.60,35,248585,249092
[Recv] <<< 23:c9:cc:4b:a0:3a,7250,-36,4562,54.50,35.60,33,248618,249125
[Recv] <<< 23:c9:cc:4b:a0:3a,7251,-36,4563,54.49,35.60,39,248657,249164
[Recv] <<< 23:c9:cc:4b:a0:3a,7253,-41,4564,54.50,35.61,80,248737,249244
[Recv] <<< 23:c9:cc:4b:a0:3a,7254,-41,4565,54.50,35.60,33,248770,249277
[Recv] <<< 23:c9:cc:4b:a0:3a,7256,-41,4566,54.50,35.60,66,248836,249343
[Recv] <<< 23:c9:cc:4b:a0:3a,7257,-41,4567,54.49,35.60,28,248864,249371
[Recv] <<< 23:c9:cc:4b:a0:3a,7258,-41,4568,54.49,35.60,34,248898,249405
[Recv] <<< 23:c9:cc:4b:a0:3a,7259,-32,4569,54.48,35.60,34,248932,249439
[Recv] <<< 23:c9:cc:4b:a0:3a,7260,-32,4570,54.48,35.60,39,248971,249478
[Recv] <<< 23:c9:cc:4b:a0:3a,7261,-33,4571,54.47,35.60,31,249002,249509
[Recv] <<< 23:c9:cc:4b:a0:3a,7262,-32,4572,54.47,35.60,41,249043,249550
[Recv] <<< 23:c9:cc:4b:a0:3a,7263,-36,4573,54.47,35.60,38,249081,249588
[Recv] <<< 23:c9:cc:4b:a0:3a,7264,-36,4574,54.46,35.60,29,249110,249617
[Recv] <<< 23:c9:cc:4b:a0:3a,7265,-35,4575,54.46,35.60,35,249145,249652
[Recv] <<< 23:c9:cc:4b:a0:3a,7266,-32,4576,54.45,35.60,26,249171,249678
[Recv] <<< 23:c9:cc:4b:a0:3a,7267,-36,4577,54.45,35.60,40,249211,249718
[Recv] <<< 23:c9:cc:4b:a0:3a,7268,-36,4578,54.45,35.60,40,249251,249758
[Recv] <<< 23:c9:cc:4b:a0:3a,7269,-37,4579,54.44,35.60,33,249284,249791
[Recv] <<< 23:c9:cc:4b:a0:3a,7270,-45,4580,54.44,35.60,31,249315,249822
[Recv] <<< 23:c9:cc:4b:a0:3a,7272,-38,4581,54.44,35.60,74,249389,249896
[Recv] <<< 23:c9:cc:4b:a0:3a,7273,-36,4582,54.43,35.60,32,249421,249928
[Recv] <<< 23:c9:cc:4b:a0:3a,7275,-38,4583,54.44,35.60,71,249492,249999
[Recv] <<< 23:c9:cc:4b:a0:3a,7276,-36,4584,54.43,35.60,30,249522,250029
[Recv] <<< 23:c9:cc:4b:a0:3a,7278,-35,4585,54.44,35.60,79,249601,250108
[Recv] <<< 23:c9:cc:4b:a0:3a,7280,-36,4586,54.44,35.60,77,249678,250185
[Recv] <<< 23:c9:cc:4b:a0:3a,7281,-35,4587,54.44,35.60,28,249706,250213
[Recv] <<< 23:c9:cc:4b:a0:3a,7282,-35,4588,54.43,35.60,34,249740,250247
[Recv] <<< 23:c9:cc:4b:a0:3a,7283,-35,4589,54.43,35.60,43,249783,250290
[Recv] <<< 23:c9:cc:4b:a0:3a,7284,-36,4590,54.43,35.60,34,249817,250324
[Recv] <<< 23:c9:cc:4b:a0:3a,7285,-38,4591,54.42,35.60,27,249844,250351
[Recv] <<< 23:c9:cc:4b:a0:3a,7286,-36,4592,54.42,35.60,34,249878,250385
[Recv] <<< 23:c9:cc:4b:a0:3a,7287,-32,4593,54.41,35.60,27,249905,250412
[Recv] <<< 23:c9:cc:4b:a0:3a,7288,-32,4594,54.41,35.60,36,249941,250448
[Recv] <<< 23:c9:cc:4b:a0:3a,7289,-33,4595,54.40,35.60,35,249976,250483
[Recv] <<< 23:c9:cc:4b:a0:3a,7290,-32,4596,54.40,35.60,36,250012,250519
[Recv] <<< 23:c9:cc:4b:a0:3a,7291,-35,4597,54.39,35.60,41,250053,250560
[Recv] <<< 23:c9:cc:4b:a0:3a,7293,-41,4598,54.40,35.60,75,250128,250635
[Recv] <<< 23:c9:cc:4b:a0:3a,7294,-41,4599,54.40,35.60,42,250170,250677
[Recv] <<< 23:c9:cc:4b:a0:3a,7296,-32,4600,54.40,35.60,76,250246,250753
[Recv] <<< 23:c9:cc:4b:a0:3a,7297,-32,4601,54.40,35.60,36,250282,250789
[Recv] <<< 23:c9:cc:4b:a0:3a,7298,-32,4602,54.39,35.60,32,250314,250821
[Recv] <<< 23:c9:cc:4b:a0:3a,7302,-32,4603,54.41,35.60,138,250452,250959
[Recv] <<< 23:c9:cc:4b:a0:3a,7303,-35,4604,54.41,35.60,38,250490,250997
[Recv] <<< 23:c9:cc:4b:a0:3a,7304,-38,4605,54.40,35.60,44,250534,251041
[Recv] <<< 23:c9:cc:4b:a0:3a,7306,-41,4606,54.41,35.60,84,250618,251125
[Recv] <<< 23:c9:cc:4b:a0:3a,7309,-32,4607,54.42,35.60,108,250726,251233
[Recv] <<< 23:c9:cc:4b:a0:3a,7310,-32,4608,54.42,35.60,34,250760,251267
[Recv] <<< 23:c9:cc:4b:a0:3a,7311,-32,4609,54.42,35.60,39,250799,251306
[Recv] <<< 23:c9:cc:4b:a0:3a,7313,-32,4610,54.42,35.60,68,250867,251374
[Recv] <<< 23:c9:cc:4b:a0:3a,7314,-35,4611,54.42,35.61,45,250912,251419
[Recv] <<< 23:c9:cc:4b:a0:3a,7315,-35,4612,54.41,35.60,32,250944,251451
[Recv] <<< 23:c9:cc:4b:a0:3a,7318,-32,4613,54.42,35.60,103,251047,251554
[Recv] <<< 23:c9:cc:4b:a0:3a,7319,-35,4614,54.42,35.61,41,251088,251595
[Recv] <<< 23:c9:cc:4b:a0:3a,7321,-35,4615,54.42,35.60,69,251157,251664
[Recv] <<< 23:c9:cc:4b:a0:3a,7323,-35,4616,54.42,35.60,68,251225,251732
[Recv] <<< 23:c9:cc:4b:a0:3a,7324,-35,4617,54.42,35.61,43,251268,251775
[Recv] <<< 23:c9:cc:4b:a0:3a,7325,-41,4618,54.42,35.61,38,251306,251813
[Recv] <<< 23:c9:cc:4b:a0:3a,7326,-32,4619,54.42,35.61,46,251352,251859
[Recv] <<< 23:c9:cc:4b:a0:3a,7327,-32,4620,54.41,35.61,33,251385,251892
[Recv] <<< 23:c9:cc:4b:a0:3a,7328,-35,4621,54.41,35.61,39,251424,251931
[Recv] <<< 23:c9:cc:4b:a0:3a,7329,-36,4622,54.41,35.61,38,251462,251969
[Recv] <<< 23:c9:cc:4b:a0:3a,7330,-35,4623,54.40,35.61,35,251497,252004
[Recv] <<< 23:c9:cc:4b:a0:3a,7331,-35,4624,54.40,35.61,46,251543,252050
[Recv] <<< 23:c9:cc:4b:a0:3a,7332,-42,4625,54.40,35.61,41,251584,252091
[Recv] <<< 23:c9:cc:4b:a0:3a,7333,-41,4626,54.39,35.61,38,251622,252129
[Recv] <<< 23:c9:cc:4b:a0:3a,7334,-41,4627,54.39,35.61,46,251668,252175
[Recv] <<< 23:c9:cc:4b:a0:3a,7335,-32,4628,54.39,35.61,40,251708,252215
[Recv] <<< 23:c9:cc:4b:a0:3a,7336,-32,4629,54.38,35.61,37,251745,252252
[Recv] <<< 23:c9:cc:4b:a0:3a,7337,-35,4630,54.38,35.61,49,251794,252301
[Recv] <<< 23:c9:cc:4b:a0:3a,7338,-36,4631,54.38,35.62,40,251834,252341
[Recv] <<< 23:c9:cc:4b:a0:3a,7340,-41,4632,54.38,35.62,77,251911,252418
[Recv] <<< 23:c9:cc:4b:a0:3a,7342,-41,4633,54.39,35.62,72,251983,252490
[Recv] <<< 23:c9:cc:4b:a0:3a,7343,-45,4634,54.39,35.62,39,252022,252529
[Recv] <<< 23:c9:cc:4b:a0:3a,7344,-41,4635,54.38,35.62,31,252053,252560
[Recv] <<< 23:c9:cc:4b:a0:3a,7346,-32,4636,54.39,35.62,81,252134,252641
[Recv] <<< 23:c9:cc:4b:a0:3a,7347,-32,4637,54.38,35.62,30,252164,252671
[Recv] <<< 23:c9:cc:4b:a0:3a,7348,-32,4638,54.38,35.62,37,252201,252708
[Recv] <<< 23:c9:cc:4b:a0:3a,7350,-36,4639,54.38,35.62,82,252283,252790
[Recv] <<< 23:c9:cc:4b:a0:3a,7351,-41,4640,54.38,35.62,37,252320,252827
[Recv] <<< 23:c9:cc:4b:a0:3a,7352,-41,4641,54.38,35.62,37,252357,252864
[Recv] <<< 23:c9:cc:4b:a0:3a,7353,-45,4642,54.37,35.62,40,252397,252904
[Recv] <<< 23:c9:cc:4b:a0:3a,7354,-32,4643,54.37,35.62,44,252441,252948
[Recv] <<< 23:c9:cc:4b:a0:3a,7357,-32,4644,54.39,35.62,123,252564,253071
[Recv] <<< 23:c9:cc:4b:a0:3a,7358,-32,4645,54.38,35.62,37,252601,253108
[Recv] <<< 23:c9:cc:4b:a0:3a,7359,-32,4646,54.38,35.62,34,252635,253142
[Recv] <<< 23:c9:cc:4b:a0:3a,7360,-36,4647,54.37,35.62,42,252677,253184
[Recv] <<< 23:c9:cc:4b:a0:3a,7362,-32,4648,54.38,35.62,81,252758,253265
[Recv] <<< 23:c9:cc:4b:a0:3a,7363,-35,4649,54.38,35.63,42,252800,253307
[Recv] <<< 23:c9:cc:4b:a0:3a,7364,-36,4650,54.37,35.63,34,252834,253341
[Recv] <<< 23:c9:cc:4b:a0:3a,7365,-41,4651,54.37,35.63,42,252876,253383
[Recv] <<< 23:c9:cc:4b:a0:3a,7366,-45,4652,54.37,35.63,41,252917,253424
[Recv] <<< 23:c9:cc:4b:a0:3a,7367,-32,4653,54.37,35.63,47,252964,253471
[Recv] <<< 23:c9:cc:4b:a0:3a,7369,-36,4654,54.37,35.63,83,253047,253554
[Recv] <<< 23:c9:cc:4b:a0:3a,7370,-41,4655,54.37,35.63,46,253093,253600
[Recv] <<< 23:c9:cc:4b:a0:3a,7371,-42,4656,54.37,35.63,42,253135,253642
[Recv] <<< 23:c9:cc:4b:a0:3a,7372,-32,4657,54.36,35.63,41,253176,253683
[Recv] <<< 23:c9:cc:4b:a0:3a,7373,-35,4658,54.36,35.64,47,253223,253730
[Recv] <<< 23:c9:cc:4b:a0:3a,7374,-41,4659,54.36,35.64,41,253264,253771
[Recv] <<< 23:c9:cc:4b:a0:3a,7377,-32,4660,54.38,35.64,130,253394,253901
[Recv] <<< 23:c9:cc:4b:a0:3a,7378,-35,4661,54.37,35.64,41,253435,253942
[Recv] <<< 23:c9:cc:4b:a0:3a,7379,-36,4662,54.37,35.64,43,253478,253985
[Recv] <<< 23:c9:cc:4b:a0:3a,7380,-41,4663,54.37,35.64,40,253518,254025
[Recv] <<< 23:c9:cc:4b:a0:3a,7382,-36,4664,54.38,35.64,87,253605,254112
[Recv] <<< 23:c9:cc:4b:a0:3a,7384,-45,4665,54.38,35.64,79,253684,254191
[Recv] <<< 23:c9:cc:4b:a0:3a,7385,-32,4666,54.38,35.65,50,253734,254241
[Recv] <<< 23:c9:cc:4b:a0:3a,7386,-36,4667,54.38,35.65,47,253781,254288
[Recv] <<< 23:c9:cc:4b:a0:3a,7387,-41,4668,54.37,35.65,38,253819,254326
[Recv] <<< 23:c9:cc:4b:a0:3a,7388,-32,4669,54.37,35.65,48,253867,254374
[Recv] <<< 23:c9:cc:4b:a0:3a,7389,-35,4670,54.37,35.65,42,253909,254416
[Recv] <<< 23:c9:cc:4b:a0:3a,7390,-35,4671,54.37,35.65,39,253948,254455
[Recv] <<< 23:c9:cc:4b:a0:3a,7391,-42,4672,54.37,35.65,48,253996,254503
[Recv] <<< 23:c9:cc:4b:a0:3a,7392,-33,4673,54.36,35.65,44,254040,254547
[Recv] <<< 23:c9:cc:4b:a0:3a,7393,-32,4674,54.36,35.65,35,254075,254582
[Recv] <<< 23:c9:cc:4b:a0:3a,7395,-35,4675,54.37,35.66,82,254157,254664
[Recv] <<< 23:c9:cc:4b:a0:3a,7396,-41,4676,54.36,35.66,45,254202,254709
[Recv] <<< 23:c9:cc:4b:a0:3a,7397,-46,4677,54.36,35.66,43,254245,254752
[Recv] <<< 23:c9:cc:4b:a0:3a,7399,-32,4678,54.37,35.66,84,254329,254836
[Recv] <<< 23:c9:cc:4b:a0:3a,7400,-36,4679,54.36,35.66,44,254373,254880
[Recv] <<< 23:c9:cc:4b:a0:3a,7401,-35,4680,54.36,35.66,40,254413,254920
[Recv] <<< 23:c9:cc:4b:a0:3a,7402,-41,4681,54.36,35.66,41,254454,254961
[Recv] <<< 23:c9:cc:4b:a0:3a,7404,-32,4682,54.37,35.66,85,254539,255046
[Recv] <<< 23:c9:cc:4b:a0:3a,7405,-32,4683,54.36,35.67,39,254578,255085
[Recv] <<< 23:c9:cc:4b:a0:3a,7406,-36,4684,54.36,35.67,43,254621,255128
[Recv] <<< 23:c9:cc:4b:a0:3a,7407,-41,4685,54.36,35.67,42,254663,255170
[Recv] <<< 23:c9:cc:4b:a0:3a,7408,-32,4686,54.36,35.67,45,254708,255215
[Recv] <<< 23:c9:cc:4b:a0:3a,7409,-35,4687,54.35,35.67,42,254750,255257
[Recv] <<< 23:c9:cc:4b:a0:3a,7410,-36,4688,54.35,35.67,44,254794,255301
[Recv] <<< 23:c9:cc:4b:a0:3a,7413,-32,4689,54.37,35.67,130,254924,255431
[Recv] <<< 23:c9:cc:4b:a0:3a,7417,-32,4690,54.39,35.68,170,255094,255601
[Recv] <<< 23:c9:cc:4b:a0:3a,7418,-36,4691,54.39,35.68,43,255137,255644
[Recv] <<< 23:c9:cc:4b:a0:3a,7420,-43,4692,54.39,35.68,79,255216,255723
[Recv] <<< 23:c9:cc:4b:a0:3a,7421,-32,4693,54.39,35.68,40,255256,255763
[Recv] <<< 23:c9:cc:4b:a0:3a,7422,-32,4694,54.39,35.68,45,255301,255808
[Recv] <<< 23:c9:cc:4b:a0:3a,7423,-36,4695,54.39,35.68,37,255338,255845
[Recv] <<< 23:c9:cc:4b:a0:3a,7425,-41,4696,54.39,35.68,89,255427,255934
[Recv] <<< 23:c9:cc:4b:a0:3a,7426,-32,4697,54.39,35.68,41,255468,255975
[Recv] <<< 23:c9:cc:4b:a0:3a,7428,-35,4698,54.40,35.69,85,255553,256060
[Recv] <<< 23:c9:cc:4b:a0:3a,7429,-41,4699,54.39,35.69,42,255595,256102
[Recv] <<< 23:c9:cc:4b:a0:3a,7431,-32,4700,54.40,35.69,78,255673,256180
[Recv] <<< 23:c9:cc:4b:a0:3a,7432,-35,4701,54.40,35.69,44,255717,256224
[Recv] <<< 23:c9:cc:4b:a0:3a,7433,-45,4702,54.39,35.69,45,255762,256269
[Recv] <<< 23:c9:cc:4b:a0:3a,7434,-32,4703,54.39,35.69,42,255804,256311
[Recv] <<< 23:c9:cc:4b:a0:3a,7435,-35,4704,54.39,35.69,43,255847,256354
[Recv] <<< 23:c9:cc:4b:a0:3a,7437,-41,4705,54.40,35.69,85,255932,256439
[Recv] <<< 23:c9:cc:4b:a0:3a,7438,-32,4706,54.39,35.70,48,255980,256487
[Recv] <<< 23:c9:cc:4b:a0:3a,7439,-35,4707,54.39,35.70,39,256019,256526
[Recv] <<< 23:c9:cc:4b:a0:3a,7442,-32,4708,54.41,35.70,134,256153,256660
[Recv] <<< 23:c9:cc:4b:a0:3a,7443,-36,4709,54.41,35.70,42,256195,256702
[Recv] <<< 23:c9:cc:4b:a0:3a,7444,-47,4710,54.40,35.70,40,256235,256742
[Recv] <<< 23:c9:cc:4b:a0:3a,7445,-32,4711,54.40,35.70,43,256278,256785
[Recv] <<< 23:c9:cc:4b:a0:3a,7446,-32,4712,54.40,35.70,41,256319,256826
[Recv] <<< 23:c9:cc:4b:a0:3a,7447,-36,4713,54.39,35.71,44,256363,256870
[Recv] <<< 23:c9:cc:4b:a0:3a,7448,-41,4714,54.39,35.71,40,256403,256910
[Recv] <<< 23:c9:cc:4b:a0:3a,7451,-36,4715,54.41,35.71,132,256535,257042
[Recv] <<< 23:c9:cc:4b:a0:3a,7455,-32,4716,54.43,35.71,167,256702,257209
[Recv] <<< 23:c9:cc:4b:a0:3a,7457,-36,4717,54.44,35.71,76,256778,257285
[Recv] <<< 23:c9:cc:4b:a0:3a,7458,-45,4718,54.44,35.72,51,256829,257336
[Recv] <<< 23:c9:cc:4b:a0:3a,7460,-33,4719,54.44,35.72,77,256906,257413
[Recv] <<< 23:c9:cc:4b:a0:3a,7462,-36,4720,54.45,35.72,84,256990,257497
[Recv] <<< 23:c9:cc:4b:a0:3a,7463,-41,4721,54.44,35.72,41,257031,257538
[Recv] <<< 23:c9:cc:4b:a0:3a,7464,-47,4722,54.44,35.72,43,257074,257581
[Recv] <<< 23:c9:cc:4b:a0:3a,7467,-35,4723,54.46,35.72,122,257196,257703
[Recv] <<< 23:c9:cc:4b:a0:3a,7469,-41,4724,54.46,35.72,87,257283,257790
[Recv] <<< 23:c9:cc:4b:a0:3a,7472,-37,4725,54.48,35.73,124,257407,257914
[Recv] <<< 23:c9:cc:4b:a0:3a,7473,-41,4726,54.48,35.73,44,257451,257958
[Recv] <<< 23:c9:cc:4b:a0:3a,7475,-32,4727,54.48,35.73,75,257526,258033
[Recv] <<< 23:c9:cc:4b:a0:3a,7476,-35,4728,54.48,35.73,46,257572,258079
[Recv] <<< 23:c9:cc:4b:a0:3a,7477,-35,4729,54.48,35.73,41,257613,258120
[Recv] <<< 23:c9:cc:4b:a0:3a,7478,-41,4730,54.47,35.73,40,257653,258160
[Recv] <<< 23:c9:cc:4b:a0:3a,7480,-32,4731,54.48,35.73,88,257741,258248
[Recv] <<< 23:c9:cc:4b:a0:3a,7483,-41,4732,54.49,35.74,123,257864,258371
[Recv] <<< 23:c9:cc:4b:a0:3a,7484,-41,4733,54.49,35.74,44,257908,258415
[Recv] <<< 23:c9:cc:4b:a0:3a,7487,-33,4734,54.50,35.74,118,258026,258533
[Recv] <<< 23:c9:cc:4b:a0:3a,7488,-41,4735,54.50,35.74,44,258070,258577
[Recv] <<< 23:c9:cc:4b:a0:3a,7490,-32,4736,54.51,35.74,84,258154,258661
[Recv] <<< 23:c9:cc:4b:a0:3a,7491,-35,4737,54.51,35.74,39,258193,258700
[Recv] <<< 23:c9:cc:4b:a0:3a,7492,-42,4738,54.50,35.74,47,258240,258747
[Recv] <<< 23:c9:cc:4b:a0:3a,7493,-32,4739,54.50,35.74,41,258281,258788
[Recv] <<< 23:c9:cc:4b:a0:3a,7495,-36,4740,54.51,35.75,89,258370,258877
[Recv] <<< 23:c9:cc:4b:a0:3a,7497,-45,4741,54.51,35.75,77,258447,258954
[Recv] <<< 23:c9:cc:4b:a0:3a,7498,-33,4742,54.51,35.75,48,258495,259002
[Recv] <<< 23:c9:cc:4b:a0:3a,7500,-36,4743,54.52,35.75,84,258579,259086
[Recv] <<< 23:c9:cc:4b:a0:3a,7502,-32,4744,54.52,35.75,79,258658,259165
[Recv] <<< 23:c9:cc:4b:a0:3a,7504,-35,4745,54.53,35.75,77,258735,259242
[Recv] <<< 23:c9:cc:4b:a0:3a,7505,-41,4746,54.53,35.75,41,258776,259283
[Recv] <<< 23:c9:cc:4b:a0:3a,7506,-41,4747,54.52,35.75,41,258817,259324
[Recv] <<< 23:c9:cc:4b:a0:3a,7507,-46,4748,54.52,35.75,37,258854,259361
[Recv] <<< 23:c9:cc:4b:a0:3a,7508,-32,4749,54.52,35.75,39,258893,259400
[Recv] <<< 23:c9:cc:4b:a0:3a,7509,-36,4750,54.51,35.75,44,258937,259444
[Recv] <<< 23:c9:cc:4b:a0:3a,7510,-36,4751,54.51,35.75,33,258970,259477
[Recv] <<< 23:c9:cc:4b:a0:3a,7511,-41,4752,54.51,35.76,42,259012,259519
[Recv] <<< 23:c9:cc:4b:a0:3a,7513,-32,4753,54.51,35.76,86,259098,259605
[Recv] <<< 23:c9:cc:4b:a0:3a,7514,-35,4754,54.51,35.76,45,259143,259650
[Recv] <<< 23:c9:cc:4b:a0:3a,7515,-36,4755,54.51,35.76,41,259184,259691
[Recv] <<< 23:c9:cc:4b:a0:3a,7517,-47,4756,54.51,35.76,79,259263,259770
[Recv] <<< 23:c9:cc:4b:a0:3a,7519,-32,4757,54.52,35.76,75,259338,259845
[Recv] <<< 23:c9:cc:4b:a0:3a,7520,-32,4758,54.51,35.76,42,259380,259887
[Recv] <<< 23:c9:cc:4b:a0:3a,7521,-35,4759,54.51,35.76,36,259416,259923
[Recv] <<< 23:c9:cc:4b:a0:3a,7522,-38,4760,54.51,35.76,41,259457,259964
[Recv] <<< 23:c9:cc:4b:a0:3a,7523,-41,4761,54.51,35.76,42,259499,260006
[Recv] <<< 23:c9:cc:4b:a0:3a,7524,-41,4762,54.50,35.76,33,259532,260039
[Recv] <<< 23:c9:cc:4b:a0:3a,7525,-32,4763,54.50,35.76,42,259574,260081
[Recv] <<< 23:c9:cc:4b:a0:3a,7527,-35,4764,54.50,35.77,80,259654,260161
[Recv] <<< 23:c9:cc:4b:a0:3a,7529,-45,4765,54.51,35.77,89,259743,260250
[Recv] <<< 23:c9:cc:4b:a0:3a,7530,-45,4766,54.51,35.77,38,259781,260288
[Recv] <<< 23:c9:cc:4b:a0:3a,7531,-32,4767,54.50,35.77,35,259816,260323
[Recv] <<< 23:c9:cc:4b:a0:3a,7532,-32,4768,54.50,35.77,43,259859,260366
[Recv] <<< 23:c9:cc:4b:a0:3a,7534,-36,4769,54.51,35.77,77,259936,260443
[Recv] <<< 23:c9:cc:4b:a0:3a,7535,-36,4770,54.50,35.77,41,259977,260484
[Recv] <<< 23:c9:cc:4b:a0:3a,7536,-41,4771,54.50,35.77,37,260014,260521
[Recv] <<< 23:c9:cc:4b:a0:3a,7537,-41,4772,54.50,35.77,47,260061,260568
[Recv] <<< 23:c9:cc:4b:a0:3a,7538,-42,4773,54.49,35.77,33,260094,260601
[Recv] <<< 23:c9:cc:4b:a0:3a,7539,-45,4774,54.49,35.77,45,260139,260646
[Recv] <<< 23:c9:cc:4b:a0:3a,7540,-32,4775,54.49,35.77,38,260177,260684
[Recv] <<< 23:c9:cc:4b:a0:3a,7541,-36,4776,54.48,35.77,38,260215,260722
[Recv] <<< 23:c9:cc:4b:a0:3a,7542,-35,4777,54.48,35.77,40,260255,260762
[Recv] <<< 23:c9:cc:4b:a0:3a,7544,-42,4778,54.49,35.78,89,260344,260851
[Recv] <<< 23:c9:cc:4b:a0:3a,7545,-41,4779,54.48,35.78,35,260379,260886
[Recv] <<< 23:c9:cc:4b:a0:3a,7546,-32,4780,54.48,35.78,40,260419,260926
[Recv] <<< 23:c9:cc:4b:a0:3a,7547,-32,4781,54.48,35.78,36,260455,260962
[Recv] <<< 23:c9:cc:4b:a0:3a,7548,-36,4782,54.48,35.78,45,260500,261007
[Recv] <<< 23:c9:cc:4b:a0:3a,7549,-36,4783,54.47,35.78,40,260540,261047
[Recv] <<< 23:c9:cc:4b:a0:3a,7550,-45,4784,54.47,35.78,45,260585,261092
[Recv] <<< 23:c9:cc:4b:a0:3a,7551,-41,4785,54.47,35.78,39,260624,261131
[Recv] <<< 23:c9:cc:4b:a0:3a,7552,-32,4786,54.46,35.78,34,260658,261165
[Recv] <<< 23:c9:cc:4b:a0:3a,7553,-36,4787,54.46,35.78,44,260702,261209
[Recv] <<< 23:c9:cc:4b:a0:3a,7554,-38,4788,54.46,35.78,39,260741,261248
[Recv] <<< 23:c9:cc:4b:a0:3a,7555,-41,4789,54.45,35.78,41,260782,261289
[Recv] <<< 23:c9:cc:4b:a0:3a,7556,-42,4790,54.45,35.78,35,260817,261324
[Recv] <<< 23:c9:cc:4b:a0:3a,7560,-38,4791,54.47,35.78,157,260974,261481
[Recv] <<< 23:c9:cc:4b:a0:3a,7561,-41,4792,54.47,35.79,52,261026,261533
[Recv] <<< 23:c9:cc:4b:a0:3a,7562,-41,4793,54.47,35.79,31,261057,261564
[Recv] <<< 23:c9:cc:4b:a0:3a,7567,-45,4794,54.50,35.79,205,261262,261769
[Recv] <<< 23:c9:cc:4b:a0:3a,7568,-42,4795,54.49,35.79,36,261298,261805
[Recv] <<< 23:c9:cc:4b:a0:3a,7569,-41,4796,54.49,35.79,36,261334,261841
[Recv] <<< 23:c9:cc:4b:a0:3a,7572,-32,4797,54.50,35.79,117,261451,261958
[Recv] <<< 23:c9:cc:4b:a0:3a,7573,-36,4798,54.50,35.79,36,261487,261994
[Recv] <<< 23:c9:cc:4b:a0:3a,7574,-36,4799,54.50,35.79,38,261525,262032
[Recv] <<< 23:c9:cc:4b:a0:3a,7576,-41,4800,54.50,35.79,73,261598,262105
[Recv] <<< 23:c9:cc:4b:a0:3a,7580,-36,4801,54.52,35.80,172,261770,262277
[Recv] <<< 23:c9:cc:4b:a0:3a,7581,-38,4802,54.52,35.79,34,261804,262311
[Recv] <<< 23:c9:cc:4b:a0:3a,7582,-36,4803,54.52,35.80,41,261845,262352
[Recv] <<< 23:c9:cc:4b:a0:3a,7583,-41,4804,54.51,35.80,34,261879,262386
[Recv] <<< 23:c9:cc:4b:a0:3a,7584,-41,4805,54.51,35.80,43,261922,262429
[Recv] <<< 23:c9:cc:4b:a0:3a,7585,-32,4806,54.51,35.80,35,261957,262464
[Recv] <<< 23:c9:cc:4b:a0:3a,7586,-33,4807,54.50,35.80,43,262000,262507
[Recv] <<< 23:c9:cc:4b:a0:3a,7587,-35,4808,54.50,35.80,46,262046,262553
[Recv] <<< 23:c9:cc:4b:a0:3a,7591,-32,4809,54.52,35.80,161,262207,262714
[Recv] <<< 23:c9:cc:4b:a0:3a,7592,-36,4810,54.52,35.80,40,262247,262754
[Recv] <<< 23:c9:cc:4b:a0:3a,7594,-41,4811,54.53,35.80,90,262337,262844
[Recv] <<< 23:c9:cc:4b:a0:3a,7595,-32,4812,54.53,35.80,40,262377,262884
[Recv] <<< 23:c9:cc:4b:a0:3a,7596,-32,4813,54.52,35.80,37,262414,262921
[Recv] <<< 23:c9:cc:4b:a0:3a,7597,-35,4814,54.52,35.81,47,262461,262968
[Recv] <<< 23:c9:cc:4b:a0:3a,7599,-41,4815,54.53,35.81,81,262542,263049
[Recv] <<< 23:c9:cc:4b:a0:3a,7600,-32,4816,54.52,35.81,38,262580,263087
[Recv] <<< 23:c9:cc:4b:a0:3a,7601,-33,4817,54.52,35.81,44,262624,263131
[Recv] <<< 23:c9:cc:4b:a0:3a,7602,-32,4818,54.52,35.81,36,262660,263167
[Recv] <<< 23:c9:cc:4b:a0:3a,7603,-36,4819,54.51,35.81,37,262697,263204
[Recv] <<< 23:c9:cc:4b:a0:3a,7604,-35,4820,54.51,35.81,38,262735,263242
[Recv] <<< 23:c9:cc:4b:a0:3a,7605,-41,4821,54.51,35.81,42,262777,263284
[Recv] <<< 23:c9:cc:4b:a0:3a,7606,-41,4822,54.50,35.81,37,262814,263321
[Recv] <<< 23:c9:cc:4b:a0:3a,7607,-41,4823,54.50,35.81,44,262858,263365
[Recv] <<< 23:c9:cc:4b:a0:3a,7609,-32,4824,54.50,35.81,72,262930,263437
[Recv] <<< 23:c9:cc:4b:a0:3a,7615,-43,4825,54.54,35.81,233,263163,263670
[Recv] <<< 23:c9:cc:4b:a0:3a,7617,-32,4826,54.55,35.82,81,263244,263751
[Recv] <<< 23:c9:cc:4b:a0:3a,7619,-35,4827,54.55,35.82,86,263330,263837
[Recv] <<< 23:c9:cc:4b:a0:3a,7620,-36,4828,54.55,35.82,40,263370,263877
[Recv] <<< 23:c9:cc:4b:a0:3a,7623,-41,4829,54.56,35.82,104,263474,263981
[Recv] <<< 23:c9:cc:4b:a0:3a,7624,-43,4830,54.56,35.82,45,263519,264026
[Recv] <<< 23:c9:cc:4b:a0:3a,7625,-32,4831,54.55,35.82,36,263555,264062
[Recv] <<< 23:c9:cc:4b:a0:3a,7626,-35,4832,54.55,35.82,44,263599,264106
[Recv] <<< 23:c9:cc:4b:a0:3a,7627,-36,4833,54.55,35.82,37,263636,264143
[Recv] <<< 23:c9:cc:4b:a0:3a,7629,-35,4834,54.55,35.82,70,263706,264213
[Recv] <<< 23:c9:cc:4b:a0:3a,7633,-41,4835,54.57,35.82,148,263854,264361
[Recv] <<< 23:c9:cc:4b:a0:3a,7635,-41,4836,54.57,35.82,69,263923,264430
[Recv] <<< 23:c9:cc:4b:a0:3a,7636,-41,4837,54.57,35.82,32,263955,264462
[Recv] <<< 23:c9:cc:4b:a0:3a,7637,-41,4838,54.57,35.82,40,263995,264502
[Recv] <<< 23:c9:cc:4b:a0:3a,7638,-41,4839,54.56,35.82,35,264030,264537
[Recv] <<< 23:c9:cc:4b:a0:3a,7640,-41,4840,54.57,35.82,72,264102,264609
[Recv] <<< 23:c9:cc:4b:a0:3a,7641,-42,4841,54.56,35.82,36,264138,264645
[Recv] <<< 23:c9:cc:4b:a0:3a,7644,-45,4842,54.57,35.82,103,264241,264748
[Recv] <<< 23:c9:cc:4b:a0:3a,7645,-41,4843,54.57,35.82,34,264275,264782
[Recv] <<< 23:c9:cc:4b:a0:3a,7646,-32,4844,54.57,35.82,45,264320,264827
[Recv] <<< 23:c9:cc:4b:a0:3a,7647,-32,4845,54.56,35.82,39,264359,264866
[Recv] <<< 23:c9:cc:4b:a0:3a,7648,-32,4846,54.56,35.82,32,264391,264898
[Recv] <<< 23:c9:cc:4b:a0:3a,7652,-33,4847,54.58,35.82,149,264540,265047
[Recv] <<< 23:c9:cc:4b:a0:3a,7653,-35,4848,54.57,35.82,37,264577,265084
[Recv] <<< 23:c9:cc:4b:a0:3a,7654,-35,4849,54.57,35.82,36,264613,265120
[Recv] <<< 23:c9:cc:4b:a0:3a,7659,-42,4850,54.60,35.82,178,264791,265298
[Recv] <<< 23:c9:cc:4b:a0:3a,7660,-41,4851,54.59,35.82,24,264815,265322
[Recv] <<< 23:c9:cc:4b:a0:3a,7661,-46,4852,54.59,35.82,43,264858,265365
[Recv] <<< 23:c9:cc:4b:a0:3a,7662,-45,4853,54.58,35.82,36,264894,265401
[Recv] <<< 23:c9:cc:4b:a0:3a,7663,-32,4854,54.58,35.82,33,264927,265434
[Recv] <<< 23:c9:cc:4b:a0:3a,7664,-41,4855,54.58,35.82,37,264964,265471
[Recv] <<< 23:c9:cc:4b:a0:3a,7667,-32,4856,54.59,35.82,105,265069,265576
[Recv] <<< 23:c9:cc:4b:a0:3a,7668,-32,4857,54.58,35.82,38,265107,265614
[Recv] <<< 23:c9:cc:4b:a0:3a,7670,-32,4858,54.59,35.82,70,265177,265684
[Recv] <<< 23:c9:cc:4b:a0:3a,7671,-35,4859,54.58,35.82,45,265222,265729
[Recv] <<< 23:c9:cc:4b:a0:3a,7672,-36,4860,54.58,35.82,31,265253,265760
[Recv] <<< 23:c9:cc:4b:a0:3a,7675,-41,4861,54.59,35.82,112,265365,265872
[Recv] <<< 23:c9:cc:4b:a0:3a,7676,-41,4862,54.59,35.82,32,265397,265904
[Recv] <<< 23:c9:cc:4b:a0:3a,7684,-32,4863,54.63,35.82,286,265683,266190
[Recv] <<< 23:c9:cc:4b:a0:3a,7685,-38,4864,54.63,35.82,42,265725,266232
[Recv] <<< 23:c9:cc:4b:a0:3a,7686,-32,4865,54.63,35.82,26,265751,266258
[Recv] <<< 23:c9:cc:4b:a0:3a,7687,-32,4866,54.62,35.82,39,265790,266297
[Recv] <<< 23:c9:cc:4b:a0:3a,7688,-35,4867,54.62,35.82,34,265824,266331
[Recv] <<< 23:c9:cc:4b:a0:3a,7689,-35,4868,54.61,35.82,37,265861,266368
[Recv] <<< 23:c9:cc:4b:a0:3a,7690,-36,4869,54.61,35.82,35,265896,266403
[Recv] <<< 23:c9:cc:4b:a0:3a,7691,-36,4870,54.61,35.82,33,265929,266436
[Recv] <<< 23:c9:cc:4b:a0:3a,7692,-35,4871,54.60,35.82,38,265967,266474
[Recv] <<< 23:c9:cc:4b:a0:3a,7694,-35,4872,54.61,35.82,73,266040,266547
[Recv] <<< 23:c9:cc:4b:a0:3a,7695,-35,4873,54.60,35.82,31,266071,266578
[Recv] <<< 23:c9:cc:4b:a0:3a,7696,-38,4874,54.60,35.82,35,266106,266613
[Recv] <<< 23:c9:cc:4b:a0:3a,7697,-35,4875,54.59,35.82,39,266145,266652
[Recv] <<< 23:c9:cc:4b:a0:3a,7698,-35,4876,54.59,35.82,30,266175,266682
[Recv] <<< 23:c9:cc:4b:a0:3a,7700,-35,4877,54.59,35.82,65,266240,266747
[Recv] <<< 23:c9:cc:4b:a0:3a,7701,-35,4878,54.59,35.82,34,266274,266781
[Recv] <<< 23:c9:cc:4b:a0:3a,7702,-36,4879,54.58,35.82,34,266308,266815
[Recv] <<< 23:c9:cc:4b:a0:3a,7703,-32,4880,54.58,35.82,39,266347,266854
[Recv] <<< 23:c9:cc:4b:a0:3a,7704,-32,4881,54.58,35.82,38,266385,266892
[Recv] <<< 23:c9:cc:4b:a0:3a,7705,-35,4882,54.57,35.82,37,266422,266929
[Recv] <<< 23:c9:cc:4b:a0:3a,7706,-35,4883,54.57,35.82,36,266458,266965
[Recv] <<< 23:c9:cc:4b:a0:3a,7708,-38,4884,54.57,35.82,73,266531,267038
[Recv] <<< 23:c9:cc:4b:a0:3a,7710,-41,4885,54.58,35.82,79,266610,267117
[Recv] <<< 23:c9:cc:4b:a0:3a,7711,-45,4886,54.57,35.82,31,266641,267148
[Recv] <<< 23:c9:cc:4b:a0:3a,7712,-46,4887,54.57,35.82,38,266679,267186
[Recv] <<< 23:c9:cc:4b:a0:3a,7713,-41,4888,54.57,35.82,38,266717,267224
[Recv] <<< 23:c9:cc:4b:a0:3a,7714,-41,4889,54.56,35.82,34,266751,267258
[Recv] <<< 23:c9:cc:4b:a0:3a,7716,-32,4890,54.57,35.82,75,266826,267333
[Recv] <<< 23:c9:cc:4b:a0:3a,7717,-35,4891,54.56,35.82,46,266872,267379
[Recv] <<< 23:c9:cc:4b:a0:3a,7718,-36,4892,54.56,35.82,33,266905,267412
[Recv] <<< 23:c9:cc:4b:a0:3a,7719,-35,4893,54.56,35.82,34,266939,267446
[Recv] <<< 23:c9:cc:4b:a0:3a,7720,-41,4894,54.55,35.82,44,266983,267490
[Recv] <<< 23:c9:cc:4b:a0:3a,7721,-41,4895,54.55,35.82,35,267018,267525
[Recv] <<< 23:c9:cc:4b:a0:3a,7724,-32,4896,54.56,35.82,115,267133,267640
[Recv] <<< 23:c9:cc:4b:a0:3a,7725,-35,4897,54.56,35.82,39,267172,267679
[Recv] <<< 23:c9:cc:4b:a0:3a,7726,-36,4898,54.55,35.82,32,267204,267711
[Recv] <<< 23:c9:cc:4b:a0:3a,7727,-36,4899,54.55,35.82,42,267246,267753
[Recv] <<< 23:c9:cc:4b:a0:3a,7728,-41,4900,54.55,35.82,40,267286,267793
[Recv] <<< 23:c9:cc:4b:a0:3a,7729,-42,4901,54.54,35.82,34,267320,267827
[Recv] <<< 23:c9:cc:4b:a0:3a,7730,-46,4902,54.54,35.83,42,267362,267869
[Recv] <<< 23:c9:cc:4b:a0:3a,7733,-32,4903,54.55,35.83,115,267477,267984
[Recv] <<< 23:c9:cc:4b:a0:3a,7735,-35,4904,54.56,35.83,71,267548,268055
[Recv] <<< 23:c9:cc:4b:a0:3a,7738,-35,4905,54.57,35.83,113,267661,268168
[Recv] <<< 23:c9:cc:4b:a0:3a,7739,-36,4906,54.56,35.83,31,267692,268199
[Recv] <<< 23:c9:cc:4b:a0:3a,7740,-35,4907,54.56,35.83,43,267735,268242
[Recv] <<< 23:c9:cc:4b:a0:3a,7741,-35,4908,54.56,35.83,31,267766,268273
[Recv] <<< 23:c9:cc:4b:a0:3a,7742,-36,4909,54.55,35.83,38,267804,268311
[Recv] <<< 23:c9:cc:4b:a0:3a,7744,-35,4910,54.56,35.83,68,267872,268379
[Recv] <<< 23:c9:cc:4b:a0:3a,7745,-43,4911,54.55,35.83,31,267903,268410
[Recv] <<< 23:c9:cc:4b:a0:3a,7747,-32,4912,54.56,35.83,86,267989,268496
[Recv] <<< 23:c9:cc:4b:a0:3a,7749,-41,4913,54.56,35.83,60,268049,268556
[Recv] <<< 23:c9:cc:4b:a0:3a,7751,-41,4914,54.56,35.83,71,268120,268627
[Recv] <<< 23:c9:cc:4b:a0:3a,7752,-32,4915,54.56,35.83,37,268157,268664
[Recv] <<< 23:c9:cc:4b:a0:3a,7753,-32,4916,54.56,35.83,41,268198,268705
[Recv] <<< 23:c9:cc:4b:a0:3a,7754,-33,4917,54.55,35.83,35,268233,268740
[Recv] <<< 23:c9:cc:4b:a0:3a,7756,-32,4918,54.55,35.83,63,268296,268803
[Recv] <<< 23:c9:cc:4b:a0:3a,7757,-32,4919,54.55,35.83,35,268331,268838
[Recv] <<< 23:c9:cc:4b:a0:3a,7758,-32,4920,54.55,35.83,39,268370,268877
[Recv] <<< 23:c9:cc:4b:a0:3a,7759,-32,4921,54.54,35.83,32,268402,268909
[Recv] <<< 23:c9:cc:4b:a0:3a,7760,-32,4922,54.54,35.82,29,268431,268938
[Recv] <<< 23:c9:cc:4b:a0:3a,7761,-33,4923,54.53,35.82,37,268468,268975
[Recv] <<< 23:c9:cc:4b:a0:3a,7763,-32,4924,54.54,35.82,71,268539,269046
[Recv] <<< 23:c9:cc:4b:a0:3a,7764,-36,4925,54.53,35.82,34,268573,269080
[Recv] <<< 23:c9:cc:4b:a0:3a,7765,-36,4926,54.53,35.82,37,268610,269117
[Recv] <<< 23:c9:cc:4b:a0:3a,7766,-36,4927,54.53,35.82,38,268648,269155
[Recv] <<< 23:c9:cc:4b:a0:3a,7767,-36,4928,54.52,35.82,37,268685,269192
[Recv] <<< 23:c9:cc:4b:a0:3a,7768,-36,4929,54.52,35.82,31,268716,269223
[Recv] <<< 23:c9:cc:4b:a0:3a,7769,-36,4930,54.52,35.82,43,268759,269266
[Recv] <<< 23:c9:cc:4b:a0:3a,7770,-36,4931,54.51,35.82,31,268790,269297
[Recv] <<< 23:c9:cc:4b:a0:3a,7771,-33,4932,54.51,35.82,36,268826,269333
[Recv] <<< 23:c9:cc:4b:a0:3a,7772,-36,4933,54.50,35.82,38,268864,269371
[Recv] <<< 23:c9:cc:4b:a0:3a,7773,-41,4934,54.50,35.83,41,268905,269412
[Recv] <<< 23:c9:cc:4b:a0:3a,7774,-41,4935,54.50,35.83,37,268942,269449
[Recv] <<< 23:c9:cc:4b:a0:3a,7775,-43,4936,54.49,35.83,36,268978,269485
[Recv] <<< 23:c9:cc:4b:a0:3a,7777,-32,4937,54.50,35.83,81,269059,269566
[Recv] <<< 23:c9:cc:4b:a0:3a,7778,-35,4938,54.49,35.83,34,269093,269600
[Recv] <<< 23:c9:cc:4b:a0:3a,7779,-35,4939,54.49,35.83,37,269130,269637
[Recv] <<< 23:c9:cc:4b:a0:3a,7780,-36,4940,54.49,35.83,33,269163,269670
[Recv] <<< 23:c9:cc:4b:a0:3a,7782,-41,4941,54.49,35.83,75,269238,269745
[Recv] <<< 23:c9:cc:4b:a0:3a,7783,-45,4942,54.49,35.83,37,269275,269782
[Recv] <<< 23:c9:cc:4b:a0:3a,7784,-32,4943,54.48,35.83,42,269317,269824
[Recv] <<< 23:c9:cc:4b:a0:3a,7785,-32,4944,54.48,35.83,36,269353,269860
[Recv] <<< 23:c9:cc:4b:a0:3a,7787,-32,4945,54.48,35.83,75,269428,269935
[Recv] <<< 23:c9:cc:4b:a0:3a,7788,-32,4946,54.48,35.83,31,269459,269966
[Recv] <<< 23:c9:cc:4b:a0:3a,7789,-32,4947,54.48,35.83,36,269495,270002
[Recv] <<< 23:c9:cc:4b:a0:3a,7790,-35,4948,54.47,35.83,32,269527,270034
[Recv] <<< 23:c9:cc:4b:a0:3a,7791,-32,4949,54.47,35.83,27,269554,270061
[Recv] <<< 23:c9:cc:4b:a0:3a,7793,-32,4950,54.47,35.83,76,269630,270137
[Recv] <<< 23:c9:cc:4b:a0:3a,7794,-32,4951,54.47,35.83,34,269664,270171
[Recv] <<< 23:c9:cc:4b:a0:3a,7795,-32,4952,54.46,35.83,35,269699,270206
[Recv] <<< 23:c9:cc:4b:a0:3a,7796,-32,4953,54.46,35.83,28,269727,270234
[Recv] <<< 23:c9:cc:4b:a0:3a,7797,-32,4954,54.45,35.82,35,269762,270269
[Recv] <<< 23:c9:cc:4b:a0:3a,7798,-32,4955,54.45,35.83,41,269803,270310
[Recv] <<< 23:c9:cc:4b:a0:3a,7799,-32,4956,54.45,35.83,34,269837,270344
[Recv] <<< 23:c9:cc:4b:a0:3a,7800,-32,4957,54.44,35.82,27,269864,270371
[Recv] <<< 23:c9:cc:4b:a0:3a,7801,-32,4958,54.44,35.82,39,269903,270410
[Recv] <<< 23:c9:cc:4b:a0:3a,7802,-32,4959,54.43,35.82,37,269940,270447
[Recv] <<< 23:c9:cc:4b:a0:3a,7803,-32,4960,54.43,35.82,28,269968,270475
[Recv] <<< 23:c9:cc:4b:a0:3a,7804,-32,4961,54.43,35.82,41,270009,270516
[Recv] <<< 23:c9:cc:4b:a0:3a,7805,-32,4962,54.42,35.82,33,270042,270549
[Recv] <<< 23:c9:cc:4b:a0:3a,7806,-32,4963,54.42,35.82,34,270076,270583
[Recv] <<< 23:c9:cc:4b:a0:3a,7807,-32,4964,54.41,35.82,32,270108,270615
[Recv] <<< 23:c9:cc:4b:a0:3a,7808,-33,4965,54.41,35.82,31,270139,270646
[Recv] <<< 23:c9:cc:4b:a0:3a,7819,-41,4966,54.47,35.82,372,270511,271018
[Recv] <<< 23:c9:cc:4b:a0:3a,7820,-41,4967,54.47,35.82,31,270542,271049
[Recv] <<< 23:c9:cc:4b:a0:3a,7821,-45,4968,54.46,35.82,31,270573,271080
[Recv] <<< 23:c9:cc:4b:a0:3a,7822,-41,4969,54.46,35.82,44,270617,271124
[Recv] <<< 23:c9:cc:4b:a0:3a,7823,-41,4970,54.46,35.82,26,270643,271150
[Recv] <<< 23:c9:cc:4b:a0:3a,7825,-45,4971,54.46,35.82,69,270712,271219
[Recv] <<< 23:c9:cc:4b:a0:3a,7826,-41,4972,54.45,35.82,35,270747,271254
[Recv] <<< 23:c9:cc:4b:a0:3a,7827,-41,4973,54.45,35.82,37,270784,271291
[Recv] <<< 23:c9:cc:4b:a0:3a,7829,-32,4974,54.45,35.82,67,270851,271358
[Recv] <<< 23:c9:cc:4b:a0:3a,7831,-41,4975,54.46,35.82,65,270916,271423
[Recv] <<< 23:c9:cc:4b:a0:3a,7835,-41,4976,54.47,35.82,137,271053,271560
[Recv] <<< 23:c9:cc:4b:a0:3a,7836,-41,4977,54.47,35.81,29,271082,271589
[Recv] <<< 23:c9:cc:4b:a0:3a,7841,-38,4978,54.49,35.81,175,271257,271764
[Recv] <<< 23:c9:cc:4b:a0:3a,7847,-35,4979,54.52,35.81,201,271458,271965
[Recv] <<< 23:c9:cc:4b:a0:3a,7848,-36,4980,54.52,35.81,38,271496,272003
[Recv] <<< 23:c9:cc:4b:a0:3a,7849,-35,4981,54.51,35.81,31,271527,272034
[Recv] <<< 23:c9:cc:4b:a0:3a,7850,-35,4982,54.51,35.81,29,271556,272063
[Recv] <<< 23:c9:cc:4b:a0:3a,7851,-36,4983,54.50,35.81,33,271589,272096
[Recv] <<< 23:c9:cc:4b:a0:3a,7853,-35,4984,54.51,35.81,71,271660,272167
[Recv] <<< 23:c9:cc:4b:a0:3a,7854,-36,4985,54.50,35.81,33,271693,272200
[Recv] <<< 23:c9:cc:4b:a0:3a,7855,-32,4986,54.50,35.81,34,271727,272234
[Recv] <<< 23:c9:cc:4b:a0:3a,7856,-32,4987,54.49,35.81,29,271756,272263
[Recv] <<< 23:c9:cc:4b:a0:3a,7857,-32,4988,54.49,35.81,34,271790,272297
[Recv] <<< 23:c9:cc:4b:a0:3a,7858,-32,4989,54.48,35.81,33,271823,272330
[Recv] <<< 23:c9:cc:4b:a0:3a,7859,-32,4990,54.48,35.81,32,271855,272362
[Recv] <<< 23:c9:cc:4b:a0:3a,7860,-32,4991,54.48,35.81,31,271886,272393
[Recv] <<< 23:c9:cc:4b:a0:3a,7861,-32,4992,54.47,35.81,38,271924,272431
[Recv] <<< 23:c9:cc:4b:a0:3a,7862,-41,4993,54.47,35.81,26,271950,272457
[Recv] <<< 23:c9:cc:4b:a0:3a,7868,-35,4994,54.50,35.80,202,272152,272659
[Recv] <<< 23:c9:cc:4b:a0:3a,7869,-36,4995,54.49,35.80,34,272186,272693
[Recv] <<< 23:c9:cc:4b:a0:3a,7872,-41,4996,54.50,35.80,111,272297,272804
[Recv] <<< 23:c9:cc:4b:a0:3a,7874,-32,4997,54.51,35.80,69,272366,272873
[Recv] <<< 23:c9:cc:4b:a0:3a,7875,-32,4998,54.50,35.81,42,272408,272915
[Recv] <<< 23:c9:cc:4b:a0:3a,7877,-45,4999,54.50,35.80,59,272467,272974
[Recv] <<< 23:c9:cc:4b:a0:3a,7878,-45,5000,54.50,35.80,35,272502,273009
[Recv] <<< 23:c9:cc:4b:a0:3a,7880,-41,5001,54.50,35.80,63,272565,273072
[Recv] <<< 23:c9:cc:4b:a0:3a,7883,-36,5002,54.51,35.80,94,272659,273166
[Recv] <<< 23:c9:cc:4b:a0:3a,7884,-36,5003,54.51,35.80,33,272692,273199
[Recv] <<< 23:c9:cc:4b:a0:3a,7885,-36,5004,54.50,35.80,34,272726,273233
[Recv] <<< 23:c9:cc:4b:a0:3a,7887,-32,5005,54.50,35.80,61,272787,273294
[Recv] <<< 23:c9:cc:4b:a0:3a,7888,-35,5006,54.50,35.80,37,272824,273331
[Recv] <<< 23:c9:cc:4b:a0:3a,7890,-41,5007,54.50,35.80,74,272898,273405
[Recv] <<< 23:c9:cc:4b:a0:3a,7891,-35,5008,54.50,35.80,33,272931,273438
[Recv] <<< 23:c9:cc:4b:a0:3a,7892,-36,5009,54.49,35.80,31,272962,273469
[Recv] <<< 23:c9:cc:4b:a0:3a,7893,-35,5010,54.49,35.80,33,272995,273502
[Recv] <<< 23:c9:cc:4b:a0:3a,7896,-41,5011,54.50,35.80,117,273112,273619
[Recv] <<< 23:c9:cc:4b:a0:3a,7897,-41,5012,54.50,35.80,37,273149,273656
[Recv] <<< 23:c9:cc:4b:a0:3a,7898,-41,5013,54.50,35.80,39,273188,273695
[Recv] <<< 23:c9:cc:4b:a0:3a,7899,-41,5014,54.49,35.80,27,273215,273722
[Recv] <<< 23:c9:cc:4b:a0:3a,7901,-41,5015,54.49,35.80,70,273285,273792
[Recv] <<< 23:c9:cc:4b:a0:3a,7902,-41,5016,54.49,35.80,34,273319,273826
[Recv] <<< 23:c9:cc:4b:a0:3a,7903,-41,5017,54.49,35.80,37,273356,273863
[Recv] <<< 23:c9:cc:4b:a0:3a,7904,-41,5018,54.48,35.80,34,273390,273897
[Recv] <<< 23:c9:cc:4b:a0:3a,7905,-41,5019,54.48,35.80,40,273430,273937
[Recv] <<< 23:c9:cc:4b:a0:3a,7906,-45,5020,54.47,35.80,27,273457,273964
[Recv] <<< 23:c9:cc:4b:a0:3a,7907,-36,5021,54.47,35.80,35,273492,273999
[Recv] <<< 23:c9:cc:4b:a0:3a,7908,-35,5022,54.47,35.80,33,273525,274032
[Recv] <<< 23:c9:cc:4b:a0:3a,7909,-35,5023,54.46,35.80,30,273555,274062
[Recv] <<< 23:c9:cc:4b:a0:3a,7910,-32,5024,54.46,35.80,30,273585,274092
[Recv] <<< 23:c9:cc:4b:a0:3a,7912,-32,5025,54.46,35.80,68,273653,274160
[Recv] <<< 23:c9:cc:4b:a0:3a,7915,-32,5026,54.47,35.80,108,273761,274268
[Recv] <<< 23:c9:cc:4b:a0:3a,7916,-32,5027,54.46,35.79,31,273792,274299
[Recv] <<< 23:c9:cc:4b:a0:3a,7918,-32,5028,54.47,35.79,70,273862,274369
[Recv] <<< 23:c9:cc:4b:a0:3a,7919,-32,5029,54.46,35.79,32,273894,274401
[Recv] <<< 23:c9:cc:4b:a0:3a,7920,-32,5030,54.46,35.79,40,273934,274441
[Recv] <<< 23:c9:cc:4b:a0:3a,7921,-32,5031,54.45,35.79,25,273959,274466
[Recv] <<< 23:c9:cc:4b:a0:3a,7922,-32,5032,54.45,35.79,36,273995,274502
[Recv] <<< 23:c9:cc:4b:a0:3a,7923,-35,5033,54.45,35.79,39,274034,274541
[Recv] <<< 23:c9:cc:4b:a0:3a,7924,-32,5034,54.44,35.79,33,274067,274574
[Recv] <<< 23:c9:cc:4b:a0:3a,7925,-32,5035,54.44,35.79,32,274099,274606
[Recv] <<< 23:c9:cc:4b:a0:3a,7926,-35,5036,54.44,35.79,41,274140,274647
[Recv] <<< 23:c9:cc:4b:a0:3a,7928,-32,5037,54.44,35.79,65,274205,274712
[Recv] <<< 23:c9:cc:4b:a0:3a,7929,-32,5038,54.43,35.79,30,274235,274742
[Recv] <<< 23:c9:cc:4b:a0:3a,7931,-32,5039,54.44,35.79,73,274308,274815
[Recv] <<< 23:c9:cc:4b:a0:3a,7932,-32,5040,54.43,35.79,33,274341,274848
[Recv] <<< 23:c9:cc:4b:a0:3a,7935,-45,5041,54.44,35.79,101,274442,274949
[Recv] <<< 23:c9:cc:4b:a0:3a,7936,-32,5042,54.44,35.79,41,274483,274990
[Recv] <<< 23:c9:cc:4b:a0:3a,7937,-32,5043,54.44,35.79,33,274516,275023
[Recv] <<< 23:c9:cc:4b:a0:3a,7938,-32,5044,54.43,35.79,35,274551,275058
[Recv] <<< 23:c9:cc:4b:a0:3a,7940,-32,5045,54.43,35.79,67,274618,275125
[Recv] <<< 23:c9:cc:4b:a0:3a,7941,-41,5046,54.43,35.79,34,274652,275159
[Recv] <<< 23:c9:cc:4b:a0:3a,7942,-41,5047,54.43,35.79,32,274684,275191
[Recv] <<< 23:c9:cc:4b:a0:3a,7943,-41,5048,54.42,35.79,38,274722,275229
[Recv] <<< 23:c9:cc:4b:a0:3a,7944,-41,5049,54.42,35.79,30,274752,275259
[Recv] <<< 23:c9:cc:4b:a0:3a,7945,-41,5050,54.41,35.79,36,274788,275295
[Recv] <<< 23:c9:cc:4b:a0:3a,7946,-41,5051,54.41,35.79,31,274819,275326
[Recv] <<< 23:c9:cc:4b:a0:3a,7947,-41,5052,54.40,35.79,34,274853,275360
[Recv] <<< 23:c9:cc:4b:a0:3a,7948,-35,5053,54.40,35.79,33,274886,275393
[Recv] <<< 23:c9:cc:4b:a0:3a,7952,-32,5054,54.42,35.79,134,275020,275527
[Recv] <<< 23:c9:cc:4b:a0:3a,7953,-32,5055,54.41,35.79,28,275048,275555
[Recv] <<< 23:c9:cc:4b:a0:3a,7954,-32,5056,54.41,35.79,38,275086,275593
[Recv] <<< 23:c9:cc:4b:a0:3a,7955,-32,5057,54.40,35.79,38,275124,275631
[Recv] <<< 23:c9:cc:4b:a0:3a,7957,-36,5058,54.41,35.79,70,275194,275701
[Recv] <<< 23:c9:cc:4b:a0:3a,7958,-36,5059,54.40,35.79,40,275234,275741
[Recv] <<< 23:c9:cc:4b:a0:3a,7960,-35,5060,54.41,35.79,74,275308,275815
[Recv] <<< 23:c9:cc:4b:a0:3a,7961,-35,5061,54.41,35.79,37,275345,275852
[Recv] <<< 23:c9:cc:4b:a0:3a,7962,-35,5062,54.40,35.79,32,275377,275884
[Recv] <<< 23:c9:cc:4b:a0:3a,7963,-35,5063,54.40,35.79,29,275406,275913
[Recv] <<< 23:c9:cc:4b:a0:3a,7967,-35,5064,54.41,35.79,140,275546,276053
[Recv] <<< 23:c9:cc:4b:a0:3a,7970,-36,5065,54.42,35.78,99,275645,276152
[Recv] <<< 23:c9:cc:4b:a0:3a,7973,-38,5066,54.43,35.78,105,275750,276257
[Recv] <<< 23:c9:cc:4b:a0:3a,7974,-35,5067,54.43,35.78,35,275785,276292
[Recv] <<< 23:c9:cc:4b:a0:3a,7975,-36,5068,54.42,35.78,33,275818,276325
[Recv] <<< 23:c9:cc:4b:a0:3a,7978,-35,5069,54.43,35.78,107,275925,276432
[Recv] <<< 23:c9:cc:4b:a0:3a,7979,-35,5070,54.43,35.78,34,275959,276466
[Recv] <<< 23:c9:cc:4b:a0:3a,7980,-36,5071,54.43,35.78,34,275993,276500
[Recv] <<< 23:c9:cc:4b:a0:3a,7981,-35,5072,54.42,35.78,37,276030,276537
[Recv] <<< 23:c9:cc:4b:a0:3a,7982,-36,5073,54.42,35.78,29,276059,276566
[Recv] <<< 23:c9:cc:4b:a0:3a,7983,-35,5074,54.41,35.78,33,276092,276599
[Recv] <<< 23:c9:cc:4b:a0:3a,7990,-41,5075,54.45,35.78,230,276322,276829
[Recv] <<< 23:c9:cc:4b:a0:3a,7991,-42,5076,54.44,35.78,34,276356,276863
[Recv] <<< 23:c9:cc:4b:a0:3a,7993,-32,5077,54.45,35.78,73,276429,276936
[Recv] <<< 23:c9:cc:4b:a0:3a,7994,-32,5078,54.44,35.78,32,276461,276968
[Recv] <<< 23:c9:cc:4b:a0:3a,7995,-42,5079,54.44,35.78,31,276492,276999
[Recv] <<< 23:c9:cc:4b:a0:3a,7996,-42,5080,54.43,35.78,31,276523,277030
[Recv] <<< 23:c9:cc:4b:a0:3a,7997,-45,5081,54.43,35.78,42,276565,277072
[Recv] <<< 23:c9:cc:4b:a0:3a,7998,-32,5082,54.43,35.78,37,276602,277109
[Recv] <<< 23:c9:cc:4b:a0:3a,7999,-32,5083,54.42,35.78,31,276633,277140
[Recv] <<< 23:c9:cc:4b:a0:3a,8000,-32,5084,54.42,35.78,38,276671,277178
[Recv] <<< 23:c9:cc:4b:a0:3a,8001,-32,5085,54.42,35.78,33,276704,277211
[Recv] <<< 23:c9:cc:4b:a0:3a,8002,-32,5086,54.41,35.78,34,276738,277245
[Recv] <<< 23:c9:cc:4b:a0:3a,8003,-32,5087,54.41,35.78,34,276772,277279
[Recv] <<< 23:c9:cc:4b:a0:3a,8004,-32,5088,54.40,35.78,26,276798,277305
[Recv] <<< 23:c9:cc:4b:a0:3a,8005,-32,5089,54.40,35.78,37,276835,277342
[Recv] <<< 23:c9:cc:4b:a0:3a,8006,-32,5090,54.39,35.78,30,276865,277372
[Recv] <<< 23:c9:cc:4b:a0:3a,8009,-42,5091,54.40,35.77,97,276962,277469
[Recv] <<< 23:c9:cc:4b:a0:3a,8011,-43,5092,54.41,35.77,69,277031,277538
[Recv] <<< 23:c9:cc:4b:a0:3a,8012,-42,5093,54.40,35.77,36,277067,277574
[Recv] <<< 23:c9:cc:4b:a0:3a,8014,-42,5094,54.40,35.77,72,277139,277646
[Recv] <<< 23:c9:cc:4b:a0:3a,8015,-42,5095,54.40,35.77,29,277168,277675
[Recv] <<< 23:c9:cc:4b:a0:3a,8016,-45,5096,54.40,35.77,34,277202,277709
[Recv] <<< 23:c9:cc:4b:a0:3a,8017,-42,5097,54.39,35.77,31,277233,277740
[Recv] <<< 23:c9:cc:4b:a0:3a,8018,-42,5098,54.39,35.77,32,277265,277772
[Recv] <<< 23:c9:cc:4b:a0:3a,8019,-41,5099,54.38,35.77,38,277303,277810
[Recv] <<< 23:c9:cc:4b:a0:3a,8020,-42,5100,54.38,35.77,33,277336,277843
[Recv] <<< 23:c9:cc:4b:a0:3a,8023,-43,5101,54.39,35.77,106,277442,277949
[Recv] <<< 23:c9:cc:4b:a0:3a,8024,-42,5102,54.38,35.77,28,277470,277977
[Recv] <<< 23:c9:cc:4b:a0:3a,8025,-42,5103,54.38,35.77,41,277511,278018
[Recv] <<< 23:c9:cc:4b:a0:3a,8026,-42,5104,54.38,35.77,31,277542,278049
[Recv] <<< 23:c9:cc:4b:a0:3a,8027,-42,5105,54.37,35.77,33,277575,278082
[Recv] <<< 23:c9:cc:4b:a0:3a,8029,-36,5106,54.37,35.77,61,277636,278143
[Recv] <<< 23:c9:cc:4b:a0:3a,8030,-35,5107,54.37,35.77,44,277680,278187
[Recv] <<< 23:c9:cc:4b:a0:3a,8031,-35,5108,54.37,35.77,27,277707,278214
[Recv] <<< 23:c9:cc:4b:a0:3a,8032,-42,5109,54.36,35.77,42,277749,278256
[Recv] <<< 23:c9:cc:4b:a0:3a,8033,-42,5110,54.36,35.77,34,277783,278290
[Recv] <<< 23:c9:cc:4b:a0:3a,8034,-42,5111,54.36,35.77,32,277815,278322
[Recv] <<< 23:c9:cc:4b:a0:3a,8035,-36,5112,54.35,35.77,31,277846,278353
[Recv] <<< 23:c9:cc:4b:a0:3a,8036,-35,5113,54.35,35.77,33,277879,278386
[Recv] <<< 23:c9:cc:4b:a0:3a,8037,-35,5114,54.34,35.77,36,277915,278422
[Recv] <<< 23:c9:cc:4b:a0:3a,8038,-36,5115,54.34,35.77,30,277945,278452
[Recv] <<< 23:c9:cc:4b:a0:3a,8039,-36,5116,54.33,35.77,29,277974,278481
[Recv] <<< 23:c9:cc:4b:a0:3a,8040,-35,5117,54.33,35.77,35,278009,278516
[Recv] <<< 23:c9:cc:4b:a0:3a,8041,-36,5118,54.33,35.77,35,278044,278551
[Recv] <<< 23:c9:cc:4b:a0:3a,8043,-35,5119,54.33,35.77,71,278115,278622
[Recv] <<< 23:c9:cc:4b:a0:3a,8045,-35,5120,54.33,35.77,71,278186,278693
[Recv] <<< 23:c9:cc:4b:a0:3a,8046,-36,5121,54.33,35.77,35,278221,278728
[Recv] <<< 23:c9:cc:4b:a0:3a,8047,-35,5122,54.32,35.76,25,278246,278753
[Recv] <<< 23:c9:cc:4b:a0:3a,8048,-35,5123,54.32,35.76,30,278276,278783
[Recv] <<< 23:c9:cc:4b:a0:3a,8049,-35,5124,54.32,35.76,45,278321,278828
[Recv] <<< 23:c9:cc:4b:a0:3a,8050,-32,5125,54.31,35.76,22,278343,278850
[Recv] <<< 23:c9:cc:4b:a0:3a,8051,-35,5126,54.31,35.76,39,278382,278889
[Recv] <<< 23:c9:cc:4b:a0:3a,8053,-32,5127,54.31,35.76,63,278445,278952
[Recv] <<< 23:c9:cc:4b:a0:3a,8054,-32,5128,54.31,35.76,37,278482,278989
[Recv] <<< 23:c9:cc:4b:a0:3a,8055,-32,5129,54.30,35.76,33,278515,279022
[Recv] <<< 23:c9:cc:4b:a0:3a,8056,-32,5130,54.30,35.76,33,278548,279055
[Recv] <<< 23:c9:cc:4b:a0:3a,8057,-32,5131,54.29,35.76,35,278583,279090
[Recv] <<< 23:c9:cc:4b:a0:3a,8058,-36,5132,54.29,35.76,39,278622,279129
[Recv] <<< 23:c9:cc:4b:a0:3a,8059,-36,5133,54.29,35.76,34,278656,279163
[Recv] <<< 23:c9:cc:4b:a0:3a,8063,-32,5134,54.30,35.76,130,278786,279293
[Recv] <<< 23:c9:cc:4b:a0:3a,8064,-32,5135,54.30,35.76,29,278815,279322
[Recv] <<< 23:c9:cc:4b:a0:3a,8065,-32,5136,54.29,35.76,35,278850,279357
[Recv] <<< 23:c9:cc:4b:a0:3a,8067,-42,5137,54.29,35.76,57,278907,279414
[Recv] <<< 23:c9:cc:4b:a0:3a,8068,-45,5138,54.29,35.76,33,278940,279447
[Recv] <<< 23:c9:cc:4b:a0:3a,8069,-42,5139,54.29,35.76,36,278976,279483
[Recv] <<< 23:c9:cc:4b:a0:3a,8071,-42,5140,54.29,35.76,63,279039,279546
[Recv] <<< 23:c9:cc:4b:a0:3a,8072,-45,5141,54.28,35.76,33,279072,279579
[Recv] <<< 23:c9:cc:4b:a0:3a,8074,-45,5142,54.29,35.76,69,279141,279648
[Recv] <<< 23:c9:cc:4b:a0:3a,8075,-42,5143,54.28,35.75,33,279174,279681
[Recv] <<< 23:c9:cc:4b:a0:3a,8076,-42,5144,54.28,35.76,39,279213,279720
[Recv] <<< 23:c9:cc:4b:a0:3a,8077,-42,5145,54.27,35.75,28,279241,279748
[Recv] <<< 23:c9:cc:4b:a0:3a,8079,-35,5146,54.28,35.75,64,279305,279812
[Recv] <<< 23:c9:cc:4b:a0:3a,8081,-42,5147,54.28,35.75,68,279373,279880
[Recv] <<< 23:c9:cc:4b:a0:3a,8083,-35,5148,54.28,35.75,77,279450,279957
[Recv] <<< 23:c9:cc:4b:a0:3a,8084,-35,5149,54.28,35.75,30,279480,279987
[Recv] <<< 23:c9:cc:4b:a0:3a,8085,-36,5150,54.27,35.75,28,279508,280015
[Recv] <<< 23:c9:cc:4b:a0:3a,8087,-36,5151,54.28,35.75,71,279579,280086
[Recv] <<< 23:c9:cc:4b:a0:3a,8088,-42,5152,54.27,35.75,41,279620,280127
[Recv] <<< 23:c9:cc:4b:a0:3a,8089,-41,5153,54.27,35.75,45,279665,280172
[Recv] <<< 23:c9:cc:4b:a0:3a,8090,-42,5154,54.27,35.75,26,279691,280198
[Recv] <<< 23:c9:cc:4b:a0:3a,8092,-35,5155,54.27,35.75,65,279756,280263
[Recv] <<< 23:c9:cc:4b:a0:3a,8096,-35,5156,54.28,35.75,135,279891,280398
[Recv] <<< 23:c9:cc:4b:a0:3a,8097,-35,5157,54.28,35.75,32,279923,280430
[Recv] <<< 23:c9:cc:4b:a0:3a,8100,-38,5158,54.29,35.75,101,280024,280531
[Recv] <<< 23:c9:cc:4b:a0:3a,8101,-35,5159,54.29,35.75,33,280057,280564
[Recv] <<< 23:c9:cc:4b:a0:3a,8102,-32,5160,54.28,35.75,27,280084,280591
[Recv] <<< 23:c9:cc:4b:a0:3a,8103,-32,5161,54.28,35.75,36,280120,280627
[Recv] <<< 23:c9:cc:4b:a0:3a,8104,-32,5162,54.27,35.75,38,280158,280665
[Recv] <<< 23:c9:cc:4b:a0:3a,8105,-32,5163,54.27,35.75,29,280187,280694
[Recv] <<< 23:c9:cc:4b:a0:3a,8106,-32,5164,54.26,35.75,36,280223,280730
[Recv] <<< 23:c9:cc:4b:a0:3a,8110,-35,5165,54.28,35.75,138,280361,280868
[Recv] <<< 23:c9:cc:4b:a0:3a,8113,-35,5166,54.29,35.75,106,280467,280974
[Recv] <<< 23:c9:cc:4b:a0:3a,8117,-32,5167,54.30,35.74,124,280591,281098
[Recv] <<< 23:c9:cc:4b:a0:3a,8118,-32,5168,54.30,35.74,33,280624,281131
[Recv] <<< 23:c9:cc:4b:a0:3a,8119,-32,5169,54.30,35.74,36,280660,281167
[Recv] <<< 23:c9:cc:4b:a0:3a,8121,-42,5170,54.30,35.74,64,280724,281231
[Recv] <<< 23:c9:cc:4b:a0:3a,8122,-41,5171,54.29,35.74,30,280754,281261
[Recv] <<< 23:c9:cc:4b:a0:3a,8124,-45,5172,54.30,35.74,68,280822,281329
[Recv] <<< 23:c9:cc:4b:a0:3a,8125,-33,5173,54.29,35.74,28,280850,281357
[Recv] <<< 23:c9:cc:4b:a0:3a,8126,-36,5174,54.29,35.74,28,280878,281385
[Recv] <<< 23:c9:cc:4b:a0:3a,8129,-32,5175,54.29,35.74,95,280973,281480
[Recv] <<< 23:c9:cc:4b:a0:3a,8131,-32,5176,54.30,35.74,67,281040,281547
[Recv] <<< 23:c9:cc:4b:a0:3a,8132,-32,5177,54.29,35.74,33,281073,281580
[Recv] <<< 23:c9:cc:4b:a0:3a,8133,-32,5178,54.29,35.74,31,281104,281611
[Recv] <<< 23:c9:cc:4b:a0:3a,8134,-43,5179,54.28,35.74,30,281134,281641
[Recv] <<< 23:c9:cc:4b:a0:3a,8135,-32,5180,54.28,35.74,41,281175,281682
[Recv] <<< 23:c9:cc:4b:a0:3a,8136,-32,5181,54.28,35.74,31,281206,281713
[Recv] <<< 23:c9:cc:4b:a0:3a,8139,-41,5182,54.28,35.73,94,281300,281807
[Recv] <<< 23:c9:cc:4b:a0:3a,8141,-32,5183,54.29,35.73,72,281372,281879
[Recv] <<< 23:c9:cc:4b:a0:3a,8142,-32,5184,54.28,35.73,37,281409,281916
[Recv] <<< 23:c9:cc:4b:a0:3a,8143,-32,5185,54.28,35.73,28,281437,281944
[Recv] <<< 23:c9:cc:4b:a0:3a,8144,-32,5186,54.28,35.73,37,281474,281981
[Recv] <<< 23:c9:cc:4b:a0:3a,8145,-32,5187,54.27,35.73,29,281503,282010
[Recv] <<< 23:c9:cc:4b:a0:3a,8146,-32,5188,54.27,35.73,40,281543,282050
[Recv] <<< 23:c9:cc:4b:a0:3a,8147,-32,5189,54.26,35.73,32,281575,282082
[Recv] <<< 23:c9:cc:4b:a0:3a,8150,-32,5190,54.27,35.73,96,281671,282178
[Recv] <<< 23:c9:cc:4b:a0:3a,8151,-32,5191,54.27,35.73,31,281702,282209
[Recv] <<< 23:c9:cc:4b:a0:3a,8152,-42,5192,54.26,35.73,34,281736,282243
[Recv] <<< 23:c9:cc:4b:a0:3a,8153,-42,5193,54.26,35.73,28,281764,282271
[Recv] <<< 23:c9:cc:4b:a0:3a,8154,-35,5194,54.26,35.73,39,281803,282310
[Recv] <<< 23:c9:cc:4b:a0:3a,8155,-35,5195,54.25,35.73,25,281828,282335
[Recv] <<< 23:c9:cc:4b:a0:3a,8156,-35,5196,54.25,35.73,41,281869,282376
[Recv] <<< 23:c9:cc:4b:a0:3a,8157,-35,5197,54.24,35.73,29,281898,282405
[Recv] <<< 23:c9:cc:4b:a0:3a,8160,-32,5198,54.25,35.73,102,282000,282507
[Recv] <<< 23:c9:cc:4b:a0:3a,8162,-32,5199,54.25,35.73,70,282070,282577
[Recv] <<< 23:c9:cc:4b:a0:3a,8163,-32,5200,54.25,35.73,25,282095,282602
[Recv] <<< 23:c9:cc:4b:a0:3a,8164,-42,5201,54.24,35.73,32,282127,282634
[Recv] <<< 23:c9:cc:4b:a0:3a,8166,-42,5202,54.25,35.72,63,282190,282697
[Recv] <<< 23:c9:cc:4b:a0:3a,8167,-42,5203,54.24,35.72,37,282227,282734
[Recv] <<< 23:c9:cc:4b:a0:3a,8168,-35,5204,54.24,35.72,27,282254,282761
[Recv] <<< 23:c9:cc:4b:a0:3a,8169,-42,5205,54.24,35.72,42,282296,282803
[Recv] <<< 23:c9:cc:4b:a0:3a,8171,-35,5206,54.24,35.72,59,282355,282862
[Recv] <<< 23:c9:cc:4b:a0:3a,8174,-32,5207,54.24,35.72,97,282452,282959
[Recv] <<< 23:c9:cc:4b:a0:3a,8175,-32,5208,54.24,35.72,32,282484,282991
[Recv] <<< 23:c9:cc:4b:a0:3a,8176,-35,5209,54.24,35.72,53,282537,283044
[Recv] <<< 23:c9:cc:4b:a0:3a,8177,-35,5210,54.24,35.72,32,282569,283076
[Recv] <<< 23:c9:cc:4b:a0:3a,8178,-35,5211,54.23,35.72,37,282606,283113
[Recv] <<< 23:c9:cc:4b:a0:3a,8179,-36,5212,54.23,35.72,27,282633,283140
[Recv] <<< 23:c9:cc:4b:a0:3a,8180,-32,5213,54.22,35.72,31,282664,283171
[Recv] <<< 23:c9:cc:4b:a0:3a,8181,-32,5214,54.22,35.72,35,282699,283206
[Recv] <<< 23:c9:cc:4b:a0:3a,8184,-45,5215,54.23,35.72,98,282797,283304
[Recv] <<< 23:c9:cc:4b:a0:3a,8186,-32,5216,54.23,35.72,70,282867,283374
[Recv] <<< 23:c9:cc:4b:a0:3a,8187,-32,5217,54.23,35.72,32,282899,283406
[Recv] <<< 23:c9:cc:4b:a0:3a,8188,-32,5218,54.22,35.72,31,282930,283437
[Recv] <<< 23:c9:cc:4b:a0:3a,8189,-32,5219,54.22,35.72,33,282963,283470
[Recv] <<< 23:c9:cc:4b:a0:3a,8190,-32,5220,54.22,35.72,43,283006,283513
[Recv] <<< 23:c9:cc:4b:a0:3a,8191,-32,5221,54.21,35.72,30,283036,283543
[Recv] <<< 23:c9:cc:4b:a0:3a,8192,-32,5222,54.21,35.72,34,283070,283577
[Recv] <<< 23:c9:cc:4b:a0:3a,8193,-32,5223,54.20,35.72,31,283101,283608
[Recv] <<< 23:c9:cc:4b:a0:3a,8194,-32,5224,54.20,35.72,33,283134,283641
[Recv] <<< 23:c9:cc:4b:a0:3a,8195,-32,5225,54.20,35.72,40,283174,283681
[Recv] <<< 23:c9:cc:4b:a0:3a,8196,-32,5226,54.19,35.72,30,283204,283711
[Recv] <<< 23:c9:cc:4b:a0:3a,8198,-32,5227,54.20,35.72,76,283280,283787
[Recv] <<< 23:c9:cc:4b:a0:3a,8200,-32,5228,54.20,35.72,65,283345,283852
[Recv] <<< 23:c9:cc:4b:a0:3a,8201,-32,5229,54.19,35.72,38,283383,283890
[Recv] <<< 23:c9:cc:4b:a0:3a,8202,-32,5230,54.19,35.72,30,283413,283920
[Recv] <<< 23:c9:cc:4b:a0:3a,8203,-32,5231,54.19,35.72,32,283445,283952
[Recv] <<< 23:c9:cc:4b:a0:3a,8204,-32,5232,54.18,35.72,38,283483,283990
[Recv] <<< 23:c9:cc:4b:a0:3a,8205,-32,5233,54.18,35.72,35,283518,284025
[Recv] <<< 23:c9:cc:4b:a0:3a,8206,-32,5234,54.17,35.72,31,283549,284056
[Recv] <<< 23:c9:cc:4b:a0:3a,8210,-32,5235,54.19,35.71,133,283682,284189
[Recv] <<< 23:c9:cc:4b:a0:3a,8211,-42,5236,54.18,35.71,26,283708,284215
[Recv] <<< 23:c9:cc:4b:a0:3a,8212,-42,5237,54.18,35.71,28,283736,284243
[Recv] <<< 23:c9:cc:4b:a0:3a,8214,-36,5238,54.18,35.71,66,283802,284309
[Recv] <<< 23:c9:cc:4b:a0:3a,8215,-35,5239,54.18,35.71,36,283838,284345
[Recv] <<< 23:c9:cc:4b:a0:3a,8216,-35,5240,54.17,35.71,35,283873,284380
[Recv] <<< 23:c9:cc:4b:a0:3a,8217,-35,5241,54.17,35.71,33,283906,284413
[Recv] <<< 23:c9:cc:4b:a0:3a,8218,-35,5242,54.17,35.71,29,283935,284442
[Recv] <<< 23:c9:cc:4b:a0:3a,8219,-36,5243,54.16,35.71,31,283966,284473
[Recv] <<< 23:c9:cc:4b:a0:3a,8220,-33,5244,54.16,35.71,37,284003,284510
[Recv] <<< 23:c9:cc:4b:a0:3a,8222,-32,5245,54.16,35.71,61,284064,284571
[Recv] <<< 23:c9:cc:4b:a0:3a,8223,-32,5246,54.15,35.71,30,284094,284601
[Recv] <<< 23:c9:cc:4b:a0:3a,8224,-32,5247,54.15,35.71,35,284129,284636
[Recv] <<< 23:c9:cc:4b:a0:3a,8225,-32,5248,54.15,35.71,36,284165,284672
[Recv] <<< 23:c9:cc:4b:a0:3a,8227,-42,5249,54.15,35.71,58,284223,284730
[Recv] <<< 23:c9:cc:4b:a0:3a,8228,-42,5250,54.14,35.71,30,284253,284760
[Recv] <<< 23:c9:cc:4b:a0:3a,8229,-42,5251,54.14,35.71,31,284284,284791
[Recv] <<< 23:c9:cc:4b:a0:3a,8230,-42,5252,54.14,35.71,42,284326,284833
[Recv] <<< 23:c9:cc:4b:a0:3a,8233,-36,5253,54.14,35.70,93,284419,284926
[Recv] <<< 23:c9:cc:4b:a0:3a,8235,-36,5254,54.15,35.70,71,284490,284997
[Recv] <<< 23:c9:cc:4b:a0:3a,8236,-35,5255,54.14,35.70,33,284523,285030
[Recv] <<< 23:c9:cc:4b:a0:3a,8237,-36,5256,54.14,35.70,29,284552,285059
[Recv] <<< 23:c9:cc:4b:a0:3a,8239,-35,5257,54.14,35.70,67,284619,285126
[Recv] <<< 23:c9:cc:4b:a0:3a,8241,-36,5258,54.14,35.70,71,284690,285197
[Recv] <<< 23:c9:cc:4b:a0:3a,8242,-36,5259,54.14,35.70,34,284724,285231
[Recv] <<< 23:c9:cc:4b:a0:3a,8244,-42,5260,54.15,35.70,80,284804,285311
[Recv] <<< 23:c9:cc:4b:a0:3a,8245,-45,5261,54.14,35.70,30,284834,285341
[Recv] <<< 23:c9:cc:4b:a0:3a,8246,-35,5262,54.14,35.70,32,284866,285373
[Recv] <<< 23:c9:cc:4b:a0:3a,8249,-42,5263,54.15,35.70,114,284980,285487
[Recv] <<< 23:c9:cc:4b:a0:3a,8251,-42,5264,54.15,35.70,67,285047,285554
[Recv] <<< 23:c9:cc:4b:a0:3a,8252,-41,5265,54.15,35.70,31,285078,285585
[Recv] <<< 23:c9:cc:4b:a0:3a,8253,-36,5266,54.14,35.70,28,285106,285613
[Recv] <<< 23:c9:cc:4b:a0:3a,8254,-41,5267,54.14,35.70,42,285148,285655
[Recv] <<< 23:c9:cc:4b:a0:3a,8255,-45,5268,54.13,35.70,33,285181,285688
[Recv] <<< 23:c9:cc:4b:a0:3a,8256,-42,5269,54.13,35.70,35,285216,285723
[Recv] <<< 23:c9:cc:4b:a0:3a,8257,-45,5270,54.13,35.70,33,285249,285756
[Recv] <<< 23:c9:cc:4b:a0:3a,8258,-41,5271,54.12,35.70,37,285286,285793
[Recv] <<< 23:c9:cc:4b:a0:3a,8259,-42,5272,54.12,35.70,36,285322,285829
[Recv] <<< 23:c9:cc:4b:a0:3a,8260,-45,5273,54.12,35.70,41,285363,285870
[Recv] <<< 23:c9:cc:4b:a0:3a,8261,-47,5274,54.11,35.70,33,285396,285903
[Recv] <<< 23:c9:cc:4b:a0:3a,8262,-36,5275,54.11,35.70,26,285422,285929
[Recv] <<< 23:c9:cc:4b:a0:3a,8264,-36,5276,54.11,35.70,64,285486,285993
[Recv] <<< 23:c9:cc:4b:a0:3a,8265,-35,5277,54.11,35.70,35,285521,286028
[Recv] <<< 23:c9:cc:4b:a0:3a,8266,-35,5278,54.10,35.70,36,285557,286064
[Recv] <<< 23:c9:cc:4b:a0:3a,8267,-32,5279,54.10,35.70,27,285584,286091
[Recv] <<< 23:c9:cc:4b:a0:3a,8269,-32,5280,54.10,35.70,67,285651,286158
[Recv] <<< 23:c9:cc:4b:a0:3a,8270,-33,5281,54.10,35.70,35,285686,286193
[Recv] <<< 23:c9:cc:4b:a0:3a,8272,-41,5282,54.10,35.70,63,285749,286256
[Recv] <<< 23:c9:cc:4b:a0:3a,8273,-32,5283,54.10,35.70,37,285786,286293
[Recv] <<< 23:c9:cc:4b:a0:3a,8274,-32,5284,54.09,35.70,37,285823,286330
[Recv] <<< 23:c9:cc:4b:a0:3a,8275,-32,5285,54.09,35.70,33,285856,286363
[Recv] <<< 23:c9:cc:4b:a0:3a,8277,-32,5286,54.09,35.70,66,285922,286429
[Recv] <<< 23:c9:cc:4b:a0:3a,8278,-32,5287,54.09,35.70,35,285957,286464
[Recv] <<< 23:c9:cc:4b:a0:3a,8279,-32,5288,54.08,35.70,42,285999,286506
[Recv] <<< 23:c9:cc:4b:a0:3a,8281,-46,5289,54.09,35.70,63,286062,286569
[Recv] <<< 23:c9:cc:4b:a0:3a,8282,-41,5290,54.08,35.70,34,286096,286603
[Recv] <<< 23:c9:cc:4b:a0:3a,8283,-42,5291,54.08,35.69,30,286126,286633
[Recv] <<< 23:c9:cc:4b:a0:3a,8284,-42,5292,54.07,35.69,29,286155,286662
[Recv] <<< 23:c9:cc:4b:a0:3a,8285,-45,5293,54.07,35.69,38,286193,286700
[Recv] <<< 23:c9:cc:4b:a0:3a,8286,-41,5294,54.07,35.69,32,286225,286732
[Recv] <<< 23:c9:cc:4b:a0:3a,8287,-41,5295,54.06,35.69,31,286256,286763
[Recv] <<< 23:c9:cc:4b:a0:3a,8288,-42,5296,54.06,35.69,33,286289,286796
[Recv] <<< 23:c9:cc:4b:a0:3a,8289,-41,5297,54.05,35.69,34,286323,286830
[Recv] <<< 23:c9:cc:4b:a0:3a,8292,-35,5298,54.06,35.69,96,286419,286926
[Recv] <<< 23:c9:cc:4b:a0:3a,8293,-38,5299,54.06,35.69,35,286454,286961
[Recv] <<< 23:c9:cc:4b:a0:3a,8295,-41,5300,54.06,35.69,69,286523,287030
[Recv] <<< 23:c9:cc:4b:a0:3a,8296,-41,5301,54.06,35.69,37,286560,287067
[Recv] <<< 23:c9:cc:4b:a0:3a,8297,-36,5302,54.05,35.69,34,286594,287101
[Recv] <<< 23:c9:cc:4b:a0:3a,8298,-36,5303,54.05,35.69,34,286628,287135
[Recv] <<< 23:c9:cc:4b:a0:3a,8299,-36,5304,54.05,35.69,37,286665,287172
[Recv] <<< 23:c9:cc:4b:a0:3a,8300,-36,5305,54.04,35.69,33,286698,287205
[Recv] <<< 23:c9:cc:4b:a0:3a,8302,-32,5306,54.04,35.69,63,286761,287268
[Recv] <<< 23:c9:cc:4b:a0:3a,8303,-35,5307,54.04,35.69,32,286793,287300
[Recv] <<< 23:c9:cc:4b:a0:3a,8304,-32,5308,54.04,35.69,35,286828,287335
[Recv] <<< 23:c9:cc:4b:a0:3a,8305,-32,5309,54.03,35.69,33,286861,287368
[Recv] <<< 23:c9:cc:4b:a0:3a,8307,-32,5310,54.04,35.69,68,286929,287436
[Recv] <<< 23:c9:cc:4b:a0:3a,8308,-32,5311,54.03,35.69,37,286966,287473
[Recv] <<< 23:c9:cc:4b:a0:3a,8309,-32,5312,54.03,35.69,31,286997,287504
[Recv] <<< 23:c9:cc:4b:a0:3a,8310,-32,5313,54.02,35.69,28,287025,287532
[Recv] <<< 23:c9:cc:4b:a0:3a,8311,-32,5314,54.02,35.69,42,287067,287574
[Recv] <<< 23:c9:cc:4b:a0:3a,8312,-32,5315,54.02,35.69,32,287099,287606
[Recv] <<< 23:c9:cc:4b:a0:3a,8313,-32,5316,54.01,35.69,37,287136,287643
[Recv] <<< 23:c9:cc:4b:a0:3a,8316,-32,5317,54.02,35.69,107,287243,287750
[Recv] <<< 23:c9:cc:4b:a0:3a,8318,-41,5318,54.03,35.69,79,287322,287829
[Recv] <<< 23:c9:cc:4b:a0:3a,8319,-38,5319,54.03,35.69,40,287362,287869
[Recv] <<< 23:c9:cc:4b:a0:3a,8320,-35,5320,54.02,35.69,27,287389,287896
[Recv] <<< 23:c9:cc:4b:a0:3a,8321,-36,5321,54.02,35.69,33,287422,287929
[Recv] <<< 23:c9:cc:4b:a0:3a,8323,-35,5322,54.02,35.69,65,287487,287994
[Recv] <<< 23:c9:cc:4b:a0:3a,8325,-36,5323,54.02,35.69,69,287556,288063
[Recv] <<< 23:c9:cc:4b:a0:3a,8326,-35,5324,54.02,35.69,37,287593,288100
[Recv] <<< 23:c9:cc:4b:a0:3a,8328,-36,5325,54.02,35.68,62,287655,288162
[Recv] <<< 23:c9:cc:4b:a0:3a,8329,-33,5326,54.02,35.68,34,287689,288196
[Recv] <<< 23:c9:cc:4b:a0:3a,8330,-32,5327,54.01,35.68,33,287722,288229
[Recv] <<< 23:c9:cc:4b:a0:3a,8331,-32,5328,54.01,35.68,37,287759,288266
[Recv] <<< 23:c9:cc:4b:a0:3a,8333,-32,5329,54.01,35.68,68,287827,288334
[Recv] <<< 23:c9:cc:4b:a0:3a,8334,-36,5330,54.01,35.68,41,287868,288375
[Recv] <<< 23:c9:cc:4b:a0:3a,8337,-32,5331,54.02,35.68,94,287962,288469
[Recv] <<< 23:c9:cc:4b:a0:3a,8338,-32,5332,54.01,35.68,37,287999,288506
[Recv] <<< 23:c9:cc:4b:a0:3a,8339,-32,5333,54.01,35.68,34,288033,288540
[Recv] <<< 23:c9:cc:4b:a0:3a,8340,-32,5334,54.01,35.68,38,288071,288578
[Recv] <<< 23:c9:cc:4b:a0:3a,8341,-32,5335,54.00,35.68,24,288095,288602
[Recv] <<< 23:c9:cc:4b:a0:3a,8342,-32,5336,54.00,35.68,40,288135,288642
[Recv] <<< 23:c9:cc:4b:a0:3a,8343,-32,5337,53.99,35.68,32,288167,288674
[Recv] <<< 23:c9:cc:4b:a0:3a,8344,-32,5338,53.99,35.68,33,288200,288707
[Recv] <<< 23:c9:cc:4b:a0:3a,8350,-32,5339,54.02,35.68,207,288407,288914
[Recv] <<< 23:c9:cc:4b:a0:3a,8351,-32,5340,54.01,35.68,32,288439,288946
[Recv] <<< 23:c9:cc:4b:a0:3a,8353,-36,5341,54.02,35.68,79,288518,289025
[Recv] <<< 23:c9:cc:4b:a0:3a,8354,-36,5342,54.02,35.68,35,288553,289060
[Recv] <<< 23:c9:cc:4b:a0:3a,8355,-36,5343,54.01,35.68,41,288594,289101
[Recv] <<< 23:c9:cc:4b:a0:3a,8356,-45,5344,54.01,35.68,40,288634,289141
[Recv] <<< 23:c9:cc:4b:a0:3a,8357,-41,5345,54.01,35.68,39,288673,289180
[Recv] <<< 23:c9:cc:4b:a0:3a,8360,-32,5346,54.02,35.68,111,288784,289291
[Recv] <<< 23:c9:cc:4b:a0:3a,8361,-45,5347,54.01,35.68,26,288810,289317
[Recv] <<< 23:c9:cc:4b:a0:3a,8362,-41,5348,54.01,35.68,33,288843,289350
[Recv] <<< 23:c9:cc:4b:a0:3a,8363,-44,5349,54.01,35.68,39,288882,289389
[Recv] <<< 23:c9:cc:4b:a0:3a,8364,-41,5350,54.00,35.68,32,288914,289421
[Recv] <<< 23:c9:cc:4b:a0:3a,8365,-41,5351,54.00,35.68,33,288947,289454
[Recv] <<< 23:c9:cc:4b:a0:3a,8366,-38,5352,53.99,35.68,29,288976,289483
[Recv] <<< 23:c9:cc:4b:a0:3a,8367,-35,5353,53.99,35.68,25,289001,289508
[Recv] <<< 23:c9:cc:4b:a0:3a,8368,-32,5354,53.99,35.68,37,289038,289545
[Recv] <<< 23:c9:cc:4b:a0:3a,8369,-32,5355,53.98,35.68,32,289070,289577
[Recv] <<< 23:c9:cc:4b:a0:3a,8370,-37,5356,53.98,35.68,39,289109,289616
[Recv] <<< 23:c9:cc:4b:a0:3a,8371,-36,5357,53.98,35.68,37,289146,289653
[Recv] <<< 23:c9:cc:4b:a0:3a,8372,-32,5358,53.97,35.68,27,289173,289680
[Recv] <<< 23:c9:cc:4b:a0:3a,8373,-32,5359,53.97,35.68,27,289200,289707
[Recv] <<< 23:c9:cc:4b:a0:3a,8374,-32,5360,53.96,35.68,38,289238,289745
[Recv] <<< 23:c9:cc:4b:a0:3a,8375,-32,5361,53.96,35.68,34,289272,289779
[Recv] <<< 23:c9:cc:4b:a0:3a,8377,-32,5362,53.96,35.68,63,289335,289842
[Recv] <<< 23:c9:cc:4b:a0:3a,8384,-41,5363,53.99,35.67,238,289573,290080
[Recv] <<< 23:c9:cc:4b:a0:3a,8394,-35,5364,54.05,35.68,359,289932,290439
[Recv] <<< 23:c9:cc:4b:a0:3a,8395,-32,5365,54.05,35.67,32,289964,290471
[Recv] <<< 23:c9:cc:4b:a0:3a,8403,-36,5366,54.09,35.68,291,290255,290762
[Recv] <<< 23:c9:cc:4b:a0:3a,8404,-32,5367,54.09,35.67,31,290286,290793
[Recv] <<< 23:c9:cc:4b:a0:3a,8405,-32,5368,54.08,35.68,38,290324,290831
[Recv] <<< 23:c9:cc:4b:a0:3a,8407,-32,5369,54.09,35.68,74,290398,290905
[Recv] <<< 23:c9:cc:4b:a0:3a,8411,-44,5370,54.10,35.67,129,290527,291034
[Recv] <<< 23:c9:cc:4b:a0:3a,8412,-41,5371,54.10,35.67,43,290570,291077
[Recv] <<< 23:c9:cc:4b:a0:3a,8413,-43,5372,54.10,35.67,31,290601,291108
[Recv] <<< 23:c9:cc:4b:a0:3a,8414,-32,5373,54.09,35.67,39,290640,291147
[Recv] <<< 23:c9:cc:4b:a0:3a,8415,-41,5374,54.09,35.67,35,290675,291182
[Recv] <<< 23:c9:cc:4b:a0:3a,8416,-42,5375,54.08,35.67,29,290704,291211
[Recv] <<< 23:c9:cc:4b:a0:3a,8418,-36,5376,54.09,35.67,64,290768,291275
[Recv] <<< 23:c9:cc:4b:a0:3a,8419,-38,5377,54.08,35.67,35,290803,291310
[Recv] <<< 23:c9:cc:4b:a0:3a,8421,-32,5378,54.08,35.67,61,290864,291371
[Recv] <<< 23:c9:cc:4b:a0:3a,8422,-32,5379,54.08,35.67,26,290890,291397
[Recv] <<< 23:c9:cc:4b:a0:3a,8423,-32,5380,54.08,35.67,36,290926,291433
[Recv] <<< 23:c9:cc:4b:a0:3a,8424,-32,5381,54.07,35.67,29,290955,291462
[Recv] <<< 23:c9:cc:4b:a0:3a,8425,-41,5382,54.07,35.67,34,290989,291496
[Recv] <<< 23:c9:cc:4b:a0:3a,8426,-42,5383,54.06,35.67,32,291021,291528
[Recv] <<< 23:c9:cc:4b:a0:3a,8428,-35,5384,54.06,35.67,63,291084,291591
[Recv] <<< 23:c9:cc:4b:a0:3a,8429,-36,5385,54.06,35.67,42,291126,291633
[Recv] <<< 23:c9:cc:4b:a0:3a,8430,-36,5386,54.06,35.67,34,291160,291667
[Recv] <<< 23:c9:cc:4b:a0:3a,8442,-32,5387,54.12,35.67,403,291563,292070
[Recv] <<< 23:c9:cc:4b:a0:3a,8443,-32,5388,54.12,35.66,30,291593,292100
[Recv] <<< 23:c9:cc:4b:a0:3a,8444,-32,5389,54.12,35.66,39,291632,292139
[Recv] <<< 23:c9:cc:4b:a0:3a,8445,-36,5390,54.11,35.67,46,291678,292185
[Recv] <<< 23:c9:cc:4b:a0:3a,8447,-35,5391,54.12,35.67,65,291743,292250
[Recv] <<< 23:c9:cc:4b:a0:3a,8448,-35,5392,54.11,35.67,35,291778,292285
[Recv] <<< 23:c9:cc:4b:a0:3a,8449,-32,5393,54.11,35.66,27,291805,292312
[Recv] <<< 23:c9:cc:4b:a0:3a,8450,-32,5394,54.10,35.66,30,291835,292342
[Recv] <<< 23:c9:cc:4b:a0:3a,8451,-35,5395,54.10,35.66,43,291878,292385
[Recv] <<< 23:c9:cc:4b:a0:3a,8452,-36,5396,54.10,35.66,35,291913,292420
[Recv] <<< 23:c9:cc:4b:a0:3a,8453,-35,5397,54.09,35.66,35,291948,292455
[Recv] <<< 23:c9:cc:4b:a0:3a,8455,-35,5398,54.10,35.66,71,292019,292526
[Recv] <<< 23:c9:cc:4b:a0:3a,8461,-36,5399,54.13,35.66,207,292226,292733
[Recv] <<< 23:c9:cc:4b:a0:3a,8462,-35,5400,54.12,35.66,35,292261,292768
[Recv] <<< 23:c9:cc:4b:a0:3a,8463,-36,5401,54.12,35.66,27,292288,292795
[Recv] <<< 23:c9:cc:4b:a0:3a,8465,-36,5402,54.12,35.66,73,292361,292868
[Recv] <<< 23:c9:cc:4b:a0:3a,8467,-35,5403,54.12,35.66,70,292431,292938
[Recv] <<< 23:c9:cc:4b:a0:3a,8468,-35,5404,54.12,35.66,33,292464,292971
[Recv] <<< 23:c9:cc:4b:a0:3a,8469,-41,5405,54.12,35.66,38,292502,293009
[Recv] <<< 23:c9:cc:4b:a0:3a,8470,-36,5406,54.11,35.66,37,292539,293046
[Recv] <<< 23:c9:cc:4b:a0:3a,8472,-38,5407,54.12,35.66,71,292610,293117
[Recv] <<< 23:c9:cc:4b:a0:3a,8474,-35,5408,54.12,35.66,69,292679,293186
[Recv] <<< 23:c9:cc:4b:a0:3a,8475,-40,5409,54.12,35.66,35,292714,293221
[Recv] <<< 23:c9:cc:4b:a0:3a,8479,-41,5410,54.13,35.66,145,292859,293366
[Recv] <<< 23:c9:cc:4b:a0:3a,8480,-41,5411,54.13,35.66,32,292891,293398
[Recv] <<< 23:c9:cc:4b:a0:3a,8481,-42,5412,54.12,35.66,31,292922,293429
[Recv] <<< 23:c9:cc:4b:a0:3a,8483,-41,5413,54.13,35.66,76,292998,293505
[Recv] <<< 23:c9:cc:4b:a0:3a,8485,-42,5414,54.13,35.66,56,293054,293561
[Recv] <<< 23:c9:cc:4b:a0:3a,8486,-35,5415,54.13,35.66,42,293096,293603
[Recv] <<< 23:c9:cc:4b:a0:3a,8487,-38,5416,54.12,35.66,29,293125,293632
[Recv] <<< 23:c9:cc:4b:a0:3a,8489,-35,5417,54.13,35.66,71,293196,293703
[Recv] <<< 23:c9:cc:4b:a0:3a,8490,-37,5418,54.12,35.66,26,293222,293729
[Recv] <<< 23:c9:cc:4b:a0:3a,8491,-35,5419,54.12,35.66,37,293259,293766
[Recv] <<< 23:c9:cc:4b:a0:3a,8492,-35,5420,54.11,35.66,37,293296,293803
[Recv] <<< 23:c9:cc:4b:a0:3a,8509,-35,5421,54.21,35.66,582,293878,294385
[Recv] <<< 23:c9:cc:4b:a0:3a,8510,-36,5422,54.21,35.66,27,293905,294412
[Recv] <<< 23:c9:cc:4b:a0:3a,8511,-42,5423,54.20,35.66,35,293940,294447
[Recv] <<< 23:c9:cc:4b:a0:3a,8512,-41,5424,54.20,35.66,39,293979,294486
[Recv] <<< 23:c9:cc:4b:a0:3a,8513,-41,5425,54.20,35.66,41,294020,294527
[Recv] <<< 23:c9:cc:4b:a0:3a,8514,-32,5426,54.19,35.66,41,294061,294568
[Recv] <<< 23:c9:cc:4b:a0:3a,8517,-41,5427,54.20,35.66,101,294162,294669
[Recv] <<< 23:c9:cc:4b:a0:3a,8518,-41,5428,54.20,35.66,32,294194,294701
[Recv] <<< 23:c9:cc:4b:a0:3a,8519,-32,5429,54.20,35.66,39,294233,294740
[Recv] <<< 23:c9:cc:4b:a0:3a,8522,-32,5430,54.21,35.66,107,294340,294847
[Recv] <<< 23:c9:cc:4b:a0:3a,8523,-32,5431,54.20,35.66,36,294376,294883
[Recv] <<< 23:c9:cc:4b:a0:3a,8525,-32,5432,54.21,35.66,68,294444,294951
[Recv] <<< 23:c9:cc:4b:a0:3a,8527,-32,5433,54.21,35.65,63,294507,295014
[Recv] <<< 23:c9:cc:4b:a0:3a,8528,-32,5434,54.20,35.65,30,294537,295044
[Recv] <<< 23:c9:cc:4b:a0:3a,8529,-32,5435,54.20,35.65,35,294572,295079
[Recv] <<< 23:c9:cc:4b:a0:3a,8531,-41,5436,54.20,35.65,59,294631,295138
[Recv] <<< 23:c9:cc:4b:a0:3a,8532,-32,5437,54.20,35.65,37,294668,295175
[Recv] <<< 23:c9:cc:4b:a0:3a,8533,-32,5438,54.19,35.65,33,294701,295208
[Recv] <<< 23:c9:cc:4b:a0:3a,8534,-32,5439,54.19,35.65,35,294736,295243
[Recv] <<< 23:c9:cc:4b:a0:3a,8535,-32,5440,54.18,35.65,30,294766,295273
[Recv] <<< 23:c9:cc:4b:a0:3a,8536,-32,5441,54.18,35.65,34,294800,295307
[Recv] <<< 23:c9:cc:4b:a0:3a,8537,-32,5442,54.18,35.65,35,294835,295342
[Recv] <<< 23:c9:cc:4b:a0:3a,8540,-32,5443,54.19,35.65,105,294940,295447
[Recv] <<< 23:c9:cc:4b:a0:3a,8542,-35,5444,54.19,35.65,71,295011,295518
[Recv] <<< 23:c9:cc:4b:a0:3a,8543,-35,5445,54.19,35.65,37,295048,295555
[Recv] <<< 23:c9:cc:4b:a0:3a,8552,-32,5446,54.23,35.65,302,295350,295857
[Recv] <<< 23:c9:cc:4b:a0:3a,8555,-41,5447,54.24,35.65,100,295450,295957
[Recv] <<< 23:c9:cc:4b:a0:3a,8556,-41,5448,54.24,35.65,35,295485,295992
[Recv] <<< 23:c9:cc:4b:a0:3a,8557,-41,5449,54.23,35.65,36,295521,296028
[Recv] <<< 23:c9:cc:4b:a0:3a,8558,-42,5450,54.23,35.65,33,295554,296061
[Recv] <<< 23:c9:cc:4b:a0:3a,8559,-41,5451,54.23,35.65,31,295585,296092
[Recv] <<< 23:c9:cc:4b:a0:3a,8560,-46,5452,54.22,35.65,33,295618,296125
[Recv] <<< 23:c9:cc:4b:a0:3a,8561,-42,5453,54.22,35.65,33,295651,296158
[Recv] <<< 23:c9:cc:4b:a0:3a,8564,-32,5454,54.23,35.65,113,295764,296271
[Recv] <<< 23:c9:cc:4b:a0:3a,8566,-41,5455,54.23,35.65,66,295830,296337
[Recv] <<< 23:c9:cc:4b:a0:3a,8567,-41,5456,54.23,35.65,31,295861,296368
[Recv] <<< 23:c9:cc:4b:a0:3a,8568,-41,5457,54.22,35.65,31,295892,296399
[Recv] <<< 23:c9:cc:4b:a0:3a,8569,-41,5458,54.22,35.64,31,295923,296430
[Recv] <<< 23:c9:cc:4b:a0:3a,8571,-35,5459,54.22,35.64,59,295982,296489
[Recv] <<< 23:c9:cc:4b:a0:3a,8581,-38,5460,54.27,35.64,347,296329,296836
[Recv] <<< 23:c9:cc:4b:a0:3a,8582,-36,5461,54.27,35.64,31,296360,296867
[Recv] <<< 23:c9:cc:4b:a0:3a,8583,-36,5462,54.26,35.64,34,296394,296901
[Recv] <<< 23:c9:cc:4b:a0:3a,8584,-35,5463,54.26,35.64,43,296437,296944
[Recv] <<< 23:c9:cc:4b:a0:3a,8585,-35,5464,54.26,35.64,29,296466,296973
[Recv] <<< 23:c9:cc:4b:a0:3a,8586,-35,5465,54.25,35.64,31,296497,297004
[Recv] <<< 23:c9:cc:4b:a0:3a,8587,-36,5466,54.25,35.64,33,296530,297037
[Recv] <<< 23:c9:cc:4b:a0:3a,8588,-35,5467,54.25,35.64,33,296563,297070
[Recv] <<< 23:c9:cc:4b:a0:3a,8592,-32,5468,54.26,35.64,128,296691,297198
[Recv] <<< 23:c9:cc:4b:a0:3a,8593,-32,5469,54.25,35.64,28,296719,297226
[Recv] <<< 23:c9:cc:4b:a0:3a,8594,-32,5470,54.25,35.64,31,296750,297257
[Recv] <<< 23:c9:cc:4b:a0:3a,8595,-32,5471,54.25,35.64,31,296781,297288
[Recv] <<< 23:c9:cc:4b:a0:3a,8597,-32,5472,54.25,35.64,66,296847,297354
[Recv] <<< 23:c9:cc:4b:a0:3a,8598,-32,5473,54.24,35.64,34,296881,297388
[Recv] <<< 23:c9:cc:4b:a0:3a,8599,-32,5474,54.24,35.64,34,296915,297422
[Recv] <<< 23:c9:cc:4b:a0:3a,8600,-32,5475,54.24,35.64,33,296948,297455
[Recv] <<< 23:c9:cc:4b:a0:3a,8601,-32,5476,54.23,35.63,33,296981,297488
[Recv] <<< 23:c9:cc:4b:a0:3a,8602,-47,5477,54.23,35.63,33,297014,297521
[Recv] <<< 23:c9:cc:4b:a0:3a,8603,-41,5478,54.22,35.63,28,297042,297549
[Recv] <<< 23:c9:cc:4b:a0:3a,8604,-41,5479,54.22,35.63,42,297084,297591
[Recv] <<< 23:c9:cc:4b:a0:3a,8605,-32,5480,54.22,35.63,34,297118,297625
[Recv] <<< 23:c9:cc:4b:a0:3a,8606,-32,5481,54.21,35.63,31,297149,297656
[Recv] <<< 23:c9:cc:4b:a0:3a,8609,-41,5482,54.22,35.63,93,297242,297749
[Recv] <<< 23:c9:cc:4b:a0:3a,8610,-42,5483,54.22,35.63,35,297277,297784
[Recv] <<< 23:c9:cc:4b:a0:3a,8611,-42,5484,54.22,35.63,44,297321,297828
[Recv] <<< 23:c9:cc:4b:a0:3a,8612,-41,5485,54.21,35.63,27,297348,297855
[Recv] <<< 23:c9:cc:4b:a0:3a,8613,-41,5486,54.21,35.63,32,297380,297887
[Recv] <<< 23:c9:cc:4b:a0:3a,8614,-41,5487,54.20,35.63,31,297411,297918
[Recv] <<< 23:c9:cc:4b:a0:3a,8616,-41,5488,54.20,35.63,64,297475,297982
[Recv] <<< 23:c9:cc:4b:a0:3a,8617,-41,5489,54.20,35.63,32,297507,298014
[Recv] <<< 23:c9:cc:4b:a0:3a,8618,-42,5490,54.20,35.63,39,297546,298053
[Recv] <<< 23:c9:cc:4b:a0:3a,8619,-42,5491,54.20,35.63,39,297585,298092
[Recv] <<< 23:c9:cc:4b:a0:3a,8620,-41,5492,54.19,35.63,31,297616,298123
[Recv] <<< 23:c9:cc:4b:a0:3a,8621,-32,5493,54.19,35.63,38,297654,298161
[Recv] <<< 23:c9:cc:4b:a0:3a,8623,-32,5494,54.19,35.63,67,297721,298228
[Recv] <<< 23:c9:cc:4b:a0:3a,8624,-32,5495,54.19,35.63,42,297763,298270
[Recv] <<< 23:c9:cc:4b:a0:3a,8625,-32,5496,54.18,35.63,29,297792,298299
[Recv] <<< 23:c9:cc:4b:a0:3a,8626,-32,5497,54.18,35.63,38,297830,298337
[Recv] <<< 23:c9:cc:4b:a0:3a,8627,-32,5498,54.18,35.63,30,297860,298367
[Recv] <<< 23:c9:cc:4b:a0:3a,8628,-42,5499,54.17,35.63,31,297891,298398
[Recv] <<< 23:c9:cc:4b:a0:3a,8629,-41,5500,54.17,35.63,43,297934,298441
[Recv] <<< 23:c9:cc:4b:a0:3a,8630,-41,5501,54.16,35.63,25,297959,298466
[Recv] <<< 23:c9:cc:4b:a0:3a,8632,-42,5502,54.17,35.63,67,298026,298533
[Recv] <<< 23:c9:cc:4b:a0:3a,8633,-41,5503,54.16,35.63,37,298063,298570
[Recv] <<< 23:c9:cc:4b:a0:3a,8634,-32,5504,54.16,35.63,42,298105,298612
[Recv] <<< 23:c9:cc:4b:a0:3a,8635,-33,5505,54.16,35.63,47,298152,298659
[Recv] <<< 23:c9:cc:4b:a0:3a,8636,-32,5506,54.15,35.63,24,298176,298683
[Recv] <<< 23:c9:cc:4b:a0:3a,8637,-32,5507,54.15,35.63,31,298207,298714
[Recv] <<< 23:c9:cc:4b:a0:3a,8638,-32,5508,54.15,35.63,36,298243,298750
[Recv] <<< 23:c9:cc:4b:a0:3a,8639,-32,5509,54.14,35.63,39,298282,298789
[Recv] <<< 23:c9:cc:4b:a0:3a,8641,-36,5510,54.15,35.63,71,298353,298860
[Recv] <<< 23:c9:cc:4b:a0:3a,8642,-35,5511,54.14,35.63,34,298387,298894
[Recv] <<< 23:c9:cc:4b:a0:3a,8643,-35,5512,54.14,35.63,42,298429,298936
[Recv] <<< 23:c9:cc:4b:a0:3a,8646,-36,5513,54.15,35.63,101,298530,299037
[Recv] <<< 23:c9:cc:4b:a0:3a,8647,-35,5514,54.15,35.63,36,298566,299073
[Recv] <<< 23:c9:cc:4b:a0:3a,8648,-35,5515,54.14,35.63,29,298595,299102
[Recv] <<< 23:c9:cc:4b:a0:3a,8649,-36,5516,54.14,35.63,32,298627,299134
[Recv] <<< 23:c9:cc:4b:a0:3a,8650,-32,5517,54.13,35.63,32,298659,299166
[Recv] <<< 23:c9:cc:4b:a0:3a,8651,-36,5518,54.13,35.63,38,298697,299204
[Recv] <<< 23:c9:cc:4b:a0:3a,8652,-35,5519,54.13,35.63,32,298729,299236
[Recv] <<< 23:c9:cc:4b:a0:3a,8655,-32,5520,54.13,35.62,93,298822,299329
[Recv] <<< 23:c9:cc:4b:a0:3a,8656,-33,5521,54.13,35.63,40,298862,299369
[Recv] <<< 23:c9:cc:4b:a0:3a,8657,-32,5522,54.13,35.63,38,298900,299407
[Recv] <<< 23:c9:cc:4b:a0:3a,8658,-32,5523,54.12,35.62,26,298926,299433
[Recv] <<< 23:c9:cc:4b:a0:3a,8659,-32,5524,54.12,35.63,41,298967,299474
[Recv] <<< 23:c9:cc:4b:a0:3a,8661,-32,5525,54.12,35.62,62,299029,299536
[Recv] <<< 23:c9:cc:4b:a0:3a,8663,-45,5526,54.12,35.62,63,299092,299599
[Recv] <<< 23:c9:cc:4b:a0:3a,8664,-41,5527,54.12,35.62,41,299133,299640
[Recv] <<< 23:c9:cc:4b:a0:3a,8665,-41,5528,54.12,35.62,27,299160,299667
[Recv] <<< 23:c9:cc:4b:a0:3a,8666,-41,5529,54.11,35.62,30,299190,299697
[Recv] <<< 23:c9:cc:4b:a0:3a,8667,-45,5530,54.11,35.62,38,299228,299735
[Recv] <<< 23:c9:cc:4b:a0:3a,8668,-41,5531,54.11,35.62,33,299261,299768
[Recv] <<< 23:c9:cc:4b:a0:3a,8669,-41,5532,54.10,35.62,34,299295,299802
[Recv] <<< 23:c9:cc:4b:a0:3a,8674,-41,5533,54.12,35.62,170,299465,299972
[Recv] <<< 23:c9:cc:4b:a0:3a,8679,-41,5534,54.14,35.62,172,299637,300144
[Recv] <<< 23:c9:cc:4b:a0:3a,8680,-45,5535,54.14,35.62,34,299671,300178
[Recv] <<< 23:c9:cc:4b:a0:3a,8681,-42,5536,54.14,35.62,34,299705,300212
[Recv] <<< 23:c9:cc:4b:a0:3a,8682,-41,5537,54.13,35.62,35,299740,300247
[Recv] <<< 23:c9:cc:4b:a0:3a,8684,-32,5538,54.14,35.62,77,299817,300324
[Recv] <<< 23:c9:cc:4b:a0:3a,8685,-41,5539,54.13,35.62,32,299849,300356
[Recv] <<< 23:c9:cc:4b:a0:3a,8686,-42,5540,54.13,35.62,30,299879,300386
[Recv] <<< 23:c9:cc:4b:a0:3a,8687,-41,5541,54.13,35.62,34,299913,300420
[Recv] <<< 23:c9:cc:4b:a0:3a,8688,-41,5542,54.12,35.62,34,299947,300454
[Recv] <<< 23:c9:cc:4b:a0:3a,8689,-41,5543,54.12,35.62,31,299978,300485
[Recv] <<< 23:c9:cc:4b:a0:3a,8691,-41,5544,54.12,35.62,68,300046,300553
[Recv] <<< 23:c9:cc:4b:a0:3a,8692,-32,5545,54.12,35.62,38,300084,300591
[Recv] <<< 23:c9:cc:4b:a0:3a,8693,-44,5546,54.12,35.62,39,300123,300630
[Recv] <<< 23:c9:cc:4b:a0:3a,8698,-36,5547,54.13,35.62,156,300279,300786
[Recv] <<< 23:c9:cc:4b:a0:3a,8699,-36,5548,54.13,35.62,30,300309,300816
[Recv] <<< 23:c9:cc:4b:a0:3a,8700,-35,5549,54.13,35.62,37,300346,300853
[Recv] <<< 23:c9:cc:4b:a0:3a,8701,-41,5550,54.12,35.62,40,300386,300893
[Recv] <<< 23:c9:cc:4b:a0:3a,8703,-35,5551,54.12,35.61,60,300446,300953
[Recv] <<< 23:c9:cc:4b:a0:3a,8704,-36,5552,54.12,35.61,35,300481,300988
[Recv] <<< 23:c9:cc:4b:a0:3a,8705,-38,5553,54.12,35.61,31,300512,301019
[Recv] <<< 23:c9:cc:4b:a0:3a,8707,-32,5554,54.12,35.61,66,300578,301085
[Recv] <<< 23:c9:cc:4b:a0:3a,8708,-32,5555,54.11,35.61,29,300607,301114
[Recv] <<< 23:c9:cc:4b:a0:3a,8709,-32,5556,54.11,35.61,45,300652,301159
[Recv] <<< 23:c9:cc:4b:a0:3a,8711,-32,5557,54.11,35.61,61,300713,301220
[Recv] <<< 23:c9:cc:4b:a0:3a,8712,-32,5558,54.11,35.61,34,300747,301254
[Recv] <<< 23:c9:cc:4b:a0:3a,8713,-32,5559,54.11,35.61,36,300783,301290
[Recv] <<< 23:c9:cc:4b:a0:3a,8714,-32,5560,54.10,35.61,34,300817,301324
[Recv] <<< 23:c9:cc:4b:a0:3a,8715,-32,5561,54.10,35.61,33,300850,301357
[Recv] <<< 23:c9:cc:4b:a0:3a,8716,-32,5562,54.10,35.61,33,300883,301390
[Recv] <<< 23:c9:cc:4b:a0:3a,8717,-42,5563,54.09,35.61,35,300918,301425
[Recv] <<< 23:c9:cc:4b:a0:3a,8719,-42,5564,54.09,35.61,62,300980,301487
[Recv] <<< 23:c9:cc:4b:a0:3a,8720,-32,5565,54.09,35.61,42,301022,301529
[Recv] <<< 23:c9:cc:4b:a0:3a,8722,-41,5566,54.09,35.61,57,301079,301586
[Recv] <<< 23:c9:cc:4b:a0:3a,8723,-42,5567,54.09,35.61,32,301111,301618
[Recv] <<< 23:c9:cc:4b:a0:3a,8726,-45,5568,54.10,35.61,101,301212,301719
[Recv] <<< 23:c9:cc:4b:a0:3a,8727,-41,5569,54.09,35.61,30,301242,301749
[Recv] <<< 23:c9:cc:4b:a0:3a,8729,-32,5570,54.10,35.61,85,301327,301834
[Recv] <<< 23:c9:cc:4b:a0:3a,8731,-41,5571,54.10,35.61,66,301393,301900
[Recv] <<< 23:c9:cc:4b:a0:3a,8732,-32,5572,54.10,35.61,40,301433,301940
[Recv] <<< 23:c9:cc:4b:a0:3a,8733,-32,5573,54.09,35.61,30,301463,301970
[Recv] <<< 23:c9:cc:4b:a0:3a,8734,-41,5574,54.09,35.61,34,301497,302004
[Recv] <<< 23:c9:cc:4b:a0:3a,8736,-32,5575,54.09,35.61,77,301574,302081
[Recv] <<< 23:c9:cc:4b:a0:3a,8737,-33,5576,54.09,35.61,39,301613,302120
[Recv] <<< 23:c9:cc:4b:a0:3a,8739,-32,5577,54.09,35.61,69,301682,302189
[Recv] <<< 23:c9:cc:4b:a0:3a,8740,-32,5578,54.09,35.61,30,301712,302219
[Recv] <<< 23:c9:cc:4b:a0:3a,8741,-32,5579,54.09,35.61,32,301744,302251
[Recv] <<< 23:c9:cc:4b:a0:3a,8742,-32,5580,54.08,35.61,32,301776,302283
[Recv] <<< 23:c9:cc:4b:a0:3a,8743,-32,5581,54.08,35.61,36,301812,302319
[Recv] <<< 23:c9:cc:4b:a0:3a,8744,-32,5582,54.08,35.61,35,301847,302354
[Recv] <<< 23:c9:cc:4b:a0:3a,8745,-32,5583,54.07,35.61,30,301877,302384
[Recv] <<< 23:c9:cc:4b:a0:3a,8747,-32,5584,54.07,35.61,72,301949,302456
[Recv] <<< 23:c9:cc:4b:a0:3a,8748,-32,5585,54.07,35.61,35,301984,302491
[Recv] <<< 23:c9:cc:4b:a0:3a,8751,-32,5586,54.08,35.61,101,302085,302592
[Recv] <<< 23:c9:cc:4b:a0:3a,8752,-32,5587,54.08,35.61,35,302120,302627
[Recv] <<< 23:c9:cc:4b:a0:3a,8753,-32,5588,54.07,35.61,37,302157,302664
[Recv] <<< 23:c9:cc:4b:a0:3a,8754,-32,5589,54.07,35.61,30,302187,302694
[Recv] <<< 23:c9:cc:4b:a0:3a,8755,-32,5590,54.06,35.61,33,302220,302727
[Recv] <<< 23:c9:cc:4b:a0:3a,8757,-41,5591,54.07,35.61,67,302287,302794
[Recv] <<< 23:c9:cc:4b:a0:3a,8758,-42,5592,54.06,35.60,35,302322,302829
[Recv] <<< 23:c9:cc:4b:a0:3a,8759,-41,5593,54.06,35.60,33,302355,302862
[Recv] <<< 23:c9:cc:4b:a0:3a,8760,-41,5594,54.06,35.60,35,302390,302897
[Recv] <<< 23:c9:cc:4b:a0:3a,8764,-43,5595,54.07,35.60,138,302528,303035
[Recv] <<< 23:c9:cc:4b:a0:3a,8765,-41,5596,54.07,35.60,35,302563,303070
[Recv] <<< 23:c9:cc:4b:a0:3a,8766,-45,5597,54.06,35.60,33,302596,303103
[Recv] <<< 23:c9:cc:4b:a0:3a,8768,-41,5598,54.07,35.60,63,302659,303166
[Recv] <<< 23:c9:cc:4b:a0:3a,8771,-41,5599,54.08,35.60,110,302769,303276
[Recv] <<< 23:c9:cc:4b:a0:3a,8774,-32,5600,54.09,35.60,121,302890,303397
[Recv] <<< 23:c9:cc:4b:a0:3a,8775,-32,5601,54.08,35.60,28,302918,303425
[Recv] <<< 23:c9:cc:4b:a0:3a,8776,-32,5602,54.08,35.60,35,302953,303460
[Recv] <<< 23:c9:cc:4b:a0:3a,8777,-32,5603,54.08,35.60,33,302986,303493
[Recv] <<< 23:c9:cc:4b:a0:3a,8778,-35,5604,54.07,35.60,47,303033,303540
[Recv] <<< 23:c9:cc:4b:a0:3a,8780,-36,5605,54.08,35.60,58,303091,303598
[Recv] <<< 23:c9:cc:4b:a0:3a,8781,-36,5606,54.07,35.60,37,303128,303635
[Recv] <<< 23:c9:cc:4b:a0:3a,8783,-32,5607,54.07,35.60,59,303187,303694
[Recv] <<< 23:c9:cc:4b:a0:3a,8784,-32,5608,54.07,35.60,35,303222,303729
[Recv] <<< 23:c9:cc:4b:a0:3a,8786,-32,5609,54.07,35.60,71,303293,303800
[Recv] <<< 23:c9:cc:4b:a0:3a,8787,-32,5610,54.07,35.60,30,303323,303830
[Recv] <<< 23:c9:cc:4b:a0:3a,8788,-32,5611,54.06,35.60,31,303354,303861
[Recv] <<< 23:c9:cc:4b:a0:3a,8789,-32,5612,54.06,35.60,39,303393,303900
[Recv] <<< 23:c9:cc:4b:a0:3a,8790,-32,5613,54.06,35.60,30,303423,303930
[Recv] <<< 23:c9:cc:4b:a0:3a,8791,-33,5614,54.05,35.60,31,303454,303961
[Recv] <<< 23:c9:cc:4b:a0:3a,8792,-32,5615,54.05,35.60,33,303487,303994
[Recv] <<< 23:c9:cc:4b:a0:3a,8793,-35,5616,54.05,35.60,43,303530,304037
[Recv] <<< 23:c9:cc:4b:a0:3a,8794,-35,5617,54.04,35.60,33,303563,304070
[Recv] <<< 23:c9:cc:4b:a0:3a,8796,-32,5618,54.05,35.60,65,303628,304135
[Recv] <<< 23:c9:cc:4b:a0:3a,8797,-35,5619,54.04,35.60,38,303666,304173
[Recv] <<< 23:c9:cc:4b:a0:3a,8798,-36,5620,54.04,35.60,35,303701,304208
[Recv] <<< 23:c9:cc:4b:a0:3a,8799,-38,5621,54.04,35.60,32,303733,304240
[Recv] <<< 23:c9:cc:4b:a0:3a,8801,-36,5622,54.04,35.60,74,303807,304314
[Recv] <<< 23:c9:cc:4b:a0:3a,8803,-36,5623,54.04,35.60,65,303872,304379
[Recv] <<< 23:c9:cc:4b:a0:3a,8804,-36,5624,54.04,35.60,39,303911,304418
[Recv] <<< 23:c9:cc:4b:a0:3a,8805,-35,5625,54.03,35.60,31,303942,304449
[Recv] <<< 23:c9:cc:4b:a0:3a,8806,-35,5626,54.03,35.60,33,303975,304482
[Recv] <<< 23:c9:cc:4b:a0:3a,8807,-35,5627,54.03,35.60,36,304011,304518
[Recv] <<< 23:c9:cc:4b:a0:3a,8809,-41,5628,54.03,35.60,75,304086,304593
[Recv] <<< 23:c9:cc:4b:a0:3a,8811,-41,5629,54.03,35.60,66,304152,304659
[Recv] <<< 23:c9:cc:4b:a0:3a,8812,-36,5630,54.03,35.60,33,304185,304692
[Recv] <<< 23:c9:cc:4b:a0:3a,8813,-36,5631,54.03,35.60,41,304226,304733
[Recv] <<< 23:c9:cc:4b:a0:3a,8814,-36,5632,54.02,35.60,37,304263,304770
[Recv] <<< 23:c9:cc:4b:a0:3a,8815,-35,5633,54.02,35.60,26,304289,304796
[Recv] <<< 23:c9:cc:4b:a0:3a,8816,-38,5634,54.01,35.60,31,304320,304827
[Recv] <<< 23:c9:cc:4b:a0:3a,8817,-35,5635,54.01,35.60,39,304359,304866
[Recv] <<< 23:c9:cc:4b:a0:3a,8818,-34,5636,54.01,35.60,37,304396,304903
[Recv] <<< 23:c9:cc:4b:a0:3a,8822,-36,5637,54.02,35.60,133,304529,305036
[Recv] <<< 23:c9:cc:4b:a0:3a,8823,-36,5638,54.02,35.60,35,304564,305071
[Recv] <<< 23:c9:cc:4b:a0:3a,8824,-38,5639,54.02,35.60,40,304604,305111
[Recv] <<< 23:c9:cc:4b:a0:3a,8825,-41,5640,54.01,35.60,35,304639,305146
[Recv] <<< 23:c9:cc:4b:a0:3a,8834,-36,5641,54.06,35.59,295,304934,305441
[Recv] <<< 23:c9:cc:4b:a0:3a,8835,-38,5642,54.05,35.59,39,304973,305480
[Recv] <<< 23:c9:cc:4b:a0:3a,8836,-36,5643,54.05,35.59,22,304995,305502
[Recv] <<< 23:c9:cc:4b:a0:3a,8839,-42,5644,54.06,35.59,124,305119,305626
[Recv] <<< 23:c9:cc:4b:a0:3a,8840,-42,5645,54.06,35.59,32,305151,305658
[Recv] <<< 23:c9:cc:4b:a0:3a,8841,-41,5646,54.05,35.59,39,305190,305697
[Recv] <<< 23:c9:cc:4b:a0:3a,8850,-32,5647,54.10,35.59,314,305504,306011
[Recv] <<< 23:c9:cc:4b:a0:3a,8852,-32,5648,54.10,35.59,74,305578,306085
[Recv] <<< 23:c9:cc:4b:a0:3a,8853,-35,5649,54.10,35.59,40,305618,306125
[Recv] <<< 23:c9:cc:4b:a0:3a,8854,-35,5650,54.10,35.59,35,305653,306160
[Recv] <<< 23:c9:cc:4b:a0:3a,8855,-38,5651,54.09,35.60,37,305690,306197
[Recv] <<< 23:c9:cc:4b:a0:3a,8856,-36,5652,54.09,35.59,34,305724,306231
[Recv] <<< 23:c9:cc:4b:a0:3a,8858,-36,5653,54.09,35.59,65,305789,306296
[Recv] <<< 23:c9:cc:4b:a0:3a,8878,-32,5654,54.21,35.59,702,306491,306998
[Recv] <<< 23:c9:cc:4b:a0:3a,8880,-32,5655,54.21,35.59,65,306556,307063
[Recv] <<< 23:c9:cc:4b:a0:3a,8881,-41,5656,54.21,35.59,34,306590,307097
[Recv] <<< 23:c9:cc:4b:a0:3a,8882,-41,5657,54.20,35.59,29,306619,307126
[Recv] <<< 23:c9:cc:4b:a0:3a,8883,-42,5658,54.20,35.59,38,306657,307164
[Recv] <<< 23:c9:cc:4b:a0:3a,8893,-41,5659,54.25,35.59,343,307000,307507
[Recv] <<< 23:c9:cc:4b:a0:3a,8895,-35,5660,54.25,35.59,66,307066,307573
[Recv] <<< 23:c9:cc:4b:a0:3a,8896,-36,5661,54.25,35.59,32,307098,307605
[Recv] <<< 23:c9:cc:4b:a0:3a,8897,-36,5662,54.24,35.59,35,307133,307640
[Recv] <<< 23:c9:cc:4b:a0:3a,8898,-41,5663,54.24,35.59,45,307178,307685
[Recv] <<< 23:c9:cc:4b:a0:3a,8899,-41,5664,54.24,35.59,36,307214,307721
[Recv] <<< 23:c9:cc:4b:a0:3a,8900,-41,5665,54.24,35.59,36,307250,307757
[Recv] <<< 23:c9:cc:4b:a0:3a,8901,-42,5666,54.23,35.59,35,307285,307792
[Recv] <<< 23:c9:cc:4b:a0:3a,8902,-41,5667,54.23,35.59,27,307312,307819
[Recv] <<< 23:c9:cc:4b:a0:3a,8903,-47,5668,54.22,35.59,32,307344,307851
[Recv] <<< 23:c9:cc:4b:a0:3a,8906,-35,5669,54.24,35.59,121,307465,307972
[Recv] <<< 23:c9:cc:4b:a0:3a,8907,-36,5670,54.23,35.59,43,307508,308015
[Recv] <<< 23:c9:cc:4b:a0:3a,8908,-36,5671,54.23,35.59,23,307531,308038
[Recv] <<< 23:c9:cc:4b:a0:3a,8909,-36,5672,54.23,35.59,39,307570,308077
[Recv] <<< 23:c9:cc:4b:a0:3a,8910,-41,5673,54.22,35.59,38,307608,308115
[Recv] <<< 23:c9:cc:4b:a0:3a,8913,-41,5674,54.23,35.59,101,307709,308216
[Recv] <<< 23:c9:cc:4b:a0:3a,8914,-34,5675,54.23,35.59,41,307750,308257
[Recv] <<< 23:c9:cc:4b:a0:3a,8917,-36,5676,54.24,35.59,104,307854,308361
[Recv] <<< 23:c9:cc:4b:a0:3a,8918,-35,5677,54.23,35.59,34,307888,308395
[Recv] <<< 23:c9:cc:4b:a0:3a,8919,-35,5678,54.23,35.59,33,307921,308428
[Recv] <<< 23:c9:cc:4b:a0:3a,8960,-35,5679,54.48,35.59,1448,309369,309876
[Recv] <<< 23:c9:cc:4b:a0:3a,8961,-35,5680,54.47,35.59,35,309404,309911
[Recv] <<< 23:c9:cc:4b:a0:3a,8964,-32,5681,54.48,35.59,98,309502,310009
[Recv] <<< 23:c9:cc:4b:a0:3a,8965,-32,5682,54.48,35.59,31,309533,310040
[Recv] <<< 23:c9:cc:4b:a0:3a,8966,-32,5683,54.47,35.59,26,309559,310066
[Recv] <<< 23:c9:cc:4b:a0:3a,8967,-36,5684,54.47,35.59,39,309598,310105
[Recv] <<< 23:c9:cc:4b:a0:3a,8968,-32,5685,54.47,35.59,38,309636,310143
[Recv] <<< 23:c9:cc:4b:a0:3a,8969,-32,5686,54.46,35.59,28,309664,310171
[Recv] <<< 23:c9:cc:4b:a0:3a,8970,-32,5687,54.46,35.58,26,309690,310197
[Recv] <<< 23:c9:cc:4b:a0:3a,8971,-32,5688,54.45,35.59,44,309734,310241
[Recv] <<< 23:c9:cc:4b:a0:3a,8972,-41,5689,54.45,35.58,30,309764,310271
[Recv] <<< 23:c9:cc:4b:a0:3a,8973,-32,5690,54.45,35.58,33,309797,310304
[Recv] <<< 23:c9:cc:4b:a0:3a,8974,-32,5691,54.44,35.59,46,309843,310350
[Recv] <<< 23:c9:cc:4b:a0:3a,8975,-32,5692,54.44,35.58,31,309874,310381
[Recv] <<< 23:c9:cc:4b:a0:3a,8976,-32,5693,54.44,35.58,32,309906,310413
[Recv] <<< 23:c9:cc:4b:a0:3a,8977,-32,5694,54.43,35.58,35,309941,310448
[Recv] <<< 23:c9:cc:4b:a0:3a,8978,-32,5695,54.43,35.58,31,309972,310479
[Recv] <<< 23:c9:cc:4b:a0:3a,8979,-38,5696,54.43,35.58,44,310016,310523
[Recv] <<< 23:c9:cc:4b:a0:3a,8980,-35,5697,54.42,35.58,34,310050,310557
[Recv] <<< 23:c9:cc:4b:a0:3a,8981,-36,5698,54.42,35.58,35,310085,310592
[Recv] <<< 23:c9:cc:4b:a0:3a,8982,-33,5699,54.42,35.58,35,310120,310627
[Recv] <<< 23:c9:cc:4b:a0:3a,8983,-35,5700,54.41,35.58,30,310150,310657
[Recv] <<< 23:c9:cc:4b:a0:3a,8985,-35,5701,54.42,35.58,73,310223,310730
[Recv] <<< 23:c9:cc:4b:a0:3a,8986,-35,5702,54.41,35.58,32,310255,310762
[Recv] <<< 23:c9:cc:4b:a0:3a,8987,-36,5703,54.41,35.58,34,310289,310796
[Recv] <<< 23:c9:cc:4b:a0:3a,8988,-36,5704,54.40,35.58,33,310322,310829
[Recv] <<< 23:c9:cc:4b:a0:3a,8989,-36,5705,54.40,35.58,40,310362,310869
[Recv] <<< 23:c9:cc:4b:a0:3a,8990,-42,5706,54.40,35.58,41,310403,310910
[Recv] <<< 23:c9:cc:4b:a0:3a,8991,-36,5707,54.39,35.58,27,310430,310937
[Recv] <<< 23:c9:cc:4b:a0:3a,8992,-35,5708,54.39,35.58,36,310466,310973
[Recv] <<< 23:c9:cc:4b:a0:3a,8993,-48,5709,54.39,35.58,40,310506,311013
[Recv] <<< 23:c9:cc:4b:a0:3a,8994,-32,5710,54.39,35.58,40,310546,311053
[Recv] <<< 23:c9:cc:4b:a0:3a,8995,-32,5711,54.38,35.58,33,310579,311086
[Recv] <<< 23:c9:cc:4b:a0:3a,8997,-35,5712,54.39,35.58,77,310656,311163
[Recv] <<< 23:c9:cc:4b:a0:3a,8998,-35,5713,54.38,35.58,31,310687,311194
[Recv] <<< 23:c9:cc:4b:a0:3a,8999,-35,5714,54.38,35.58,36,310723,311230
[Recv] <<< 23:c9:cc:4b:a0:3a,9001,-41,5715,54.38,35.59,82,310805,311312
[Recv] <<< 23:c9:cc:4b:a0:3a,9002,-41,5716,54.38,35.59,32,310837,311344
[Recv] <<< 23:c9:cc:4b:a0:3a,9003,-41,5717,54.38,35.58,33,310870,311377
[Recv] <<< 23:c9:cc:4b:a0:3a,9005,-41,5718,54.38,35.59,73,310943,311450
[Recv] <<< 23:c9:cc:4b:a0:3a,9006,-45,5719,54.38,35.58,33,310976,311483
[Recv] <<< 23:c9:cc:4b:a0:3a,9008,-41,5720,54.38,35.58,63,311039,311546
[Recv] <<< 23:c9:cc:4b:a0:3a,9009,-45,5721,54.37,35.58,33,311072,311579
[Recv] <<< 23:c9:cc:4b:a0:3a,9010,-42,5722,54.37,35.58,38,311110,311617
[Recv] <<< 23:c9:cc:4b:a0:3a,9011,-41,5723,54.37,35.58,34,311144,311651
[Recv] <<< 23:c9:cc:4b:a0:3a,9012,-45,5724,54.36,35.58,30,311174,311681
[Recv] <<< 23:c9:cc:4b:a0:3a,9013,-47,5725,54.36,35.58,48,311222,311729
[Recv] <<< 23:c9:cc:4b:a0:3a,9014,-41,5726,54.36,35.58,31,311253,311760
[Recv] <<< 23:c9:cc:4b:a0:3a,9016,-35,5727,54.36,35.58,60,311313,311820
[Recv] <<< 23:c9:cc:4b:a0:3a,9017,-35,5728,54.35,35.58,28,311341,311848
[Recv] <<< 23:c9:cc:4b:a0:3a,9020,-35,5729,54.36,35.58,107,311448,311955
[Recv] <<< 23:c9:cc:4b:a0:3a,9021,-42,5730,54.36,35.58,40,311488,311995
[Recv] <<< 23:c9:cc:4b:a0:3a,9025,-32,5731,54.38,35.58,153,311641,312148
[Recv] <<< 23:c9:cc:4b:a0:3a,9026,-32,5732,54.37,35.58,36,311677,312184
[Recv] <<< 23:c9:cc:4b:a0:3a,9027,-32,5733,54.37,35.58,38,311715,312222
[Recv] <<< 23:c9:cc:4b:a0:3a,9028,-35,5734,54.37,35.58,41,311756,312263
[Recv] <<< 23:c9:cc:4b:a0:3a,9029,-35,5735,54.37,35.59,43,311799,312306
[Recv] <<< 23:c9:cc:4b:a0:3a,9034,-41,5736,54.39,35.59,186,311985,312492
[Recv] <<< 23:c9:cc:4b:a0:3a,9036,-32,5737,54.39,35.59,78,312063,312570
[Recv] <<< 23:c9:cc:4b:a0:3a,9037,-32,5738,54.39,35.59,35,312098,312605
[Recv] <<< 23:c9:cc:4b:a0:3a,9038,-35,5739,54.39,35.59,37,312135,312642
[Recv] <<< 23:c9:cc:4b:a0:3a,9039,-41,5740,54.39,35.59,41,312176,312683
[Recv] <<< 23:c9:cc:4b:a0:3a,9040,-32,5741,54.38,35.59,47,312223,312730
[Recv] <<< 23:c9:cc:4b:a0:3a,9041,-32,5742,54.38,35.59,35,312258,312765
[Recv] <<< 23:c9:cc:4b:a0:3a,9042,-36,5743,54.38,35.59,41,312299,312806
[Recv] <<< 23:c9:cc:4b:a0:3a,9043,-35,5744,54.38,35.59,43,312342,312849
[Recv] <<< 23:c9:cc:4b:a0:3a,9050,-36,5745,54.41,35.59,272,312614,313121
[Recv] <<< 23:c9:cc:4b:a0:3a,9051,-38,5746,54.41,35.59,34,312648,313155
[Recv] <<< 23:c9:cc:4b:a0:3a,9052,-36,5747,54.41,35.59,37,312685,313192
[Recv] <<< 23:c9:cc:4b:a0:3a,9054,-41,5748,54.41,35.59,80,312765,313272
[Recv] <<< 23:c9:cc:4b:a0:3a,9056,-32,5749,54.42,35.59,73,312838,313345
[Recv] <<< 23:c9:cc:4b:a0:3a,9058,-36,5750,54.42,35.60,84,312922,313429
[Recv] <<< 23:c9:cc:4b:a0:3a,9059,-35,5751,54.42,35.60,46,312968,313475
[Recv] <<< 23:c9:cc:4b:a0:3a,9060,-41,5752,54.42,35.60,40,313008,313515
[Recv] <<< 23:c9:cc:4b:a0:3a,9061,-45,5753,54.41,35.60,31,313039,313546
[Recv] <<< 23:c9:cc:4b:a0:3a,9062,-32,5754,54.41,35.60,47,313086,313593
[Recv] <<< 23:c9:cc:4b:a0:3a,9063,-32,5755,54.41,35.60,38,313124,313631
[Recv] <<< 23:c9:cc:4b:a0:3a,9064,-35,5756,54.41,35.60,37,313161,313668
[Recv] <<< 23:c9:cc:4b:a0:3a,9065,-36,5757,54.40,35.60,44,313205,313712
[Recv] <<< 23:c9:cc:4b:a0:3a,9066,-42,5758,54.40,35.60,41,313246,313753
[Recv] <<< 23:c9:cc:4b:a0:3a,9068,-32,5759,54.41,35.60,81,313327,313834
[Recv] <<< 23:c9:cc:4b:a0:3a,9069,-32,5760,54.40,35.60,44,313371,313878
[Recv] <<< 23:c9:cc:4b:a0:3a,9070,-36,5761,54.40,35.60,37,313408,313915
[Recv] <<< 23:c9:cc:4b:a0:3a,9071,-36,5762,54.40,35.60,46,313454,313961
[Recv] <<< 23:c9:cc:4b:a0:3a,9072,-41,5763,54.40,35.60,40,313494,314001
[Recv] <<< 23:c9:cc:4b:a0:3a,9073,-32,5764,54.40,35.61,46,313540,314047
[Recv] <<< 23:c9:cc:4b:a0:3a,9074,-35,5765,54.40,35.61,52,313592,314099
[Recv] <<< 23:c9:cc:4b:a0:3a,9075,-41,5766,54.39,35.61,30,313622,314129
[Recv] <<< 23:c9:cc:4b:a0:3a,9077,-32,5767,54.40,35.61,86,313708,314215
[Recv] <<< 23:c9:cc:4b:a0:3a,9078,-32,5768,54.40,35.61,44,313752,314259
[Recv] <<< 23:c9:cc:4b:a0:3a,9079,-35,5769,54.39,35.61,45,313797,314304
[Recv] <<< 23:c9:cc:4b:a0:3a,9080,-42,5770,54.39,35.61,38,313835,314342
[Recv] <<< 23:c9:cc:4b:a0:3a,9081,-32,5771,54.39,35.61,44,313879,314386
[Recv] <<< 23:c9:cc:4b:a0:3a,9082,-32,5772,54.39,35.61,39,313918,314425
[Recv] <<< 23:c9:cc:4b:a0:3a,9083,-35,5773,54.39,35.61,49,313967,314474
[Recv] <<< 23:c9:cc:4b:a0:3a,9084,-41,5774,54.38,35.61,36,314003,314510
[Recv] <<< 23:c9:cc:4b:a0:3a,9085,-42,5775,54.38,35.61,44,314047,314554
[Recv] <<< 23:c9:cc:4b:a0:3a,9087,-32,5776,54.39,35.62,83,314130,314637
[Recv] <<< 23:c9:cc:4b:a0:3a,9089,-36,5777,54.39,35.62,80,314210,314717
[Recv] <<< 23:c9:cc:4b:a0:3a,9090,-41,5778,54.39,35.62,48,314258,314765
[Recv] <<< 23:c9:cc:4b:a0:3a,9091,-41,5779,54.39,35.62,44,314302,314809
[Recv] <<< 23:c9:cc:4b:a0:3a,9092,-32,5780,54.38,35.62,37,314339,314846
[Recv] <<< 23:c9:cc:4b:a0:3a,9093,-33,5781,54.38,35.62,46,314385,314892
[Recv] <<< 23:c9:cc:4b:a0:3a,9094,-42,5782,54.38,35.62,47,314432,314939
[Recv] <<< 23:c9:cc:4b:a0:3a,9096,-32,5783,54.39,35.62,85,314517,315024
[Recv] <<< 23:c9:cc:4b:a0:3a,9097,-32,5784,54.38,35.62,39,314556,315063
[Recv] <<< 23:c9:cc:4b:a0:3a,9098,-36,5785,54.38,35.62,47,314603,315110
[Recv] <<< 23:c9:cc:4b:a0:3a,9099,-45,5786,54.38,35.63,41,314644,315151
[Recv] <<< 23:c9:cc:4b:a0:3a,9101,-32,5787,54.39,35.63,82,314726,315233
[Recv] <<< 23:c9:cc:4b:a0:3a,9102,-36,5788,54.38,35.63,42,314768,315275
[Recv] <<< 23:c9:cc:4b:a0:3a,9104,-46,5789,54.39,35.63,87,314855,315362
[Recv] <<< 23:c9:cc:4b:a0:3a,9105,-42,5790,54.39,35.63,41,314896,315403
[Recv] <<< 23:c9:cc:4b:a0:3a,9106,-32,5791,54.38,35.63,41,314937,315444
[Recv] <<< 23:c9:cc:4b:a0:3a,9107,-36,5792,54.38,35.63,47,314984,315491
[Recv] <<< 23:c9:cc:4b:a0:3a,9108,-46,5793,54.38,35.63,41,315025,315532
[Recv] <<< 23:c9:cc:4b:a0:3a,9109,-42,5794,54.38,35.63,40,315065,315572
[Recv] <<< 23:c9:cc:4b:a0:3a,9110,-32,5795,54.38,35.63,40,315105,315612
[Recv] <<< 23:c9:cc:4b:a0:3a,9111,-36,5796,54.37,35.63,48,315153,315660
[Recv] <<< 23:c9:cc:4b:a0:3a,9113,-41,5797,54.38,35.64,80,315233,315740
[Recv] <<< 23:c9:cc:4b:a0:3a,9114,-32,5798,54.38,35.64,50,315283,315790
[Recv] <<< 23:c9:cc:4b:a0:3a,9116,-36,5799,54.38,35.64,74,315357,315864
[Recv] <<< 23:c9:cc:4b:a0:3a,9120,-32,5800,54.40,35.64,169,315526,316033
[Recv] <<< 23:c9:cc:4b:a0:3a,9121,-35,5801,54.40,35.64,33,315559,316066
[Recv] <<< 23:c9:cc:4b:a0:3a,9123,-42,5802,54.40,35.64,82,315641,316148
[Recv] <<< 23:c9:cc:4b:a0:3a,9124,-41,5803,54.40,35.64,44,315685,316192
[Recv] <<< 23:c9:cc:4b:a0:3a,9129,-45,5804,54.43,35.65,206,315891,316398
[Recv] <<< 23:c9:cc:4b:a0:3a,9130,-32,5805,54.42,35.65,46,315937,316444
[Recv] <<< 23:c9:cc:4b:a0:3a,9150,-35,5806,54.56,35.66,846,316783,317290
[Recv] <<< 23:c9:cc:4b:a0:3a,9151,-41,5807,54.56,35.66,45,316828,317335
[Recv] <<< 23:c9:cc:4b:a0:3a,9152,-42,5808,54.56,35.66,40,316868,317375
[Recv] <<< 23:c9:cc:4b:a0:3a,9153,-32,5809,54.56,35.66,45,316913,317420
[Recv] <<< 23:c9:cc:4b:a0:3a,9154,-36,5810,54.55,35.67,46,316959,317466
[Recv] <<< 23:c9:cc:4b:a0:3a,9155,-36,5811,54.55,35.67,42,317001,317508
[Recv] <<< 23:c9:cc:4b:a0:3a,9156,-41,5812,54.55,35.67,45,317046,317553
[Recv] <<< 23:c9:cc:4b:a0:3a,9157,-32,5813,54.55,35.67,44,317090,317597
[Recv] <<< 23:c9:cc:4b:a0:3a,9158,-35,5814,54.55,35.67,41,317131,317638
[Recv] <<< 23:c9:cc:4b:a0:3a,9159,-35,5815,54.54,35.67,40,317171,317678
[Recv] <<< 23:c9:cc:4b:a0:3a,9173,-38,5816,54.63,35.68,580,317751,318258
[Recv] <<< 23:c9:cc:4b:a0:3a,9214,-41,5817,54.91,35.70,1685,319436,319943
[Recv] <<< 23:c9:cc:4b:a0:3a,9238,-32,5818,55.07,35.72,975,320411,320918
[Recv] <<< 23:c9:cc:4b:a0:3a,9239,-32,5819,55.07,35.72,42,320453,320960
[Recv] <<< 23:c9:cc:4b:a0:3a,9240,-36,5820,55.07,35.72,41,320494,321001
[Recv] <<< 23:c9:cc:4b:a0:3a,9252,-32,5821,55.14,35.72,480,320974,321481
[Recv] <<< 23:c9:cc:4b:a0:3a,9257,-45,5822,55.17,35.73,203,321177,321684
[Recv] <<< 23:c9:cc:4b:a0:3a,9258,-32,5823,55.17,35.73,51,321228,321735
[Recv] <<< 23:c9:cc:4b:a0:3a,9259,-35,5824,55.16,35.73,35,321263,321770
[Recv] <<< 23:c9:cc:4b:a0:3a,9261,-41,5825,55.17,35.73,81,321344,321851
[Recv] <<< 23:c9:cc:4b:a0:3a,9262,-41,5826,55.16,35.73,42,321386,321893
[Recv] <<< 23:c9:cc:4b:a0:3a,9263,-32,5827,55.16,35.73,42,321428,321935
[Recv] <<< 23:c9:cc:4b:a0:3a,9264,-35,5828,55.16,35.73,44,321472,321979
[Recv] <<< 23:c9:cc:4b:a0:3a,9266,-35,5829,55.16,35.73,74,321546,322053
[Recv] <<< 23:c9:cc:4b:a0:3a,9267,-36,5830,55.16,35.73,41,321587,322094
[Recv] <<< 23:c9:cc:4b:a0:3a,9269,-33,5831,55.16,35.73,78,321665,322172
[Recv] <<< 23:c9:cc:4b:a0:3a,9270,-32,5832,55.16,35.73,46,321711,322218
[Recv] <<< 23:c9:cc:4b:a0:3a,9271,-36,5833,55.16,35.73,42,321753,322260
[Recv] <<< 23:c9:cc:4b:a0:3a,9272,-36,5834,55.16,35.73,37,321790,322297
[Recv] <<< 23:c9:cc:4b:a0:3a,9273,-41,5835,55.16,35.74,41,321831,322338
[Recv] <<< 23:c9:cc:4b:a0:3a,9274,-41,5836,55.15,35.74,39,321870,322377
[Recv] <<< 23:c9:cc:4b:a0:3a,9275,-32,5837,55.15,35.74,40,321910,322417
[Recv] <<< 23:c9:cc:4b:a0:3a,9277,-35,5838,55.15,35.74,83,321993,322500
[Recv] <<< 23:c9:cc:4b:a0:3a,9278,-35,5839,55.15,35.74,36,322029,322536
[Recv] <<< 23:c9:cc:4b:a0:3a,9281,-36,5840,55.16,35.74,130,322159,322666
[Recv] <<< 23:c9:cc:4b:a0:3a,9283,-36,5841,55.17,35.74,79,322238,322745
[Recv] <<< 23:c9:cc:4b:a0:3a,9284,-44,5842,55.17,35.74,49,322287,322794
[Recv] <<< 23:c9:cc:4b:a0:3a,9285,-41,5843,55.16,35.74,41,322328,322835
[Recv] <<< 23:c9:cc:4b:a0:3a,9288,-37,5844,55.18,35.74,123,322451,322958
[Recv] <<< 23:c9:cc:4b:a0:3a,9289,-38,5845,55.17,35.75,46,322497,323004
[Recv] <<< 23:c9:cc:4b:a0:3a,9290,-36,5846,55.17,35.74,30,322527,323034
[Recv] <<< 23:c9:cc:4b:a0:3a,9291,-41,5847,55.17,35.75,52,322579,323086
[Recv] <<< 23:c9:cc:4b:a0:3a,9292,-41,5848,55.17,35.75,37,322616,323123
[Recv] <<< 23:c9:cc:4b:a0:3a,9294,-41,5849,55.17,35.75,74,322690,323197
[Recv] <<< 23:c9:cc:4b:a0:3a,9296,-32,5850,55.17,35.75,80,322770,323277
[Recv] <<< 23:c9:cc:4b:a0:3a,9298,-35,5851,55.18,35.75,75,322845,323352
[Recv] <<< 23:c9:cc:4b:a0:3a,9299,-36,5852,55.18,35.75,42,322887,323394
[Recv] <<< 23:c9:cc:4b:a0:3a,9303,-35,5853,55.19,35.75,133,323020,323527
[Recv] <<< 23:c9:cc:4b:a0:3a,9304,-45,5854,55.19,35.75,44,323064,323571
[Recv] <<< 23:c9:cc:4b:a0:3a,9305,-41,5855,55.18,35.75,38,323102,323609
[Recv] <<< 23:c9:cc:4b:a0:3a,9306,-41,5856,55.18,35.75,34,323136,323643
[Recv] <<< 23:c9:cc:4b:a0:3a,9308,-35,5857,55.18,35.75,72,323208,323715
[Recv] <<< 23:c9:cc:4b:a0:3a,9309,-41,5858,55.18,35.75,45,323253,323760
[Recv] <<< 23:c9:cc:4b:a0:3a,9310,-41,5859,55.18,35.75,36,323289,323796
[Recv] <<< 23:c9:cc:4b:a0:3a,9311,-32,5860,55.17,35.75,35,323324,323831
[Recv] <<< 23:c9:cc:4b:a0:3a,9312,-41,5861,55.17,35.75,34,323358,323865
[Recv] <<< 23:c9:cc:4b:a0:3a,9314,-32,5862,55.18,35.75,84,323442,323949
[Recv] <<< 23:c9:cc:4b:a0:3a,9315,-38,5863,55.17,35.75,43,323485,323992
[Recv] <<< 23:c9:cc:4b:a0:3a,9316,-33,5864,55.17,35.75,42,323527,324034
[Recv] <<< 23:c9:cc:4b:a0:3a,9319,-32,5865,55.18,35.75,121,323648,324155
[Recv] <<< 23:c9:cc:4b:a0:3a,9320,-32,5866,55.18,35.75,41,323689,324196
[Recv] <<< 23:c9:cc:4b:a0:3a,9321,-35,5867,55.18,35.76,46,323735,324242
[Recv] <<< 23:c9:cc:4b:a0:3a,9322,-36,5868,55.18,35.76,32,323767,324274
[Recv] <<< 23:c9:cc:4b:a0:3a,9323,-38,5869,55.17,35.76,39,323806,324313
[Recv] <<< 23:c9:cc:4b:a0:3a,9324,-36,5870,55.17,35.76,32,323838,324345
[Recv] <<< 23:c9:cc:4b:a0:3a,9325,-36,5871,55.16,35.76,35,323873,324380
[Recv] <<< 23:c9:cc:4b:a0:3a,9326,-41,5872,55.16,35.76,43,323916,324423
[Recv] <<< 23:c9:cc:4b:a0:3a,9328,-42,5873,55.17,35.76,75,323991,324498
[Recv] <<< 23:c9:cc:4b:a0:3a,9329,-32,5874,55.16,35.76,43,324034,324541
[Recv] <<< 23:c9:cc:4b:a0:3a,9330,-35,5875,55.16,35.76,44,324078,324585
[Recv] <<< 23:c9:cc:4b:a0:3a,9331,-36,5876,55.16,35.76,42,324120,324627
[Recv] <<< 23:c9:cc:4b:a0:3a,9332,-36,5877,55.16,35.76,35,324155,324662
[Recv] <<< 23:c9:cc:4b:a0:3a,9333,-41,5878,55.15,35.76,42,324197,324704
[Recv] <<< 23:c9:cc:4b:a0:3a,9335,-41,5879,55.16,35.76,76,324273,324780
[Recv] <<< 23:c9:cc:4b:a0:3a,9336,-32,5880,55.16,35.76,47,324320,324827
[Recv] <<< 23:c9:cc:4b:a0:3a,9340,-35,5881,55.17,35.76,145,324465,324972
[Recv] <<< 23:c9:cc:4b:a0:3a,9341,-38,5882,55.17,35.76,43,324508,325015
[Recv] <<< 23:c9:cc:4b:a0:3a,9342,-35,5883,55.17,35.76,35,324543,325050
[Recv] <<< 23:c9:cc:4b:a0:3a,9343,-36,5884,55.16,35.76,36,324579,325086
[Recv] <<< 23:c9:cc:4b:a0:3a,9344,-35,5885,55.16,35.76,35,324614,325121
[Recv] <<< 23:c9:cc:4b:a0:3a,9345,-42,5886,55.16,35.76,43,324657,325164
[Recv] <<< 23:c9:cc:4b:a0:3a,9346,-41,5887,55.15,35.76,30,324687,325194
[Recv] <<< 23:c9:cc:4b:a0:3a,9348,-41,5888,55.16,35.76,66,324753,325260
[Recv] <<< 23:c9:cc:4b:a0:3a,9349,-42,5889,55.15,35.76,40,324793,325300
[Recv] <<< 23:c9:cc:4b:a0:3a,9350,-32,5890,55.15,35.76,37,324830,325337
[Recv] <<< 23:c9:cc:4b:a0:3a,9351,-32,5891,55.15,35.76,38,324868,325375
[Recv] <<< 23:c9:cc:4b:a0:3a,9352,-32,5892,55.14,35.76,30,324898,325405
[Recv] <<< 23:c9:cc:4b:a0:3a,9353,-35,5893,55.14,35.76,38,324936,325443
[Recv] <<< 23:c9:cc:4b:a0:3a,9356,-32,5894,55.15,35.76,112,325048,325555
[Recv] <<< 23:c9:cc:4b:a0:3a,9357,-32,5895,55.15,35.76,34,325082,325589
[Recv] <<< 23:c9:cc:4b:a0:3a,9358,-32,5896,55.14,35.76,38,325120,325627
[Recv] <<< 23:c9:cc:4b:a0:3a,9359,-32,5897,55.14,35.76,33,325153,325660
[Recv] <<< 23:c9:cc:4b:a0:3a,9360,-32,5898,55.13,35.76,33,325186,325693
[Recv] <<< 23:c9:cc:4b:a0:3a,9361,-35,5899,55.13,35.76,42,325228,325735
[Recv] <<< 23:c9:cc:4b:a0:3a,9362,-35,5900,55.13,35.76,39,325267,325774
[Recv] <<< 23:c9:cc:4b:a0:3a,9363,-38,5901,55.13,35.76,30,325297,325804
[Recv] <<< 23:c9:cc:4b:a0:3a,9364,-45,5902,55.12,35.76,41,325338,325845
[Recv] <<< 23:c9:cc:4b:a0:3a,9365,-41,5903,55.12,35.76,37,325375,325882
[Recv] <<< 23:c9:cc:4b:a0:3a,9366,-41,5904,55.12,35.76,35,325410,325917
[Recv] <<< 23:c9:cc:4b:a0:3a,9367,-47,5905,55.11,35.76,33,325443,325950
[Recv] <<< 23:c9:cc:4b:a0:3a,9368,-41,5906,55.11,35.76,37,325480,325987
[Recv] <<< 23:c9:cc:4b:a0:3a,9369,-41,5907,55.11,35.76,31,325511,326018
[Recv] <<< 23:c9:cc:4b:a0:3a,9370,-41,5908,55.10,35.76,34,325545,326052
[Recv] <<< 23:c9:cc:4b:a0:3a,9371,-45,5909,55.10,35.76,34,325579,326086
[Recv] <<< 23:c9:cc:4b:a0:3a,9372,-41,5910,55.10,35.76,39,325618,326125
[Recv] <<< 23:c9:cc:4b:a0:3a,9373,-32,5911,55.09,35.76,38,325656,326163
[Recv] <<< 23:c9:cc:4b:a0:3a,9375,-35,5912,55.10,35.76,76,325732,326239
[Recv] <<< 23:c9:cc:4b:a0:3a,9376,-36,5913,55.09,35.76,37,325769,326276
[Recv] <<< 23:c9:cc:4b:a0:3a,9377,-38,5914,55.09,35.76,31,325800,326307
[Recv] <<< 23:c9:cc:4b:a0:3a,9378,-36,5915,55.09,35.76,36,325836,326343
[Recv] <<< 23:c9:cc:4b:a0:3a,9379,-36,5916,55.08,35.76,34,325870,326377
[Recv] <<< 23:c9:cc:4b:a0:3a,9380,-35,5917,55.08,35.76,35,325905,326412
[Recv] <<< 23:c9:cc:4b:a0:3a,9381,-35,5918,55.08,35.76,34,325939,326446
[Recv] <<< 23:c9:cc:4b:a0:3a,9382,-36,5919,55.07,35.76,40,325979,326486
[Recv] <<< 23:c9:cc:4b:a0:3a,9385,-41,5920,55.08,35.76,104,326083,326590
[Recv] <<< 23:c9:cc:4b:a0:3a,9386,-48,5921,55.08,35.76,35,326118,326625
[Recv] <<< 23:c9:cc:4b:a0:3a,9387,-41,5922,55.07,35.76,32,326150,326657
[Recv] <<< 23:c9:cc:4b:a0:3a,9388,-41,5923,55.07,35.76,41,326191,326698
[Recv] <<< 23:c9:cc:4b:a0:3a,9389,-45,5924,55.07,35.76,35,326226,326733
[Recv] <<< 23:c9:cc:4b:a0:3a,9390,-41,5925,55.07,35.76,36,326262,326769
[Recv] <<< 23:c9:cc:4b:a0:3a,9391,-41,5926,55.06,35.76,25,326287,326794
[Recv] <<< 23:c9:cc:4b:a0:3a,9392,-41,5927,55.06,35.76,44,326331,326838
[Recv] <<< 23:c9:cc:4b:a0:3a,9395,-32,5928,55.07,35.76,103,326434,326941
[Recv] <<< 23:c9:cc:4b:a0:3a,9399,-36,5929,55.08,35.76,155,326589,327096
[Recv] <<< 23:c9:cc:4b:a0:3a,9401,-36,5930,55.09,35.76,71,326660,327167
[Recv] <<< 23:c9:cc:4b:a0:3a,9402,-45,5931,55.08,35.76,39,326699,327206
[Recv] <<< 23:c9:cc:4b:a0:3a,9403,-46,5932,55.08,35.76,38,326737,327244
[Recv] <<< 23:c9:cc:4b:a0:3a,9408,-32,5933,55.10,35.76,180,326917,327424
[Recv] <<< 23:c9:cc:4b:a0:3a,9410,-32,5934,55.11,35.76,80,326997,327504
[Recv] <<< 23:c9:cc:4b:a0:3a,9412,-32,5935,55.11,35.76,67,327064,327571
[Recv] <<< 23:c9:cc:4b:a0:3a,9416,-36,5936,55.12,35.76,148,327212,327719
[Recv] <<< 23:c9:cc:4b:a0:3a,9418,-41,5937,55.13,35.77,77,327289,327796
[Recv] <<< 23:c9:cc:4b:a0:3a,9419,-41,5938,55.12,35.76,32,327321,327828
[Recv] <<< 23:c9:cc:4b:a0:3a,9420,-32,5939,55.12,35.77,43,327364,327871
[Recv] <<< 23:c9:cc:4b:a0:3a,9421,-32,5940,55.12,35.77,36,327400,327907
[Recv] <<< 23:c9:cc:4b:a0:3a,9426,-41,5941,55.14,35.77,197,327597,328104
[Recv] <<< 23:c9:cc:4b:a0:3a,9430,-32,5942,55.16,35.77,143,327740,328247
[Recv] <<< 23:c9:cc:4b:a0:3a,9431,-32,5943,55.15,35.77,43,327783,328290
[Recv] <<< 23:c9:cc:4b:a0:3a,9432,-32,5944,55.15,35.77,32,327815,328322
[Recv] <<< 23:c9:cc:4b:a0:3a,9433,-32,5945,55.15,35.77,32,327847,328354
[Recv] <<< 23:c9:cc:4b:a0:3a,9434,-32,5946,55.14,35.77,40,327887,328394
[Recv] <<< 23:c9:cc:4b:a0:3a,9436,-36,5947,55.15,35.77,74,327961,328468
[Recv] <<< 23:c9:cc:4b:a0:3a,9438,-41,5948,55.15,35.77,83,328044,328551
[Recv] <<< 23:c9:cc:4b:a0:3a,9439,-41,5949,55.15,35.77,38,328082,328589
[Recv] <<< 23:c9:cc:4b:a0:3a,9441,-41,5950,55.15,35.77,76,328158,328665
[Recv] <<< 23:c9:cc:4b:a0:3a,9442,-32,5951,55.15,35.77,36,328194,328701
[Recv] <<< 23:c9:cc:4b:a0:3a,9443,-32,5952,55.15,35.77,37,328231,328738
[Recv] <<< 23:c9:cc:4b:a0:3a,9444,-36,5953,55.14,35.77,42,328273,328780
[Recv] <<< 23:c9:cc:4b:a0:3a,9448,-41,5954,55.16,35.77,158,328431,328938
[Recv] <<< 23:c9:cc:4b:a0:3a,9450,-32,5955,55.16,35.77,72,328503,329010
[Recv] <<< 23:c9:cc:4b:a0:3a,9451,-32,5956,55.16,35.77,40,328543,329050
[Recv] <<< 23:c9:cc:4b:a0:3a,9452,-32,5957,55.16,35.77,35,328578,329085
[Recv] <<< 23:c9:cc:4b:a0:3a,9453,-36,5958,55.15,35.77,35,328613,329120
[Recv] <<< 23:c9:cc:4b:a0:3a,9454,-35,5959,55.15,35.77,37,328650,329157
[Recv] <<< 23:c9:cc:4b:a0:3a,9456,-38,5960,55.15,35.77,70,328720,329227
[Recv] <<< 23:c9:cc:4b:a0:3a,9457,-32,5961,55.15,35.77,28,328748,329255
[Recv] <<< 23:c9:cc:4b:a0:3a,9458,-36,5962,55.15,35.77,44,328792,329299
[Recv] <<< 23:c9:cc:4b:a0:3a,9459,-36,5963,55.14,35.77,34,328826,329333
[Recv] <<< 23:c9:cc:4b:a0:3a,9460,-36,5964,55.14,35.77,40,328866,329373
[Recv] <<< 23:c9:cc:4b:a0:3a,9461,-35,5965,55.14,35.77,24,328890,329397
[Recv] <<< 23:c9:cc:4b:a0:3a,9462,-41,5966,55.13,35.77,44,328934,329441
[Recv] <<< 23:c9:cc:4b:a0:3a,9463,-41,5967,55.13,35.77,35,328969,329476
[Recv] <<< 23:c9:cc:4b:a0:3a,9467,-32,5968,55.15,35.77,140,329109,329616
[Recv] <<< 23:c9:cc:4b:a0:3a,9469,-41,5969,55.15,35.77,68,329177,329684
[Recv] <<< 23:c9:cc:4b:a0:3a,9470,-47,5970,55.14,35.77,35,329212,329719
[Recv] <<< 23:c9:cc:4b:a0:3a,9471,-45,5971,55.14,35.77,32,329244,329751
[Recv] <<< 23:c9:cc:4b:a0:3a,9472,-41,5972,55.14,35.77,39,329283,329790
[Recv] <<< 23:c9:cc:4b:a0:3a,9473,-43,5973,55.13,35.77,38,329321,329828
[Recv] <<< 23:c9:cc:4b:a0:3a,9474,-36,5974,55.13,35.77,30,329351,329858
[Recv] <<< 23:c9:cc:4b:a0:3a,9478,-36,5975,55.14,35.77,138,329489,329996
[Recv] <<< 23:c9:cc:4b:a0:3a,9479,-32,5976,55.14,35.77,34,329523,330030
[Recv] <<< 23:c9:cc:4b:a0:3a,9480,-32,5977,55.14,35.77,34,329557,330064
[Recv] <<< 23:c9:cc:4b:a0:3a,9481,-36,5978,55.13,35.77,40,329597,330104
[Recv] <<< 23:c9:cc:4b:a0:3a,9483,-45,5979,55.14,35.77,71,329668,330175
[Recv] <<< 23:c9:cc:4b:a0:3a,9484,-41,5980,55.13,35.77,39,329707,330214
[Recv] <<< 23:c9:cc:4b:a0:3a,9485,-41,5981,55.13,35.77,37,329744,330251
[Recv] <<< 23:c9:cc:4b:a0:3a,9486,-41,5982,55.13,35.77,30,329774,330281
[Recv] <<< 23:c9:cc:4b:a0:3a,9487,-45,5983,55.13,35.77,41,329815,330322
[Recv] <<< 23:c9:cc:4b:a0:3a,9488,-42,5984,55.12,35.77,30,329845,330352
[Recv] <<< 23:c9:cc:4b:a0:3a,9489,-41,5985,55.12,35.77,37,329882,330389
[Recv] <<< 23:c9:cc:4b:a0:3a,9490,-41,5986,55.11,35.77,29,329911,330418
[Recv] <<< 23:c9:cc:4b:a0:3a,9491,-41,5987,55.11,35.77,36,329947,330454
[Recv] <<< 23:c9:cc:4b:a0:3a,9494,-32,5988,55.12,35.77,108,330055,330562
[Recv] <<< 23:c9:cc:4b:a0:3a,9495,-32,5989,55.12,35.77,39,330094,330601
[Recv] <<< 23:c9:cc:4b:a0:3a,9497,-32,5990,55.12,35.77,71,330165,330672
[Recv] <<< 23:c9:cc:4b:a0:3a,9498,-32,5991,55.12,35.77,31,330196,330703
[Recv] <<< 23:c9:cc:4b:a0:3a,9499,-32,5992,55.11,35.77,38,330234,330741
[Recv] <<< 23:c9:cc:4b:a0:3a,9501,-36,5993,55.12,35.77,74,330308,330815
[Recv] <<< 23:c9:cc:4b:a0:3a,9502,-37,5994,55.11,35.77,36,330344,330851
[Recv] <<< 23:c9:cc:4b:a0:3a,9506,-35,5995,55.13,35.77,133,330477,330984
[Recv] <<< 23:c9:cc:4b:a0:3a,9508,-32,5996,55.13,35.77,63,330540,331047
[Recv] <<< 23:c9:cc:4b:a0:3a,9509,-35,5997,55.13,35.77,45,330585,331092
[Recv] <<< 23:c9:cc:4b:a0:3a,9510,-36,5998,55.12,35.77,30,330615,331122
[Recv] <<< 23:c9:cc:4b:a0:3a,9512,-35,5999,55.12,35.77,62,330677,331184
[Recv] <<< 23:c9:cc:4b:a0:3a,9515,-32,6000,55.13,35.77,105,330782,331289
[Recv] <<< 23:c9:cc:4b:a0:3a,9517,-32,6001,55.13,35.77,70,330852,331359
[Recv] <<< 23:c9:cc:4b:a0:3a,9518,-36,6002,55.13,35.77,35,330887,331394
[Recv] <<< 23:c9:cc:4b:a0:3a,9519,-32,6003,55.13,35.77,36,330923,331430
[Recv] <<< 23:c9:cc:4b:a0:3a,9520,-32,6004,55.12,35.77,26,330949,331456
[Recv] <<< 23:c9:cc:4b:a0:3a,9522,-32,6005,55.12,35.77,75,331024,331531
[Recv] <<< 23:c9:cc:4b:a0:3a,9523,-32,6006,55.12,35.77,32,331056,331563
[Recv] <<< 23:c9:cc:4b:a0:3a,9527,-35,6007,55.14,35.77,147,331203,331710
[Recv] <<< 23:c9:cc:4b:a0:3a,9528,-32,6008,55.13,35.77,24,331227,331734
[Recv] <<< 23:c9:cc:4b:a0:3a,9529,-32,6009,55.13,35.77,37,331264,331771
[Recv] <<< 23:c9:cc:4b:a0:3a,9530,-32,6010,55.12,35.77,30,331294,331801
[Recv] <<< 23:c9:cc:4b:a0:3a,9532,-32,6011,55.13,35.77,76,331370,331877
[Recv] <<< 23:c9:cc:4b:a0:3a,9533,-32,6012,55.12,35.77,36,331406,331913
[Recv] <<< 23:c9:cc:4b:a0:3a,9534,-32,6013,55.12,35.77,31,331437,331944
[Recv] <<< 23:c9:cc:4b:a0:3a,9535,-45,6014,55.12,35.76,29,331466,331973
[Recv] <<< 23:c9:cc:4b:a0:3a,9537,-45,6015,55.12,35.76,66,331532,332039
[Recv] <<< 23:c9:cc:4b:a0:3a,9538,-41,6016,55.11,35.76,35,331567,332074
[Recv] <<< 23:c9:cc:4b:a0:3a,9540,-32,6017,55.12,35.76,69,331636,332143
[Recv] <<< 23:c9:cc:4b:a0:3a,9541,-32,6018,55.11,35.76,37,331673,332180
[Recv] <<< 23:c9:cc:4b:a0:3a,9542,-32,6019,55.11,35.76,35,331708,332215
[Recv] <<< 23:c9:cc:4b:a0:3a,9543,-32,6020,55.11,35.76,29,331737,332244
[Recv] <<< 23:c9:cc:4b:a0:3a,9544,-32,6021,55.10,35.76,34,331771,332278
[Recv] <<< 23:c9:cc:4b:a0:3a,9545,-32,6022,55.10,35.76,29,331800,332307
[Recv] <<< 23:c9:cc:4b:a0:3a,9546,-32,6023,55.09,35.76,33,331833,332340
[Recv] <<< 23:c9:cc:4b:a0:3a,9547,-32,6024,55.09,35.76,42,331875,332382
[Recv] <<< 23:c9:cc:4b:a0:3a,9548,-32,6025,55.09,35.76,31,331906,332413
[Recv] <<< 23:c9:cc:4b:a0:3a,9549,-35,6026,55.09,35.76,44,331950,332457
[Recv] <<< 23:c9:cc:4b:a0:3a,9550,-45,6027,55.08,35.76,39,331989,332496
[Recv] <<< 23:c9:cc:4b:a0:3a,9554,-41,6028,55.10,35.76,142,332131,332638
[Recv] <<< 23:c9:cc:4b:a0:3a,9557,-35,6029,55.10,35.76,95,332226,332733
[Recv] <<< 23:c9:cc:4b:a0:3a,9558,-35,6030,55.10,35.76,36,332262,332769
[Recv] <<< 23:c9:cc:4b:a0:3a,9560,-36,6031,55.10,35.76,73,332335,332842
[Recv] <<< 23:c9:cc:4b:a0:3a,9561,-35,6032,55.10,35.76,27,332362,332869
[Recv] <<< 23:c9:cc:4b:a0:3a,9562,-45,6033,55.10,35.76,47,332409,332916
[Recv] <<< 23:c9:cc:4b:a0:3a,9564,-41,6034,55.10,35.76,67,332476,332983
[Recv] <<< 23:c9:cc:4b:a0:3a,9565,-42,6035,55.10,35.76,30,332506,333013
[Recv] <<< 23:c9:cc:4b:a0:3a,9566,-41,6036,55.09,35.76,37,332543,333050
[Recv] <<< 23:c9:cc:4b:a0:3a,9567,-41,6037,55.09,35.76,30,332573,333080
[Recv] <<< 23:c9:cc:4b:a0:3a,9568,-41,6038,55.09,35.76,39,332612,333119
[Recv] <<< 23:c9:cc:4b:a0:3a,9570,-45,6039,55.09,35.76,63,332675,333182
[Recv] <<< 23:c9:cc:4b:a0:3a,9571,-42,6040,55.08,35.76,33,332708,333215
[Recv] <<< 23:c9:cc:4b:a0:3a,9573,-43,6041,55.09,35.76,74,332782,333289
[Recv] <<< 23:c9:cc:4b:a0:3a,9575,-41,6042,55.09,35.76,70,332852,333359
[Recv] <<< 23:c9:cc:4b:a0:3a,9576,-48,6043,55.09,35.76,28,332880,333387
[Recv] <<< 23:c9:cc:4b:a0:3a,9577,-41,6044,55.08,35.76,32,332912,333419
[Recv] <<< 23:c9:cc:4b:a0:3a,9578,-41,6045,55.08,35.76,32,332944,333451
[Recv] <<< 23:c9:cc:4b:a0:3a,9579,-42,6046,55.07,35.76,34,332978,333485
[Recv] <<< 23:c9:cc:4b:a0:3a,9580,-41,6047,55.07,35.76,41,333019,333526
[Recv] <<< 23:c9:cc:4b:a0:3a,9582,-41,6048,55.07,35.76,73,333092,333599
[Recv] <<< 23:c9:cc:4b:a0:3a,9590,-42,6049,55.11,35.76,272,333364,333871
[Recv] <<< 23:c9:cc:4b:a0:3a,9592,-32,6050,55.11,35.76,74,333438,333945
[Recv] <<< 23:c9:cc:4b:a0:3a,9594,-32,6051,55.12,35.76,74,333512,334019
[Recv] <<< 23:c9:cc:4b:a0:3a,9595,-32,6052,55.11,35.76,35,333547,334054
[Recv] <<< 23:c9:cc:4b:a0:3a,9597,-32,6053,55.11,35.76,64,333611,334118
[Recv] <<< 23:c9:cc:4b:a0:3a,9598,-32,6054,55.11,35.76,28,333639,334146
[Recv] <<< 23:c9:cc:4b:a0:3a,9599,-32,6055,55.11,35.76,39,333678,334185
[Recv] <<< 23:c9:cc:4b:a0:3a,9601,-36,6056,55.11,35.76,81,333759,334266
[Recv] <<< 23:c9:cc:4b:a0:3a,9612,-32,6057,55.16,35.75,363,334122,334629
[Recv] <<< 23:c9:cc:4b:a0:3a,9613,-32,6058,55.16,35.75,35,334157,334664
[Recv] <<< 23:c9:cc:4b:a0:3a,9614,-35,6059,55.16,35.75,37,334194,334701
[Recv] <<< 23:c9:cc:4b:a0:3a,9615,-36,6060,55.15,35.75,34,334228,334735
[Recv] <<< 23:c9:cc:4b:a0:3a,9620,-35,6061,55.17,35.75,179,334407,334914
[Recv] <<< 23:c9:cc:4b:a0:3a,9621,-36,6062,55.17,35.75,31,334438,334945
[Recv] <<< 23:c9:cc:4b:a0:3a,9622,-35,6063,55.17,35.75,31,334469,334976
[Recv] <<< 23:c9:cc:4b:a0:3a,9623,-37,6064,55.16,35.75,36,334505,335012
[Recv] <<< 23:c9:cc:4b:a0:3a,9625,-38,6065,55.17,35.75,71,334576,335083
[Recv] <<< 23:c9:cc:4b:a0:3a,9626,-33,6066,55.16,35.75,31,334607,335114
[Recv] <<< 23:c9:cc:4b:a0:3a,9628,-36,6067,55.16,35.75,65,334672,335179
[Recv] <<< 23:c9:cc:4b:a0:3a,9632,-36,6068,55.18,35.75,145,334817,335324
[Recv] <<< 23:c9:cc:4b:a0:3a,9633,-41,6069,55.17,35.75,40,334857,335364
[Recv] <<< 23:c9:cc:4b:a0:3a,9634,-41,6070,55.17,35.75,29,334886,335393
[Recv] <<< 23:c9:cc:4b:a0:3a,9635,-41,6071,55.17,35.75,35,334921,335428
[Recv] <<< 23:c9:cc:4b:a0:3a,9636,-42,6072,55.16,35.75,38,334959,335466
[Recv] <<< 23:c9:cc:4b:a0:3a,9637,-41,6073,55.16,35.75,27,334986,335493
[Recv] <<< 23:c9:cc:4b:a0:3a,9639,-36,6074,55.16,35.75,72,335058,335565
[Recv] <<< 23:c9:cc:4b:a0:3a,9640,-41,6075,55.16,35.75,44,335102,335609
[Recv] <<< 23:c9:cc:4b:a0:3a,9641,-35,6076,55.16,35.75,32,335134,335641
[Recv] <<< 23:c9:cc:4b:a0:3a,9642,-36,6077,55.15,35.75,30,335164,335671
[Recv] <<< 23:c9:cc:4b:a0:3a,9643,-32,6078,55.15,35.75,31,335195,335702
[Recv] <<< 23:c9:cc:4b:a0:3a,9644,-32,6079,55.15,35.75,32,335227,335734
[Recv] <<< 23:c9:cc:4b:a0:3a,9647,-32,6080,55.15,35.75,101,335328,335835
[Recv] <<< 23:c9:cc:4b:a0:3a,9649,-38,6081,55.16,35.75,70,335398,335905
[Recv] <<< 23:c9:cc:4b:a0:3a,9650,-38,6082,55.15,35.75,31,335429,335936
[Recv] <<< 23:c9:cc:4b:a0:3a,9651,-36,6083,55.15,35.75,33,335462,335969
[Recv] <<< 23:c9:cc:4b:a0:3a,9652,-36,6084,55.14,35.75,34,335496,336003
[Recv] <<< 23:c9:cc:4b:a0:3a,9653,-36,6085,55.14,35.75,35,335531,336038
[Recv] <<< 23:c9:cc:4b:a0:3a,9654,-35,6086,55.14,35.75,31,335562,336069
[Recv] <<< 23:c9:cc:4b:a0:3a,9655,-35,6087,55.13,35.75,33,335595,336102
[Recv] <<< 23:c9:cc:4b:a0:3a,9656,-36,6088,55.13,35.75,33,335628,336135
[Recv] <<< 23:c9:cc:4b:a0:3a,9657,-36,6089,55.13,35.75,34,335662,336169
[Recv] <<< 23:c9:cc:4b:a0:3a,9658,-35,6090,55.12,35.75,35,335697,336204
[Recv] <<< 23:c9:cc:4b:a0:3a,9659,-32,6091,55.12,35.75,32,335729,336236
[Recv] <<< 23:c9:cc:4b:a0:3a,9660,-35,6092,55.12,35.75,42,335771,336278
[Recv] <<< 23:c9:cc:4b:a0:3a,9661,-36,6093,55.11,35.75,27,335798,336305
[Recv] <<< 23:c9:cc:4b:a0:3a,9662,-35,6094,55.11,35.75,39,335837,336344
[Recv] <<< 23:c9:cc:4b:a0:3a,9664,-36,6095,55.11,35.75,70,335907,336414
[Recv] <<< 23:c9:cc:4b:a0:3a,9666,-36,6096,55.11,35.75,67,335974,336481
[Recv] <<< 23:c9:cc:4b:a0:3a,9667,-36,6097,55.11,35.75,37,336011,336518
[Recv] <<< 23:c9:cc:4b:a0:3a,9668,-36,6098,55.11,35.75,28,336039,336546
[Recv] <<< 23:c9:cc:4b:a0:3a,9673,-36,6099,55.13,35.74,172,336211,336718
[Recv] <<< 23:c9:cc:4b:a0:3a,9674,-36,6100,55.12,35.75,43,336254,336761
[Recv] <<< 23:c9:cc:4b:a0:3a,9676,-35,6101,55.12,35.74,59,336313,336820
[Recv] <<< 23:c9:cc:4b:a0:3a,9678,-38,6102,55.13,35.74,74,336387,336894
[Recv] <<< 23:c9:cc:4b:a0:3a,9680,-36,6103,55.13,35.74,72,336459,336966
[Recv] <<< 23:c9:cc:4b:a0:3a,9681,-32,6104,55.13,35.74,33,336492,336999
[Recv] <<< 23:c9:cc:4b:a0:3a,9683,-32,6105,55.13,35.74,59,336551,337058
[Recv] <<< 23:c9:cc:4b:a0:3a,9684,-41,6106,55.12,35.74,24,336575,337082
[Recv] <<< 23:c9:cc:4b:a0:3a,9685,-32,6107,55.12,35.74,36,336611,337118
[Recv] <<< 23:c9:cc:4b:a0:3a,9686,-41,6108,55.12,35.74,35,336646,337153
[Recv] <<< 23:c9:cc:4b:a0:3a,9693,-36,6109,55.15,35.74,235,336881,337388
[Recv] <<< 23:c9:cc:4b:a0:3a,9695,-41,6110,55.15,35.74,73,336954,337461
[Recv] <<< 23:c9:cc:4b:a0:3a,9696,-41,6111,55.14,35.74,37,336991,337498
[Recv] <<< 23:c9:cc:4b:a0:3a,9697,-41,6112,55.14,35.74,30,337021,337528
[Recv] <<< 23:c9:cc:4b:a0:3a,9704,-41,6113,55.17,35.74,246,337267,337774
[Recv] <<< 23:c9:cc:4b:a0:3a,9705,-41,6114,55.17,35.74,35,337302,337809
[Recv] <<< 23:c9:cc:4b:a0:3a,9706,-41,6115,55.16,35.74,24,337326,337833
[Recv] <<< 23:c9:cc:4b:a0:3a,9708,-35,6116,55.17,35.74,66,337392,337899
[Recv] <<< 23:c9:cc:4b:a0:3a,9709,-35,6117,55.16,35.74,37,337429,337936
[Recv] <<< 23:c9:cc:4b:a0:3a,9711,-32,6118,55.16,35.74,64,337493,338000
[Recv] <<< 23:c9:cc:4b:a0:3a,9712,-32,6119,55.16,35.74,26,337519,338026
[Recv] <<< 23:c9:cc:4b:a0:3a,9713,-32,6120,55.16,35.74,37,337556,338063
[Recv] <<< 23:c9:cc:4b:a0:3a,9716,-41,6121,55.16,35.73,96,337652,338159
[Recv] <<< 23:c9:cc:4b:a0:3a,9717,-41,6122,55.16,35.73,35,337687,338194
[Recv] <<< 23:c9:cc:4b:a0:3a,9718,-41,6123,55.16,35.73,36,337723,338230
[Recv] <<< 23:c9:cc:4b:a0:3a,9719,-45,6124,55.15,35.73,24,337747,338254
[Recv] <<< 23:c9:cc:4b:a0:3a,9721,-36,6125,55.15,35.73,68,337815,338322
[Recv] <<< 23:c9:cc:4b:a0:3a,9722,-35,6126,55.15,35.73,33,337848,338355
[Recv] <<< 23:c9:cc:4b:a0:3a,9723,-32,6127,55.15,35.73,34,337882,338389
[Recv] <<< 23:c9:cc:4b:a0:3a,9724,-32,6128,55.14,35.73,38,337920,338427
[Recv] <<< 23:c9:cc:4b:a0:3a,9725,-32,6129,55.14,35.73,26,337946,338453
[Recv] <<< 23:c9:cc:4b:a0:3a,9726,-32,6130,55.14,35.73,32,337978,338485
[Recv] <<< 23:c9:cc:4b:a0:3a,9727,-32,6131,55.13,35.73,34,338012,338519
[Recv] <<< 23:c9:cc:4b:a0:3a,9728,-32,6132,55.13,35.73,34,338046,338553
[Recv] <<< 23:c9:cc:4b:a0:3a,9729,-32,6133,55.12,35.73,35,338081,338588
[Recv] <<< 23:c9:cc:4b:a0:3a,9730,-32,6134,55.12,35.73,32,338113,338620
[Recv] <<< 23:c9:cc:4b:a0:3a,9731,-32,6135,55.12,35.73,36,338149,338656
[Recv] <<< 23:c9:cc:4b:a0:3a,9732,-36,6136,55.12,35.73,42,338191,338698
[Recv] <<< 23:c9:cc:4b:a0:3a,9733,-41,6137,55.11,35.73,48,338239,338746
[Recv] <<< 23:c9:cc:4b:a0:3a,9734,-32,6138,55.11,35.73,48,338287,338794
[Recv] <<< 23:c9:cc:4b:a0:3a,9735,-32,6139,55.11,35.73,25,338312,338819
[Recv] <<< 23:c9:cc:4b:a0:3a,9736,-32,6140,55.11,35.73,37,338349,338856
[Recv] <<< 23:c9:cc:4b:a0:3a,9737,-45,6141,55.10,35.73,24,338373,338880
[Recv] <<< 23:c9:cc:4b:a0:3a,9738,-41,6142,55.10,35.73,31,338404,338911
[Recv] <<< 23:c9:cc:4b:a0:3a,9739,-42,6143,55.09,35.73,35,338439,338946
[Recv] <<< 23:c9:cc:4b:a0:3a,9741,-38,6144,55.09,35.73,64,338503,339010
[Recv] <<< 23:c9:cc:4b:a0:3a,9742,-38,6145,55.09,35.73,34,338537,339044
[Recv] <<< 23:c9:cc:4b:a0:3a,9746,-32,6146,55.10,35.73,120,338657,339164
[Recv] <<< 23:c9:cc:4b:a0:3a,9747,-41,6147,55.10,35.73,30,338687,339194
[Recv] <<< 23:c9:cc:4b:a0:3a,9749,-43,6148,55.10,35.73,73,338760,339267
[Recv] <<< 23:c9:cc:4b:a0:3a,9750,-32,6149,55.10,35.73,32,338792,339299
[Recv] <<< 23:c9:cc:4b:a0:3a,9752,-41,6150,55.10,35.73,71,338863,339370
[Recv] <<< 23:c9:cc:4b:a0:3a,9753,-42,6151,55.10,35.73,31,338894,339401
[Recv] <<< 23:c9:cc:4b:a0:3a,9755,-42,6152,55.10,35.72,63,338957,339464
[Recv] <<< 23:c9:cc:4b:a0:3a,9756,-41,6153,55.09,35.72,37,338994,339501
[Recv] <<< 23:c9:cc:4b:a0:3a,9757,-36,6154,55.09,35.72,23,339017,339524
[Recv] <<< 23:c9:cc:4b:a0:3a,9758,-35,6155,55.09,35.72,37,339054,339561
[Recv] <<< 23:c9:cc:4b:a0:3a,9759,-35,6156,55.08,35.72,30,339084,339591
[Recv] <<< 23:c9:cc:4b:a0:3a,9760,-38,6157,55.08,35.72,31,339115,339622
[Recv] <<< 23:c9:cc:4b:a0:3a,9761,-36,6158,55.08,35.72,38,339153,339660
[Recv] <<< 23:c9:cc:4b:a0:3a,9762,-32,6159,55.07,35.72,25,339178,339685
[Recv] <<< 23:c9:cc:4b:a0:3a,9764,-36,6160,55.07,35.72,76,339254,339761
[Recv] <<< 23:c9:cc:4b:a0:3a,9765,-36,6161,55.07,35.72,31,339285,339792
[Recv] <<< 23:c9:cc:4b:a0:3a,9767,-32,6162,55.07,35.72,62,339347,339854
[Recv] <<< 23:c9:cc:4b:a0:3a,9768,-32,6163,55.07,35.72,40,339387,339894
[Recv] <<< 23:c9:cc:4b:a0:3a,9769,-32,6164,55.06,35.72,27,339414,339921
[Recv] <<< 23:c9:cc:4b:a0:3a,9772,-46,6165,55.07,35.72,94,339508,340015
[Recv] <<< 23:c9:cc:4b:a0:3a,9779,-38,6166,55.10,35.72,234,339742,340249
[Recv] <<< 23:c9:cc:4b:a0:3a,9780,-36,6167,55.10,35.72,36,339778,340285
[Recv] <<< 23:c9:cc:4b:a0:3a,9781,-35,6168,55.09,35.72,31,339809,340316
[Recv] <<< 23:c9:cc:4b:a0:3a,9783,-36,6169,55.09,35.72,69,339878,340385
[Recv] <<< 23:c9:cc:4b:a0:3a,9784,-35,6170,55.09,35.72,35,339913,340420
[Recv] <<< 23:c9:cc:4b:a0:3a,9785,-35,6171,55.09,35.72,26,339939,340446
[Recv] <<< 23:c9:cc:4b:a0:3a,9786,-35,6172,55.08,35.72,41,339980,340487
[Recv] <<< 23:c9:cc:4b:a0:3a,9787,-36,6173,55.08,35.72,32,340012,340519
[Recv] <<< 23:c9:cc:4b:a0:3a,9788,-35,6174,55.08,35.72,35,340047,340554
[Recv] <<< 23:c9:cc:4b:a0:3a,9790,-36,6175,55.08,35.72,70,340117,340624
[Recv] <<< 23:c9:cc:4b:a0:3a,9791,-35,6176,55.08,35.71,27,340144,340651
[Recv] <<< 23:c9:cc:4b:a0:3a,9793,-41,6177,55.08,35.72,78,340222,340729
[Recv] <<< 23:c9:cc:4b:a0:3a,9794,-35,6178,55.08,35.71,33,340255,340762
[Recv] <<< 23:c9:cc:4b:a0:3a,9795,-36,6179,55.07,35.71,35,340290,340797
[Recv] <<< 23:c9:cc:4b:a0:3a,9797,-32,6180,55.07,35.71,64,340354,340861
[Recv] <<< 23:c9:cc:4b:a0:3a,9798,-32,6181,55.07,35.71,28,340382,340889
[Recv] <<< 23:c9:cc:4b:a0:3a,9799,-32,6182,55.07,35.71,32,340414,340921
[Recv] <<< 23:c9:cc:4b:a0:3a,9800,-32,6183,55.06,35.71,37,340451,340958
[Recv] <<< 23:c9:cc:4b:a0:3a,9802,-41,6184,55.06,35.71,63,340514,341021
[Recv] <<< 23:c9:cc:4b:a0:3a,9804,-42,6185,55.07,35.71,70,340584,341091
[Recv] <<< 23:c9:cc:4b:a0:3a,9805,-41,6186,55.06,35.71,24,340608,341115
[Recv] <<< 23:c9:cc:4b:a0:3a,9806,-41,6187,55.06,35.71,36,340644,341151
[Recv] <<< 23:c9:cc:4b:a0:3a,9807,-45,6188,55.05,35.71,35,340679,341186
[Recv] <<< 23:c9:cc:4b:a0:3a,9809,-41,6189,55.06,35.71,68,340747,341254
[Recv] <<< 23:c9:cc:4b:a0:3a,9810,-41,6190,55.05,35.71,27,340774,341281
[Recv] <<< 23:c9:cc:4b:a0:3a,9812,-41,6191,55.05,35.71,71,340845,341352
[Recv] <<< 23:c9:cc:4b:a0:3a,9815,-36,6192,55.06,35.71,97,340942,341449
[Recv] <<< 23:c9:cc:4b:a0:3a,9816,-36,6193,55.06,35.71,27,340969,341476
[Recv] <<< 23:c9:cc:4b:a0:3a,9817,-35,6194,55.05,35.71,33,341002,341509
[Recv] <<< 23:c9:cc:4b:a0:3a,9818,-45,6195,55.05,35.71,49,341051,341558
[Recv] <<< 23:c9:cc:4b:a0:3a,9820,-35,6196,55.05,35.71,60,341111,341618
[Recv] <<< 23:c9:cc:4b:a0:3a,9821,-36,6197,55.05,35.71,37,341148,341655
[Recv] <<< 23:c9:cc:4b:a0:3a,9823,-36,6198,55.05,35.71,60,341208,341715
[Recv] <<< 23:c9:cc:4b:a0:3a,9824,-32,6199,55.05,35.71,33,341241,341748
[Recv] <<< 23:c9:cc:4b:a0:3a,9825,-32,6200,55.04,35.71,29,341270,341777
[Recv] <<< 23:c9:cc:4b:a0:3a,9826,-32,6201,55.04,35.70,34,341304,341811
[Recv] <<< 23:c9:cc:4b:a0:3a,9827,-32,6202,55.04,35.70,33,341337,341844
[Recv] <<< 23:c9:cc:4b:a0:3a,9828,-32,6203,55.03,35.71,41,341378,341885
[Recv] <<< 23:c9:cc:4b:a0:3a,9829,-32,6204,55.03,35.70,26,341404,341911
[Recv] <<< 23:c9:cc:4b:a0:3a,9830,-32,6205,55.03,35.70,41,341445,341952
[Recv] <<< 23:c9:cc:4b:a0:3a,9831,-32,6206,55.02,35.70,34,341479,341986
[Recv] <<< 23:c9:cc:4b:a0:3a,9832,-41,6207,55.02,35.70,28,341507,342014
[Recv] <<< 23:c9:cc:4b:a0:3a,9833,-41,6208,55.02,35.70,32,341539,342046
[Recv] <<< 23:c9:cc:4b:a0:3a,9834,-41,6209,55.01,35.70,28,341567,342074
[Recv] <<< 23:c9:cc:4b:a0:3a,9835,-41,6210,55.01,35.70,37,341604,342111
[Recv] <<< 23:c9:cc:4b:a0:3a,9836,-36,6211,55.00,35.70,30,341634,342141
[Recv] <<< 23:c9:cc:4b:a0:3a,9838,-36,6212,55.01,35.70,75,341709,342216
[Recv] <<< 23:c9:cc:4b:a0:3a,9839,-35,6213,55.00,35.70,30,341739,342246
[Recv] <<< 23:c9:cc:4b:a0:3a,9840,-36,6214,55.00,35.70,36,341775,342282
[Recv] <<< 23:c9:cc:4b:a0:3a,9841,-35,6215,55.00,35.70,31,341806,342313
[Recv] <<< 23:c9:cc:4b:a0:3a,9842,-36,6216,54.99,35.70,37,341843,342350
[Recv] <<< 23:c9:cc:4b:a0:3a,9844,-32,6217,55.00,35.70,64,341907,342414
[Recv] <<< 23:c9:cc:4b:a0:3a,9853,-32,6218,55.04,35.70,305,342212,342719
[Recv] <<< 23:c9:cc:4b:a0:3a,9856,-32,6219,55.04,35.70,100,342312,342819
[Recv] <<< 23:c9:cc:4b:a0:3a,9858,-32,6220,55.05,35.70,73,342385,342892
[Recv] <<< 23:c9:cc:4b:a0:3a,9859,-32,6221,55.04,35.70,33,342418,342925
[Recv] <<< 23:c9:cc:4b:a0:3a,9860,-32,6222,55.04,35.70,33,342451,342958
[Recv] <<< 23:c9:cc:4b:a0:3a,9861,-32,6223,55.03,35.70,26,342477,342984
[Recv] <<< 23:c9:cc:4b:a0:3a,9862,-32,6224,55.03,35.70,36,342513,343020
[Recv] <<< 23:c9:cc:4b:a0:3a,9863,-41,6225,55.03,35.70,31,342544,343051
[Recv] <<< 23:c9:cc:4b:a0:3a,9866,-32,6226,55.04,35.70,110,342654,343161
[Recv] <<< 23:c9:cc:4b:a0:3a,9867,-32,6227,55.03,35.70,32,342686,343193
[Recv] <<< 23:c9:cc:4b:a0:3a,9872,-32,6228,55.05,35.70,171,342857,343364
[Recv] <<< 23:c9:cc:4b:a0:3a,9877,-41,6229,55.07,35.69,169,343026,343533
[Recv] <<< 23:c9:cc:4b:a0:3a,9879,-35,6230,55.07,35.69,64,343090,343597
[Recv] <<< 23:c9:cc:4b:a0:3a,9881,-36,6231,55.07,35.69,60,343150,343657
[Recv] <<< 23:c9:cc:4b:a0:3a,9882,-35,6232,55.07,35.69,31,343181,343688
[Recv] <<< 23:c9:cc:4b:a0:3a,9886,-38,6233,55.08,35.69,147,343328,343835
[Recv] <<< 23:c9:cc:4b:a0:3a,9887,-36,6234,55.08,35.69,29,343357,343864
[Recv] <<< 23:c9:cc:4b:a0:3a,9888,-35,6235,55.07,35.69,31,343388,343895
[Recv] <<< 23:c9:cc:4b:a0:3a,9889,-35,6236,55.07,35.69,39,343427,343934
[Recv] <<< 23:c9:cc:4b:a0:3a,9905,-45,6237,55.15,35.69,527,343954,344461
[Recv] <<< 23:c9:cc:4b:a0:3a,9906,-41,6238,55.14,35.69,31,343985,344492
[Recv] <<< 23:c9:cc:4b:a0:3a,9907,-41,6239,55.14,35.69,31,344016,344523
[Recv] <<< 23:c9:cc:4b:a0:3a,9908,-33,6240,55.14,35.69,33,344049,344556
[Recv] <<< 23:c9:cc:4b:a0:3a,9909,-35,6241,55.13,35.69,33,344082,344589
[Recv] <<< 23:c9:cc:4b:a0:3a,9910,-36,6242,55.13,35.69,32,344114,344621
[Recv] <<< 23:c9:cc:4b:a0:3a,9911,-32,6243,55.12,35.68,30,344144,344651
[Recv] <<< 23:c9:cc:4b:a0:3a,9912,-32,6244,55.12,35.68,30,344174,344681
[Recv] <<< 23:c9:cc:4b:a0:3a,9913,-32,6245,55.12,35.69,44,344218,344725
[Recv] <<< 23:c9:cc:4b:a0:3a,9914,-32,6246,55.11,35.68,27,344245,344752
[Recv] <<< 23:c9:cc:4b:a0:3a,9916,-33,6247,55.12,35.68,64,344309,344816
[Recv] <<< 23:c9:cc:4b:a0:3a,9923,-32,6248,55.15,35.68,246,344555,345062
[Recv] <<< 23:c9:cc:4b:a0:3a,9924,-32,6249,55.14,35.68,39,344594,345101
[Recv] <<< 23:c9:cc:4b:a0:3a,9927,-32,6250,55.15,35.68,96,344690,345197
[Recv] <<< 23:c9:cc:4b:a0:3a,9928,-35,6251,55.15,35.68,42,344732,345239
[Recv] <<< 23:c9:cc:4b:a0:3a,9929,-35,6252,55.15,35.68,43,344775,345282
[Recv] <<< 23:c9:cc:4b:a0:3a,9930,-45,6253,55.14,35.68,37,344812,345319
[Recv] <<< 23:c9:cc:4b:a0:3a,9931,-41,6254,55.14,35.68,35,344847,345354
[Recv] <<< 23:c9:cc:4b:a0:3a,9932,-41,6255,55.14,35.68,32,344879,345386
[Recv] <<< 23:c9:cc:4b:a0:3a,9933,-42,6256,55.13,35.68,36,344915,345422
[Recv] <<< 23:c9:cc:4b:a0:3a,9934,-42,6257,55.13,35.68,31,344946,345453
[Recv] <<< 23:c9:cc:4b:a0:3a,9935,-41,6258,55.13,35.68,32,344978,345485
[Recv] <<< 23:c9:cc:4b:a0:3a,9939,-36,6259,55.14,35.68,126,345104,345611
[Recv] <<< 23:c9:cc:4b:a0:3a,9940,-35,6260,55.13,35.68,33,345137,345644
[Recv] <<< 23:c9:cc:4b:a0:3a,9941,-35,6261,55.13,35.68,32,345169,345676
[Recv] <<< 23:c9:cc:4b:a0:3a,9942,-41,6262,55.13,35.68,42,345211,345718
[Recv] <<< 23:c9:cc:4b:a0:3a,9943,-41,6263,55.13,35.68,39,345250,345757
[Recv] <<< 23:c9:cc:4b:a0:3a,9944,-41,6264,55.12,35.68,35,345285,345792
[Recv] <<< 23:c9:cc:4b:a0:3a,9945,-41,6265,55.12,35.68,35,345320,345827
[Recv] <<< 23:c9:cc:4b:a0:3a,9946,-41,6266,55.11,35.68,30,345350,345857
[Recv] <<< 23:c9:cc:4b:a0:3a,9947,-38,6267,55.11,35.68,31,345381,345888
[Recv] <<< 23:c9:cc:4b:a0:3a,9948,-35,6268,55.11,35.68,27,345408,345915
[Recv] <<< 23:c9:cc:4b:a0:3a,9949,-35,6269,55.10,35.68,44,345452,345959
[Recv] <<< 23:c9:cc:4b:a0:3a,9950,-36,6270,55.10,35.68,27,345479,345986
[Recv] <<< 23:c9:cc:4b:a0:3a,9951,-35,6271,55.10,35.68,33,345512,346019
[Recv] <<< 23:c9:cc:4b:a0:3a,9952,-36,6272,55.09,35.68,33,345545,346052
[Recv] <<< 23:c9:cc:4b:a0:3a,9953,-35,6273,55.09,35.68,34,345579,346086
[Recv] <<< 23:c9:cc:4b:a0:3a,9954,-35,6274,55.09,35.68,35,345614,346121
[Recv] <<< 23:c9:cc:4b:a0:3a,9956,-32,6275,55.09,35.68,66,345680,346187
[Recv] <<< 23:c9:cc:4b:a0:3a,9957,-32,6276,55.09,35.68,37,345717,346224
[Recv] <<< 23:c9:cc:4b:a0:3a,9958,-32,6277,55.08,35.68,29,345746,346253
[Recv] <<< 23:c9:cc:4b:a0:3a,9959,-32,6278,55.08,35.68,43,345789,346296
[Recv] <<< 23:c9:cc:4b:a0:3a,9960,-32,6279,55.08,35.68,28,345817,346324
[Recv] <<< 23:c9:cc:4b:a0:3a,9961,-32,6280,55.07,35.68,32,345849,346356
[Recv] <<< 23:c9:cc:4b:a0:3a,9962,-32,6281,55.07,35.68,41,345890,346397
[Recv] <<< 23:c9:cc:4b:a0:3a,9963,-32,6282,55.06,35.68,26,345916,346423
[Recv] <<< 23:c9:cc:4b:a0:3a,9966,-35,6283,55.07,35.68,110,346026,346533
[Recv] <<< 23:c9:cc:4b:a0:3a,9967,-37,6284,55.07,35.68,43,346069,346576
[Recv] <<< 23:c9:cc:4b:a0:3a,9968,-36,6285,55.07,35.68,33,346102,346609
[Recv] <<< 23:c9:cc:4b:a0:3a,9970,-32,6286,55.07,35.68,58,346160,346667
[Recv] <<< 23:c9:cc:4b:a0:3a,9971,-32,6287,55.06,35.68,32,346192,346699
[Recv] <<< 23:c9:cc:4b:a0:3a,9972,-32,6288,55.06,35.68,34,346226,346733
[Recv] <<< 23:c9:cc:4b:a0:3a,9973,-32,6289,55.06,35.67,28,346254,346761
[Recv] <<< 23:c9:cc:4b:a0:3a,9974,-32,6290,55.05,35.67,30,346284,346791
[Recv] <<< 23:c9:cc:4b:a0:3a,9975,-32,6291,55.05,35.67,37,346321,346828
[Recv] <<< 23:c9:cc:4b:a0:3a,9976,-32,6292,55.05,35.67,33,346354,346861
[Recv] <<< 23:c9:cc:4b:a0:3a,9977,-32,6293,55.04,35.67,30,346384,346891
[Recv] <<< 23:c9:cc:4b:a0:3a,9978,-32,6294,55.04,35.67,33,346417,346924
[Recv] <<< 23:c9:cc:4b:a0:3a,9979,-32,6295,55.04,35.67,36,346453,346960
[Recv] <<< 23:c9:cc:4b:a0:3a,9981,-41,6296,55.04,35.67,65,346518,347025
[Recv] <<< 23:c9:cc:4b:a0:3a,9984,-42,6297,55.05,35.67,108,346626,347133
[Recv] <<< 23:c9:cc:4b:a0:3a,9986,-41,6298,55.05,35.67,65,346691,347198
[Recv] <<< 23:c9:cc:4b:a0:3a,9989,-45,6299,55.06,35.67,108,346799,347306
[Recv] <<< 23:c9:cc:4b:a0:3a,9990,-41,6300,55.05,35.67,28,346827,347334
[Recv] <<< 23:c9:cc:4b:a0:3a,9991,-45,6301,55.05,35.67,43,346870,347377
[Recv] <<< 23:c9:cc:4b:a0:3a,9992,-32,6302,55.05,35.67,44,346914,347421
[Recv] <<< 23:c9:cc:4b:a0:3a,9993,-32,6303,55.04,35.67,34,346948,347455
[Recv] <<< 23:c9:cc:4b:a0:3a,9994,-32,6304,55.04,35.67,31,346979,347486
[Recv] <<< 23:c9:cc:4b:a0:3a,9995,-47,6305,55.04,35.67,35,347014,347521
[Recv] <<< 23:c9:cc:4b:a0:3a,9996,-32,6306,55.03,35.67,34,347048,347555
[Recv] <<< 23:c9:cc:4b:a0:3a,9997,-32,6307,55.03,35.67,30,347078,347585
[Recv] <<< 23:c9:cc:4b:a0:3a,9998,-32,6308,55.03,35.67,36,347114,347621
[Recv] <<< 23:c9:cc:4b:a0:3a,10000,-41,6309,55.03,35.67,64,347178,347685
[Recv] <<< 23:c9:cc:4b:a0:3a,10001,-32,6310,55.03,35.67,37,347215,347722
[Recv] <<< 23:c9:cc:4b:a0:3a,10002,-32,6311,55.02,35.67,32,347247,347754
[Recv] <<< 23:c9:cc:4b:a0:3a,10011,-32,6312,55.06,35.67,319,347566,348073
[Recv] <<< 23:c9:cc:4b:a0:3a,10012,-42,6313,55.06,35.67,27,347593,348100
[Recv] <<< 23:c9:cc:4b:a0:3a,10013,-32,6314,55.06,35.67,39,347632,348139
[Recv] <<< 23:c9:cc:4b:a0:3a,10014,-32,6315,55.05,35.67,39,347671,348178
[Recv] <<< 23:c9:cc:4b:a0:3a,10015,-32,6316,55.05,35.67,26,347697,348204
[Recv] <<< 23:c9:cc:4b:a0:3a,10017,-36,6317,55.05,35.67,74,347771,348278
[Recv] <<< 23:c9:cc:4b:a0:3a,10018,-35,6318,55.05,35.67,34,347805,348312
[Recv] <<< 23:c9:cc:4b:a0:3a,10020,-32,6319,55.05,35.67,64,347869,348376
[Recv] <<< 23:c9:cc:4b:a0:3a,10021,-32,6320,55.05,35.67,32,347901,348408
[Recv] <<< 23:c9:cc:4b:a0:3a,10022,-32,6321,55.04,35.67,33,347934,348441
[Recv] <<< 23:c9:cc:4b:a0:3a,10023,-32,6322,55.04,35.67,31,347965,348472
[Recv] <<< 23:c9:cc:4b:a0:3a,10024,-32,6323,55.04,35.67,35,348000,348507
[Recv] <<< 23:c9:cc:4b:a0:3a,10028,-41,6324,55.05,35.67,134,348134,348641
[Recv] <<< 23:c9:cc:4b:a0:3a,10029,-42,6325,55.05,35.66,27,348161,348668
[Recv] <<< 23:c9:cc:4b:a0:3a,10030,-42,6326,55.04,35.66,35,348196,348703
[Recv] <<< 23:c9:cc:4b:a0:3a,10031,-36,6327,55.04,35.66,35,348231,348738
[Recv] <<< 23:c9:cc:4b:a0:3a,10032,-35,6328,55.04,35.66,35,348266,348773
[Recv] <<< 23:c9:cc:4b:a0:3a,10033,-35,6329,55.03,35.66,35,348301,348808
[Recv] <<< 23:c9:cc:4b:a0:3a,10034,-35,6330,55.03,35.66,27,348328,348835
[Recv] <<< 23:c9:cc:4b:a0:3a,10035,-38,6331,55.02,35.66,34,348362,348869
[Recv] <<< 23:c9:cc:4b:a0:3a,10036,-33,6332,55.02,35.66,33,348395,348902
[Recv] <<< 23:c9:cc:4b:a0:3a,10037,-32,6333,55.02,35.66,30,348425,348932
[Recv] <<< 23:c9:cc:4b:a0:3a,10038,-32,6334,55.01,35.66,36,348461,348968
[Recv] <<< 23:c9:cc:4b:a0:3a,10039,-32,6335,55.01,35.66,36,348497,349004
[Recv] <<< 23:c9:cc:4b:a0:3a,10041,-35,6336,55.01,35.66,75,348572,349079
[Recv] <<< 23:c9:cc:4b:a0:3a,10060,-32,6337,55.11,35.66,653,349225,349732
[Recv] <<< 23:c9:cc:4b:a0:3a,10061,-32,6338,55.11,35.66,39,349264,349771
[Recv] <<< 23:c9:cc:4b:a0:3a,10062,-33,6339,55.10,35.66,29,349293,349800
[Recv] <<< 23:c9:cc:4b:a0:3a,10063,-32,6340,55.10,35.66,41,349334,349841
[Recv] <<< 23:c9:cc:4b:a0:3a,10064,-32,6341,55.10,35.66,33,349367,349874
[Recv] <<< 23:c9:cc:4b:a0:3a,10065,-32,6342,55.09,35.66,23,349390,349897
[Recv] <<< 23:c9:cc:4b:a0:3a,10066,-45,6343,55.09,35.66,33,349423,349930
[Recv] <<< 23:c9:cc:4b:a0:3a,10067,-41,6344,55.08,35.66,32,349455,349962
[Recv] <<< 23:c9:cc:4b:a0:3a,10068,-41,6345,55.08,35.66,36,349491,349998
[Recv] <<< 23:c9:cc:4b:a0:3a,10069,-41,6346,55.08,35.66,29,349520,350027
[Recv] <<< 23:c9:cc:4b:a0:3a,10071,-41,6347,55.08,35.66,75,349595,350102
[Recv] <<< 23:c9:cc:4b:a0:3a,10072,-42,6348,55.08,35.66,31,349626,350133
[Recv] <<< 23:c9:cc:4b:a0:3a,10074,-41,6349,55.08,35.66,65,349691,350198
[Recv] <<< 23:c9:cc:4b:a0:3a,10075,-41,6350,55.07,35.66,34,349725,350232
[Recv] <<< 23:c9:cc:4b:a0:3a,10076,-41,6351,55.07,35.66,37,349762,350269
[Recv] <<< 23:c9:cc:4b:a0:3a,10077,-41,6352,55.07,35.66,35,349797,350304
[Recv] <<< 23:c9:cc:4b:a0:3a,10078,-45,6353,55.06,35.66,29,349826,350333
[Recv] <<< 23:c9:cc:4b:a0:3a,10079,-41,6354,55.06,35.66,35,349861,350368
[Recv] <<< 23:c9:cc:4b:a0:3a,10080,-47,6355,55.06,35.66,30,349891,350398
[Recv] <<< 23:c9:cc:4b:a0:3a,10081,-41,6356,55.06,35.66,41,349932,350439
[Recv] <<< 23:c9:cc:4b:a0:3a,10083,-32,6357,55.06,35.66,78,350010,350517
[Recv] <<< 23:c9:cc:4b:a0:3a,10086,-32,6358,55.07,35.66,99,350109,350616
[Recv] <<< 23:c9:cc:4b:a0:3a,10087,-32,6359,55.06,35.66,37,350146,350653
[Recv] <<< 23:c9:cc:4b:a0:3a,10088,-32,6360,55.06,35.66,31,350177,350684
[Recv] <<< 23:c9:cc:4b:a0:3a,10089,-32,6361,55.06,35.66,35,350212,350719
[Recv] <<< 23:c9:cc:4b:a0:3a,10090,-32,6362,55.05,35.66,33,350245,350752
[Recv] <<< 23:c9:cc:4b:a0:3a,10091,-32,6363,55.05,35.66,37,350282,350789
[Recv] <<< 23:c9:cc:4b:a0:3a,10092,-32,6364,55.05,35.66,39,350321,350828
[Recv] <<< 23:c9:cc:4b:a0:3a,10093,-36,6365,55.04,35.66,40,350361,350868
[Recv] <<< 23:c9:cc:4b:a0:3a,10094,-35,6366,55.04,35.66,33,350394,350901
[Recv] <<< 23:c9:cc:4b:a0:3a,10095,-36,6367,55.04,35.66,31,350425,350932
[Recv] <<< 23:c9:cc:4b:a0:3a,10096,-36,6368,55.03,35.66,36,350461,350968
[Recv] <<< 23:c9:cc:4b:a0:3a,10097,-36,6369,55.03,35.66,33,350494,351001
[Recv] <<< 23:c9:cc:4b:a0:3a,10098,-36,6370,55.03,35.66,31,350525,351032
[Recv] <<< 23:c9:cc:4b:a0:3a,10099,-36,6371,55.02,35.66,38,350563,351070
[Recv] <<< 23:c9:cc:4b:a0:3a,10102,-35,6372,55.03,35.65,100,350663,351170
[Recv] <<< 23:c9:cc:4b:a0:3a,10108,-41,6373,55.06,35.66,221,350884,351391
[Recv] <<< 23:c9:cc:4b:a0:3a,10109,-42,6374,55.06,35.66,37,350921,351428
[Recv] <<< 23:c9:cc:4b:a0:3a,10110,-46,6375,55.05,35.65,28,350949,351456
[Recv] <<< 23:c9:cc:4b:a0:3a,10111,-41,6376,55.05,35.65,32,350981,351488
[Recv] <<< 23:c9:cc:4b:a0:3a,10112,-41,6377,55.05,35.65,41,351022,351529
[Recv] <<< 23:c9:cc:4b:a0:3a,10113,-41,6378,55.04,35.65,33,351055,351562
[Recv] <<< 23:c9:cc:4b:a0:3a,10114,-41,6379,55.04,35.65,33,351088,351595
[Recv] <<< 23:c9:cc:4b:a0:3a,10115,-41,6380,55.03,35.65,32,351120,351627
[Recv] <<< 23:c9:cc:4b:a0:3a,10119,-35,6381,55.05,35.65,142,351262,351769
[Recv] <<< 23:c9:cc:4b:a0:3a,10120,-36,6382,55.04,35.65,34,351296,351803
[Recv] <<< 23:c9:cc:4b:a0:3a,10121,-35,6383,55.04,35.65,35,351331,351838
[Recv] <<< 23:c9:cc:4b:a0:3a,10122,-41,6384,55.04,35.65,38,351369,351876
[Recv] <<< 23:c9:cc:4b:a0:3a,10124,-41,6385,55.04,35.65,72,351441,351948
[Recv] <<< 23:c9:cc:4b:a0:3a,10125,-45,6386,55.04,35.65,30,351471,351978
[Recv] <<< 23:c9:cc:4b:a0:3a,10127,-35,6387,55.04,35.65,72,351543,352050
[Recv] <<< 23:c9:cc:4b:a0:3a,10128,-35,6388,55.04,35.65,26,351569,352076
[Recv] <<< 23:c9:cc:4b:a0:3a,10129,-35,6389,55.03,35.65,36,351605,352112
[Recv] <<< 23:c9:cc:4b:a0:3a,10132,-32,6390,55.04,35.65,92,351697,352204
[Recv] <<< 23:c9:cc:4b:a0:3a,10133,-32,6391,55.04,35.65,32,351729,352236
[Recv] <<< 23:c9:cc:4b:a0:3a,10134,-32,6392,55.03,35.65,38,351767,352274
[Recv] <<< 23:c9:cc:4b:a0:3a,10135,-36,6393,55.03,35.65,34,351801,352308
[Recv] <<< 23:c9:cc:4b:a0:3a,10136,-35,6394,55.03,35.65,30,351831,352338
[Recv] <<< 23:c9:cc:4b:a0:3a,10137,-32,6395,55.02,35.65,37,351868,352375
[Recv] <<< 23:c9:cc:4b:a0:3a,10138,-32,6396,55.02,35.65,31,351899,352406
[Recv] <<< 23:c9:cc:4b:a0:3a,10139,-32,6397,55.01,35.65,30,351929,352436
[Recv] <<< 23:c9:cc:4b:a0:3a,10140,-36,6398,55.01,35.65,45,351974,352481
[Recv] <<< 23:c9:cc:4b:a0:3a,10141,-35,6399,55.01,35.65,33,352007,352514
[Recv] <<< 23:c9:cc:4b:a0:3a,10142,-35,6400,55.01,35.65,39,352046,352553
[Recv] <<< 23:c9:cc:4b:a0:3a,10143,-36,6401,55.00,35.65,39,352085,352592
[Recv] <<< 23:c9:cc:4b:a0:3a,10144,-36,6402,55.00,35.65,33,352118,352625
[Recv] <<< 23:c9:cc:4b:a0:3a,10145,-35,6403,55.00,35.65,29,352147,352654
[Recv] <<< 23:c9:cc:4b:a0:3a,10146,-36,6404,54.99,35.65,32,352179,352686
[Recv] <<< 23:c9:cc:4b:a0:3a,10147,-35,6405,54.99,35.65,33,352212,352719
[Recv] <<< 23:c9:cc:4b:a0:3a,10149,-32,6406,54.99,35.65,69,352281,352788
[Recv] <<< 23:c9:cc:4b:a0:3a,10150,-32,6407,54.99,35.65,28,352309,352816
[Recv] <<< 23:c9:cc:4b:a0:3a,10151,-32,6408,54.99,35.65,35,352344,352851
[Recv] <<< 23:c9:cc:4b:a0:3a,10153,-32,6409,54.99,35.65,63,352407,352914
[Recv] <<< 23:c9:cc:4b:a0:3a,10154,-32,6410,54.98,35.65,41,352448,352955
[Recv] <<< 23:c9:cc:4b:a0:3a,10157,-32,6411,54.99,35.65,97,352545,353052
[Recv] <<< 23:c9:cc:4b:a0:3a,10159,-45,6412,55.00,35.65,87,352632,353139
[Recv] <<< 23:c9:cc:4b:a0:3a,10160,-45,6413,54.99,35.65,40,352672,353179
[Recv] <<< 23:c9:cc:4b:a0:3a,10162,-45,6414,55.00,35.65,68,352740,353247
[Recv] <<< 23:c9:cc:4b:a0:3a,10163,-45,6415,54.99,35.65,34,352774,353281
[Recv] <<< 23:c9:cc:4b:a0:3a,10164,-45,6416,54.99,35.65,37,352811,353318
[Recv] <<< 23:c9:cc:4b:a0:3a,10165,-41,6417,54.98,35.65,25,352836,353343
[Recv] <<< 23:c9:cc:4b:a0:3a,10166,-32,6418,54.98,35.65,47,352883,353390
[Recv] <<< 23:c9:cc:4b:a0:3a,10167,-41,6419,54.98,35.65,25,352908,353415
[Recv] <<< 23:c9:cc:4b:a0:3a,10168,-43,6420,54.98,35.65,35,352943,353450
[Recv] <<< 23:c9:cc:4b:a0:3a,10169,-41,6421,54.97,35.65,35,352978,353485
[Recv] <<< 23:c9:cc:4b:a0:3a,10170,-41,6422,54.97,35.65,33,353011,353518
[Recv] <<< 23:c9:cc:4b:a0:3a,10171,-42,6423,54.97,35.65,31,353042,353549
[Recv] <<< 23:c9:cc:4b:a0:3a,10173,-41,6424,54.97,35.65,64,353106,353613
[Recv] <<< 23:c9:cc:4b:a0:3a,10174,-36,6425,54.96,35.65,35,353141,353648
[Recv] <<< 23:c9:cc:4b:a0:3a,10175,-41,6426,54.96,35.65,42,353183,353690
[Recv] <<< 23:c9:cc:4b:a0:3a,10176,-41,6427,54.96,35.65,33,353216,353723
[Recv] <<< 23:c9:cc:4b:a0:3a,10177,-41,6428,54.96,35.65,36,353252,353759
[Recv] <<< 23:c9:cc:4b:a0:3a,10178,-41,6429,54.95,35.65,39,353291,353798
[Recv] <<< 23:c9:cc:4b:a0:3a,10179,-45,6430,54.95,35.65,26,353317,353824
[Recv] <<< 23:c9:cc:4b:a0:3a,10180,-45,6431,54.95,35.65,38,353355,353862
[Recv] <<< 23:c9:cc:4b:a0:3a,10182,-41,6432,54.95,35.65,73,353428,353935
[Recv] <<< 23:c9:cc:4b:a0:3a,10187,-42,6433,54.97,35.64,170,353598,354105
[Recv] <<< 23:c9:cc:4b:a0:3a,10188,-41,6434,54.96,35.64,33,353631,354138
[Recv] <<< 23:c9:cc:4b:a0:3a,10190,-41,6435,54.97,35.64,73,353704,354211
[Recv] <<< 23:c9:cc:4b:a0:3a,10191,-42,6436,54.96,35.64,29,353733,354240
[Recv] <<< 23:c9:cc:4b:a0:3a,10192,-41,6437,54.96,35.64,37,353770,354277
[Recv] <<< 23:c9:cc:4b:a0:3a,10193,-41,6438,54.96,35.64,31,353801,354308
[Recv] <<< 23:c9:cc:4b:a0:3a,10194,-41,6439,54.95,35.64,33,353834,354341
[Recv] <<< 23:c9:cc:4b:a0:3a,10195,-41,6440,54.95,35.64,42,353876,354383
[Recv] <<< 23:c9:cc:4b:a0:3a,10196,-41,6441,54.95,35.64,31,353907,354414
[Recv] <<< 23:c9:cc:4b:a0:3a,10201,-41,6442,54.97,35.64,178,354085,354592
[Recv] <<< 23:c9:cc:4b:a0:3a,10202,-41,6443,54.96,35.64,27,354112,354619
[Recv] <<< 23:c9:cc:4b:a0:3a,10203,-47,6444,54.96,35.64,32,354144,354651
[Recv] <<< 23:c9:cc:4b:a0:3a,10205,-32,6445,54.96,35.64,82,354226,354733
[Recv] <<< 23:c9:cc:4b:a0:3a,10207,-32,6446,54.96,35.64,67,354293,354800
[Recv] <<< 23:c9:cc:4b:a0:3a,10208,-32,6447,54.96,35.64,37,354330,354837
[Recv] <<< 23:c9:cc:4b:a0:3a,10216,-36,6448,54.99,35.64,277,354607,355114
[Recv] <<< 23:c9:cc:4b:a0:3a,10217,-36,6449,54.99,35.64,37,354644,355151
[Recv] <<< 23:c9:cc:4b:a0:3a,10218,-36,6450,54.99,35.64,30,354674,355181
[Recv] <<< 23:c9:cc:4b:a0:3a,10219,-36,6451,54.98,35.64,32,354706,355213
[Recv] <<< 23:c9:cc:4b:a0:3a,10222,-37,6452,54.99,35.64,98,354804,355311
[Recv] <<< 23:c9:cc:4b:a0:3a,10226,-41,6453,55.01,35.64,147,354951,355458
[Recv] <<< 23:c9:cc:4b:a0:3a,10227,-41,6454,55.00,35.64,39,354990,355497
[Recv] <<< 23:c9:cc:4b:a0:3a,10228,-41,6455,55.00,35.64,31,355021,355528
[Recv] <<< 23:c9:cc:4b:a0:3a,10230,-35,6456,55.00,35.64,59,355080,355587
[Recv] <<< 23:c9:cc:4b:a0:3a,10235,-41,6457,55.02,35.64,179,355259,355766
[Recv] <<< 23:c9:cc:4b:a0:3a,10241,-45,6458,55.04,35.64,210,355469,355976
[Recv] <<< 23:c9:cc:4b:a0:3a,10245,-35,6459,55.05,35.64,130,355599,356106
[Recv] <<< 23:c9:cc:4b:a0:3a,10248,-35,6460,55.06,35.64,104,355703,356210
[Recv] <<< 23:c9:cc:4b:a0:3a,10250,-35,6461,55.06,35.64,66,355769,356276
[Recv] <<< 23:c9:cc:4b:a0:3a,10251,-35,6462,55.06,35.64,34,355803,356310
[Recv] <<< 23:c9:cc:4b:a0:3a,10252,-38,6463,55.06,35.64,33,355836,356343
[Recv] <<< 23:c9:cc:4b:a0:3a,10255,-35,6464,55.06,35.64,99,355935,356442
[Recv] <<< 23:c9:cc:4b:a0:3a,10256,-35,6465,55.06,35.64,31,355966,356473
[Recv] <<< 23:c9:cc:4b:a0:3a,10257,-32,6466,55.06,35.64,31,355997,356504
[Recv] <<< 23:c9:cc:4b:a0:3a,10276,-35,6467,55.15,35.63,668,356665,357172
[Recv] <<< 23:c9:cc:4b:a0:3a,10278,-35,6468,55.15,35.63,67,356732,357239
[Recv] <<< 23:c9:cc:4b:a0:3a,10279,-36,6469,55.15,35.63,33,356765,357272
[Recv] <<< 23:c9:cc:4b:a0:3a,10280,-36,6470,55.15,35.63,33,356798,357305
[Recv] <<< 23:c9:cc:4b:a0:3a,10281,-35,6471,55.14,35.63,35,356833,357340
[Recv] <<< 23:c9:cc:4b:a0:3a,10282,-46,6472,55.14,35.63,43,356876,357383
[Recv] <<< 23:c9:cc:4b:a0:3a,10284,-36,6473,55.14,35.63,62,356938,357445
[Recv] <<< 23:c9:cc:4b:a0:3a,10285,-36,6474,55.14,35.63,34,356972,357479
[Recv] <<< 23:c9:cc:4b:a0:3a,10287,-36,6475,55.14,35.63,75,357047,357554
[Recv] <<< 23:c9:cc:4b:a0:3a,10288,-36,6476,55.14,35.63,24,357071,357578
[Recv] <<< 23:c9:cc:4b:a0:3a,10289,-35,6477,55.13,35.63,32,357103,357610
[Recv] <<< 23:c9:cc:4b:a0:3a,10291,-32,6478,55.14,35.63,64,357167,357674
[Recv] <<< 23:c9:cc:4b:a0:3a,10292,-32,6479,55.13,35.63,38,357205,357712
[Recv] <<< 23:c9:cc:4b:a0:3a,10293,-36,6480,55.13,35.63,42,357247,357754
[Recv] <<< 23:c9:cc:4b:a0:3a,10295,-36,6481,55.13,35.63,72,357319,357826
[Recv] <<< 23:c9:cc:4b:a0:3a,10296,-36,6482,55.13,35.63,33,357352,357859
[Recv] <<< 23:c9:cc:4b:a0:3a,10297,-36,6483,55.13,35.63,37,357389,357896
[Recv] <<< 23:c9:cc:4b:a0:3a,10298,-37,6484,55.12,35.63,29,357418,357925
[Recv] <<< 23:c9:cc:4b:a0:3a,10303,-41,6485,55.14,35.63,158,357576,358083
[Recv] <<< 23:c9:cc:4b:a0:3a,10304,-32,6486,55.14,35.63,39,357615,358122
[Recv] <<< 23:c9:cc:4b:a0:3a,10306,-32,6487,55.14,35.63,66,357681,358188
[Recv] <<< 23:c9:cc:4b:a0:3a,10307,-32,6488,55.14,35.63,37,357718,358225
[Recv] <<< 23:c9:cc:4b:a0:3a,10308,-32,6489,55.13,35.63,34,357752,358259
[Recv] <<< 23:c9:cc:4b:a0:3a,10309,-41,6490,55.13,35.63,25,357777,358284
[Recv] <<< 23:c9:cc:4b:a0:3a,10310,-32,6491,55.13,35.63,40,357817,358324
[Recv] <<< 23:c9:cc:4b:a0:3a,10312,-41,6492,55.13,35.63,67,357884,358391
[Recv] <<< 23:c9:cc:4b:a0:3a,10313,-41,6493,55.12,35.63,33,357917,358424
[Recv] <<< 23:c9:cc:4b:a0:3a,10314,-41,6494,55.12,35.63,39,357956,358463
[Recv] <<< 23:c9:cc:4b:a0:3a,10315,-41,6495,55.12,35.63,27,357983,358490
[Recv] <<< 23:c9:cc:4b:a0:3a,10316,-43,6496,55.11,35.63,39,358022,358529
[Recv] <<< 23:c9:cc:4b:a0:3a,10318,-36,6497,55.12,35.63,64,358086,358593
[Recv] <<< 23:c9:cc:4b:a0:3a,10319,-35,6498,55.11,35.63,33,358119,358626
[Recv] <<< 23:c9:cc:4b:a0:3a,10320,-36,6499,55.11,35.63,37,358156,358663
[Recv] <<< 23:c9:cc:4b:a0:3a,10321,-35,6500,55.11,35.63,37,358193,358700
[Recv] <<< 23:c9:cc:4b:a0:3a,10322,-36,6501,55.10,35.63,27,358220,358727
[Recv] <<< 23:c9:cc:4b:a0:3a,10323,-35,6502,55.10,35.63,39,358259,358766
[Recv] <<< 23:c9:cc:4b:a0:3a,10325,-41,6503,55.10,35.63,76,358335,358842
[Recv] <<< 23:c9:cc:4b:a0:3a,10326,-43,6504,55.10,35.63,27,358362,358869
[Recv] <<< 23:c9:cc:4b:a0:3a,10328,-36,6505,55.10,35.63,64,358426,358933
[Recv] <<< 23:c9:cc:4b:a0:3a,10330,-41,6506,55.10,35.63,75,358501,359008
[Recv] <<< 23:c9:cc:4b:a0:3a,10332,-45,6507,55.10,35.62,63,358564,359071
[Recv] <<< 23:c9:cc:4b:a0:3a,10335,-36,6508,55.11,35.62,108,358672,359179
[Recv] <<< 23:c9:cc:4b:a0:3a,10336,-37,6509,55.11,35.62,28,358700,359207
[Recv] <<< 23:c9:cc:4b:a0:3a,10340,-34,6510,55.12,35.62,150,358850,359357
[Recv] <<< 23:c9:cc:4b:a0:3a,10341,-35,6511,55.12,35.62,23,358873,359380
[Recv] <<< 23:c9:cc:4b:a0:3a,10345,-32,6512,55.13,35.62,130,359003,359510
[Recv] <<< 23:c9:cc:4b:a0:3a,10348,-32,6513,55.14,35.62,99,359102,359609
[Recv] <<< 23:c9:cc:4b:a0:3a,10349,-32,6514,55.13,35.62,33,359135,359642
[Recv] <<< 23:c9:cc:4b:a0:3a,10351,-32,6515,55.14,35.62,72,359207,359714
[Recv] <<< 23:c9:cc:4b:a0:3a,10354,-41,6516,55.14,35.62,94,359301,359808
[Recv] <<< 23:c9:cc:4b:a0:3a,10355,-41,6517,55.14,35.62,27,359328,359835
[Recv] <<< 23:c9:cc:4b:a0:3a,10356,-32,6518,55.14,35.62,43,359371,359878
[Recv] <<< 23:c9:cc:4b:a0:3a,10357,-41,6519,55.13,35.62,29,359400,359907
[Recv] <<< 23:c9:cc:4b:a0:3a,10358,-41,6520,55.13,35.62,31,359431,359938
[Recv] <<< 23:c9:cc:4b:a0:3a,10365,-36,6521,55.15,35.62,232,359663,360170
[Recv] <<< 23:c9:cc:4b:a0:3a,10366,-35,6522,55.15,35.62,38,359701,360208
[Recv] <<< 23:c9:cc:4b:a0:3a,10367,-32,6523,55.15,35.62,27,359728,360235
[Recv] <<< 23:c9:cc:4b:a0:3a,10369,-32,6524,55.15,35.62,68,359796,360303
[Recv] <<< 23:c9:cc:4b:a0:3a,10372,-41,6525,55.16,35.62,96,359892,360399
[Recv] <<< 23:c9:cc:4b:a0:3a,10375,-45,6526,55.16,35.61,102,359994,360501
[Recv] <<< 23:c9:cc:4b:a0:3a,10376,-41,6527,55.16,35.61,33,360027,360534
[Recv] <<< 23:c9:cc:4b:a0:3a,10377,-41,6528,55.16,35.61,35,360062,360569
[Recv] <<< 23:c9:cc:4b:a0:3a,10378,-41,6529,55.15,35.61,30,360092,360599
[Recv] <<< 23:c9:cc:4b:a0:3a,10379,-36,6530,55.15,35.61,30,360122,360629
[Recv] <<< 23:c9:cc:4b:a0:3a,10380,-35,6531,55.15,35.61,37,360159,360666
[Recv] <<< 23:c9:cc:4b:a0:3a,10381,-41,6532,55.14,35.61,43,360202,360709
[Recv] <<< 23:c9:cc:4b:a0:3a,10383,-41,6533,55.15,35.61,65,360267,360774
[Recv] <<< 23:c9:cc:4b:a0:3a,10390,-41,6534,55.17,35.61,240,360507,361014
[Recv] <<< 23:c9:cc:4b:a0:3a,10391,-41,6535,55.17,35.61,31,360538,361045
[Recv] <<< 23:c9:cc:4b:a0:3a,10392,-41,6536,55.17,35.61,37,360575,361082
[Recv] <<< 23:c9:cc:4b:a0:3a,10393,-41,6537,55.16,35.61,30,360605,361112
[Recv] <<< 23:c9:cc:4b:a0:3a,10394,-42,6538,55.16,35.61,38,360643,361150
[Recv] <<< 23:c9:cc:4b:a0:3a,10396,-38,6539,55.16,35.61,60,360703,361210
[Recv] <<< 23:c9:cc:4b:a0:3a,10397,-43,6540,55.16,35.61,39,360742,361249
[Recv] <<< 23:c9:cc:4b:a0:3a,10398,-32,6541,55.16,35.61,51,360793,361300
[Recv] <<< 23:c9:cc:4b:a0:3a,10400,-32,6542,55.16,35.61,62,360855,361362
[Recv] <<< 23:c9:cc:4b:a0:3a,10402,-42,6543,55.16,35.61,61,360916,361423
[Recv] <<< 23:c9:cc:4b:a0:3a,10403,-32,6544,55.16,35.61,40,360956,361463
[Recv] <<< 23:c9:cc:4b:a0:3a,10404,-32,6545,55.16,35.61,34,360990,361497
[Recv] <<< 23:c9:cc:4b:a0:3a,10405,-32,6546,55.15,35.61,31,361021,361528
[Recv] <<< 23:c9:cc:4b:a0:3a,10471,-36,6547,55.49,35.60,2247,363268,363775
[Recv] <<< 23:c9:cc:4b:a0:3a,10472,-35,6548,55.48,35.60,39,363307,363814
[Recv] <<< 23:c9:cc:4b:a0:3a,10474,-35,6549,55.48,35.60,58,363365,363872
[Recv] <<< 23:c9:cc:4b:a0:3a,10475,-36,6550,55.48,35.60,39,363404,363911
[Recv] <<< 23:c9:cc:4b:a0:3a,10476,-42,6551,55.48,35.60,40,363444,363951
[Recv] <<< 23:c9:cc:4b:a0:3a,10477,-36,6552,55.48,35.60,34,363478,363985
[Recv] <<< 23:c9:cc:4b:a0:3a,10478,-35,6553,55.47,35.60,28,363506,364013
[Recv] <<< 23:c9:cc:4b:a0:3a,10496,-35,6554,55.56,35.60,633,364139,364646
[Recv] <<< 23:c9:cc:4b:a0:3a,10497,-35,6555,55.56,35.60,34,364173,364680
[Recv] <<< 23:c9:cc:4b:a0:3a,10498,-36,6556,55.55,35.60,29,364202,364709
[Recv] <<< 23:c9:cc:4b:a0:3a,10499,-36,6557,55.55,35.60,33,364235,364742
[Recv] <<< 23:c9:cc:4b:a0:3a,10500,-32,6558,55.54,35.60,28,364263,364770
[Recv] <<< 23:c9:cc:4b:a0:3a,10501,-32,6559,55.54,35.60,39,364302,364809
[Recv] <<< 23:c9:cc:4b:a0:3a,10506,-32,6560,55.56,35.60,170,364472,364979
[Recv] <<< 23:c9:cc:4b:a0:3a,10507,-32,6561,55.56,35.60,35,364507,365014
[Recv] <<< 23:c9:cc:4b:a0:3a,10508,-32,6562,55.55,35.60,26,364533,365040
[Recv] <<< 23:c9:cc:4b:a0:3a,10509,-32,6563,55.55,35.60,36,364569,365076
[Recv] <<< 23:c9:cc:4b:a0:3a,10515,-32,6564,55.57,35.59,205,364774,365281
[Recv] <<< 23:c9:cc:4b:a0:3a,10517,-32,6565,55.58,35.60,77,364851,365358
[Recv] <<< 23:c9:cc:4b:a0:3a,10526,-32,6566,55.61,35.59,307,365158,365665
[Recv] <<< 23:c9:cc:4b:a0:3a,10527,-32,6567,55.61,35.59,37,365195,365702
[Recv] <<< 23:c9:cc:4b:a0:3a,10528,-32,6568,55.61,35.59,30,365225,365732
[Recv] <<< 23:c9:cc:4b:a0:3a,10529,-32,6569,55.60,35.59,34,365259,365766
[Recv] <<< 23:c9:cc:4b:a0:3a,10530,-35,6570,55.60,35.59,41,365300,365807
[Recv] <<< 23:c9:cc:4b:a0:3a,10531,-35,6571,55.60,35.59,42,365342,365849
[Recv] <<< 23:c9:cc:4b:a0:3a,10533,-32,6572,55.60,35.59,64,365406,365913
[Recv] <<< 23:c9:cc:4b:a0:3a,10534,-32,6573,55.60,35.59,32,365438,365945
[Recv] <<< 23:c9:cc:4b:a0:3a,10535,-32,6574,55.59,35.59,33,365471,365978
[Recv] <<< 23:c9:cc:4b:a0:3a,10536,-32,6575,55.59,35.59,31,365502,366009
[Recv] <<< 23:c9:cc:4b:a0:3a,10537,-32,6576,55.59,35.59,31,365533,366040
[Recv] <<< 23:c9:cc:4b:a0:3a,10543,-41,6577,55.61,35.59,196,365729,366236
[Recv] <<< 23:c9:cc:4b:a0:3a,10544,-42,6578,55.60,35.59,33,365762,366269
[Recv] <<< 23:c9:cc:4b:a0:3a,10592,-36,6579,55.85,35.59,1694,367456,367963
[Recv] <<< 23:c9:cc:4b:a0:3a,10593,-36,6580,55.85,35.59,36,367492,367999
[Recv] <<< 23:c9:cc:4b:a0:3a,10594,-35,6581,55.85,35.59,25,367517,368024
[Recv] <<< 23:c9:cc:4b:a0:3a,10595,-36,6582,55.84,35.59,35,367552,368059
[Recv] <<< 23:c9:cc:4b:a0:3a,10596,-35,6583,55.84,35.59,29,367581,368088
[Recv] <<< 23:c9:cc:4b:a0:3a,10598,-35,6584,55.84,35.59,75,367656,368163
[Recv] <<< 23:c9:cc:4b:a0:3a,10606,-45,6585,55.88,35.59,288,367944,368451
[Recv] <<< 23:c9:cc:4b:a0:3a,10608,-36,6586,55.88,35.59,64,368008,368515
[Recv] <<< 23:c9:cc:4b:a0:3a,10625,-32,6587,55.96,35.59,609,368617,369124
[Recv] <<< 23:c9:cc:4b:a0:3a,10626,-32,6588,55.96,35.59,31,368648,369155
[Recv] <<< 23:c9:cc:4b:a0:3a,10627,-32,6589,55.95,35.59,37,368685,369192
[Recv] <<< 23:c9:cc:4b:a0:3a,10628,-32,6590,55.95,35.59,39,368724,369231
[Recv] <<< 23:c9:cc:4b:a0:3a,10629,-32,6591,55.95,35.59,31,368755,369262
[Recv] <<< 23:c9:cc:4b:a0:3a,10630,-33,6592,55.94,35.59,33,368788,369295
[Recv] <<< 23:c9:cc:4b:a0:3a,10631,-32,6593,55.94,35.59,31,368819,369326
[Recv] <<< 23:c9:cc:4b:a0:3a,10632,-32,6594,55.94,35.59,37,368856,369363
[Recv] <<< 23:c9:cc:4b:a0:3a,10633,-38,6595,55.94,35.59,44,368900,369407
[Recv] <<< 23:c9:cc:4b:a0:3a,10634,-36,6596,55.93,35.59,36,368936,369443
[Recv] <<< 23:c9:cc:4b:a0:3a,10635,-36,6597,55.93,35.59,29,368965,369472
[Recv] <<< 23:c9:cc:4b:a0:3a,10636,-35,6598,55.93,35.59,40,369005,369512
[Recv] <<< 23:c9:cc:4b:a0:3a,10637,-35,6599,55.92,35.59,37,369042,369549
[Recv] <<< 23:c9:cc:4b:a0:3a,10638,-35,6600,55.92,35.59,27,369069,369576
[Recv] <<< 23:c9:cc:4b:a0:3a,10640,-45,6601,55.92,35.59,77,369146,369653
[Recv] <<< 23:c9:cc:4b:a0:3a,10641,-41,6602,55.92,35.59,37,369183,369690
[Recv] <<< 23:c9:cc:4b:a0:3a,10642,-41,6603,55.92,35.59,36,369219,369726
[Recv] <<< 23:c9:cc:4b:a0:3a,10645,-41,6604,55.92,35.59,101,369320,369827
[Recv] <<< 23:c9:cc:4b:a0:3a,10646,-46,6605,55.92,35.59,37,369357,369864
[Recv] <<< 23:c9:cc:4b:a0:3a,10647,-45,6606,55.92,35.59,39,369396,369903
[Recv] <<< 23:c9:cc:4b:a0:3a,10657,-41,6607,55.96,35.59,346,369742,370249
[Recv] <<< 23:c9:cc:4b:a0:3a,10666,-41,6608,56.00,35.58,302,370044,370551
[Recv] <<< 23:c9:cc:4b:a0:3a,10667,-42,6609,56.00,35.58,40,370084,370591
[Recv] <<< 23:c9:cc:4b:a0:3a,10669,-41,6610,56.00,35.58,61,370145,370652
[Recv] <<< 23:c9:cc:4b:a0:3a,10670,-41,6611,55.99,35.58,33,370178,370685
[Recv] <<< 23:c9:cc:4b:a0:3a,10671,-41,6612,55.99,35.58,36,370214,370721
[Recv] <<< 23:c9:cc:4b:a0:3a,10672,-41,6613,55.99,35.58,35,370249,370756
[Recv] <<< 23:c9:cc:4b:a0:3a,10675,-41,6614,55.99,35.58,97,370346,370853
[Recv] <<< 23:c9:cc:4b:a0:3a,10676,-42,6615,55.99,35.58,33,370379,370886
[Recv] <<< 23:c9:cc:4b:a0:3a,10678,-32,6616,55.99,35.58,79,370458,370965
[Recv] <<< 23:c9:cc:4b:a0:3a,10679,-32,6617,55.99,35.58,33,370491,370998
[Recv] <<< 23:c9:cc:4b:a0:3a,10680,-32,6618,55.99,35.58,31,370522,371029
[Recv] <<< 23:c9:cc:4b:a0:3a,10682,-42,6619,55.99,35.58,65,370587,371094
[Recv] <<< 23:c9:cc:4b:a0:3a,10683,-32,6620,55.99,35.58,36,370623,371130
[Recv] <<< 23:c9:cc:4b:a0:3a,10684,-32,6621,55.98,35.58,39,370662,371169
[Recv] <<< 23:c9:cc:4b:a0:3a,10685,-36,6622,55.98,35.58,37,370699,371206
[Recv] <<< 23:c9:cc:4b:a0:3a,10686,-38,6623,55.98,35.58,37,370736,371243
[Recv] <<< 23:c9:cc:4b:a0:3a,10687,-38,6624,55.97,35.58,34,370770,371277
[Recv] <<< 23:c9:cc:4b:a0:3a,10688,-36,6625,55.97,35.58,33,370803,371310
[Recv] <<< 23:c9:cc:4b:a0:3a,10689,-35,6626,55.97,35.58,34,370837,371344
[Recv] <<< 23:c9:cc:4b:a0:3a,10690,-35,6627,55.96,35.58,27,370864,371371
[Recv] <<< 23:c9:cc:4b:a0:3a,10694,-42,6628,55.97,35.58,138,371002,371509
[Recv] <<< 23:c9:cc:4b:a0:3a,10696,-45,6629,55.98,35.58,79,371081,371588
[Recv] <<< 23:c9:cc:4b:a0:3a,10698,-41,6630,55.98,35.58,67,371148,371655
[Recv] <<< 23:c9:cc:4b:a0:3a,10699,-41,6631,55.98,35.58,31,371179,371686
[Recv] <<< 23:c9:cc:4b:a0:3a,10701,-45,6632,55.98,35.58,76,371255,371762
[Recv] <<< 23:c9:cc:4b:a0:3a,10702,-45,6633,55.98,35.58,35,371290,371797
[Recv] <<< 23:c9:cc:4b:a0:3a,10704,-32,6634,55.98,35.58,77,371367,371874
[Recv] <<< 23:c9:cc:4b:a0:3a,10706,-35,6635,55.98,35.58,76,371443,371950
[Recv] <<< 23:c9:cc:4b:a0:3a,10707,-36,6636,55.98,35.58,37,371480,371987
[Recv] <<< 23:c9:cc:4b:a0:3a,10708,-36,6637,55.98,35.58,30,371510,372017
[Recv] <<< 23:c9:cc:4b:a0:3a,10709,-36,6638,55.97,35.58,34,371544,372051
[Recv] <<< 23:c9:cc:4b:a0:3a,10710,-36,6639,55.97,35.58,38,371582,372089
[Recv] <<< 23:c9:cc:4b:a0:3a,10711,-36,6640,55.97,35.58,40,371622,372129
[Recv] <<< 23:c9:cc:4b:a0:3a,10712,-35,6641,55.96,35.58,31,371653,372160
[Recv] <<< 23:c9:cc:4b:a0:3a,10713,-41,6642,55.96,35.58,44,371697,372204
[Recv] <<< 23:c9:cc:4b:a0:3a,10715,-32,6643,55.97,35.58,84,371781,372288
[Recv] <<< 23:c9:cc:4b:a0:3a,10716,-36,6644,55.96,35.58,38,371819,372326
[Recv] <<< 23:c9:cc:4b:a0:3a,10718,-41,6645,55.97,35.58,75,371894,372401
[Recv] <<< 23:c9:cc:4b:a0:3a,10720,-46,6646,55.97,35.59,77,371971,372478
[Recv] <<< 23:c9:cc:4b:a0:3a,10721,-32,6647,55.97,35.59,46,372017,372524
[Recv] <<< 23:c9:cc:4b:a0:3a,10722,-32,6648,55.96,35.59,28,372045,372552
[Recv] <<< 23:c9:cc:4b:a0:3a,10723,-32,6649,55.96,35.59,42,372087,372594
[Recv] <<< 23:c9:cc:4b:a0:3a,10724,-32,6650,55.96,35.59,36,372123,372630
[Recv] <<< 23:c9:cc:4b:a0:3a,10725,-32,6651,55.96,35.59,37,372160,372667
[Recv] <<< 23:c9:cc:4b:a0:3a,10726,-32,6652,55.95,35.59,37,372197,372704
[Recv] <<< 23:c9:cc:4b:a0:3a,10727,-32,6653,55.95,35.59,37,372234,372741
[Recv] <<< 23:c9:cc:4b:a0:3a,10728,-32,6654,55.95,35.59,36,372270,372777
[Recv] <<< 23:c9:cc:4b:a0:3a,10729,-38,6655,55.94,35.59,42,372312,372819
[Recv] <<< 23:c9:cc:4b:a0:3a,10730,-41,6656,55.94,35.59,44,372356,372863
[Recv] <<< 23:c9:cc:4b:a0:3a,10733,-32,6657,55.95,35.59,119,372475,372982
[Recv] <<< 23:c9:cc:4b:a0:3a,10736,-41,6658,55.96,35.59,121,372596,373103
[Recv] <<< 23:c9:cc:4b:a0:3a,10740,-35,6659,55.98,35.59,150,372746,373253
[Recv] <<< 23:c9:cc:4b:a0:3a,10742,-45,6660,55.98,35.59,75,372821,373328
[Recv] <<< 23:c9:cc:4b:a0:3a,10743,-41,6661,55.98,35.59,36,372857,373364
[Recv] <<< 23:c9:cc:4b:a0:3a,10745,-32,6662,55.98,35.59,84,372941,373448
[Recv] <<< 23:c9:cc:4b:a0:3a,10746,-36,6663,55.98,35.59,42,372983,373490
[Recv] <<< 23:c9:cc:4b:a0:3a,10747,-41,6664,55.98,35.59,48,373031,373538
[Recv] <<< 23:c9:cc:4b:a0:3a,10748,-32,6665,55.97,35.59,39,373070,373577
[Recv] <<< 23:c9:cc:4b:a0:3a,10749,-32,6666,55.97,35.60,43,373113,373620
[Recv] <<< 23:c9:cc:4b:a0:3a,10750,-32,6667,55.97,35.60,36,373149,373656
[Recv] <<< 23:c9:cc:4b:a0:3a,10751,-35,6668,55.97,35.60,42,373191,373698
[Recv] <<< 23:c9:cc:4b:a0:3a,10752,-35,6669,55.97,35.60,47,373238,373745
[Recv] <<< 23:c9:cc:4b:a0:3a,10753,-41,6670,55.96,35.60,40,373278,373785
[Recv] <<< 23:c9:cc:4b:a0:3a,10754,-32,6671,55.96,35.60,50,373328,373835
[Recv] <<< 23:c9:cc:4b:a0:3a,10756,-35,6672,55.97,35.60,77,373405,373912
[Recv] <<< 23:c9:cc:4b:a0:3a,10757,-35,6673,55.96,35.60,41,373446,373953
[Recv] <<< 23:c9:cc:4b:a0:3a,10759,-41,6674,55.97,35.60,75,373521,374028
[Recv] <<< 23:c9:cc:4b:a0:3a,10761,-38,6675,55.97,35.60,89,373610,374117
[Recv] <<< 23:c9:cc:4b:a0:3a,10762,-35,6676,55.97,35.60,41,373651,374158
[Recv] <<< 23:c9:cc:4b:a0:3a,10763,-45,6677,55.97,35.60,40,373691,374198
[Recv] <<< 23:c9:cc:4b:a0:3a,10764,-32,6678,55.96,35.60,41,373732,374239
[Recv] <<< 23:c9:cc:4b:a0:3a,10765,-35,6679,55.96,35.60,43,373775,374282
[Recv] <<< 23:c9:cc:4b:a0:3a,10766,-46,6680,55.96,35.61,42,373817,374324
[Recv] <<< 23:c9:cc:4b:a0:3a,10767,-32,6681,55.96,35.61,45,373862,374369
[Recv] <<< 23:c9:cc:4b:a0:3a,10768,-35,6682,55.96,35.61,44,373906,374413
[Recv] <<< 23:c9:cc:4b:a0:3a,10769,-36,6683,55.95,35.61,36,373942,374449
[Recv] <<< 23:c9:cc:4b:a0:3a,10770,-42,6684,55.95,35.61,49,373991,374498
[Recv] <<< 23:c9:cc:4b:a0:3a,10771,-32,6685,55.95,35.61,37,374028,374535
[Recv] <<< 23:c9:cc:4b:a0:3a,10774,-41,6686,55.96,35.61,128,374156,374663
[Recv] <<< 23:c9:cc:4b:a0:3a,10775,-32,6687,55.96,35.61,42,374198,374705
[Recv] <<< 23:c9:cc:4b:a0:3a,10776,-35,6688,55.96,35.61,44,374242,374749
[Recv] <<< 23:c9:cc:4b:a0:3a,10778,-41,6689,55.96,35.61,83,374325,374832
[Recv] <<< 23:c9:cc:4b:a0:3a,10779,-32,6690,55.96,35.61,41,374366,374873
[Recv] <<< 23:c9:cc:4b:a0:3a,10780,-32,6691,55.96,35.61,48,374414,374921
[Recv] <<< 23:c9:cc:4b:a0:3a,10782,-46,6692,55.96,35.62,81,374495,375002
[Recv] <<< 23:c9:cc:4b:a0:3a,10783,-32,6693,55.96,35.62,47,374542,375049
[Recv] <<< 23:c9:cc:4b:a0:3a,10784,-32,6694,55.96,35.62,42,374584,375091
[Recv] <<< 23:c9:cc:4b:a0:3a,10785,-36,6695,55.96,35.62,41,374625,375132
[Recv] <<< 23:c9:cc:4b:a0:3a,10787,-32,6696,55.96,35.62,83,374708,375215
[Recv] <<< 23:c9:cc:4b:a0:3a,10788,-32,6697,55.96,35.62,43,374751,375258
[Recv] <<< 23:c9:cc:4b:a0:3a,10789,-35,6698,55.96,35.62,41,374792,375299
[Recv] <<< 23:c9:cc:4b:a0:3a,10790,-45,6699,55.95,35.62,47,374839,375346
[Recv] <<< 23:c9:cc:4b:a0:3a,10792,-35,6700,55.96,35.62,88,374927,375434
[Recv] <<< 23:c9:cc:4b:a0:3a,10793,-41,6701,55.96,35.62,41,374968,375475
[Recv] <<< 23:c9:cc:4b:a0:3a,10794,-48,6702,55.95,35.62,39,375007,375514
[Recv] <<< 23:c9:cc:4b:a0:3a,10795,-32,6703,55.95,35.62,51,375058,375565
[Recv] <<< 23:c9:cc:4b:a0:3a,10797,-35,6704,55.96,35.63,84,375142,375649
[Recv] <<< 23:c9:cc:4b:a0:3a,10798,-41,6705,55.96,35.63,38,375180,375687
[Recv] <<< 23:c9:cc:4b:a0:3a,10799,-32,6706,55.95,35.63,42,375222,375729
[Recv] <<< 23:c9:cc:4b:a0:3a,10800,-32,6707,55.95,35.63,40,375262,375769
[Recv] <<< 23:c9:cc:4b:a0:3a,10801,-36,6708,55.95,35.63,46,375308,375815
[Recv] <<< 23:c9:cc:4b:a0:3a,10802,-41,6709,55.95,35.63,39,375347,375854
[Recv] <<< 23:c9:cc:4b:a0:3a,10803,-32,6710,55.95,35.63,49,375396,375903
[Recv] <<< 23:c9:cc:4b:a0:3a,10804,-38,6711,55.94,35.63,33,375429,375936
[Recv] <<< 23:c9:cc:4b:a0:3a,10805,-36,6712,55.94,35.63,44,375473,375980
[Recv] <<< 23:c9:cc:4b:a0:3a,10807,-41,6713,55.95,35.63,87,375560,376067
[Recv] <<< 23:c9:cc:4b:a0:3a,10808,-32,6714,55.94,35.63,40,375600,376107
[Recv] <<< 23:c9:cc:4b:a0:3a,10809,-35,6715,55.94,35.63,49,375649,376156
[Recv] <<< 23:c9:cc:4b:a0:3a,10810,-41,6716,55.94,35.63,38,375687,376194
[Recv] <<< 23:c9:cc:4b:a0:3a,10819,-41,6717,55.99,35.64,386,376073,376580
[Recv] <<< 23:c9:cc:4b:a0:3a,10820,-45,6718,55.99,35.64,36,376109,376616
[Recv] <<< 23:c9:cc:4b:a0:3a,10821,-32,6719,55.98,35.64,44,376153,376660
[Recv] <<< 23:c9:cc:4b:a0:3a,10822,-35,6720,55.98,35.64,49,376202,376709
[Recv] <<< 23:c9:cc:4b:a0:3a,10823,-45,6721,55.98,35.64,37,376239,376746
[Recv] <<< 23:c9:cc:4b:a0:3a,10825,-32,6722,55.98,35.64,86,376325,376832
[Recv] <<< 23:c9:cc:4b:a0:3a,10826,-35,6723,55.98,35.64,49,376374,376881
[Recv] <<< 23:c9:cc:4b:a0:3a,10827,-41,6724,55.98,35.64,35,376409,376916
[Recv] <<< 23:c9:cc:4b:a0:3a,10828,-32,6725,55.98,35.65,45,376454,376961
[Recv] <<< 23:c9:cc:4b:a0:3a,10830,-35,6726,55.98,35.65,86,376540,377047
[Recv] <<< 23:c9:cc:4b:a0:3a,10831,-41,6727,55.98,35.65,39,376579,377086
[Recv] <<< 23:c9:cc:4b:a0:3a,10832,-32,6728,55.98,35.65,46,376625,377132
[Recv] <<< 23:c9:cc:4b:a0:3a,10834,-36,6729,55.98,35.65,79,376704,377211
[Recv] <<< 23:c9:cc:4b:a0:3a,10838,-35,6730,56.00,35.65,176,376880,377387
[Recv] <<< 23:c9:cc:4b:a0:3a,10840,-41,6731,56.00,35.65,80,376960,377467
[Recv] <<< 23:c9:cc:4b:a0:3a,10841,-32,6732,56.00,35.65,42,377002,377509
[Recv] <<< 23:c9:cc:4b:a0:3a,10842,-35,6733,56.00,35.65,42,377044,377551
[Recv] <<< 23:c9:cc:4b:a0:3a,10843,-41,6734,56.00,35.66,51,377095,377602
[Recv] <<< 23:c9:cc:4b:a0:3a,10844,-41,6735,56.00,35.66,37,377132,377639
[Recv] <<< 23:c9:cc:4b:a0:3a,10845,-32,6736,55.99,35.66,42,377174,377681
[Recv] <<< 23:c9:cc:4b:a0:3a,10846,-32,6737,55.99,35.66,41,377215,377722
[Recv] <<< 23:c9:cc:4b:a0:3a,10853,-42,6738,56.03,35.66,294,377509,378016
[Recv] <<< 23:c9:cc:4b:a0:3a,10854,-32,6739,56.02,35.66,39,377548,378055
[Recv] <<< 23:c9:cc:4b:a0:3a,10856,-35,6740,56.03,35.66,83,377631,378138
[Recv] <<< 23:c9:cc:4b:a0:3a,10857,-41,6741,56.03,35.66,43,377674,378181
[Recv] <<< 23:c9:cc:4b:a0:3a,10858,-41,6742,56.02,35.66,37,377711,378218
[Recv] <<< 23:c9:cc:4b:a0:3a,10859,-32,6743,56.02,35.66,38,377749,378256
[Recv] <<< 23:c9:cc:4b:a0:3a,10860,-36,6744,56.02,35.66,42,377791,378298
[Recv] <<< 23:c9:cc:4b:a0:3a,10861,-45,6745,56.02,35.67,49,377840,378347
[Recv] <<< 23:c9:cc:4b:a0:3a,10863,-32,6746,56.02,35.67,79,377919,378426
[Recv] <<< 23:c9:cc:4b:a0:3a,10864,-35,6747,56.02,35.67,45,377964,378471
[Recv] <<< 23:c9:cc:4b:a0:3a,10865,-45,6748,56.02,35.67,41,378005,378512
[Recv] <<< 23:c9:cc:4b:a0:3a,10867,-32,6749,56.02,35.67,91,378096,378603
[Recv] <<< 23:c9:cc:4b:a0:3a,10868,-35,6750,56.02,35.67,37,378133,378640
[Recv] <<< 23:c9:cc:4b:a0:3a,10870,-41,6751,56.02,35.67,83,378216,378723
[Recv] <<< 23:c9:cc:4b:a0:3a,10872,-32,6752,56.03,35.67,85,378301,378808
[Recv] <<< 23:c9:cc:4b:a0:3a,10873,-35,6753,56.03,35.67,37,378338,378845
[Recv] <<< 23:c9:cc:4b:a0:3a,10874,-35,6754,56.02,35.67,36,378374,378881
[Recv] <<< 23:c9:cc:4b:a0:3a,10875,-41,6755,56.02,35.67,43,378417,378924
[Recv] <<< 23:c9:cc:4b:a0:3a,10878,-36,6756,56.03,35.67,123,378540,379047
[Recv] <<< 23:c9:cc:4b:a0:3a,10879,-41,6757,56.03,35.68,46,378586,379093
[Recv] <<< 23:c9:cc:4b:a0:3a,10881,-32,6758,56.03,35.68,78,378664,379171
[Recv] <<< 23:c9:cc:4b:a0:3a,10882,-35,6759,56.03,35.68,43,378707,379214
[Recv] <<< 23:c9:cc:4b:a0:3a,10886,-36,6760,56.05,35.68,171,378878,379385
[Recv] <<< 23:c9:cc:4b:a0:3a,10888,-41,6761,56.05,35.68,78,378956,379463
[Recv] <<< 23:c9:cc:4b:a0:3a,10889,-32,6762,56.05,35.68,43,378999,379506
[Recv] <<< 23:c9:cc:4b:a0:3a,10890,-32,6763,56.04,35.68,31,379030,379537
[Recv] <<< 23:c9:cc:4b:a0:3a,10891,-36,6764,56.04,35.68,43,379073,379580
[Recv] <<< 23:c9:cc:4b:a0:3a,10893,-41,6765,56.05,35.68,79,379152,379659
[Recv] <<< 23:c9:cc:4b:a0:3a,10894,-42,6766,56.04,35.68,41,379193,379700
[Recv] <<< 23:c9:cc:4b:a0:3a,10895,-33,6767,56.04,35.68,40,379233,379740
[Recv] <<< 23:c9:cc:4b:a0:3a,10900,-32,6768,56.06,35.68,201,379434,379941
[Recv] <<< 23:c9:cc:4b:a0:3a,10902,-35,6769,56.07,35.69,88,379522,380029
[Recv] <<< 23:c9:cc:4b:a0:3a,10903,-41,6770,56.07,35.69,39,379561,380068
[Recv] <<< 23:c9:cc:4b:a0:3a,10905,-32,6771,56.07,35.69,83,379644,380151
[Recv] <<< 23:c9:cc:4b:a0:3a,10906,-32,6772,56.07,35.69,36,379680,380187
[Recv] <<< 23:c9:cc:4b:a0:3a,10907,-35,6773,56.06,35.69,40,379720,380227
[Recv] <<< 23:c9:cc:4b:a0:3a,10909,-41,6774,56.07,35.69,84,379804,380311
[Recv] <<< 23:c9:cc:4b:a0:3a,10910,-41,6775,56.07,35.69,39,379843,380350
[Recv] <<< 23:c9:cc:4b:a0:3a,10912,-32,6776,56.07,35.69,78,379921,380428
[Recv] <<< 23:c9:cc:4b:a0:3a,10914,-35,6777,56.07,35.69,83,380004,380511
[Recv] <<< 23:c9:cc:4b:a0:3a,10915,-41,6778,56.07,35.69,37,380041,380548
[Recv] <<< 23:c9:cc:4b:a0:3a,10917,-32,6779,56.07,35.69,81,380122,380629
[Recv] <<< 23:c9:cc:4b:a0:3a,10918,-38,6780,56.07,35.69,44,380166,380673
[Recv] <<< 23:c9:cc:4b:a0:3a,10919,-36,6781,56.07,35.69,38,380204,380711
[Recv] <<< 23:c9:cc:4b:a0:3a,10920,-41,6782,56.07,35.69,43,380247,380754
[Recv] <<< 23:c9:cc:4b:a0:3a,10922,-32,6783,56.07,35.69,77,380324,380831
[Recv] <<< 23:c9:cc:4b:a0:3a,10929,-36,6784,56.10,35.70,291,380615,381122
[Recv] <<< 23:c9:cc:4b:a0:3a,10930,-35,6785,56.10,35.70,41,380656,381163
[Recv] <<< 23:c9:cc:4b:a0:3a,10932,-41,6786,56.11,35.70,79,380735,381242
[Recv] <<< 23:c9:cc:4b:a0:3a,10934,-32,6787,56.11,35.70,82,380817,381324
[Recv] <<< 23:c9:cc:4b:a0:3a,10935,-32,6788,56.11,35.70,43,380860,381367
[Recv] <<< 23:c9:cc:4b:a0:3a,10937,-38,6789,56.11,35.70,77,380937,381444
[Recv] <<< 23:c9:cc:4b:a0:3a,10938,-36,6790,56.11,35.70,41,380978,381485
[Recv] <<< 23:c9:cc:4b:a0:3a,10940,-41,6791,56.11,35.70,84,381062,381569
[Recv] <<< 23:c9:cc:4b:a0:3a,10941,-32,6792,56.11,35.70,35,381097,381604
[Recv] <<< 23:c9:cc:4b:a0:3a,10973,-32,6793,56.29,35.72,1292,382389,382896
[Recv] <<< 23:c9:cc:4b:a0:3a,10981,-32,6794,56.33,35.72,315,382704,383211
[Recv] <<< 23:c9:cc:4b:a0:3a,10982,-36,6795,56.33,35.72,48,382752,383259
[Recv] <<< 23:c9:cc:4b:a0:3a,10983,-41,6796,56.33,35.72,46,382798,383305
[Recv] <<< 23:c9:cc:4b:a0:3a,10986,-35,6797,56.34,35.72,120,382918,383425
[Recv] <<< 23:c9:cc:4b:a0:3a,10987,-41,6798,56.34,35.72,48,382966,383473
[Recv] <<< 23:c9:cc:4b:a0:3a,10988,-32,6799,56.33,35.72,39,383005,383512
[Recv] <<< 23:c9:cc:4b:a0:3a,10989,-36,6800,56.33,35.73,49,383054,383561
[Recv] <<< 23:c9:cc:4b:a0:3a,10990,-41,6801,56.33,35.73,39,383093,383600
[Recv] <<< 23:c9:cc:4b:a0:3a,10991,-32,6802,56.33,35.73,44,383137,383644
[Recv] <<< 23:c9:cc:4b:a0:3a,10992,-36,6803,56.33,35.73,49,383186,383693
[Recv] <<< 23:c9:cc:4b:a0:3a,10993,-36,6804,56.32,35.73,36,383222,383729
[Recv] <<< 23:c9:cc:4b:a0:3a,10994,-36,6805,56.32,35.73,35,383257,383764
[Recv] <<< 23:c9:cc:4b:a0:3a,10996,-41,6806,56.32,35.73,78,383335,383842
[Recv] <<< 23:c9:cc:4b:a0:3a,10997,-41,6807,56.32,35.73,37,383372,383879
[Recv] <<< 23:c9:cc:4b:a0:3a,10999,-32,6808,56.32,35.73,80,383452,383959
[Recv] <<< 23:c9:cc:4b:a0:3a,11001,-36,6809,56.33,35.73,83,383535,384042
[Recv] <<< 23:c9:cc:4b:a0:3a,11003,-35,6810,56.33,35.73,71,383606,384113
[Recv] <<< 23:c9:cc:4b:a0:3a,11004,-36,6811,56.33,35.73,34,383640,384147
[Recv] <<< 23:c9:cc:4b:a0:3a,11007,-41,6812,56.34,35.73,122,383762,384269
[Recv] <<< 23:c9:cc:4b:a0:3a,11008,-32,6813,56.33,35.73,39,383801,384308
[Recv] <<< 23:c9:cc:4b:a0:3a,11009,-36,6814,56.33,35.73,46,383847,384354
[Recv] <<< 23:c9:cc:4b:a0:3a,11010,-36,6815,56.33,35.73,32,383879,384386
[Recv] <<< 23:c9:cc:4b:a0:3a,11011,-35,6816,56.32,35.73,29,383908,384415
[Recv] <<< 23:c9:cc:4b:a0:3a,11012,-35,6817,56.32,35.73,37,383945,384452
[Recv] <<< 23:c9:cc:4b:a0:3a,11013,-35,6818,56.32,35.73,39,383984,384491
[Recv] <<< 23:c9:cc:4b:a0:3a,11015,-46,6819,56.32,35.73,74,384058,384565
[Recv] <<< 23:c9:cc:4b:a0:3a,11016,-42,6820,56.32,35.73,35,384093,384600
[Recv] <<< 23:c9:cc:4b:a0:3a,11017,-41,6821,56.32,35.73,42,384135,384642
[Recv] <<< 23:c9:cc:4b:a0:3a,11018,-41,6822,56.31,35.73,31,384166,384673
[Recv] <<< 23:c9:cc:4b:a0:3a,11019,-45,6823,56.31,35.73,34,384200,384707
[Recv] <<< 23:c9:cc:4b:a0:3a,11021,-32,6824,56.31,35.73,82,384282,384789
[Recv] <<< 23:c9:cc:4b:a0:3a,11022,-32,6825,56.31,35.73,36,384318,384825
[Recv] <<< 23:c9:cc:4b:a0:3a,11023,-32,6826,56.31,35.73,33,384351,384858
[Recv] <<< 23:c9:cc:4b:a0:3a,11025,-35,6827,56.31,35.73,75,384426,384933
[Recv] <<< 23:c9:cc:4b:a0:3a,11028,-45,6828,56.32,35.74,119,384545,385052
[Recv] <<< 23:c9:cc:4b:a0:3a,11029,-41,6829,56.32,35.73,34,384579,385086
[Recv] <<< 23:c9:cc:4b:a0:3a,11030,-41,6830,56.31,35.74,37,384616,385123
[Recv] <<< 23:c9:cc:4b:a0:3a,11032,-32,6831,56.32,35.74,78,384694,385201
[Recv] <<< 23:c9:cc:4b:a0:3a,11033,-32,6832,56.31,35.74,36,384730,385237
[Recv] <<< 23:c9:cc:4b:a0:3a,11034,-32,6833,56.31,35.74,42,384772,385279
[Recv] <<< 23:c9:cc:4b:a0:3a,11035,-32,6834,56.31,35.74,33,384805,385312
[Recv] <<< 23:c9:cc:4b:a0:3a,11037,-32,6835,56.31,35.74,68,384873,385380
[Recv] <<< 23:c9:cc:4b:a0:3a,11038,-32,6836,56.31,35.74,40,384913,385420
[Recv] <<< 23:c9:cc:4b:a0:3a,11039,-33,6837,56.30,35.74,35,384948,385455
[Recv] <<< 23:c9:cc:4b:a0:3a,11046,-33,6838,56.33,35.74,248,385196,385703
[Recv] <<< 23:c9:cc:4b:a0:3a,11047,-36,6839,56.33,35.74,36,385232,385739
[Recv] <<< 23:c9:cc:4b:a0:3a,11048,-36,6840,56.33,35.74,33,385265,385772
[Recv] <<< 23:c9:cc:4b:a0:3a,11049,-38,6841,56.32,35.74,32,385297,385804
[Recv] <<< 23:c9:cc:4b:a0:3a,11051,-41,6842,56.32,35.74,77,385374,385881
[Recv] <<< 23:c9:cc:4b:a0:3a,11052,-45,6843,56.32,35.74,33,385407,385914
[Recv] <<< 23:c9:cc:4b:a0:3a,11053,-45,6844,56.32,35.74,37,385444,385951
[Recv] <<< 23:c9:cc:4b:a0:3a,11055,-47,6845,56.32,35.74,72,385516,386023
[Recv] <<< 23:c9:cc:4b:a0:3a,11056,-41,6846,56.32,35.74,33,385549,386056
[Recv] <<< 23:c9:cc:4b:a0:3a,11057,-41,6847,56.31,35.74,36,385585,386092
[Recv] <<< 23:c9:cc:4b:a0:3a,11058,-43,6848,56.31,35.74,36,385621,386128
[Recv] <<< 23:c9:cc:4b:a0:3a,11059,-41,6849,56.31,35.74,33,385654,386161
[Recv] <<< 23:c9:cc:4b:a0:3a,11060,-41,6850,56.31,35.74,38,385692,386199
[Recv] <<< 23:c9:cc:4b:a0:3a,11061,-41,6851,56.30,35.74,35,385727,386234
[Recv] <<< 23:c9:cc:4b:a0:3a,11062,-42,6852,56.30,35.74,33,385760,386267
[Recv] <<< 23:c9:cc:4b:a0:3a,11063,-42,6853,56.30,35.74,37,385797,386304
[Recv] <<< 23:c9:cc:4b:a0:3a,11065,-32,6854,56.30,35.74,75,385872,386379
[Recv] <<< 23:c9:cc:4b:a0:3a,11068,-32,6855,56.30,35.73,97,385969,386476
[Recv] <<< 23:c9:cc:4b:a0:3a,11069,-32,6856,56.30,35.73,37,386006,386513
[Recv] <<< 23:c9:cc:4b:a0:3a,11070,-32,6857,56.30,35.73,31,386037,386544
[Recv] <<< 23:c9:cc:4b:a0:3a,11071,-32,6858,56.30,35.73,40,386077,386584
[Recv] <<< 23:c9:cc:4b:a0:3a,11072,-32,6859,56.29,35.73,37,386114,386621
[Recv] <<< 23:c9:cc:4b:a0:3a,11073,-32,6860,56.29,35.73,33,386147,386654
[Recv] <<< 23:c9:cc:4b:a0:3a,11075,-35,6861,56.29,35.73,72,386219,386726
[Recv] <<< 23:c9:cc:4b:a0:3a,11076,-35,6862,56.29,35.73,40,386259,386766
[Recv] <<< 23:c9:cc:4b:a0:3a,11078,-35,6863,56.29,35.73,72,386331,386838
[Recv] <<< 23:c9:cc:4b:a0:3a,11079,-35,6864,56.29,35.73,31,386362,386869
[Recv] <<< 23:c9:cc:4b:a0:3a,11080,-35,6865,56.29,35.73,39,386401,386908
[Recv] <<< 23:c9:cc:4b:a0:3a,11081,-36,6866,56.28,35.73,31,386432,386939
[Recv] <<< 23:c9:cc:4b:a0:3a,11082,-36,6867,56.28,35.73,33,386465,386972
[Recv] <<< 23:c9:cc:4b:a0:3a,11085,-41,6868,56.29,35.73,110,386575,387082
[Recv] <<< 23:c9:cc:4b:a0:3a,11086,-41,6869,56.28,35.73,29,386604,387111
[Recv] <<< 23:c9:cc:4b:a0:3a,11087,-41,6870,56.28,35.73,41,386645,387152
[Recv] <<< 23:c9:cc:4b:a0:3a,11088,-41,6871,56.28,35.73,30,386675,387182
[Recv] <<< 23:c9:cc:4b:a0:3a,11089,-47,6872,56.27,35.73,35,386710,387217
[Recv] <<< 23:c9:cc:4b:a0:3a,11090,-32,6873,56.27,35.73,39,386749,387256
[Recv] <<< 23:c9:cc:4b:a0:3a,11091,-32,6874,56.27,35.73,38,386787,387294
[Recv] <<< 23:c9:cc:4b:a0:3a,11092,-32,6875,56.27,35.73,42,386829,387336
[Recv] <<< 23:c9:cc:4b:a0:3a,11093,-32,6876,56.26,35.73,31,386860,387367
[Recv] <<< 23:c9:cc:4b:a0:3a,11094,-32,6877,56.26,35.73,34,386894,387401
[Recv] <<< 23:c9:cc:4b:a0:3a,11100,-35,6878,56.28,35.73,221,387115,387622
[Recv] <<< 23:c9:cc:4b:a0:3a,11101,-39,6879,56.28,35.74,43,387158,387665
[Recv] <<< 23:c9:cc:4b:a0:3a,11102,-41,6880,56.28,35.74,34,387192,387699
[Recv] <<< 23:c9:cc:4b:a0:3a,11103,-41,6881,56.27,35.74,35,387227,387734
[Recv] <<< 23:c9:cc:4b:a0:3a,11119,-46,6882,56.35,35.74,605,387832,388339
[Recv] <<< 23:c9:cc:4b:a0:3a,11121,-32,6883,56.36,35.74,72,387904,388411
[Recv] <<< 23:c9:cc:4b:a0:3a,11122,-32,6884,56.35,35.74,36,387940,388447
[Recv] <<< 23:c9:cc:4b:a0:3a,11123,-32,6885,56.35,35.74,38,387978,388485
[Recv] <<< 23:c9:cc:4b:a0:3a,11124,-37,6886,56.35,35.74,38,388016,388523
[Recv] <<< 23:c9:cc:4b:a0:3a,11125,-46,6887,56.35,35.74,49,388065,388572
[Recv] <<< 23:c9:cc:4b:a0:3a,11126,-41,6888,56.34,35.74,32,388097,388604
[Recv] <<< 23:c9:cc:4b:a0:3a,11127,-42,6889,56.34,35.74,42,388139,388646
[Recv] <<< 23:c9:cc:4b:a0:3a,11129,-32,6890,56.34,35.74,70,388209,388716
[Recv] <<< 23:c9:cc:4b:a0:3a,11130,-32,6891,56.34,35.74,37,388246,388753
[Recv] <<< 23:c9:cc:4b:a0:3a,11131,-35,6892,56.34,35.74,38,388284,388791
[Recv] <<< 23:c9:cc:4b:a0:3a,11132,-35,6893,56.34,35.74,36,388320,388827
[Recv] <<< 23:c9:cc:4b:a0:3a,11134,-32,6894,56.34,35.74,69,388389,388896
[Recv] <<< 23:c9:cc:4b:a0:3a,11136,-36,6895,56.34,35.74,78,388467,388974
[Recv] <<< 23:c9:cc:4b:a0:3a,11137,-35,6896,56.34,35.74,29,388496,389003
[Recv] <<< 23:c9:cc:4b:a0:3a,11138,-36,6897,56.34,35.74,48,388544,389051
[Recv] <<< 23:c9:cc:4b:a0:3a,11139,-35,6898,56.33,35.74,35,388579,389086
[Recv] <<< 23:c9:cc:4b:a0:3a,11140,-33,6899,56.33,35.74,33,388612,389119
[Recv] <<< 23:c9:cc:4b:a0:3a,11156,-36,6900,56.40,35.74,565,389177,389684
[Recv] <<< 23:c9:cc:4b:a0:3a,11157,-45,6901,56.40,35.74,39,389216,389723
[Recv] <<< 23:c9:cc:4b:a0:3a,11158,-35,6902,56.40,35.74,31,389247,389754
[Recv] <<< 23:c9:cc:4b:a0:3a,11166,-32,6903,56.43,35.74,282,389529,390036
[Recv] <<< 23:c9:cc:4b:a0:3a,11167,-32,6904,56.43,35.74,38,389567,390074
[Recv] <<< 23:c9:cc:4b:a0:3a,11168,-32,6905,56.42,35.74,28,389595,390102
[Recv] <<< 23:c9:cc:4b:a0:3a,11194,-35,6906,56.55,35.74,946,390541,391048
[Recv] <<< 23:c9:cc:4b:a0:3a,11200,-32,6907,56.57,35.74,204,390745,391252
[Recv] <<< 23:c9:cc:4b:a0:3a,11201,-32,6908,56.57,35.74,31,390776,391283
[Recv] <<< 23:c9:cc:4b:a0:3a,11204,-36,6909,56.58,35.74,113,390889,391396
[Recv] <<< 23:c9:cc:4b:a0:3a,11205,-36,6910,56.57,35.74,33,390922,391429
[Recv] <<< 23:c9:cc:4b:a0:3a,11206,-36,6911,56.57,35.74,39,390961,391468
[Recv] <<< 23:c9:cc:4b:a0:3a,11208,-35,6912,56.57,35.74,66,391027,391534
[Recv] <<< 23:c9:cc:4b:a0:3a,11209,-36,6913,56.57,35.74,35,391062,391569
[Recv] <<< 23:c9:cc:4b:a0:3a,11210,-38,6914,56.57,35.74,41,391103,391610
[Recv] <<< 23:c9:cc:4b:a0:3a,11214,-32,6915,56.58,35.74,129,391232,391739
[Recv] <<< 23:c9:cc:4b:a0:3a,11215,-32,6916,56.57,35.74,31,391263,391770
[Recv] <<< 23:c9:cc:4b:a0:3a,11216,-32,6917,56.57,35.74,32,391295,391802
[Recv] <<< 23:c9:cc:4b:a0:3a,11218,-32,6918,56.57,35.74,66,391361,391868
[Recv] <<< 23:c9:cc:4b:a0:3a,11220,-41,6919,56.57,35.74,69,391430,391937
[Recv] <<< 23:c9:cc:4b:a0:3a,11221,-47,6920,56.57,35.74,34,391464,391971
[Recv] <<< 23:c9:cc:4b:a0:3a,11223,-42,6921,56.57,35.74,62,391526,392033
[Recv] <<< 23:c9:cc:4b:a0:3a,11224,-41,6922,56.57,35.74,41,391567,392074
[Recv] <<< 23:c9:cc:4b:a0:3a,11225,-41,6923,56.56,35.74,27,391594,392101
[Recv] <<< 23:c9:cc:4b:a0:3a,11226,-41,6924,56.56,35.74,39,391633,392140
[Recv] <<< 23:c9:cc:4b:a0:3a,11228,-41,6925,56.56,35.74,62,391695,392202
[Recv] <<< 23:c9:cc:4b:a0:3a,11229,-41,6926,56.56,35.74,39,391734,392241
[Recv] <<< 23:c9:cc:4b:a0:3a,11230,-45,6927,56.56,35.74,37,391771,392278
[Recv] <<< 23:c9:cc:4b:a0:3a,11232,-41,6928,56.56,35.74,68,391839,392346
[Recv] <<< 23:c9:cc:4b:a0:3a,11233,-35,6929,56.56,35.74,32,391871,392378
[Recv] <<< 23:c9:cc:4b:a0:3a,11234,-41,6930,56.55,35.74,42,391913,392420
[Recv] <<< 23:c9:cc:4b:a0:3a,11236,-32,6931,56.56,35.74,79,391992,392499
[Recv] <<< 23:c9:cc:4b:a0:3a,11237,-45,6932,56.55,35.74,24,392016,392523
[Recv] <<< 23:c9:cc:4b:a0:3a,11238,-41,6933,56.55,35.74,39,392055,392562
[Recv] <<< 23:c9:cc:4b:a0:3a,11239,-45,6934,56.54,35.73,25,392080,392587
[Recv] <<< 23:c9:cc:4b:a0:3a,11240,-41,6935,56.54,35.73,40,392120,392627
[Recv] <<< 23:c9:cc:4b:a0:3a,11241,-35,6936,56.54,35.73,22,392142,392649
[Recv] <<< 23:c9:cc:4b:a0:3a,11242,-35,6937,56.53,35.73,36,392178,392685
[Recv] <<< 23:c9:cc:4b:a0:3a,11244,-41,6938,56.54,35.73,74,392252,392759
[Recv] <<< 23:c9:cc:4b:a0:3a,11245,-36,6939,56.53,35.73,31,392283,392790
[Recv] <<< 23:c9:cc:4b:a0:3a,11246,-36,6940,56.53,35.73,30,392313,392820
[Recv] <<< 23:c9:cc:4b:a0:3a,11247,-36,6941,56.53,35.73,35,392348,392855
[Recv] <<< 23:c9:cc:4b:a0:3a,11248,-36,6942,56.52,35.73,29,392377,392884
[Recv] <<< 23:c9:cc:4b:a0:3a,11249,-35,6943,56.52,35.73,33,392410,392917
[Recv] <<< 23:c9:cc:4b:a0:3a,11250,-36,6944,56.52,35.73,37,392447,392954
[Recv] <<< 23:c9:cc:4b:a0:3a,11253,-45,6945,56.52,35.73,117,392564,393071
[Recv] <<< 23:c9:cc:4b:a0:3a,11254,-42,6946,56.52,35.73,26,392590,393097
[Recv] <<< 23:c9:cc:4b:a0:3a,11259,-36,6947,56.54,35.73,165,392755,393262
[Recv] <<< 23:c9:cc:4b:a0:3a,11266,-32,6948,56.56,35.73,254,393009,393516
[Recv] <<< 23:c9:cc:4b:a0:3a,11267,-32,6949,56.56,35.73,36,393045,393552
[Recv] <<< 23:c9:cc:4b:a0:3a,11274,-45,6950,56.59,35.73,222,393267,393774
[Recv] <<< 23:c9:cc:4b:a0:3a,11278,-46,6951,56.60,35.73,144,393411,393918
[Recv] <<< 23:c9:cc:4b:a0:3a,11280,-35,6952,56.60,35.73,69,393480,393987
[Recv] <<< 23:c9:cc:4b:a0:3a,11282,-36,6953,56.60,35.73,63,393543,394050
[Recv] <<< 23:c9:cc:4b:a0:3a,11283,-35,6954,56.60,35.73,38,393581,394088
[Recv] <<< 23:c9:cc:4b:a0:3a,11284,-35,6955,56.60,35.73,38,393619,394126
[Recv] <<< 23:c9:cc:4b:a0:3a,11287,-36,6956,56.60,35.73,94,393713,394220
[Recv] <<< 23:c9:cc:4b:a0:3a,11288,-36,6957,56.60,35.73,39,393752,394259
[Recv] <<< 23:c9:cc:4b:a0:3a,11289,-32,6958,56.59,35.73,27,393779,394286
[Recv] <<< 23:c9:cc:4b:a0:3a,11290,-32,6959,56.59,35.73,32,393811,394318
[Recv] <<< 23:c9:cc:4b:a0:3a,11291,-32,6960,56.59,35.73,43,393854,394361
[Recv] <<< 23:c9:cc:4b:a0:3a,11292,-32,6961,56.58,35.73,28,393882,394389
[Recv] <<< 23:c9:cc:4b:a0:3a,11293,-32,6962,56.58,35.73,34,393916,394423
[Recv] <<< 23:c9:cc:4b:a0:3a,11294,-32,6963,56.58,35.73,28,393944,394451
[Recv] <<< 23:c9:cc:4b:a0:3a,11295,-32,6964,56.57,35.73,44,393988,394495
[Recv] <<< 23:c9:cc:4b:a0:3a,11297,-32,6965,56.58,35.73,70,394058,394565
[Recv] <<< 23:c9:cc:4b:a0:3a,11301,-38,6966,56.59,35.72,129,394187,394694
[Recv] <<< 23:c9:cc:4b:a0:3a,11303,-36,6967,56.59,35.72,68,394255,394762
[Recv] <<< 23:c9:cc:4b:a0:3a,11304,-35,6968,56.59,35.73,45,394300,394807
[Recv] <<< 23:c9:cc:4b:a0:3a,11305,-35,6969,56.58,35.72,32,394332,394839
[Recv] <<< 23:c9:cc:4b:a0:3a,11306,-32,6970,56.58,35.72,28,394360,394867
[Recv] <<< 23:c9:cc:4b:a0:3a,11307,-32,6971,56.58,35.72,35,394395,394902
[Recv] <<< 23:c9:cc:4b:a0:3a,11308,-41,6972,56.57,35.72,32,394427,394934
[Recv] <<< 23:c9:cc:4b:a0:3a,11310,-36,6973,56.58,35.72,79,394506,395013
[Recv] <<< 23:c9:cc:4b:a0:3a,11313,-35,6974,56.58,35.72,99,394605,395112
[Recv] <<< 23:c9:cc:4b:a0:3a,11314,-36,6975,56.58,35.72,39,394644,395151
[Recv] <<< 23:c9:cc:4b:a0:3a,11315,-36,6976,56.58,35.72,30,394674,395181
[Recv] <<< 23:c9:cc:4b:a0:3a,11317,-33,6977,56.58,35.72,74,394748,395255
[Recv] <<< 23:c9:cc:4b:a0:3a,11318,-35,6978,56.57,35.72,30,394778,395285
[Recv] <<< 23:c9:cc:4b:a0:3a,11319,-36,6979,56.57,35.72,41,394819,395326
[Recv] <<< 23:c9:cc:4b:a0:3a,11320,-36,6980,56.57,35.72,34,394853,395360
[Recv] <<< 23:c9:cc:4b:a0:3a,11321,-37,6981,56.57,35.72,40,394893,395400
[Recv] <<< 23:c9:cc:4b:a0:3a,11322,-36,6982,56.56,35.72,31,394924,395431
[Recv] <<< 23:c9:cc:4b:a0:3a,11324,-35,6983,56.57,35.72,75,394999,395506
[Recv] <<< 23:c9:cc:4b:a0:3a,11325,-36,6984,56.56,35.72,30,395029,395536
[Recv] <<< 23:c9:cc:4b:a0:3a,11326,-35,6985,56.56,35.72,37,395066,395573
[Recv] <<< 23:c9:cc:4b:a0:3a,11327,-36,6986,56.55,35.72,27,395093,395600
[Recv] <<< 23:c9:cc:4b:a0:3a,11329,-35,6987,56.56,35.72,67,395160,395667
[Recv] <<< 23:c9:cc:4b:a0:3a,11330,-35,6988,56.55,35.72,37,395197,395704
[Recv] <<< 23:c9:cc:4b:a0:3a,11331,-35,6989,56.55,35.72,30,395227,395734
[Recv] <<< 23:c9:cc:4b:a0:3a,11333,-35,6990,56.55,35.72,61,395288,395795
[Recv] <<< 23:c9:cc:4b:a0:3a,11334,-36,6991,56.55,35.72,45,395333,395840
[Recv] <<< 23:c9:cc:4b:a0:3a,11335,-36,6992,56.55,35.72,34,395367,395874
[Recv] <<< 23:c9:cc:4b:a0:3a,11336,-32,6993,56.54,35.72,25,395392,395899
[Recv] <<< 23:c9:cc:4b:a0:3a,11339,-32,6994,56.55,35.72,105,395497,396004
[Recv] <<< 23:c9:cc:4b:a0:3a,11340,-32,6995,56.55,35.72,40,395537,396044
[Recv] <<< 23:c9:cc:4b:a0:3a,11341,-32,6996,56.54,35.72,34,395571,396078
[Recv] <<< 23:c9:cc:4b:a0:3a,11342,-32,6997,56.54,35.72,32,395603,396110
[Recv] <<< 23:c9:cc:4b:a0:3a,11343,-32,6998,56.54,35.72,37,395640,396147
[Recv] <<< 23:c9:cc:4b:a0:3a,11344,-32,6999,56.53,35.72,35,395675,396182
[Recv] <<< 23:c9:cc:4b:a0:3a,11345,-32,7000,56.53,35.72,27,395702,396209
[Recv] <<< 23:c9:cc:4b:a0:3a,11346,-32,7001,56.53,35.72,37,395739,396246
[Recv] <<< 23:c9:cc:4b:a0:3a,11347,-32,7002,56.52,35.72,38,395777,396284
[Recv] <<< 23:c9:cc:4b:a0:3a,11348,-32,7003,56.52,35.72,33,395810,396317
[Recv] <<< 23:c9:cc:4b:a0:3a,11349,-41,7004,56.52,35.72,30,395840,396347
[Recv] <<< 23:c9:cc:4b:a0:3a,11350,-42,7005,56.51,35.72,36,395876,396383
[Recv] <<< 23:c9:cc:4b:a0:3a,11351,-41,7006,56.51,35.72,36,395912,396419
[Recv] <<< 23:c9:cc:4b:a0:3a,11352,-41,7007,56.51,35.72,33,395945,396452
[Recv] <<< 23:c9:cc:4b:a0:3a,11353,-41,7008,56.50,35.72,30,395975,396482
[Recv] <<< 23:c9:cc:4b:a0:3a,11354,-41,7009,56.50,35.72,37,396012,396519
[Recv] <<< 23:c9:cc:4b:a0:3a,11355,-41,7010,56.50,35.72,37,396049,396556
[Recv] <<< 23:c9:cc:4b:a0:3a,11356,-41,7011,56.49,35.72,31,396080,396587
[Recv] <<< 23:c9:cc:4b:a0:3a,11357,-41,7012,56.49,35.72,38,396118,396625
[Recv] <<< 23:c9:cc:4b:a0:3a,11358,-43,7013,56.49,35.72,32,396150,396657
[Recv] <<< 23:c9:cc:4b:a0:3a,11359,-41,7014,56.48,35.72,29,396179,396686
[Recv] <<< 23:c9:cc:4b:a0:3a,11360,-42,7015,56.48,35.72,37,396216,396723
[Recv] <<< 23:c9:cc:4b:a0:3a,11361,-42,7016,56.48,35.72,30,396246,396753
[Recv] <<< 23:c9:cc:4b:a0:3a,11363,-32,7017,56.48,35.72,82,396328,396835
[Recv] <<< 23:c9:cc:4b:a0:3a,11364,-32,7018,56.48,35.72,34,396362,396869
[Recv] <<< 23:c9:cc:4b:a0:3a,11371,-32,7019,56.50,35.72,240,396602,397109
[Recv] <<< 23:c9:cc:4b:a0:3a,11374,-32,7020,56.51,35.72,105,396707,397214
[Recv] <<< 23:c9:cc:4b:a0:3a,11376,-45,7021,56.52,35.72,94,396801,397308
[Recv] <<< 23:c9:cc:4b:a0:3a,11379,-46,7022,56.52,35.72,100,396901,397408
[Recv] <<< 23:c9:cc:4b:a0:3a,11380,-41,7023,56.52,35.72,31,396932,397439
[Recv] <<< 23:c9:cc:4b:a0:3a,11381,-41,7024,56.52,35.72,35,396967,397474
[Recv] <<< 23:c9:cc:4b:a0:3a,11382,-42,7025,56.51,35.72,35,397002,397509
[Recv] <<< 23:c9:cc:4b:a0:3a,11384,-38,7026,56.51,35.72,62,397064,397571
[Recv] <<< 23:c9:cc:4b:a0:3a,11385,-36,7027,56.51,35.72,29,397093,397600
[Recv] <<< 23:c9:cc:4b:a0:3a,11386,-37,7028,56.51,35.72,28,397121,397628
[Recv] <<< 23:c9:cc:4b:a0:3a,11398,-41,7029,56.56,35.71,414,397535,398042
[Recv] <<< 23:c9:cc:4b:a0:3a,11399,-42,7030,56.55,35.71,38,397573,398080
[Recv] <<< 23:c9:cc:4b:a0:3a,11400,-41,7031,56.55,35.71,31,397604,398111
[Recv] <<< 23:c9:cc:4b:a0:3a,11401,-46,7032,56.55,35.71,34,397638,398145
[Recv] <<< 23:c9:cc:4b:a0:3a,11418,-32,7033,56.62,35.71,567,398205,398712
[Recv] <<< 23:c9:cc:4b:a0:3a,11419,-32,7034,56.62,35.71,40,398245,398752
[Recv] <<< 23:c9:cc:4b:a0:3a,11421,-32,7035,56.62,35.71,62,398307,398814
[Recv] <<< 23:c9:cc:4b:a0:3a,11422,-32,7036,56.62,35.71,41,398348,398855
[Recv] <<< 23:c9:cc:4b:a0:3a,11425,-41,7037,56.62,35.71,91,398439,398946
[Recv] <<< 23:c9:cc:4b:a0:3a,11426,-35,7038,56.62,35.71,33,398472,398979
[Recv] <<< 23:c9:cc:4b:a0:3a,11427,-36,7039,56.61,35.71,32,398504,399011
[Recv] <<< 23:c9:cc:4b:a0:3a,11432,-35,7040,56.63,35.71,168,398672,399179
[Recv] <<< 23:c9:cc:4b:a0:3a,11433,-35,7041,56.63,35.71,39,398711,399218
[Recv] <<< 23:c9:cc:4b:a0:3a,11434,-36,7042,56.62,35.71,33,398744,399251
[Recv] <<< 23:c9:cc:4b:a0:3a,11436,-35,7043,56.62,35.71,63,398807,399314
[Recv] <<< 23:c9:cc:4b:a0:3a,11437,-36,7044,56.62,35.71,34,398841,399348
[Recv] <<< 23:c9:cc:4b:a0:3a,11438,-35,7045,56.62,35.71,37,398878,399385
[Recv] <<< 23:c9:cc:4b:a0:3a,11439,-36,7046,56.61,35.71,27,398905,399412
[Recv] <<< 23:c9:cc:4b:a0:3a,11440,-38,7047,56.61,35.71,41,398946,399453
[Recv] <<< 23:c9:cc:4b:a0:3a,11441,-36,7048,56.61,35.71,29,398975,399482
[Recv] <<< 23:c9:cc:4b:a0:3a,11447,-32,7049,56.63,35.70,192,399167,399674
[Recv] <<< 23:c9:cc:4b:a0:3a,11448,-32,7050,56.62,35.70,36,399203,399710
[Recv] <<< 23:c9:cc:4b:a0:3a,11449,-32,7051,56.62,35.70,38,399241,399748
[Recv] <<< 23:c9:cc:4b:a0:3a,11450,-36,7052,56.62,35.70,40,399281,399788
[Recv] <<< 23:c9:cc:4b:a0:3a,11451,-35,7053,56.62,35.70,36,399317,399824
[Recv] <<< 23:c9:cc:4b:a0:3a,11452,-35,7054,56.61,35.70,33,399350,399857
[Recv] <<< 23:c9:cc:4b:a0:3a,11454,-32,7055,56.61,35.70,62,399412,399919
[Recv] <<< 23:c9:cc:4b:a0:3a,11455,-32,7056,56.61,35.70,35,399447,399954
[Recv] <<< 23:c9:cc:4b:a0:3a,11456,-41,7057,56.61,35.70,25,399472,399979
[Recv] <<< 23:c9:cc:4b:a0:3a,11457,-41,7058,56.60,35.70,31,399503,400010
[Recv] <<< 23:c9:cc:4b:a0:3a,11458,-32,7059,56.60,35.70,47,399550,400057
[Recv] <<< 23:c9:cc:4b:a0:3a,11459,-41,7060,56.60,35.70,27,399577,400084
[Recv] <<< 23:c9:cc:4b:a0:3a,11460,-41,7061,56.59,35.70,28,399605,400112
[Recv] <<< 23:c9:cc:4b:a0:3a,11461,-41,7062,56.59,35.70,41,399646,400153
[Recv] <<< 23:c9:cc:4b:a0:3a,11462,-41,7063,56.59,35.70,32,399678,400185
[Recv] <<< 23:c9:cc:4b:a0:3a,11463,-45,7064,56.58,35.70,26,399704,400211
[Recv] <<< 23:c9:cc:4b:a0:3a,11464,-41,7065,56.58,35.70,44,399748,400255
[Recv] <<< 23:c9:cc:4b:a0:3a,11465,-41,7066,56.58,35.70,27,399775,400282
[Recv] <<< 23:c9:cc:4b:a0:3a,11466,-41,7067,56.57,35.70,31,399806,400313
[Recv] <<< 23:c9:cc:4b:a0:3a,11478,-36,7068,56.62,35.70,400,400206,400713
[Recv] <<< 23:c9:cc:4b:a0:3a,11479,-41,7069,56.62,35.70,39,400245,400752
[Recv] <<< 23:c9:cc:4b:a0:3a,11480,-43,7070,56.62,35.70,38,400283,400790
[Recv] <<< 23:c9:cc:4b:a0:3a,11481,-32,7071,56.61,35.70,40,400323,400830
[Recv] <<< 23:c9:cc:4b:a0:3a,11482,-41,7072,56.61,35.70,29,400352,400859
[Recv] <<< 23:c9:cc:4b:a0:3a,11484,-41,7073,56.61,35.70,63,400415,400922
[Recv] <<< 23:c9:cc:4b:a0:3a,11485,-46,7074,56.61,35.70,36,400451,400958
[Recv] <<< 23:c9:cc:4b:a0:3a,11486,-41,7075,56.61,35.70,31,400482,400989
[Recv] <<< 23:c9:cc:4b:a0:3a,11515,-35,7076,56.74,35.69,995,401477,401984
[Recv] <<< 23:c9:cc:4b:a0:3a,11516,-36,7077,56.73,35.69,28,401505,402012
[Recv] <<< 23:c9:cc:4b:a0:3a,11520,-32,7078,56.74,35.69,124,401629,402136
[Recv] <<< 23:c9:cc:4b:a0:3a,11521,-32,7079,56.74,35.69,40,401669,402176
[Recv] <<< 23:c9:cc:4b:a0:3a,11523,-32,7080,56.74,35.69,72,401741,402248
[Recv] <<< 23:c9:cc:4b:a0:3a,11524,-32,7081,56.74,35.69,34,401775,402282
[Recv] <<< 23:c9:cc:4b:a0:3a,11525,-32,7082,56.74,35.69,26,401801,402308
[Recv] <<< 23:c9:cc:4b:a0:3a,11527,-45,7083,56.74,35.69,66,401867,402374
[Recv] <<< 23:c9:cc:4b:a0:3a,11528,-41,7084,56.73,35.69,35,401902,402409
[Recv] <<< 23:c9:cc:4b:a0:3a,11529,-41,7085,56.73,35.69,35,401937,402444
[Recv] <<< 23:c9:cc:4b:a0:3a,11531,-42,7086,56.73,35.69,70,402007,402514
[Recv] <<< 23:c9:cc:4b:a0:3a,11532,-36,7087,56.73,35.69,29,402036,402543
[Recv] <<< 23:c9:cc:4b:a0:3a,11533,-35,7088,56.73,35.69,31,402067,402574
[Recv] <<< 23:c9:cc:4b:a0:3a,11534,-35,7089,56.72,35.69,37,402104,402611
[Recv] <<< 23:c9:cc:4b:a0:3a,11536,-32,7090,56.72,35.69,63,402167,402674
[Recv] <<< 23:c9:cc:4b:a0:3a,11537,-32,7091,56.72,35.69,27,402194,402701
[Recv] <<< 23:c9:cc:4b:a0:3a,11538,-32,7092,56.72,35.69,37,402231,402738
[Recv] <<< 23:c9:cc:4b:a0:3a,11539,-32,7093,56.71,35.69,34,402265,402772
[Recv] <<< 23:c9:cc:4b:a0:3a,11541,-41,7094,56.71,35.69,63,402328,402835
[Recv] <<< 23:c9:cc:4b:a0:3a,11542,-41,7095,56.71,35.69,25,402353,402860
[Recv] <<< 23:c9:cc:4b:a0:3a,11543,-42,7096,56.71,35.69,34,402387,402894
[Recv] <<< 23:c9:cc:4b:a0:3a,11544,-45,7097,56.70,35.69,34,402421,402928
[Recv] <<< 23:c9:cc:4b:a0:3a,11546,-38,7098,56.70,35.68,65,402486,402993
[Recv] <<< 23:c9:cc:4b:a0:3a,11547,-35,7099,56.70,35.68,30,402516,403023
[Recv] <<< 23:c9:cc:4b:a0:3a,11548,-35,7100,56.70,35.68,35,402551,403058
[Recv] <<< 23:c9:cc:4b:a0:3a,11549,-35,7101,56.69,35.68,36,402587,403094
[Recv] <<< 23:c9:cc:4b:a0:3a,11550,-35,7102,56.69,35.68,30,402617,403124
[Recv] <<< 23:c9:cc:4b:a0:3a,11551,-35,7103,56.69,35.68,39,402656,403163
[Recv] <<< 23:c9:cc:4b:a0:3a,11552,-35,7104,56.68,35.68,30,402686,403193
[Recv] <<< 23:c9:cc:4b:a0:3a,11553,-33,7105,56.68,35.68,24,402710,403217
[Recv] <<< 23:c9:cc:4b:a0:3a,11554,-32,7106,56.68,35.68,39,402749,403256
[Recv] <<< 23:c9:cc:4b:a0:3a,11555,-32,7107,56.67,35.68,33,402782,403289
[Recv] <<< 23:c9:cc:4b:a0:3a,11556,-32,7108,56.67,35.68,36,402818,403325
[Recv] <<< 23:c9:cc:4b:a0:3a,11558,-45,7109,56.67,35.68,59,402877,403384
[Recv] <<< 23:c9:cc:4b:a0:3a,11559,-41,7110,56.67,35.68,33,402910,403417
[Recv] <<< 23:c9:cc:4b:a0:3a,11561,-38,7111,56.67,35.68,64,402974,403481
[Recv] <<< 23:c9:cc:4b:a0:3a,11562,-38,7112,56.67,35.68,35,403009,403516
[Recv] <<< 23:c9:cc:4b:a0:3a,11563,-36,7113,56.66,35.68,38,403047,403554
[Recv] <<< 23:c9:cc:4b:a0:3a,11565,-41,7114,56.67,35.68,68,403115,403622
[Recv] <<< 23:c9:cc:4b:a0:3a,11566,-41,7115,56.66,35.68,40,403155,403662
[Recv] <<< 23:c9:cc:4b:a0:3a,11567,-41,7116,56.66,35.68,33,403188,403695
[Recv] <<< 23:c9:cc:4b:a0:3a,11568,-41,7117,56.66,35.68,37,403225,403732
[Recv] <<< 23:c9:cc:4b:a0:3a,11570,-41,7118,56.66,35.68,66,403291,403798
[Recv] <<< 23:c9:cc:4b:a0:3a,11571,-46,7119,56.65,35.68,32,403323,403830
[Recv] <<< 23:c9:cc:4b:a0:3a,11573,-41,7120,56.66,35.68,64,403387,403894
[Recv] <<< 23:c9:cc:4b:a0:3a,11580,-36,7121,56.68,35.68,244,403631,404138
[Recv] <<< 23:c9:cc:4b:a0:3a,11581,-41,7122,56.68,35.68,40,403671,404178
[Recv] <<< 23:c9:cc:4b:a0:3a,11583,-36,7123,56.68,35.68,66,403737,404244
[Recv] <<< 23:c9:cc:4b:a0:3a,11590,-32,7124,56.70,35.68,229,403966,404473
[Recv] <<< 23:c9:cc:4b:a0:3a,11591,-32,7125,56.70,35.68,34,404000,404507
[Recv] <<< 23:c9:cc:4b:a0:3a,11592,-32,7126,56.70,35.68,33,404033,404540
[Recv] <<< 23:c9:cc:4b:a0:3a,11593,-32,7127,56.70,35.68,41,404074,404581
[Recv] <<< 23:c9:cc:4b:a0:3a,11595,-32,7128,56.70,35.68,66,404140,404647
[Recv] <<< 23:c9:cc:4b:a0:3a,11596,-41,7129,56.69,35.68,33,404173,404680
[Recv] <<< 23:c9:cc:4b:a0:3a,11597,-43,7130,56.69,35.68,35,404208,404715
[Recv] <<< 23:c9:cc:4b:a0:3a,11598,-42,7131,56.69,35.68,30,404238,404745
[Recv] <<< 23:c9:cc:4b:a0:3a,11599,-42,7132,56.68,35.67,31,404269,404776
[Recv] <<< 23:c9:cc:4b:a0:3a,11601,-35,7133,56.68,35.67,63,404332,404839
[Recv] <<< 23:c9:cc:4b:a0:3a,11602,-35,7134,56.68,35.67,34,404366,404873
[Recv] <<< 23:c9:cc:4b:a0:3a,11603,-36,7135,56.68,35.67,36,404402,404909
[Recv] <<< 23:c9:cc:4b:a0:3a,11606,-32,7136,56.68,35.67,92,404494,405001
[Recv] <<< 23:c9:cc:4b:a0:3a,11608,-32,7137,56.69,35.67,70,404564,405071
[Recv] <<< 23:c9:cc:4b:a0:3a,11609,-32,7138,56.68,35.67,29,404593,405100
[Recv] <<< 23:c9:cc:4b:a0:3a,11610,-32,7139,56.68,35.67,42,404635,405142
[Recv] <<< 23:c9:cc:4b:a0:3a,11611,-32,7140,56.68,35.67,30,404665,405172
[Recv] <<< 23:c9:cc:4b:a0:3a,11612,-32,7141,56.67,35.67,39,404704,405211
[Recv] <<< 23:c9:cc:4b:a0:3a,11623,-32,7142,56.71,35.67,345,405049,405556
[Recv] <<< 23:c9:cc:4b:a0:3a,11625,-41,7143,56.71,35.67,63,405112,405619
[Recv] <<< 23:c9:cc:4b:a0:3a,11628,-41,7144,56.72,35.67,100,405212,405719
[Recv] <<< 23:c9:cc:4b:a0:3a,11630,-41,7145,56.72,35.67,64,405276,405783
[Recv] <<< 23:c9:cc:4b:a0:3a,11633,-36,7146,56.73,35.67,107,405383,405890
[Recv] <<< 23:c9:cc:4b:a0:3a,11634,-36,7147,56.72,35.67,26,405409,405916
[Recv] <<< 23:c9:cc:4b:a0:3a,11642,-46,7148,56.76,35.67,288,405697,406204
[Recv] <<< 23:c9:cc:4b:a0:3a,11643,-33,7149,56.75,35.67,29,405726,406233
[Recv] <<< 23:c9:cc:4b:a0:3a,11644,-35,7150,56.75,35.66,31,405757,406264
[Recv] <<< 23:c9:cc:4b:a0:3a,11645,-36,7151,56.75,35.66,29,405786,406293
[Recv] <<< 23:c9:cc:4b:a0:3a,11646,-36,7152,56.74,35.66,32,405818,406325
[Recv] <<< 23:c9:cc:4b:a0:3a,11647,-41,7153,56.74,35.66,44,405862,406369
[Recv] <<< 23:c9:cc:4b:a0:3a,11648,-41,7154,56.74,35.66,32,405894,406401
[Recv] <<< 23:c9:cc:4b:a0:3a,11650,-36,7155,56.74,35.66,68,405962,406469
[Recv] <<< 23:c9:cc:4b:a0:3a,11651,-36,7156,56.73,35.66,30,405992,406499
[Recv] <<< 23:c9:cc:4b:a0:3a,11652,-35,7157,56.73,35.66,36,406028,406535
[Recv] <<< 23:c9:cc:4b:a0:3a,11653,-36,7158,56.73,35.66,29,406057,406564
[Recv] <<< 23:c9:cc:4b:a0:3a,11655,-35,7159,56.73,35.66,73,406130,406637
[Recv] <<< 23:c9:cc:4b:a0:3a,11656,-36,7160,56.73,35.66,33,406163,406670
[Recv] <<< 23:c9:cc:4b:a0:3a,11657,-32,7161,56.72,35.66,25,406188,406695
[Recv] <<< 23:c9:cc:4b:a0:3a,11658,-32,7162,56.72,35.66,36,406224,406731
[Recv] <<< 23:c9:cc:4b:a0:3a,11659,-32,7163,56.72,35.66,32,406256,406763
[Recv] <<< 23:c9:cc:4b:a0:3a,11660,-32,7164,56.71,35.66,43,406299,406806
[Recv] <<< 23:c9:cc:4b:a0:3a,11662,-45,7165,56.71,35.66,56,406355,406862
[Recv] <<< 23:c9:cc:4b:a0:3a,11663,-45,7166,56.71,35.66,41,406396,406903
[Recv] <<< 23:c9:cc:4b:a0:3a,11664,-46,7167,56.71,35.66,31,406427,406934
[Recv] <<< 23:c9:cc:4b:a0:3a,11665,-42,7168,56.71,35.66,38,406465,406972
[Recv] <<< 23:c9:cc:4b:a0:3a,11666,-41,7169,56.70,35.66,35,406500,407007
[Recv] <<< 23:c9:cc:4b:a0:3a,11667,-41,7170,56.70,35.66,43,406543,407050
[Recv] <<< 23:c9:cc:4b:a0:3a,11668,-41,7171,56.70,35.66,30,406573,407080
[Recv] <<< 23:c9:cc:4b:a0:3a,11671,-36,7172,56.70,35.66,91,406664,407171
[Recv] <<< 23:c9:cc:4b:a0:3a,11672,-36,7173,56.70,35.66,40,406704,407211
[Recv] <<< 23:c9:cc:4b:a0:3a,11673,-35,7174,56.70,35.66,30,406734,407241
[Recv] <<< 23:c9:cc:4b:a0:3a,11674,-35,7175,56.69,35.66,40,406774,407281
[Recv] <<< 23:c9:cc:4b:a0:3a,11676,-36,7176,56.69,35.66,68,406842,407349
[Recv] <<< 23:c9:cc:4b:a0:3a,11677,-36,7177,56.69,35.66,32,406874,407381
[Recv] <<< 23:c9:cc:4b:a0:3a,11682,-35,7178,56.71,35.66,174,407048,407555
[Recv] <<< 23:c9:cc:4b:a0:3a,11683,-36,7179,56.71,35.66,42,407090,407597
[Recv] <<< 23:c9:cc:4b:a0:3a,11684,-35,7180,56.70,35.66,24,407114,407621
[Recv] <<< 23:c9:cc:4b:a0:3a,11685,-35,7181,56.70,35.66,34,407148,407655
[Recv] <<< 23:c9:cc:4b:a0:3a,11686,-35,7182,56.69,35.66,32,407180,407687
[Recv] <<< 23:c9:cc:4b:a0:3a,11688,-42,7183,56.70,35.66,81,407261,407768
[Recv] <<< 23:c9:cc:4b:a0:3a,11690,-45,7184,56.70,35.66,76,407337,407844
[Recv] <<< 23:c9:cc:4b:a0:3a,11692,-35,7185,56.70,35.66,55,407392,407899
[Recv] <<< 23:c9:cc:4b:a0:3a,11695,-42,7186,56.71,35.66,106,407498,408005
[Recv] <<< 23:c9:cc:4b:a0:3a,11700,-32,7187,56.72,35.66,170,407668,408175
[Recv] <<< 23:c9:cc:4b:a0:3a,11701,-32,7188,56.72,35.66,27,407695,408202
[Recv] <<< 23:c9:cc:4b:a0:3a,11702,-35,7189,56.72,35.66,41,407736,408243
[Recv] <<< 23:c9:cc:4b:a0:3a,11703,-41,7190,56.71,35.66,39,407775,408282
[Recv] <<< 23:c9:cc:4b:a0:3a,11704,-45,7191,56.71,35.66,46,407821,408328
[Recv] <<< 23:c9:cc:4b:a0:3a,11706,-41,7192,56.71,35.66,70,407891,408398
[Recv] <<< 23:c9:cc:4b:a0:3a,11707,-41,7193,56.71,35.66,26,407917,408424
[Recv] <<< 23:c9:cc:4b:a0:3a,11711,-41,7194,56.72,35.66,131,408048,408555
[Recv] <<< 23:c9:cc:4b:a0:3a,11713,-36,7195,56.72,35.66,68,408116,408623
[Recv] <<< 23:c9:cc:4b:a0:3a,11714,-43,7196,56.72,35.66,39,408155,408662
[Recv] <<< 23:c9:cc:4b:a0:3a,11724,-35,7197,56.76,35.65,336,408491,408998
[Recv] <<< 23:c9:cc:4b:a0:3a,11726,-36,7198,56.76,35.65,72,408563,409070
[Recv] <<< 23:c9:cc:4b:a0:3a,11727,-32,7199,56.76,35.65,28,408591,409098
[Recv] <<< 23:c9:cc:4b:a0:3a,11729,-35,7200,56.76,35.65,71,408662,409169
[Recv] <<< 23:c9:cc:4b:a0:3a,11730,-33,7201,56.76,35.65,37,408699,409206
[Recv] <<< 23:c9:cc:4b:a0:3a,11731,-35,7202,56.75,35.65,37,408736,409243
[Recv] <<< 23:c9:cc:4b:a0:3a,11733,-36,7203,56.76,35.65,76,408812,409319
[Recv] <<< 23:c9:cc:4b:a0:3a,11734,-36,7204,56.75,35.65,34,408846,409353
[Recv] <<< 23:c9:cc:4b:a0:3a,11735,-33,7205,56.75,35.65,31,408877,409384
[Recv] <<< 23:c9:cc:4b:a0:3a,11737,-41,7206,56.75,35.65,77,408954,409461
[Recv] <<< 23:c9:cc:4b:a0:3a,11738,-41,7207,56.75,35.65,41,408995,409502
[Recv] <<< 23:c9:cc:4b:a0:3a,11740,-36,7208,56.75,35.65,58,409053,409560
[Recv] <<< 23:c9:cc:4b:a0:3a,11741,-35,7209,56.75,35.65,37,409090,409597
[Recv] <<< 23:c9:cc:4b:a0:3a,11742,-35,7210,56.74,35.65,30,409120,409627
[Recv] <<< 23:c9:cc:4b:a0:3a,11744,-35,7211,56.74,35.65,67,409187,409694
[Recv] <<< 23:c9:cc:4b:a0:3a,11746,-36,7212,56.75,35.65,68,409255,409762
[Recv] <<< 23:c9:cc:4b:a0:3a,11747,-35,7213,56.74,35.65,40,409295,409802
[Recv] <<< 23:c9:cc:4b:a0:3a,11748,-35,7214,56.74,35.65,34,409329,409836
[Recv] <<< 23:c9:cc:4b:a0:3a,11749,-35,7215,56.74,35.65,31,409360,409867
[Recv] <<< 23:c9:cc:4b:a0:3a,11750,-36,7216,56.73,35.65,36,409396,409903
[Recv] <<< 23:c9:cc:4b:a0:3a,11751,-46,7217,56.73,35.65,43,409439,409946
[Recv] <<< 23:c9:cc:4b:a0:3a,11752,-42,7218,56.73,35.65,31,409470,409977
[Recv] <<< 23:c9:cc:4b:a0:3a,11753,-45,7219,56.73,35.65,33,409503,410010
[Recv] <<< 23:c9:cc:4b:a0:3a,11754,-41,7220,56.72,35.65,38,409541,410048
[Recv] <<< 23:c9:cc:4b:a0:3a,11755,-42,7221,56.72,35.65,35,409576,410083
[Recv] <<< 23:c9:cc:4b:a0:3a,11759,-32,7222,56.73,35.65,139,409715,410222
[Recv] <<< 23:c9:cc:4b:a0:3a,11760,-32,7223,56.73,35.65,36,409751,410258
[Recv] <<< 23:c9:cc:4b:a0:3a,11761,-45,7224,56.72,35.65,29,409780,410287
[Recv] <<< 23:c9:cc:4b:a0:3a,11762,-32,7225,56.72,35.65,37,409817,410324
[Recv] <<< 23:c9:cc:4b:a0:3a,11763,-32,7226,56.72,35.65,29,409846,410353
[Recv] <<< 23:c9:cc:4b:a0:3a,11764,-45,7227,56.71,35.65,31,409877,410384
[Recv] <<< 23:c9:cc:4b:a0:3a,11765,-41,7228,56.71,35.65,32,409909,410416
[Recv] <<< 23:c9:cc:4b:a0:3a,11772,-32,7229,56.74,35.65,251,410160,410667
[Recv] <<< 23:c9:cc:4b:a0:3a,11773,-32,7230,56.74,35.65,43,410203,410710
[Recv] <<< 23:c9:cc:4b:a0:3a,11774,-32,7231,56.73,35.65,31,410234,410741
[Recv] <<< 23:c9:cc:4b:a0:3a,11775,-32,7232,56.73,35.65,36,410270,410777
[Recv] <<< 23:c9:cc:4b:a0:3a,11776,-32,7233,56.73,35.65,31,410301,410808
[Recv] <<< 23:c9:cc:4b:a0:3a,11778,-45,7234,56.73,35.65,58,410359,410866
[Recv] <<< 23:c9:cc:4b:a0:3a,11781,-32,7235,56.73,35.65,107,410466,410973
[Recv] <<< 23:c9:cc:4b:a0:3a,11791,-41,7236,56.78,35.65,364,410830,411337
[Recv] <<< 23:c9:cc:4b:a0:3a,11792,-41,7237,56.77,35.65,34,410864,411371
[Recv] <<< 23:c9:cc:4b:a0:3a,11794,-41,7238,56.77,35.65,72,410936,411443
[Recv] <<< 23:c9:cc:4b:a0:3a,11795,-46,7239,56.77,35.65,28,410964,411471
[Recv] <<< 23:c9:cc:4b:a0:3a,11797,-41,7240,56.77,35.65,71,411035,411542
[Recv] <<< 23:c9:cc:4b:a0:3a,11799,-41,7241,56.77,35.65,62,411097,411604
[Recv] <<< 23:c9:cc:4b:a0:3a,11800,-45,7242,56.77,35.65,37,411134,411641
[Recv] <<< 23:c9:cc:4b:a0:3a,11801,-41,7243,56.77,35.65,37,411171,411678
[Recv] <<< 23:c9:cc:4b:a0:3a,11802,-47,7244,56.76,35.65,26,411197,411704
[Recv] <<< 23:c9:cc:4b:a0:3a,11803,-32,7245,56.76,35.65,46,411243,411750
[Recv] <<< 23:c9:cc:4b:a0:3a,11804,-32,7246,56.76,35.65,37,411280,411787
[Recv] <<< 23:c9:cc:4b:a0:3a,11805,-32,7247,56.76,35.65,31,411311,411818
[Recv] <<< 23:c9:cc:4b:a0:3a,11806,-32,7248,56.75,35.65,38,411349,411856
[Recv] <<< 23:c9:cc:4b:a0:3a,11807,-41,7249,56.75,35.65,25,411374,411881
[Recv] <<< 23:c9:cc:4b:a0:3a,11809,-32,7250,56.75,35.65,78,411452,411959
[Recv] <<< 23:c9:cc:4b:a0:3a,11812,-43,7251,56.76,35.65,99,411551,412058
[Recv] <<< 23:c9:cc:4b:a0:3a,11813,-32,7252,56.76,35.65,41,411592,412099
[Recv] <<< 23:c9:cc:4b:a0:3a,11814,-32,7253,56.75,35.65,32,411624,412131
[Recv] <<< 23:c9:cc:4b:a0:3a,11815,-32,7254,56.75,35.65,30,411654,412161
[Recv] <<< 23:c9:cc:4b:a0:3a,11816,-43,7255,56.75,35.65,37,411691,412198
[Recv] <<< 23:c9:cc:4b:a0:3a,11817,-42,7256,56.74,35.65,28,411719,412226
[Recv] <<< 23:c9:cc:4b:a0:3a,11818,-42,7257,56.74,35.65,34,411753,412260
[Recv] <<< 23:c9:cc:4b:a0:3a,11819,-42,7258,56.74,35.65,36,411789,412296
[Recv] <<< 23:c9:cc:4b:a0:3a,11821,-41,7259,56.74,35.65,63,411852,412359
[Recv] <<< 23:c9:cc:4b:a0:3a,11824,-32,7260,56.74,35.65,108,411960,412467
[Recv] <<< 23:c9:cc:4b:a0:3a,11825,-41,7261,56.74,35.65,33,411993,412500
[Recv] <<< 23:c9:cc:4b:a0:3a,11827,-41,7262,56.74,35.65,70,412063,412570
[Recv] <<< 23:c9:cc:4b:a0:3a,11828,-41,7263,56.74,35.65,33,412096,412603
[Recv] <<< 23:c9:cc:4b:a0:3a,11829,-42,7264,56.74,35.65,36,412132,412639
[Recv] <<< 23:c9:cc:4b:a0:3a,11831,-42,7265,56.74,35.65,67,412199,412706
[Recv] <<< 23:c9:cc:4b:a0:3a,11832,-32,7266,56.74,35.65,46,412245,412752
[Recv] <<< 23:c9:cc:4b:a0:3a,11833,-32,7267,56.73,35.65,34,412279,412786
[Recv] <<< 23:c9:cc:4b:a0:3a,11834,-32,7268,56.73,35.65,33,412312,412819
[Recv] <<< 23:c9:cc:4b:a0:3a,11841,-32,7269,56.75,35.64,229,412541,413048
[Recv] <<< 23:c9:cc:4b:a0:3a,11845,-36,7270,56.77,35.64,147,412688,413195
[Recv] <<< 23:c9:cc:4b:a0:3a,11852,-35,7271,56.79,35.64,248,412936,413443
[Recv] <<< 23:c9:cc:4b:a0:3a,11854,-36,7272,56.79,35.64,66,413002,413509
[Recv] <<< 23:c9:cc:4b:a0:3a,11862,-36,7273,56.82,35.64,281,413283,413790
[Recv] <<< 23:c9:cc:4b:a0:3a,11863,-35,7274,56.82,35.64,33,413316,413823
[Recv] <<< 23:c9:cc:4b:a0:3a,11864,-36,7275,56.82,35.64,40,413356,413863
[Recv] <<< 23:c9:cc:4b:a0:3a,11865,-36,7276,56.81,35.64,23,413379,413886
[Recv] <<< 23:c9:cc:4b:a0:3a,11866,-36,7277,56.81,35.64,38,413417,413924
[Recv] <<< 23:c9:cc:4b:a0:3a,11867,-35,7278,56.81,35.64,32,413449,413956
[Recv] <<< 23:c9:cc:4b:a0:3a,11868,-36,7279,56.81,35.64,35,413484,413991
[Recv] <<< 23:c9:cc:4b:a0:3a,11869,-35,7280,56.80,35.64,36,413520,414027
[Recv] <<< 23:c9:cc:4b:a0:3a,11870,-32,7281,56.80,35.64,24,413544,414051
[Recv] <<< 23:c9:cc:4b:a0:3a,11871,-36,7282,56.80,35.64,43,413587,414094
[Recv] <<< 23:c9:cc:4b:a0:3a,11872,-36,7283,56.79,35.64,43,413630,414137
[Recv] <<< 23:c9:cc:4b:a0:3a,11873,-35,7284,56.79,35.64,38,413668,414175
[Recv] <<< 23:c9:cc:4b:a0:3a,11874,-35,7285,56.79,35.64,31,413699,414206
[Recv] <<< 23:c9:cc:4b:a0:3a,11875,-35,7286,56.78,35.64,35,413734,414241
[Recv] <<< 23:c9:cc:4b:a0:3a,11876,-35,7287,56.78,35.64,31,413765,414272
[Recv] <<< 23:c9:cc:4b:a0:3a,11877,-35,7288,56.78,35.64,39,413804,414311
[Recv] <<< 23:c9:cc:4b:a0:3a,11878,-35,7289,56.78,35.64,29,413833,414340
[Recv] <<< 23:c9:cc:4b:a0:3a,11912,-46,7290,56.92,35.64,1148,414981,415488
[Recv] <<< 23:c9:cc:4b:a0:3a,11915,-41,7291,56.93,35.64,104,415085,415592
[Recv] <<< 23:c9:cc:4b:a0:3a,11916,-46,7292,56.93,35.64,29,415114,415621
[Recv] <<< 23:c9:cc:4b:a0:3a,11918,-36,7293,56.93,35.63,68,415182,415689
[Recv] <<< 23:c9:cc:4b:a0:3a,11921,-32,7294,56.94,35.64,114,415296,415803
[Recv] <<< 23:c9:cc:4b:a0:3a,11923,-41,7295,56.94,35.63,63,415359,415866
[Recv] <<< 23:c9:cc:4b:a0:3a,11939,-36,7296,57.00,35.63,536,415895,416402
[Recv] <<< 23:c9:cc:4b:a0:3a,11940,-36,7297,57.00,35.63,35,415930,416437
[Recv] <<< 23:c9:cc:4b:a0:3a,11941,-32,7298,57.00,35.63,30,415960,416467
[Recv] <<< 23:c9:cc:4b:a0:3a,11944,-32,7299,57.00,35.63,102,416062,416569
[Recv] <<< 23:c9:cc:4b:a0:3a,11945,-32,7300,57.00,35.63,32,416094,416601
[Recv] <<< 23:c9:cc:4b:a0:3a,11946,-32,7301,57.00,35.63,31,416125,416632
[Recv] <<< 23:c9:cc:4b:a0:3a,11952,-32,7302,57.02,35.63,210,416335,416842
[Recv] <<< 23:c9:cc:4b:a0:3a,11953,-32,7303,57.01,35.63,29,416364,416871
[Recv] <<< 23:c9:cc:4b:a0:3a,11955,-32,7304,57.01,35.63,66,416430,416937
[Recv] <<< 23:c9:cc:4b:a0:3a,11957,-32,7305,57.02,35.63,71,416501,417008
[Recv] <<< 23:c9:cc:4b:a0:3a,11965,-36,7306,57.05,35.63,287,416788,417295
[Recv] <<< 23:c9:cc:4b:a0:3a,11966,-38,7307,57.04,35.63,31,416819,417326
[Recv] <<< 23:c9:cc:4b:a0:3a,11967,-36,7308,57.04,35.63,32,416851,417358
[Recv] <<< 23:c9:cc:4b:a0:3a,11968,-35,7309,57.04,35.63,37,416888,417395
[Recv] <<< 23:c9:cc:4b:a0:3a,11969,-36,7310,57.03,35.63,28,416916,417423
[Recv] <<< 23:c9:cc:4b:a0:3a,11970,-36,7311,57.03,35.63,32,416948,417455
[Recv] <<< 23:c9:cc:4b:a0:3a,11971,-38,7312,57.03,35.63,40,416988,417495
[Recv] <<< 23:c9:cc:4b:a0:3a,11973,-35,7313,57.03,35.63,69,417057,417564
[Recv] <<< 23:c9:cc:4b:a0:3a,11974,-38,7314,57.03,35.63,38,417095,417602
[Recv] <<< 23:c9:cc:4b:a0:3a,11975,-35,7315,57.02,35.63,23,417118,417625
[Recv] <<< 23:c9:cc:4b:a0:3a,11976,-36,7316,57.02,35.63,36,417154,417661
[Recv] <<< 23:c9:cc:4b:a0:3a,11977,-35,7317,57.02,35.63,27,417181,417688
[Recv] <<< 23:c9:cc:4b:a0:3a,11978,-35,7318,57.01,35.63,37,417218,417725
[Recv] <<< 23:c9:cc:4b:a0:3a,11979,-36,7319,57.01,35.63,33,417251,417758
[Recv] <<< 23:c9:cc:4b:a0:3a,11980,-36,7320,57.01,35.63,37,417288,417795
[Recv] <<< 23:c9:cc:4b:a0:3a,11981,-35,7321,57.00,35.63,30,417318,417825
[Recv] <<< 23:c9:cc:4b:a0:3a,11982,-38,7322,57.00,35.63,35,417353,417860
[Recv] <<< 23:c9:cc:4b:a0:3a,11983,-35,7323,57.00,35.63,32,417385,417892
[Recv] <<< 23:c9:cc:4b:a0:3a,11985,-42,7324,57.00,35.63,80,417465,417972
[Recv] <<< 23:c9:cc:4b:a0:3a,11986,-41,7325,57.00,35.63,36,417501,418008
[Recv] <<< 23:c9:cc:4b:a0:3a,11987,-45,7326,56.99,35.63,31,417532,418039
[Recv] <<< 23:c9:cc:4b:a0:3a,11988,-41,7327,56.99,35.63,41,417573,418080
[Recv] <<< 23:c9:cc:4b:a0:3a,11989,-41,7328,56.99,35.63,37,417610,418117
[Recv] <<< 23:c9:cc:4b:a0:3a,11990,-41,7329,56.98,35.63,28,417638,418145
[Recv] <<< 23:c9:cc:4b:a0:3a,11991,-41,7330,56.98,35.63,36,417674,418181
[Recv] <<< 23:c9:cc:4b:a0:3a,11992,-41,7331,56.98,35.62,28,417702,418209
[Recv] <<< 23:c9:cc:4b:a0:3a,11993,-45,7332,56.97,35.62,31,417733,418240
[Recv] <<< 23:c9:cc:4b:a0:3a,11994,-41,7333,56.97,35.62,35,417768,418275
[Recv] <<< 23:c9:cc:4b:a0:3a,11995,-41,7334,56.97,35.62,27,417795,418302
[Recv] <<< 23:c9:cc:4b:a0:3a,11996,-42,7335,56.96,35.62,41,417836,418343
[Recv] <<< 23:c9:cc:4b:a0:3a,11997,-41,7336,56.96,35.62,40,417876,418383
[Recv] <<< 23:c9:cc:4b:a0:3a,11999,-32,7337,56.96,35.62,75,417951,418458
[Recv] <<< 23:c9:cc:4b:a0:3a,12000,-32,7338,56.96,35.62,32,417983,418490
[Recv] <<< 23:c9:cc:4b:a0:3a,12001,-32,7339,56.96,35.62,34,418017,418524
[Recv] <<< 23:c9:cc:4b:a0:3a,12003,-32,7340,56.96,35.62,73,418090,418597
[Recv] <<< 23:c9:cc:4b:a0:3a,12004,-32,7341,56.96,35.62,35,418125,418632
[Recv] <<< 23:c9:cc:4b:a0:3a,12005,-32,7342,56.95,35.62,33,418158,418665
[Recv] <<< 23:c9:cc:4b:a0:3a,12006,-32,7343,56.95,35.62,31,418189,418696
[Recv] <<< 23:c9:cc:4b:a0:3a,12007,-32,7344,56.95,35.62,31,418220,418727
[Recv] <<< 23:c9:cc:4b:a0:3a,12008,-41,7345,56.94,35.62,27,418247,418754
[Recv] <<< 23:c9:cc:4b:a0:3a,12009,-32,7346,56.94,35.62,46,418293,418800
[Recv] <<< 23:c9:cc:4b:a0:3a,12011,-32,7347,56.94,35.62,69,418362,418869
[Recv] <<< 23:c9:cc:4b:a0:3a,12012,-32,7348,56.94,35.62,33,418395,418902
[Recv] <<< 23:c9:cc:4b:a0:3a,12014,-32,7349,56.94,35.62,69,418464,418971
[Recv] <<< 23:c9:cc:4b:a0:3a,12015,-41,7350,56.94,35.62,31,418495,419002
[Recv] <<< 23:c9:cc:4b:a0:3a,12017,-32,7351,56.94,35.62,77,418572,419079
[Recv] <<< 23:c9:cc:4b:a0:3a,12018,-32,7352,56.94,35.62,27,418599,419106
[Recv] <<< 23:c9:cc:4b:a0:3a,12019,-32,7353,56.93,35.62,36,418635,419142
[Recv] <<< 23:c9:cc:4b:a0:3a,12023,-48,7354,56.95,35.62,144,418779,419286
[Recv] <<< 23:c9:cc:4b:a0:3a,12024,-32,7355,56.94,35.62,35,418814,419321
[Recv] <<< 23:c9:cc:4b:a0:3a,12026,-32,7356,56.94,35.62,71,418885,419392
[Recv] <<< 23:c9:cc:4b:a0:3a,12027,-32,7357,56.94,35.62,34,418919,419426
[Recv] <<< 23:c9:cc:4b:a0:3a,12028,-32,7358,56.94,35.62,38,418957,419464
[Recv] <<< 23:c9:cc:4b:a0:3a,12029,-32,7359,56.94,35.62,33,418990,419497
[Recv] <<< 23:c9:cc:4b:a0:3a,12030,-32,7360,56.93,35.62,44,419034,419541
[Recv] <<< 23:c9:cc:4b:a0:3a,12031,-32,7361,56.93,35.62,27,419061,419568
[Recv] <<< 23:c9:cc:4b:a0:3a,12032,-32,7362,56.93,35.62,35,419096,419603
[Recv] <<< 23:c9:cc:4b:a0:3a,12033,-42,7363,56.92,35.62,27,419123,419630
[Recv] <<< 23:c9:cc:4b:a0:3a,12034,-41,7364,56.92,35.62,39,419162,419669
[Recv] <<< 23:c9:cc:4b:a0:3a,12035,-42,7365,56.92,35.62,34,419196,419703
[Recv] <<< 23:c9:cc:4b:a0:3a,12036,-41,7366,56.91,35.62,34,419230,419737
[Recv] <<< 23:c9:cc:4b:a0:3a,12038,-32,7367,56.92,35.62,71,419301,419808
[Recv] <<< 23:c9:cc:4b:a0:3a,12039,-32,7368,56.91,35.62,32,419333,419840
[Recv] <<< 23:c9:cc:4b:a0:3a,12040,-45,7369,56.91,35.62,30,419363,419870
[Recv] <<< 23:c9:cc:4b:a0:3a,12041,-41,7370,56.91,35.62,36,419399,419906
[Recv] <<< 23:c9:cc:4b:a0:3a,12042,-41,7371,56.90,35.62,34,419433,419940
[Recv] <<< 23:c9:cc:4b:a0:3a,12043,-41,7372,56.90,35.62,25,419458,419965
[Recv] <<< 23:c9:cc:4b:a0:3a,12045,-41,7373,56.90,35.62,78,419536,420043
[Recv] <<< 23:c9:cc:4b:a0:3a,12046,-41,7374,56.90,35.62,31,419567,420074
[Recv] <<< 23:c9:cc:4b:a0:3a,12047,-43,7375,56.89,35.62,31,419598,420105
[Recv] <<< 23:c9:cc:4b:a0:3a,12048,-41,7376,56.89,35.62,36,419634,420141
[Recv] <<< 23:c9:cc:4b:a0:3a,12049,-35,7377,56.89,35.62,27,419661,420168
[Recv] <<< 23:c9:cc:4b:a0:3a,12052,-38,7378,56.89,35.62,100,419761,420268
[Recv] <<< 23:c9:cc:4b:a0:3a,12058,-42,7379,56.91,35.62,191,419952,420459
[Recv] <<< 23:c9:cc:4b:a0:3a,12059,-41,7380,56.91,35.62,35,419987,420494
[Recv] <<< 23:c9:cc:4b:a0:3a,12060,-42,7381,56.91,35.62,31,420018,420525
[Recv] <<< 23:c9:cc:4b:a0:3a,12061,-45,7382,56.90,35.62,28,420046,420553
[Recv] <<< 23:c9:cc:4b:a0:3a,12063,-41,7383,56.90,35.62,74,420120,420627
[Recv] <<< 23:c9:cc:4b:a0:3a,12064,-41,7384,56.90,35.62,35,420155,420662
[Recv] <<< 23:c9:cc:4b:a0:3a,12065,-41,7385,56.90,35.61,30,420185,420692
[Recv] <<< 23:c9:cc:4b:a0:3a,12067,-41,7386,56.90,35.61,66,420251,420758
[Recv] <<< 23:c9:cc:4b:a0:3a,12068,-45,7387,56.89,35.61,29,420280,420787
[Recv] <<< 23:c9:cc:4b:a0:3a,12069,-35,7388,56.89,35.61,36,420316,420823
[Recv] <<< 23:c9:cc:4b:a0:3a,12070,-36,7389,56.89,35.61,33,420349,420856
[Recv] <<< 23:c9:cc:4b:a0:3a,12073,-36,7390,56.90,35.61,106,420455,420962
[Recv] <<< 23:c9:cc:4b:a0:3a,12075,-38,7391,56.90,35.61,65,420520,421027
[Recv] <<< 23:c9:cc:4b:a0:3a,12076,-36,7392,56.89,35.61,32,420552,421059
[Recv] <<< 23:c9:cc:4b:a0:3a,12077,-37,7393,56.89,35.61,31,420583,421090
[Recv] <<< 23:c9:cc:4b:a0:3a,12078,-38,7394,56.89,35.61,34,420617,421124
[Recv] <<< 23:c9:cc:4b:a0:3a,12080,-42,7395,56.89,35.61,88,420705,421212
[Recv] <<< 23:c9:cc:4b:a0:3a,12081,-41,7396,56.89,35.61,30,420735,421242
[Recv] <<< 23:c9:cc:4b:a0:3a,12082,-36,7397,56.88,35.61,29,420764,421271
[Recv] <<< 23:c9:cc:4b:a0:3a,12083,-35,7398,56.88,35.61,37,420801,421308
[Recv] <<< 23:c9:cc:4b:a0:3a,12084,-35,7399,56.88,35.61,32,420833,421340
[Recv] <<< 23:c9:cc:4b:a0:3a,12085,-35,7400,56.88,35.61,42,420875,421382
[Recv] <<< 23:c9:cc:4b:a0:3a,12087,-35,7401,56.88,35.61,61,420936,421443
[Recv] <<< 23:c9:cc:4b:a0:3a,12089,-35,7402,56.88,35.61,68,421004,421511
[Recv] <<< 23:c9:cc:4b:a0:3a,12090,-33,7403,56.87,35.61,39,421043,421550
[Recv] <<< 23:c9:cc:4b:a0:3a,12091,-35,7404,56.87,35.61,26,421069,421576
[Recv] <<< 23:c9:cc:4b:a0:3a,12092,-36,7405,56.87,35.61,35,421104,421611
[Recv] <<< 23:c9:cc:4b:a0:3a,12094,-32,7406,56.87,35.61,62,421166,421673
[Recv] <<< 23:c9:cc:4b:a0:3a,12095,-32,7407,56.87,35.61,35,421201,421708
[Recv] <<< 23:c9:cc:4b:a0:3a,12097,-36,7408,56.87,35.61,68,421269,421776
[Recv] <<< 23:c9:cc:4b:a0:3a,12105,-32,7409,56.90,35.61,270,421539,422046
[Recv] <<< 23:c9:cc:4b:a0:3a,12106,-32,7410,56.89,35.61,41,421580,422087
[Recv] <<< 23:c9:cc:4b:a0:3a,12131,-45,7411,57.00,35.61,861,422441,422948
[Recv] <<< 23:c9:cc:4b:a0:3a,12134,-36,7412,57.01,35.61,95,422536,423043
[Recv] <<< 23:c9:cc:4b:a0:3a,12135,-35,7413,57.00,35.61,35,422571,423078
[Recv] <<< 23:c9:cc:4b:a0:3a,12136,-35,7414,57.00,35.61,31,422602,423109
[Recv] <<< 23:c9:cc:4b:a0:3a,12137,-35,7415,57.00,35.61,31,422633,423140
[Recv] <<< 23:c9:cc:4b:a0:3a,12138,-36,7416,56.99,35.61,37,422670,423177
[Recv] <<< 23:c9:cc:4b:a0:3a,12142,-35,7417,57.00,35.60,135,422805,423312
[Recv] <<< 23:c9:cc:4b:a0:3a,12143,-36,7418,57.00,35.60,28,422833,423340
[Recv] <<< 23:c9:cc:4b:a0:3a,12194,-32,7419,57.23,35.60,1725,424558,425065
[Recv] <<< 23:c9:cc:4b:a0:3a,12196,-45,7420,57.23,35.60,59,424617,425124
[Recv] <<< 23:c9:cc:4b:a0:3a,12197,-32,7421,57.22,35.60,38,424655,425162
[Recv] <<< 23:c9:cc:4b:a0:3a,12199,-41,7422,57.22,35.59,64,424719,425226
[Recv] <<< 23:c9:cc:4b:a0:3a,12202,-36,7423,57.23,35.59,107,424826,425333
[Recv] <<< 23:c9:cc:4b:a0:3a,12203,-35,7424,57.23,35.59,35,424861,425368
[Recv] <<< 23:c9:cc:4b:a0:3a,12205,-35,7425,57.23,35.59,70,424931,425438
[Recv] <<< 23:c9:cc:4b:a0:3a,12210,-36,7426,57.25,35.59,176,425107,425614
[Recv] <<< 23:c9:cc:4b:a0:3a,12217,-32,7427,57.27,35.59,233,425340,425847
[Recv] <<< 23:c9:cc:4b:a0:3a,12218,-32,7428,57.27,35.59,33,425373,425880
[Recv] <<< 23:c9:cc:4b:a0:3a,12222,-32,7429,57.28,35.59,139,425512,426019
[Recv] <<< 23:c9:cc:4b:a0:3a,12223,-32,7430,57.27,35.59,37,425549,426056
[Recv] <<< 23:c9:cc:4b:a0:3a,12224,-32,7431,57.27,35.59,33,425582,426089
[Recv] <<< 23:c9:cc:4b:a0:3a,12225,-32,7432,57.27,35.59,37,425619,426126
[Recv] <<< 23:c9:cc:4b:a0:3a,12226,-32,7433,57.26,35.59,29,425648,426155
[Recv] <<< 23:c9:cc:4b:a0:3a,12227,-32,7434,57.26,35.59,40,425688,426195
[Recv] <<< 23:c9:cc:4b:a0:3a,12228,-32,7435,57.26,35.59,33,425721,426228
[Recv] <<< 23:c9:cc:4b:a0:3a,12230,-32,7436,57.26,35.59,61,425782,426289
[Recv] <<< 23:c9:cc:4b:a0:3a,12231,-32,7437,57.26,35.59,35,425817,426324
[Recv] <<< 23:c9:cc:4b:a0:3a,12232,-32,7438,57.25,35.59,34,425851,426358
[Recv] <<< 23:c9:cc:4b:a0:3a,12235,-32,7439,57.26,35.59,105,425956,426463
[Recv] <<< 23:c9:cc:4b:a0:3a,12236,-35,7440,57.26,35.59,47,426003,426510
[Recv] <<< 23:c9:cc:4b:a0:3a,12237,-36,7441,57.25,35.59,25,426028,426535
[Recv] <<< 23:c9:cc:4b:a0:3a,12238,-35,7442,57.25,35.59,38,426066,426573
[Recv] <<< 23:c9:cc:4b:a0:3a,12239,-41,7443,57.25,35.59,43,426109,426616
[Recv] <<< 23:c9:cc:4b:a0:3a,12240,-42,7444,57.25,35.59,32,426141,426648
[Recv] <<< 23:c9:cc:4b:a0:3a,12242,-41,7445,57.25,35.59,74,426215,426722
[Recv] <<< 23:c9:cc:4b:a0:3a,12245,-41,7446,57.25,35.59,96,426311,426818
[Recv] <<< 23:c9:cc:4b:a0:3a,12246,-36,7447,57.25,35.59,35,426346,426853
[Recv] <<< 23:c9:cc:4b:a0:3a,12248,-44,7448,57.25,35.59,71,426417,426924
[Recv] <<< 23:c9:cc:4b:a0:3a,12249,-42,7449,57.25,35.59,31,426448,426955
[Recv] <<< 23:c9:cc:4b:a0:3a,12252,-32,7450,57.26,35.59,112,426560,427067
[Recv] <<< 23:c9:cc:4b:a0:3a,12253,-32,7451,57.25,35.59,32,426592,427099
[Recv] <<< 23:c9:cc:4b:a0:3a,12254,-32,7452,57.25,35.59,38,426630,427137
[Recv] <<< 23:c9:cc:4b:a0:3a,12256,-45,7453,57.25,35.59,61,426691,427198
[Recv] <<< 23:c9:cc:4b:a0:3a,12257,-41,7454,57.25,35.59,30,426721,427228
[Recv] <<< 23:c9:cc:4b:a0:3a,12259,-41,7455,57.25,35.59,70,426791,427298
[Recv] <<< 23:c9:cc:4b:a0:3a,12260,-45,7456,57.25,35.59,33,426824,427331
[Recv] <<< 23:c9:cc:4b:a0:3a,12261,-41,7457,57.24,35.59,30,426854,427361
[Recv] <<< 23:c9:cc:4b:a0:3a,12262,-41,7458,57.24,35.59,33,426887,427394
[Recv] <<< 23:c9:cc:4b:a0:3a,12263,-46,7459,57.24,35.59,31,426918,427425
[Recv] <<< 23:c9:cc:4b:a0:3a,12264,-45,7460,57.23,35.59,37,426955,427462
[Recv] <<< 23:c9:cc:4b:a0:3a,12265,-41,7461,57.23,35.59,29,426984,427491
[Recv] <<< 23:c9:cc:4b:a0:3a,12266,-41,7462,57.23,35.59,34,427018,427525
[Recv] <<< 23:c9:cc:4b:a0:3a,12267,-41,7463,57.22,35.59,33,427051,427558
[Recv] <<< 23:c9:cc:4b:a0:3a,12268,-36,7464,57.22,35.59,34,427085,427592
[Recv] <<< 23:c9:cc:4b:a0:3a,12269,-36,7465,57.22,35.59,32,427117,427624
[Recv] <<< 23:c9:cc:4b:a0:3a,12270,-36,7466,57.21,35.59,33,427150,427657
[Recv] <<< 23:c9:cc:4b:a0:3a,12271,-42,7467,57.21,35.59,37,427187,427694
[Recv] <<< 23:c9:cc:4b:a0:3a,12293,-35,7468,57.30,35.58,758,427945,428452
[Recv] <<< 23:c9:cc:4b:a0:3a,12294,-38,7469,57.30,35.59,40,427985,428492
[Recv] <<< 23:c9:cc:4b:a0:3a,12296,-32,7470,57.30,35.58,62,428047,428554
[Recv] <<< 23:c9:cc:4b:a0:3a,12298,-43,7471,57.30,35.58,61,428108,428615
[Recv] <<< 23:c9:cc:4b:a0:3a,12299,-45,7472,57.30,35.58,32,428140,428647
[Recv] <<< 23:c9:cc:4b:a0:3a,12302,-41,7473,57.31,35.58,101,428241,428748
[Recv] <<< 23:c9:cc:4b:a0:3a,12335,-32,7474,57.45,35.58,1137,429378,429885
[Recv] <<< 23:c9:cc:4b:a0:3a,12336,-41,7475,57.45,35.58,27,429405,429912
[Recv] <<< 23:c9:cc:4b:a0:3a,12337,-41,7476,57.44,35.58,36,429441,429948
[Recv] <<< 23:c9:cc:4b:a0:3a,12338,-41,7477,57.44,35.58,29,429470,429977
[Recv] <<< 23:c9:cc:4b:a0:3a,12339,-41,7478,57.44,35.58,34,429504,430011
[Recv] <<< 23:c9:cc:4b:a0:3a,12340,-41,7479,57.43,35.58,30,429534,430041
[Recv] <<< 23:c9:cc:4b:a0:3a,12341,-41,7480,57.43,35.58,40,429574,430081
[Recv] <<< 23:c9:cc:4b:a0:3a,12342,-41,7481,57.43,35.58,36,429610,430117
[Recv] <<< 23:c9:cc:4b:a0:3a,12344,-33,7482,57.43,35.58,63,429673,430180
[Recv] <<< 23:c9:cc:4b:a0:3a,12345,-36,7483,57.42,35.58,27,429700,430207
[Recv] <<< 23:c9:cc:4b:a0:3a,12346,-36,7484,57.42,35.58,33,429733,430240
[Recv] <<< 23:c9:cc:4b:a0:3a,12347,-35,7485,57.42,35.58,34,429767,430274
[Recv] <<< 23:c9:cc:4b:a0:3a,12349,-36,7486,57.42,35.58,71,429838,430345
[Recv] <<< 23:c9:cc:4b:a0:3a,12350,-36,7487,57.42,35.58,32,429870,430377
[Recv] <<< 23:c9:cc:4b:a0:3a,12351,-36,7488,57.41,35.58,38,429908,430415
[Recv] <<< 23:c9:cc:4b:a0:3a,12352,-36,7489,57.41,35.58,35,429943,430450
[Recv] <<< 23:c9:cc:4b:a0:3a,12353,-35,7490,57.41,35.58,36,429979,430486
[Recv] <<< 23:c9:cc:4b:a0:3a,12354,-36,7491,57.40,35.58,32,430011,430518
[Recv] <<< 23:c9:cc:4b:a0:3a,12356,-35,7492,57.40,35.58,64,430075,430582
[Recv] <<< 23:c9:cc:4b:a0:3a,12357,-35,7493,57.40,35.58,36,430111,430618
[Recv] <<< 23:c9:cc:4b:a0:3a,12360,-42,7494,57.41,35.58,109,430220,430727
[Recv] <<< 23:c9:cc:4b:a0:3a,12361,-41,7495,57.41,35.58,38,430258,430765
[Recv] <<< 23:c9:cc:4b:a0:3a,12410,-36,7496,57.63,35.58,1747,432005,432512
[Recv] <<< 23:c9:cc:4b:a0:3a,12419,-32,7497,57.67,35.58,329,432334,432841
[Recv] <<< 23:c9:cc:4b:a0:3a,12420,-32,7498,57.67,35.58,42,432376,432883
[Recv] <<< 23:c9:cc:4b:a0:3a,12421,-35,7499,57.66,35.58,37,432413,432920
[Recv] <<< 23:c9:cc:4b:a0:3a,12422,-32,7500,57.66,35.58,34,432447,432954
[Recv] <<< 23:c9:cc:4b:a0:3a,12423,-35,7501,57.66,35.58,43,432490,432997
[Recv] <<< 23:c9:cc:4b:a0:3a,12424,-36,7502,57.65,35.58,32,432522,433029
[Recv] <<< 23:c9:cc:4b:a0:3a,12425,-41,7503,57.65,35.58,45,432567,433074
[Recv] <<< 23:c9:cc:4b:a0:3a,12426,-41,7504,57.65,35.58,36,432603,433110
[Recv] <<< 23:c9:cc:4b:a0:3a,12427,-41,7505,57.65,35.58,40,432643,433150
[Recv] <<< 23:c9:cc:4b:a0:3a,12428,-32,7506,57.64,35.58,34,432677,433184
[Recv] <<< 23:c9:cc:4b:a0:3a,12431,-36,7507,57.65,35.58,118,432795,433302
[Recv] <<< 23:c9:cc:4b:a0:3a,12443,-36,7508,57.71,35.58,480,433275,433782
[Recv] <<< 23:c9:cc:4b:a0:3a,12444,-45,7509,57.71,35.59,47,433322,433829
[Recv] <<< 23:c9:cc:4b:a0:3a,12445,-41,7510,57.70,35.59,38,433360,433867
[Recv] <<< 23:c9:cc:4b:a0:3a,12447,-38,7511,57.71,35.59,86,433446,433953
[Recv] <<< 23:c9:cc:4b:a0:3a,12449,-43,7512,57.71,35.59,79,433525,434032
[Recv] <<< 23:c9:cc:4b:a0:3a,12450,-32,7513,57.71,35.59,43,433568,434075
[Recv] <<< 23:c9:cc:4b:a0:3a,12452,-36,7514,57.71,35.59,89,433657,434164
[Recv] <<< 23:c9:cc:4b:a0:3a,12453,-45,7515,57.71,35.59,42,433699,434206
[Recv] <<< 23:c9:cc:4b:a0:3a,12454,-41,7516,57.71,35.59,39,433738,434245
[Recv] <<< 23:c9:cc:4b:a0:3a,12455,-32,7517,57.71,35.59,38,433776,434283
[Recv] <<< 23:c9:cc:4b:a0:3a,12456,-35,7518,57.70,35.59,42,433818,434325
[Recv] <<< 23:c9:cc:4b:a0:3a,12457,-41,7519,57.70,35.59,44,433862,434369
[Recv] <<< 23:c9:cc:4b:a0:3a,12458,-32,7520,57.70,35.59,46,433908,434415
[Recv] <<< 23:c9:cc:4b:a0:3a,12460,-35,7521,57.70,35.59,87,433995,434502
[Recv] <<< 23:c9:cc:4b:a0:3a,12464,-36,7522,57.72,35.60,175,434170,434677
[Recv] <<< 23:c9:cc:4b:a0:3a,12465,-42,7523,57.72,35.60,41,434211,434718
[Recv] <<< 23:c9:cc:4b:a0:3a,12466,-32,7524,57.72,35.60,41,434252,434759
[Recv] <<< 23:c9:cc:4b:a0:3a,12467,-38,7525,57.71,35.60,44,434296,434803
[Recv] <<< 23:c9:cc:4b:a0:3a,12468,-36,7526,57.71,35.60,39,434335,434842
[Recv] <<< 23:c9:cc:4b:a0:3a,12471,-32,7527,57.72,35.60,126,434461,434968
[Recv] <<< 23:c9:cc:4b:a0:3a,12472,-35,7528,57.72,35.60,54,434515,435022
[Recv] <<< 23:c9:cc:4b:a0:3a,12473,-35,7529,57.72,35.60,38,434553,435060
[Recv] <<< 23:c9:cc:4b:a0:3a,12474,-41,7530,57.71,35.60,40,434593,435100
[Recv] <<< 23:c9:cc:4b:a0:3a,12475,-32,7531,57.71,35.60,43,434636,435143
[Recv] <<< 23:c9:cc:4b:a0:3a,12476,-32,7532,57.71,35.60,45,434681,435188
[Recv] <<< 23:c9:cc:4b:a0:3a,12477,-36,7533,57.71,35.60,38,434719,435226
[Recv] <<< 23:c9:cc:4b:a0:3a,12478,-41,7534,57.71,35.60,43,434762,435269
[Recv] <<< 23:c9:cc:4b:a0:3a,12480,-32,7535,57.71,35.61,88,434850,435357
[Recv] <<< 23:c9:cc:4b:a0:3a,12482,-38,7536,57.71,35.61,82,434932,435439
[Recv] <<< 23:c9:cc:4b:a0:3a,12490,-32,7537,57.75,35.61,339,435271,435778
[Recv] <<< 23:c9:cc:4b:a0:3a,12491,-38,7538,57.75,35.61,47,435318,435825
[Recv] <<< 23:c9:cc:4b:a0:3a,12492,-41,7539,57.75,35.61,42,435360,435867
[Recv] <<< 23:c9:cc:4b:a0:3a,12493,-32,7540,57.74,35.61,36,435396,435903
[Recv] <<< 23:c9:cc:4b:a0:3a,12494,-36,7541,57.74,35.61,47,435443,435950
[Recv] <<< 23:c9:cc:4b:a0:3a,12496,-41,7542,57.75,35.61,88,435531,436038
[Recv] <<< 23:c9:cc:4b:a0:3a,12497,-32,7543,57.75,35.62,42,435573,436080
[Recv] <<< 23:c9:cc:4b:a0:3a,12498,-36,7544,57.74,35.62,40,435613,436120
[Recv] <<< 23:c9:cc:4b:a0:3a,12500,-32,7545,57.75,35.62,88,435701,436208
[Recv] <<< 23:c9:cc:4b:a0:3a,12501,-32,7546,57.75,35.62,43,435744,436251
[Recv] <<< 23:c9:cc:4b:a0:3a,12502,-36,7547,57.74,35.62,42,435786,436293
[Recv] <<< 23:c9:cc:4b:a0:3a,12503,-46,7548,57.74,35.62,42,435828,436335
[Recv] <<< 23:c9:cc:4b:a0:3a,12505,-36,7549,57.74,35.62,87,435915,436422
[Recv] <<< 23:c9:cc:4b:a0:3a,12506,-36,7550,57.74,35.62,43,435958,436465
[Recv] <<< 23:c9:cc:4b:a0:3a,12508,-41,7551,57.75,35.62,81,436039,436546
[Recv] <<< 23:c9:cc:4b:a0:3a,12511,-35,7552,57.75,35.62,126,436165,436672
[Recv] <<< 23:c9:cc:4b:a0:3a,12512,-41,7553,57.75,35.62,46,436211,436718
[Recv] <<< 23:c9:cc:4b:a0:3a,12514,-32,7554,57.76,35.62,78,436289,436796
[Recv] <<< 23:c9:cc:4b:a0:3a,12515,-35,7555,57.75,35.62,41,436330,436837
[Recv] <<< 23:c9:cc:4b:a0:3a,12517,-41,7556,57.76,35.63,88,436418,436925
[Recv] <<< 23:c9:cc:4b:a0:3a,12524,-41,7557,57.79,35.63,293,436711,437218
[Recv] <<< 23:c9:cc:4b:a0:3a,12562,-41,7558,57.99,35.65,1594,438305,438812
[Recv] <<< 23:c9:cc:4b:a0:3a,12563,-32,7559,57.99,35.65,41,438346,438853
[Recv] <<< 23:c9:cc:4b:a0:3a,12566,-46,7560,58.00,35.65,127,438473,438980
[Recv] <<< 23:c9:cc:4b:a0:3a,12567,-32,7561,58.00,35.65,39,438512,439019
[Recv] <<< 23:c9:cc:4b:a0:3a,12568,-38,7562,57.99,35.65,42,438554,439061
[Recv] <<< 23:c9:cc:4b:a0:3a,12569,-42,7563,57.99,35.65,42,438596,439103
[Recv] <<< 23:c9:cc:4b:a0:3a,12571,-32,7564,58.00,35.65,89,438685,439192
[Recv] <<< 23:c9:cc:4b:a0:3a,12572,-35,7565,57.99,35.65,37,438722,439229
[Recv] <<< 23:c9:cc:4b:a0:3a,12573,-41,7566,57.99,35.65,44,438766,439273
[Recv] <<< 23:c9:cc:4b:a0:3a,12581,-41,7567,58.03,35.66,335,439101,439608
[Recv] <<< 23:c9:cc:4b:a0:3a,12583,-32,7568,58.03,35.66,84,439185,439692
[Recv] <<< 23:c9:cc:4b:a0:3a,12584,-32,7569,58.03,35.66,37,439222,439729
[Recv] <<< 23:c9:cc:4b:a0:3a,12586,-35,7570,58.03,35.66,79,439301,439808
[Recv] <<< 23:c9:cc:4b:a0:3a,12597,-35,7571,58.08,35.66,448,439749,440256
[Recv] <<< 23:c9:cc:4b:a0:3a,12598,-36,7572,58.08,35.67,45,439794,440301
[Recv] <<< 23:c9:cc:4b:a0:3a,12599,-42,7573,58.08,35.67,35,439829,440336
[Recv] <<< 23:c9:cc:4b:a0:3a,12604,-35,7574,58.10,35.67,205,440034,440541
[Recv] <<< 23:c9:cc:4b:a0:3a,12605,-45,7575,58.10,35.67,48,440082,440589
[Recv] <<< 23:c9:cc:4b:a0:3a,12607,-32,7576,58.10,35.67,73,440155,440662
[Recv] <<< 23:c9:cc:4b:a0:3a,12608,-32,7577,58.10,35.67,39,440194,440701
[Recv] <<< 23:c9:cc:4b:a0:3a,12617,-36,7578,58.13,35.67,350,440544,441051
[Recv] <<< 23:c9:cc:4b:a0:3a,12618,-41,7579,58.13,35.67,43,440587,441094
[Recv] <<< 23:c9:cc:4b:a0:3a,12619,-41,7580,58.13,35.67,39,440626,441133
[Recv] <<< 23:c9:cc:4b:a0:3a,12620,-32,7581,58.13,35.67,46,440672,441179
[Recv] <<< 23:c9:cc:4b:a0:3a,12631,-32,7582,58.18,35.68,428,441100,441607
[Recv] <<< 23:c9:cc:4b:a0:3a,12632,-35,7583,58.18,35.68,47,441147,441654
[Recv] <<< 23:c9:cc:4b:a0:3a,12635,-45,7584,58.18,35.68,124,441271,441778
[Recv] <<< 23:c9:cc:4b:a0:3a,12638,-35,7585,58.19,35.68,117,441388,441895
[Recv] <<< 23:c9:cc:4b:a0:3a,12639,-36,7586,58.19,35.68,41,441429,441936
[Recv] <<< 23:c9:cc:4b:a0:3a,12640,-41,7587,58.19,35.68,38,441467,441974
[Recv] <<< 23:c9:cc:4b:a0:3a,12645,-32,7588,58.21,35.68,216,441683,442190
[Recv] <<< 23:c9:cc:4b:a0:3a,12649,-32,7589,58.22,35.68,162,441845,442352
[Recv] <<< 23:c9:cc:4b:a0:3a,12650,-32,7590,58.22,35.68,38,441883,442390
[Recv] <<< 23:c9:cc:4b:a0:3a,12651,-35,7591,58.22,35.68,39,441922,442429
[Recv] <<< 23:c9:cc:4b:a0:3a,12652,-41,7592,58.21,35.69,43,441965,442472
[Recv] <<< 23:c9:cc:4b:a0:3a,12653,-32,7593,58.21,35.69,43,442008,442515
[Recv] <<< 23:c9:cc:4b:a0:3a,12654,-32,7594,58.21,35.69,38,442046,442553
[Recv] <<< 23:c9:cc:4b:a0:3a,12656,-35,7595,58.21,35.69,80,442126,442633
[Recv] <<< 23:c9:cc:4b:a0:3a,12657,-41,7596,58.21,35.69,44,442170,442677
[Recv] <<< 23:c9:cc:4b:a0:3a,12659,-32,7597,58.21,35.69,77,442247,442754
[Recv] <<< 23:c9:cc:4b:a0:3a,12660,-35,7598,58.21,35.69,46,442293,442800
[Recv] <<< 23:c9:cc:4b:a0:3a,12662,-41,7599,58.21,35.69,79,442372,442879
[Recv] <<< 23:c9:cc:4b:a0:3a,12663,-33,7600,58.21,35.69,42,442414,442921
[Recv] <<< 23:c9:cc:4b:a0:3a,12666,-36,7601,58.22,35.69,125,442539,443046
[Recv] <<< 23:c9:cc:4b:a0:3a,12667,-41,7602,58.22,35.69,33,442572,443079
[Recv] <<< 23:c9:cc:4b:a0:3a,12668,-32,7603,58.22,35.69,42,442614,443121
[Recv] <<< 23:c9:cc:4b:a0:3a,12669,-32,7604,58.21,35.69,43,442657,443164
[Recv] <<< 23:c9:cc:4b:a0:3a,12674,-32,7605,58.23,35.69,200,442857,443364
[Recv] <<< 23:c9:cc:4b:a0:3a,12675,-36,7606,58.23,35.69,42,442899,443406
[Recv] <<< 23:c9:cc:4b:a0:3a,12676,-36,7607,58.23,35.69,34,442933,443440
[Recv] <<< 23:c9:cc:4b:a0:3a,12677,-35,7608,58.22,35.69,38,442971,443478
[Recv] <<< 23:c9:cc:4b:a0:3a,12678,-41,7609,58.22,35.70,47,443018,443525
[Recv] <<< 23:c9:cc:4b:a0:3a,12679,-32,7610,58.22,35.70,37,443055,443562
[Recv] <<< 23:c9:cc:4b:a0:3a,12680,-32,7611,58.22,35.70,37,443092,443599
[Recv] <<< 23:c9:cc:4b:a0:3a,12681,-36,7612,58.21,35.70,39,443131,443638
[Recv] <<< 23:c9:cc:4b:a0:3a,12682,-36,7613,58.21,35.70,44,443175,443682
[Recv] <<< 23:c9:cc:4b:a0:3a,12687,-32,7614,58.23,35.70,188,443363,443870
[Recv] <<< 23:c9:cc:4b:a0:3a,12688,-35,7615,58.23,35.70,45,443408,443915
[Recv] <<< 23:c9:cc:4b:a0:3a,12689,-36,7616,58.23,35.70,44,443452,443959
[Recv] <<< 23:c9:cc:4b:a0:3a,12691,-41,7617,58.23,35.70,81,443533,444040
[Recv] <<< 23:c9:cc:4b:a0:3a,12692,-32,7618,58.23,35.70,41,443574,444081
[Recv] <<< 23:c9:cc:4b:a0:3a,12695,-42,7619,58.24,35.70,124,443698,444205
[Recv] <<< 23:c9:cc:4b:a0:3a,12696,-32,7620,58.23,35.70,42,443740,444247
[Recv] <<< 23:c9:cc:4b:a0:3a,12697,-32,7621,58.23,35.70,42,443782,444289
[Recv] <<< 23:c9:cc:4b:a0:3a,12699,-41,7622,58.23,35.70,83,443865,444372
[Recv] <<< 23:c9:cc:4b:a0:3a,12700,-41,7623,58.23,35.70,42,443907,444414
[Recv] <<< 23:c9:cc:4b:a0:3a,12701,-33,7624,58.23,35.70,40,443947,444454
[Recv] <<< 23:c9:cc:4b:a0:3a,12702,-32,7625,58.23,35.70,39,443986,444493
[Recv] <<< 23:c9:cc:4b:a0:3a,12703,-36,7626,58.23,35.70,39,444025,444532
[Recv] <<< 23:c9:cc:4b:a0:3a,12705,-41,7627,58.23,35.71,81,444106,444613
[Recv] <<< 23:c9:cc:4b:a0:3a,12706,-41,7628,58.23,35.71,42,444148,444655
[Recv] <<< 23:c9:cc:4b:a0:3a,12707,-41,7629,58.22,35.71,29,444177,444684
[Recv] <<< 23:c9:cc:4b:a0:3a,12708,-32,7630,58.22,35.71,48,444225,444732
[Recv] <<< 23:c9:cc:4b:a0:3a,12710,-35,7631,58.22,35.71,71,444296,444803
[Recv] <<< 23:c9:cc:4b:a0:3a,12712,-35,7632,58.23,35.71,79,444375,444882
[Recv] <<< 23:c9:cc:4b:a0:3a,12713,-45,7633,58.22,35.71,40,444415,444922
[Recv] <<< 23:c9:cc:4b:a0:3a,12723,-35,7634,58.27,35.71,393,444808,445315
[Recv] <<< 23:c9:cc:4b:a0:3a,12724,-36,7635,58.26,35.71,38,444846,445353
[Recv] <<< 23:c9:cc:4b:a0:3a,12725,-35,7636,58.26,35.71,36,444882,445389
[Recv] <<< 23:c9:cc:4b:a0:3a,12729,-35,7637,58.27,35.71,141,445023,445530
[Recv] <<< 23:c9:cc:4b:a0:3a,12730,-36,7638,58.27,35.71,30,445053,445560
[Recv] <<< 23:c9:cc:4b:a0:3a,12731,-36,7639,58.27,35.71,34,445087,445594
[Recv] <<< 23:c9:cc:4b:a0:3a,12733,-36,7640,58.27,35.71,72,445159,445666
[Recv] <<< 23:c9:cc:4b:a0:3a,12734,-36,7641,58.26,35.71,35,445194,445701
[Recv] <<< 23:c9:cc:4b:a0:3a,12735,-44,7642,58.26,35.71,37,445231,445738
[Recv] <<< 23:c9:cc:4b:a0:3a,12736,-41,7643,58.26,35.71,33,445264,445771
[Recv] <<< 23:c9:cc:4b:a0:3a,12738,-41,7644,58.26,35.71,71,445335,445842
[Recv] <<< 23:c9:cc:4b:a0:3a,12739,-48,7645,58.26,35.71,36,445371,445878
[Recv] <<< 23:c9:cc:4b:a0:3a,12745,-32,7646,58.28,35.71,215,445586,446093
[Recv] <<< 23:c9:cc:4b:a0:3a,12746,-32,7647,58.27,35.71,33,445619,446126
[Recv] <<< 23:c9:cc:4b:a0:3a,12747,-36,7648,58.27,35.71,42,445661,446168
[Recv] <<< 23:c9:cc:4b:a0:3a,12748,-35,7649,58.27,35.71,36,445697,446204
[Recv] <<< 23:c9:cc:4b:a0:3a,12750,-36,7650,58.27,35.71,71,445768,446275
[Recv] <<< 23:c9:cc:4b:a0:3a,12751,-36,7651,58.27,35.71,33,445801,446308
[Recv] <<< 23:c9:cc:4b:a0:3a,12752,-35,7652,58.26,35.71,38,445839,446346
[Recv] <<< 23:c9:cc:4b:a0:3a,12753,-36,7653,58.26,35.71,38,445877,446384
[Recv] <<< 23:c9:cc:4b:a0:3a,12754,-36,7654,58.26,35.71,35,445912,446419
[Recv] <<< 23:c9:cc:4b:a0:3a,12755,-36,7655,58.26,35.71,34,445946,446453
[Recv] <<< 23:c9:cc:4b:a0:3a,12756,-35,7656,58.25,35.71,41,445987,446494
[Recv] <<< 23:c9:cc:4b:a0:3a,12757,-46,7657,58.25,35.71,33,446020,446527
[Recv] <<< 23:c9:cc:4b:a0:3a,12758,-42,7658,58.25,35.71,35,446055,446562
[Recv] <<< 23:c9:cc:4b:a0:3a,12759,-43,7659,58.24,35.71,36,446091,446598
[Recv] <<< 23:c9:cc:4b:a0:3a,12760,-32,7660,58.24,35.71,40,446131,446638
[Recv] <<< 23:c9:cc:4b:a0:3a,12761,-32,7661,58.24,35.71,35,446166,446673
[Recv] <<< 23:c9:cc:4b:a0:3a,12762,-32,7662,58.24,35.71,34,446200,446707
[Recv] <<< 23:c9:cc:4b:a0:3a,12764,-32,7663,58.24,35.71,68,446268,446775
[Recv] <<< 23:c9:cc:4b:a0:3a,12765,-36,7664,58.23,35.71,43,446311,446818
[Recv] <<< 23:c9:cc:4b:a0:3a,12766,-36,7665,58.23,35.71,34,446345,446852
[Recv] <<< 23:c9:cc:4b:a0:3a,12767,-36,7666,58.23,35.71,41,446386,446893
[Recv] <<< 23:c9:cc:4b:a0:3a,12768,-36,7667,58.23,35.71,36,446422,446929
[Recv] <<< 23:c9:cc:4b:a0:3a,12769,-35,7668,58.22,35.71,35,446457,446964
[Recv] <<< 23:c9:cc:4b:a0:3a,12770,-38,7669,58.22,35.71,33,446490,446997
[Recv] <<< 23:c9:cc:4b:a0:3a,12771,-36,7670,58.22,35.71,38,446528,447035
[Recv] <<< 23:c9:cc:4b:a0:3a,12773,-36,7671,58.22,35.71,62,446590,447097
[Recv] <<< 23:c9:cc:4b:a0:3a,12774,-36,7672,58.22,35.71,37,446627,447134
[Recv] <<< 23:c9:cc:4b:a0:3a,12777,-36,7673,58.22,35.71,106,446733,447240
[Recv] <<< 23:c9:cc:4b:a0:3a,12778,-41,7674,58.22,35.71,39,446772,447279
[Recv] <<< 23:c9:cc:4b:a0:3a,12791,-32,7675,58.27,35.71,462,447234,447741
[Recv] <<< 23:c9:cc:4b:a0:3a,12792,-35,7676,58.27,35.71,40,447274,447781
[Recv] <<< 23:c9:cc:4b:a0:3a,12793,-36,7677,58.27,35.71,38,447312,447819
[Recv] <<< 23:c9:cc:4b:a0:3a,12802,-33,7678,58.30,35.71,333,447645,448152
[Recv] <<< 23:c9:cc:4b:a0:3a,12803,-36,7679,58.30,35.71,33,447678,448185
[Recv] <<< 23:c9:cc:4b:a0:3a,12804,-36,7680,58.30,35.71,40,447718,448225
[Recv] <<< 23:c9:cc:4b:a0:3a,12810,-45,7681,58.32,35.71,221,447939,448446
[Recv] <<< 23:c9:cc:4b:a0:3a,12812,-32,7682,58.32,35.71,82,448021,448528
[Recv] <<< 23:c9:cc:4b:a0:3a,12813,-32,7683,58.32,35.71,32,448053,448560
[Recv] <<< 23:c9:cc:4b:a0:3a,12815,-36,7684,58.32,35.71,74,448127,448634
[Recv] <<< 23:c9:cc:4b:a0:3a,12816,-36,7685,58.32,35.71,32,448159,448666
[Recv] <<< 23:c9:cc:4b:a0:3a,12824,-32,7686,58.35,35.71,299,448458,448965
[Recv] <<< 23:c9:cc:4b:a0:3a,12825,-32,7687,58.34,35.71,37,448495,449002
[Recv] <<< 23:c9:cc:4b:a0:3a,12826,-32,7688,58.34,35.71,31,448526,449033
[Recv] <<< 23:c9:cc:4b:a0:3a,12829,-36,7689,58.35,35.71,110,448636,449143
[Recv] <<< 23:c9:cc:4b:a0:3a,12830,-35,7690,58.34,35.71,35,448671,449178
[Recv] <<< 23:c9:cc:4b:a0:3a,12831,-36,7691,58.34,35.71,34,448705,449212
[Recv] <<< 23:c9:cc:4b:a0:3a,12832,-36,7692,58.34,35.71,32,448737,449244
[Recv] <<< 23:c9:cc:4b:a0:3a,12833,-41,7693,58.34,35.71,37,448774,449281
[Recv] <<< 23:c9:cc:4b:a0:3a,12834,-45,7694,58.33,35.71,42,448816,449323
[Recv] <<< 23:c9:cc:4b:a0:3a,12835,-41,7695,58.33,35.71,33,448849,449356
[Recv] <<< 23:c9:cc:4b:a0:3a,12837,-41,7696,58.33,35.71,67,448916,449423
[Recv] <<< 23:c9:cc:4b:a0:3a,12838,-32,7697,58.33,35.71,36,448952,449459
[Recv] <<< 23:c9:cc:4b:a0:3a,12839,-41,7698,58.33,35.71,35,448987,449494
[Recv] <<< 23:c9:cc:4b:a0:3a,12841,-33,7699,58.33,35.71,74,449061,449568
[Recv] <<< 23:c9:cc:4b:a0:3a,12842,-36,7700,58.33,35.71,42,449103,449610
[Recv] <<< 23:c9:cc:4b:a0:3a,12843,-33,7701,58.32,35.71,41,449144,449651
[Recv] <<< 23:c9:cc:4b:a0:3a,12844,-35,7702,58.32,35.71,33,449177,449684
[Recv] <<< 23:c9:cc:4b:a0:3a,12846,-38,7703,58.32,35.71,68,449245,449752
[Recv] <<< 23:c9:cc:4b:a0:3a,12847,-36,7704,58.32,35.71,36,449281,449788
[Recv] <<< 23:c9:cc:4b:a0:3a,12848,-36,7705,58.31,35.71,33,449314,449821
[Recv] <<< 23:c9:cc:4b:a0:3a,12849,-35,7706,58.31,35.71,34,449348,449855
[Recv] <<< 23:c9:cc:4b:a0:3a,12852,-36,7707,58.32,35.71,108,449456,449963
[Recv] <<< 23:c9:cc:4b:a0:3a,12853,-35,7708,58.31,35.71,36,449492,449999
[Recv] <<< 23:c9:cc:4b:a0:3a,12858,-41,7709,58.33,35.71,178,449670,450177
[Recv] <<< 23:c9:cc:4b:a0:3a,12859,-43,7710,58.33,35.71,39,449709,450216
[Recv] <<< 23:c9:cc:4b:a0:3a,12860,-32,7711,58.32,35.71,33,449742,450249
[Recv] <<< 23:c9:cc:4b:a0:3a,12862,-32,7712,58.33,35.71,73,449815,450322
[Recv] <<< 23:c9:cc:4b:a0:3a,12863,-42,7713,58.32,35.71,31,449846,450353
[Recv] <<< 23:c9:cc:4b:a0:3a,12865,-32,7714,58.33,35.71,76,449922,450429
[Recv] <<< 23:c9:cc:4b:a0:3a,12867,-36,7715,58.33,35.71,75,449997,450504
[Recv] <<< 23:c9:cc:4b:a0:3a,12874,-46,7716,58.35,35.71,253,450250,450757
[Recv] <<< 23:c9:cc:4b:a0:3a,12875,-41,7717,58.35,35.71,33,450283,450790
[Recv] <<< 23:c9:cc:4b:a0:3a,12877,-41,7718,58.35,35.71,76,450359,450866
[Recv] <<< 23:c9:cc:4b:a0:3a,12878,-41,7719,58.35,35.71,41,450400,450907
[Recv] <<< 23:c9:cc:4b:a0:3a,12879,-41,7720,58.35,35.71,26,450426,450933
[Recv] <<< 23:c9:cc:4b:a0:3a,12880,-41,7721,58.34,35.71,36,450462,450969
[Recv] <<< 23:c9:cc:4b:a0:3a,12881,-46,7722,58.34,35.71,42,450504,451011
[Recv] <<< 23:c9:cc:4b:a0:3a,12882,-41,7723,58.34,35.71,29,450533,451040
[Recv] <<< 23:c9:cc:4b:a0:3a,12883,-41,7724,58.33,35.71,30,450563,451070
[Recv] <<< 23:c9:cc:4b:a0:3a,12885,-32,7725,58.34,35.71,86,450649,451156
[Recv] <<< 23:c9:cc:4b:a0:3a,12886,-32,7726,58.33,35.71,23,450672,451179
[Recv] <<< 23:c9:cc:4b:a0:3a,12887,-35,7727,58.33,35.71,48,450720,451227
[Recv] <<< 23:c9:cc:4b:a0:3a,12891,-35,7728,58.34,35.71,139,450859,451366
[Recv] <<< 23:c9:cc:4b:a0:3a,12895,-32,7729,58.35,35.71,131,450990,451497
[Recv] <<< 23:c9:cc:4b:a0:3a,12896,-32,7730,58.35,35.71,36,451026,451533
[Recv] <<< 23:c9:cc:4b:a0:3a,12897,-32,7731,58.34,35.71,31,451057,451564
[Recv] <<< 23:c9:cc:4b:a0:3a,12898,-32,7732,58.34,35.71,31,451088,451595
[Recv] <<< 23:c9:cc:4b:a0:3a,12899,-32,7733,58.34,35.71,37,451125,451632
[Recv] <<< 23:c9:cc:4b:a0:3a,12900,-32,7734,58.33,35.71,33,451158,451665
[Recv] <<< 23:c9:cc:4b:a0:3a,12901,-32,7735,58.33,35.71,33,451191,451698
[Recv] <<< 23:c9:cc:4b:a0:3a,12902,-32,7736,58.33,35.71,40,451231,451738
[Recv] <<< 23:c9:cc:4b:a0:3a,12903,-32,7737,58.33,35.71,31,451262,451769
[Recv] <<< 23:c9:cc:4b:a0:3a,12904,-32,7738,58.32,35.71,37,451299,451806
[Recv] <<< 23:c9:cc:4b:a0:3a,12907,-32,7739,58.33,35.71,98,451397,451904
[Recv] <<< 23:c9:cc:4b:a0:3a,12908,-32,7740,58.32,35.71,37,451434,451941
[Recv] <<< 23:c9:cc:4b:a0:3a,12909,-32,7741,58.32,35.71,28,451462,451969
[Recv] <<< 23:c9:cc:4b:a0:3a,12911,-32,7742,58.32,35.71,66,451528,452035
[Recv] <<< 23:c9:cc:4b:a0:3a,12912,-32,7743,58.32,35.71,35,451563,452070
[Recv] <<< 23:c9:cc:4b:a0:3a,12916,-32,7744,58.33,35.71,139,451702,452209
[Recv] <<< 23:c9:cc:4b:a0:3a,12917,-32,7745,58.33,35.71,30,451732,452239
[Recv] <<< 23:c9:cc:4b:a0:3a,12918,-32,7746,58.32,35.71,35,451767,452274
[Recv] <<< 23:c9:cc:4b:a0:3a,12919,-35,7747,58.32,35.71,39,451806,452313
[Recv] <<< 23:c9:cc:4b:a0:3a,12920,-35,7748,58.32,35.71,37,451843,452350
[Recv] <<< 23:c9:cc:4b:a0:3a,12921,-36,7749,58.31,35.71,27,451870,452377
[Recv] <<< 23:c9:cc:4b:a0:3a,12922,-36,7750,58.31,35.71,43,451913,452420
[Recv] <<< 23:c9:cc:4b:a0:3a,12923,-36,7751,58.31,35.71,34,451947,452454
[Recv] <<< 23:c9:cc:4b:a0:3a,12924,-36,7752,58.31,35.71,39,451986,452493
[Recv] <<< 23:c9:cc:4b:a0:3a,12928,-36,7753,58.32,35.71,131,452117,452624
[Recv] <<< 23:c9:cc:4b:a0:3a,12930,-41,7754,58.32,35.71,75,452192,452699
[Recv] <<< 23:c9:cc:4b:a0:3a,12931,-41,7755,58.31,35.71,36,452228,452735
[Recv] <<< 23:c9:cc:4b:a0:3a,12932,-41,7756,58.31,35.71,29,452257,452764
[Recv] <<< 23:c9:cc:4b:a0:3a,12933,-41,7757,58.31,35.71,33,452290,452797
[Recv] <<< 23:c9:cc:4b:a0:3a,12934,-45,7758,58.30,35.71,38,452328,452835
[Recv] <<< 23:c9:cc:4b:a0:3a,12935,-32,7759,58.30,35.71,33,452361,452868
[Recv] <<< 23:c9:cc:4b:a0:3a,12936,-32,7760,58.30,35.71,31,452392,452899
[Recv] <<< 23:c9:cc:4b:a0:3a,12937,-33,7761,58.29,35.71,34,452426,452933
[Recv] <<< 23:c9:cc:4b:a0:3a,12938,-35,7762,58.29,35.71,46,452472,452979
[Recv] <<< 23:c9:cc:4b:a0:3a,12939,-35,7763,58.29,35.71,37,452509,453016
[Recv] <<< 23:c9:cc:4b:a0:3a,12940,-36,7764,58.29,35.71,34,452543,453050
[Recv] <<< 23:c9:cc:4b:a0:3a,12941,-36,7765,58.28,35.71,31,452574,453081
[Recv] <<< 23:c9:cc:4b:a0:3a,12942,-36,7766,58.28,35.71,33,452607,453114
[Recv] <<< 23:c9:cc:4b:a0:3a,12943,-36,7767,58.28,35.71,38,452645,453152
[Recv] <<< 23:c9:cc:4b:a0:3a,12944,-36,7768,58.27,35.71,33,452678,453185
[Recv] <<< 23:c9:cc:4b:a0:3a,12945,-36,7769,58.27,35.71,31,452709,453216
[Recv] <<< 23:c9:cc:4b:a0:3a,12946,-36,7770,58.27,35.71,43,452752,453259
[Recv] <<< 23:c9:cc:4b:a0:3a,12949,-36,7771,58.27,35.71,102,452854,453361
[Recv] <<< 23:c9:cc:4b:a0:3a,12950,-47,7772,58.27,35.71,45,452899,453406
[Recv] <<< 23:c9:cc:4b:a0:3a,12952,-36,7773,58.27,35.71,58,452957,453464
[Recv] <<< 23:c9:cc:4b:a0:3a,12953,-35,7774,58.27,35.71,37,452994,453501
[Recv] <<< 23:c9:cc:4b:a0:3a,12956,-35,7775,58.28,35.71,101,453095,453602
[Recv] <<< 23:c9:cc:4b:a0:3a,12958,-41,7776,58.28,35.71,70,453165,453672
[Recv] <<< 23:c9:cc:4b:a0:3a,12960,-42,7777,58.28,35.71,75,453240,453747
[Recv] <<< 23:c9:cc:4b:a0:3a,12962,-32,7778,58.28,35.71,79,453319,453826
[Recv] <<< 23:c9:cc:4b:a0:3a,12963,-32,7779,58.28,35.71,37,453356,453863
[Recv] <<< 23:c9:cc:4b:a0:3a,12972,-44,7780,58.31,35.71,296,453652,454159
[Recv] <<< 23:c9:cc:4b:a0:3a,12974,-38,7781,58.31,35.71,62,453714,454221
[Recv] <<< 23:c9:cc:4b:a0:3a,12975,-36,7782,58.31,35.71,33,453747,454254
[Recv] <<< 23:c9:cc:4b:a0:3a,12981,-32,7783,58.33,35.70,205,453952,454459
[Recv] <<< 23:c9:cc:4b:a0:3a,12982,-32,7784,58.32,35.70,33,453985,454492
[Recv] <<< 23:c9:cc:4b:a0:3a,12983,-32,7785,58.32,35.70,35,454020,454527
[Recv] <<< 23:c9:cc:4b:a0:3a,12984,-32,7786,58.32,35.70,34,454054,454561
[Recv] <<< 23:c9:cc:4b:a0:3a,12986,-41,7787,58.32,35.70,62,454116,454623
[Recv] <<< 23:c9:cc:4b:a0:3a,12987,-32,7788,58.32,35.70,45,454161,454668
[Recv] <<< 23:c9:cc:4b:a0:3a,12988,-32,7789,58.31,35.70,38,454199,454706
[Recv] <<< 23:c9:cc:4b:a0:3a,12989,-32,7790,58.31,35.70,35,454234,454741
[Recv] <<< 23:c9:cc:4b:a0:3a,12990,-32,7791,58.31,35.70,30,454264,454771
[Recv] <<< 23:c9:cc:4b:a0:3a,12991,-32,7792,58.30,35.70,31,454295,454802
[Recv] <<< 23:c9:cc:4b:a0:3a,12992,-32,7793,58.30,35.70,37,454332,454839
[Recv] <<< 23:c9:cc:4b:a0:3a,12994,-41,7794,58.30,35.70,63,454395,454902
[Recv] <<< 23:c9:cc:4b:a0:3a,12995,-41,7795,58.30,35.70,24,454419,454926
[Recv] <<< 23:c9:cc:4b:a0:3a,12996,-44,7796,58.29,35.70,33,454452,454959
[Recv] <<< 23:c9:cc:4b:a0:3a,12997,-45,7797,58.29,35.70,40,454492,454999
[Recv] <<< 23:c9:cc:4b:a0:3a,12998,-45,7798,58.29,35.70,30,454522,455029
[Recv] <<< 23:c9:cc:4b:a0:3a,12999,-41,7799,58.28,35.70,39,454561,455068
[Recv] <<< 23:c9:cc:4b:a0:3a,13000,-41,7800,58.28,35.70,33,454594,455101
[Recv] <<< 23:c9:cc:4b:a0:3a,13001,-42,7801,58.28,35.70,31,454625,455132
[Recv] <<< 23:c9:cc:4b:a0:3a,13002,-39,7802,58.28,35.70,37,454662,455169
[Recv] <<< 23:c9:cc:4b:a0:3a,13003,-36,7803,58.27,35.70,27,454689,455196
[Recv] <<< 23:c9:cc:4b:a0:3a,13004,-36,7804,58.27,35.70,32,454721,455228
[Recv] <<< 23:c9:cc:4b:a0:3a,13005,-32,7805,58.26,35.70,32,454753,455260
[Recv] <<< 23:c9:cc:4b:a0:3a,13006,-32,7806,58.26,35.70,36,454789,455296
[Recv] <<< 23:c9:cc:4b:a0:3a,13007,-32,7807,58.26,35.70,27,454816,455323
[Recv] <<< 23:c9:cc:4b:a0:3a,13008,-32,7808,58.25,35.70,38,454854,455361
[Recv] <<< 23:c9:cc:4b:a0:3a,13009,-36,7809,58.25,35.70,40,454894,455401
[Recv] <<< 23:c9:cc:4b:a0:3a,13012,-36,7810,58.26,35.70,112,455006,455513
[Recv] <<< 23:c9:cc:4b:a0:3a,13013,-36,7811,58.26,35.70,32,455038,455545
[Recv] <<< 23:c9:cc:4b:a0:3a,13014,-35,7812,58.25,35.70,35,455073,455580
[Recv] <<< 23:c9:cc:4b:a0:3a,13015,-33,7813,58.25,35.70,33,455106,455613
[Recv] <<< 23:c9:cc:4b:a0:3a,13016,-35,7814,58.25,35.70,33,455139,455646
[Recv] <<< 23:c9:cc:4b:a0:3a,13018,-33,7815,58.25,35.70,71,455210,455717
[Recv] <<< 23:c9:cc:4b:a0:3a,13019,-36,7816,58.25,35.70,33,455243,455750
[Recv] <<< 23:c9:cc:4b:a0:3a,13020,-36,7817,58.24,35.70,35,455278,455785
[Recv] <<< 23:c9:cc:4b:a0:3a,13021,-35,7818,58.24,35.70,29,455307,455814
[Recv] <<< 23:c9:cc:4b:a0:3a,13022,-36,7819,58.24,35.70,37,455344,455851
[Recv] <<< 23:c9:cc:4b:a0:3a,13023,-36,7820,58.23,35.70,33,455377,455884
[Recv] <<< 23:c9:cc:4b:a0:3a,13024,-36,7821,58.23,35.70,40,455417,455924
[Recv] <<< 23:c9:cc:4b:a0:3a,13025,-35,7822,58.23,35.70,31,455448,455955
[Recv] <<< 23:c9:cc:4b:a0:3a,13026,-38,7823,58.22,35.70,40,455488,455995
[Recv] <<< 23:c9:cc:4b:a0:3a,13027,-35,7824,58.22,35.70,36,455524,456031
[Recv] <<< 23:c9:cc:4b:a0:3a,13028,-41,7825,58.22,35.70,39,455563,456070
[Recv] <<< 23:c9:cc:4b:a0:3a,13029,-41,7826,58.22,35.70,32,455595,456102
[Recv] <<< 23:c9:cc:4b:a0:3a,13030,-41,7827,58.21,35.70,35,455630,456137
[Recv] <<< 23:c9:cc:4b:a0:3a,13031,-35,7828,58.21,35.70,28,455658,456165
[Recv] <<< 23:c9:cc:4b:a0:3a,13032,-35,7829,58.21,35.70,31,455689,456196
[Recv] <<< 23:c9:cc:4b:a0:3a,13033,-35,7830,58.20,35.70,33,455722,456229
[Recv] <<< 23:c9:cc:4b:a0:3a,13034,-36,7831,58.20,35.70,35,455757,456264
[Recv] <<< 23:c9:cc:4b:a0:3a,13035,-35,7832,58.20,35.70,32,455789,456296
[Recv] <<< 23:c9:cc:4b:a0:3a,13036,-33,7833,58.19,35.70,31,455820,456327
[Recv] <<< 23:c9:cc:4b:a0:3a,13041,-35,7834,58.21,35.70,180,456000,456507
[Recv] <<< 23:c9:cc:4b:a0:3a,13045,-32,7835,58.22,35.70,131,456131,456638
[Recv] <<< 23:c9:cc:4b:a0:3a,13046,-35,7836,58.21,35.70,37,456168,456675
[Recv] <<< 23:c9:cc:4b:a0:3a,13047,-35,7837,58.21,35.70,45,456213,456720
[Recv] <<< 23:c9:cc:4b:a0:3a,13048,-35,7838,58.21,35.70,36,456249,456756
[Recv] <<< 23:c9:cc:4b:a0:3a,13050,-32,7839,58.21,35.70,60,456309,456816
[Recv] <<< 23:c9:cc:4b:a0:3a,13051,-32,7840,58.21,35.70,30,456339,456846
[Recv] <<< 23:c9:cc:4b:a0:3a,13052,-32,7841,58.20,35.70,31,456370,456877
[Recv] <<< 23:c9:cc:4b:a0:3a,13053,-32,7842,58.20,35.70,39,456409,456916
[Recv] <<< 23:c9:cc:4b:a0:3a,13055,-32,7843,58.20,35.70,65,456474,456981
[Recv] <<< 23:c9:cc:4b:a0:3a,13056,-32,7844,58.20,35.70,42,456516,457023
[Recv] <<< 23:c9:cc:4b:a0:3a,13057,-36,7845,58.20,35.70,40,456556,457063
[Recv] <<< 23:c9:cc:4b:a0:3a,13059,-32,7846,58.20,35.70,56,456612,457119
[Recv] <<< 23:c9:cc:4b:a0:3a,13060,-32,7847,58.19,35.70,35,456647,457154
[Recv] <<< 23:c9:cc:4b:a0:3a,13061,-32,7848,58.19,35.69,31,456678,457185
[Recv] <<< 23:c9:cc:4b:a0:3a,13062,-32,7849,58.19,35.69,32,456710,457217
[Recv] <<< 23:c9:cc:4b:a0:3a,13063,-32,7850,58.18,35.69,33,456743,457250
[Recv] <<< 23:c9:cc:4b:a0:3a,13065,-32,7851,58.18,35.69,62,456805,457312
[Recv] <<< 23:c9:cc:4b:a0:3a,13067,-41,7852,58.19,35.69,68,456873,457380
[Recv] <<< 23:c9:cc:4b:a0:3a,13068,-41,7853,58.18,35.69,35,456908,457415
[Recv] <<< 23:c9:cc:4b:a0:3a,13069,-41,7854,58.18,35.69,30,456938,457445
[Recv] <<< 23:c9:cc:4b:a0:3a,13070,-41,7855,58.18,35.69,36,456974,457481
[Recv] <<< 23:c9:cc:4b:a0:3a,13071,-35,7856,58.17,35.69,27,457001,457508
[Recv] <<< 23:c9:cc:4b:a0:3a,13072,-47,7857,58.17,35.69,41,457042,457549
[Recv] <<< 23:c9:cc:4b:a0:3a,13073,-41,7858,58.17,35.69,40,457082,457589
[Recv] <<< 23:c9:cc:4b:a0:3a,13074,-45,7859,58.16,35.69,31,457113,457620
[Recv] <<< 23:c9:cc:4b:a0:3a,13075,-41,7860,58.16,35.69,29,457142,457649
[Recv] <<< 23:c9:cc:4b:a0:3a,13077,-41,7861,58.16,35.69,73,457215,457722
[Recv] <<< 23:c9:cc:4b:a0:3a,13078,-41,7862,58.16,35.69,36,457251,457758
[Recv] <<< 23:c9:cc:4b:a0:3a,13079,-45,7863,58.16,35.69,28,457279,457786
[Recv] <<< 23:c9:cc:4b:a0:3a,13080,-45,7864,58.15,35.69,35,457314,457821
[Recv] <<< 23:c9:cc:4b:a0:3a,13081,-43,7865,58.15,35.69,36,457350,457857
[Recv] <<< 23:c9:cc:4b:a0:3a,13082,-32,7866,58.15,35.69,42,457392,457899
[Recv] <<< 23:c9:cc:4b:a0:3a,13084,-32,7867,58.15,35.69,72,457464,457971
[Recv] <<< 23:c9:cc:4b:a0:3a,13085,-32,7868,58.15,35.69,28,457492,457999
[Recv] <<< 23:c9:cc:4b:a0:3a,13086,-32,7869,58.14,35.69,36,457528,458035
[Recv] <<< 23:c9:cc:4b:a0:3a,13087,-46,7870,58.14,35.69,30,457558,458065
[Recv] <<< 23:c9:cc:4b:a0:3a,13088,-41,7871,58.14,35.69,39,457597,458104
[Recv] <<< 23:c9:cc:4b:a0:3a,13089,-41,7872,58.13,35.69,30,457627,458134
[Recv] <<< 23:c9:cc:4b:a0:3a,13096,-32,7873,58.15,35.69,224,457851,458358
[Recv] <<< 23:c9:cc:4b:a0:3a,13097,-32,7874,58.15,35.69,28,457879,458386
[Recv] <<< 23:c9:cc:4b:a0:3a,13098,-32,7875,58.15,35.69,36,457915,458422
[Recv] <<< 23:c9:cc:4b:a0:3a,13099,-32,7876,58.14,35.69,32,457947,458454
[Recv] <<< 23:c9:cc:4b:a0:3a,13100,-32,7877,58.14,35.69,33,457980,458487
[Recv] <<< 23:c9:cc:4b:a0:3a,13101,-32,7878,58.14,35.69,32,458012,458519
[Recv] <<< 23:c9:cc:4b:a0:3a,13102,-32,7879,58.13,35.69,33,458045,458552
[Recv] <<< 23:c9:cc:4b:a0:3a,13103,-32,7880,58.13,35.69,38,458083,458590
[Recv] <<< 23:c9:cc:4b:a0:3a,13104,-32,7881,58.13,35.69,32,458115,458622
[Recv] <<< 23:c9:cc:4b:a0:3a,13105,-32,7882,58.13,35.69,44,458159,458666
[Recv] <<< 23:c9:cc:4b:a0:3a,13107,-32,7883,58.13,35.69,59,458218,458725
[Recv] <<< 23:c9:cc:4b:a0:3a,13108,-32,7884,58.12,35.69,33,458251,458758
[Recv] <<< 23:c9:cc:4b:a0:3a,13109,-32,7885,58.12,35.69,29,458280,458787
[Recv] <<< 23:c9:cc:4b:a0:3a,13110,-32,7886,58.12,35.69,35,458315,458822
[Recv] <<< 23:c9:cc:4b:a0:3a,13113,-32,7887,58.12,35.69,108,458423,458930
[Recv] <<< 23:c9:cc:4b:a0:3a,13116,-41,7888,58.13,35.69,96,458519,459026
[Recv] <<< 23:c9:cc:4b:a0:3a,13117,-41,7889,58.13,35.68,30,458549,459056
[Recv] <<< 23:c9:cc:4b:a0:3a,13118,-38,7890,58.12,35.68,30,458579,459086
[Recv] <<< 23:c9:cc:4b:a0:3a,13119,-41,7891,58.12,35.69,47,458626,459133
[Recv] <<< 23:c9:cc:4b:a0:3a,13120,-47,7892,58.12,35.68,30,458656,459163
[Recv] <<< 23:c9:cc:4b:a0:3a,13121,-46,7893,58.11,35.68,28,458684,459191
[Recv] <<< 23:c9:cc:4b:a0:3a,13123,-36,7894,58.11,35.68,73,458757,459264
[Recv] <<< 23:c9:cc:4b:a0:3a,13125,-32,7895,58.11,35.68,56,458813,459320
[Recv] <<< 23:c9:cc:4b:a0:3a,13126,-36,7896,58.11,35.68,39,458852,459359
[Recv] <<< 23:c9:cc:4b:a0:3a,13127,-36,7897,58.11,35.68,37,458889,459396
[Recv] <<< 23:c9:cc:4b:a0:3a,13128,-32,7898,58.10,35.68,24,458913,459420
[Recv] <<< 23:c9:cc:4b:a0:3a,13129,-35,7899,58.10,35.68,47,458960,459467
[Recv] <<< 23:c9:cc:4b:a0:3a,13131,-35,7900,58.10,35.68,66,459026,459533
[Recv] <<< 23:c9:cc:4b:a0:3a,13132,-36,7901,58.10,35.68,38,459064,459571
[Recv] <<< 23:c9:cc:4b:a0:3a,13133,-32,7902,58.10,35.68,27,459091,459598
[Recv] <<< 23:c9:cc:4b:a0:3a,13135,-32,7903,58.10,35.68,69,459160,459667
[Recv] <<< 23:c9:cc:4b:a0:3a,13136,-32,7904,58.10,35.68,38,459198,459705
[Recv] <<< 23:c9:cc:4b:a0:3a,13138,-32,7905,58.10,35.68,69,459267,459774
[Recv] <<< 23:c9:cc:4b:a0:3a,13141,-32,7906,58.10,35.68,106,459373,459880
[Recv] <<< 23:c9:cc:4b:a0:3a,13142,-32,7907,58.10,35.68,29,459402,459909
[Recv] <<< 23:c9:cc:4b:a0:3a,13144,-38,7908,58.10,35.68,66,459468,459975
[Recv] <<< 23:c9:cc:4b:a0:3a,13145,-41,7909,58.10,35.68,35,459503,460010
[Recv] <<< 23:c9:cc:4b:a0:3a,13146,-45,7910,58.09,35.68,28,459531,460038
[Recv] <<< 23:c9:cc:4b:a0:3a,13147,-41,7911,58.09,35.68,43,459574,460081
[Recv] <<< 23:c9:cc:4b:a0:3a,13148,-41,7912,58.09,35.68,34,459608,460115
[Recv] <<< 23:c9:cc:4b:a0:3a,13149,-36,7913,58.09,35.68,32,459640,460147
[Recv] <<< 23:c9:cc:4b:a0:3a,13150,-36,7914,58.08,35.68,32,459672,460179
[Recv] <<< 23:c9:cc:4b:a0:3a,13167,-43,7915,58.15,35.68,561,460233,460740
[Recv] <<< 23:c9:cc:4b:a0:3a,13168,-41,7916,58.14,35.68,39,460272,460779
[Recv] <<< 23:c9:cc:4b:a0:3a,13169,-41,7917,58.14,35.68,32,460304,460811
[Recv] <<< 23:c9:cc:4b:a0:3a,13170,-41,7918,58.14,35.68,31,460335,460842
[Recv] <<< 23:c9:cc:4b:a0:3a,13171,-41,7919,58.13,35.68,32,460367,460874
[Recv] <<< 23:c9:cc:4b:a0:3a,13173,-42,7920,58.14,35.68,69,460436,460943
[Recv] <<< 23:c9:cc:4b:a0:3a,13174,-36,7921,58.13,35.68,31,460467,460974
[Recv] <<< 23:c9:cc:4b:a0:3a,13175,-36,7922,58.13,35.68,34,460501,461008
[Recv] <<< 23:c9:cc:4b:a0:3a,13176,-36,7923,58.13,35.68,38,460539,461046
[Recv] <<< 23:c9:cc:4b:a0:3a,13177,-35,7924,58.12,35.68,35,460574,461081
[Recv] <<< 23:c9:cc:4b:a0:3a,13178,-37,7925,58.12,35.68,40,460614,461121
[Recv] <<< 23:c9:cc:4b:a0:3a,13180,-32,7926,58.12,35.68,59,460673,461180
[Recv] <<< 23:c9:cc:4b:a0:3a,13181,-32,7927,58.12,35.67,30,460703,461210
[Recv] <<< 23:c9:cc:4b:a0:3a,13182,-32,7928,58.12,35.67,34,460737,461244
[Recv] <<< 23:c9:cc:4b:a0:3a,13184,-41,7929,58.12,35.67,60,460797,461304
[Recv] <<< 23:c9:cc:4b:a0:3a,13185,-32,7930,58.11,35.67,46,460843,461350
[Recv] <<< 23:c9:cc:4b:a0:3a,13187,-36,7931,58.12,35.68,86,460929,461436
[Recv] <<< 23:c9:cc:4b:a0:3a,13188,-35,7932,58.11,35.68,36,460965,461472
[Recv] <<< 23:c9:cc:4b:a0:3a,13189,-36,7933,58.11,35.68,30,460995,461502
[Recv] <<< 23:c9:cc:4b:a0:3a,13191,-38,7934,58.11,35.67,66,461061,461568
[Recv] <<< 23:c9:cc:4b:a0:3a,13192,-32,7935,58.11,35.67,37,461098,461605
[Recv] <<< 23:c9:cc:4b:a0:3a,13193,-32,7936,58.11,35.67,28,461126,461633
[Recv] <<< 23:c9:cc:4b:a0:3a,13194,-32,7937,58.10,35.67,32,461158,461665
[Recv] <<< 23:c9:cc:4b:a0:3a,13195,-32,7938,58.10,35.67,35,461193,461700
[Recv] <<< 23:c9:cc:4b:a0:3a,13196,-32,7939,58.10,35.67,36,461229,461736
[Recv] <<< 23:c9:cc:4b:a0:3a,13197,-35,7940,58.09,35.67,35,461264,461771
[Recv] <<< 23:c9:cc:4b:a0:3a,13199,-32,7941,58.10,35.67,69,461333,461840
[Recv] <<< 23:c9:cc:4b:a0:3a,13200,-32,7942,58.09,35.67,35,461368,461875
[Recv] <<< 23:c9:cc:4b:a0:3a,13201,-41,7943,58.09,35.67,24,461392,461899
[Recv] <<< 23:c9:cc:4b:a0:3a,13204,-41,7944,58.09,35.67,113,461505,462012
[Recv] <<< 23:c9:cc:4b:a0:3a,13205,-32,7945,58.09,35.67,46,461551,462058
[Recv] <<< 23:c9:cc:4b:a0:3a,13206,-32,7946,58.09,35.67,32,461583,462090
[Recv] <<< 23:c9:cc:4b:a0:3a,13209,-32,7947,58.10,35.67,102,461685,462192
[Recv] <<< 23:c9:cc:4b:a0:3a,13211,-45,7948,58.10,35.67,71,461756,462263
[Recv] <<< 23:c9:cc:4b:a0:3a,13212,-43,7949,58.09,35.67,31,461787,462294
[Recv] <<< 23:c9:cc:4b:a0:3a,13213,-41,7950,58.09,35.67,35,461822,462329
[Recv] <<< 23:c9:cc:4b:a0:3a,13214,-41,7951,58.09,35.67,35,461857,462364
[Recv] <<< 23:c9:cc:4b:a0:3a,13215,-41,7952,58.09,35.67,37,461894,462401
[Recv] <<< 23:c9:cc:4b:a0:3a,13216,-32,7953,58.08,35.67,37,461931,462438
[Recv] <<< 23:c9:cc:4b:a0:3a,13218,-45,7954,58.08,35.67,68,461999,462506
[Recv] <<< 23:c9:cc:4b:a0:3a,13219,-42,7955,58.08,35.67,33,462032,462539
[Recv] <<< 23:c9:cc:4b:a0:3a,13221,-36,7956,58.08,35.67,61,462093,462600
[Recv] <<< 23:c9:cc:4b:a0:3a,13222,-41,7957,58.08,35.67,32,462125,462632
[Recv] <<< 23:c9:cc:4b:a0:3a,13223,-35,7958,58.08,35.67,36,462161,462668
[Recv] <<< 23:c9:cc:4b:a0:3a,13224,-35,7959,58.07,35.67,36,462197,462704
[Recv] <<< 23:c9:cc:4b:a0:3a,13226,-35,7960,58.07,35.67,65,462262,462769
[Recv] <<< 23:c9:cc:4b:a0:3a,13227,-36,7961,58.07,35.67,31,462293,462800
[Recv] <<< 23:c9:cc:4b:a0:3a,13228,-35,7962,58.07,35.67,29,462322,462829
[Recv] <<< 23:c9:cc:4b:a0:3a,13233,-32,7963,58.08,35.67,177,462499,463006
[Recv] <<< 23:c9:cc:4b:a0:3a,13234,-32,7964,58.08,35.67,32,462531,463038
[Recv] <<< 23:c9:cc:4b:a0:3a,13235,-32,7965,58.08,35.67,41,462572,463079
[Recv] <<< 23:c9:cc:4b:a0:3a,13236,-33,7966,58.07,35.67,27,462599,463106
[Recv] <<< 23:c9:cc:4b:a0:3a,13237,-41,7967,58.07,35.67,36,462635,463142
[Recv] <<< 23:c9:cc:4b:a0:3a,13238,-41,7968,58.06,35.67,25,462660,463167
[Recv] <<< 23:c9:cc:4b:a0:3a,13240,-41,7969,58.07,35.67,61,462721,463228
[Recv] <<< 23:c9:cc:4b:a0:3a,13241,-36,7970,58.06,35.67,36,462757,463264
[Recv] <<< 23:c9:cc:4b:a0:3a,13242,-36,7971,58.06,35.67,38,462795,463302
[Recv] <<< 23:c9:cc:4b:a0:3a,13243,-36,7972,58.06,35.67,36,462831,463338
[Recv] <<< 23:c9:cc:4b:a0:3a,13244,-36,7973,58.05,35.67,29,462860,463367
[Recv] <<< 23:c9:cc:4b:a0:3a,13245,-35,7974,58.05,35.67,30,462890,463397
[Recv] <<< 23:c9:cc:4b:a0:3a,13246,-36,7975,58.05,35.67,37,462927,463434
[Recv] <<< 23:c9:cc:4b:a0:3a,13247,-32,7976,58.04,35.67,25,462952,463459
[Recv] <<< 23:c9:cc:4b:a0:3a,13248,-32,7977,58.04,35.67,28,462980,463487
[Recv] <<< 23:c9:cc:4b:a0:3a,13249,-32,7978,58.04,35.67,38,463018,463525
[Recv] <<< 23:c9:cc:4b:a0:3a,13250,-32,7979,58.03,35.67,32,463050,463557
[Recv] <<< 23:c9:cc:4b:a0:3a,13251,-41,7980,58.03,35.67,33,463083,463590
[Recv] <<< 23:c9:cc:4b:a0:3a,13252,-45,7981,58.03,35.67,29,463112,463619
[Recv] <<< 23:c9:cc:4b:a0:3a,13253,-36,7982,58.02,35.66,27,463139,463646
[Recv] <<< 23:c9:cc:4b:a0:3a,13254,-41,7983,58.02,35.66,39,463178,463685
[Recv] <<< 23:c9:cc:4b:a0:3a,13256,-35,7984,58.02,35.66,71,463249,463756
[Recv] <<< 23:c9:cc:4b:a0:3a,13257,-36,7985,58.02,35.66,36,463285,463792
[Recv] <<< 23:c9:cc:4b:a0:3a,13260,-32,7986,58.02,35.66,99,463384,463891
[Recv] <<< 23:c9:cc:4b:a0:3a,13264,-32,7987,58.03,35.66,136,463520,464027
[Recv] <<< 23:c9:cc:4b:a0:3a,13267,-32,7988,58.04,35.66,100,463620,464127
[Recv] <<< 23:c9:cc:4b:a0:3a,13268,-32,7989,58.04,35.66,35,463655,464162
[Recv] <<< 23:c9:cc:4b:a0:3a,13270,-41,7990,58.04,35.66,65,463720,464227
[Recv] <<< 23:c9:cc:4b:a0:3a,13271,-43,7991,58.03,35.66,27,463747,464254
[Recv] <<< 23:c9:cc:4b:a0:3a,13272,-36,7992,58.03,35.66,33,463780,464287
[Recv] <<< 23:c9:cc:4b:a0:3a,13273,-38,7993,58.03,35.66,28,463808,464315
[Recv] <<< 23:c9:cc:4b:a0:3a,13275,-32,7994,58.03,35.66,66,463874,464381
[Recv] <<< 23:c9:cc:4b:a0:3a,13276,-32,7995,58.03,35.66,39,463913,464420
[Recv] <<< 23:c9:cc:4b:a0:3a,13277,-32,7996,58.02,35.66,35,463948,464455
[Recv] <<< 23:c9:cc:4b:a0:3a,13278,-32,7997,58.02,35.66,31,463979,464486
[Recv] <<< 23:c9:cc:4b:a0:3a,13279,-32,7998,58.02,35.66,33,464012,464519
[Recv] <<< 23:c9:cc:4b:a0:3a,13280,-32,7999,58.01,35.66,37,464049,464556
[Recv] <<< 23:c9:cc:4b:a0:3a,13282,-32,8000,58.01,35.66,60,464109,464616
[Recv] <<< 23:c9:cc:4b:a0:3a,13284,-41,8001,58.02,35.66,71,464180,464687
[Recv] <<< 23:c9:cc:4b:a0:3a,13285,-45,8002,58.01,35.66,24,464204,464711
[Recv] <<< 23:c9:cc:4b:a0:3a,13286,-43,8003,58.01,35.66,38,464242,464749
[Recv] <<< 23:c9:cc:4b:a0:3a,13287,-41,8004,58.01,35.66,37,464279,464786
[Recv] <<< 23:c9:cc:4b:a0:3a,13288,-41,8005,58.00,35.66,31,464310,464817
[Recv] <<< 23:c9:cc:4b:a0:3a,13289,-41,8006,58.00,35.66,30,464340,464847
[Recv] <<< 23:c9:cc:4b:a0:3a,13291,-41,8007,58.00,35.66,72,464412,464919
[Recv] <<< 23:c9:cc:4b:a0:3a,13292,-45,8008,58.00,35.66,35,464447,464954
[Recv] <<< 23:c9:cc:4b:a0:3a,13294,-42,8009,58.00,35.66,74,464521,465028
[Recv] <<< 23:c9:cc:4b:a0:3a,13295,-41,8010,58.00,35.66,28,464549,465056
[Recv] <<< 23:c9:cc:4b:a0:3a,13296,-41,8011,57.99,35.66,38,464587,465094
[Recv] <<< 23:c9:cc:4b:a0:3a,13297,-35,8012,57.99,35.66,28,464615,465122
[Recv] <<< 23:c9:cc:4b:a0:3a,13299,-35,8013,57.99,35.66,68,464683,465190
[Recv] <<< 23:c9:cc:4b:a0:3a,13301,-32,8014,57.99,35.66,62,464745,465252
[Recv] <<< 23:c9:cc:4b:a0:3a,13302,-33,8015,57.99,35.66,44,464789,465296
[Recv] <<< 23:c9:cc:4b:a0:3a,13303,-35,8016,57.99,35.66,40,464829,465336
[Recv] <<< 23:c9:cc:4b:a0:3a,13304,-36,8017,57.98,35.66,32,464861,465368
[Recv] <<< 23:c9:cc:4b:a0:3a,13305,-36,8018,57.98,35.66,34,464895,465402
[Recv] <<< 23:c9:cc:4b:a0:3a,13307,-35,8019,57.98,35.66,70,464965,465472
[Recv] <<< 23:c9:cc:4b:a0:3a,13308,-36,8020,57.98,35.66,29,464994,465501
[Recv] <<< 23:c9:cc:4b:a0:3a,13309,-36,8021,57.98,35.66,37,465031,465538
[Recv] <<< 23:c9:cc:4b:a0:3a,13310,-36,8022,57.97,35.66,36,465067,465574
[Recv] <<< 23:c9:cc:4b:a0:3a,13318,-41,8023,58.00,35.65,262,465329,465836
[Recv] <<< 23:c9:cc:4b:a0:3a,13319,-41,8024,58.00,35.65,35,465364,465871
[Recv] <<< 23:c9:cc:4b:a0:3a,13320,-45,8025,57.99,35.65,30,465394,465901
[Recv] <<< 23:c9:cc:4b:a0:3a,13321,-41,8026,57.99,35.65,41,465435,465942
[Recv] <<< 23:c9:cc:4b:a0:3a,13323,-41,8027,57.99,35.66,77,465512,466019
[Recv] <<< 23:c9:cc:4b:a0:3a,13324,-32,8028,57.99,35.65,33,465545,466052
[Recv] <<< 23:c9:cc:4b:a0:3a,13332,-45,8029,58.02,35.65,278,465823,466330
[Recv] <<< 23:c9:cc:4b:a0:3a,13349,-32,8030,58.08,35.65,569,466392,466899
[Recv] <<< 23:c9:cc:4b:a0:3a,13350,-32,8031,58.08,35.65,37,466429,466936
[Recv] <<< 23:c9:cc:4b:a0:3a,13351,-32,8032,58.08,35.65,30,466459,466966
[Recv] <<< 23:c9:cc:4b:a0:3a,13358,-32,8033,58.10,35.65,239,466698,467205
[Recv] <<< 23:c9:cc:4b:a0:3a,13359,-33,8034,58.10,35.65,41,466739,467246
[Recv] <<< 23:c9:cc:4b:a0:3a,13360,-32,8035,58.09,35.65,33,466772,467279
[Recv] <<< 23:c9:cc:4b:a0:3a,13361,-32,8036,58.09,35.65,36,466808,467315
[Recv] <<< 23:c9:cc:4b:a0:3a,13362,-32,8037,58.09,35.65,31,466839,467346
[Recv] <<< 23:c9:cc:4b:a0:3a,13364,-41,8038,58.09,35.65,60,466899,467406
[Recv] <<< 23:c9:cc:4b:a0:3a,13366,-46,8039,58.09,35.65,69,466968,467475
[Recv] <<< 23:c9:cc:4b:a0:3a,13367,-41,8040,58.08,35.65,32,467000,467507
[Recv] <<< 23:c9:cc:4b:a0:3a,13368,-41,8041,58.08,35.65,35,467035,467542
[Recv] <<< 23:c9:cc:4b:a0:3a,13369,-32,8042,58.08,35.65,37,467072,467579
[Recv] <<< 23:c9:cc:4b:a0:3a,13370,-32,8043,58.08,35.65,45,467117,467624
[Recv] <<< 23:c9:cc:4b:a0:3a,13371,-32,8044,58.07,35.65,30,467147,467654
[Recv] <<< 23:c9:cc:4b:a0:3a,13372,-32,8045,58.07,35.65,34,467181,467688
[Recv] <<< 23:c9:cc:4b:a0:3a,13373,-32,8046,58.07,35.65,32,467213,467720
[Recv] <<< 23:c9:cc:4b:a0:3a,13374,-42,8047,58.06,35.65,34,467247,467754
[Recv] <<< 23:c9:cc:4b:a0:3a,13376,-32,8048,58.07,35.65,73,467320,467827
[Recv] <<< 23:c9:cc:4b:a0:3a,13377,-45,8049,58.06,35.65,29,467349,467856
[Recv] <<< 23:c9:cc:4b:a0:3a,13378,-41,8050,58.06,35.65,35,467384,467891
[Recv] <<< 23:c9:cc:4b:a0:3a,13380,-41,8051,58.06,35.65,57,467441,467948
[Recv] <<< 23:c9:cc:4b:a0:3a,13388,-36,8052,58.09,35.65,270,467711,468218
[Recv] <<< 23:c9:cc:4b:a0:3a,13389,-36,8053,58.08,35.65,35,467746,468253
[Recv] <<< 23:c9:cc:4b:a0:3a,13390,-36,8054,58.08,35.65,27,467773,468280
[Recv] <<< 23:c9:cc:4b:a0:3a,13391,-38,8055,58.08,35.65,38,467811,468318
[Recv] <<< 23:c9:cc:4b:a0:3a,13394,-32,8056,58.08,35.64,98,467909,468416
[Recv] <<< 23:c9:cc:4b:a0:3a,13417,-36,8057,58.17,35.64,784,468693,469200
[Recv] <<< 23:c9:cc:4b:a0:3a,13418,-35,8058,58.17,35.64,38,468731,469238
[Recv] <<< 23:c9:cc:4b:a0:3a,13419,-35,8059,58.17,35.64,34,468765,469272
[Recv] <<< 23:c9:cc:4b:a0:3a,13420,-36,8060,58.16,35.64,26,468791,469298
[Recv] <<< 23:c9:cc:4b:a0:3a,13421,-32,8061,58.16,35.64,31,468822,469329
[Recv] <<< 23:c9:cc:4b:a0:3a,13422,-32,8062,58.16,35.64,30,468852,469359
[Recv] <<< 23:c9:cc:4b:a0:3a,13423,-32,8063,58.15,35.64,37,468889,469396
[Recv] <<< 23:c9:cc:4b:a0:3a,13424,-41,8064,58.15,35.64,26,468915,469422
[Recv] <<< 23:c9:cc:4b:a0:3a,13426,-41,8065,58.15,35.64,71,468986,469493
[Recv] <<< 23:c9:cc:4b:a0:3a,13427,-42,8066,58.15,35.64,41,469027,469534
[Recv] <<< 23:c9:cc:4b:a0:3a,13428,-32,8067,58.15,35.64,39,469066,469573
[Recv] <<< 23:c9:cc:4b:a0:3a,13429,-32,8068,58.14,35.64,30,469096,469603
[Recv] <<< 23:c9:cc:4b:a0:3a,13431,-41,8069,58.14,35.64,68,469164,469671
[Recv] <<< 23:c9:cc:4b:a0:3a,13437,-32,8070,58.16,35.64,215,469379,469886
[Recv] <<< 23:c9:cc:4b:a0:3a,13438,-33,8071,58.16,35.64,33,469412,469919
[Recv] <<< 23:c9:cc:4b:a0:3a,13441,-32,8072,58.17,35.64,107,469519,470026
[Recv] <<< 23:c9:cc:4b:a0:3a,13442,-36,8073,58.16,35.64,46,469565,470072
[Recv] <<< 23:c9:cc:4b:a0:3a,13443,-32,8074,58.16,35.64,27,469592,470099
[Recv] <<< 23:c9:cc:4b:a0:3a,13444,-32,8075,58.16,35.64,33,469625,470132
[Recv] <<< 23:c9:cc:4b:a0:3a,13445,-32,8076,58.15,35.64,29,469654,470161
[Recv] <<< 23:c9:cc:4b:a0:3a,13447,-32,8077,58.16,35.64,73,469727,470234
[Recv] <<< 23:c9:cc:4b:a0:3a,13448,-32,8078,58.15,35.64,36,469763,470270
[Recv] <<< 23:c9:cc:4b:a0:3a,13449,-32,8079,58.15,35.64,32,469795,470302
[Recv] <<< 23:c9:cc:4b:a0:3a,13450,-32,8080,58.15,35.64,34,469829,470336
[Recv] <<< 23:c9:cc:4b:a0:3a,13451,-32,8081,58.15,35.64,42,469871,470378
[Recv] <<< 23:c9:cc:4b:a0:3a,13452,-32,8082,58.14,35.64,30,469901,470408
[Recv] <<< 23:c9:cc:4b:a0:3a,13453,-32,8083,58.14,35.64,34,469935,470442
[Recv] <<< 23:c9:cc:4b:a0:3a,13454,-36,8084,58.14,35.64,40,469975,470482
[Recv] <<< 23:c9:cc:4b:a0:3a,13455,-36,8085,58.13,35.64,36,470011,470518
[Recv] <<< 23:c9:cc:4b:a0:3a,13456,-35,8086,58.13,35.64,40,470051,470558
[Recv] <<< 23:c9:cc:4b:a0:3a,13458,-35,8087,58.13,35.64,70,470121,470628
[Recv] <<< 23:c9:cc:4b:a0:3a,13459,-36,8088,58.13,35.64,28,470149,470656
[Recv] <<< 23:c9:cc:4b:a0:3a,13460,-36,8089,58.13,35.64,41,470190,470697
[Recv] <<< 23:c9:cc:4b:a0:3a,13462,-38,8090,58.13,35.64,72,470262,470769
[Recv] <<< 23:c9:cc:4b:a0:3a,13463,-38,8091,58.12,35.64,26,470288,470795
[Recv] <<< 23:c9:cc:4b:a0:3a,13465,-36,8092,58.13,35.64,77,470365,470872
[Recv] <<< 23:c9:cc:4b:a0:3a,13466,-35,8093,58.12,35.64,29,470394,470901
[Recv] <<< 23:c9:cc:4b:a0:3a,13468,-41,8094,58.13,35.64,74,470468,470975
[Recv] <<< 23:c9:cc:4b:a0:3a,13470,-43,8095,58.13,35.64,61,470529,471036
[Recv] <<< 23:c9:cc:4b:a0:3a,13472,-38,8096,58.13,35.64,72,470601,471108
[Recv] <<< 23:c9:cc:4b:a0:3a,13473,-35,8097,58.12,35.64,31,470632,471139
[Recv] <<< 23:c9:cc:4b:a0:3a,13476,-32,8098,58.13,35.64,94,470726,471233
[Recv] <<< 23:c9:cc:4b:a0:3a,13477,-32,8099,58.13,35.64,37,470763,471270
[Recv] <<< 23:c9:cc:4b:a0:3a,13478,-32,8100,58.12,35.64,35,470798,471305
[Recv] <<< 23:c9:cc:4b:a0:3a,13479,-33,8101,58.12,35.64,39,470837,471344
[Recv] <<< 23:c9:cc:4b:a0:3a,13489,-41,8102,58.16,35.64,364,471201,471708
[Recv] <<< 23:c9:cc:4b:a0:3a,13490,-41,8103,58.16,35.64,29,471230,471737
[Recv] <<< 23:c9:cc:4b:a0:3a,13491,-41,8104,58.15,35.64,33,471263,471770
[Recv] <<< 23:c9:cc:4b:a0:3a,13492,-41,8105,58.15,35.64,37,471300,471807
[Recv] <<< 23:c9:cc:4b:a0:3a,13493,-32,8106,58.15,35.64,30,471330,471837
[Recv] <<< 23:c9:cc:4b:a0:3a,13494,-32,8107,58.14,35.64,36,471366,471873
[Recv] <<< 23:c9:cc:4b:a0:3a,13495,-36,8108,58.14,35.64,43,471409,471916
[Recv] <<< 23:c9:cc:4b:a0:3a,13496,-35,8109,58.14,35.64,36,471445,471952
[Recv] <<< 23:c9:cc:4b:a0:3a,13497,-38,8110,58.14,35.64,35,471480,471987
[Recv] <<< 23:c9:cc:4b:a0:3a,13499,-45,8111,58.14,35.64,80,471560,472067
[Recv] <<< 23:c9:cc:4b:a0:3a,13501,-45,8112,58.14,35.64,75,471635,472142
[Recv] <<< 23:c9:cc:4b:a0:3a,13502,-43,8113,58.14,35.64,33,471668,472175
[Recv] <<< 23:c9:cc:4b:a0:3a,13503,-43,8114,58.13,35.64,31,471699,472206
[Recv] <<< 23:c9:cc:4b:a0:3a,13504,-41,8115,58.13,35.64,29,471728,472235
[Recv] <<< 23:c9:cc:4b:a0:3a,13506,-32,8116,58.13,35.64,85,471813,472320
[Recv] <<< 23:c9:cc:4b:a0:3a,13507,-32,8117,58.13,35.64,28,471841,472348
[Recv] <<< 23:c9:cc:4b:a0:3a,13508,-32,8118,58.13,35.64,34,471875,472382
[Recv] <<< 23:c9:cc:4b:a0:3a,13509,-32,8119,58.12,35.64,34,471909,472416
[Recv] <<< 23:c9:cc:4b:a0:3a,13510,-32,8120,58.12,35.64,31,471940,472447
[Recv] <<< 23:c9:cc:4b:a0:3a,13511,-32,8121,58.12,35.64,40,471980,472487
[Recv] <<< 23:c9:cc:4b:a0:3a,13512,-32,8122,58.11,35.64,30,472010,472517
[Recv] <<< 23:c9:cc:4b:a0:3a,13513,-41,8123,58.11,35.64,33,472043,472550
[Recv] <<< 23:c9:cc:4b:a0:3a,13514,-41,8124,58.11,35.64,35,472078,472585
[Recv] <<< 23:c9:cc:4b:a0:3a,13515,-32,8125,58.11,35.64,35,472113,472620
[Recv] <<< 23:c9:cc:4b:a0:3a,13516,-32,8126,58.10,35.64,38,472151,472658
[Recv] <<< 23:c9:cc:4b:a0:3a,13517,-32,8127,58.10,35.64,42,472193,472700
[Recv] <<< 23:c9:cc:4b:a0:3a,13519,-32,8128,58.10,35.64,68,472261,472768
[Recv] <<< 23:c9:cc:4b:a0:3a,13520,-32,8129,58.10,35.64,35,472296,472803
[Recv] <<< 23:c9:cc:4b:a0:3a,13521,-32,8130,58.10,35.64,30,472326,472833
[Recv] <<< 23:c9:cc:4b:a0:3a,13522,-32,8131,58.09,35.64,29,472355,472862
[Recv] <<< 23:c9:cc:4b:a0:3a,13523,-32,8132,58.09,35.64,41,472396,472903
[Recv] <<< 23:c9:cc:4b:a0:3a,13524,-32,8133,58.09,35.64,34,472430,472937
[Recv] <<< 23:c9:cc:4b:a0:3a,13525,-32,8134,58.08,35.64,33,472463,472970
[Recv] <<< 23:c9:cc:4b:a0:3a,13529,-42,8135,58.09,35.64,129,472592,473099
[Recv] <<< 23:c9:cc:4b:a0:3a,13530,-42,8136,58.09,35.63,34,472626,473133
[Recv] <<< 23:c9:cc:4b:a0:3a,13538,-41,8137,58.12,35.63,270,472896,473403
[Recv] <<< 23:c9:cc:4b:a0:3a,13539,-41,8138,58.11,35.63,33,472929,473436
[Recv] <<< 23:c9:cc:4b:a0:3a,13540,-46,8139,58.11,35.63,32,472961,473468
[Recv] <<< 23:c9:cc:4b:a0:3a,13541,-41,8140,58.11,35.63,33,472994,473501
[Recv] <<< 23:c9:cc:4b:a0:3a,13542,-45,8141,58.11,35.63,41,473035,473542
[Recv] <<< 23:c9:cc:4b:a0:3a,13544,-41,8142,58.11,35.63,68,473103,473610
[Recv] <<< 23:c9:cc:4b:a0:3a,13545,-41,8143,58.10,35.63,33,473136,473643
[Recv] <<< 23:c9:cc:4b:a0:3a,13547,-45,8144,58.10,35.63,71,473207,473714
[Recv] <<< 23:c9:cc:4b:a0:3a,13550,-42,8145,58.11,35.63,101,473308,473815
[Recv] <<< 23:c9:cc:4b:a0:3a,13551,-36,8146,58.11,35.63,27,473335,473842
[Recv] <<< 23:c9:cc:4b:a0:3a,13553,-41,8147,58.11,35.63,67,473402,473909
[Recv] <<< 23:c9:cc:4b:a0:3a,13556,-41,8148,58.11,35.63,106,473508,474015
[Recv] <<< 23:c9:cc:4b:a0:3a,13557,-41,8149,58.11,35.63,33,473541,474048
[Recv] <<< 23:c9:cc:4b:a0:3a,13558,-33,8150,58.11,35.63,33,473574,474081
[Recv] <<< 23:c9:cc:4b:a0:3a,13559,-36,8151,58.10,35.63,36,473610,474117
[Recv] <<< 23:c9:cc:4b:a0:3a,13561,-41,8152,58.11,35.63,75,473685,474192
[Recv] <<< 23:c9:cc:4b:a0:3a,13563,-32,8153,58.11,35.63,77,473762,474269
[Recv] <<< 23:c9:cc:4b:a0:3a,13564,-32,8154,58.11,35.63,36,473798,474305
[Recv] <<< 23:c9:cc:4b:a0:3a,13565,-32,8155,58.10,35.63,28,473826,474333
[Recv] <<< 23:c9:cc:4b:a0:3a,13566,-45,8156,58.10,35.63,31,473857,474364
[Recv] <<< 23:c9:cc:4b:a0:3a,13568,-32,8157,58.10,35.63,82,473939,474446
[Recv] <<< 23:c9:cc:4b:a0:3a,13569,-32,8158,58.10,35.63,40,473979,474486
[Recv] <<< 23:c9:cc:4b:a0:3a,13570,-32,8159,58.10,35.63,27,474006,474513
[Recv] <<< 23:c9:cc:4b:a0:3a,13572,-32,8160,58.10,35.63,70,474076,474583
[Recv] <<< 23:c9:cc:4b:a0:3a,13573,-32,8161,58.09,35.63,26,474102,474609
[Recv] <<< 23:c9:cc:4b:a0:3a,13574,-41,8162,58.09,35.63,40,474142,474649
[Recv] <<< 23:c9:cc:4b:a0:3a,13576,-32,8163,58.09,35.63,76,474218,474725
[Recv] <<< 23:c9:cc:4b:a0:3a,13577,-32,8164,58.09,35.63,32,474250,474757
[Recv] <<< 23:c9:cc:4b:a0:3a,13578,-32,8165,58.09,35.63,34,474284,474791
[Recv] <<< 23:c9:cc:4b:a0:3a,13579,-32,8166,58.08,35.63,35,474319,474826
[Recv] <<< 23:c9:cc:4b:a0:3a,13580,-32,8167,58.08,35.63,36,474355,474862
[Recv] <<< 23:c9:cc:4b:a0:3a,13581,-32,8168,58.08,35.63,31,474386,474893
[Recv] <<< 23:c9:cc:4b:a0:3a,13582,-32,8169,58.08,35.63,33,474419,474926
[Recv] <<< 23:c9:cc:4b:a0:3a,13584,-32,8170,58.08,35.63,68,474487,474994
[Recv] <<< 23:c9:cc:4b:a0:3a,13585,-32,8171,58.07,35.63,34,474521,475028
[Recv] <<< 23:c9:cc:4b:a0:3a,13587,-41,8172,58.08,35.63,68,474589,475096
[Recv] <<< 23:c9:cc:4b:a0:3a,13588,-45,8173,58.07,35.63,29,474618,475125
[Recv] <<< 23:c9:cc:4b:a0:3a,13589,-41,8174,58.07,35.63,36,474654,475161
[Recv] <<< 23:c9:cc:4b:a0:3a,13590,-32,8175,58.07,35.63,45,474699,475206
[Recv] <<< 23:c9:cc:4b:a0:3a,13591,-32,8176,58.06,35.63,37,474736,475243
[Recv] <<< 23:c9:cc:4b:a0:3a,13593,-41,8177,58.07,35.63,66,474802,475309
[Recv] <<< 23:c9:cc:4b:a0:3a,13594,-42,8178,58.06,35.63,32,474834,475341
[Recv] <<< 23:c9:cc:4b:a0:3a,13595,-45,8179,58.06,35.63,34,474868,475375
[Recv] <<< 23:c9:cc:4b:a0:3a,13596,-41,8180,58.06,35.63,36,474904,475411
[Recv] <<< 23:c9:cc:4b:a0:3a,13597,-41,8181,58.05,35.63,33,474937,475444
[Recv] <<< 23:c9:cc:4b:a0:3a,13598,-45,8182,58.05,35.63,37,474974,475481
[Recv] <<< 23:c9:cc:4b:a0:3a,13599,-41,8183,58.05,35.63,33,475007,475514
[Recv] <<< 23:c9:cc:4b:a0:3a,13600,-45,8184,58.04,35.63,30,475037,475544
[Recv] <<< 23:c9:cc:4b:a0:3a,13601,-45,8185,58.04,35.63,37,475074,475581
[Recv] <<< 23:c9:cc:4b:a0:3a,13604,-38,8186,58.05,35.63,97,475171,475678
[Recv] <<< 23:c9:cc:4b:a0:3a,13605,-35,8187,58.04,35.63,39,475210,475717
[Recv] <<< 23:c9:cc:4b:a0:3a,13606,-36,8188,58.04,35.63,29,475239,475746
[Recv] <<< 23:c9:cc:4b:a0:3a,13607,-35,8189,58.04,35.63,29,475268,475775
[Recv] <<< 23:c9:cc:4b:a0:3a,13608,-36,8190,58.04,35.63,41,475309,475816
[Recv] <<< 23:c9:cc:4b:a0:3a,13609,-35,8191,58.03,35.63,24,475333,475840
[Recv] <<< 23:c9:cc:4b:a0:3a,13610,-36,8192,58.03,35.63,37,475370,475877
[Recv] <<< 23:c9:cc:4b:a0:3a,13611,-35,8193,58.02,35.63,28,475398,475905
[Recv] <<< 23:c9:cc:4b:a0:3a,13612,-36,8194,58.02,35.63,43,475441,475948
[Recv] <<< 23:c9:cc:4b:a0:3a,13613,-35,8195,58.02,35.63,31,475472,475979
[Recv] <<< 23:c9:cc:4b:a0:3a,13614,-35,8196,58.02,35.63,35,475507,476014
[Recv] <<< 23:c9:cc:4b:a0:3a,13615,-35,8197,58.01,35.63,33,475540,476047
[Recv] <<< 23:c9:cc:4b:a0:3a,13616,-36,8198,58.01,35.63,41,475581,476088
[Recv] <<< 23:c9:cc:4b:a0:3a,13617,-32,8199,58.01,35.63,48,475629,476136
[Recv] <<< 23:c9:cc:4b:a0:3a,13618,-32,8200,58.01,35.63,28,475657,476164
[Recv] <<< 23:c9:cc:4b:a0:3a,13621,-41,8201,58.01,35.63,102,475759,476266
[Recv] <<< 23:c9:cc:4b:a0:3a,13622,-41,8202,58.01,35.63,34,475793,476300
[Recv] <<< 23:c9:cc:4b:a0:3a,13625,-45,8203,58.01,35.63,101,475894,476401
[Recv] <<< 23:c9:cc:4b:a0:3a,13626,-36,8204,58.01,35.63,33,475927,476434
[Recv] <<< 23:c9:cc:4b:a0:3a,13627,-35,8205,58.01,35.63,37,475964,476471
[Recv] <<< 23:c9:cc:4b:a0:3a,13629,-36,8206,58.01,35.63,69,476033,476540
[Recv] <<< 23:c9:cc:4b:a0:3a,13630,-35,8207,58.01,35.63,29,476062,476569
[Recv] <<< 23:c9:cc:4b:a0:3a,13631,-36,8208,58.00,35.63,37,476099,476606
[Recv] <<< 23:c9:cc:4b:a0:3a,13632,-38,8209,58.00,35.63,33,476132,476639
[Recv] <<< 23:c9:cc:4b:a0:3a,13633,-36,8210,58.00,35.63,36,476168,476675
[Recv] <<< 23:c9:cc:4b:a0:3a,13634,-36,8211,58.00,35.63,34,476202,476709
[Recv] <<< 23:c9:cc:4b:a0:3a,13636,-32,8212,58.00,35.62,62,476264,476771
[Recv] <<< 23:c9:cc:4b:a0:3a,13637,-32,8213,57.99,35.62,36,476300,476807
[Recv] <<< 23:c9:cc:4b:a0:3a,13638,-32,8214,57.99,35.62,30,476330,476837
[Recv] <<< 23:c9:cc:4b:a0:3a,13641,-45,8215,57.99,35.62,95,476425,476932
[Recv] <<< 23:c9:cc:4b:a0:3a,13642,-41,8216,57.99,35.62,33,476458,476965
[Recv] <<< 23:c9:cc:4b:a0:3a,13643,-41,8217,57.99,35.62,39,476497,477004
[Recv] <<< 23:c9:cc:4b:a0:3a,13644,-41,8218,57.99,35.62,32,476529,477036
[Recv] <<< 23:c9:cc:4b:a0:3a,13645,-41,8219,57.98,35.62,36,476565,477072
[Recv] <<< 23:c9:cc:4b:a0:3a,13646,-46,8220,57.98,35.62,30,476595,477102
[Recv] <<< 23:c9:cc:4b:a0:3a,13648,-41,8221,57.98,35.62,65,476660,477167
[Recv] <<< 23:c9:cc:4b:a0:3a,13651,-41,8222,57.99,35.62,110,476770,477277
[Recv] <<< 23:c9:cc:4b:a0:3a,13652,-41,8223,57.98,35.62,31,476801,477308
[Recv] <<< 23:c9:cc:4b:a0:3a,13653,-32,8224,57.98,35.62,46,476847,477354
[Recv] <<< 23:c9:cc:4b:a0:3a,13656,-32,8225,57.99,35.62,107,476954,477461
[Recv] <<< 23:c9:cc:4b:a0:3a,13657,-32,8226,57.98,35.62,30,476984,477491
[Recv] <<< 23:c9:cc:4b:a0:3a,13658,-32,8227,57.98,35.62,33,477017,477524
[Recv] <<< 23:c9:cc:4b:a0:3a,13663,-32,8228,58.00,35.62,169,477186,477693
[Recv] <<< 23:c9:cc:4b:a0:3a,13665,-41,8229,58.00,35.62,69,477255,477762
[Recv] <<< 23:c9:cc:4b:a0:3a,13666,-41,8230,57.99,35.62,39,477294,477801
[Recv] <<< 23:c9:cc:4b:a0:3a,13671,-36,8231,58.01,35.62,160,477454,477961
[Recv] <<< 23:c9:cc:4b:a0:3a,13672,-41,8232,58.01,35.62,44,477498,478005
[Recv] <<< 23:c9:cc:4b:a0:3a,13673,-41,8233,58.00,35.62,34,477532,478039
[Recv] <<< 23:c9:cc:4b:a0:3a,13674,-41,8234,58.00,35.62,35,477567,478074
[Recv] <<< 23:c9:cc:4b:a0:3a,13676,-41,8235,58.00,35.62,66,477633,478140
[Recv] <<< 23:c9:cc:4b:a0:3a,13678,-41,8236,58.00,35.62,67,477700,478207
[Recv] <<< 23:c9:cc:4b:a0:3a,13679,-41,8237,58.00,35.62,35,477735,478242
[Recv] <<< 23:c9:cc:4b:a0:3a,13681,-36,8238,58.00,35.62,62,477797,478304
[Recv] <<< 23:c9:cc:4b:a0:3a,13682,-35,8239,58.00,35.62,35,477832,478339
[Recv] <<< 23:c9:cc:4b:a0:3a,13684,-41,8240,58.00,35.62,74,477906,478413
[Recv] <<< 23:c9:cc:4b:a0:3a,13685,-35,8241,57.99,35.62,26,477932,478439
[Recv] <<< 23:c9:cc:4b:a0:3a,13686,-36,8242,57.99,35.62,40,477972,478479
[Recv] <<< 23:c9:cc:4b:a0:3a,13690,-35,8243,58.00,35.62,132,478104,478611
[Recv] <<< 23:c9:cc:4b:a0:3a,13691,-37,8244,58.00,35.62,32,478136,478643
[Recv] <<< 23:c9:cc:4b:a0:3a,13692,-35,8245,58.00,35.62,37,478173,478680
[Recv] <<< 23:c9:cc:4b:a0:3a,13693,-36,8246,57.99,35.62,33,478206,478713
[Recv] <<< 23:c9:cc:4b:a0:3a,13694,-36,8247,57.99,35.62,32,478238,478745
[Recv] <<< 23:c9:cc:4b:a0:3a,13695,-36,8248,57.99,35.62,32,478270,478777
[Recv] <<< 23:c9:cc:4b:a0:3a,13696,-36,8249,57.98,35.62,38,478308,478815
[Recv] <<< 23:c9:cc:4b:a0:3a,13697,-32,8250,57.98,35.62,25,478333,478840
[Recv] <<< 23:c9:cc:4b:a0:3a,13698,-32,8251,57.98,35.62,38,478371,478878
[Recv] <<< 23:c9:cc:4b:a0:3a,13699,-32,8252,57.97,35.62,35,478406,478913
[Recv] <<< 23:c9:cc:4b:a0:3a,13701,-41,8253,57.97,35.62,58,478464,478971
[Recv] <<< 23:c9:cc:4b:a0:3a,13702,-41,8254,57.97,35.62,35,478499,479006
[Recv] <<< 23:c9:cc:4b:a0:3a,13703,-36,8255,57.97,35.62,26,478525,479032
[Recv] <<< 23:c9:cc:4b:a0:3a,13704,-35,8256,57.97,35.62,37,478562,479069
[Recv] <<< 23:c9:cc:4b:a0:3a,13706,-41,8257,57.97,35.62,74,478636,479143
[Recv] <<< 23:c9:cc:4b:a0:3a,13707,-45,8258,57.96,35.62,33,478669,479176
[Recv] <<< 23:c9:cc:4b:a0:3a,13708,-41,8259,57.96,35.62,38,478707,479214
[Recv] <<< 23:c9:cc:4b:a0:3a,13709,-41,8260,57.96,35.62,36,478743,479250
[Recv] <<< 23:c9:cc:4b:a0:3a,13710,-41,8261,57.96,35.62,34,478777,479284
[Recv] <<< 23:c9:cc:4b:a0:3a,13711,-41,8262,57.95,35.61,30,478807,479314
[Recv] <<< 23:c9:cc:4b:a0:3a,13712,-41,8263,57.95,35.62,37,478844,479351
[Recv] <<< 23:c9:cc:4b:a0:3a,13713,-45,8264,57.95,35.62,41,478885,479392
[Recv] <<< 23:c9:cc:4b:a0:3a,13715,-41,8265,57.95,35.61,63,478948,479455
[Recv] <<< 23:c9:cc:4b:a0:3a,13724,-32,8266,57.98,35.61,313,479261,479768
[Recv] <<< 23:c9:cc:4b:a0:3a,13725,-32,8267,57.98,35.61,35,479296,479803
[Recv] <<< 23:c9:cc:4b:a0:3a,13726,-32,8268,57.97,35.61,28,479324,479831
[Recv] <<< 23:c9:cc:4b:a0:3a,13727,-32,8269,57.97,35.61,33,479357,479864
[Recv] <<< 23:c9:cc:4b:a0:3a,13728,-32,8270,57.97,35.61,33,479390,479897
[Recv] <<< 23:c9:cc:4b:a0:3a,13729,-35,8271,57.97,35.61,50,479440,479947
[Recv] <<< 23:c9:cc:4b:a0:3a,13730,-41,8272,57.96,35.61,41,479481,479988
[Recv] <<< 23:c9:cc:4b:a0:3a,13731,-41,8273,57.96,35.61,33,479514,480021
[Recv] <<< 23:c9:cc:4b:a0:3a,13732,-41,8274,57.96,35.61,32,479546,480053
[Recv] <<< 23:c9:cc:4b:a0:3a,13733,-41,8275,57.95,35.61,30,479576,480083
[Recv] <<< 23:c9:cc:4b:a0:3a,13734,-32,8276,57.95,35.62,52,479628,480135
[Recv] <<< 23:c9:cc:4b:a0:3a,13735,-32,8277,57.95,35.61,27,479655,480162
[Recv] <<< 23:c9:cc:4b:a0:3a,13736,-32,8278,57.95,35.61,34,479689,480196
[Recv] <<< 23:c9:cc:4b:a0:3a,13737,-32,8279,57.94,35.61,36,479725,480232
[Recv] <<< 23:c9:cc:4b:a0:3a,13738,-35,8280,57.94,35.61,36,479761,480268
[Recv] <<< 23:c9:cc:4b:a0:3a,13739,-32,8281,57.94,35.61,37,479798,480305
[Recv] <<< 23:c9:cc:4b:a0:3a,13740,-32,8282,57.94,35.61,36,479834,480341
[Recv] <<< 23:c9:cc:4b:a0:3a,13741,-36,8283,57.94,35.62,43,479877,480384
[Recv] <<< 23:c9:cc:4b:a0:3a,13742,-32,8284,57.93,35.61,24,479901,480408
[Recv] <<< 23:c9:cc:4b:a0:3a,13743,-32,8285,57.93,35.61,31,479932,480439
[Recv] <<< 23:c9:cc:4b:a0:3a,13747,-32,8286,57.94,35.61,131,480063,480570
[Recv] <<< 23:c9:cc:4b:a0:3a,13748,-32,8287,57.93,35.61,34,480097,480604
[Recv] <<< 23:c9:cc:4b:a0:3a,13749,-32,8288,57.93,35.61,37,480134,480641
[Recv] <<< 23:c9:cc:4b:a0:3a,13750,-32,8289,57.93,35.61,37,480171,480678
[Recv] <<< 23:c9:cc:4b:a0:3a,13751,-38,8290,57.93,35.61,37,480208,480715
[Recv] <<< 23:c9:cc:4b:a0:3a,13753,-32,8291,57.93,35.61,57,480265,480772
[Recv] <<< 23:c9:cc:4b:a0:3a,13754,-32,8292,57.92,35.61,34,480299,480806
[Recv] <<< 23:c9:cc:4b:a0:3a,13755,-33,8293,57.92,35.61,38,480337,480844
[Recv] <<< 23:c9:cc:4b:a0:3a,13756,-32,8294,57.92,35.61,34,480371,480878
[Recv] <<< 23:c9:cc:4b:a0:3a,13757,-32,8295,57.92,35.61,39,480410,480917
[Recv] <<< 23:c9:cc:4b:a0:3a,13758,-32,8296,57.91,35.61,31,480441,480948
[Recv] <<< 23:c9:cc:4b:a0:3a,13759,-32,8297,57.91,35.61,27,480468,480975
[Recv] <<< 23:c9:cc:4b:a0:3a,13760,-42,8298,57.91,35.61,34,480502,481009
[Recv] <<< 23:c9:cc:4b:a0:3a,13761,-41,8299,57.90,35.61,34,480536,481043
[Recv] <<< 23:c9:cc:4b:a0:3a,13762,-41,8300,57.90,35.61,27,480563,481070
[Recv] <<< 23:c9:cc:4b:a0:3a,13763,-41,8301,57.90,35.61,48,480611,481118
[Recv] <<< 23:c9:cc:4b:a0:3a,13764,-41,8302,57.90,35.61,35,480646,481153
[Recv] <<< 23:c9:cc:4b:a0:3a,13765,-41,8303,57.89,35.61,27,480673,481180
[Recv] <<< 23:c9:cc:4b:a0:3a,13766,-41,8304,57.89,35.61,30,480703,481210
[Recv] <<< 23:c9:cc:4b:a0:3a,13767,-32,8305,57.89,35.61,43,480746,481253
[Recv] <<< 23:c9:cc:4b:a0:3a,13768,-42,8306,57.88,35.61,31,480777,481284
[Recv] <<< 23:c9:cc:4b:a0:3a,13769,-41,8307,57.88,35.61,30,480807,481314
[Recv] <<< 23:c9:cc:4b:a0:3a,13770,-41,8308,57.88,35.61,31,480838,481345
[Recv] <<< 23:c9:cc:4b:a0:3a,13777,-35,8309,57.90,35.61,244,481082,481589
[Recv] <<< 23:c9:cc:4b:a0:3a,13778,-36,8310,57.90,35.61,31,481113,481620
[Recv] <<< 23:c9:cc:4b:a0:3a,13780,-36,8311,57.90,35.61,64,481177,481684
[Recv] <<< 23:c9:cc:4b:a0:3a,13781,-36,8312,57.89,35.61,39,481216,481723
[Recv] <<< 23:c9:cc:4b:a0:3a,13782,-41,8313,57.89,35.61,38,481254,481761
[Recv] <<< 23:c9:cc:4b:a0:3a,13785,-41,8314,57.90,35.61,105,481359,481866
[Recv] <<< 23:c9:cc:4b:a0:3a,13786,-41,8315,57.89,35.61,33,481392,481899
[Recv] <<< 23:c9:cc:4b:a0:3a,13787,-41,8316,57.89,35.61,40,481432,481939
[Recv] <<< 23:c9:cc:4b:a0:3a,13789,-41,8317,57.89,35.61,61,481493,482000
[Recv] <<< 23:c9:cc:4b:a0:3a,13790,-46,8318,57.89,35.61,30,481523,482030
[Recv] <<< 23:c9:cc:4b:a0:3a,13791,-41,8319,57.89,35.61,37,481560,482067
[Recv] <<< 23:c9:cc:4b:a0:3a,13792,-35,8320,57.88,35.61,25,481585,482092
[Recv] <<< 23:c9:cc:4b:a0:3a,13795,-35,8321,57.89,35.61,110,481695,482202
[Recv] <<< 23:c9:cc:4b:a0:3a,13796,-38,8322,57.89,35.61,43,481738,482245
[Recv] <<< 23:c9:cc:4b:a0:3a,13797,-35,8323,57.88,35.61,24,481762,482269
[Recv] <<< 23:c9:cc:4b:a0:3a,13798,-36,8324,57.88,35.61,36,481798,482305
[Recv] <<< 23:c9:cc:4b:a0:3a,13799,-35,8325,57.88,35.61,32,481830,482337
[Recv] <<< 23:c9:cc:4b:a0:3a,13800,-36,8326,57.87,35.61,30,481860,482367
[Recv] <<< 23:c9:cc:4b:a0:3a,13801,-36,8327,57.87,35.61,32,481892,482399
[Recv] <<< 23:c9:cc:4b:a0:3a,13807,-35,8328,57.89,35.61,217,482109,482616
[Recv] <<< 23:c9:cc:4b:a0:3a,13808,-36,8329,57.89,35.61,27,482136,482643
[Recv] <<< 23:c9:cc:4b:a0:3a,13809,-36,8330,57.88,35.61,31,482167,482674
[Recv] <<< 23:c9:cc:4b:a0:3a,13810,-35,8331,57.88,35.60,31,482198,482705
[Recv] <<< 23:c9:cc:4b:a0:3a,13813,-32,8332,57.88,35.60,97,482295,482802
[Recv] <<< 23:c9:cc:4b:a0:3a,13815,-41,8333,57.89,35.60,66,482361,482868
[Recv] <<< 23:c9:cc:4b:a0:3a,13816,-45,8334,57.88,35.60,36,482397,482904
[Recv] <<< 23:c9:cc:4b:a0:3a,13818,-41,8335,57.88,35.60,66,482463,482970
[Recv] <<< 23:c9:cc:4b:a0:3a,13819,-41,8336,57.88,35.60,27,482490,482997
[Recv] <<< 23:c9:cc:4b:a0:3a,13821,-41,8337,57.88,35.60,65,482555,483062
[Recv] <<< 23:c9:cc:4b:a0:3a,13830,-32,8338,57.91,35.60,301,482856,483363
[Recv] <<< 23:c9:cc:4b:a0:3a,13831,-32,8339,57.91,35.60,35,482891,483398
[Recv] <<< 23:c9:cc:4b:a0:3a,13832,-36,8340,57.91,35.60,43,482934,483441
[Recv] <<< 23:c9:cc:4b:a0:3a,13833,-36,8341,57.90,35.60,38,482972,483479
[Recv] <<< 23:c9:cc:4b:a0:3a,13835,-36,8342,57.90,35.60,63,483035,483542
[Recv] <<< 23:c9:cc:4b:a0:3a,13836,-35,8343,57.90,35.60,29,483064,483571
[Recv] <<< 23:c9:cc:4b:a0:3a,13837,-36,8344,57.90,35.60,36,483100,483607
[Recv] <<< 23:c9:cc:4b:a0:3a,13838,-35,8345,57.89,35.60,31,483131,483638
[Recv] <<< 23:c9:cc:4b:a0:3a,13873,-41,8346,58.03,35.59,1155,484286,484793
[Recv] <<< 23:c9:cc:4b:a0:3a,13874,-41,8347,58.02,35.59,32,484318,484825
[Recv] <<< 23:c9:cc:4b:a0:3a,13875,-45,8348,58.02,35.59,32,484350,484857
[Recv] <<< 23:c9:cc:4b:a0:3a,13877,-41,8349,58.02,35.59,71,484421,484928
[Recv] <<< 23:c9:cc:4b:a0:3a,13878,-41,8350,58.02,35.59,29,484450,484957
[Recv] <<< 23:c9:cc:4b:a0:3a,13895,-32,8351,58.08,35.59,582,485032,485539
[Recv] <<< 23:c9:cc:4b:a0:3a,13896,-32,8352,58.08,35.59,26,485058,485565
[Recv] <<< 23:c9:cc:4b:a0:3a,13897,-32,8353,58.07,35.59,35,485093,485600
[Recv] <<< 23:c9:cc:4b:a0:3a,13898,-41,8354,58.07,35.59,29,485122,485629
[Recv] <<< 23:c9:cc:4b:a0:3a,13899,-41,8355,58.07,35.59,36,485158,485665
[Recv] <<< 23:c9:cc:4b:a0:3a,13901,-41,8356,58.07,35.59,61,485219,485726
[Recv] <<< 23:c9:cc:4b:a0:3a,13902,-41,8357,58.07,35.59,35,485254,485761
[Recv] <<< 23:c9:cc:4b:a0:3a,13903,-41,8358,58.06,35.59,31,485285,485792
[Recv] <<< 23:c9:cc:4b:a0:3a,13910,-41,8359,58.08,35.59,241,485526,486033
[Recv] <<< 23:c9:cc:4b:a0:3a,13911,-41,8360,58.08,35.59,39,485565,486072
[Recv] <<< 23:c9:cc:4b:a0:3a,13912,-42,8361,58.08,35.59,35,485600,486107
[Recv] <<< 23:c9:cc:4b:a0:3a,13913,-48,8362,58.08,35.59,33,485633,486140
[Recv] <<< 23:c9:cc:4b:a0:3a,13915,-41,8363,58.08,35.59,68,485701,486208
[Recv] <<< 23:c9:cc:4b:a0:3a,13916,-43,8364,58.07,35.59,35,485736,486243
[Recv] <<< 23:c9:cc:4b:a0:3a,13917,-41,8365,58.07,35.59,31,485767,486274
[Recv] <<< 23:c9:cc:4b:a0:3a,13919,-45,8366,58.07,35.59,66,485833,486340
[Recv] <<< 23:c9:cc:4b:a0:3a,13920,-42,8367,58.07,35.59,42,485875,486382
[Recv] <<< 23:c9:cc:4b:a0:3a,13921,-42,8368,58.07,35.59,35,485910,486417
[Recv] <<< 23:c9:cc:4b:a0:3a,13922,-45,8369,58.06,35.59,33,485943,486450
[Recv] <<< 23:c9:cc:4b:a0:3a,13923,-41,8370,58.06,35.59,33,485976,486483
[Recv] <<< 23:c9:cc:4b:a0:3a,13926,-41,8371,58.07,35.59,102,486078,486585
[Recv] <<< 23:c9:cc:4b:a0:3a,13928,-35,8372,58.07,35.59,68,486146,486653
[Recv] <<< 23:c9:cc:4b:a0:3a,13930,-32,8373,58.07,35.59,59,486205,486712
[Recv] <<< 23:c9:cc:4b:a0:3a,13931,-36,8374,58.07,35.59,47,486252,486759
[Recv] <<< 23:c9:cc:4b:a0:3a,13932,-36,8375,58.06,35.59,33,486285,486792
[Recv] <<< 23:c9:cc:4b:a0:3a,13933,-32,8376,58.06,35.59,27,486312,486819
[Recv] <<< 23:c9:cc:4b:a0:3a,13934,-35,8377,58.06,35.59,38,486350,486857
[Recv] <<< 23:c9:cc:4b:a0:3a,13935,-41,8378,58.06,35.59,45,486395,486902
[Recv] <<< 23:c9:cc:4b:a0:3a,13936,-41,8379,58.05,35.59,29,486424,486931
[Recv] <<< 23:c9:cc:4b:a0:3a,13937,-41,8380,58.05,35.59,37,486461,486968
[Recv] <<< 23:c9:cc:4b:a0:3a,13938,-41,8381,58.05,35.59,34,486495,487002
[Recv] <<< 23:c9:cc:4b:a0:3a,13941,-33,8382,58.05,35.58,89,486584,487091
[Recv] <<< 23:c9:cc:4b:a0:3a,13942,-33,8383,58.05,35.58,32,486616,487123
[Recv] <<< 23:c9:cc:4b:a0:3a,13943,-36,8384,58.04,35.58,33,486649,487156
[Recv] <<< 23:c9:cc:4b:a0:3a,13944,-33,8385,58.04,35.58,41,486690,487197
[Recv] <<< 23:c9:cc:4b:a0:3a,13945,-36,8386,58.04,35.58,34,486724,487231
[Recv] <<< 23:c9:cc:4b:a0:3a,13948,-35,8387,58.05,35.58,107,486831,487338
[Recv] <<< 23:c9:cc:4b:a0:3a,13949,-36,8388,58.04,35.58,34,486865,487372
[Recv] <<< 23:c9:cc:4b:a0:3a,13950,-35,8389,58.04,35.58,30,486895,487402
[Recv] <<< 23:c9:cc:4b:a0:3a,13951,-35,8390,58.04,35.58,34,486929,487436
[Recv] <<< 23:c9:cc:4b:a0:3a,13953,-36,8391,58.04,35.58,68,486997,487504
[Recv] <<< 23:c9:cc:4b:a0:3a,13954,-36,8392,58.03,35.58,32,487029,487536
[Recv] <<< 23:c9:cc:4b:a0:3a,13955,-38,8393,58.03,35.58,38,487067,487574
[Recv] <<< 23:c9:cc:4b:a0:3a,13957,-41,8394,58.04,35.58,81,487148,487655
[Recv] <<< 23:c9:cc:4b:a0:3a,13958,-45,8395,58.03,35.58,40,487188,487695
[Recv] <<< 23:c9:cc:4b:a0:3a,13959,-36,8396,58.03,35.58,27,487215,487722
[Recv] <<< 23:c9:cc:4b:a0:3a,13960,-36,8397,58.03,35.58,37,487252,487759
[Recv] <<< 23:c9:cc:4b:a0:3a,13962,-35,8398,58.03,35.58,65,487317,487824
[Recv] <<< 23:c9:cc:4b:a0:3a,13963,-35,8399,58.02,35.58,34,487351,487858
[Recv] <<< 23:c9:cc:4b:a0:3a,13964,-35,8400,58.02,35.58,41,487392,487899
[Recv] <<< 23:c9:cc:4b:a0:3a,13965,-38,8401,58.02,35.58,27,487419,487926
[Recv] <<< 23:c9:cc:4b:a0:3a,13966,-36,8402,58.02,35.58,40,487459,487966
[Recv] <<< 23:c9:cc:4b:a0:3a,13967,-33,8403,58.01,35.58,34,487493,488000
[Recv] <<< 23:c9:cc:4b:a0:3a,13968,-41,8404,58.01,35.58,38,487531,488038
[Recv] <<< 23:c9:cc:4b:a0:3a,13970,-36,8405,58.01,35.58,65,487596,488103
[Recv] <<< 23:c9:cc:4b:a0:3a,13971,-36,8406,58.01,35.58,34,487630,488137
[Recv] <<< 23:c9:cc:4b:a0:3a,13988,-35,8407,58.07,35.58,592,488222,488729
[Recv] <<< 23:c9:cc:4b:a0:3a,14040,-41,8408,58.28,35.58,1791,490013,490520
[Recv] <<< 23:c9:cc:4b:a0:3a,14041,-32,8409,58.28,35.58,38,490051,490558
[Recv] <<< 23:c9:cc:4b:a0:3a,14042,-36,8410,58.27,35.58,38,490089,490596
[Recv] <<< 23:c9:cc:4b:a0:3a,14043,-32,8411,58.27,35.58,34,490123,490630
[Recv] <<< 23:c9:cc:4b:a0:3a,14045,-32,8412,58.27,35.58,73,490196,490703
[Recv] <<< 23:c9:cc:4b:a0:3a,14046,-32,8413,58.27,35.58,39,490235,490742
[Recv] <<< 23:c9:cc:4b:a0:3a,14047,-32,8414,58.27,35.58,31,490266,490773
[Recv] <<< 23:c9:cc:4b:a0:3a,14048,-32,8415,58.26,35.58,28,490294,490801
[Recv] <<< 23:c9:cc:4b:a0:3a,14050,-41,8416,58.27,35.58,68,490362,490869
[Recv] <<< 23:c9:cc:4b:a0:3a,14051,-41,8417,58.26,35.58,29,490391,490898
[Recv] <<< 23:c9:cc:4b:a0:3a,14052,-41,8418,58.26,35.58,34,490425,490932
[Recv] <<< 23:c9:cc:4b:a0:3a,14053,-45,8419,58.26,35.58,34,490459,490966
[Recv] <<< 23:c9:cc:4b:a0:3a,14054,-32,8420,58.25,35.58,42,490501,491008
[Recv] <<< 23:c9:cc:4b:a0:3a,14055,-32,8421,58.25,35.58,44,490545,491052
[Recv] <<< 23:c9:cc:4b:a0:3a,14056,-32,8422,58.25,35.58,25,490570,491077
[Recv] <<< 23:c9:cc:4b:a0:3a,14057,-32,8423,58.25,35.58,32,490602,491109
[Recv] <<< 23:c9:cc:4b:a0:3a,14059,-41,8424,58.25,35.58,64,490666,491173
[Recv] <<< 23:c9:cc:4b:a0:3a,14060,-32,8425,58.24,35.58,32,490698,491205
[Recv] <<< 23:c9:cc:4b:a0:3a,14062,-42,8426,58.24,35.58,69,490767,491274
[Recv] <<< 23:c9:cc:4b:a0:3a,14063,-32,8427,58.24,35.58,38,490805,491312
[Recv] <<< 23:c9:cc:4b:a0:3a,14064,-46,8428,58.24,35.58,33,490838,491345
[Recv] <<< 23:c9:cc:4b:a0:3a,14065,-42,8429,58.24,35.58,28,490866,491373
[Recv] <<< 23:c9:cc:4b:a0:3a,14066,-41,8430,58.23,35.58,34,490900,491407
[Recv] <<< 23:c9:cc:4b:a0:3a,14069,-36,8431,58.24,35.57,98,490998,491505
[Recv] <<< 23:c9:cc:4b:a0:3a,14070,-42,8432,58.24,35.57,42,491040,491547
[Recv] <<< 23:c9:cc:4b:a0:3a,14073,-38,8433,58.24,35.57,94,491134,491641
[Recv] <<< 23:c9:cc:4b:a0:3a,14074,-34,8434,58.24,35.57,34,491168,491675
[Recv] <<< 23:c9:cc:4b:a0:3a,14075,-35,8435,58.23,35.57,43,491211,491718
[Recv] <<< 23:c9:cc:4b:a0:3a,14076,-42,8436,58.23,35.57,40,491251,491758
[Recv] <<< 23:c9:cc:4b:a0:3a,14077,-35,8437,58.23,35.57,29,491280,491787
[Recv] <<< 23:c9:cc:4b:a0:3a,14078,-36,8438,58.23,35.57,26,491306,491813
[Recv] <<< 23:c9:cc:4b:a0:3a,14079,-35,8439,58.22,35.57,39,491345,491852
[Recv] <<< 23:c9:cc:4b:a0:3a,14081,-32,8440,58.22,35.57,63,491408,491915
[Recv] <<< 23:c9:cc:4b:a0:3a,14082,-32,8441,58.22,35.57,26,491434,491941
[Recv] <<< 23:c9:cc:4b:a0:3a,14083,-32,8442,58.22,35.57,40,491474,491981
[Recv] <<< 23:c9:cc:4b:a0:3a,14084,-32,8443,58.22,35.57,36,491510,492017
[Recv] <<< 23:c9:cc:4b:a0:3a,14093,-41,8444,58.25,35.57,328,491838,492345
[Recv] <<< 23:c9:cc:4b:a0:3a,14094,-41,8445,58.24,35.57,30,491868,492375
[Recv] <<< 23:c9:cc:4b:a0:3a,14097,-32,8446,58.25,35.57,114,491982,492489
[Recv] <<< 23:c9:cc:4b:a0:3a,14098,-32,8447,58.25,35.57,35,492017,492524
[Recv] <<< 23:c9:cc:4b:a0:3a,14099,-35,8448,58.25,35.57,46,492063,492570
[Recv] <<< 23:c9:cc:4b:a0:3a,14100,-45,8449,58.24,35.57,38,492101,492608
[Recv] <<< 23:c9:cc:4b:a0:3a,14101,-33,8450,58.24,35.57,42,492143,492650
[Recv] <<< 23:c9:cc:4b:a0:3a,14107,-41,8451,58.26,35.58,239,492382,492889
[Recv] <<< 23:c9:cc:4b:a0:3a,14110,-32,8452,58.27,35.58,114,492496,493003
[Recv] <<< 23:c9:cc:4b:a0:3a,14111,-32,8453,58.27,35.58,30,492526,493033
[Recv] <<< 23:c9:cc:4b:a0:3a,14112,-32,8454,58.26,35.58,39,492565,493072
[Recv] <<< 23:c9:cc:4b:a0:3a,14113,-36,8455,58.26,35.58,41,492606,493113
[Recv] <<< 23:c9:cc:4b:a0:3a,14115,-42,8456,58.26,35.58,75,492681,493188
[Recv] <<< 23:c9:cc:4b:a0:3a,14118,-32,8457,58.27,35.58,117,492798,493305
[Recv] <<< 23:c9:cc:4b:a0:3a,14119,-41,8458,58.27,35.58,38,492836,493343
[Recv] <<< 23:c9:cc:4b:a0:3a,14120,-41,8459,58.27,35.58,33,492869,493376
[Recv] <<< 23:c9:cc:4b:a0:3a,14121,-41,8460,58.26,35.58,35,492904,493411
[Recv] <<< 23:c9:cc:4b:a0:3a,14122,-32,8461,58.26,35.58,42,492946,493453
[Recv] <<< 23:c9:cc:4b:a0:3a,14124,-36,8462,58.26,35.58,80,493026,493533
[Recv] <<< 23:c9:cc:4b:a0:3a,14125,-36,8463,58.26,35.58,38,493064,493571
[Recv] <<< 23:c9:cc:4b:a0:3a,14126,-35,8464,58.26,35.58,32,493096,493603
[Recv] <<< 23:c9:cc:4b:a0:3a,14127,-41,8465,58.26,35.58,41,493137,493644
[Recv] <<< 23:c9:cc:4b:a0:3a,14128,-45,8466,58.25,35.58,36,493173,493680
[Recv] <<< 23:c9:cc:4b:a0:3a,14129,-42,8467,58.25,35.58,39,493212,493719
[Recv] <<< 23:c9:cc:4b:a0:3a,14130,-32,8468,58.25,35.58,41,493253,493760
[Recv] <<< 23:c9:cc:4b:a0:3a,14131,-35,8469,58.25,35.58,43,493296,493803
[Recv] <<< 23:c9:cc:4b:a0:3a,14132,-36,8470,58.24,35.58,33,493329,493836
[Recv] <<< 23:c9:cc:4b:a0:3a,14133,-36,8471,58.24,35.58,42,493371,493878
[Recv] <<< 23:c9:cc:4b:a0:3a,14134,-46,8472,58.24,35.58,47,493418,493925
[Recv] <<< 23:c9:cc:4b:a0:3a,14135,-45,8473,58.24,35.58,32,493450,493957
[Recv] <<< 23:c9:cc:4b:a0:3a,14136,-32,8474,58.24,35.58,47,493497,494004
[Recv] <<< 23:c9:cc:4b:a0:3a,14137,-36,8475,58.23,35.58,43,493540,494047
[Recv] <<< 23:c9:cc:4b:a0:3a,14138,-35,8476,58.23,35.58,32,493572,494079
[Recv] <<< 23:c9:cc:4b:a0:3a,14139,-41,8477,58.23,35.58,43,493615,494122
[Recv] <<< 23:c9:cc:4b:a0:3a,14140,-32,8478,58.23,35.58,42,493657,494164
[Recv] <<< 23:c9:cc:4b:a0:3a,14141,-32,8479,58.23,35.58,41,493698,494205
[Recv] <<< 23:c9:cc:4b:a0:3a,14144,-43,8480,58.23,35.59,126,493824,494331
[Recv] <<< 23:c9:cc:4b:a0:3a,14146,-32,8481,58.24,35.59,81,493905,494412
[Recv] <<< 23:c9:cc:4b:a0:3a,14147,-35,8482,58.23,35.59,39,493944,494451
[Recv] <<< 23:c9:cc:4b:a0:3a,14148,-41,8483,58.23,35.59,43,493987,494494
[Recv] <<< 23:c9:cc:4b:a0:3a,14149,-41,8484,58.23,35.59,39,494026,494533
[Recv] <<< 23:c9:cc:4b:a0:3a,14152,-41,8485,58.24,35.59,135,494161,494668
[Recv] <<< 23:c9:cc:4b:a0:3a,14153,-32,8486,58.24,35.59,47,494208,494715
[Recv] <<< 23:c9:cc:4b:a0:3a,14154,-36,8487,58.24,35.59,37,494245,494752
[Recv] <<< 23:c9:cc:4b:a0:3a,14155,-45,8488,58.23,35.59,51,494296,494803
[Recv] <<< 23:c9:cc:4b:a0:3a,14158,-36,8489,58.24,35.59,122,494418,494925
[Recv] <<< 23:c9:cc:4b:a0:3a,14159,-42,8490,58.24,35.59,38,494456,494963
[Recv] <<< 23:c9:cc:4b:a0:3a,14160,-45,8491,58.24,35.59,51,494507,495014
[Recv] <<< 23:c9:cc:4b:a0:3a,14161,-32,8492,58.24,35.59,37,494544,495051
[Recv] <<< 23:c9:cc:4b:a0:3a,14162,-35,8493,58.24,35.60,51,494595,495102
[Recv] <<< 23:c9:cc:4b:a0:3a,14164,-32,8494,58.24,35.60,79,494674,495181
[Recv] <<< 23:c9:cc:4b:a0:3a,14165,-35,8495,58.24,35.60,42,494716,495223
[Recv] <<< 23:c9:cc:4b:a0:3a,14166,-41,8496,58.23,35.60,43,494759,495266
[Recv] <<< 23:c9:cc:4b:a0:3a,14167,-32,8497,58.23,35.60,45,494804,495311
[Recv] <<< 23:c9:cc:4b:a0:3a,14169,-36,8498,58.24,35.60,88,494892,495399
[Recv] <<< 23:c9:cc:4b:a0:3a,14170,-41,8499,58.23,35.60,42,494934,495441
[Recv] <<< 23:c9:cc:4b:a0:3a,14171,-32,8500,58.23,35.60,44,494978,495485
[Recv] <<< 23:c9:cc:4b:a0:3a,14172,-35,8501,58.23,35.60,43,495021,495528
[Recv] <<< 23:c9:cc:4b:a0:3a,14173,-35,8502,58.23,35.60,42,495063,495570
[Recv] <<< 23:c9:cc:4b:a0:3a,14174,-41,8503,58.23,35.60,42,495105,495612
[Recv] <<< 23:c9:cc:4b:a0:3a,14176,-36,8504,58.23,35.60,91,495196,495703
[Recv] <<< 23:c9:cc:4b:a0:3a,14177,-41,8505,58.23,35.60,38,495234,495741
[Recv] <<< 23:c9:cc:4b:a0:3a,14178,-41,8506,58.23,35.60,45,495279,495786
[Recv] <<< 23:c9:cc:4b:a0:3a,14179,-32,8507,58.23,35.60,43,495322,495829
[Recv] <<< 23:c9:cc:4b:a0:3a,14180,-35,8508,58.22,35.60,48,495370,495877
[Recv] <<< 23:c9:cc:4b:a0:3a,14182,-41,8509,58.23,35.61,81,495451,495958
[Recv] <<< 23:c9:cc:4b:a0:3a,14183,-32,8510,58.23,35.61,45,495496,496003
[Recv] <<< 23:c9:cc:4b:a0:3a,14184,-35,8511,58.22,35.61,48,495544,496051
[Recv] <<< 23:c9:cc:4b:a0:3a,14185,-42,8512,58.22,35.61,45,495589,496096
[Recv] <<< 23:c9:cc:4b:a0:3a,14186,-32,8513,58.22,35.61,41,495630,496137
[Recv] <<< 23:c9:cc:4b:a0:3a,14187,-32,8514,58.22,35.61,38,495668,496175
[Recv] <<< 23:c9:cc:4b:a0:3a,14188,-38,8515,58.22,35.61,42,495710,496217
[Recv] <<< 23:c9:cc:4b:a0:3a,14189,-42,8516,58.21,35.61,41,495751,496258
[Recv] <<< 23:c9:cc:4b:a0:3a,14190,-32,8517,58.21,35.61,42,495793,496300
[Recv] <<< 23:c9:cc:4b:a0:3a,14191,-35,8518,58.21,35.61,43,495836,496343
[Recv] <<< 23:c9:cc:4b:a0:3a,14192,-41,8519,58.21,35.61,45,495881,496388
[Recv] <<< 23:c9:cc:4b:a0:3a,14193,-41,8520,58.21,35.61,47,495928,496435
[Recv] <<< 23:c9:cc:4b:a0:3a,14197,-42,8521,58.22,35.61,163,496091,496598
[Recv] <<< 23:c9:cc:4b:a0:3a,14198,-32,8522,58.22,35.61,42,496133,496640
[Recv] <<< 23:c9:cc:4b:a0:3a,14200,-36,8523,58.22,35.61,84,496217,496724
[Recv] <<< 23:c9:cc:4b:a0:3a,14201,-42,8524,58.22,35.61,40,496257,496764
[Recv] <<< 23:c9:cc:4b:a0:3a,14202,-32,8525,58.22,35.62,42,496299,496806
[Recv] <<< 23:c9:cc:4b:a0:3a,14203,-32,8526,58.21,35.62,39,496338,496845
[Recv] <<< 23:c9:cc:4b:a0:3a,14204,-36,8527,58.21,35.62,44,496382,496889
[Recv] <<< 23:c9:cc:4b:a0:3a,14205,-41,8528,58.21,35.62,40,496422,496929
[Recv] <<< 23:c9:cc:4b:a0:3a,14206,-32,8529,58.21,35.62,41,496463,496970
[Recv] <<< 23:c9:cc:4b:a0:3a,14208,-42,8530,58.21,35.62,88,496551,497058
[Recv] <<< 23:c9:cc:4b:a0:3a,14209,-32,8531,58.21,35.62,41,496592,497099
[Recv] <<< 23:c9:cc:4b:a0:3a,14211,-35,8532,58.21,35.62,86,496678,497185
[Recv] <<< 23:c9:cc:4b:a0:3a,14212,-42,8533,58.21,35.62,42,496720,497227
[Recv] <<< 23:c9:cc:4b:a0:3a,14214,-32,8534,58.22,35.62,87,496807,497314
[Recv] <<< 23:c9:cc:4b:a0:3a,14215,-37,8535,58.21,35.62,41,496848,497355
[Recv] <<< 23:c9:cc:4b:a0:3a,14217,-41,8536,58.22,35.62,79,496927,497434
[Recv] <<< 23:c9:cc:4b:a0:3a,14218,-47,8537,58.21,35.62,40,496967,497474
[Recv] <<< 23:c9:cc:4b:a0:3a,14219,-32,8538,58.21,35.62,44,497011,497518
[Recv] <<< 23:c9:cc:4b:a0:3a,14220,-35,8539,58.21,35.62,50,497061,497568
[Recv] <<< 23:c9:cc:4b:a0:3a,14221,-41,8540,58.21,35.62,34,497095,497602
[Recv] <<< 23:c9:cc:4b:a0:3a,14222,-32,8541,58.21,35.62,43,497138,497645
[Recv] <<< 23:c9:cc:4b:a0:3a,14226,-32,8542,58.22,35.63,175,497313,497820
[Recv] <<< 23:c9:cc:4b:a0:3a,14229,-41,8543,58.23,35.63,119,497432,497939
[Recv] <<< 23:c9:cc:4b:a0:3a,14230,-41,8544,58.22,35.63,39,497471,497978
[Recv] <<< 23:c9:cc:4b:a0:3a,14231,-32,8545,58.22,35.63,51,497522,498029
[Recv] <<< 23:c9:cc:4b:a0:3a,14232,-35,8546,58.22,35.63,40,497562,498069
[Recv] <<< 23:c9:cc:4b:a0:3a,14233,-41,8547,58.22,35.63,42,497604,498111
[Recv] <<< 23:c9:cc:4b:a0:3a,14234,-32,8548,58.22,35.63,40,497644,498151
[Recv] <<< 23:c9:cc:4b:a0:3a,14236,-35,8549,58.22,35.63,84,497728,498235
[Recv] <<< 23:c9:cc:4b:a0:3a,14237,-42,8550,58.22,35.63,40,497768,498275
[Recv] <<< 23:c9:cc:4b:a0:3a,14240,-35,8551,58.23,35.63,125,497893,498400
[Recv] <<< 23:c9:cc:4b:a0:3a,14241,-43,8552,58.22,35.63,39,497932,498439
[Recv] <<< 23:c9:cc:4b:a0:3a,14243,-32,8553,58.23,35.63,87,498019,498526
[Recv] <<< 23:c9:cc:4b:a0:3a,14244,-38,8554,58.23,35.63,42,498061,498568
[Recv] <<< 23:c9:cc:4b:a0:3a,14248,-36,8555,58.24,35.64,165,498226,498733
[Recv] <<< 23:c9:cc:4b:a0:3a,14249,-41,8556,58.24,35.64,47,498273,498780
[Recv] <<< 23:c9:cc:4b:a0:3a,14250,-43,8557,58.23,35.64,37,498310,498817
[Recv] <<< 23:c9:cc:4b:a0:3a,14251,-32,8558,58.23,35.64,45,498355,498862
[Recv] <<< 23:c9:cc:4b:a0:3a,14252,-32,8559,58.23,35.64,40,498395,498902
[Recv] <<< 23:c9:cc:4b:a0:3a,14253,-36,8560,58.23,35.64,44,498439,498946
[Recv] <<< 23:c9:cc:4b:a0:3a,14254,-41,8561,58.23,35.64,39,498478,498985
[Recv] <<< 23:c9:cc:4b:a0:3a,14255,-41,8562,58.23,35.64,49,498527,499034
[Recv] <<< 23:c9:cc:4b:a0:3a,14295,-41,8563,58.41,35.65,1631,500158,500665
[Recv] <<< 23:c9:cc:4b:a0:3a,14297,-32,8564,58.41,35.65,76,500234,500741
[Recv] <<< 23:c9:cc:4b:a0:3a,14298,-32,8565,58.41,35.65,38,500272,500779
[Recv] <<< 23:c9:cc:4b:a0:3a,14299,-36,8566,58.41,35.66,47,500319,500826
[Recv] <<< 23:c9:cc:4b:a0:3a,14341,-45,8567,58.60,35.67,1732,502051,502558
[Recv] <<< 23:c9:cc:4b:a0:3a,14344,-35,8568,58.61,35.67,121,502172,502679
[Recv] <<< 23:c9:cc:4b:a0:3a,14345,-41,8569,58.61,35.67,48,502220,502727
[Recv] <<< 23:c9:cc:4b:a0:3a,14346,-48,8570,58.61,35.67,29,502249,502756
[Recv] <<< 23:c9:cc:4b:a0:3a,14348,-42,8571,58.61,35.67,76,502325,502832
[Recv] <<< 23:c9:cc:4b:a0:3a,14349,-32,8572,58.61,35.67,47,502372,502879
[Recv] <<< 23:c9:cc:4b:a0:3a,14350,-35,8573,58.60,35.67,36,502408,502915
[Recv] <<< 23:c9:cc:4b:a0:3a,14351,-41,8574,58.60,35.67,38,502446,502953
[Recv] <<< 23:c9:cc:4b:a0:3a,14352,-41,8575,58.60,35.68,44,502490,502997
[Recv] <<< 23:c9:cc:4b:a0:3a,14356,-36,8576,58.61,35.68,156,502646,503153
[Recv] <<< 23:c9:cc:4b:a0:3a,14357,-41,8577,58.61,35.68,50,502696,503203
[Recv] <<< 23:c9:cc:4b:a0:3a,14358,-41,8578,58.61,35.68,41,502737,503244
[Recv] <<< 23:c9:cc:4b:a0:3a,14359,-32,8579,58.61,35.68,44,502781,503288
[Recv] <<< 23:c9:cc:4b:a0:3a,14361,-35,8580,58.61,35.68,82,502863,503370
[Recv] <<< 23:c9:cc:4b:a0:3a,14363,-41,8581,58.61,35.68,72,502935,503442
[Recv] <<< 23:c9:cc:4b:a0:3a,14364,-32,8582,58.61,35.68,52,502987,503494
[Recv] <<< 23:c9:cc:4b:a0:3a,14365,-32,8583,58.61,35.68,36,503023,503530
[Recv] <<< 23:c9:cc:4b:a0:3a,14366,-32,8584,58.60,35.68,31,503054,503561
[Recv] <<< 23:c9:cc:4b:a0:3a,14368,-35,8585,58.61,35.68,91,503145,503652
[Recv] <<< 23:c9:cc:4b:a0:3a,14370,-32,8586,58.61,35.68,81,503226,503733
[Recv] <<< 23:c9:cc:4b:a0:3a,14371,-35,8587,58.61,35.68,50,503276,503783
[Recv] <<< 23:c9:cc:4b:a0:3a,14372,-36,8588,58.61,35.68,30,503306,503813
[Recv] <<< 23:c9:cc:4b:a0:3a,14375,-32,8589,58.61,35.68,125,503431,503938
[Recv] <<< 23:c9:cc:4b:a0:3a,14377,-32,8590,58.62,35.68,73,503504,504011
[Recv] <<< 23:c9:cc:4b:a0:3a,14378,-32,8591,58.61,35.68,37,503541,504048
[Recv] <<< 23:c9:cc:4b:a0:3a,14380,-36,8592,58.61,35.68,72,503613,504120
[Recv] <<< 23:c9:cc:4b:a0:3a,14381,-32,8593,58.61,35.68,36,503649,504156
[Recv] <<< 23:c9:cc:4b:a0:3a,14384,-35,8594,58.62,35.69,117,503766,504273
[Recv] <<< 23:c9:cc:4b:a0:3a,14389,-32,8595,58.63,35.69,194,503960,504467
[Recv] <<< 23:c9:cc:4b:a0:3a,14390,-38,8596,58.63,35.69,45,504005,504512
[Recv] <<< 23:c9:cc:4b:a0:3a,14392,-41,8597,58.64,35.69,83,504088,504595
[Recv] <<< 23:c9:cc:4b:a0:3a,14393,-32,8598,58.63,35.69,41,504129,504636
[Recv] <<< 23:c9:cc:4b:a0:3a,14394,-35,8599,58.63,35.69,40,504169,504676
[Recv] <<< 23:c9:cc:4b:a0:3a,14395,-36,8600,58.63,35.69,43,504212,504719
[Recv] <<< 23:c9:cc:4b:a0:3a,14396,-35,8601,58.63,35.69,36,504248,504755
[Recv] <<< 23:c9:cc:4b:a0:3a,14397,-45,8602,58.62,35.69,43,504291,504798
[Recv] <<< 23:c9:cc:4b:a0:3a,14398,-43,8603,58.62,35.69,31,504322,504829
[Recv] <<< 23:c9:cc:4b:a0:3a,14399,-32,8604,58.62,35.69,45,504367,504874
[Recv] <<< 23:c9:cc:4b:a0:3a,14400,-35,8605,58.62,35.69,43,504410,504917
[Recv] <<< 23:c9:cc:4b:a0:3a,14401,-35,8606,58.62,35.69,40,504450,504957
[Recv] <<< 23:c9:cc:4b:a0:3a,14402,-42,8607,58.61,35.69,37,504487,504994
[Recv] <<< 23:c9:cc:4b:a0:3a,14403,-43,8608,58.61,35.69,36,504523,505030
[Recv] <<< 23:c9:cc:4b:a0:3a,14404,-32,8609,58.61,35.69,39,504562,505069
[Recv] <<< 23:c9:cc:4b:a0:3a,14405,-32,8610,58.61,35.69,37,504599,505106
[Recv] <<< 23:c9:cc:4b:a0:3a,14406,-35,8611,58.60,35.69,46,504645,505152
[Recv] <<< 23:c9:cc:4b:a0:3a,14408,-35,8612,58.61,35.69,80,504725,505232
[Recv] <<< 23:c9:cc:4b:a0:3a,14409,-36,8613,58.60,35.69,33,504758,505265
[Recv] <<< 23:c9:cc:4b:a0:3a,14410,-35,8614,58.60,35.69,34,504792,505299
[Recv] <<< 23:c9:cc:4b:a0:3a,14412,-42,8615,58.60,35.69,75,504867,505374
[Recv] <<< 23:c9:cc:4b:a0:3a,14413,-43,8616,58.60,35.69,35,504902,505409
[Recv] <<< 23:c9:cc:4b:a0:3a,14414,-42,8617,58.60,35.69,32,504934,505441
[Recv] <<< 23:c9:cc:4b:a0:3a,14415,-45,8618,58.60,35.69,39,504973,505480
[Recv] <<< 23:c9:cc:4b:a0:3a,14416,-32,8619,58.59,35.69,42,505015,505522
[Recv] <<< 23:c9:cc:4b:a0:3a,14419,-35,8620,58.60,35.69,109,505124,505631
[Recv] <<< 23:c9:cc:4b:a0:3a,14420,-35,8621,58.60,35.69,45,505169,505676
[Recv] <<< 23:c9:cc:4b:a0:3a,14422,-42,8622,58.60,35.69,70,505239,505746
[Recv] <<< 23:c9:cc:4b:a0:3a,14425,-41,8623,58.61,35.69,114,505353,505860
[Recv] <<< 23:c9:cc:4b:a0:3a,14426,-32,8624,58.60,35.69,35,505388,505895
[Recv] <<< 23:c9:cc:4b:a0:3a,14427,-33,8625,58.60,35.69,40,505428,505935
[Recv] <<< 23:c9:cc:4b:a0:3a,14428,-32,8626,58.60,35.69,33,505461,505968
[Recv] <<< 23:c9:cc:4b:a0:3a,14430,-32,8627,58.60,35.69,75,505536,506043
[Recv] <<< 23:c9:cc:4b:a0:3a,14434,-32,8628,58.61,35.69,134,505670,506177
[Recv] <<< 23:c9:cc:4b:a0:3a,14436,-36,8629,58.61,35.69,76,505746,506253
[Recv] <<< 23:c9:cc:4b:a0:3a,14437,-35,8630,58.61,35.69,38,505784,506291
[Recv] <<< 23:c9:cc:4b:a0:3a,14438,-35,8631,58.60,35.69,32,505816,506323
[Recv] <<< 23:c9:cc:4b:a0:3a,14439,-35,8632,58.60,35.69,37,505853,506360
[Recv] <<< 23:c9:cc:4b:a0:3a,14440,-38,8633,58.60,35.69,30,505883,506390
[Recv] <<< 23:c9:cc:4b:a0:3a,14441,-36,8634,58.60,35.69,37,505920,506427
[Recv] <<< 23:c9:cc:4b:a0:3a,14443,-41,8635,58.60,35.69,77,505997,506504
[Recv] <<< 23:c9:cc:4b:a0:3a,14455,-42,8636,58.64,35.69,410,506407,506914
[Recv] <<< 23:c9:cc:4b:a0:3a,14456,-41,8637,58.64,35.69,40,506447,506954
[Recv] <<< 23:c9:cc:4b:a0:3a,14457,-41,8638,58.63,35.69,33,506480,506987
[Recv] <<< 23:c9:cc:4b:a0:3a,14458,-42,8639,58.63,35.69,37,506517,507024
[Recv] <<< 23:c9:cc:4b:a0:3a,14460,-33,8640,58.63,35.69,76,506593,507100
[Recv] <<< 23:c9:cc:4b:a0:3a,14461,-33,8641,58.63,35.69,35,506628,507135
[Recv] <<< 23:c9:cc:4b:a0:3a,14462,-32,8642,58.63,35.69,33,506661,507168
[Recv] <<< 23:c9:cc:4b:a0:3a,14463,-32,8643,58.62,35.69,32,506693,507200
[Recv] <<< 23:c9:cc:4b:a0:3a,14464,-32,8644,58.62,35.69,37,506730,507237
[Recv] <<< 23:c9:cc:4b:a0:3a,14465,-32,8645,58.62,35.69,36,506766,507273
[Recv] <<< 23:c9:cc:4b:a0:3a,14467,-32,8646,58.62,35.69,71,506837,507344
[Recv] <<< 23:c9:cc:4b:a0:3a,14468,-32,8647,58.62,35.69,34,506871,507378
[Recv] <<< 23:c9:cc:4b:a0:3a,14469,-32,8648,58.62,35.69,35,506906,507413
[Recv] <<< 23:c9:cc:4b:a0:3a,14471,-36,8649,58.62,35.69,70,506976,507483
[Recv] <<< 23:c9:cc:4b:a0:3a,14472,-36,8650,58.61,35.69,34,507010,507517
[Recv] <<< 23:c9:cc:4b:a0:3a,14475,-36,8651,58.62,35.69,107,507117,507624
[Recv] <<< 23:c9:cc:4b:a0:3a,14481,-35,8652,58.64,35.69,214,507331,507838
[Recv] <<< 23:c9:cc:4b:a0:3a,14482,-36,8653,58.63,35.69,37,507368,507875
[Recv] <<< 23:c9:cc:4b:a0:3a,14483,-45,8654,58.63,35.69,37,507405,507912
[Recv] <<< 23:c9:cc:4b:a0:3a,14484,-41,8655,58.63,35.69,34,507439,507946
[Recv] <<< 23:c9:cc:4b:a0:3a,14485,-45,8656,58.63,35.69,31,507470,507977
[Recv] <<< 23:c9:cc:4b:a0:3a,14486,-42,8657,58.62,35.69,42,507512,508019
[Recv] <<< 23:c9:cc:4b:a0:3a,14488,-32,8658,58.63,35.69,80,507592,508099
[Recv] <<< 23:c9:cc:4b:a0:3a,14489,-32,8659,58.62,35.69,34,507626,508133
[Recv] <<< 23:c9:cc:4b:a0:3a,14490,-32,8660,58.62,35.69,37,507663,508170
[Recv] <<< 23:c9:cc:4b:a0:3a,14491,-35,8661,58.62,35.69,38,507701,508208
[Recv] <<< 23:c9:cc:4b:a0:3a,14492,-35,8662,58.62,35.69,40,507741,508248
[Recv] <<< 23:c9:cc:4b:a0:3a,14493,-35,8663,58.61,35.69,39,507780,508287
[Recv] <<< 23:c9:cc:4b:a0:3a,14495,-42,8664,58.62,35.69,80,507860,508367
[Recv] <<< 23:c9:cc:4b:a0:3a,14496,-43,8665,58.61,35.69,38,507898,508405
[Recv] <<< 23:c9:cc:4b:a0:3a,14497,-32,8666,58.61,35.69,37,507935,508442
[Recv] <<< 23:c9:cc:4b:a0:3a,14498,-32,8667,58.61,35.69,40,507975,508482
[Recv] <<< 23:c9:cc:4b:a0:3a,14499,-32,8668,58.61,35.69,36,508011,508518
[Recv] <<< 23:c9:cc:4b:a0:3a,14500,-32,8669,58.61,35.70,37,508048,508555
[Recv] <<< 23:c9:cc:4b:a0:3a,14508,-32,8670,58.63,35.69,281,508329,508836
[Recv] <<< 23:c9:cc:4b:a0:3a,14510,-36,8671,58.63,35.69,74,508403,508910
[Recv] <<< 23:c9:cc:4b:a0:3a,14512,-36,8672,58.63,35.70,75,508478,508985
[Recv] <<< 23:c9:cc:4b:a0:3a,14513,-35,8673,58.63,35.70,34,508512,509019
[Recv] <<< 23:c9:cc:4b:a0:3a,14514,-35,8674,58.63,35.69,33,508545,509052
[Recv] <<< 23:c9:cc:4b:a0:3a,14515,-36,8675,58.63,35.69,33,508578,509085
[Recv] <<< 23:c9:cc:4b:a0:3a,14518,-38,8676,58.63,35.69,100,508678,509185
[Recv] <<< 23:c9:cc:4b:a0:3a,14519,-45,8677,58.63,35.69,44,508722,509229
[Recv] <<< 23:c9:cc:4b:a0:3a,14521,-42,8678,58.63,35.70,76,508798,509305
[Recv] <<< 23:c9:cc:4b:a0:3a,14522,-42,8679,58.63,35.69,30,508828,509335
[Recv] <<< 23:c9:cc:4b:a0:3a,14524,-32,8680,58.63,35.70,76,508904,509411
[Recv] <<< 23:c9:cc:4b:a0:3a,14525,-32,8681,58.63,35.69,35,508939,509446
[Recv] <<< 23:c9:cc:4b:a0:3a,14526,-32,8682,58.62,35.70,38,508977,509484
[Recv] <<< 23:c9:cc:4b:a0:3a,14527,-32,8683,58.62,35.70,37,509014,509521
[Recv] <<< 23:c9:cc:4b:a0:3a,14536,-35,8684,58.65,35.70,321,509335,509842
[Recv] <<< 23:c9:cc:4b:a0:3a,14548,-42,8685,58.69,35.69,425,509760,510267
[Recv] <<< 23:c9:cc:4b:a0:3a,14549,-42,8686,58.69,35.69,28,509788,510295
[Recv] <<< 23:c9:cc:4b:a0:3a,14550,-45,8687,58.69,35.69,35,509823,510330
[Recv] <<< 23:c9:cc:4b:a0:3a,14552,-32,8688,58.69,35.69,78,509901,510408
[Recv] <<< 23:c9:cc:4b:a0:3a,14553,-32,8689,58.69,35.69,29,509930,510437
[Recv] <<< 23:c9:cc:4b:a0:3a,14555,-32,8690,58.69,35.69,72,510002,510509
[Recv] <<< 23:c9:cc:4b:a0:3a,14556,-32,8691,58.69,35.69,40,510042,510549
[Recv] <<< 23:c9:cc:4b:a0:3a,14558,-36,8692,58.69,35.70,79,510121,510628
[Recv] <<< 23:c9:cc:4b:a0:3a,14560,-35,8693,58.69,35.70,74,510195,510702
[Recv] <<< 23:c9:cc:4b:a0:3a,14561,-41,8694,58.69,35.70,36,510231,510738
[Recv] <<< 23:c9:cc:4b:a0:3a,14562,-41,8695,58.68,35.70,35,510266,510773
[Recv] <<< 23:c9:cc:4b:a0:3a,14565,-32,8696,58.69,35.70,109,510375,510882
[Recv] <<< 23:c9:cc:4b:a0:3a,14566,-32,8697,58.69,35.70,38,510413,510920
[Recv] <<< 23:c9:cc:4b:a0:3a,14607,-32,8698,58.84,35.69,1406,511819,512326
[Recv] <<< 23:c9:cc:4b:a0:3a,14608,-32,8699,58.84,35.69,35,511854,512361
[Recv] <<< 23:c9:cc:4b:a0:3a,14609,-32,8700,58.84,35.69,40,511894,512401
[Recv] <<< 23:c9:cc:4b:a0:3a,14610,-32,8701,58.83,35.69,27,511921,512428
[Recv] <<< 23:c9:cc:4b:a0:3a,14611,-32,8702,58.83,35.69,39,511960,512467
[Recv] <<< 23:c9:cc:4b:a0:3a,14613,-32,8703,58.83,35.69,72,512032,512539
[Recv] <<< 23:c9:cc:4b:a0:3a,14614,-32,8704,58.83,35.69,33,512065,512572
[Recv] <<< 23:c9:cc:4b:a0:3a,14615,-32,8705,58.83,35.69,30,512095,512602
[Recv] <<< 23:c9:cc:4b:a0:3a,14616,-36,8706,58.83,35.69,42,512137,512644
[Recv] <<< 23:c9:cc:4b:a0:3a,14617,-32,8707,58.82,35.69,33,512170,512677
[Recv] <<< 23:c9:cc:4b:a0:3a,14618,-32,8708,58.82,35.69,33,512203,512710
[Recv] <<< 23:c9:cc:4b:a0:3a,14619,-32,8709,58.82,35.69,33,512236,512743
[Recv] <<< 23:c9:cc:4b:a0:3a,14620,-32,8710,58.81,35.69,30,512266,512773
[Recv] <<< 23:c9:cc:4b:a0:3a,14624,-35,8711,58.82,35.69,141,512407,512914
[Recv] <<< 23:c9:cc:4b:a0:3a,14625,-32,8712,58.82,35.69,31,512438,512945
[Recv] <<< 23:c9:cc:4b:a0:3a,14626,-38,8713,58.82,35.69,41,512479,512986
[Recv] <<< 23:c9:cc:4b:a0:3a,14630,-32,8714,58.83,35.69,129,512608,513115
[Recv] <<< 23:c9:cc:4b:a0:3a,14632,-36,8715,58.83,35.69,81,512689,513196
[Recv] <<< 23:c9:cc:4b:a0:3a,14633,-35,8716,58.83,35.69,31,512720,513227
[Recv] <<< 23:c9:cc:4b:a0:3a,14634,-36,8717,58.82,35.69,43,512763,513270
[Recv] <<< 23:c9:cc:4b:a0:3a,14636,-35,8718,58.82,35.69,63,512826,513333
[Recv] <<< 23:c9:cc:4b:a0:3a,14637,-36,8719,58.82,35.69,39,512865,513372
[Recv] <<< 23:c9:cc:4b:a0:3a,14639,-36,8720,58.82,35.69,66,512931,513438
[Recv] <<< 23:c9:cc:4b:a0:3a,14640,-36,8721,58.82,35.69,34,512965,513472
[Recv] <<< 23:c9:cc:4b:a0:3a,14642,-41,8722,58.82,35.69,76,513041,513548
[Recv] <<< 23:c9:cc:4b:a0:3a,14643,-41,8723,58.82,35.69,30,513071,513578
[Recv] <<< 23:c9:cc:4b:a0:3a,14644,-41,8724,58.82,35.69,33,513104,513611
[Recv] <<< 23:c9:cc:4b:a0:3a,14645,-32,8725,58.81,35.69,43,513147,513654
[Recv] <<< 23:c9:cc:4b:a0:3a,14646,-32,8726,58.81,35.69,33,513180,513687
[Recv] <<< 23:c9:cc:4b:a0:3a,14647,-32,8727,58.81,35.69,37,513217,513724
[Recv] <<< 23:c9:cc:4b:a0:3a,14648,-32,8728,58.80,35.69,28,513245,513752
[Recv] <<< 23:c9:cc:4b:a0:3a,14649,-32,8729,58.80,35.69,34,513279,513786
[Recv] <<< 23:c9:cc:4b:a0:3a,14651,-32,8730,58.80,35.69,68,513347,513854
[Recv] <<< 23:c9:cc:4b:a0:3a,14653,-32,8731,58.80,35.69,68,513415,513922
[Recv] <<< 23:c9:cc:4b:a0:3a,14654,-35,8732,58.80,35.69,43,513458,513965
[Recv] <<< 23:c9:cc:4b:a0:3a,14655,-35,8733,58.80,35.69,43,513501,514008
[Recv] <<< 23:c9:cc:4b:a0:3a,14656,-36,8734,58.80,35.69,27,513528,514035
[Recv] <<< 23:c9:cc:4b:a0:3a,14657,-36,8735,58.79,35.69,35,513563,514070
[Recv] <<< 23:c9:cc:4b:a0:3a,14658,-33,8736,58.79,35.69,40,513603,514110
[Recv] <<< 23:c9:cc:4b:a0:3a,14659,-36,8737,58.79,35.69,31,513634,514141
[Recv] <<< 23:c9:cc:4b:a0:3a,14660,-36,8738,58.79,35.69,40,513674,514181
[Recv] <<< 23:c9:cc:4b:a0:3a,14661,-36,8739,58.78,35.69,35,513709,514216
[Recv] <<< 23:c9:cc:4b:a0:3a,14665,-41,8740,58.79,35.69,138,513847,514354
[Recv] <<< 23:c9:cc:4b:a0:3a,14667,-41,8741,58.79,35.69,71,513918,514425
[Recv] <<< 23:c9:cc:4b:a0:3a,14668,-42,8742,58.79,35.69,36,513954,514461
[Recv] <<< 23:c9:cc:4b:a0:3a,14669,-41,8743,58.79,35.69,33,513987,514494
[Recv] <<< 23:c9:cc:4b:a0:3a,14671,-32,8744,58.79,35.69,64,514051,514558
[Recv] <<< 23:c9:cc:4b:a0:3a,14672,-41,8745,58.79,35.69,34,514085,514592
[Recv] <<< 23:c9:cc:4b:a0:3a,14673,-45,8746,58.78,35.69,33,514118,514625
[Recv] <<< 23:c9:cc:4b:a0:3a,14674,-42,8747,58.78,35.69,36,514154,514661
[Recv] <<< 23:c9:cc:4b:a0:3a,14675,-45,8748,58.78,35.69,30,514184,514691
[Recv] <<< 23:c9:cc:4b:a0:3a,14676,-42,8749,58.77,35.69,32,514216,514723
[Recv] <<< 23:c9:cc:4b:a0:3a,14677,-41,8750,58.77,35.69,38,514254,514761
[Recv] <<< 23:c9:cc:4b:a0:3a,14678,-41,8751,58.77,35.69,31,514285,514792
[Recv] <<< 23:c9:cc:4b:a0:3a,14680,-47,8752,58.77,35.69,72,514357,514864
[Recv] <<< 23:c9:cc:4b:a0:3a,14681,-42,8753,58.77,35.69,37,514394,514901
[Recv] <<< 23:c9:cc:4b:a0:3a,14682,-41,8754,58.77,35.69,39,514433,514940
[Recv] <<< 23:c9:cc:4b:a0:3a,14683,-42,8755,58.76,35.69,35,514468,514975
[Recv] <<< 23:c9:cc:4b:a0:3a,14684,-42,8756,58.76,35.69,26,514494,515001
[Recv] <<< 23:c9:cc:4b:a0:3a,14685,-45,8757,58.76,35.69,34,514528,515035
[Recv] <<< 23:c9:cc:4b:a0:3a,14686,-35,8758,58.75,35.69,34,514562,515069
[Recv] <<< 23:c9:cc:4b:a0:3a,14687,-36,8759,58.75,35.69,24,514586,515093
[Recv] <<< 23:c9:cc:4b:a0:3a,14689,-35,8760,58.75,35.69,77,514663,515170
[Recv] <<< 23:c9:cc:4b:a0:3a,14690,-36,8761,58.75,35.69,35,514698,515205
[Recv] <<< 23:c9:cc:4b:a0:3a,14691,-35,8762,58.75,35.69,35,514733,515240
[Recv] <<< 23:c9:cc:4b:a0:3a,14693,-35,8763,58.75,35.69,66,514799,515306
[Recv] <<< 23:c9:cc:4b:a0:3a,14694,-35,8764,58.74,35.69,36,514835,515342
[Recv] <<< 23:c9:cc:4b:a0:3a,14695,-36,8765,58.74,35.69,30,514865,515372
[Recv] <<< 23:c9:cc:4b:a0:3a,14696,-36,8766,58.74,35.68,31,514896,515403
[Recv] <<< 23:c9:cc:4b:a0:3a,14697,-32,8767,58.73,35.68,32,514928,515435
[Recv] <<< 23:c9:cc:4b:a0:3a,14698,-35,8768,58.73,35.68,31,514959,515466
[Recv] <<< 23:c9:cc:4b:a0:3a,14700,-32,8769,58.73,35.68,72,515031,515538
[Recv] <<< 23:c9:cc:4b:a0:3a,14701,-32,8770,58.73,35.68,36,515067,515574
[Recv] <<< 23:c9:cc:4b:a0:3a,14702,-35,8771,58.73,35.68,38,515105,515612
[Recv] <<< 23:c9:cc:4b:a0:3a,14704,-42,8772,58.73,35.68,74,515179,515686
[Recv] <<< 23:c9:cc:4b:a0:3a,14706,-35,8773,58.73,35.68,67,515246,515753
[Recv] <<< 23:c9:cc:4b:a0:3a,14707,-36,8774,58.73,35.68,41,515287,515794
[Recv] <<< 23:c9:cc:4b:a0:3a,14710,-36,8775,58.73,35.68,93,515380,515887
[Recv] <<< 23:c9:cc:4b:a0:3a,14712,-36,8776,58.73,35.68,68,515448,515955
[Recv] <<< 23:c9:cc:4b:a0:3a,14716,-32,8777,58.74,35.68,133,515581,516088
[Recv] <<< 23:c9:cc:4b:a0:3a,14717,-32,8778,58.74,35.68,31,515612,516119
[Recv] <<< 23:c9:cc:4b:a0:3a,14718,-32,8779,58.74,35.68,31,515643,516150
[Recv] <<< 23:c9:cc:4b:a0:3a,14720,-36,8780,58.74,35.68,72,515715,516222
[Recv] <<< 23:c9:cc:4b:a0:3a,14721,-35,8781,58.74,35.68,39,515754,516261
[Recv] <<< 23:c9:cc:4b:a0:3a,14722,-36,8782,58.73,35.68,31,515785,516292
[Recv] <<< 23:c9:cc:4b:a0:3a,14723,-35,8783,58.73,35.68,42,515827,516334
[Recv] <<< 23:c9:cc:4b:a0:3a,14724,-35,8784,58.73,35.68,27,515854,516361
[Recv] <<< 23:c9:cc:4b:a0:3a,14727,-38,8785,58.73,35.68,100,515954,516461
[Recv] <<< 23:c9:cc:4b:a0:3a,14728,-36,8786,58.73,35.68,38,515992,516499
[Recv] <<< 23:c9:cc:4b:a0:3a,14730,-35,8787,58.73,35.68,71,516063,516570
[Recv] <<< 23:c9:cc:4b:a0:3a,14732,-35,8788,58.73,35.68,72,516135,516642
[Recv] <<< 23:c9:cc:4b:a0:3a,14733,-42,8789,58.73,35.68,37,516172,516679
[Recv] <<< 23:c9:cc:4b:a0:3a,14734,-45,8790,58.73,35.68,37,516209,516716
[Recv] <<< 23:c9:cc:4b:a0:3a,14738,-35,8791,58.73,35.68,127,516336,516843
[Recv] <<< 23:c9:cc:4b:a0:3a,14739,-36,8792,58.73,35.68,34,516370,516877
[Recv] <<< 23:c9:cc:4b:a0:3a,14740,-36,8793,58.73,35.68,36,516406,516913
[Recv] <<< 23:c9:cc:4b:a0:3a,14741,-36,8794,58.73,35.68,26,516432,516939
[Recv] <<< 23:c9:cc:4b:a0:3a,14742,-36,8795,58.72,35.68,32,516464,516971
[Recv] <<< 23:c9:cc:4b:a0:3a,14743,-32,8796,58.72,35.68,36,516500,517007
[Recv] <<< 23:c9:cc:4b:a0:3a,14744,-32,8797,58.72,35.68,30,516530,517037
[Recv] <<< 23:c9:cc:4b:a0:3a,14745,-32,8798,58.71,35.68,34,516564,517071
[Recv] <<< 23:c9:cc:4b:a0:3a,14746,-32,8799,58.71,35.68,35,516599,517106
[Recv] <<< 23:c9:cc:4b:a0:3a,14748,-32,8800,58.71,35.68,68,516667,517174
[Recv] <<< 23:c9:cc:4b:a0:3a,14761,-45,8801,58.76,35.68,444,517111,517618
[Recv] <<< 23:c9:cc:4b:a0:3a,14788,-36,8802,58.85,35.67,920,518031,518538
[Recv] <<< 23:c9:cc:4b:a0:3a,14789,-35,8803,58.85,35.67,31,518062,518569
[Recv] <<< 23:c9:cc:4b:a0:3a,14795,-41,8804,58.87,35.67,218,518280,518787
[Recv] <<< 23:c9:cc:4b:a0:3a,14796,-42,8805,58.87,35.67,31,518311,518818
[Recv] <<< 23:c9:cc:4b:a0:3a,14797,-42,8806,58.86,35.67,33,518344,518851
[Recv] <<< 23:c9:cc:4b:a0:3a,14798,-45,8807,58.86,35.67,38,518382,518889
[Recv] <<< 23:c9:cc:4b:a0:3a,14799,-45,8808,58.86,35.67,31,518413,518920
[Recv] <<< 23:c9:cc:4b:a0:3a,14800,-42,8809,58.85,35.67,31,518444,518951
[Recv] <<< 23:c9:cc:4b:a0:3a,14801,-41,8810,58.85,35.67,31,518475,518982
[Recv] <<< 23:c9:cc:4b:a0:3a,14809,-36,8811,58.87,35.67,264,518739,519246
[Recv] <<< 23:c9:cc:4b:a0:3a,14810,-36,8812,58.87,35.67,33,518772,519279
[Recv] <<< 23:c9:cc:4b:a0:3a,14821,-41,8813,58.91,35.67,394,519166,519673
[Recv] <<< 23:c9:cc:4b:a0:3a,14822,-42,8814,58.91,35.67,29,519195,519702
[Recv] <<< 23:c9:cc:4b:a0:3a,14823,-42,8815,58.90,35.67,32,519227,519734
[Recv] <<< 23:c9:cc:4b:a0:3a,14824,-42,8816,58.90,35.67,34,519261,519768
[Recv] <<< 23:c9:cc:4b:a0:3a,14850,-35,8817,58.99,35.67,886,520147,520654
[Recv] <<< 23:c9:cc:4b:a0:3a,14851,-38,8818,58.99,35.67,45,520192,520699
[Recv] <<< 23:c9:cc:4b:a0:3a,14852,-35,8819,58.99,35.67,31,520223,520730
[Recv] <<< 23:c9:cc:4b:a0:3a,14853,-36,8820,58.99,35.67,31,520254,520761
[Recv] <<< 23:c9:cc:4b:a0:3a,14854,-36,8821,58.98,35.67,32,520286,520793
[Recv] <<< 23:c9:cc:4b:a0:3a,14855,-36,8822,58.98,35.67,41,520327,520834
[Recv] <<< 23:c9:cc:4b:a0:3a,14856,-36,8823,58.98,35.67,35,520362,520869
[Recv] <<< 23:c9:cc:4b:a0:3a,14857,-36,8824,58.97,35.67,23,520385,520892
[Recv] <<< 23:c9:cc:4b:a0:3a,14858,-35,8825,58.97,35.67,39,520424,520931
[Recv] <<< 23:c9:cc:4b:a0:3a,14863,-35,8826,58.98,35.67,170,520594,521101
[Recv] <<< 23:c9:cc:4b:a0:3a,14864,-37,8827,58.98,35.67,33,520627,521134
[Recv] <<< 23:c9:cc:4b:a0:3a,14865,-35,8828,58.98,35.67,33,520660,521167
[Recv] <<< 23:c9:cc:4b:a0:3a,14867,-35,8829,58.98,35.67,66,520726,521233
[Recv] <<< 23:c9:cc:4b:a0:3a,14868,-35,8830,58.98,35.67,38,520764,521271
[Recv] <<< 23:c9:cc:4b:a0:3a,14870,-41,8831,58.98,35.67,79,520843,521350
[Recv] <<< 23:c9:cc:4b:a0:3a,14871,-41,8832,58.98,35.67,38,520881,521388
[Recv] <<< 23:c9:cc:4b:a0:3a,14872,-41,8833,58.97,35.67,26,520907,521414
[Recv] <<< 23:c9:cc:4b:a0:3a,14875,-36,8834,58.98,35.67,98,521005,521512
[Recv] <<< 23:c9:cc:4b:a0:3a,14876,-36,8835,58.97,35.67,34,521039,521546
[Recv] <<< 23:c9:cc:4b:a0:3a,14886,-41,8836,59.00,35.66,325,521364,521871
[Recv] <<< 23:c9:cc:4b:a0:3a,14887,-41,8837,59.00,35.66,31,521395,521902
[Recv] <<< 23:c9:cc:4b:a0:3a,14889,-41,8838,59.00,35.66,70,521465,521972
[Recv] <<< 23:c9:cc:4b:a0:3a,14891,-36,8839,59.00,35.66,60,521525,522032
[Recv] <<< 23:c9:cc:4b:a0:3a,14892,-35,8840,59.00,35.66,33,521558,522065
[Recv] <<< 23:c9:cc:4b:a0:3a,14893,-35,8841,59.00,35.66,32,521590,522097
[Recv] <<< 23:c9:cc:4b:a0:3a,14894,-33,8842,58.99,35.66,34,521624,522131
[Recv] <<< 23:c9:cc:4b:a0:3a,14895,-36,8843,58.99,35.66,25,521649,522156
[Recv] <<< 23:c9:cc:4b:a0:3a,14896,-38,8844,58.99,35.66,33,521682,522189
[Recv] <<< 23:c9:cc:4b:a0:3a,14897,-36,8845,58.99,35.66,47,521729,522236
[Recv] <<< 23:c9:cc:4b:a0:3a,14898,-41,8846,58.98,35.66,40,521769,522276
[Recv] <<< 23:c9:cc:4b:a0:3a,14899,-41,8847,58.98,35.66,38,521807,522314
[Recv] <<< 23:c9:cc:4b:a0:3a,14901,-41,8848,58.98,35.66,63,521870,522377
[Recv] <<< 23:c9:cc:4b:a0:3a,14902,-45,8849,58.98,35.66,34,521904,522411
[Recv] <<< 23:c9:cc:4b:a0:3a,14903,-41,8850,58.98,35.66,32,521936,522443
[Recv] <<< 23:c9:cc:4b:a0:3a,14904,-41,8851,58.97,35.66,37,521973,522480
[Recv] <<< 23:c9:cc:4b:a0:3a,14905,-41,8852,58.97,35.66,34,522007,522514
[Recv] <<< 23:c9:cc:4b:a0:3a,14907,-36,8853,58.97,35.66,61,522068,522575
[Recv] <<< 23:c9:cc:4b:a0:3a,14909,-47,8854,58.97,35.66,72,522140,522647
[Recv] <<< 23:c9:cc:4b:a0:3a,14910,-41,8855,58.97,35.66,35,522175,522682
[Recv] <<< 23:c9:cc:4b:a0:3a,14911,-42,8856,58.97,35.66,31,522206,522713
[Recv] <<< 23:c9:cc:4b:a0:3a,14912,-41,8857,58.96,35.66,32,522238,522745
[Recv] <<< 23:c9:cc:4b:a0:3a,14913,-36,8858,58.96,35.66,32,522270,522777
[Recv] <<< 23:c9:cc:4b:a0:3a,14914,-36,8859,58.96,35.66,32,522302,522809
[Recv] <<< 23:c9:cc:4b:a0:3a,14919,-32,8860,58.97,35.66,165,522467,522974
[Recv] <<< 23:c9:cc:4b:a0:3a,14920,-32,8861,58.97,35.66,34,522501,523008
[Recv] <<< 23:c9:cc:4b:a0:3a,14922,-41,8862,58.97,35.66,65,522566,523073
[Recv] <<< 23:c9:cc:4b:a0:3a,14923,-43,8863,58.96,35.66,34,522600,523107
[Recv] <<< 23:c9:cc:4b:a0:3a,14925,-41,8864,58.96,35.66,63,522663,523170
[Recv] <<< 23:c9:cc:4b:a0:3a,14926,-41,8865,58.96,35.66,33,522696,523203
[Recv] <<< 23:c9:cc:4b:a0:3a,14929,-36,8866,58.97,35.66,91,522787,523294
[Recv] <<< 23:c9:cc:4b:a0:3a,14930,-33,8867,58.96,35.66,31,522818,523325
[Recv] <<< 23:c9:cc:4b:a0:3a,14931,-35,8868,58.96,35.66,37,522855,523362
[Recv] <<< 23:c9:cc:4b:a0:3a,14932,-36,8869,58.96,35.66,29,522884,523391
[Recv] <<< 23:c9:cc:4b:a0:3a,14933,-32,8870,58.95,35.66,33,522917,523424
[Recv] <<< 23:c9:cc:4b:a0:3a,14935,-36,8871,58.96,35.66,78,522995,523502
[Recv] <<< 23:c9:cc:4b:a0:3a,14937,-32,8872,58.96,35.65,62,523057,523564
[Recv] <<< 23:c9:cc:4b:a0:3a,14938,-32,8873,58.95,35.65,28,523085,523592
[Recv] <<< 23:c9:cc:4b:a0:3a,14939,-32,8874,58.95,35.65,37,523122,523629
[Recv] <<< 23:c9:cc:4b:a0:3a,14940,-32,8875,58.95,35.65,27,523149,523656
[Recv] <<< 23:c9:cc:4b:a0:3a,14941,-32,8876,58.94,35.65,31,523180,523687
[Recv] <<< 23:c9:cc:4b:a0:3a,14943,-37,8877,58.95,35.65,79,523259,523766
[Recv] <<< 23:c9:cc:4b:a0:3a,14944,-36,8878,58.94,35.65,39,523298,523805
[Recv] <<< 23:c9:cc:4b:a0:3a,14945,-41,8879,58.94,35.65,34,523332,523839
[Recv] <<< 23:c9:cc:4b:a0:3a,14946,-41,8880,58.94,35.65,40,523372,523879
[Recv] <<< 23:c9:cc:4b:a0:3a,14947,-35,8881,58.93,35.65,25,523397,523904
[Recv] <<< 23:c9:cc:4b:a0:3a,14948,-36,8882,58.93,35.65,33,523430,523937
[Recv] <<< 23:c9:cc:4b:a0:3a,14949,-36,8883,58.93,35.65,28,523458,523965
[Recv] <<< 23:c9:cc:4b:a0:3a,14957,-38,8884,58.95,35.65,286,523744,524251
[Recv] <<< 23:c9:cc:4b:a0:3a,14958,-36,8885,58.95,35.65,38,523782,524289
[Recv] <<< 23:c9:cc:4b:a0:3a,14959,-36,8886,58.95,35.65,34,523816,524323
[Recv] <<< 23:c9:cc:4b:a0:3a,14975,-35,8887,59.00,35.65,525,524341,524848
[Recv] <<< 23:c9:cc:4b:a0:3a,14977,-41,8888,59.00,35.65,82,524423,524930
[Recv] <<< 23:c9:cc:4b:a0:3a,14981,-36,8889,59.01,35.65,131,524554,525061
[Recv] <<< 23:c9:cc:4b:a0:3a,14982,-36,8890,59.01,35.65,31,524585,525092
[Recv] <<< 23:c9:cc:4b:a0:3a,14984,-32,8891,59.01,35.65,58,524643,525150
[Recv] <<< 23:c9:cc:4b:a0:3a,14985,-32,8892,59.01,35.65,39,524682,525189
[Recv] <<< 23:c9:cc:4b:a0:3a,14986,-32,8893,59.00,35.65,34,524716,525223
[Recv] <<< 23:c9:cc:4b:a0:3a,14989,-32,8894,59.01,35.65,101,524817,525324
[Recv] <<< 23:c9:cc:4b:a0:3a,14990,-32,8895,59.01,35.65,36,524853,525360
[Recv] <<< 23:c9:cc:4b:a0:3a,14991,-32,8896,59.00,35.65,30,524883,525390
[Recv] <<< 23:c9:cc:4b:a0:3a,14996,-45,8897,59.01,35.65,165,525048,525555
[Recv] <<< 23:c9:cc:4b:a0:3a,14998,-41,8898,59.01,35.65,66,525114,525621
[Recv] <<< 23:c9:cc:4b:a0:3a,14999,-41,8899,59.01,35.65,33,525147,525654
[Recv] <<< 23:c9:cc:4b:a0:3a,15000,-41,8900,59.01,35.65,31,525178,525685
[Recv] <<< 23:c9:cc:4b:a0:3a,15001,-46,8901,59.01,35.65,34,525212,525719
[Recv] <<< 23:c9:cc:4b:a0:3a,15002,-42,8902,59.00,35.65,34,525246,525753
[Recv] <<< 23:c9:cc:4b:a0:3a,15003,-44,8903,59.00,35.65,38,525284,525791
[Recv] <<< 23:c9:cc:4b:a0:3a,15005,-42,8904,59.00,35.65,68,525352,525859
[Recv] <<< 23:c9:cc:4b:a0:3a,15007,-41,8905,59.00,35.65,61,525413,525920
[Recv] <<< 23:c9:cc:4b:a0:3a,15008,-45,8906,59.00,35.65,38,525451,525958
[Recv] <<< 23:c9:cc:4b:a0:3a,15009,-41,8907,59.00,35.65,35,525486,525993
[Recv] <<< 23:c9:cc:4b:a0:3a,15010,-41,8908,58.99,35.65,30,525516,526023
[Recv] <<< 23:c9:cc:4b:a0:3a,15011,-47,8909,58.99,35.65,39,525555,526062
[Recv] <<< 23:c9:cc:4b:a0:3a,15014,-32,8910,59.00,35.65,109,525664,526171
[Recv] <<< 23:c9:cc:4b:a0:3a,15016,-32,8911,59.00,35.65,65,525729,526236
[Recv] <<< 23:c9:cc:4b:a0:3a,15017,-32,8912,58.99,35.64,32,525761,526268
[Recv] <<< 23:c9:cc:4b:a0:3a,15018,-32,8913,58.99,35.64,37,525798,526305
[Recv] <<< 23:c9:cc:4b:a0:3a,15019,-32,8914,58.99,35.64,35,525833,526340
[Recv] <<< 23:c9:cc:4b:a0:3a,15020,-41,8915,58.99,35.64,27,525860,526367
[Recv] <<< 23:c9:cc:4b:a0:3a,15022,-35,8916,58.99,35.64,64,525924,526431
[Recv] <<< 23:c9:cc:4b:a0:3a,15023,-36,8917,58.98,35.64,29,525953,526460
[Recv] <<< 23:c9:cc:4b:a0:3a,15034,-32,8918,59.02,35.64,381,526334,526841
[Recv] <<< 23:c9:cc:4b:a0:3a,15035,-32,8919,59.02,35.64,37,526371,526878
[Recv] <<< 23:c9:cc:4b:a0:3a,15036,-32,8920,59.01,35.64,27,526398,526905
[Recv] <<< 23:c9:cc:4b:a0:3a,15037,-32,8921,59.01,35.64,35,526433,526940
[Recv] <<< 23:c9:cc:4b:a0:3a,15039,-32,8922,59.01,35.64,66,526499,527006
[Recv] <<< 23:c9:cc:4b:a0:3a,15040,-32,8923,59.01,35.64,35,526534,527041
[Recv] <<< 23:c9:cc:4b:a0:3a,15041,-32,8924,59.01,35.64,33,526567,527074
[Recv] <<< 23:c9:cc:4b:a0:3a,15043,-32,8925,59.01,35.64,68,526635,527142
[Recv] <<< 23:c9:cc:4b:a0:3a,15044,-32,8926,59.00,35.64,32,526667,527174
[Recv] <<< 23:c9:cc:4b:a0:3a,15045,-32,8927,59.00,35.64,33,526700,527207
[Recv] <<< 23:c9:cc:4b:a0:3a,15046,-41,8928,59.00,35.64,30,526730,527237
[Recv] <<< 23:c9:cc:4b:a0:3a,15047,-42,8929,58.99,35.64,33,526763,527270
[Recv] <<< 23:c9:cc:4b:a0:3a,15050,-41,8930,59.00,35.64,101,526864,527371
[Recv] <<< 23:c9:cc:4b:a0:3a,15051,-41,8931,59.00,35.64,31,526895,527402
[Recv] <<< 23:c9:cc:4b:a0:3a,15052,-36,8932,58.99,35.64,34,526929,527436
[Recv] <<< 23:c9:cc:4b:a0:3a,15053,-33,8933,58.99,35.64,29,526958,527465
[Recv] <<< 23:c9:cc:4b:a0:3a,15056,-36,8934,59.00,35.64,105,527063,527570
[Recv] <<< 23:c9:cc:4b:a0:3a,15057,-35,8935,58.99,35.64,31,527094,527601
[Recv] <<< 23:c9:cc:4b:a0:3a,15060,-36,8936,59.00,35.64,100,527194,527701
[Recv] <<< 23:c9:cc:4b:a0:3a,15062,-35,8937,59.00,35.64,69,527263,527770
[Recv] <<< 23:c9:cc:4b:a0:3a,15063,-36,8938,58.99,35.64,32,527295,527802
[Recv] <<< 23:c9:cc:4b:a0:3a,15064,-36,8939,58.99,35.64,32,527327,527834
[Recv] <<< 23:c9:cc:4b:a0:3a,15065,-32,8940,58.99,35.64,33,527360,527867
[Recv] <<< 23:c9:cc:4b:a0:3a,15066,-32,8941,58.99,35.64,30,527390,527897
[Recv] <<< 23:c9:cc:4b:a0:3a,15067,-32,8942,58.98,35.64,39,527429,527936
[Recv] <<< 23:c9:cc:4b:a0:3a,15070,-32,8943,58.99,35.64,102,527531,528038
[Recv] <<< 23:c9:cc:4b:a0:3a,15071,-32,8944,58.98,35.64,26,527557,528064
[Recv] <<< 23:c9:cc:4b:a0:3a,15072,-32,8945,58.98,35.64,38,527595,528102
[Recv] <<< 23:c9:cc:4b:a0:3a,15073,-32,8946,58.98,35.64,30,527625,528132
[Recv] <<< 23:c9:cc:4b:a0:3a,15074,-32,8947,58.98,35.64,37,527662,528169
[Recv] <<< 23:c9:cc:4b:a0:3a,15075,-32,8948,58.97,35.64,30,527692,528199
[Recv] <<< 23:c9:cc:4b:a0:3a,15076,-32,8949,58.97,35.64,41,527733,528240
[Recv] <<< 23:c9:cc:4b:a0:3a,15077,-32,8950,58.97,35.64,39,527772,528279
[Recv] <<< 23:c9:cc:4b:a0:3a,15078,-32,8951,58.97,35.64,30,527802,528309
[Recv] <<< 23:c9:cc:4b:a0:3a,15079,-32,8952,58.96,35.64,28,527830,528337
[Recv] <<< 23:c9:cc:4b:a0:3a,15080,-32,8953,58.96,35.64,42,527872,528379
[Recv] <<< 23:c9:cc:4b:a0:3a,15081,-32,8954,58.96,35.64,32,527904,528411
[Recv] <<< 23:c9:cc:4b:a0:3a,15112,-45,8955,59.07,35.63,1069,528973,529480
[Recv] <<< 23:c9:cc:4b:a0:3a,15116,-41,8956,59.08,35.63,144,529117,529624
[Recv] <<< 23:c9:cc:4b:a0:3a,15118,-35,8957,59.08,35.63,64,529181,529688
[Recv] <<< 23:c9:cc:4b:a0:3a,15119,-36,8958,59.08,35.63,30,529211,529718
[Recv] <<< 23:c9:cc:4b:a0:3a,15120,-36,8959,59.08,35.63,43,529254,529761
[Recv] <<< 23:c9:cc:4b:a0:3a,15123,-36,8960,59.08,35.63,96,529350,529857
[Recv] <<< 23:c9:cc:4b:a0:3a,15125,-32,8961,59.08,35.63,72,529422,529929
[Recv] <<< 23:c9:cc:4b:a0:3a,15126,-32,8962,59.08,35.63,27,529449,529956
[Recv] <<< 23:c9:cc:4b:a0:3a,15127,-32,8963,59.07,35.63,37,529486,529993
[Recv] <<< 23:c9:cc:4b:a0:3a,15128,-32,8964,59.07,35.63,23,529509,530016
[Recv] <<< 23:c9:cc:4b:a0:3a,15129,-45,8965,59.07,35.63,37,529546,530053
[Recv] <<< 23:c9:cc:4b:a0:3a,15130,-41,8966,59.07,35.63,36,529582,530089
[Recv] <<< 23:c9:cc:4b:a0:3a,15131,-41,8967,59.06,35.63,34,529616,530123
[Recv] <<< 23:c9:cc:4b:a0:3a,15132,-41,8968,59.06,35.63,28,529644,530151
[Recv] <<< 23:c9:cc:4b:a0:3a,15134,-42,8969,59.06,35.63,78,529722,530229
[Recv] <<< 23:c9:cc:4b:a0:3a,15135,-41,8970,59.06,35.63,32,529754,530261
[Recv] <<< 23:c9:cc:4b:a0:3a,15136,-32,8971,59.06,35.63,39,529793,530300
[Recv] <<< 23:c9:cc:4b:a0:3a,15137,-32,8972,59.05,35.63,43,529836,530343
[Recv] <<< 23:c9:cc:4b:a0:3a,15138,-36,8973,59.05,35.63,44,529880,530387
[Recv] <<< 23:c9:cc:4b:a0:3a,15139,-36,8974,59.05,35.63,31,529911,530418
[Recv] <<< 23:c9:cc:4b:a0:3a,15140,-36,8975,59.05,35.63,42,529953,530460
[Recv] <<< 23:c9:cc:4b:a0:3a,15141,-34,8976,59.04,35.63,25,529978,530485
[Recv] <<< 23:c9:cc:4b:a0:3a,15143,-32,8977,59.05,35.63,73,530051,530558
[Recv] <<< 23:c9:cc:4b:a0:3a,15144,-32,8978,59.04,35.63,34,530085,530592
[Recv] <<< 23:c9:cc:4b:a0:3a,15145,-41,8979,59.04,35.63,28,530113,530620
[Recv] <<< 23:c9:cc:4b:a0:3a,15146,-41,8980,59.04,35.63,39,530152,530659
[Recv] <<< 23:c9:cc:4b:a0:3a,15148,-41,8981,59.04,35.63,76,530228,530735
[Recv] <<< 23:c9:cc:4b:a0:3a,15149,-41,8982,59.04,35.63,28,530256,530763
[Recv] <<< 23:c9:cc:4b:a0:3a,15150,-41,8983,59.03,35.63,40,530296,530803
[Recv] <<< 23:c9:cc:4b:a0:3a,15151,-41,8984,59.03,35.63,31,530327,530834
[Recv] <<< 23:c9:cc:4b:a0:3a,15152,-41,8985,59.03,35.63,31,530358,530865
[Recv] <<< 23:c9:cc:4b:a0:3a,15153,-41,8986,59.03,35.63,41,530399,530906
[Recv] <<< 23:c9:cc:4b:a0:3a,15155,-37,8987,59.03,35.63,67,530466,530973
[Recv] <<< 23:c9:cc:4b:a0:3a,15156,-35,8988,59.02,35.63,28,530494,531001
[Recv] <<< 23:c9:cc:4b:a0:3a,15157,-42,8989,59.02,35.63,46,530540,531047
[Recv] <<< 23:c9:cc:4b:a0:3a,15158,-45,8990,59.02,35.63,32,530572,531079
[Recv] <<< 23:c9:cc:4b:a0:3a,15159,-41,8991,59.02,35.63,43,530615,531122
[Recv] <<< 23:c9:cc:4b:a0:3a,15160,-41,8992,59.01,35.63,37,530652,531159
[Recv] <<< 23:c9:cc:4b:a0:3a,15162,-36,8993,59.01,35.63,62,530714,531221
[Recv] <<< 23:c9:cc:4b:a0:3a,15163,-36,8994,59.01,35.63,29,530743,531250
[Recv] <<< 23:c9:cc:4b:a0:3a,15164,-41,8995,59.01,35.63,38,530781,531288
[Recv] <<< 23:c9:cc:4b:a0:3a,15166,-41,8996,59.01,35.63,77,530858,531365
[Recv] <<< 23:c9:cc:4b:a0:3a,15167,-41,8997,59.01,35.63,44,530902,531409
[Recv] <<< 23:c9:cc:4b:a0:3a,15168,-42,8998,59.01,35.63,34,530936,531443
[Recv] <<< 23:c9:cc:4b:a0:3a,15169,-41,8999,59.00,35.63,37,530973,531480
[Recv] <<< 23:c9:cc:4b:a0:3a,15171,-42,9000,59.00,35.63,61,531034,531541
[Recv] <<< 23:c9:cc:4b:a0:3a,15172,-41,9001,59.00,35.63,38,531072,531579
[Recv] <<< 23:c9:cc:4b:a0:3a,15173,-43,9002,59.00,35.63,37,531109,531616
[Recv] <<< 23:c9:cc:4b:a0:3a,15174,-41,9003,59.00,35.63,28,531137,531644
[Recv] <<< 23:c9:cc:4b:a0:3a,15175,-41,9004,58.99,35.63,47,531184,531691
[Recv] <<< 23:c9:cc:4b:a0:3a,15176,-42,9005,58.99,35.63,32,531216,531723
[Recv] <<< 23:c9:cc:4b:a0:3a,15177,-42,9006,58.99,35.63,35,531251,531758
[Recv] <<< 23:c9:cc:4b:a0:3a,15178,-45,9007,58.98,35.63,25,531276,531783
[Recv] <<< 23:c9:cc:4b:a0:3a,15181,-42,9008,58.99,35.63,106,531382,531889
[Recv] <<< 23:c9:cc:4b:a0:3a,15182,-41,9009,58.99,35.63,32,531414,531921
[Recv] <<< 23:c9:cc:4b:a0:3a,15183,-35,9010,58.98,35.63,31,531445,531952
[Recv] <<< 23:c9:cc:4b:a0:3a,15184,-35,9011,58.98,35.63,41,531486,531993
[Recv] <<< 23:c9:cc:4b:a0:3a,15185,-36,9012,58.98,35.63,32,531518,532025
[Recv] <<< 23:c9:cc:4b:a0:3a,15186,-35,9013,58.98,35.63,31,531549,532056
[Recv] <<< 23:c9:cc:4b:a0:3a,15187,-35,9014,58.97,35.63,32,531581,532088
[Recv] <<< 23:c9:cc:4b:a0:3a,15188,-35,9015,58.97,35.63,35,531616,532123
[Recv] <<< 23:c9:cc:4b:a0:3a,15190,-36,9016,58.97,35.63,68,531684,532191
[Recv] <<< 23:c9:cc:4b:a0:3a,15195,-36,9017,58.98,35.63,178,531862,532369
[Recv] <<< 23:c9:cc:4b:a0:3a,15196,-36,9018,58.98,35.63,33,531895,532402
[Recv] <<< 23:c9:cc:4b:a0:3a,15199,-36,9019,58.99,35.63,111,532006,532513
[Recv] <<< 23:c9:cc:4b:a0:3a,15201,-36,9020,58.99,35.63,74,532080,532587
[Recv] <<< 23:c9:cc:4b:a0:3a,15202,-41,9021,58.99,35.63,33,532113,532620
[Recv] <<< 23:c9:cc:4b:a0:3a,15203,-41,9022,58.98,35.63,42,532155,532662
[Recv] <<< 23:c9:cc:4b:a0:3a,15204,-41,9023,58.98,35.63,38,532193,532700
[Recv] <<< 23:c9:cc:4b:a0:3a,15205,-42,9024,58.98,35.63,31,532224,532731
[Recv] <<< 23:c9:cc:4b:a0:3a,15206,-41,9025,58.98,35.63,34,532258,532765
[Recv] <<< 23:c9:cc:4b:a0:3a,15207,-32,9026,58.97,35.63,37,532295,532802
[Recv] <<< 23:c9:cc:4b:a0:3a,15208,-32,9027,58.97,35.63,40,532335,532842
[Recv] <<< 23:c9:cc:4b:a0:3a,15209,-32,9028,58.97,35.63,38,532373,532880
[Recv] <<< 23:c9:cc:4b:a0:3a,15210,-32,9029,58.97,35.63,38,532411,532918
[Recv] <<< 23:c9:cc:4b:a0:3a,15211,-32,9030,58.96,35.63,28,532439,532946
[Recv] <<< 23:c9:cc:4b:a0:3a,15213,-45,9031,58.96,35.63,70,532509,533016
[Recv] <<< 23:c9:cc:4b:a0:3a,15214,-41,9032,58.96,35.63,28,532537,533044
[Recv] <<< 23:c9:cc:4b:a0:3a,15215,-45,9033,58.96,35.63,40,532577,533084
[Recv] <<< 23:c9:cc:4b:a0:3a,15216,-41,9034,58.96,35.63,33,532610,533117
[Recv] <<< 23:c9:cc:4b:a0:3a,15221,-41,9035,58.97,35.63,174,532784,533291
[Recv] <<< 23:c9:cc:4b:a0:3a,15222,-32,9036,58.97,35.63,35,532819,533326
[Recv] <<< 23:c9:cc:4b:a0:3a,15224,-42,9037,58.97,35.63,68,532887,533394
[Recv] <<< 23:c9:cc:4b:a0:3a,15225,-42,9038,58.96,35.63,33,532920,533427
[Recv] <<< 23:c9:cc:4b:a0:3a,15226,-42,9039,58.96,35.63,33,532953,533460
[Recv] <<< 23:c9:cc:4b:a0:3a,15228,-41,9040,58.96,35.63,70,533023,533530
[Recv] <<< 23:c9:cc:4b:a0:3a,15229,-32,9041,58.96,35.63,37,533060,533567
[Recv] <<< 23:c9:cc:4b:a0:3a,15230,-32,9042,58.96,35.63,35,533095,533602
[Recv] <<< 23:c9:cc:4b:a0:3a,15233,-41,9043,58.96,35.63,108,533203,533710
[Recv] <<< 23:c9:cc:4b:a0:3a,15234,-42,9044,58.96,35.63,33,533236,533743
[Recv] <<< 23:c9:cc:4b:a0:3a,15235,-41,9045,58.96,35.63,33,533269,533776
[Recv] <<< 23:c9:cc:4b:a0:3a,15236,-45,9046,58.96,35.63,39,533308,533815
[Recv] <<< 23:c9:cc:4b:a0:3a,15239,-36,9047,58.96,35.63,91,533399,533906
[Recv] <<< 23:c9:cc:4b:a0:3a,15241,-32,9048,58.96,35.63,61,533460,533967
[Recv] <<< 23:c9:cc:4b:a0:3a,15242,-32,9049,58.96,35.63,35,533495,534002
[Recv] <<< 23:c9:cc:4b:a0:3a,15243,-32,9050,58.95,35.63,30,533525,534032
[Recv] <<< 23:c9:cc:4b:a0:3a,15244,-32,9051,58.95,35.62,29,533554,534061
[Recv] <<< 23:c9:cc:4b:a0:3a,15245,-32,9052,58.95,35.62,36,533590,534097
[Recv] <<< 23:c9:cc:4b:a0:3a,15247,-41,9053,58.95,35.62,67,533657,534164
[Recv] <<< 23:c9:cc:4b:a0:3a,15251,-41,9054,58.96,35.62,140,533797,534304
[Recv] <<< 23:c9:cc:4b:a0:3a,15252,-43,9055,58.95,35.62,36,533833,534340
[Recv] <<< 23:c9:cc:4b:a0:3a,15253,-42,9056,58.95,35.62,35,533868,534375
[Recv] <<< 23:c9:cc:4b:a0:3a,15254,-41,9057,58.95,35.62,33,533901,534408
[Recv] <<< 23:c9:cc:4b:a0:3a,15255,-41,9058,58.95,35.62,37,533938,534445
[Recv] <<< 23:c9:cc:4b:a0:3a,15256,-41,9059,58.94,35.62,37,533975,534482
[Recv] <<< 23:c9:cc:4b:a0:3a,15258,-36,9060,58.94,35.62,59,534034,534541
[Recv] <<< 23:c9:cc:4b:a0:3a,15260,-36,9061,58.95,35.62,76,534110,534617
[Recv] <<< 23:c9:cc:4b:a0:3a,15261,-41,9062,58.94,35.62,42,534152,534659
[Recv] <<< 23:c9:cc:4b:a0:3a,15262,-41,9063,58.94,35.62,27,534179,534686
[Recv] <<< 23:c9:cc:4b:a0:3a,15264,-41,9064,58.94,35.62,80,534259,534766
[Recv] <<< 23:c9:cc:4b:a0:3a,15265,-36,9065,58.94,35.62,23,534282,534789
[Recv] <<< 23:c9:cc:4b:a0:3a,15266,-41,9066,58.94,35.62,45,534327,534834
[Recv] <<< 23:c9:cc:4b:a0:3a,15267,-41,9067,58.93,35.62,28,534355,534862
[Recv] <<< 23:c9:cc:4b:a0:3a,15269,-36,9068,58.93,35.62,66,534421,534928
[Recv] <<< 23:c9:cc:4b:a0:3a,15270,-35,9069,58.93,35.62,36,534457,534964
[Recv] <<< 23:c9:cc:4b:a0:3a,15271,-35,9070,58.93,35.62,27,534484,534991
[Recv] <<< 23:c9:cc:4b:a0:3a,15273,-32,9071,58.93,35.62,70,534554,535061
[Recv] <<< 23:c9:cc:4b:a0:3a,15277,-32,9072,58.94,35.62,131,534685,535192
[Recv] <<< 23:c9:cc:4b:a0:3a,15278,-32,9073,58.94,35.62,38,534723,535230
[Recv] <<< 23:c9:cc:4b:a0:3a,15279,-35,9074,58.93,35.62,39,534762,535269
[Recv] <<< 23:c9:cc:4b:a0:3a,15280,-35,9075,58.93,35.62,43,534805,535312
[Recv] <<< 23:c9:cc:4b:a0:3a,15281,-36,9076,58.93,35.62,30,534835,535342
[Recv] <<< 23:c9:cc:4b:a0:3a,15282,-36,9077,58.93,35.62,37,534872,535379
[Recv] <<< 23:c9:cc:4b:a0:3a,15285,-32,9078,58.93,35.62,91,534963,535470
[Recv] <<< 23:c9:cc:4b:a0:3a,15286,-32,9079,58.93,35.62,42,535005,535512
[Recv] <<< 23:c9:cc:4b:a0:3a,15287,-33,9080,58.92,35.62,24,535029,535536
[Recv] <<< 23:c9:cc:4b:a0:3a,15290,-42,9081,58.93,35.62,113,535142,535649
[Recv] <<< 23:c9:cc:4b:a0:3a,15292,-35,9082,58.93,35.62,56,535198,535705
[Recv] <<< 23:c9:cc:4b:a0:3a,15294,-33,9083,58.93,35.62,65,535263,535770
[Recv] <<< 23:c9:cc:4b:a0:3a,15295,-41,9084,58.93,35.62,34,535297,535804
[Recv] <<< 23:c9:cc:4b:a0:3a,15296,-32,9085,58.92,35.62,36,535333,535840
[Recv] <<< 23:c9:cc:4b:a0:3a,15297,-45,9086,58.92,35.62,39,535372,535879
[Recv] <<< 23:c9:cc:4b:a0:3a,15298,-32,9087,58.92,35.62,32,535404,535911
[Recv] <<< 23:c9:cc:4b:a0:3a,15299,-42,9088,58.92,35.62,40,535444,535951
[Recv] <<< 23:c9:cc:4b:a0:3a,15300,-45,9089,58.91,35.62,24,535468,535975
[Recv] <<< 23:c9:cc:4b:a0:3a,15301,-35,9090,58.91,35.62,36,535504,536011
[Recv] <<< 23:c9:cc:4b:a0:3a,15302,-35,9091,58.91,35.62,35,535539,536046
[Recv] <<< 23:c9:cc:4b:a0:3a,15303,-36,9092,58.91,35.62,26,535565,536072
[Recv] <<< 23:c9:cc:4b:a0:3a,15304,-36,9093,58.90,35.62,35,535600,536107
[Recv] <<< 23:c9:cc:4b:a0:3a,15305,-36,9094,58.90,35.62,36,535636,536143
[Recv] <<< 23:c9:cc:4b:a0:3a,15306,-36,9095,58.90,35.62,32,535668,536175
[Recv] <<< 23:c9:cc:4b:a0:3a,15308,-32,9096,58.90,35.62,69,535737,536244
[Recv] <<< 23:c9:cc:4b:a0:3a,15309,-32,9097,58.90,35.62,32,535769,536276
[Recv] <<< 23:c9:cc:4b:a0:3a,15310,-32,9098,58.89,35.62,23,535792,536299
[Recv] <<< 23:c9:cc:4b:a0:3a,15311,-42,9099,58.89,35.62,36,535828,536335
[Recv] <<< 23:c9:cc:4b:a0:3a,15312,-42,9100,58.89,35.62,32,535860,536367
[Recv] <<< 23:c9:cc:4b:a0:3a,15313,-42,9101,58.88,35.62,35,535895,536402
[Recv] <<< 23:c9:cc:4b:a0:3a,15317,-35,9102,58.89,35.62,136,536031,536538
[Recv] <<< 23:c9:cc:4b:a0:3a,15318,-36,9103,58.89,35.62,30,536061,536568
[Recv] <<< 23:c9:cc:4b:a0:3a,15319,-36,9104,58.89,35.62,39,536100,536607
[Recv] <<< 23:c9:cc:4b:a0:3a,15320,-32,9105,58.88,35.62,31,536131,536638
[Recv] <<< 23:c9:cc:4b:a0:3a,15321,-32,9106,58.88,35.62,25,536156,536663
[Recv] <<< 23:c9:cc:4b:a0:3a,15322,-32,9107,58.88,35.62,40,536196,536703
[Recv] <<< 23:c9:cc:4b:a0:3a,15323,-32,9108,58.87,35.62,35,536231,536738
[Recv] <<< 23:c9:cc:4b:a0:3a,15325,-42,9109,58.87,35.61,57,536288,536795
[Recv] <<< 23:c9:cc:4b:a0:3a,15335,-35,9110,58.91,35.61,358,536646,537153
[Recv] <<< 23:c9:cc:4b:a0:3a,15336,-35,9111,58.90,35.61,34,536680,537187
[Recv] <<< 23:c9:cc:4b:a0:3a,15337,-42,9112,58.90,35.62,45,536725,537232
[Recv] <<< 23:c9:cc:4b:a0:3a,15338,-32,9113,58.90,35.62,41,536766,537273
[Recv] <<< 23:c9:cc:4b:a0:3a,15339,-32,9114,58.90,35.62,32,536798,537305
[Recv] <<< 23:c9:cc:4b:a0:3a,15342,-33,9115,58.90,35.62,101,536899,537406
[Recv] <<< 23:c9:cc:4b:a0:3a,15343,-33,9116,58.90,35.62,42,536941,537448
[Recv] <<< 23:c9:cc:4b:a0:3a,15344,-32,9117,58.90,35.62,35,536976,537483
[Recv] <<< 23:c9:cc:4b:a0:3a,15345,-32,9118,58.90,35.62,34,537010,537517
[Recv] <<< 23:c9:cc:4b:a0:3a,15347,-33,9119,58.90,35.61,63,537073,537580
[Recv] <<< 23:c9:cc:4b:a0:3a,15354,-32,9120,58.92,35.61,244,537317,537824
[Recv] <<< 23:c9:cc:4b:a0:3a,15355,-32,9121,58.91,35.61,34,537351,537858
[Recv] <<< 23:c9:cc:4b:a0:3a,15356,-32,9122,58.91,35.61,30,537381,537888
[Recv] <<< 23:c9:cc:4b:a0:3a,15357,-42,9123,58.91,35.61,33,537414,537921
[Recv] <<< 23:c9:cc:4b:a0:3a,15358,-41,9124,58.91,35.61,39,537453,537960
[Recv] <<< 23:c9:cc:4b:a0:3a,15359,-42,9125,58.90,35.61,29,537482,537989
[Recv] <<< 23:c9:cc:4b:a0:3a,15360,-45,9126,58.90,35.61,31,537513,538020
[Recv] <<< 23:c9:cc:4b:a0:3a,15361,-42,9127,58.90,35.61,32,537545,538052
[Recv] <<< 23:c9:cc:4b:a0:3a,15364,-35,9128,58.90,35.61,93,537638,538145
[Recv] <<< 23:c9:cc:4b:a0:3a,15365,-35,9129,58.90,35.61,30,537668,538175
[Recv] <<< 23:c9:cc:4b:a0:3a,15366,-36,9130,58.89,35.61,40,537708,538215
[Recv] <<< 23:c9:cc:4b:a0:3a,15369,-35,9131,58.90,35.61,102,537810,538317
[Recv] <<< 23:c9:cc:4b:a0:3a,15370,-37,9132,58.90,35.61,40,537850,538357
[Recv] <<< 23:c9:cc:4b:a0:3a,15371,-36,9133,58.89,35.61,33,537883,538390
[Recv] <<< 23:c9:cc:4b:a0:3a,15372,-38,9134,58.89,35.61,34,537917,538424
[Recv] <<< 23:c9:cc:4b:a0:3a,15388,-42,9135,58.95,35.61,580,538497,539004
[Recv] <<< 23:c9:cc:4b:a0:3a,15389,-45,9136,58.95,35.61,31,538528,539035
[Recv] <<< 23:c9:cc:4b:a0:3a,15392,-42,9137,58.95,35.61,103,538631,539138
[Recv] <<< 23:c9:cc:4b:a0:3a,15393,-41,9138,58.95,35.61,38,538669,539176
[Recv] <<< 23:c9:cc:4b:a0:3a,15395,-35,9139,58.95,35.61,63,538732,539239
[Recv] <<< 23:c9:cc:4b:a0:3a,15413,-32,9140,59.01,35.61,598,539330,539837
[Recv] <<< 23:c9:cc:4b:a0:3a,15414,-32,9141,59.01,35.61,39,539369,539876
[Recv] <<< 23:c9:cc:4b:a0:3a,15415,-32,9142,59.00,35.61,33,539402,539909
[Recv] <<< 23:c9:cc:4b:a0:3a,15416,-32,9143,59.00,35.61,33,539435,539942
[Recv] <<< 23:c9:cc:4b:a0:3a,15418,-36,9144,59.00,35.61,83,539518,540025
[Recv] <<< 23:c9:cc:4b:a0:3a,15419,-41,9145,59.00,35.61,33,539551,540058
[Recv] <<< 23:c9:cc:4b:a0:3a,15420,-35,9146,59.00,35.61,34,539585,540092
[Recv] <<< 23:c9:cc:4b:a0:3a,15421,-35,9147,58.99,35.61,36,539621,540128
[Recv] <<< 23:c9:cc:4b:a0:3a,15439,-32,9148,59.05,35.61,595,540216,540723
[Recv] <<< 23:c9:cc:4b:a0:3a,15472,-35,9149,59.17,35.60,1099,541315,541822
[Recv] <<< 23:c9:cc:4b:a0:3a,15473,-36,9150,59.16,35.60,36,541351,541858
[Recv] <<< 23:c9:cc:4b:a0:3a,15474,-36,9151,59.16,35.60,32,541383,541890
[Recv] <<< 23:c9:cc:4b:a0:3a,15475,-36,9152,59.16,35.60,41,541424,541931
[Recv] <<< 23:c9:cc:4b:a0:3a,15476,-36,9153,59.16,35.60,35,541459,541966
[Recv] <<< 23:c9:cc:4b:a0:3a,15477,-35,9154,59.15,35.60,33,541492,541999
[Recv] <<< 23:c9:cc:4b:a0:3a,15479,-32,9155,59.15,35.60,65,541557,542064
[Recv] <<< 23:c9:cc:4b:a0:3a,15481,-32,9156,59.15,35.60,55,541612,542119
[Recv] <<< 23:c9:cc:4b:a0:3a,15483,-32,9157,59.16,35.60,71,541683,542190
[Recv] <<< 23:c9:cc:4b:a0:3a,15510,-36,9158,59.25,35.60,911,542594,543101
[Recv] <<< 23:c9:cc:4b:a0:3a,15511,-35,9159,59.24,35.60,28,542622,543129
[Recv] <<< 23:c9:cc:4b:a0:3a,15512,-36,9160,59.24,35.60,36,542658,543165
[Recv] <<< 23:c9:cc:4b:a0:3a,15513,-35,9161,59.24,35.60,39,542697,543204
[Recv] <<< 23:c9:cc:4b:a0:3a,15514,-35,9162,59.24,35.60,29,542726,543233
[Recv] <<< 23:c9:cc:4b:a0:3a,15515,-35,9163,59.23,35.60,31,542757,543264
[Recv] <<< 23:c9:cc:4b:a0:3a,15516,-35,9164,59.23,35.60,32,542789,543296
[Recv] <<< 23:c9:cc:4b:a0:3a,15525,-32,9165,59.26,35.59,305,543094,543601
[Recv] <<< 23:c9:cc:4b:a0:3a,15526,-32,9166,59.26,35.59,41,543135,543642
[Recv] <<< 23:c9:cc:4b:a0:3a,15527,-32,9167,59.25,35.59,30,543165,543672
[Recv] <<< 23:c9:cc:4b:a0:3a,15528,-32,9168,59.25,35.59,31,543196,543703
[Recv] <<< 23:c9:cc:4b:a0:3a,15529,-32,9169,59.25,35.59,34,543230,543737
[Recv] <<< 23:c9:cc:4b:a0:3a,15530,-32,9170,59.24,35.59,31,543261,543768
[Recv] <<< 23:c9:cc:4b:a0:3a,15533,-41,9171,59.25,35.59,97,543358,543865
[Recv] <<< 23:c9:cc:4b:a0:3a,15545,-41,9172,59.29,35.59,420,543778,544285
[Recv] <<< 23:c9:cc:4b:a0:3a,15546,-35,9173,59.28,35.59,28,543806,544313
[Recv] <<< 23:c9:cc:4b:a0:3a,15547,-36,9174,59.28,35.59,25,543831,544338
[Recv] <<< 23:c9:cc:4b:a0:3a,15549,-35,9175,59.28,35.59,68,543899,544406
[Recv] <<< 23:c9:cc:4b:a0:3a,15560,-32,9176,59.31,35.59,370,544269,544776
[Recv] <<< 23:c9:cc:4b:a0:3a,15562,-36,9177,59.32,35.59,66,544335,544842
[Recv] <<< 23:c9:cc:4b:a0:3a,15563,-38,9178,59.31,35.59,42,544377,544884
[Recv] <<< 23:c9:cc:4b:a0:3a,15565,-32,9179,59.31,35.59,68,544445,544952
[Recv] <<< 23:c9:cc:4b:a0:3a,15566,-32,9180,59.31,35.59,23,544468,544975
[Recv] <<< 23:c9:cc:4b:a0:3a,15567,-45,9181,59.31,35.59,33,544501,545008
[Recv] <<< 23:c9:cc:4b:a0:3a,15568,-42,9182,59.30,35.59,36,544537,545044
[Recv] <<< 23:c9:cc:4b:a0:3a,15569,-41,9183,59.30,35.59,35,544572,545079
[Recv] <<< 23:c9:cc:4b:a0:3a,15634,-32,9184,59.54,35.58,2234,546806,547313
[Recv] <<< 23:c9:cc:4b:a0:3a,15635,-32,9185,59.54,35.58,37,546843,547350
[Recv] <<< 23:c9:cc:4b:a0:3a,15636,-41,9186,59.53,35.58,29,546872,547379
[Recv] <<< 23:c9:cc:4b:a0:3a,15637,-38,9187,59.53,35.58,32,546904,547411
[Recv] <<< 23:c9:cc:4b:a0:3a,15638,-41,9188,59.53,35.58,31,546935,547442
[Recv] <<< 23:c9:cc:4b:a0:3a,15643,-41,9189,59.54,35.58,171,547106,547613
[Recv] <<< 23:c9:cc:4b:a0:3a,15644,-41,9190,59.54,35.58,42,547148,547655
[Recv] <<< 23:c9:cc:4b:a0:3a,15645,-36,9191,59.53,35.58,35,547183,547690
[Recv] <<< 23:c9:cc:4b:a0:3a,15646,-35,9192,59.53,35.58,29,547212,547719
[Recv] <<< 23:c9:cc:4b:a0:3a,15649,-35,9193,59.54,35.58,114,547326,547833
[Recv] <<< 23:c9:cc:4b:a0:3a,15654,-36,9194,59.55,35.58,176,547502,548009
[Recv] <<< 23:c9:cc:4b:a0:3a,15655,-36,9195,59.55,35.58,35,547537,548044
[Recv] <<< 23:c9:cc:4b:a0:3a,15657,-33,9196,59.55,35.58,63,547600,548107
[Recv] <<< 23:c9:cc:4b:a0:3a,15658,-36,9197,59.55,35.58,37,547637,548144
[Recv] <<< 23:c9:cc:4b:a0:3a,15661,-36,9198,59.55,35.58,104,547741,548248
[Recv] <<< 23:c9:cc:4b:a0:3a,15662,-35,9199,59.55,35.58,35,547776,548283
[Recv] <<< 23:c9:cc:4b:a0:3a,15666,-32,9200,59.56,35.58,145,547921,548428
[Recv] <<< 23:c9:cc:4b:a0:3a,15667,-32,9201,59.55,35.58,34,547955,548462
[Recv] <<< 23:c9:cc:4b:a0:3a,15668,-32,9202,59.55,35.58,30,547985,548492
[Recv] <<< 23:c9:cc:4b:a0:3a,15669,-33,9203,59.55,35.58,39,548024,548531
[Recv] <<< 23:c9:cc:4b:a0:3a,15670,-35,9204,59.55,35.58,36,548060,548567
[Recv] <<< 23:c9:cc:4b:a0:3a,15671,-41,9205,59.54,35.58,44,548104,548611
[Recv] <<< 23:c9:cc:4b:a0:3a,15672,-41,9206,59.54,35.58,32,548136,548643
[Recv] <<< 23:c9:cc:4b:a0:3a,15674,-45,9207,59.54,35.58,77,548213,548720
[Recv] <<< 23:c9:cc:4b:a0:3a,15675,-41,9208,59.54,35.58,33,548246,548753
[Recv] <<< 23:c9:cc:4b:a0:3a,15676,-41,9209,59.54,35.58,31,548277,548784
[Recv] <<< 23:c9:cc:4b:a0:3a,15677,-41,9210,59.53,35.58,35,548312,548819
[Recv] <<< 23:c9:cc:4b:a0:3a,15680,-46,9211,59.54,35.58,102,548414,548921
[Recv] <<< 23:c9:cc:4b:a0:3a,15683,-41,9212,59.54,35.58,109,548523,549030
[Recv] <<< 23:c9:cc:4b:a0:3a,15684,-46,9213,59.54,35.58,31,548554,549061
[Recv] <<< 23:c9:cc:4b:a0:3a,15686,-41,9214,59.54,35.58,71,548625,549132
[Recv] <<< 23:c9:cc:4b:a0:3a,15687,-41,9215,59.54,35.58,27,548652,549159
[Recv] <<< 23:c9:cc:4b:a0:3a,15688,-41,9216,59.54,35.58,40,548692,549199
[Recv] <<< 23:c9:cc:4b:a0:3a,15691,-41,9217,59.54,35.58,97,548789,549296
[Recv] <<< 23:c9:cc:4b:a0:3a,15692,-41,9218,59.54,35.58,43,548832,549339
[Recv] <<< 23:c9:cc:4b:a0:3a,15695,-45,9219,59.54,35.58,109,548941,549448
[Recv] <<< 23:c9:cc:4b:a0:3a,15696,-41,9220,59.54,35.58,35,548976,549483
[Recv] <<< 23:c9:cc:4b:a0:3a,15697,-41,9221,59.54,35.58,31,549007,549514
[Recv] <<< 23:c9:cc:4b:a0:3a,15699,-36,9222,59.54,35.58,63,549070,549577
[Recv] <<< 23:c9:cc:4b:a0:3a,15700,-41,9223,59.54,35.58,34,549104,549611
[Recv] <<< 23:c9:cc:4b:a0:3a,15701,-48,9224,59.53,35.58,35,549139,549646
[Recv] <<< 23:c9:cc:4b:a0:3a,15703,-32,9225,59.54,35.58,80,549219,549726
[Recv] <<< 23:c9:cc:4b:a0:3a,15704,-32,9226,59.53,35.58,36,549255,549762
[Recv] <<< 23:c9:cc:4b:a0:3a,15705,-32,9227,59.53,35.58,33,549288,549795
[Recv] <<< 23:c9:cc:4b:a0:3a,15706,-32,9228,59.53,35.58,34,549322,549829
[Recv] <<< 23:c9:cc:4b:a0:3a,15708,-32,9229,59.53,35.58,67,549389,549896
[Recv] <<< 23:c9:cc:4b:a0:3a,15710,-43,9230,59.53,35.58,60,549449,549956
[Recv] <<< 23:c9:cc:4b:a0:3a,15711,-41,9231,59.53,35.58,38,549487,549994
[Recv] <<< 23:c9:cc:4b:a0:3a,15712,-41,9232,59.52,35.58,36,549523,550030
[Recv] <<< 23:c9:cc:4b:a0:3a,15713,-41,9233,59.52,35.58,33,549556,550063
[Recv] <<< 23:c9:cc:4b:a0:3a,15714,-41,9234,59.52,35.58,33,549589,550096
[Recv] <<< 23:c9:cc:4b:a0:3a,15715,-41,9235,59.51,35.58,31,549620,550127
[Recv] <<< 23:c9:cc:4b:a0:3a,15717,-33,9236,59.52,35.58,62,549682,550189
[Recv] <<< 23:c9:cc:4b:a0:3a,15718,-35,9237,59.51,35.58,29,549711,550218
[Recv] <<< 23:c9:cc:4b:a0:3a,15720,-32,9238,59.51,35.58,64,549775,550282
[Recv] <<< 23:c9:cc:4b:a0:3a,15721,-32,9239,59.51,35.58,39,549814,550321
[Recv] <<< 23:c9:cc:4b:a0:3a,15723,-41,9240,59.51,35.58,73,549887,550394
[Recv] <<< 23:c9:cc:4b:a0:3a,15724,-41,9241,59.51,35.58,38,549925,550432
[Recv] <<< 23:c9:cc:4b:a0:3a,15725,-41,9242,59.51,35.58,35,549960,550467
[Recv] <<< 23:c9:cc:4b:a0:3a,15726,-32,9243,59.50,35.58,34,549994,550501
[Recv] <<< 23:c9:cc:4b:a0:3a,15727,-32,9244,59.50,35.58,44,550038,550545
[Recv] <<< 23:c9:cc:4b:a0:3a,15730,-32,9245,59.51,35.58,109,550147,550654
[Recv] <<< 23:c9:cc:4b:a0:3a,15731,-32,9246,59.50,35.58,31,550178,550685
[Recv] <<< 23:c9:cc:4b:a0:3a,15732,-32,9247,59.50,35.58,28,550206,550713
[Recv] <<< 23:c9:cc:4b:a0:3a,15733,-41,9248,59.50,35.58,35,550241,550748
[Recv] <<< 23:c9:cc:4b:a0:3a,15734,-41,9249,59.50,35.58,36,550277,550784
[Recv] <<< 23:c9:cc:4b:a0:3a,15735,-32,9250,59.49,35.58,49,550326,550833
[Recv] <<< 23:c9:cc:4b:a0:3a,15736,-32,9251,59.49,35.58,32,550358,550865
[Recv] <<< 23:c9:cc:4b:a0:3a,15738,-32,9252,59.49,35.58,64,550422,550929
[Recv] <<< 23:c9:cc:4b:a0:3a,15739,-32,9253,59.49,35.58,31,550453,550960
[Recv] <<< 23:c9:cc:4b:a0:3a,15740,-32,9254,59.49,35.58,28,550481,550988
[Recv] <<< 23:c9:cc:4b:a0:3a,15742,-32,9255,59.49,35.58,76,550557,551064
[Recv] <<< 23:c9:cc:4b:a0:3a,15743,-32,9256,59.48,35.58,32,550589,551096
[Recv] <<< 23:c9:cc:4b:a0:3a,15744,-32,9257,59.48,35.58,31,550620,551127
[Recv] <<< 23:c9:cc:4b:a0:3a,15745,-32,9258,59.48,35.58,35,550655,551162
[Recv] <<< 23:c9:cc:4b:a0:3a,15746,-32,9259,59.48,35.58,36,550691,551198
[Recv] <<< 23:c9:cc:4b:a0:3a,15748,-32,9260,59.48,35.58,69,550760,551267
[Recv] <<< 23:c9:cc:4b:a0:3a,15749,-32,9261,59.47,35.58,32,550792,551299
[Recv] <<< 23:c9:cc:4b:a0:3a,15751,-32,9262,59.48,35.58,68,550860,551367
[Recv] <<< 23:c9:cc:4b:a0:3a,15752,-32,9263,59.47,35.58,37,550897,551404
[Recv] <<< 23:c9:cc:4b:a0:3a,15753,-32,9264,59.47,35.58,32,550929,551436
[Recv] <<< 23:c9:cc:4b:a0:3a,15754,-36,9265,59.47,35.58,43,550972,551479
[Recv] <<< 23:c9:cc:4b:a0:3a,15755,-35,9266,59.47,35.58,40,551012,551519
[Recv] <<< 23:c9:cc:4b:a0:3a,15756,-33,9267,59.46,35.58,32,551044,551551
[Recv] <<< 23:c9:cc:4b:a0:3a,15757,-35,9268,59.46,35.58,35,551079,551586
[Recv] <<< 23:c9:cc:4b:a0:3a,15759,-35,9269,59.46,35.58,70,551149,551656
[Recv] <<< 23:c9:cc:4b:a0:3a,15765,-32,9270,59.48,35.58,204,551353,551860
[Recv] <<< 23:c9:cc:4b:a0:3a,15766,-32,9271,59.47,35.58,26,551379,551886
[Recv] <<< 23:c9:cc:4b:a0:3a,15767,-35,9272,59.47,35.58,41,551420,551927
[Recv] <<< 23:c9:cc:4b:a0:3a,15768,-35,9273,59.47,35.58,37,551457,551964
[Recv] <<< 23:c9:cc:4b:a0:3a,15769,-35,9274,59.47,35.57,25,551482,551989
[Recv] <<< 23:c9:cc:4b:a0:3a,15770,-32,9275,59.46,35.57,31,551513,552020
[Recv] <<< 23:c9:cc:4b:a0:3a,15771,-32,9276,59.46,35.57,32,551545,552052
[Recv] <<< 23:c9:cc:4b:a0:3a,15772,-32,9277,59.46,35.57,42,551587,552094
[Recv] <<< 23:c9:cc:4b:a0:3a,15777,-35,9278,59.47,35.57,177,551764,552271
[Recv] <<< 23:c9:cc:4b:a0:3a,15778,-35,9279,59.47,35.57,34,551798,552305
[Recv] <<< 23:c9:cc:4b:a0:3a,15779,-35,9280,59.47,35.57,40,551838,552345
[Recv] <<< 23:c9:cc:4b:a0:3a,15780,-41,9281,59.46,35.58,40,551878,552385
[Recv] <<< 23:c9:cc:4b:a0:3a,15781,-42,9282,59.46,35.57,31,551909,552416
[Recv] <<< 23:c9:cc:4b:a0:3a,15791,-38,9283,59.49,35.58,374,552283,552790
[Recv] <<< 23:c9:cc:4b:a0:3a,15793,-32,9284,59.50,35.58,74,552357,552864
[Recv] <<< 23:c9:cc:4b:a0:3a,15794,-41,9285,59.49,35.58,34,552391,552898
[Recv] <<< 23:c9:cc:4b:a0:3a,15795,-32,9286,59.49,35.58,44,552435,552942
[Recv] <<< 23:c9:cc:4b:a0:3a,15796,-32,9287,59.49,35.58,39,552474,552981
[Recv] <<< 23:c9:cc:4b:a0:3a,15804,-41,9288,59.51,35.58,281,552755,553262
[Recv] <<< 23:c9:cc:4b:a0:3a,15805,-41,9289,59.51,35.58,40,552795,553302
[Recv] <<< 23:c9:cc:4b:a0:3a,15806,-32,9290,59.51,35.58,42,552837,553344
[Recv] <<< 23:c9:cc:4b:a0:3a,15807,-32,9291,59.51,35.58,44,552881,553388
[Recv] <<< 23:c9:cc:4b:a0:3a,15808,-36,9292,59.51,35.58,40,552921,553428
[Recv] <<< 23:c9:cc:4b:a0:3a,15809,-35,9293,59.50,35.58,33,552954,553461
[Recv] <<< 23:c9:cc:4b:a0:3a,15810,-35,9294,59.50,35.58,36,552990,553497
[Recv] <<< 23:c9:cc:4b:a0:3a,15811,-41,9295,59.50,35.58,45,553035,553542
[Recv] <<< 23:c9:cc:4b:a0:3a,15812,-41,9296,59.49,35.58,28,553063,553570
[Recv] <<< 23:c9:cc:4b:a0:3a,15813,-41,9297,59.49,35.58,38,553101,553608
[Recv] <<< 23:c9:cc:4b:a0:3a,15814,-41,9298,59.49,35.58,40,553141,553648
[Recv] <<< 23:c9:cc:4b:a0:3a,15815,-45,9299,59.49,35.58,27,553168,553675
[Recv] <<< 23:c9:cc:4b:a0:3a,15816,-45,9300,59.49,35.58,43,553211,553718
[Recv] <<< 23:c9:cc:4b:a0:3a,15817,-32,9301,59.48,35.58,37,553248,553755
[Recv] <<< 23:c9:cc:4b:a0:3a,15818,-35,9302,59.48,35.58,45,553293,553800
[Recv] <<< 23:c9:cc:4b:a0:3a,15819,-36,9303,59.48,35.58,32,553325,553832
[Recv] <<< 23:c9:cc:4b:a0:3a,15820,-32,9304,59.47,35.58,29,553354,553861
[Recv] <<< 23:c9:cc:4b:a0:3a,15821,-36,9305,59.47,35.58,42,553396,553903
[Recv] <<< 23:c9:cc:4b:a0:3a,15826,-32,9306,59.49,35.58,186,553582,554089
[Recv] <<< 23:c9:cc:4b:a0:3a,15828,-41,9307,59.49,35.58,87,553669,554176
[Recv] <<< 23:c9:cc:4b:a0:3a,15829,-44,9308,59.49,35.58,37,553706,554213
[Recv] <<< 23:c9:cc:4b:a0:3a,15830,-32,9309,59.49,35.58,43,553749,554256
[Recv] <<< 23:c9:cc:4b:a0:3a,15831,-36,9310,59.48,35.58,42,553791,554298
[Recv] <<< 23:c9:cc:4b:a0:3a,15835,-32,9311,59.50,35.58,168,553959,554466
[Recv] <<< 23:c9:cc:4b:a0:3a,15836,-36,9312,59.49,35.58,44,554003,554510
[Recv] <<< 23:c9:cc:4b:a0:3a,15838,-41,9313,59.50,35.58,82,554085,554592
[Recv] <<< 23:c9:cc:4b:a0:3a,15839,-32,9314,59.49,35.59,49,554134,554641
[Recv] <<< 23:c9:cc:4b:a0:3a,15842,-45,9315,59.50,35.59,123,554257,554764
[Recv] <<< 23:c9:cc:4b:a0:3a,15843,-32,9316,59.50,35.59,42,554299,554806
[Recv] <<< 23:c9:cc:4b:a0:3a,15845,-41,9317,59.50,35.59,89,554388,554895
[Recv] <<< 23:c9:cc:4b:a0:3a,15846,-32,9318,59.50,35.59,43,554431,554938
[Recv] <<< 23:c9:cc:4b:a0:3a,15847,-32,9319,59.50,35.59,41,554472,554979
[Recv] <<< 23:c9:cc:4b:a0:3a,15848,-35,9320,59.50,35.59,50,554522,555029
[Recv] <<< 23:c9:cc:4b:a0:3a,15850,-41,9321,59.50,35.59,79,554601,555108
[Recv] <<< 23:c9:cc:4b:a0:3a,15851,-32,9322,59.50,35.59,52,554653,555160
[Recv] <<< 23:c9:cc:4b:a0:3a,15853,-35,9323,59.50,35.59,80,554733,555240
[Recv] <<< 23:c9:cc:4b:a0:3a,15854,-35,9324,59.50,35.59,36,554769,555276
[Recv] <<< 23:c9:cc:4b:a0:3a,15855,-41,9325,59.50,35.59,44,554813,555320
[Recv] <<< 23:c9:cc:4b:a0:3a,15856,-32,9326,59.50,35.59,48,554861,555368
[Recv] <<< 23:c9:cc:4b:a0:3a,15857,-36,9327,59.49,35.59,38,554899,555406
[Recv] <<< 23:c9:cc:4b:a0:3a,15858,-47,9328,59.49,35.59,47,554946,555453
[Recv] <<< 23:c9:cc:4b:a0:3a,15859,-32,9329,59.49,35.59,46,554992,555499
[Recv] <<< 23:c9:cc:4b:a0:3a,15860,-35,9330,59.49,35.60,44,555036,555543
[Recv] <<< 23:c9:cc:4b:a0:3a,15861,-35,9331,59.49,35.60,39,555075,555582
[Recv] <<< 23:c9:cc:4b:a0:3a,15862,-41,9332,59.48,35.60,37,555112,555619
[Recv] <<< 23:c9:cc:4b:a0:3a,15863,-45,9333,59.48,35.60,43,555155,555662
[Recv] <<< 23:c9:cc:4b:a0:3a,15865,-32,9334,59.49,35.60,86,555241,555748
[Recv] <<< 23:c9:cc:4b:a0:3a,15866,-32,9335,59.48,35.60,34,555275,555782
[Recv] <<< 23:c9:cc:4b:a0:3a,15868,-41,9336,59.49,35.60,82,555357,555864
[Recv] <<< 23:c9:cc:4b:a0:3a,15869,-41,9337,59.48,35.60,50,555407,555914
[Recv] <<< 23:c9:cc:4b:a0:3a,15871,-32,9338,59.49,35.60,80,555487,555994
[Recv] <<< 23:c9:cc:4b:a0:3a,15872,-32,9339,59.48,35.60,37,555524,556031
[Recv] <<< 23:c9:cc:4b:a0:3a,15873,-38,9340,59.48,35.60,48,555572,556079
[Recv] <<< 23:c9:cc:4b:a0:3a,15874,-41,9341,59.48,35.60,41,555613,556120
[Recv] <<< 23:c9:cc:4b:a0:3a,15875,-41,9342,59.48,35.60,42,555655,556162
[Recv] <<< 23:c9:cc:4b:a0:3a,15876,-32,9343,59.48,35.60,44,555699,556206
[Recv] <<< 23:c9:cc:4b:a0:3a,15878,-35,9344,59.48,35.60,79,555778,556285
[Recv] <<< 23:c9:cc:4b:a0:3a,15879,-41,9345,59.48,35.60,49,555827,556334
[Recv] <<< 23:c9:cc:4b:a0:3a,15881,-32,9346,59.48,35.60,84,555911,556418
[Recv] <<< 23:c9:cc:4b:a0:3a,15882,-35,9347,59.48,35.60,42,555953,556460
[Recv] <<< 23:c9:cc:4b:a0:3a,15883,-36,9348,59.48,35.60,42,555995,556502
[Recv] <<< 23:c9:cc:4b:a0:3a,15885,-41,9349,59.48,35.60,82,556077,556584
[Recv] <<< 23:c9:cc:4b:a0:3a,15886,-32,9350,59.48,35.61,47,556124,556631
[Recv] <<< 23:c9:cc:4b:a0:3a,15887,-32,9351,59.48,35.61,42,556166,556673
[Recv] <<< 23:c9:cc:4b:a0:3a,15889,-41,9352,59.48,35.61,90,556256,556763
[Recv] <<< 23:c9:cc:4b:a0:3a,15890,-45,9353,59.48,35.61,36,556292,556799
[Recv] <<< 23:c9:cc:4b:a0:3a,15891,-33,9354,59.48,35.61,43,556335,556842
[Recv] <<< 23:c9:cc:4b:a0:3a,15892,-35,9355,59.47,35.61,44,556379,556886
[Recv] <<< 23:c9:cc:4b:a0:3a,15893,-41,9356,59.47,35.61,47,556426,556933
[Recv] <<< 23:c9:cc:4b:a0:3a,15896,-35,9357,59.48,35.61,127,556553,557060
[Recv] <<< 23:c9:cc:4b:a0:3a,15897,-41,9358,59.48,35.61,41,556594,557101
[Recv] <<< 23:c9:cc:4b:a0:3a,15899,-32,9359,59.48,35.61,83,556677,557184
[Recv] <<< 23:c9:cc:4b:a0:3a,15902,-41,9360,59.49,35.61,126,556803,557310
[Recv] <<< 23:c9:cc:4b:a0:3a,15903,-32,9361,59.49,35.61,50,556853,557360
[Recv] <<< 23:c9:cc:4b:a0:3a,15904,-32,9362,59.48,35.61,37,556890,557397
[Recv] <<< 23:c9:cc:4b:a0:3a,15905,-36,9363,59.48,35.61,41,556931,557438
[Recv] <<< 23:c9:cc:4b:a0:3a,15906,-45,9364,59.48,35.61,44,556975,557482
[Recv] <<< 23:c9:cc:4b:a0:3a,15907,-32,9365,59.48,35.62,46,557021,557528
[Recv] <<< 23:c9:cc:4b:a0:3a,15908,-32,9366,59.48,35.62,37,557058,557565
[Recv] <<< 23:c9:cc:4b:a0:3a,15912,-35,9367,59.49,35.62,176,557234,557741
[Recv] <<< 23:c9:cc:4b:a0:3a,15914,-32,9368,59.49,35.62,84,557318,557825
[Recv] <<< 23:c9:cc:4b:a0:3a,15916,-38,9369,59.49,35.62,83,557401,557908
[Recv] <<< 23:c9:cc:4b:a0:3a,15917,-35,9370,59.49,35.62,35,557436,557943
[Recv] <<< 23:c9:cc:4b:a0:3a,15918,-41,9371,59.49,35.62,44,557480,557987
[Recv] <<< 23:c9:cc:4b:a0:3a,15923,-35,9372,59.51,35.62,209,557689,558196
[Recv] <<< 23:c9:cc:4b:a0:3a,15951,-41,9373,59.62,35.63,1159,558848,559355
[Recv] <<< 23:c9:cc:4b:a0:3a,15952,-32,9374,59.62,35.63,39,558887,559394
[Recv] <<< 23:c9:cc:4b:a0:3a,15953,-32,9375,59.62,35.63,37,558924,559431
[Recv] <<< 23:c9:cc:4b:a0:3a,15954,-36,9376,59.62,35.63,38,558962,559469
[Recv] <<< 23:c9:cc:4b:a0:3a,15955,-41,9377,59.62,35.63,52,559014,559521
[Recv] <<< 23:c9:cc:4b:a0:3a,15965,-36,9378,59.65,35.64,408,559422,559929
[Recv] <<< 23:c9:cc:4b:a0:3a,15966,-41,9379,59.65,35.64,43,559465,559972
[Recv] <<< 23:c9:cc:4b:a0:3a,15967,-41,9380,59.65,35.64,32,559497,560004
[Recv] <<< 23:c9:cc:4b:a0:3a,15968,-32,9381,59.65,35.64,48,559545,560052
[Recv] <<< 23:c9:cc:4b:a0:3a,15982,-41,9382,59.70,35.64,579,560124,560631
[Recv] <<< 23:c9:cc:4b:a0:3a,15983,-45,9383,59.70,35.64,41,560165,560672
[Recv] <<< 23:c9:cc:4b:a0:3a,15984,-32,9384,59.70,35.64,39,560204,560711
[Recv] <<< 23:c9:cc:4b:a0:3a,15985,-36,9385,59.70,35.64,48,560252,560759
[Recv] <<< 23:c9:cc:4b:a0:3a,15986,-41,9386,59.69,35.64,37,560289,560796
[Recv] <<< 23:c9:cc:4b:a0:3a,15987,-41,9387,59.69,35.64,40,560329,560836
[Recv] <<< 23:c9:cc:4b:a0:3a,15988,-32,9388,59.69,35.64,41,560370,560877
[Recv] <<< 23:c9:cc:4b:a0:3a,15989,-36,9389,59.69,35.64,37,560407,560914
[Recv] <<< 23:c9:cc:4b:a0:3a,15990,-38,9390,59.69,35.65,47,560454,560961
[Recv] <<< 23:c9:cc:4b:a0:3a,15991,-41,9391,59.68,35.65,41,560495,561002
[Recv] <<< 23:c9:cc:4b:a0:3a,15992,-32,9392,59.68,35.65,44,560539,561046
[Recv] <<< 23:c9:cc:4b:a0:3a,15993,-32,9393,59.68,35.65,44,560583,561090
[Recv] <<< 23:c9:cc:4b:a0:3a,15994,-36,9394,59.68,35.65,33,560616,561123
[Recv] <<< 23:c9:cc:4b:a0:3a,15995,-36,9395,59.68,35.65,37,560653,561160
[Recv] <<< 23:c9:cc:4b:a0:3a,15996,-41,9396,59.67,35.65,41,560694,561201
[Recv] <<< 23:c9:cc:4b:a0:3a,15997,-48,9397,59.67,35.65,44,560738,561245
[Recv] <<< 23:c9:cc:4b:a0:3a,15999,-36,9398,59.67,35.65,80,560818,561325
[Recv] <<< 23:c9:cc:4b:a0:3a,16000,-35,9399,59.67,35.65,42,560860,561367
[Recv] <<< 23:c9:cc:4b:a0:3a,16002,-32,9400,59.67,35.65,76,560936,561443
[Recv] <<< 23:c9:cc:4b:a0:3a,16003,-32,9401,59.67,35.65,42,560978,561485
[Recv] <<< 23:c9:cc:4b:a0:3a,16004,-35,9402,59.67,35.65,48,561026,561533
[Recv] <<< 23:c9:cc:4b:a0:3a,16005,-35,9403,59.67,35.65,38,561064,561571
[Recv] <<< 23:c9:cc:4b:a0:3a,16006,-36,9404,59.67,35.65,36,561100,561607
[Recv] <<< 23:c9:cc:4b:a0:3a,16010,-36,9405,59.68,35.65,164,561264,561771
[Recv] <<< 23:c9:cc:4b:a0:3a,16012,-41,9406,59.68,35.65,77,561341,561848
[Recv] <<< 23:c9:cc:4b:a0:3a,16013,-45,9407,59.68,35.65,42,561383,561890
[Recv] <<< 23:c9:cc:4b:a0:3a,16014,-32,9408,59.67,35.65,31,561414,561921
[Recv] <<< 23:c9:cc:4b:a0:3a,16015,-32,9409,59.67,35.65,44,561458,561965
[Recv] <<< 23:c9:cc:4b:a0:3a,16016,-35,9410,59.67,35.65,39,561497,562004
[Recv] <<< 23:c9:cc:4b:a0:3a,16017,-45,9411,59.67,35.65,47,561544,562051
[Recv] <<< 23:c9:cc:4b:a0:3a,16018,-41,9412,59.67,35.65,28,561572,562079
[Recv] <<< 23:c9:cc:4b:a0:3a,16019,-41,9413,59.66,35.65,40,561612,562119
[Recv] <<< 23:c9:cc:4b:a0:3a,16020,-32,9414,59.66,35.65,45,561657,562164
[Recv] <<< 23:c9:cc:4b:a0:3a,16021,-32,9415,59.66,35.65,44,561701,562208
[Recv] <<< 23:c9:cc:4b:a0:3a,16022,-35,9416,59.66,35.65,40,561741,562248
[Recv] <<< 23:c9:cc:4b:a0:3a,16023,-45,9417,59.66,35.66,47,561788,562295
[Recv] <<< 23:c9:cc:4b:a0:3a,16024,-45,9418,59.66,35.66,43,561831,562338
[Recv] <<< 23:c9:cc:4b:a0:3a,16025,-32,9419,59.65,35.66,39,561870,562377
[Recv] <<< 23:c9:cc:4b:a0:3a,16026,-36,9420,59.65,35.66,40,561910,562417
[Recv] <<< 23:c9:cc:4b:a0:3a,16028,-45,9421,59.65,35.66,85,561995,562502
[Recv] <<< 23:c9:cc:4b:a0:3a,16029,-41,9422,59.65,35.66,39,562034,562541
[Recv] <<< 23:c9:cc:4b:a0:3a,16032,-45,9423,59.66,35.66,132,562166,562673
[Recv] <<< 23:c9:cc:4b:a0:3a,16033,-32,9424,59.66,35.66,49,562215,562722
[Recv] <<< 23:c9:cc:4b:a0:3a,16034,-32,9425,59.66,35.66,38,562253,562760
[Recv] <<< 23:c9:cc:4b:a0:3a,16035,-35,9426,59.65,35.66,44,562297,562804
[Recv] <<< 23:c9:cc:4b:a0:3a,16037,-45,9427,59.66,35.66,78,562375,562882
[Recv] <<< 23:c9:cc:4b:a0:3a,16038,-45,9428,59.65,35.66,35,562410,562917
[Recv] <<< 23:c9:cc:4b:a0:3a,16039,-32,9429,59.65,35.66,42,562452,562959
[Recv] <<< 23:c9:cc:4b:a0:3a,16040,-32,9430,59.65,35.66,36,562488,562995
[Recv] <<< 23:c9:cc:4b:a0:3a,16041,-35,9431,59.65,35.66,46,562534,563041
[Recv] <<< 23:c9:cc:4b:a0:3a,16042,-36,9432,59.64,35.66,33,562567,563074
[Recv] <<< 23:c9:cc:4b:a0:3a,16043,-41,9433,59.64,35.66,48,562615,563122
[Recv] <<< 23:c9:cc:4b:a0:3a,16044,-41,9434,59.64,35.66,38,562653,563160
[Recv] <<< 23:c9:cc:4b:a0:3a,16045,-32,9435,59.64,35.66,41,562694,563201
[Recv] <<< 23:c9:cc:4b:a0:3a,16046,-32,9436,59.64,35.66,38,562732,563239
[Recv] <<< 23:c9:cc:4b:a0:3a,16047,-36,9437,59.63,35.66,41,562773,563280
[Recv] <<< 23:c9:cc:4b:a0:3a,16048,-41,9438,59.63,35.66,46,562819,563326
[Recv] <<< 23:c9:cc:4b:a0:3a,16050,-32,9439,59.64,35.67,86,562905,563412
[Recv] <<< 23:c9:cc:4b:a0:3a,16051,-36,9440,59.63,35.67,43,562948,563455
[Recv] <<< 23:c9:cc:4b:a0:3a,16052,-41,9441,59.63,35.67,39,562987,563494
[Recv] <<< 23:c9:cc:4b:a0:3a,16053,-41,9442,59.63,35.67,44,563031,563538
[Recv] <<< 23:c9:cc:4b:a0:3a,16066,-37,9443,59.68,35.67,535,563566,564073
[Recv] <<< 23:c9:cc:4b:a0:3a,16067,-35,9444,59.68,35.67,37,563603,564110
[Recv] <<< 23:c9:cc:4b:a0:3a,16069,-46,9445,59.68,35.67,82,563685,564192
[Recv] <<< 23:c9:cc:4b:a0:3a,16073,-36,9446,59.69,35.67,156,563841,564348
[Recv] <<< 23:c9:cc:4b:a0:3a,16075,-35,9447,59.69,35.67,77,563918,564425
[Recv] <<< 23:c9:cc:4b:a0:3a,16076,-33,9448,59.69,35.67,35,563953,564460
[Recv] <<< 23:c9:cc:4b:a0:3a,16077,-41,9449,59.69,35.67,49,564002,564509
[Recv] <<< 23:c9:cc:4b:a0:3a,16078,-41,9450,59.69,35.67,31,564033,564540
[Recv] <<< 23:c9:cc:4b:a0:3a,16079,-32,9451,59.68,35.67,43,564076,564583
[Recv] <<< 23:c9:cc:4b:a0:3a,16080,-36,9452,59.68,35.67,42,564118,564625
[Recv] <<< 23:c9:cc:4b:a0:3a,16081,-45,9453,59.68,35.67,40,564158,564665
[Recv] <<< 23:c9:cc:4b:a0:3a,16084,-36,9454,59.69,35.68,136,564294,564801
[Recv] <<< 23:c9:cc:4b:a0:3a,16085,-36,9455,59.69,35.68,36,564330,564837
[Recv] <<< 23:c9:cc:4b:a0:3a,16086,-36,9456,59.68,35.68,38,564368,564875
[Recv] <<< 23:c9:cc:4b:a0:3a,16087,-35,9457,59.68,35.68,39,564407,564914
[Recv] <<< 23:c9:cc:4b:a0:3a,16088,-41,9458,59.68,35.68,46,564453,564960
[Recv] <<< 23:c9:cc:4b:a0:3a,16089,-41,9459,59.68,35.68,36,564489,564996
[Recv] <<< 23:c9:cc:4b:a0:3a,16091,-32,9460,59.68,35.68,78,564567,565074
[Recv] <<< 23:c9:cc:4b:a0:3a,16093,-36,9461,59.68,35.68,68,564635,565142
[Recv] <<< 23:c9:cc:4b:a0:3a,16094,-32,9462,59.68,35.68,33,564668,565175
[Recv] <<< 23:c9:cc:4b:a0:3a,16095,-36,9463,59.68,35.68,44,564712,565219
[Recv] <<< 23:c9:cc:4b:a0:3a,16096,-36,9464,59.67,35.68,26,564738,565245
[Recv] <<< 23:c9:cc:4b:a0:3a,16097,-36,9465,59.67,35.68,36,564774,565281
[Recv] <<< 23:c9:cc:4b:a0:3a,16098,-37,9466,59.67,35.68,38,564812,565319
[Recv] <<< 23:c9:cc:4b:a0:3a,16099,-41,9467,59.67,35.68,49,564861,565368
[Recv] <<< 23:c9:cc:4b:a0:3a,16100,-41,9468,59.66,35.68,34,564895,565402
[Recv] <<< 23:c9:cc:4b:a0:3a,16101,-32,9469,59.66,35.68,37,564932,565439
[Recv] <<< 23:c9:cc:4b:a0:3a,16102,-36,9470,59.66,35.68,40,564972,565479
[Recv] <<< 23:c9:cc:4b:a0:3a,16104,-35,9471,59.66,35.68,81,565053,565560
[Recv] <<< 23:c9:cc:4b:a0:3a,16105,-35,9472,59.66,35.68,35,565088,565595
[Recv] <<< 23:c9:cc:4b:a0:3a,16106,-41,9473,59.66,35.68,41,565129,565636
[Recv] <<< 23:c9:cc:4b:a0:3a,16107,-41,9474,59.65,35.68,33,565162,565669
[Recv] <<< 23:c9:cc:4b:a0:3a,16108,-32,9475,59.65,35.68,46,565208,565715
[Recv] <<< 23:c9:cc:4b:a0:3a,16109,-32,9476,59.65,35.68,42,565250,565757
[Recv] <<< 23:c9:cc:4b:a0:3a,16110,-35,9477,59.65,35.68,46,565296,565803
[Recv] <<< 23:c9:cc:4b:a0:3a,16112,-41,9478,59.65,35.68,71,565367,565874
[Recv] <<< 23:c9:cc:4b:a0:3a,16113,-41,9479,59.65,35.68,40,565407,565914
[Recv] <<< 23:c9:cc:4b:a0:3a,16116,-32,9480,59.65,35.68,103,565510,566017
[Recv] <<< 23:c9:cc:4b:a0:3a,16117,-32,9481,59.65,35.68,37,565547,566054
[Recv] <<< 23:c9:cc:4b:a0:3a,16118,-32,9482,59.65,35.68,41,565588,566095
[Recv] <<< 23:c9:cc:4b:a0:3a,16119,-32,9483,59.65,35.68,29,565617,566124
[Recv] <<< 23:c9:cc:4b:a0:3a,16120,-32,9484,59.64,35.68,33,565650,566157
[Recv] <<< 23:c9:cc:4b:a0:3a,16123,-36,9485,59.65,35.68,116,565766,566273
[Recv] <<< 23:c9:cc:4b:a0:3a,16125,-35,9486,59.65,35.68,68,565834,566341
[Recv] <<< 23:c9:cc:4b:a0:3a,16126,-33,9487,59.65,35.68,41,565875,566382
[Recv] <<< 23:c9:cc:4b:a0:3a,16128,-41,9488,59.65,35.68,69,565944,566451
[Recv] <<< 23:c9:cc:4b:a0:3a,16129,-41,9489,59.65,35.68,38,565982,566489
[Recv] <<< 23:c9:cc:4b:a0:3a,16130,-41,9490,59.64,35.68,34,566016,566523
[Recv] <<< 23:c9:cc:4b:a0:3a,16131,-32,9491,59.64,35.68,37,566053,566560
[Recv] <<< 23:c9:cc:4b:a0:3a,16142,-32,9492,59.68,35.68,386,566439,566946
[Recv] <<< 23:c9:cc:4b:a0:3a,16144,-33,9493,59.68,35.68,71,566510,567017
[Recv] <<< 23:c9:cc:4b:a0:3a,16145,-35,9494,59.68,35.68,46,566556,567063
[Recv] <<< 23:c9:cc:4b:a0:3a,16146,-35,9495,59.67,35.68,32,566588,567095
[Recv] <<< 23:c9:cc:4b:a0:3a,16156,-32,9496,59.70,35.68,365,566953,567460
[Recv] <<< 23:c9:cc:4b:a0:3a,16162,-32,9497,59.72,35.68,215,567168,567675
[Recv] <<< 23:c9:cc:4b:a0:3a,16163,-32,9498,59.72,35.68,34,567202,567709
[Recv] <<< 23:c9:cc:4b:a0:3a,16165,-35,9499,59.72,35.68,75,567277,567784
[Recv] <<< 23:c9:cc:4b:a0:3a,16166,-36,9500,59.72,35.68,33,567310,567817
[Recv] <<< 23:c9:cc:4b:a0:3a,16167,-36,9501,59.71,35.68,38,567348,567855
[Recv] <<< 23:c9:cc:4b:a0:3a,16168,-36,9502,59.71,35.68,36,567384,567891
[Recv] <<< 23:c9:cc:4b:a0:3a,16169,-35,9503,59.71,35.68,37,567421,567928
[Recv] <<< 23:c9:cc:4b:a0:3a,16170,-35,9504,59.71,35.68,35,567456,567963
[Recv] <<< 23:c9:cc:4b:a0:3a,16171,-36,9505,59.70,35.68,33,567489,567996
[Recv] <<< 23:c9:cc:4b:a0:3a,16172,-45,9506,59.70,35.68,42,567531,568038
[Recv] <<< 23:c9:cc:4b:a0:3a,16173,-41,9507,59.70,35.68,35,567566,568073
[Recv] <<< 23:c9:cc:4b:a0:3a,16174,-32,9508,59.70,35.68,40,567606,568113
[Recv] <<< 23:c9:cc:4b:a0:3a,16175,-32,9509,59.70,35.68,38,567644,568151
[Recv] <<< 23:c9:cc:4b:a0:3a,16176,-32,9510,59.69,35.68,33,567677,568184
[Recv] <<< 23:c9:cc:4b:a0:3a,16177,-32,9511,59.69,35.68,30,567707,568214
[Recv] <<< 23:c9:cc:4b:a0:3a,16178,-32,9512,59.69,35.68,38,567745,568252
[Recv] <<< 23:c9:cc:4b:a0:3a,16179,-32,9513,59.68,35.68,29,567774,568281
[Recv] <<< 23:c9:cc:4b:a0:3a,16181,-35,9514,59.69,35.68,76,567850,568357
[Recv] <<< 23:c9:cc:4b:a0:3a,16182,-36,9515,59.68,35.68,34,567884,568391
[Recv] <<< 23:c9:cc:4b:a0:3a,16183,-35,9516,59.68,35.68,32,567916,568423
[Recv] <<< 23:c9:cc:4b:a0:3a,16184,-35,9517,59.68,35.68,43,567959,568466
[Recv] <<< 23:c9:cc:4b:a0:3a,16185,-35,9518,59.67,35.68,27,567986,568493
[Recv] <<< 23:c9:cc:4b:a0:3a,16186,-35,9519,59.67,35.68,37,568023,568530
[Recv] <<< 23:c9:cc:4b:a0:3a,16232,-45,9520,59.84,35.68,1666,569689,570196
[Recv] <<< 23:c9:cc:4b:a0:3a,16238,-36,9521,59.86,35.68,222,569911,570418
[Recv] <<< 23:c9:cc:4b:a0:3a,16239,-36,9522,59.86,35.68,40,569951,570458
[Recv] <<< 23:c9:cc:4b:a0:3a,16240,-35,9523,59.85,35.68,35,569986,570493
[Recv] <<< 23:c9:cc:4b:a0:3a,16241,-45,9524,59.85,35.68,43,570029,570536
[Recv] <<< 23:c9:cc:4b:a0:3a,16242,-41,9525,59.85,35.68,30,570059,570566
[Recv] <<< 23:c9:cc:4b:a0:3a,16243,-32,9526,59.85,35.68,42,570101,570608
[Recv] <<< 23:c9:cc:4b:a0:3a,16244,-32,9527,59.84,35.69,40,570141,570648
[Recv] <<< 23:c9:cc:4b:a0:3a,16245,-32,9528,59.84,35.68,31,570172,570679
[Recv] <<< 23:c9:cc:4b:a0:3a,16248,-32,9529,59.85,35.69,112,570284,570791
[Recv] <<< 23:c9:cc:4b:a0:3a,16249,-36,9530,59.85,35.69,39,570323,570830
[Recv] <<< 23:c9:cc:4b:a0:3a,16251,-32,9531,59.85,35.69,69,570392,570899
[Recv] <<< 23:c9:cc:4b:a0:3a,16252,-32,9532,59.84,35.69,36,570428,570935
[Recv] <<< 23:c9:cc:4b:a0:3a,16253,-32,9533,59.84,35.69,37,570465,570972
[Recv] <<< 23:c9:cc:4b:a0:3a,16254,-32,9534,59.84,35.69,41,570506,571013
[Recv] <<< 23:c9:cc:4b:a0:3a,16255,-32,9535,59.84,35.68,25,570531,571038
[Recv] <<< 23:c9:cc:4b:a0:3a,16256,-32,9536,59.83,35.68,35,570566,571073
[Recv] <<< 23:c9:cc:4b:a0:3a,16257,-32,9537,59.83,35.68,34,570600,571107
[Recv] <<< 23:c9:cc:4b:a0:3a,16258,-35,9538,59.83,35.69,47,570647,571154
[Recv] <<< 23:c9:cc:4b:a0:3a,16259,-32,9539,59.83,35.68,27,570674,571181
[Recv] <<< 23:c9:cc:4b:a0:3a,16261,-32,9540,59.83,35.69,74,570748,571255
[Recv] <<< 23:c9:cc:4b:a0:3a,16262,-32,9541,59.82,35.68,33,570781,571288
[Recv] <<< 23:c9:cc:4b:a0:3a,16264,-35,9542,59.83,35.69,72,570853,571360
[Recv] <<< 23:c9:cc:4b:a0:3a,16268,-35,9543,59.83,35.68,142,570995,571502
[Recv] <<< 23:c9:cc:4b:a0:3a,16271,-35,9544,59.84,35.68,105,571100,571607
[Recv] <<< 23:c9:cc:4b:a0:3a,16275,-35,9545,59.85,35.68,136,571236,571743
[Recv] <<< 23:c9:cc:4b:a0:3a,16276,-35,9546,59.84,35.68,36,571272,571779
[Recv] <<< 23:c9:cc:4b:a0:3a,16290,-48,9547,59.89,35.68,477,571749,572256
[Recv] <<< 23:c9:cc:4b:a0:3a,16291,-32,9548,59.89,35.68,37,571786,572293
[Recv] <<< 23:c9:cc:4b:a0:3a,16292,-32,9549,59.88,35.68,37,571823,572330
[Recv] <<< 23:c9:cc:4b:a0:3a,16293,-32,9550,59.88,35.68,39,571862,572369
[Recv] <<< 23:c9:cc:4b:a0:3a,16294,-32,9551,59.88,35.68,27,571889,572396
[Recv] <<< 23:c9:cc:4b:a0:3a,16295,-32,9552,59.88,35.68,37,571926,572433
[Recv] <<< 23:c9:cc:4b:a0:3a,16296,-35,9553,59.87,35.68,38,571964,572471
[Recv] <<< 23:c9:cc:4b:a0:3a,16299,-32,9554,59.88,35.68,95,572059,572566
[Recv] <<< 23:c9:cc:4b:a0:3a,16302,-32,9555,59.88,35.68,103,572162,572669
[Recv] <<< 23:c9:cc:4b:a0:3a,16303,-32,9556,59.88,35.68,36,572198,572705
[Recv] <<< 23:c9:cc:4b:a0:3a,16304,-32,9557,59.88,35.68,29,572227,572734
[Recv] <<< 23:c9:cc:4b:a0:3a,16306,-41,9558,59.88,35.68,66,572293,572800
[Recv] <<< 23:c9:cc:4b:a0:3a,16307,-41,9559,59.87,35.68,32,572325,572832
[Recv] <<< 23:c9:cc:4b:a0:3a,16315,-41,9560,59.89,35.68,269,572594,573101
[Recv] <<< 23:c9:cc:4b:a0:3a,16316,-36,9561,59.89,35.68,28,572622,573129
[Recv] <<< 23:c9:cc:4b:a0:3a,16317,-36,9562,59.89,35.68,38,572660,573167
[Recv] <<< 23:c9:cc:4b:a0:3a,16318,-36,9563,59.89,35.68,35,572695,573202
[Recv] <<< 23:c9:cc:4b:a0:3a,16319,-36,9564,59.88,35.68,31,572726,573233
[Recv] <<< 23:c9:cc:4b:a0:3a,16320,-36,9565,59.88,35.68,32,572758,573265
[Recv] <<< 23:c9:cc:4b:a0:3a,16321,-35,9566,59.88,35.68,37,572795,573302
[Recv] <<< 23:c9:cc:4b:a0:3a,16322,-32,9567,59.88,35.68,30,572825,573332
[Recv] <<< 23:c9:cc:4b:a0:3a,16324,-32,9568,59.88,35.68,63,572888,573395
[Recv] <<< 23:c9:cc:4b:a0:3a,16325,-32,9569,59.87,35.68,36,572924,573431
[Recv] <<< 23:c9:cc:4b:a0:3a,16327,-32,9570,59.87,35.68,65,572989,573496
[Recv] <<< 23:c9:cc:4b:a0:3a,16328,-32,9571,59.87,35.68,36,573025,573532
[Recv] <<< 23:c9:cc:4b:a0:3a,16329,-32,9572,59.87,35.68,27,573052,573559
[Recv] <<< 23:c9:cc:4b:a0:3a,16330,-32,9573,59.86,35.68,35,573087,573594
[Recv] <<< 23:c9:cc:4b:a0:3a,16331,-32,9574,59.86,35.68,36,573123,573630
[Recv] <<< 23:c9:cc:4b:a0:3a,16332,-32,9575,59.86,35.68,32,573155,573662
[Recv] <<< 23:c9:cc:4b:a0:3a,16333,-32,9576,59.86,35.68,33,573188,573695
[Recv] <<< 23:c9:cc:4b:a0:3a,16335,-41,9577,59.86,35.68,69,573257,573764
[Recv] <<< 23:c9:cc:4b:a0:3a,16336,-45,9578,59.85,35.68,29,573286,573793
[Recv] <<< 23:c9:cc:4b:a0:3a,16337,-41,9579,59.85,35.68,35,573321,573828
[Recv] <<< 23:c9:cc:4b:a0:3a,16338,-41,9580,59.85,35.68,33,573354,573861
[Recv] <<< 23:c9:cc:4b:a0:3a,16339,-41,9581,59.85,35.68,33,573387,573894
[Recv] <<< 23:c9:cc:4b:a0:3a,16340,-41,9582,59.84,35.68,31,573418,573925
[Recv] <<< 23:c9:cc:4b:a0:3a,16341,-41,9583,59.84,35.68,33,573451,573958
[Recv] <<< 23:c9:cc:4b:a0:3a,16343,-45,9584,59.84,35.68,80,573531,574038
[Recv] <<< 23:c9:cc:4b:a0:3a,16344,-41,9585,59.84,35.68,28,573559,574066
[Recv] <<< 23:c9:cc:4b:a0:3a,16345,-32,9586,59.84,35.68,43,573602,574109
[Recv] <<< 23:c9:cc:4b:a0:3a,16346,-32,9587,59.83,35.68,34,573636,574143
[Recv] <<< 23:c9:cc:4b:a0:3a,16347,-41,9588,59.83,35.68,33,573669,574176
[Recv] <<< 23:c9:cc:4b:a0:3a,16348,-32,9589,59.83,35.68,42,573711,574218
[Recv] <<< 23:c9:cc:4b:a0:3a,16349,-32,9590,59.83,35.68,30,573741,574248
[Recv] <<< 23:c9:cc:4b:a0:3a,16352,-46,9591,59.83,35.68,99,573840,574347
[Recv] <<< 23:c9:cc:4b:a0:3a,16353,-48,9592,59.83,35.68,33,573873,574380
[Recv] <<< 23:c9:cc:4b:a0:3a,16354,-41,9593,59.83,35.68,42,573915,574422
[Recv] <<< 23:c9:cc:4b:a0:3a,16355,-32,9594,59.82,35.68,42,573957,574464
[Recv] <<< 23:c9:cc:4b:a0:3a,16356,-32,9595,59.82,35.68,31,573988,574495
[Recv] <<< 23:c9:cc:4b:a0:3a,16357,-32,9596,59.82,35.68,36,574024,574531
[Recv] <<< 23:c9:cc:4b:a0:3a,16358,-32,9597,59.82,35.68,38,574062,574569
[Recv] <<< 23:c9:cc:4b:a0:3a,16359,-32,9598,59.81,35.68,26,574088,574595
[Recv] <<< 23:c9:cc:4b:a0:3a,16360,-32,9599,59.81,35.68,34,574122,574629
[Recv] <<< 23:c9:cc:4b:a0:3a,16361,-32,9600,59.81,35.68,35,574157,574664
[Recv] <<< 23:c9:cc:4b:a0:3a,16362,-32,9601,59.81,35.68,33,574190,574697
[Recv] <<< 23:c9:cc:4b:a0:3a,16363,-36,9602,59.80,35.68,43,574233,574740
[Recv] <<< 23:c9:cc:4b:a0:3a,16365,-35,9603,59.81,35.68,77,574310,574817
[Recv] <<< 23:c9:cc:4b:a0:3a,16366,-36,9604,59.80,35.68,37,574347,574854
[Recv] <<< 23:c9:cc:4b:a0:3a,16367,-36,9605,59.80,35.68,34,574381,574888
[Recv] <<< 23:c9:cc:4b:a0:3a,16368,-36,9606,59.80,35.68,35,574416,574923
[Recv] <<< 23:c9:cc:4b:a0:3a,16369,-35,9607,59.79,35.68,32,574448,574955
[Recv] <<< 23:c9:cc:4b:a0:3a,16370,-35,9608,59.79,35.68,34,574482,574989
[Recv] <<< 23:c9:cc:4b:a0:3a,16371,-35,9609,59.79,35.68,33,574515,575022
[Recv] <<< 23:c9:cc:4b:a0:3a,16372,-35,9610,59.79,35.68,41,574556,575063
[Recv] <<< 23:c9:cc:4b:a0:3a,16373,-35,9611,59.78,35.68,36,574592,575099
[Recv] <<< 23:c9:cc:4b:a0:3a,16375,-45,9612,59.79,35.68,70,574662,575169
[Recv] <<< 23:c9:cc:4b:a0:3a,16376,-38,9613,59.78,35.68,32,574694,575201
[Recv] <<< 23:c9:cc:4b:a0:3a,16377,-35,9614,59.78,35.68,44,574738,575245
[Recv] <<< 23:c9:cc:4b:a0:3a,16378,-35,9615,59.78,35.68,32,574770,575277
[Recv] <<< 23:c9:cc:4b:a0:3a,16379,-36,9616,59.78,35.68,35,574805,575312
[Recv] <<< 23:c9:cc:4b:a0:3a,16380,-36,9617,59.77,35.68,30,574835,575342
[Recv] <<< 23:c9:cc:4b:a0:3a,16381,-35,9618,59.77,35.68,37,574872,575379
[Recv] <<< 23:c9:cc:4b:a0:3a,16382,-36,9619,59.77,35.68,34,574906,575413
[Recv] <<< 23:c9:cc:4b:a0:3a,16383,-38,9620,59.77,35.68,34,574940,575447
[Recv] <<< 23:c9:cc:4b:a0:3a,16384,-36,9621,59.76,35.68,41,574981,575488
[Recv] <<< 23:c9:cc:4b:a0:3a,16385,-36,9622,59.76,35.67,24,575005,575512
[Recv] <<< 23:c9:cc:4b:a0:3a,16386,-36,9623,59.76,35.67,37,575042,575549
[Recv] <<< 23:c9:cc:4b:a0:3a,16387,-36,9624,59.75,35.67,28,575070,575577
[Recv] <<< 23:c9:cc:4b:a0:3a,16388,-36,9625,59.75,35.67,37,575107,575614
[Recv] <<< 23:c9:cc:4b:a0:3a,16389,-36,9626,59.75,35.67,33,575140,575647
[Recv] <<< 23:c9:cc:4b:a0:3a,16390,-35,9627,59.75,35.67,33,575173,575680
[Recv] <<< 23:c9:cc:4b:a0:3a,16391,-36,9628,59.74,35.67,31,575204,575711
[Recv] <<< 23:c9:cc:4b:a0:3a,16392,-35,9629,59.74,35.67,40,575244,575751
[Recv] <<< 23:c9:cc:4b:a0:3a,16394,-36,9630,59.74,35.67,72,575316,575823
[Recv] <<< 23:c9:cc:4b:a0:3a,16395,-35,9631,59.74,35.67,27,575343,575850
[Recv] <<< 23:c9:cc:4b:a0:3a,16396,-35,9632,59.74,35.67,32,575375,575882
[Recv] <<< 23:c9:cc:4b:a0:3a,16397,-34,9633,59.73,35.67,36,575411,575918
[Recv] <<< 23:c9:cc:4b:a0:3a,16398,-35,9634,59.73,35.67,37,575448,575955
[Recv] <<< 23:c9:cc:4b:a0:3a,16399,-36,9635,59.73,35.67,29,575477,575984
[Recv] <<< 23:c9:cc:4b:a0:3a,16403,-45,9636,59.74,35.67,154,575631,576138
[Recv] <<< 23:c9:cc:4b:a0:3a,16404,-45,9637,59.73,35.67,31,575662,576169
[Recv] <<< 23:c9:cc:4b:a0:3a,27057,-36,1,55.00,55.00,565,55,565
[Recv] <<< 23:c9:cc:4b:a0:3a,27058,-36,2,45.00,45.00,35,90,600
[Recv] <<< 23:c9:cc:4b:a0:3a,27059,-38,3,42.33,42.33,37,127,637
[Recv] <<< 23:c9:cc:4b:a0:3a,27060,-29,4,38.75,38.75,28,155,665
[Recv] <<< 23:c9:cc:4b:a0:3a,27061,-29,5,37.20,37.20,31,186,696
[Recv] <<< 23:c9:cc:4b:a0:3a,27062,-29,6,37.00,37.00,36,222,732
[Recv] <<< 23:c9:cc:4b:a0:3a,27064,-29,7,41.57,36.38,69,291,801
[Recv] <<< 23:c9:cc:4b:a0:3a,27065,-29,8,41.12,36.56,38,329,839
[Recv] <<< 23:c9:cc:4b:a0:3a,27067,-29,9,43.11,35.27,59,388,898
[Recv] <<< 23:c9:cc:4b:a0:3a,27072,-29,10,56.00,35.00,172,560,1070
[Recv] <<< 23:c9:cc:4b:a0:3a,27073,-29,11,54.64,35.35,41,601,1111
[Recv] <<< 23:c9:cc:4b:a0:3a,27074,-29,12,52.67,35.11,31,632,1142
[Recv] <<< 23:c9:cc:4b:a0:3a,27075,-27,13,50.69,34.68,27,659,1169
[Recv] <<< 23:c9:cc:4b:a0:3a,27079,-29,14,57.07,34.74,140,799,1309
[Recv] <<< 23:c9:cc:4b:a0:3a,27081,-27,15,57.73,34.64,67,866,1376
[Recv] <<< 23:c9:cc:4b:a0:3a,27084,-29,16,60.69,34.68,105,971,1481
[Recv] <<< 23:c9:cc:4b:a0:3a,27085,-29,17,59.29,34.76,37,1008,1518
[Recv] <<< 23:c9:cc:4b:a0:3a,27086,-29,18,57.78,34.67,32,1040,1550
[Recv] <<< 23:c9:cc:4b:a0:3a,27088,-29,19,58.53,34.75,72,1112,1622
[Recv] <<< 23:c9:cc:4b:a0:3a,27100,-29,20,76.25,34.66,413,1525,2035
[Recv] <<< 23:c9:cc:4b:a0:3a,27103,-29,21,77.90,34.81,111,1636,2146
[Recv] <<< 23:c9:cc:4b:a0:3a,27104,-29,22,75.55,34.62,26,1662,2172
[Recv] <<< 23:c9:cc:4b:a0:3a,27106,-29,23,75.57,34.76,76,1738,2248
[Recv] <<< 23:c9:cc:4b:a0:3a,27107,-39,24,74.46,35.04,49,1787,2297
[Recv] <<< 23:c9:cc:4b:a0:3a,27108,-27,25,72.96,35.08,37,1824,2334
[Recv] <<< 23:c9:cc:4b:a0:3a,27109,-27,26,71.54,35.09,36,1860,2370
[Recv] <<< 23:c9:cc:4b:a0:3a,27111,-27,27,71.48,35.09,70,1930,2440
[Recv] <<< 23:c9:cc:4b:a0:3a,27112,-27,28,70.25,35.12,37,1967,2477
[Recv] <<< 23:c9:cc:4b:a0:3a,27113,-27,29,68.86,35.04,30,1997,2507
[Recv] <<< 23:c9:cc:4b:a0:3a,27114,-27,30,67.63,34.98,32,2029,2539
[Recv] <<< 23:c9:cc:4b:a0:3a,27115,-36,31,66.26,34.81,25,2054,2564
[Recv] <<< 23:c9:cc:4b:a0:3a,27116,-27,32,65.66,35.02,47,2101,2611
[Recv] <<< 23:c9:cc:4b:a0:3a,27117,-27,33,64.45,34.87,26,2127,2637
[Recv] <<< 23:c9:cc:4b:a0:3a,27118,-27,34,63.53,34.84,33,2160,2670
[Recv] <<< 23:c9:cc:4b:a0:3a,27119,-27,35,62.63,34.79,32,2192,2702
[Recv] <<< 23:c9:cc:4b:a0:3a,27122,-29,36,63.92,34.86,109,2301,2811
[Recv] <<< 23:c9:cc:4b:a0:3a,27123,-29,37,63.14,34.87,35,2336,2846
[Recv] <<< 23:c9:cc:4b:a0:3a,27124,-29,38,62.29,34.81,31,2367,2877
[Recv] <<< 23:c9:cc:4b:a0:3a,27125,-35,39,61.74,34.90,41,2408,2918
[Recv] <<< 23:c9:cc:4b:a0:3a,27126,-35,40,61.10,34.91,36,2444,2954
[Recv] <<< 23:c9:cc:4b:a0:3a,27127,-35,41,60.37,34.86,31,2475,2985
[Recv] <<< 23:c9:cc:4b:a0:3a,27128,-39,42,59.64,34.79,30,2505,3015
[Recv] <<< 23:c9:cc:4b:a0:3a,27129,-35,43,59.19,34.86,40,2545,3055
[Recv] <<< 23:c9:cc:4b:a0:3a,27130,-39,44,58.57,34.82,32,2577,3087
[Recv] <<< 23:c9:cc:4b:a0:3a,27131,-39,45,58.27,34.96,45,2622,3132
[Recv] <<< 23:c9:cc:4b:a0:3a,27132,-39,46,57.76,34.96,35,2657,3167
[Recv] <<< 23:c9:cc:4b:a0:3a,27133,-36,47,57.21,34.92,32,2689,3199
[Recv] <<< 23:c9:cc:4b:a0:3a,27134,-35,48,56.60,34.83,28,2717,3227
[Recv] <<< 23:c9:cc:4b:a0:3a,27139,-39,49,59.18,34.94,183,2900,3410
[Recv] <<< 23:c9:cc:4b:a0:3a,27140,-27,50,59.06,35.15,53,2953,3463
[Recv] <<< 23:c9:cc:4b:a0:3a,27141,-27,51,58.45,35.07,28,2981,3491
[Recv] <<< 23:c9:cc:4b:a0:3a,27142,-27,52,57.96,35.05,33,3014,3524
[Recv] <<< 23:c9:cc:4b:a0:3a,27143,-29,53,57.70,35.15,44,3058,3568
[Recv] <<< 23:c9:cc:4b:a0:3a,27146,-29,54,58.67,35.20,110,3168,3678
[Recv] <<< 23:c9:cc:4b:a0:3a,27147,-29,55,58.07,35.10,26,3194,3704
[Recv] <<< 23:c9:cc:4b:a0:3a,27148,-29,56,57.73,35.14,39,3233,3743
[Recv] <<< 23:c9:cc:4b:a0:3a,27149,-29,57,57.19,35.05,27,3260,3770
[Recv] <<< 23:c9:cc:4b:a0:3a,27151,-29,58,57.40,35.04,69,3329,3839
[Recv] <<< 23:c9:cc:4b:a0:3a,27152,-29,59,57.07,35.07,38,3367,3877
[Recv] <<< 23:c9:cc:4b:a0:3a,27153,-29,60,56.75,35.10,38,3405,3915
[Recv] <<< 23:c9:cc:4b:a0:3a,27154,-29,61,56.28,35.03,28,3433,3943
[Recv] <<< 23:c9:cc:4b:a0:3a,27156,-29,62,56.48,35.02,69,3502,4012
[Recv] <<< 23:c9:cc:4b:a0:3a,27157,-29,63,56.27,35.10,43,3545,4055
[Recv] <<< 23:c9:cc:4b:a0:3a,27158,-29,64,55.83,35.03,28,3573,4083
[Recv] <<< 23:c9:cc:4b:a0:3a,27159,-29,65,55.63,35.11,43,3616,4126
[Recv] <<< 23:c9:cc:4b:a0:3a,27163,-30,66,56.95,35.13,143,3759,4269
[Recv] <<< 23:c9:cc:4b:a0:3a,27165,-37,67,57.16,35.14,71,3830,4340
[Recv] <<< 23:c9:cc:4b:a0:3a,27167,-37,68,57.31,35.11,67,3897,4407
[Recv] <<< 23:c9:cc:4b:a0:3a,27168,-37,69,56.93,35.07,31,3928,4438
[Recv] <<< 23:c9:cc:4b:a0:3a,27169,-37,70,56.64,35.09,37,3965,4475
[Recv] <<< 23:c9:cc:4b:a0:3a,27170,-37,71,56.39,35.12,39,4004,4514
[Recv] <<< 23:c9:cc:4b:a0:3a,27171,-37,72,56.04,35.09,31,4035,4545
[Recv] <<< 23:c9:cc:4b:a0:3a,27172,-31,73,55.71,35.06,32,4067,4577
[Recv] <<< 23:c9:cc:4b:a0:3a,27174,-37,74,55.93,35.08,72,4139,4649
[Recv] <<< 23:c9:cc:4b:a0:3a,27177,-37,75,56.60,35.08,106,4245,4755
[Recv] <<< 23:c9:cc:4b:a0:3a,27178,-28,76,56.47,35.18,47,4292,4802
[Recv] <<< 23:c9:cc:4b:a0:3a,27180,-28,77,56.64,35.17,69,4361,4871
[Recv] <<< 23:c9:cc:4b:a0:3a,27181,-30,78,56.49,35.25,45,4406,4916
[Recv] <<< 23:c9:cc:4b:a0:3a,27182,-31,79,56.08,35.16,24,4430,4940
[Recv] <<< 23:c9:cc:4b:a0:3a,27184,-31,80,56.30,35.19,74,4504,5014
[Recv] <<< 23:c9:cc:4b:a0:3a,27186,-31,81,56.44,35.17,68,4572,5082
[Recv] <<< 23:c9:cc:4b:a0:3a,27187,-31,82,56.17,35.16,34,4606,5116
[Recv] <<< 23:c9:cc:4b:a0:3a,27188,-37,83,56.01,35.22,43,4649,5159
[Recv] <<< 23:c9:cc:4b:a0:3a,27189,-37,84,55.75,35.21,34,4683,5193
[Recv] <<< 23:c9:cc:4b:a0:3a,27190,-37,85,55.49,35.20,34,4717,5227
[Recv] <<< 23:c9:cc:4b:a0:3a,27191,-37,86,55.30,35.23,39,4756,5266
[Recv] <<< 23:c9:cc:4b:a0:3a,27192,-28,87,55.13,35.26,40,4796,5306
[Recv] <<< 23:c9:cc:4b:a0:3a,27194,-31,88,55.34,35.29,74,4870,5380
[Recv] <<< 23:c9:cc:4b:a0:3a,27197,-28,89,55.80,35.22,96,4966,5476
[Recv] <<< 23:c9:cc:4b:a0:3a,27201,-37,90,56.93,35.34,158,5124,5634
[Recv] <<< 23:c9:cc:4b:a0:3a,27202,-28,91,56.67,35.32,33,5157,5667
[Recv] <<< 23:c9:cc:4b:a0:3a,27203,-37,92,56.39,35.29,31,5188,5698
[Recv] <<< 23:c9:cc:4b:a0:3a,27204,-37,93,56.22,35.32,40,5228,5738
[Recv] <<< 23:c9:cc:4b:a0:3a,27205,-37,94,55.89,35.26,26,5254,5764
[Recv] <<< 23:c9:cc:4b:a0:3a,27206,-37,95,55.64,35.24,32,5286,5796
[Recv] <<< 23:c9:cc:4b:a0:3a,27208,-37,96,55.82,35.26,73,5359,5869
[Recv] <<< 23:c9:cc:4b:a0:3a,27209,-37,97,55.60,35.25,34,5393,5903
[Recv] <<< 23:c9:cc:4b:a0:3a,27210,-37,98,55.35,35.22,31,5424,5934
[Recv] <<< 23:c9:cc:4b:a0:3a,27212,-37,99,55.48,35.21,69,5493,6003
[Recv] <<< 23:c9:cc:4b:a0:3a,27213,-30,100,55.21,35.17,28,5521,6031
[Recv] <<< 23:c9:cc:4b:a0:3a,27214,-31,101,54.94,35.12,28,5549,6059
[Recv] <<< 23:c9:cc:4b:a0:3a,27215,-31,102,54.77,35.14,38,5587,6097
[Recv] <<< 23:c9:cc:4b:a0:3a,27216,-30,103,54.56,35.12,33,5620,6130
[Recv] <<< 23:c9:cc:4b:a0:3a,27218,-31,104,54.73,35.14,72,5692,6202
[Recv] <<< 23:c9:cc:4b:a0:3a,27219,-31,105,54.55,35.14,36,5728,6238
[Recv] <<< 23:c9:cc:4b:a0:3a,27223,-31,106,55.40,35.16,144,5872,6382
[Recv] <<< 23:c9:cc:4b:a0:3a,27225,-37,107,55.50,35.14,66,5938,6448
[Recv] <<< 23:c9:cc:4b:a0:3a,27226,-37,108,55.35,35.16,40,5978,6488
[Recv] <<< 23:c9:cc:4b:a0:3a,27227,-30,109,55.08,35.11,26,6004,6514
[Recv] <<< 23:c9:cc:4b:a0:3a,27228,-30,110,54.90,35.11,35,6039,6549
[Recv] <<< 23:c9:cc:4b:a0:3a,27230,-31,111,55.05,35.11,71,6110,6620
[Recv] <<< 23:c9:cc:4b:a0:3a,27231,-31,112,54.85,35.10,33,6143,6653
[Recv] <<< 23:c9:cc:4b:a0:3a,27233,-31,113,54.99,35.11,71,6214,6724
[Recv] <<< 23:c9:cc:4b:a0:3a,27234,-31,114,54.77,35.08,30,6244,6754
[Recv] <<< 23:c9:cc:4b:a0:3a,27235,-30,115,54.58,35.07,33,6277,6787
[Recv] <<< 23:c9:cc:4b:a0:3a,27237,-28,116,54.69,35.05,67,6344,6854
[Recv] <<< 23:c9:cc:4b:a0:3a,27238,-28,117,54.49,35.03,31,6375,6885
[Recv] <<< 23:c9:cc:4b:a0:3a,27239,-28,118,54.33,35.03,36,6411,6921
[Recv] <<< 23:c9:cc:4b:a0:3a,27240,-28,119,54.13,35.01,31,6442,6952
[Recv] <<< 23:c9:cc:4b:a0:3a,27241,-28,120,53.92,34.98,29,6471,6981
[Recv] <<< 23:c9:cc:4b:a0:3a,27243,-28,121,54.09,35.00,74,6545,7055
[Recv] <<< 23:c9:cc:4b:a0:3a,27244,-28,122,53.90,34.98,31,6576,7086
[Recv] <<< 23:c9:cc:4b:a0:3a,27246,-28,123,54.02,34.97,68,6644,7154
[Recv] <<< 23:c9:cc:4b:a0:3a,27248,-28,124,54.15,34.97,71,6715,7225
[Recv] <<< 23:c9:cc:4b:a0:3a,27249,-28,125,53.98,34.96,33,6748,7258
[Recv] <<< 23:c9:cc:4b:a0:3a,27250,-28,126,53.80,34.94,31,6779,7289
[Recv] <<< 23:c9:cc:4b:a0:3a,27253,-28,127,54.13,34.89,95,6874,7384
[Recv] <<< 23:c9:cc:4b:a0:3a,27255,-37,128,54.24,34.89,69,6943,7453
[Recv] <<< 23:c9:cc:4b:a0:3a,27258,-37,129,54.64,34.89,105,7048,7558
[Recv] <<< 23:c9:cc:4b:a0:3a,27259,-37,130,54.49,34.90,36,7084,7594
[Recv] <<< 23:c9:cc:4b:a0:3a,27260,-37,131,54.35,34.90,36,7120,7630
[Recv] <<< 23:c9:cc:4b:a0:3a,27261,-37,132,54.14,34.86,26,7146,7656
[Recv] <<< 23:c9:cc:4b:a0:3a,27262,-31,133,53.96,34.84,31,7177,7687
[Recv] <<< 23:c9:cc:4b:a0:3a,27263,-31,134,53.80,34.83,32,7209,7719
[Recv] <<< 23:c9:cc:4b:a0:3a,27264,-31,135,53.62,34.80,30,7239,7749
[Recv] <<< 23:c9:cc:4b:a0:3a,27265,-37,136,53.59,34.87,49,7288,7798
[Recv] <<< 23:c9:cc:4b:a0:3a,27266,-37,137,53.44,34.86,33,7321,7831
[Recv] <<< 23:c9:cc:4b:a0:3a,27267,-37,138,53.30,34.86,34,7355,7865
[Recv] <<< 23:c9:cc:4b:a0:3a,27268,-37,139,53.17,34.86,35,7390,7900
[Recv] <<< 23:c9:cc:4b:a0:3a,27269,-37,140,52.97,34.82,26,7416,7926
[Recv] <<< 23:c9:cc:4b:a0:3a,27270,-37,141,52.84,34.82,35,7451,7961
[Recv] <<< 23:c9:cc:4b:a0:3a,27274,-37,142,53.49,34.84,145,7596,8106
[Recv] <<< 23:c9:cc:4b:a0:3a,27276,-37,143,53.52,34.79,58,7654,8164
[Recv] <<< 23:c9:cc:4b:a0:3a,27277,-37,144,53.41,34.80,37,7691,8201
[Recv] <<< 23:c9:cc:4b:a0:3a,27278,-37,145,53.26,34.78,31,7722,8232
[Recv] <<< 23:c9:cc:4b:a0:3a,27279,-37,146,53.16,34.80,39,7761,8271
[Recv] <<< 23:c9:cc:4b:a0:3a,27281,-37,147,53.23,34.78,64,7825,8335
[Recv] <<< 23:c9:cc:4b:a0:3a,27282,-37,148,53.16,34.81,42,7867,8377
[Recv] <<< 23:c9:cc:4b:a0:3a,27283,-37,149,53.02,34.80,33,7900,8410
[Recv] <<< 23:c9:cc:4b:a0:3a,27284,-37,150,52.91,34.81,36,7936,8446
[Recv] <<< 23:c9:cc:4b:a0:3a,27285,-37,151,52.77,34.79,32,7968,8478
[Recv] <<< 23:c9:cc:4b:a0:3a,27286,-37,152,52.66,34.80,37,8005,8515
[Recv] <<< 23:c9:cc:4b:a0:3a,27287,-37,153,52.50,34.77,27,8032,8542
[Recv] <<< 23:c9:cc:4b:a0:3a,27288,-37,154,52.42,34.80,41,8073,8583
[Recv] <<< 23:c9:cc:4b:a0:3a,27289,-37,155,52.30,34.79,34,8107,8617
[Recv] <<< 23:c9:cc:4b:a0:3a,27290,-37,156,52.17,34.78,32,8139,8649
[Recv] <<< 23:c9:cc:4b:a0:3a,27291,-40,157,52.07,34.79,36,8175,8685
[Recv] <<< 23:c9:cc:4b:a0:3a,27292,-28,158,52.01,34.82,42,8217,8727
[Recv] <<< 23:c9:cc:4b:a0:3a,27293,-28,159,51.90,34.82,35,8252,8762
[Recv] <<< 23:c9:cc:4b:a0:3a,27295,-28,160,52.01,34.82,70,8322,8832
[Recv] <<< 23:c9:cc:4b:a0:3a,27296,-28,161,51.90,34.82,34,8356,8866
[Recv] <<< 23:c9:cc:4b:a0:3a,27297,-28,162,51.81,34.83,38,8394,8904
[Recv] <<< 23:c9:cc:4b:a0:3a,27298,-28,163,51.67,34.80,28,8422,8932
[Recv] <<< 23:c9:cc:4b:a0:3a,27299,-28,164,51.55,34.79,33,8455,8965
[Recv] <<< 23:c9:cc:4b:a0:3a,27300,-28,165,51.44,34.79,33,8488,8998
[Recv] <<< 23:c9:cc:4b:a0:3a,27301,-28,166,51.34,34.78,34,8522,9032
[Recv] <<< 23:c9:cc:4b:a0:3a,27302,-30,167,51.31,34.83,46,8568,9078
[Recv] <<< 23:c9:cc:4b:a0:3a,27303,-31,168,51.21,34.83,35,8603,9113
[Recv] <<< 23:c9:cc:4b:a0:3a,27305,-28,169,51.25,34.79,59,8662,9172
[Recv] <<< 23:c9:cc:4b:a0:3a,27309,-28,170,51.72,34.75,131,8793,9303
[Recv] <<< 23:c9:cc:4b:a0:3a,27310,-28,171,51.63,34.76,35,8828,9338
[Recv] <<< 23:c9:cc:4b:a0:3a,27327,-28,172,54.68,34.70,577,9405,9915
[Recv] <<< 23:c9:cc:4b:a0:3a,27328,-28,173,54.55,34.70,33,9438,9948
[Recv] <<< 23:c9:cc:4b:a0:3a,27329,-28,174,54.45,34.70,36,9474,9984
[Recv] <<< 23:c9:cc:4b:a0:3a,27330,-28,175,54.33,34.70,33,9507,10017
[Recv] <<< 23:c9:cc:4b:a0:3a,27331,-28,176,54.24,34.72,40,9547,10057
[Recv] <<< 23:c9:cc:4b:a0:3a,27332,-28,177,54.10,34.70,29,9576,10086
[Recv] <<< 23:c9:cc:4b:a0:3a,27333,-28,178,53.98,34.69,33,9609,10119
[Recv] <<< 23:c9:cc:4b:a0:3a,27334,-28,179,53.85,34.68,31,9640,10150
[Recv] <<< 23:c9:cc:4b:a0:3a,27335,-28,180,53.78,34.70,40,9680,10190
[Recv] <<< 23:c9:cc:4b:a0:3a,27336,-28,181,53.66,34.69,33,9713,10223
[Recv] <<< 23:c9:cc:4b:a0:3a,27339,-37,182,53.88,34.65,93,9806,10316
[Recv] <<< 23:c9:cc:4b:a0:3a,27340,-37,183,53.80,34.67,39,9845,10355
[Recv] <<< 23:c9:cc:4b:a0:3a,27343,-31,184,54.02,34.63,95,9940,10450
[Recv] <<< 23:c9:cc:4b:a0:3a,27344,-31,185,53.87,34.60,26,9966,10476
[Recv] <<< 23:c9:cc:4b:a0:3a,27345,-31,186,53.77,34.61,36,10002,10512
[Recv] <<< 23:c9:cc:4b:a0:3a,27346,-31,187,53.66,34.60,32,10034,10544
[Recv] <<< 23:c9:cc:4b:a0:3a,27347,-31,188,53.57,34.61,37,10071,10581
[Recv] <<< 23:c9:cc:4b:a0:3a,27348,-31,189,53.47,34.61,34,10105,10615
[Recv] <<< 23:c9:cc:4b:a0:3a,27349,-31,190,53.36,34.60,33,10138,10648
[Recv] <<< 23:c9:cc:4b:a0:3a,27350,-28,191,53.23,34.58,29,10167,10677
[Recv] <<< 23:c9:cc:4b:a0:3a,27351,-28,192,53.10,34.56,29,10196,10706
[Recv] <<< 23:c9:cc:4b:a0:3a,27352,-28,193,53.02,34.57,37,10233,10743
[Recv] <<< 23:c9:cc:4b:a0:3a,27353,-28,194,52.91,34.56,31,10264,10774
[Recv] <<< 23:c9:cc:4b:a0:3a,27354,-28,195,52.81,34.56,34,10298,10808
[Recv] <<< 23:c9:cc:4b:a0:3a,27357,-28,196,53.05,34.54,100,10398,10908
[Recv] <<< 23:c9:cc:4b:a0:3a,27359,-28,197,53.10,34.52,63,10461,10971
[Recv] <<< 23:c9:cc:4b:a0:3a,27360,-27,198,53.05,34.55,42,10503,11013
[Recv] <<< 23:c9:cc:4b:a0:3a,27362,-28,199,53.09,34.53,62,10565,11075
[Recv] <<< 23:c9:cc:4b:a0:3a,27364,-28,200,53.17,34.53,69,10634,11144
[Recv] <<< 23:c9:cc:4b:a0:3a,27365,-28,201,53.06,34.52,32,10666,11176
[Recv] <<< 23:c9:cc:4b:a0:3a,27367,-37,202,53.11,34.50,63,10729,11239
[Recv] <<< 23:c9:cc:4b:a0:3a,27369,-37,203,53.20,34.50,70,10799,11309
[Recv] <<< 23:c9:cc:4b:a0:3a,27373,-28,204,53.65,34.52,145,10944,11454
[Recv] <<< 23:c9:cc:4b:a0:3a,27374,-37,205,53.56,34.53,35,10979,11489
[Recv] <<< 23:c9:cc:4b:a0:3a,27375,-37,206,53.46,34.52,33,11012,11522
[Recv] <<< 23:c9:cc:4b:a0:3a,27376,-28,207,53.39,34.54,40,11052,11562
[Recv] <<< 23:c9:cc:4b:a0:3a,27377,-37,208,53.27,34.52,29,11081,11591
[Recv] <<< 23:c9:cc:4b:a0:3a,27378,-37,209,53.19,34.52,36,11117,11627
[Recv] <<< 23:c9:cc:4b:a0:3a,27379,-37,210,53.11,34.53,36,11153,11663
[Recv] <<< 23:c9:cc:4b:a0:3a,27380,-37,211,52.99,34.51,28,11181,11691
[Recv] <<< 23:c9:cc:4b:a0:3a,27381,-28,212,52.94,34.54,43,11224,11734
[Recv] <<< 23:c9:cc:4b:a0:3a,27382,-28,213,52.84,34.52,30,11254,11764
[Recv] <<< 23:c9:cc:4b:a0:3a,27383,-28,214,52.74,34.51,32,11286,11796
[Recv] <<< 23:c9:cc:4b:a0:3a,27384,-28,215,52.64,34.51,32,11318,11828
[Recv] <<< 23:c9:cc:4b:a0:3a,27385,-28,216,52.57,34.51,37,11355,11865
[Recv] <<< 23:c9:cc:4b:a0:3a,27386,-28,217,52.48,34.51,33,11388,11898
[Recv] <<< 23:c9:cc:4b:a0:3a,27387,-28,218,52.40,34.51,35,11423,11933
[Recv] <<< 23:c9:cc:4b:a0:3a,27388,-31,219,52.36,34.54,44,11467,11977
[Recv] <<< 23:c9:cc:4b:a0:3a,27389,-28,220,52.24,34.51,26,11493,12003
[Recv] <<< 23:c9:cc:4b:a0:3a,27390,-28,221,52.14,34.50,30,11523,12033
[Recv] <<< 23:c9:cc:4b:a0:3a,27391,-28,222,52.08,34.51,38,11561,12071
[Recv] <<< 23:c9:cc:4b:a0:3a,27393,-31,223,52.17,34.53,74,11635,12145
[Recv] <<< 23:c9:cc:4b:a0:3a,27395,-40,224,52.28,34.55,76,11711,12221
[Recv] <<< 23:c9:cc:4b:a0:3a,27396,-37,225,52.22,34.56,38,11749,12259
[Recv] <<< 23:c9:cc:4b:a0:3a,27397,-37,226,52.12,34.54,29,11778,12288
[Recv] <<< 23:c9:cc:4b:a0:3a,27398,-37,227,52.05,34.55,37,11815,12325
[Recv] <<< 23:c9:cc:4b:a0:3a,27399,-37,228,52.01,34.57,44,11859,12369
[Recv] <<< 23:c9:cc:4b:a0:3a,27400,-37,229,51.92,34.56,30,11889,12399
[Recv] <<< 23:c9:cc:4b:a0:3a,27401,-37,230,51.82,34.54,29,11918,12428
[Recv] <<< 23:c9:cc:4b:a0:3a,27403,-37,231,51.90,34.55,70,11988,12498
[Recv] <<< 23:c9:cc:4b:a0:3a,27404,-31,232,51.80,34.53,29,12017,12527
[Recv] <<< 23:c9:cc:4b:a0:3a,27405,-31,233,51.72,34.53,33,12050,12560
[Recv] <<< 23:c9:cc:4b:a0:3a,27406,-31,234,51.67,34.54,40,12090,12600
[Recv] <<< 23:c9:cc:4b:a0:3a,27408,-28,235,51.68,34.50,55,12145,12655
[Recv] <<< 23:c9:cc:4b:a0:3a,27409,-28,236,51.61,34.51,36,12181,12691
[Recv] <<< 23:c9:cc:4b:a0:3a,27410,-28,237,51.54,34.50,33,12214,12724
[Recv] <<< 23:c9:cc:4b:a0:3a,27411,-28,238,51.47,34.51,36,12250,12760
[Recv] <<< 23:c9:cc:4b:a0:3a,27412,-28,239,51.41,34.51,36,12286,12796
[Recv] <<< 23:c9:cc:4b:a0:3a,27413,-28,240,51.35,34.52,37,12323,12833
[Recv] <<< 23:c9:cc:4b:a0:3a,27414,-28,241,51.25,34.50,29,12352,12862
[Recv] <<< 23:c9:cc:4b:a0:3a,27415,-30,242,51.23,34.53,45,12397,12907
[Recv] <<< 23:c9:cc:4b:a0:3a,27416,-31,243,51.15,34.53,32,12429,12939
[Recv] <<< 23:c9:cc:4b:a0:3a,27417,-30,244,51.10,34.54,39,12468,12978
[Recv] <<< 23:c9:cc:4b:a0:3a,27418,-37,245,51.06,34.56,42,12510,13020
[Recv] <<< 23:c9:cc:4b:a0:3a,27419,-37,246,50.99,34.56,34,12544,13054
[Recv] <<< 23:c9:cc:4b:a0:3a,27420,-37,247,50.91,34.54,30,12574,13084
[Recv] <<< 23:c9:cc:4b:a0:3a,27421,-37,248,50.83,34.54,32,12606,13116
[Recv] <<< 23:c9:cc:4b:a0:3a,27424,-37,249,51.04,34.54,104,12710,13220
[Recv] <<< 23:c9:cc:4b:a0:3a,27425,-37,250,50.95,34.52,27,12737,13247
[Recv] <<< 23:c9:cc:4b:a0:3a,27426,-37,251,50.91,34.54,41,12778,13288
[Recv] <<< 23:c9:cc:4b:a0:3a,27427,-37,252,50.83,34.53,32,12810,13320
[Recv] <<< 23:c9:cc:4b:a0:3a,27428,-37,253,50.78,34.53,37,12847,13357
[Recv] <<< 23:c9:cc:4b:a0:3a,27429,-37,254,50.70,34.52,30,12877,13387
[Recv] <<< 23:c9:cc:4b:a0:3a,27430,-37,255,50.64,34.53,37,12914,13424
[Recv] <<< 23:c9:cc:4b:a0:3a,27431,-37,256,50.59,34.53,36,12950,13460
[Recv] <<< 23:c9:cc:4b:a0:3a,27432,-37,257,50.53,34.53,35,12985,13495
[Recv] <<< 23:c9:cc:4b:a0:3a,27433,-37,258,50.45,34.52,30,13015,13525
[Recv] <<< 23:c9:cc:4b:a0:3a,27434,-37,259,50.39,34.53,37,13052,13562
[Recv] <<< 23:c9:cc:4b:a0:3a,27435,-37,260,50.32,34.52,31,13083,13593
[Recv] <<< 23:c9:cc:4b:a0:3a,27440,-37,261,50.79,34.52,172,13255,13765
[Recv] <<< 23:c9:cc:4b:a0:3a,27441,-37,262,50.74,34.53,40,13295,13805
[Recv] <<< 23:c9:cc:4b:a0:3a,27442,-37,263,50.67,34.52,31,13326,13836
[Recv] <<< 23:c9:cc:4b:a0:3a,27443,-37,264,50.64,34.55,43,13369,13879
[Recv] <<< 23:c9:cc:4b:a0:3a,27444,-37,265,50.55,34.53,28,13397,13907
[Recv] <<< 23:c9:cc:4b:a0:3a,27445,-37,266,50.46,34.51,26,13423,13933
[Recv] <<< 23:c9:cc:4b:a0:3a,27446,-37,267,50.42,34.52,39,13462,13972
[Recv] <<< 23:c9:cc:4b:a0:3a,27448,-37,268,50.50,34.53,72,13534,14044
[Recv] <<< 23:c9:cc:4b:a0:3a,27449,-37,269,50.45,34.53,36,13570,14080
[Recv] <<< 23:c9:cc:4b:a0:3a,27451,-31,270,50.50,34.52,65,13635,14145
[Recv] <<< 23:c9:cc:4b:a0:3a,27452,-31,271,50.40,34.49,24,13659,14169
[Recv] <<< 23:c9:cc:4b:a0:3a,27453,-31,272,50.35,34.50,37,13696,14206
[Recv] <<< 23:c9:cc:4b:a0:3a,27456,-31,273,50.56,34.51,107,13803,14313
[Recv] <<< 23:c9:cc:4b:a0:3a,27457,-31,274,50.49,34.50,32,13835,14345
[Recv] <<< 23:c9:cc:4b:a0:3a,27458,-31,275,50.44,34.51,37,13872,14382
[Recv] <<< 23:c9:cc:4b:a0:3a,27459,-31,276,50.39,34.51,36,13908,14418
[Recv] <<< 23:c9:cc:4b:a0:3a,27460,-31,277,50.31,34.49,27,13935,14445
[Recv] <<< 23:c9:cc:4b:a0:3a,27461,-31,278,50.25,34.49,34,13969,14479
[Recv] <<< 23:c9:cc:4b:a0:3a,27462,-31,279,50.20,34.50,37,14006,14516
[Recv] <<< 23:c9:cc:4b:a0:3a,27463,-37,280,50.16,34.51,40,14046,14556
[Recv] <<< 23:c9:cc:4b:a0:3a,27465,-31,281,50.22,34.50,66,14112,14622
[Recv] <<< 23:c9:cc:4b:a0:3a,27466,-31,282,50.17,34.51,36,14148,14658
[Recv] <<< 23:c9:cc:4b:a0:3a,27467,-31,283,50.10,34.50,31,14179,14689
[Recv] <<< 23:c9:cc:4b:a0:3a,27468,-31,284,50.04,34.50,33,14212,14722
[Recv] <<< 23:c9:cc:4b:a0:3a,27469,-28,285,49.96,34.47,26,14238,14748
[Recv] <<< 23:c9:cc:4b:a0:3a,27470,-28,286,49.88,34.46,29,14267,14777
[Recv] <<< 23:c9:cc:4b:a0:3a,27471,-28,287,49.82,34.46,32,14299,14809
[Recv] <<< 23:c9:cc:4b:a0:3a,27472,-28,288,49.79,34.47,40,14339,14849
[Recv] <<< 23:c9:cc:4b:a0:3a,27473,-31,289,49.74,34.47,37,14376,14886
[Recv] <<< 23:c9:cc:4b:a0:3a,27474,-31,290,49.68,34.47,32,14408,14918
[Recv] <<< 23:c9:cc:4b:a0:3a,27476,-28,291,49.74,34.46,65,14473,14983
[Recv] <<< 23:c9:cc:4b:a0:3a,27477,-28,292,49.67,34.45,30,14503,15013
[Recv] <<< 23:c9:cc:4b:a0:3a,27478,-28,293,49.61,34.45,33,14536,15046
[Recv] <<< 23:c9:cc:4b:a0:3a,27479,-28,294,49.56,34.44,34,14570,15080
[Recv] <<< 23:c9:cc:4b:a0:3a,27480,-31,295,49.55,34.47,46,14616,15126
[Recv] <<< 23:c9:cc:4b:a0:3a,27482,-28,296,49.60,34.46,66,14682,15192
[Recv] <<< 23:c9:cc:4b:a0:3a,27484,-28,297,49.64,34.45,61,14743,15253
[Recv] <<< 23:c9:cc:4b:a0:3a,27487,-37,298,49.79,34.43,95,14838,15348
[Recv] <<< 23:c9:cc:4b:a0:3a,27488,-37,299,49.74,34.43,34,14872,15382
[Recv] <<< 23:c9:cc:4b:a0:3a,27489,-37,300,49.68,34.42,31,14903,15413
[Recv] <<< 23:c9:cc:4b:a0:3a,27490,-37,301,49.66,34.44,46,14949,15459
[Recv] <<< 23:c9:cc:4b:a0:3a,27494,-37,302,49.96,34.45,138,15087,15597
[Recv] <<< 23:c9:cc:4b:a0:3a,27495,-37,303,49.89,34.43,29,15116,15626
[Recv] <<< 23:c9:cc:4b:a0:3a,27496,-37,304,49.84,34.43,34,15150,15660
[Recv] <<< 23:c9:cc:4b:a0:3a,27497,-31,305,49.78,34.43,32,15182,15692
[Recv] <<< 23:c9:cc:4b:a0:3a,27498,-37,306,49.74,34.43,37,15219,15729
[Recv] <<< 23:c9:cc:4b:a0:3a,27499,-37,307,49.69,34.44,37,15256,15766
[Recv] <<< 23:c9:cc:4b:a0:3a,27500,-37,308,49.63,34.43,31,15287,15797
[Recv] <<< 23:c9:cc:4b:a0:3a,27501,-31,309,49.57,34.42,30,15317,15827
[Recv] <<< 23:c9:cc:4b:a0:3a,27502,-31,310,49.51,34.41,32,15349,15859
[Recv] <<< 23:c9:cc:4b:a0:3a,27503,-31,311,49.46,34.41,34,15383,15893
[Recv] <<< 23:c9:cc:4b:a0:3a,27504,-31,312,49.39,34.40,27,15410,15920
[Recv] <<< 23:c9:cc:4b:a0:3a,27505,-28,313,49.34,34.40,34,15444,15954
[Recv] <<< 23:c9:cc:4b:a0:3a,27506,-28,314,49.28,34.39,31,15475,15985
[Recv] <<< 23:c9:cc:4b:a0:3a,27507,-28,315,49.25,34.40,39,15514,16024
[Recv] <<< 23:c9:cc:4b:a0:3a,27508,-28,316,49.22,34.41,40,15554,16064
[Recv] <<< 23:c9:cc:4b:a0:3a,27509,-28,317,49.16,34.40,29,15583,16093
[Recv] <<< 23:c9:cc:4b:a0:3a,27510,-37,318,49.10,34.39,32,15615,16125
[Recv] <<< 23:c9:cc:4b:a0:3a,27511,-28,319,49.07,34.40,37,15652,16162
[Recv] <<< 23:c9:cc:4b:a0:3a,27513,-37,320,49.13,34.40,70,15722,16232
[Recv] <<< 23:c9:cc:4b:a0:3a,27515,-31,321,49.17,34.39,62,15784,16294
[Recv] <<< 23:c9:cc:4b:a0:3a,27516,-31,322,49.14,34.40,38,15822,16332
[Recv] <<< 23:c9:cc:4b:a0:3a,27517,-31,323,49.07,34.38,26,15848,16358
[Recv] <<< 23:c9:cc:4b:a0:3a,27518,-31,324,49.02,34.38,36,15884,16394
[Recv] <<< 23:c9:cc:4b:a0:3a,27519,-31,325,48.99,34.39,37,15921,16431
[Recv] <<< 23:c9:cc:4b:a0:3a,27522,-31,326,49.16,34.39,106,16027,16537
[Recv] <<< 23:c9:cc:4b:a0:3a,27523,-31,327,49.09,34.38,27,16054,16564
[Recv] <<< 23:c9:cc:4b:a0:3a,27524,-31,328,49.05,34.38,34,16088,16598
[Recv] <<< 23:c9:cc:4b:a0:3a,27525,-31,329,49.00,34.37,33,16121,16631
[Recv] <<< 23:c9:cc:4b:a0:3a,27527,-37,330,49.07,34.38,71,16192,16702
[Recv] <<< 23:c9:cc:4b:a0:3a,27530,-37,331,49.23,34.38,103,16295,16805
[Recv] <<< 23:c9:cc:4b:a0:3a,27532,-28,332,49.31,34.39,77,16372,16882
[Recv] <<< 23:c9:cc:4b:a0:3a,27533,-28,333,49.26,34.39,32,16404,16914
[Recv] <<< 23:c9:cc:4b:a0:3a,27534,-28,334,49.21,34.39,33,16437,16947
[Recv] <<< 23:c9:cc:4b:a0:3a,27535,-28,335,49.17,34.39,35,16472,16982
[Recv] <<< 23:c9:cc:4b:a0:3a,27536,-28,336,49.13,34.39,35,16507,17017
[Recv] <<< 23:c9:cc:4b:a0:3a,27537,-28,337,49.07,34.38,30,16537,17047
[Recv] <<< 23:c9:cc:4b:a0:3a,27539,-28,338,49.12,34.37,66,16603,17113
[Recv] <<< 23:c9:cc:4b:a0:3a,27541,-28,339,49.16,34.36,63,16666,17176
[Recv] <<< 23:c9:cc:4b:a0:3a,27542,-28,340,49.13,34.37,38,16704,17214
[Recv] <<< 23:c9:cc:4b:a0:3a,27543,-28,341,49.07,34.36,30,16734,17244
[Recv] <<< 23:c9:cc:4b:a0:3a,27544,-28,342,49.02,34.36,32,16766,17276
[Recv] <<< 23:c9:cc:4b:a0:3a,27545,-28,343,48.99,34.36,37,16803,17313
[Recv] <<< 23:c9:cc:4b:a0:3a,27546,-28,344,48.93,34.35,29,16832,17342
[Recv] <<< 23:c9:cc:4b:a0:3a,27547,-28,345,48.89,34.35,36,16868,17378
[Recv] <<< 23:c9:cc:4b:a0:3a,27549,-28,346,48.96,34.36,71,16939,17449
[Recv] <<< 23:c9:cc:4b:a0:3a,27550,-28,347,48.93,34.37,38,16977,17487
[Recv] <<< 23:c9:cc:4b:a0:3a,27551,-28,348,48.87,34.36,29,17006,17516
[Recv] <<< 23:c9:cc:4b:a0:3a,27552,-28,349,48.82,34.35,33,17039,17549
[Recv] <<< 23:c9:cc:4b:a0:3a,27557,-28,350,49.17,34.35,171,17210,17720
[Recv] <<< 23:c9:cc:4b:a0:3a,27559,-28,351,49.23,34.35,70,17280,17790
[Recv] <<< 23:c9:cc:4b:a0:3a,27560,-31,352,49.21,34.37,43,17323,17833
[Recv] <<< 23:c9:cc:4b:a0:3a,27561,-31,353,49.17,34.37,35,17358,17868
[Recv] <<< 23:c9:cc:4b:a0:3a,27562,-31,354,49.11,34.36,27,17385,17895
[Recv] <<< 23:c9:cc:4b:a0:3a,27563,-31,355,49.08,34.37,40,17425,17935
[Recv] <<< 23:c9:cc:4b:a0:3a,27564,-31,356,49.02,34.35,27,17452,17962
[Recv] <<< 23:c9:cc:4b:a0:3a,27565,-28,357,48.99,34.36,37,17489,17999
[Recv] <<< 23:c9:cc:4b:a0:3a,27567,-31,358,49.06,34.37,73,17562,18072
[Recv] <<< 23:c9:cc:4b:a0:3a,27568,-31,359,49.02,34.37,36,17598,18108
[Recv] <<< 23:c9:cc:4b:a0:3a,27569,-31,360,49.00,34.38,41,17639,18149
[Recv] <<< 23:c9:cc:4b:a0:3a,27570,-37,361,48.99,34.41,46,17685,18195
[Recv] <<< 23:c9:cc:4b:a0:3a,27571,-37,362,48.93,34.39,27,17712,18222
[Recv] <<< 23:c9:cc:4b:a0:3a,27572,-37,363,48.88,34.39,32,17744,18254
[Recv] <<< 23:c9:cc:4b:a0:3a,27573,-37,364,48.85,34.39,38,17782,18292
[Recv] <<< 23:c9:cc:4b:a0:3a,27574,-37,365,48.79,34.38,26,17808,18318
[Recv] <<< 23:c9:cc:4b:a0:3a,27575,-37,366,48.74,34.37,31,17839,18349
[Recv] <<< 23:c9:cc:4b:a0:3a,27576,-37,367,48.71,34.38,37,17876,18386
[Recv] <<< 23:c9:cc:4b:a0:3a,27577,-37,368,48.66,34.37,31,17907,18417
[Recv] <<< 23:c9:cc:4b:a0:3a,27578,-37,369,48.62,34.37,35,17942,18452
[Recv] <<< 23:c9:cc:4b:a0:3a,27579,-37,370,48.58,34.37,31,17973,18483
[Recv] <<< 23:c9:cc:4b:a0:3a,27581,-37,371,48.64,34.37,72,18045,18555
[Recv] <<< 23:c9:cc:4b:a0:3a,27582,-37,372,48.58,34.36,28,18073,18583
[Recv] <<< 23:c9:cc:4b:a0:3a,27583,-37,373,48.53,34.35,30,18103,18613
[Recv] <<< 23:c9:cc:4b:a0:3a,27584,-37,374,48.50,34.36,37,18140,18650
[Recv] <<< 23:c9:cc:4b:a0:3a,27586,-31,375,48.55,34.35,65,18205,18715
[Recv] <<< 23:c9:cc:4b:a0:3a,27587,-31,376,48.51,34.35,35,18240,18750
[Recv] <<< 23:c9:cc:4b:a0:3a,27588,-31,377,48.46,34.34,28,18268,18778
[Recv] <<< 23:c9:cc:4b:a0:3a,27589,-31,378,48.43,34.35,38,18306,18816
[Recv] <<< 23:c9:cc:4b:a0:3a,27590,-31,379,48.39,34.35,35,18341,18851
[Recv] <<< 23:c9:cc:4b:a0:3a,27591,-31,380,48.35,34.34,31,18372,18882
[Recv] <<< 23:c9:cc:4b:a0:3a,27592,-31,381,48.31,34.34,35,18407,18917
[Recv] <<< 23:c9:cc:4b:a0:3a,27593,-31,382,48.27,34.34,31,18438,18948
[Recv] <<< 23:c9:cc:4b:a0:3a,27594,-31,383,48.25,34.35,40,18478,18988
[Recv] <<< 23:c9:cc:4b:a0:3a,27595,-31,384,48.19,34.33,26,18504,19014
[Recv] <<< 23:c9:cc:4b:a0:3a,27596,-28,385,48.16,34.33,36,18540,19050
[Recv] <<< 23:c9:cc:4b:a0:3a,27597,-28,386,48.11,34.33,30,18570,19080
[Recv] <<< 23:c9:cc:4b:a0:3a,27598,-28,387,48.08,34.33,38,18608,19118
[Recv] <<< 23:c9:cc:4b:a0:3a,27599,-28,388,48.02,34.31,25,18633,19143
[Recv] <<< 23:c9:cc:4b:a0:3a,27601,-28,389,48.09,34.32,73,18706,19216
[Recv] <<< 23:c9:cc:4b:a0:3a,27602,-28,390,48.06,34.33,37,18743,19253
[Recv] <<< 23:c9:cc:4b:a0:3a,27603,-28,391,48.02,34.32,31,18774,19284
[Recv] <<< 23:c9:cc:4b:a0:3a,27604,-28,392,47.97,34.32,32,18806,19316
[Recv] <<< 23:c9:cc:4b:a0:3a,27605,-28,393,47.95,34.33,39,18845,19355
[Recv] <<< 23:c9:cc:4b:a0:3a,27606,-31,394,47.93,34.34,41,18886,19396
[Recv] <<< 23:c9:cc:4b:a0:3a,27607,-28,395,47.88,34.33,28,18914,19424
[Recv] <<< 23:c9:cc:4b:a0:3a,27608,-28,396,47.84,34.32,32,18946,19456
[Recv] <<< 23:c9:cc:4b:a0:3a,27609,-28,397,47.80,34.31,29,18975,19485
[Recv] <<< 23:c9:cc:4b:a0:3a,27610,-28,398,47.75,34.30,29,19004,19514
[Recv] <<< 23:c9:cc:4b:a0:3a,27611,-37,399,47.71,34.30,34,19038,19548
[Recv] <<< 23:c9:cc:4b:a0:3a,27612,-28,400,47.69,34.31,37,19075,19585
[Recv] <<< 23:c9:cc:4b:a0:3a,27614,-31,401,47.76,34.32,75,19150,19660
[Recv] <<< 23:c9:cc:4b:a0:3a,27615,-31,402,47.72,34.31,32,19182,19692
[Recv] <<< 23:c9:cc:4b:a0:3a,27616,-31,403,47.68,34.31,33,19215,19725
[Recv] <<< 23:c9:cc:4b:a0:3a,27617,-31,404,47.64,34.31,33,19248,19758
[Recv] <<< 23:c9:cc:4b:a0:3a,27618,-31,405,47.62,34.32,38,19286,19796
[Recv] <<< 23:c9:cc:4b:a0:3a,27619,-31,406,47.58,34.31,30,19316,19826
[Recv] <<< 23:c9:cc:4b:a0:3a,27620,-31,407,47.54,34.30,32,19348,19858
[Recv] <<< 23:c9:cc:4b:a0:3a,27622,-37,408,47.62,34.33,81,19429,19939
[Recv] <<< 23:c9:cc:4b:a0:3a,27623,-37,409,47.58,34.32,30,19459,19969
[Recv] <<< 23:c9:cc:4b:a0:3a,27624,-28,410,47.57,34.34,45,19504,20014
[Recv] <<< 23:c9:cc:4b:a0:3a,27625,-28,411,47.54,34.34,34,19538,20048
[Recv] <<< 23:c9:cc:4b:a0:3a,27627,-37,412,47.59,34.34,69,19607,20117
[Recv] <<< 23:c9:cc:4b:a0:3a,27628,-28,413,47.56,34.34,37,19644,20154
[Recv] <<< 23:c9:cc:4b:a0:3a,27629,-28,414,47.54,34.35,36,19680,20190
[Recv] <<< 23:c9:cc:4b:a0:3a,27630,-28,415,47.50,34.34,33,19713,20223
[Recv] <<< 23:c9:cc:4b:a0:3a,27631,-28,416,47.46,34.34,31,19744,20254
[Recv] <<< 23:c9:cc:4b:a0:3a,27632,-31,417,47.46,34.36,46,19790,20300
[Recv] <<< 23:c9:cc:4b:a0:3a,27636,-31,418,47.68,34.36,141,19931,20441
[Recv] <<< 23:c9:cc:4b:a0:3a,27637,-37,419,47.66,34.37,40,19971,20481
[Recv] <<< 23:c9:cc:4b:a0:3a,27638,-37,420,47.63,34.37,34,20005,20515
[Recv] <<< 23:c9:cc:4b:a0:3a,27639,-37,421,47.61,34.38,38,20043,20553
[Recv] <<< 23:c9:cc:4b:a0:3a,27640,-37,422,47.57,34.37,30,20073,20583
[Recv] <<< 23:c9:cc:4b:a0:3a,27641,-37,423,47.53,34.37,31,20104,20614
[Recv] <<< 23:c9:cc:4b:a0:3a,27642,-37,424,47.51,34.37,39,20143,20653
[Recv] <<< 23:c9:cc:4b:a0:3a,27648,-31,425,47.85,34.35,193,20336,20846
[Recv] <<< 23:c9:cc:4b:a0:3a,27652,-37,426,48.08,34.36,144,20480,20990
[Recv] <<< 23:c9:cc:4b:a0:3a,27653,-37,427,48.04,34.36,35,20515,21025
[Recv] <<< 23:c9:cc:4b:a0:3a,27654,-37,428,48.01,34.36,33,20548,21058
[Recv] <<< 23:c9:cc:4b:a0:3a,27655,-37,429,47.97,34.36,31,20579,21089
[Recv] <<< 23:c9:cc:4b:a0:3a,27656,-37,430,47.94,34.36,35,20614,21124
[Recv] <<< 23:c9:cc:4b:a0:3a,27658,-30,431,48.04,34.39,90,20704,21214
[Recv] <<< 23:c9:cc:4b:a0:3a,27659,-31,432,48.01,34.40,37,20741,21251
[Recv] <<< 23:c9:cc:4b:a0:3a,27660,-31,433,47.97,34.39,28,20769,21279
[Recv] <<< 23:c9:cc:4b:a0:3a,27663,-37,434,48.10,34.39,107,20876,21386
[Recv] <<< 23:c9:cc:4b:a0:3a,27666,-40,435,48.22,34.38,98,20974,21484
[Recv] <<< 23:c9:cc:4b:a0:3a,27668,-31,436,48.26,34.38,67,21041,21551
[Recv] <<< 23:c9:cc:4b:a0:3a,27669,-31,437,48.23,34.38,34,21075,21585
[Recv] <<< 23:c9:cc:4b:a0:3a,27670,-31,438,48.20,34.38,37,21112,21622
[Recv] <<< 23:c9:cc:4b:a0:3a,27671,-31,439,48.16,34.38,31,21143,21653
[Recv] <<< 23:c9:cc:4b:a0:3a,27674,-28,440,48.27,34.37,95,21238,21748
[Recv] <<< 23:c9:cc:4b:a0:3a,27675,-28,441,48.24,34.37,38,21276,21786
[Recv] <<< 23:c9:cc:4b:a0:3a,27676,-28,442,48.20,34.36,29,21305,21815
[Recv] <<< 23:c9:cc:4b:a0:3a,27677,-37,443,48.17,34.37,36,21341,21851
[Recv] <<< 23:c9:cc:4b:a0:3a,27679,-37,444,48.22,34.36,67,21408,21918
[Recv] <<< 23:c9:cc:4b:a0:3a,27680,-37,445,48.18,34.36,34,21442,21952
[Recv] <<< 23:c9:cc:4b:a0:3a,27682,-37,446,48.22,34.36,65,21507,22017
[Recv] <<< 23:c9:cc:4b:a0:3a,27683,-37,447,48.20,34.37,40,21547,22057
[Recv] <<< 23:c9:cc:4b:a0:3a,27684,-37,448,48.17,34.36,31,21578,22088
[Recv] <<< 23:c9:cc:4b:a0:3a,27685,-37,449,48.14,34.36,35,21613,22123
[Recv] <<< 23:c9:cc:4b:a0:3a,27686,-37,450,48.11,34.36,36,21649,22159
[Recv] <<< 23:c9:cc:4b:a0:3a,27687,-40,451,48.08,34.36,34,21683,22193
[Recv] <<< 23:c9:cc:4b:a0:3a,27689,-31,452,48.11,34.36,64,21747,22257
[Recv] <<< 23:c9:cc:4b:a0:3a,27690,-31,453,48.08,34.35,33,21780,22290
[Recv] <<< 23:c9:cc:4b:a0:3a,27691,-31,454,48.04,34.35,32,21812,22322
[Recv] <<< 23:c9:cc:4b:a0:3a,27694,-37,455,48.17,34.36,107,21919,22429
[Recv] <<< 23:c9:cc:4b:a0:3a,27697,-37,456,48.30,34.36,108,22027,22537
[Recv] <<< 23:c9:cc:4b:a0:3a,27700,-31,457,48.40,34.35,93,22120,22630
[Recv] <<< 23:c9:cc:4b:a0:3a,27701,-31,458,48.37,34.35,34,22154,22664
[Recv] <<< 23:c9:cc:4b:a0:3a,27702,-37,459,48.36,34.36,44,22198,22708
[Recv] <<< 23:c9:cc:4b:a0:3a,27704,-37,460,48.41,34.37,71,22269,22779
[Recv] <<< 23:c9:cc:4b:a0:3a,27705,-37,461,48.38,34.37,35,22304,22814
[Recv] <<< 23:c9:cc:4b:a0:3a,27706,-37,462,48.33,34.35,26,22330,22840
[Recv] <<< 23:c9:cc:4b:a0:3a,27707,-37,463,48.32,34.36,40,22370,22880
[Recv] <<< 23:c9:cc:4b:a0:3a,27708,-37,464,48.28,34.36,31,22401,22911
[Recv] <<< 23:c9:cc:4b:a0:3a,27709,-37,465,48.25,34.36,33,22434,22944
[Recv] <<< 23:c9:cc:4b:a0:3a,27710,-37,466,48.21,34.35,34,22468,22978
[Recv] <<< 23:c9:cc:4b:a0:3a,27711,-37,467,48.18,34.35,31,22499,23009
[Recv] <<< 23:c9:cc:4b:a0:3a,27712,-37,468,48.15,34.35,35,22534,23044
[Recv] <<< 23:c9:cc:4b:a0:3a,27713,-37,469,48.12,34.35,35,22569,23079
[Recv] <<< 23:c9:cc:4b:a0:3a,27714,-37,470,48.09,34.35,31,22600,23110
[Recv] <<< 23:c9:cc:4b:a0:3a,27715,-28,471,48.07,34.36,42,22642,23152
[Recv] <<< 23:c9:cc:4b:a0:3a,27716,-28,472,48.05,34.37,39,22681,23191
[Recv] <<< 23:c9:cc:4b:a0:3a,27717,-28,473,48.01,34.36,28,22709,23219
[Recv] <<< 23:c9:cc:4b:a0:3a,27718,-28,474,47.98,34.35,33,22742,23252
[Recv] <<< 23:c9:cc:4b:a0:3a,27719,-28,475,47.95,34.36,36,22778,23288
[Recv] <<< 23:c9:cc:4b:a0:3a,27721,-37,476,47.99,34.35,64,22842,23352
[Recv] <<< 23:c9:cc:4b:a0:3a,27722,-28,477,47.96,34.35,37,22879,23389
[Recv] <<< 23:c9:cc:4b:a0:3a,27723,-37,478,47.94,34.35,35,22914,23424
[Recv] <<< 23:c9:cc:4b:a0:3a,27724,-28,479,47.91,34.35,33,22947,23457
[Recv] <<< 23:c9:cc:4b:a0:3a,27725,-28,480,47.88,34.36,37,22984,23494
[Recv] <<< 23:c9:cc:4b:a0:3a,27726,-28,481,47.86,34.36,35,23019,23529
[Recv] <<< 23:c9:cc:4b:a0:3a,27727,-28,482,47.83,34.36,37,23056,23566
[Recv] <<< 23:c9:cc:4b:a0:3a,27729,-31,483,47.89,34.37,76,23132,23642
[Recv] <<< 23:c9:cc:4b:a0:3a,27730,-28,484,47.87,34.37,36,23168,23678
[Recv] <<< 23:c9:cc:4b:a0:3a,27731,-28,485,47.83,34.37,30,23198,23708
[Recv] <<< 23:c9:cc:4b:a0:3a,27732,-28,486,47.80,34.37,34,23232,23742
[Recv] <<< 23:c9:cc:4b:a0:3a,27733,-37,487,47.77,34.36,30,23262,23772
[Recv] <<< 23:c9:cc:4b:a0:3a,27734,-37,488,47.74,34.36,33,23295,23805
[Recv] <<< 23:c9:cc:4b:a0:3a,27735,-37,489,47.70,34.35,32,23327,23837
[Recv] <<< 23:c9:cc:4b:a0:3a,27736,-37,490,47.68,34.36,35,23362,23872
[Recv] <<< 23:c9:cc:4b:a0:3a,27737,-37,491,47.66,34.36,38,23400,23910
[Recv] <<< 23:c9:cc:4b:a0:3a,27738,-37,492,47.62,34.36,31,23431,23941
[Recv] <<< 23:c9:cc:4b:a0:3a,27739,-37,493,47.61,34.36,40,23471,23981
[Recv] <<< 23:c9:cc:4b:a0:3a,27740,-28,494,47.58,34.36,33,23504,24014
[Recv] <<< 23:c9:cc:4b:a0:3a,27741,-28,495,47.56,34.37,38,23542,24052
[Recv] <<< 23:c9:cc:4b:a0:3a,27742,-28,496,47.53,34.37,33,23575,24085
[Recv] <<< 23:c9:cc:4b:a0:3a,27743,-37,497,47.50,34.36,31,23606,24116
[Recv] <<< 23:c9:cc:4b:a0:3a,27744,-37,498,47.47,34.36,33,23639,24149
[Recv] <<< 23:c9:cc:4b:a0:3a,27745,-37,499,47.44,34.36,35,23674,24184
[Recv] <<< 23:c9:cc:4b:a0:3a,27746,-37,500,47.41,34.35,30,23704,24214
[Recv] <<< 23:c9:cc:4b:a0:3a,27747,-28,501,47.40,34.37,44,23748,24258
[Recv] <<< 23:c9:cc:4b:a0:3a,27751,-27,502,47.60,34.38,149,23897,24407
[Recv] <<< 23:c9:cc:4b:a0:3a,27753,-28,503,47.65,34.39,70,23967,24477
[Recv] <<< 23:c9:cc:4b:a0:3a,27756,-28,504,47.77,34.39,107,24074,24584
[Recv] <<< 23:c9:cc:4b:a0:3a,27757,-31,505,47.74,34.39,33,24107,24617
[Recv] <<< 23:c9:cc:4b:a0:3a,27758,-31,506,47.72,34.40,40,24147,24657
[Recv] <<< 23:c9:cc:4b:a0:3a,27759,-31,507,47.70,34.40,38,24185,24695
[Recv] <<< 23:c9:cc:4b:a0:3a,27762,-31,508,47.80,34.39,95,24280,24790
[Recv] <<< 23:c9:cc:4b:a0:3a,27764,-28,509,47.83,34.38,63,24343,24853
[Recv] <<< 23:c9:cc:4b:a0:3a,27765,-28,510,47.81,34.39,38,24381,24891
[Recv] <<< 23:c9:cc:4b:a0:3a,27766,-28,511,47.78,34.39,36,24417,24927
[Recv] <<< 23:c9:cc:4b:a0:3a,27768,-28,512,47.81,34.38,60,24477,24987
[Recv] <<< 23:c9:cc:4b:a0:3a,27769,-28,513,47.79,34.38,39,24516,25026
[Recv] <<< 23:c9:cc:4b:a0:3a,27770,-27,514,47.76,34.38,34,24550,25060
[Recv] <<< 23:c9:cc:4b:a0:3a,27772,-28,515,47.82,34.39,76,24626,25136
[Recv] <<< 23:c9:cc:4b:a0:3a,27773,-28,516,47.80,34.40,37,24663,25173
[Recv] <<< 23:c9:cc:4b:a0:3a,27775,-28,517,47.84,34.40,70,24733,25243
[Recv] <<< 23:c9:cc:4b:a0:3a,27776,-28,518,47.81,34.40,33,24766,25276
[Recv] <<< 23:c9:cc:4b:a0:3a,27777,-28,519,47.77,34.39,28,24794,25304
[Recv] <<< 23:c9:cc:4b:a0:3a,27778,-28,520,47.75,34.39,35,24829,25339
[Recv] <<< 23:c9:cc:4b:a0:3a,27779,-28,521,47.72,34.39,32,24861,25371
[Recv] <<< 23:c9:cc:4b:a0:3a,27780,-28,522,47.70,34.39,39,24900,25410
[Recv] <<< 23:c9:cc:4b:a0:3a,27782,-30,523,47.75,34.40,72,24972,25482
[Recv] <<< 23:c9:cc:4b:a0:3a,27783,-31,524,47.73,34.40,39,25011,25521
[Recv] <<< 23:c9:cc:4b:a0:3a,27784,-30,525,47.69,34.39,28,25039,25549
[Recv] <<< 23:c9:cc:4b:a0:3a,27785,-37,526,47.68,34.40,42,25081,25591
[Recv] <<< 23:c9:cc:4b:a0:3a,27786,-37,527,47.67,34.41,39,25120,25630
[Recv] <<< 23:c9:cc:4b:a0:3a,27787,-37,528,47.63,34.40,28,25148,25658
[Recv] <<< 23:c9:cc:4b:a0:3a,27789,-37,529,47.67,34.41,71,25219,25729
[Recv] <<< 23:c9:cc:4b:a0:3a,27790,-37,530,47.64,34.40,30,25249,25759
[Recv] <<< 23:c9:cc:4b:a0:3a,27791,-37,531,47.61,34.40,33,25282,25792
[Recv] <<< 23:c9:cc:4b:a0:3a,27792,-37,532,47.60,34.40,39,25321,25831
[Recv] <<< 23:c9:cc:4b:a0:3a,27793,-28,533,47.58,34.41,38,25359,25869
[Recv] <<< 23:c9:cc:4b:a0:3a,27794,-28,534,47.56,34.41,39,25398,25908
[Recv] <<< 23:c9:cc:4b:a0:3a,27796,-28,535,47.60,34.41,67,25465,25975
[Recv] <<< 23:c9:cc:4b:a0:3a,27797,-28,536,47.57,34.41,30,25495,26005
[Recv] <<< 23:c9:cc:4b:a0:3a,27798,-27,537,47.54,34.40,33,25528,26038
[Recv] <<< 23:c9:cc:4b:a0:3a,27799,-28,538,47.51,34.40,31,25559,26069
[Recv] <<< 23:c9:cc:4b:a0:3a,27800,-28,539,47.48,34.40,33,25592,26102
[Recv] <<< 23:c9:cc:4b:a0:3a,27801,-31,540,47.47,34.41,43,25635,26145
[Recv] <<< 23:c9:cc:4b:a0:3a,27802,-30,541,47.47,34.42,44,25679,26189
[Recv] <<< 23:c9:cc:4b:a0:3a,27803,-37,542,47.44,34.42,35,25714,26224
[Recv] <<< 23:c9:cc:4b:a0:3a,27804,-37,543,47.43,34.43,39,25753,26263
[Recv] <<< 23:c9:cc:4b:a0:3a,27805,-37,544,47.40,34.42,30,25783,26293
[Recv] <<< 23:c9:cc:4b:a0:3a,27806,-37,545,47.38,34.43,37,25820,26330
[Recv] <<< 23:c9:cc:4b:a0:3a,27808,-31,546,47.40,34.42,62,25882,26392
[Recv] <<< 23:c9:cc:4b:a0:3a,27809,-30,547,47.37,34.41,30,25912,26422
[Recv] <<< 23:c9:cc:4b:a0:3a,27810,-30,548,47.33,34.40,26,25938,26448
[Recv] <<< 23:c9:cc:4b:a0:3a,27811,-30,549,47.32,34.41,43,25981,26491
[Recv] <<< 23:c9:cc:4b:a0:3a,27812,-37,550,47.31,34.42,38,26019,26529
[Recv] <<< 23:c9:cc:4b:a0:3a,27813,-37,551,47.29,34.42,38,26057,26567
[Recv] <<< 23:c9:cc:4b:a0:3a,27814,-37,552,47.27,34.42,36,26093,26603
[Recv] <<< 23:c9:cc:4b:a0:3a,27815,-28,553,47.26,34.43,41,26134,26644
[Recv] <<< 23:c9:cc:4b:a0:3a,27816,-28,554,47.24,34.43,35,26169,26679
[Recv] <<< 23:c9:cc:4b:a0:3a,27817,-28,555,47.21,34.43,30,26199,26709
[Recv] <<< 23:c9:cc:4b:a0:3a,27818,-28,556,47.18,34.43,33,26232,26742
[Recv] <<< 23:c9:cc:4b:a0:3a,27819,-28,557,47.16,34.43,36,26268,26778
[Recv] <<< 23:c9:cc:4b:a0:3a,27820,-28,558,47.13,34.43,33,26301,26811
[Recv] <<< 23:c9:cc:4b:a0:3a,27821,-28,559,47.10,34.42,30,26331,26841
[Recv] <<< 23:c9:cc:4b:a0:3a,27822,-28,560,47.09,34.43,40,26371,26881
[Recv] <<< 23:c9:cc:4b:a0:3a,27823,-31,561,47.08,34.43,40,26411,26921
[Recv] <<< 23:c9:cc:4b:a0:3a,27824,-31,562,47.06,34.44,39,26450,26960
[Recv] <<< 23:c9:cc:4b:a0:3a,27825,-31,563,47.05,34.45,39,26489,26999
[Recv] <<< 23:c9:cc:4b:a0:3a,27826,-31,564,47.03,34.45,36,26525,27035
[Recv] <<< 23:c9:cc:4b:a0:3a,27827,-31,565,47.01,34.45,37,26562,27072
[Recv] <<< 23:c9:cc:4b:a0:3a,27829,-28,566,47.04,34.44,62,26624,27134
[Recv] <<< 23:c9:cc:4b:a0:3a,27830,-28,567,47.03,34.45,40,26664,27174
[Recv] <<< 23:c9:cc:4b:a0:3a,27831,-28,568,47.00,34.45,33,26697,27207
[Recv] <<< 23:c9:cc:4b:a0:3a,27832,-28,569,46.96,34.44,26,26723,27233
[Recv] <<< 23:c9:cc:4b:a0:3a,27834,-31,570,47.03,34.46,83,26806,27316
[Recv] <<< 23:c9:cc:4b:a0:3a,27835,-37,571,47.03,34.47,46,26852,27362
[Recv] <<< 23:c9:cc:4b:a0:3a,27836,-37,572,47.01,34.48,40,26892,27402
[Recv] <<< 23:c9:cc:4b:a0:3a,27837,-28,573,47.00,34.48,40,26932,27442
[Recv] <<< 23:c9:cc:4b:a0:3a,27838,-28,574,46.98,34.48,32,26964,27474
[Recv] <<< 23:c9:cc:4b:a0:3a,27840,-28,575,47.02,34.48,70,27034,27544
[Recv] <<< 23:c9:cc:4b:a0:3a,27841,-31,576,47.01,34.49,44,27078,27588
[Recv] <<< 23:c9:cc:4b:a0:3a,27842,-31,577,46.99,34.50,36,27114,27624
[Recv] <<< 23:c9:cc:4b:a0:3a,27843,-31,578,46.96,34.49,31,27145,27655
[Recv] <<< 23:c9:cc:4b:a0:3a,27844,-37,579,46.96,34.50,44,27189,27699
[Recv] <<< 23:c9:cc:4b:a0:3a,27845,-37,580,46.94,34.51,36,27225,27735
[Recv] <<< 23:c9:cc:4b:a0:3a,27846,-37,581,46.91,34.50,31,27256,27766
[Recv] <<< 23:c9:cc:4b:a0:3a,27847,-28,582,46.92,34.52,53,27309,27819
[Recv] <<< 23:c9:cc:4b:a0:3a,27849,-28,583,46.95,34.52,62,27371,27881
[Recv] <<< 23:c9:cc:4b:a0:3a,27850,-28,584,46.93,34.52,37,27408,27918
[Recv] <<< 23:c9:cc:4b:a0:3a,27851,-28,585,46.90,34.51,28,27436,27946
[Recv] <<< 23:c9:cc:4b:a0:3a,27852,-30,586,46.90,34.53,47,27483,27993
[Recv] <<< 23:c9:cc:4b:a0:3a,27854,-37,587,46.94,34.53,71,27554,28064
[Recv] <<< 23:c9:cc:4b:a0:3a,27855,-28,588,46.94,34.54,47,27601,28111
[Recv] <<< 23:c9:cc:4b:a0:3a,27856,-28,589,46.93,34.55,41,27642,28152
[Recv] <<< 23:c9:cc:4b:a0:3a,27857,-31,590,46.93,34.57,49,27691,28201
[Recv] <<< 23:c9:cc:4b:a0:3a,27858,-37,591,46.92,34.58,40,27731,28241
[Recv] <<< 23:c9:cc:4b:a0:3a,27862,-28,592,47.09,34.59,147,27878,28388
[Recv] <<< 23:c9:cc:4b:a0:3a,27863,-28,593,47.08,34.59,39,27917,28427
[Recv] <<< 23:c9:cc:4b:a0:3a,27865,-37,594,47.14,34.61,85,28002,28512
[Recv] <<< 23:c9:cc:4b:a0:3a,27877,-28,595,47.85,34.68,467,28469,28979
[Recv] <<< 23:c9:cc:4b:a0:3a,27878,-31,596,47.83,34.68,40,28509,29019
[Recv] <<< 23:c9:cc:4b:a0:3a,27879,-31,597,47.82,34.69,40,28549,29059
[Recv] <<< 23:c9:cc:4b:a0:3a,27880,-31,598,47.80,34.69,35,28584,29094
[Recv] <<< 23:c9:cc:4b:a0:3a,27881,-37,599,47.80,34.70,46,28630,29140
[Recv] <<< 23:c9:cc:4b:a0:3a,27882,-28,600,47.78,34.71,40,28670,29180
[Recv] <<< 23:c9:cc:4b:a0:3a,27883,-31,601,47.78,34.73,48,28718,29228
[Recv] <<< 23:c9:cc:4b:a0:3a,27884,-37,602,47.77,34.73,41,28759,29269
[Recv] <<< 23:c9:cc:4b:a0:3a,27885,-37,603,47.75,34.73,35,28794,29304
[Recv] <<< 23:c9:cc:4b:a0:3a,27886,-28,604,47.75,34.75,49,28843,29353
[Recv] <<< 23:c9:cc:4b:a0:3a,27887,-31,605,47.74,34.75,37,28880,29390
[Recv] <<< 23:c9:cc:4b:a0:3a,27888,-37,606,47.73,34.76,43,28923,29433
[Recv] <<< 23:c9:cc:4b:a0:3a,27889,-28,607,47.72,34.77,42,28965,29475
[Recv] <<< 23:c9:cc:4b:a0:3a,27890,-28,608,47.71,34.78,42,29007,29517
[Recv] <<< 23:c9:cc:4b:a0:3a,27891,-31,609,47.69,34.78,37,29044,29554
[Recv] <<< 23:c9:cc:4b:a0:3a,27892,-37,610,47.68,34.79,42,29086,29596
[Recv] <<< 23:c9:cc:4b:a0:3a,27893,-28,611,47.68,34.81,47,29133,29643
[Recv] <<< 23:c9:cc:4b:a0:3a,27894,-28,612,47.67,34.82,42,29175,29685
[Recv] <<< 23:c9:cc:4b:a0:3a,27896,-31,613,47.73,34.83,82,29257,29767
[Recv] <<< 23:c9:cc:4b:a0:3a,27897,-37,614,47.72,34.84,41,29298,29808
[Recv] <<< 23:c9:cc:4b:a0:3a,27900,-31,615,47.84,34.86,126,29424,29934
[Recv] <<< 23:c9:cc:4b:a0:3a,27901,-37,616,47.85,34.88,50,29474,29984
[Recv] <<< 23:c9:cc:4b:a0:3a,27903,-28,617,47.90,34.89,78,29552,30062
[Recv] <<< 23:c9:cc:4b:a0:3a,27904,-31,618,47.89,34.90,41,29593,30103
[Recv] <<< 23:c9:cc:4b:a0:3a,27905,-37,619,47.88,34.91,44,29637,30147
[Recv] <<< 23:c9:cc:4b:a0:3a,27906,-28,620,47.87,34.92,42,29679,30189
[Recv] <<< 23:c9:cc:4b:a0:3a,27907,-28,621,47.86,34.92,42,29721,30231
[Recv] <<< 23:c9:cc:4b:a0:3a,27908,-31,622,47.85,34.93,39,29760,30270
[Recv] <<< 23:c9:cc:4b:a0:3a,27909,-37,623,47.85,34.95,52,29812,30322
[Recv] <<< 23:c9:cc:4b:a0:3a,27911,-31,624,47.91,34.97,84,29896,30406
[Recv] <<< 23:c9:cc:4b:a0:3a,27912,-37,625,47.91,34.98,47,29943,30453
[Recv] <<< 23:c9:cc:4b:a0:3a,27913,-28,626,47.89,34.98,37,29980,30490
[Recv] <<< 23:c9:cc:4b:a0:3a,27914,-31,627,47.89,34.99,45,30025,30535
[Recv] <<< 23:c9:cc:4b:a0:3a,27915,-37,628,47.88,35.00,43,30068,30578
[Recv] <<< 23:c9:cc:4b:a0:3a,27916,-28,629,47.87,35.01,42,30110,30620
[Recv] <<< 23:c9:cc:4b:a0:3a,27917,-31,630,47.87,35.03,49,30159,30669
[Recv] <<< 23:c9:cc:4b:a0:3a,27918,-31,631,47.85,35.03,36,30195,30705
[Recv] <<< 23:c9:cc:4b:a0:3a,27919,-37,632,47.85,35.04,44,30239,30749
[Recv] <<< 23:c9:cc:4b:a0:3a,27920,-28,633,47.84,35.05,41,30280,30790
[Recv] <<< 23:c9:cc:4b:a0:3a,27921,-31,634,47.83,35.06,44,30324,30834
[Recv] <<< 23:c9:cc:4b:a0:3a,27925,-31,635,48.03,35.09,173,30497,31007
[Recv] <<< 23:c9:cc:4b:a0:3a,27926,-37,636,48.01,35.10,40,30537,31047
[Recv] <<< 23:c9:cc:4b:a0:3a,27927,-28,637,48.01,35.11,44,30581,31091
[Recv] <<< 23:c9:cc:4b:a0:3a,27928,-31,638,48.00,35.12,44,30625,31135
[Recv] <<< 23:c9:cc:4b:a0:3a,27929,-37,639,47.99,35.13,43,30668,31178
[Recv] <<< 23:c9:cc:4b:a0:3a,27931,-31,640,48.05,35.15,86,30754,31264
[Recv] <<< 23:c9:cc:4b:a0:3a,27933,-37,641,48.11,35.16,85,30839,31349
[Recv] <<< 23:c9:cc:4b:a0:3a,27934,-28,642,48.10,35.17,44,30883,31393
[Recv] <<< 23:c9:cc:4b:a0:3a,27935,-31,643,48.10,35.18,44,30927,31437
[Recv] <<< 23:c9:cc:4b:a0:3a,27938,-37,644,48.21,35.20,122,31049,31559
[Recv] <<< 23:c9:cc:4b:a0:3a,27941,-31,645,48.34,35.23,129,31178,31688
[Recv] <<< 23:c9:cc:4b:a0:3a,27942,-37,646,48.32,35.23,38,31216,31726
[Recv] <<< 23:c9:cc:4b:a0:3a,27944,-31,647,48.38,35.25,88,31304,31814
[Recv] <<< 23:c9:cc:4b:a0:3a,27946,-27,648,48.45,35.28,94,31398,31908
[Recv] <<< 23:c9:cc:4b:a0:3a,27947,-28,649,48.44,35.28,38,31436,31946
[Recv] <<< 23:c9:cc:4b:a0:3a,27948,-31,650,48.43,35.29,45,31481,31991
[Recv] <<< 23:c9:cc:4b:a0:3a,27949,-37,651,48.43,35.30,46,31527,32037
[Recv] <<< 23:c9:cc:4b:a0:3a,27950,-37,652,48.41,35.31,37,31564,32074
[Recv] <<< 23:c9:cc:4b:a0:3a,27951,-28,653,48.41,35.32,50,31614,32124
[Recv] <<< 23:c9:cc:4b:a0:3a,27952,-31,654,48.40,35.32,37,31651,32161
[Recv] <<< 23:c9:cc:4b:a0:3a,27953,-37,655,48.39,35.33,44,31695,32205
[Recv] <<< 23:c9:cc:4b:a0:3a,27955,-28,656,48.43,35.34,78,31773,32283
[Recv] <<< 23:c9:cc:4b:a0:3a,27956,-31,657,48.42,35.35,41,31814,32324
[Recv] <<< 23:c9:cc:4b:a0:3a,27959,-28,658,48.55,35.38,134,31948,32458
[Recv] <<< 23:c9:cc:4b:a0:3a,27960,-31,659,48.54,35.38,37,31985,32495
[Recv] <<< 23:c9:cc:4b:a0:3a,27961,-37,660,48.53,35.40,48,32033,32543
[Recv] <<< 23:c9:cc:4b:a0:3a,27963,-28,661,48.58,35.41,81,32114,32624
[Recv] <<< 23:c9:cc:4b:a0:3a,27965,-30,662,48.63,35.42,82,32196,32706
[Recv] <<< 23:c9:cc:4b:a0:3a,27966,-37,663,48.63,35.43,49,32245,32755
[Recv] <<< 23:c9:cc:4b:a0:3a,27967,-28,664,48.62,35.44,38,32283,32793
[Recv] <<< 23:c9:cc:4b:a0:3a,27968,-28,665,48.60,35.44,38,32321,32831
[Recv] <<< 23:c9:cc:4b:a0:3a,27969,-31,666,48.59,35.45,42,32363,32873
[Recv] <<< 23:c9:cc:4b:a0:3a,27970,-37,667,48.59,35.46,45,32408,32918
[Recv] <<< 23:c9:cc:4b:a0:3a,27972,-28,668,48.64,35.47,83,32491,33001
[Recv] <<< 23:c9:cc:4b:a0:3a,27973,-31,669,48.63,35.48,40,32531,33041
[Recv] <<< 23:c9:cc:4b:a0:3a,27974,-37,670,48.62,35.48,42,32573,33083
[Recv] <<< 23:c9:cc:4b:a0:3a,27975,-37,671,48.61,35.49,42,32615,33125
[Recv] <<< 23:c9:cc:4b:a0:3a,27976,-28,672,48.61,35.51,50,32665,33175
[Recv] <<< 23:c9:cc:4b:a0:3a,27977,-31,673,48.59,35.51,37,32702,33212
[Recv] <<< 23:c9:cc:4b:a0:3a,27978,-37,674,48.58,35.52,43,32745,33255
[Recv] <<< 23:c9:cc:4b:a0:3a,27979,-37,675,48.57,35.52,42,32787,33297
[Recv] <<< 23:c9:cc:4b:a0:3a,27980,-28,676,48.57,35.53,44,32831,33341
[Recv] <<< 23:c9:cc:4b:a0:3a,27981,-31,677,48.56,35.54,44,32875,33385
[Recv] <<< 23:c9:cc:4b:a0:3a,27982,-31,678,48.54,35.54,37,32912,33422
[Recv] <<< 23:c9:cc:4b:a0:3a,27983,-37,679,48.54,35.55,47,32959,33469
[Recv] <<< 23:c9:cc:4b:a0:3a,27984,-28,680,48.53,35.56,38,32997,33507
[Recv] <<< 23:c9:cc:4b:a0:3a,27985,-28,681,48.52,35.57,48,33045,33555
[Recv] <<< 23:c9:cc:4b:a0:3a,27986,-31,682,48.51,35.58,41,33086,33596
[Recv] <<< 23:c9:cc:4b:a0:3a,27995,-28,683,48.98,35.63,370,33456,33966
[Recv] <<< 23:c9:cc:4b:a0:3a,27997,-31,684,49.03,35.64,83,33539,34049
[Recv] <<< 23:c9:cc:4b:a0:3a,27998,-31,685,49.02,35.65,39,33578,34088
[Recv] <<< 23:c9:cc:4b:a0:3a,27999,-37,686,49.00,35.65,37,33615,34125
[Recv] <<< 23:c9:cc:4b:a0:3a,28000,-28,687,48.99,35.65,43,33658,34168
[Recv] <<< 23:c9:cc:4b:a0:3a,28002,-31,688,49.03,35.66,78,33736,34246
[Recv] <<< 23:c9:cc:4b:a0:3a,28004,-37,689,49.09,35.68,88,33824,34334
[Recv] <<< 23:c9:cc:4b:a0:3a,28005,-28,690,49.08,35.68,41,33865,34375
[Recv] <<< 23:c9:cc:4b:a0:3a,28006,-30,691,49.07,35.69,42,33907,34417
[Recv] <<< 23:c9:cc:4b:a0:3a,28007,-37,692,49.07,35.70,48,33955,34465
[Recv] <<< 23:c9:cc:4b:a0:3a,28010,-31,693,49.17,35.72,119,34074,34584
[Recv] <<< 23:c9:cc:4b:a0:3a,28011,-30,694,49.16,35.72,40,34114,34624
[Recv] <<< 23:c9:cc:4b:a0:3a,28012,-37,695,49.15,35.73,43,34157,34667
[Recv] <<< 23:c9:cc:4b:a0:3a,28013,-37,696,49.13,35.73,37,34194,34704
[Recv] <<< 23:c9:cc:4b:a0:3a,28015,-28,697,49.17,35.74,80,34274,34784
[Recv] <<< 23:c9:cc:4b:a0:3a,28016,-31,698,49.17,35.75,49,34323,34833
[Recv] <<< 23:c9:cc:4b:a0:3a,28017,-37,699,49.15,35.75,35,34358,34868
[Recv] <<< 23:c9:cc:4b:a0:3a,28018,-37,700,49.14,35.76,43,34401,34911
[Recv] <<< 23:c9:cc:4b:a0:3a,28020,-28,701,49.18,35.76,76,34477,34987
[Recv] <<< 23:c9:cc:4b:a0:3a,28022,-30,702,49.23,35.77,81,34558,35068
[Recv] <<< 23:c9:cc:4b:a0:3a,28023,-40,703,49.23,35.79,49,34607,35117
[Recv] <<< 23:c9:cc:4b:a0:3a,28024,-37,704,49.21,35.79,39,34646,35156
[Recv] <<< 23:c9:cc:4b:a0:3a,28025,-28,705,49.20,35.80,41,34687,35197
[Recv] <<< 23:c9:cc:4b:a0:3a,28049,-31,706,50.52,35.92,977,35664,36174
[Recv] <<< 23:c9:cc:4b:a0:3a,28050,-37,707,50.50,35.92,37,35701,36211
[Recv] <<< 23:c9:cc:4b:a0:3a,28051,-37,708,50.49,35.93,45,35746,36256
[Recv] <<< 23:c9:cc:4b:a0:3a,28052,-28,709,50.47,35.93,37,35783,36293
[Recv] <<< 23:c9:cc:4b:a0:3a,28053,-28,710,50.45,35.93,37,35820,36330
[Recv] <<< 23:c9:cc:4b:a0:3a,28055,-30,711,50.49,35.94,81,35901,36411
[Recv] <<< 23:c9:cc:4b:a0:3a,28057,-37,712,50.53,35.94,76,35977,36487
[Recv] <<< 23:c9:cc:4b:a0:3a,28058,-28,713,50.52,35.95,47,36024,36534
[Recv] <<< 23:c9:cc:4b:a0:3a,28059,-28,714,50.50,35.95,36,36060,36570
[Recv] <<< 23:c9:cc:4b:a0:3a,28060,-30,715,50.49,35.96,40,36100,36610
[Recv] <<< 23:c9:cc:4b:a0:3a,28061,-37,716,50.48,35.96,44,36144,36654
[Recv] <<< 23:c9:cc:4b:a0:3a,28062,-37,717,50.46,35.97,37,36181,36691
[Recv] <<< 23:c9:cc:4b:a0:3a,28064,-28,718,50.50,35.97,79,36260,36770
[Recv] <<< 23:c9:cc:4b:a0:3a,28065,-28,719,50.47,35.97,30,36290,36800
[Recv] <<< 23:c9:cc:4b:a0:3a,28066,-31,720,50.47,35.98,48,36338,36848
[Recv] <<< 23:c9:cc:4b:a0:3a,28068,-37,721,50.51,35.99,83,36421,36931
[Recv] <<< 23:c9:cc:4b:a0:3a,28070,-28,722,50.55,35.99,73,36494,37004
[Recv] <<< 23:c9:cc:4b:a0:3a,28071,-31,723,50.53,36.00,42,36536,37046
[Recv] <<< 23:c9:cc:4b:a0:3a,28072,-31,724,50.52,36.00,39,36575,37085
[Recv] <<< 23:c9:cc:4b:a0:3a,28073,-37,725,50.50,36.00,39,36614,37124
[Recv] <<< 23:c9:cc:4b:a0:3a,28074,-28,726,50.50,36.01,47,36661,37171
[Recv] <<< 23:c9:cc:4b:a0:3a,28076,-31,727,50.54,36.02,80,36741,37251
[Recv] <<< 23:c9:cc:4b:a0:3a,28077,-31,728,50.53,36.03,42,36783,37293
[Recv] <<< 23:c9:cc:4b:a0:3a,28078,-37,729,50.51,36.03,37,36820,37330
[Recv] <<< 23:c9:cc:4b:a0:3a,28079,-37,730,50.49,36.03,38,36858,37368
[Recv] <<< 23:c9:cc:4b:a0:3a,28080,-28,731,50.48,36.03,40,36898,37408
[Recv] <<< 23:c9:cc:4b:a0:3a,28081,-31,732,50.47,36.04,47,36945,37455
[Recv] <<< 23:c9:cc:4b:a0:3a,28084,-37,733,50.57,36.06,122,37067,37577
[Recv] <<< 23:c9:cc:4b:a0:3a,28085,-28,734,50.56,36.06,42,37109,37619
[Recv] <<< 23:c9:cc:4b:a0:3a,28086,-31,735,50.55,36.07,46,37155,37665
[Recv] <<< 23:c9:cc:4b:a0:3a,28087,-31,736,50.54,36.08,41,37196,37706
[Recv] <<< 23:c9:cc:4b:a0:3a,28088,-37,737,50.53,36.08,42,37238,37748
[Recv] <<< 23:c9:cc:4b:a0:3a,28096,-28,738,50.90,36.12,323,37561,38071
[Recv] <<< 23:c9:cc:4b:a0:3a,28097,-31,739,50.89,36.13,48,37609,38119
[Recv] <<< 23:c9:cc:4b:a0:3a,28108,-28,740,51.42,36.17,444,38053,38563
[Recv] <<< 23:c9:cc:4b:a0:3a,28109,-28,741,51.40,36.17,35,38088,38598
[Recv] <<< 23:c9:cc:4b:a0:3a,28110,-30,742,51.38,36.17,39,38127,38637
[Recv] <<< 23:c9:cc:4b:a0:3a,28111,-37,743,51.37,36.18,43,38170,38680
[Recv] <<< 23:c9:cc:4b:a0:3a,28112,-37,744,51.35,36.18,35,38205,38715
[Recv] <<< 23:c9:cc:4b:a0:3a,28113,-28,745,51.34,36.18,41,38246,38756
[Recv] <<< 23:c9:cc:4b:a0:3a,28114,-28,746,51.32,36.19,39,38285,38795
[Recv] <<< 23:c9:cc:4b:a0:3a,28115,-31,747,51.31,36.19,42,38327,38837
[Recv] <<< 23:c9:cc:4b:a0:3a,28116,-37,748,51.30,36.20,47,38374,38884
[Recv] <<< 23:c9:cc:4b:a0:3a,28117,-37,749,51.28,36.20,34,38408,38918
[Recv] <<< 23:c9:cc:4b:a0:3a,28118,-28,750,51.26,36.20,40,38448,38958
[Recv] <<< 23:c9:cc:4b:a0:3a,28120,-30,751,51.31,36.22,87,38535,39045
[Recv] <<< 23:c9:cc:4b:a0:3a,28121,-37,752,51.30,36.22,41,38576,39086
[Recv] <<< 23:c9:cc:4b:a0:3a,28122,-28,753,51.29,36.23,42,38618,39128
[Recv] <<< 23:c9:cc:4b:a0:3a,28126,-31,754,51.43,36.24,160,38778,39288
[Recv] <<< 23:c9:cc:4b:a0:3a,28127,-30,755,51.41,36.24,38,38816,39326
[Recv] <<< 23:c9:cc:4b:a0:3a,28128,-31,756,51.38,36.24,28,38844,39354
[Recv] <<< 23:c9:cc:4b:a0:3a,28129,-31,757,51.35,36.23,31,38875,39385
[Recv] <<< 23:c9:cc:4b:a0:3a,28130,-31,758,51.34,36.23,39,38914,39424
[Recv] <<< 23:c9:cc:4b:a0:3a,28133,-37,759,51.41,36.23,104,39018,39528
[Recv] <<< 23:c9:cc:4b:a0:3a,28134,-28,760,51.40,36.24,45,39063,39573
[Recv] <<< 23:c9:cc:4b:a0:3a,28135,-28,761,51.38,36.24,35,39098,39608
[Recv] <<< 23:c9:cc:4b:a0:3a,28138,-31,762,51.47,36.25,120,39218,39728
[Recv] <<< 23:c9:cc:4b:a0:3a,28139,-37,763,51.46,36.25,46,39264,39774
[Recv] <<< 23:c9:cc:4b:a0:3a,28140,-37,764,51.44,36.26,39,39303,39813
[Recv] <<< 23:c9:cc:4b:a0:3a,28141,-28,765,51.43,36.26,39,39342,39852
[Recv] <<< 23:c9:cc:4b:a0:3a,28142,-28,766,51.42,36.27,46,39388,39898
[Recv] <<< 23:c9:cc:4b:a0:3a,28143,-28,767,51.40,36.27,33,39421,39931
[Recv] <<< 23:c9:cc:4b:a0:3a,28144,-31,768,51.39,36.27,43,39464,39974
[Recv] <<< 23:c9:cc:4b:a0:3a,28145,-31,769,51.37,36.27,37,39501,40011
[Recv] <<< 23:c9:cc:4b:a0:3a,28146,-37,770,51.35,36.28,41,39542,40052
[Recv] <<< 23:c9:cc:4b:a0:3a,28147,-37,771,51.34,36.28,38,39580,40090
[Recv] <<< 23:c9:cc:4b:a0:3a,28148,-28,772,51.32,36.28,42,39622,40132
[Recv] <<< 23:c9:cc:4b:a0:3a,28149,-28,773,51.31,36.29,38,39660,40170
[Recv] <<< 23:c9:cc:4b:a0:3a,28150,-28,774,51.29,36.28,35,39695,40205
[Recv] <<< 23:c9:cc:4b:a0:3a,28152,-31,775,51.33,36.29,82,39777,40287
[Recv] <<< 23:c9:cc:4b:a0:3a,28153,-31,776,51.31,36.30,39,39816,40326
[Recv] <<< 23:c9:cc:4b:a0:3a,28155,-37,777,51.34,36.30,79,39895,40405
[Recv] <<< 23:c9:cc:4b:a0:3a,28156,-28,778,51.33,36.31,42,39937,40447
[Recv] <<< 23:c9:cc:4b:a0:3a,28157,-28,779,51.31,36.31,36,39973,40483
[Recv] <<< 23:c9:cc:4b:a0:3a,28158,-31,780,51.31,36.31,46,40019,40529
[Recv] <<< 23:c9:cc:4b:a0:3a,28159,-31,781,51.28,36.31,29,40048,40558
[Recv] <<< 23:c9:cc:4b:a0:3a,28160,-31,782,51.26,36.31,38,40086,40596
[Recv] <<< 23:c9:cc:4b:a0:3a,28161,-37,783,51.24,36.31,38,40124,40634
[Recv] <<< 23:c9:cc:4b:a0:3a,28162,-37,784,51.22,36.31,35,40159,40669
[Recv] <<< 23:c9:cc:4b:a0:3a,28163,-37,785,51.20,36.31,35,40194,40704
[Recv] <<< 23:c9:cc:4b:a0:3a,28164,-28,786,51.20,36.32,51,40245,40755
[Recv] <<< 23:c9:cc:4b:a0:3a,28165,-28,787,51.18,36.32,36,40281,40791
[Recv] <<< 23:c9:cc:4b:a0:3a,28166,-28,788,51.16,36.32,35,40316,40826
[Recv] <<< 23:c9:cc:4b:a0:3a,28167,-28,789,51.14,36.32,31,40347,40857
[Recv] <<< 23:c9:cc:4b:a0:3a,28168,-28,790,51.11,36.31,31,40378,40888
[Recv] <<< 23:c9:cc:4b:a0:3a,28169,-31,791,51.09,36.31,37,40415,40925
[Recv] <<< 23:c9:cc:4b:a0:3a,28170,-31,792,51.08,36.32,42,40457,40967
[Recv] <<< 23:c9:cc:4b:a0:3a,28171,-31,793,51.07,36.32,45,40502,41012
[Recv] <<< 23:c9:cc:4b:a0:3a,28172,-31,794,51.04,36.32,27,40529,41039
[Recv] <<< 23:c9:cc:4b:a0:3a,28173,-31,795,51.03,36.32,38,40567,41077
[Recv] <<< 23:c9:cc:4b:a0:3a,28176,-37,796,51.10,36.31,105,40672,41182
[Recv] <<< 23:c9:cc:4b:a0:3a,28177,-37,797,51.08,36.32,40,40712,41222
[Recv] <<< 23:c9:cc:4b:a0:3a,28178,-37,798,51.06,36.31,31,40743,41253
[Recv] <<< 23:c9:cc:4b:a0:3a,28180,-28,799,51.09,36.32,76,40819,41329
[Recv] <<< 23:c9:cc:4b:a0:3a,28181,-28,800,51.07,36.31,34,40853,41363
[Recv] <<< 23:c9:cc:4b:a0:3a,28182,-28,801,51.05,36.31,36,40889,41399
[Recv] <<< 23:c9:cc:4b:a0:3a,28183,-28,802,51.03,36.32,39,40928,41438
[Recv] <<< 23:c9:cc:4b:a0:3a,28184,-28,803,51.01,36.31,34,40962,41472
[Recv] <<< 23:c9:cc:4b:a0:3a,28187,-31,804,51.08,36.31,107,41069,41579
[Recv] <<< 23:c9:cc:4b:a0:3a,28189,-28,805,51.10,36.31,65,41134,41644
[Recv] <<< 23:c9:cc:4b:a0:3a,28190,-28,806,51.08,36.31,39,41173,41683
[Recv] <<< 23:c9:cc:4b:a0:3a,28191,-28,807,51.07,36.31,37,41210,41720
[Recv] <<< 23:c9:cc:4b:a0:3a,28192,-28,808,51.04,36.30,30,41240,41750
[Recv] <<< 23:c9:cc:4b:a0:3a,28193,-28,809,51.02,36.30,36,41276,41786
[Recv] <<< 23:c9:cc:4b:a0:3a,28195,-28,810,51.04,36.30,70,41346,41856
[Recv] <<< 23:c9:cc:4b:a0:3a,28196,-28,811,51.03,36.30,36,41382,41892
[Recv] <<< 23:c9:cc:4b:a0:3a,28197,-28,812,51.01,36.30,40,41422,41932
[Recv] <<< 23:c9:cc:4b:a0:3a,28198,-28,813,50.98,36.30,28,41450,41960
[Recv] <<< 23:c9:cc:4b:a0:3a,28199,-28,814,50.97,36.30,38,41488,41998
[Recv] <<< 23:c9:cc:4b:a0:3a,28200,-28,815,50.95,36.30,39,41527,42037
[Recv] <<< 23:c9:cc:4b:a0:3a,28202,-31,816,50.98,36.30,72,41599,42109
[Recv] <<< 23:c9:cc:4b:a0:3a,28203,-31,817,50.96,36.30,36,41635,42145
[Recv] <<< 23:c9:cc:4b:a0:3a,28204,-31,818,50.94,36.30,37,41672,42182
[Recv] <<< 23:c9:cc:4b:a0:3a,28205,-37,819,50.93,36.30,38,41710,42220
[Recv] <<< 23:c9:cc:4b:a0:3a,28206,-37,820,50.90,36.30,31,41741,42251
[Recv] <<< 23:c9:cc:4b:a0:3a,28208,-37,821,50.93,36.30,73,41814,42324
[Recv] <<< 23:c9:cc:4b:a0:3a,28209,-37,822,50.91,36.30,37,41851,42361
[Recv] <<< 23:c9:cc:4b:a0:3a,28210,-37,823,50.89,36.29,28,41879,42389
[Recv] <<< 23:c9:cc:4b:a0:3a,28213,-37,824,50.96,36.29,113,41992,42502
[Recv] <<< 23:c9:cc:4b:a0:3a,28216,-28,825,51.03,36.29,106,42098,42608
[Recv] <<< 23:c9:cc:4b:a0:3a,28218,-28,826,51.05,36.29,69,42167,42677
[Recv] <<< 23:c9:cc:4b:a0:3a,28219,-28,827,51.03,36.29,35,42202,42712
[Recv] <<< 23:c9:cc:4b:a0:3a,28220,-28,828,51.01,36.29,35,42237,42747
[Recv] <<< 23:c9:cc:4b:a0:3a,28223,-31,829,51.09,36.29,116,42353,42863
[Recv] <<< 23:c9:cc:4b:a0:3a,28224,-31,830,51.06,36.29,30,42383,42893
[Recv] <<< 23:c9:cc:4b:a0:3a,28225,-31,831,51.05,36.29,39,42422,42932
[Recv] <<< 23:c9:cc:4b:a0:3a,28226,-31,832,51.02,36.28,30,42452,42962
[Recv] <<< 23:c9:cc:4b:a0:3a,28227,-31,833,51.01,36.28,36,42488,42998
[Recv] <<< 23:c9:cc:4b:a0:3a,28228,-31,834,50.98,36.28,33,42521,43031
[Recv] <<< 23:c9:cc:4b:a0:3a,28229,-31,835,50.97,36.28,39,42560,43070
[Recv] <<< 23:c9:cc:4b:a0:3a,28230,-37,836,50.95,36.28,38,42598,43108
[Recv] <<< 23:c9:cc:4b:a0:3a,28231,-37,837,50.94,36.29,37,42635,43145
[Recv] <<< 23:c9:cc:4b:a0:3a,28232,-37,838,50.92,36.28,32,42667,43177
[Recv] <<< 23:c9:cc:4b:a0:3a,28234,-37,839,50.95,36.29,77,42744,43254
[Recv] <<< 23:c9:cc:4b:a0:3a,28235,-37,840,50.92,36.28,30,42774,43284
[Recv] <<< 23:c9:cc:4b:a0:3a,28239,-28,841,51.03,36.28,143,42917,43427
[Recv] <<< 23:c9:cc:4b:a0:3a,28240,-28,842,51.01,36.28,37,42954,43464
[Recv] <<< 23:c9:cc:4b:a0:3a,28242,-28,843,51.04,36.28,75,43029,43539
[Recv] <<< 23:c9:cc:4b:a0:3a,28243,-28,844,51.03,36.28,37,43066,43576
[Recv] <<< 23:c9:cc:4b:a0:3a,28244,-28,845,51.01,36.28,39,43105,43615
[Recv] <<< 23:c9:cc:4b:a0:3a,28245,-28,846,50.99,36.28,30,43135,43645
[Recv] <<< 23:c9:cc:4b:a0:3a,28246,-28,847,50.97,36.28,33,43168,43678
[Recv] <<< 23:c9:cc:4b:a0:3a,28247,-31,848,50.96,36.28,45,43213,43723
[Recv] <<< 23:c9:cc:4b:a0:3a,28249,-31,849,50.97,36.28,64,43277,43787
[Recv] <<< 23:c9:cc:4b:a0:3a,28250,-38,850,50.97,36.28,46,43323,43833
[Recv] <<< 23:c9:cc:4b:a0:3a,28251,-37,851,50.95,36.28,34,43357,43867
[Recv] <<< 23:c9:cc:4b:a0:3a,28252,-28,852,50.93,36.28,39,43396,43906
[Recv] <<< 23:c9:cc:4b:a0:3a,28261,-28,853,51.27,36.29,337,43733,44243
[Recv] <<< 23:c9:cc:4b:a0:3a,28262,-28,854,51.25,36.29,37,43770,44280
[Recv] <<< 23:c9:cc:4b:a0:3a,28263,-30,855,51.23,36.29,32,43802,44312
[Recv] <<< 23:c9:cc:4b:a0:3a,28264,-31,856,51.22,36.30,43,43845,44355
[Recv] <<< 23:c9:cc:4b:a0:3a,28267,-37,857,51.28,36.29,106,43951,44461
[Recv] <<< 23:c9:cc:4b:a0:3a,28268,-37,858,51.27,36.30,39,43990,44500
[Recv] <<< 23:c9:cc:4b:a0:3a,28269,-37,859,51.25,36.29,34,44024,44534
[Recv] <<< 23:c9:cc:4b:a0:3a,28270,-37,860,51.24,36.30,42,44066,44576
[Recv] <<< 23:c9:cc:4b:a0:3a,28271,-37,861,51.23,36.30,39,44105,44615
[Recv] <<< 23:c9:cc:4b:a0:3a,28272,-37,862,51.21,36.30,40,44145,44655
[Recv] <<< 23:c9:cc:4b:a0:3a,28274,-28,863,51.24,36.30,73,44218,44728
[Recv] <<< 23:c9:cc:4b:a0:3a,28275,-28,864,51.22,36.30,35,44253,44763
[Recv] <<< 23:c9:cc:4b:a0:3a,28276,-28,865,51.20,36.30,31,44284,44794
[Recv] <<< 23:c9:cc:4b:a0:3a,28293,-31,866,51.87,36.31,633,44917,45427
[Recv] <<< 23:c9:cc:4b:a0:3a,28299,-31,867,52.06,36.31,219,45136,45646
[Recv] <<< 23:c9:cc:4b:a0:3a,28300,-31,868,52.04,36.31,36,45172,45682
[Recv] <<< 23:c9:cc:4b:a0:3a,28301,-31,869,52.02,36.31,37,45209,45719
[Recv] <<< 23:c9:cc:4b:a0:3a,28303,-31,870,52.04,36.31,68,45277,45787
[Recv] <<< 23:c9:cc:4b:a0:3a,28304,-31,871,52.03,36.31,40,45317,45827
[Recv] <<< 23:c9:cc:4b:a0:3a,28305,-31,872,52.02,36.32,41,45358,45868
[Recv] <<< 23:c9:cc:4b:a0:3a,28306,-31,873,52.00,36.32,36,45394,45904
[Recv] <<< 23:c9:cc:4b:a0:3a,28310,-37,874,52.10,36.31,145,45539,46049
[Recv] <<< 23:c9:cc:4b:a0:3a,28311,-37,875,52.08,36.31,28,45567,46077
[Recv] <<< 23:c9:cc:4b:a0:3a,28312,-37,876,52.06,36.31,34,45601,46111
[Recv] <<< 23:c9:cc:4b:a0:3a,28314,-37,877,52.08,36.31,75,45676,46186
[Recv] <<< 23:c9:cc:4b:a0:3a,28315,-37,878,52.06,36.31,34,45710,46220
[Recv] <<< 23:c9:cc:4b:a0:3a,28316,-37,879,52.05,36.31,39,45749,46259
[Recv] <<< 23:c9:cc:4b:a0:3a,28317,-37,880,52.03,36.31,33,45782,46292
[Recv] <<< 23:c9:cc:4b:a0:3a,28318,-28,881,52.01,36.31,37,45819,46329
[Recv] <<< 23:c9:cc:4b:a0:3a,28319,-28,882,51.99,36.31,40,45859,46369
[Recv] <<< 23:c9:cc:4b:a0:3a,28320,-28,883,51.97,36.31,32,45891,46401
[Recv] <<< 23:c9:cc:4b:a0:3a,28321,-28,884,51.96,36.31,38,45929,46439
[Recv] <<< 23:c9:cc:4b:a0:3a,28323,-28,885,51.97,36.30,66,45995,46505
[Recv] <<< 23:c9:cc:4b:a0:3a,28325,-28,886,51.99,36.30,68,46063,46573
[Recv] <<< 23:c9:cc:4b:a0:3a,28326,-28,887,51.97,36.30,33,46096,46606
[Recv] <<< 23:c9:cc:4b:a0:3a,28327,-28,888,51.95,36.29,34,46130,46640
[Recv] <<< 23:c9:cc:4b:a0:3a,28328,-28,889,51.93,36.29,37,46167,46677
[Recv] <<< 23:c9:cc:4b:a0:3a,28330,-28,890,51.95,36.29,69,46236,46746
[Recv] <<< 23:c9:cc:4b:a0:3a,28331,-28,891,51.93,36.29,36,46272,46782
[Recv] <<< 23:c9:cc:4b:a0:3a,28333,-28,892,51.96,36.29,73,46345,46855
[Recv] <<< 23:c9:cc:4b:a0:3a,28335,-31,893,51.98,36.29,74,46419,46929
[Recv] <<< 23:c9:cc:4b:a0:3a,28338,-28,894,52.05,36.29,110,46529,47039
[Recv] <<< 23:c9:cc:4b:a0:3a,28339,-28,895,52.02,36.29,32,46561,47071
[Recv] <<< 23:c9:cc:4b:a0:3a,28340,-31,896,52.02,36.30,45,46606,47116
[Recv] <<< 23:c9:cc:4b:a0:3a,28341,-31,897,51.99,36.29,27,46633,47143
[Recv] <<< 23:c9:cc:4b:a0:3a,28342,-37,898,51.98,36.29,42,46675,47185
[Recv] <<< 23:c9:cc:4b:a0:3a,28343,-37,899,51.96,36.29,33,46708,47218
[Recv] <<< 23:c9:cc:4b:a0:3a,28344,-31,900,51.94,36.29,35,46743,47253
[Recv] <<< 23:c9:cc:4b:a0:3a,28346,-31,901,51.96,36.29,70,46813,47323
[Recv] <<< 23:c9:cc:4b:a0:3a,28349,-28,902,52.01,36.28,97,46910,47420
[Recv] <<< 23:c9:cc:4b:a0:3a,28350,-28,903,51.98,36.28,30,46940,47450
[Recv] <<< 23:c9:cc:4b:a0:3a,28351,-28,904,51.96,36.27,36,46976,47486
[Recv] <<< 23:c9:cc:4b:a0:3a,28352,-31,905,51.95,36.28,39,47015,47525
[Recv] <<< 23:c9:cc:4b:a0:3a,28353,-31,906,51.94,36.28,42,47057,47567
[Recv] <<< 23:c9:cc:4b:a0:3a,28356,-28,907,51.98,36.27,93,47150,47660
[Recv] <<< 23:c9:cc:4b:a0:3a,28358,-28,908,52.01,36.27,74,47224,47734
[Recv] <<< 23:c9:cc:4b:a0:3a,28360,-28,909,52.02,36.26,64,47288,47798
[Recv] <<< 23:c9:cc:4b:a0:3a,28362,-31,910,52.05,36.27,82,47370,47880
[Recv] <<< 23:c9:cc:4b:a0:3a,28363,-31,911,52.02,36.26,24,47394,47904
[Recv] <<< 23:c9:cc:4b:a0:3a,28366,-28,912,52.08,36.26,102,47496,48006
[Recv] <<< 23:c9:cc:4b:a0:3a,28367,-28,913,52.06,36.25,31,47527,48037
[Recv] <<< 23:c9:cc:4b:a0:3a,28368,-28,914,52.04,36.25,37,47564,48074
[Recv] <<< 23:c9:cc:4b:a0:3a,28370,-28,915,52.05,36.25,64,47628,48138
[Recv] <<< 23:c9:cc:4b:a0:3a,28371,-28,916,52.04,36.25,39,47667,48177
[Recv] <<< 23:c9:cc:4b:a0:3a,28372,-28,917,52.02,36.25,34,47701,48211
[Recv] <<< 23:c9:cc:4b:a0:3a,28376,-28,918,52.11,36.24,137,47838,48348
[Recv] <<< 23:c9:cc:4b:a0:3a,28377,-28,919,52.09,36.24,31,47869,48379
[Recv] <<< 23:c9:cc:4b:a0:3a,28378,-28,920,52.07,36.23,31,47900,48410
[Recv] <<< 23:c9:cc:4b:a0:3a,28379,-37,921,52.05,36.24,39,47939,48449
[Recv] <<< 23:c9:cc:4b:a0:3a,28380,-37,922,52.02,36.23,25,47964,48474
[Recv] <<< 23:c9:cc:4b:a0:3a,28382,-31,923,52.04,36.22,68,48032,48542
[Recv] <<< 23:c9:cc:4b:a0:3a,28383,-31,924,52.01,36.22,27,48059,48569
[Recv] <<< 23:c9:cc:4b:a0:3a,28384,-31,925,52.00,36.22,37,48096,48606
[Recv] <<< 23:c9:cc:4b:a0:3a,28385,-31,926,51.97,36.21,27,48123,48633
[Recv] <<< 23:c9:cc:4b:a0:3a,28387,-31,927,52.00,36.21,79,48202,48712
[Recv] <<< 23:c9:cc:4b:a0:3a,28388,-31,928,51.98,36.22,38,48240,48750
[Recv] <<< 23:c9:cc:4b:a0:3a,28390,-31,929,52.00,36.21,67,48307,48817
[Recv] <<< 23:c9:cc:4b:a0:3a,28391,-28,930,51.98,36.21,33,48340,48850
[Recv] <<< 23:c9:cc:4b:a0:3a,28392,-28,931,51.96,36.21,34,48374,48884
[Recv] <<< 23:c9:cc:4b:a0:3a,28393,-28,932,51.94,36.21,35,48409,48919
[Recv] <<< 23:c9:cc:4b:a0:3a,28394,-28,933,51.92,36.20,30,48439,48949
[Recv] <<< 23:c9:cc:4b:a0:3a,28395,-28,934,51.90,36.21,40,48479,48989
[Recv] <<< 23:c9:cc:4b:a0:3a,28396,-28,935,51.89,36.21,37,48516,49026
[Recv] <<< 23:c9:cc:4b:a0:3a,28398,-28,936,51.91,36.20,70,48586,49096
[Recv] <<< 23:c9:cc:4b:a0:3a,28399,-28,937,51.89,36.20,32,48618,49128
[Recv] <<< 23:c9:cc:4b:a0:3a,28401,-28,938,51.90,36.20,66,48684,49194
[Recv] <<< 23:c9:cc:4b:a0:3a,28402,-28,939,51.89,36.20,38,48722,49232
[Recv] <<< 23:c9:cc:4b:a0:3a,28403,-28,940,51.87,36.20,34,48756,49266
[Recv] <<< 23:c9:cc:4b:a0:3a,28404,-28,941,51.84,36.19,25,48781,49291
[Recv] <<< 23:c9:cc:4b:a0:3a,28407,-28,942,51.90,36.19,109,48890,49400
[Recv] <<< 23:c9:cc:4b:a0:3a,28408,-37,943,51.88,36.19,37,48927,49437
[Recv] <<< 23:c9:cc:4b:a0:3a,28409,-37,944,51.86,36.18,25,48952,49462
[Recv] <<< 23:c9:cc:4b:a0:3a,28410,-37,945,51.84,36.18,36,48988,49498
[Recv] <<< 23:c9:cc:4b:a0:3a,28411,-37,946,51.82,36.18,35,49023,49533
[Recv] <<< 23:c9:cc:4b:a0:3a,28412,-31,947,51.80,36.18,32,49055,49565
[Recv] <<< 23:c9:cc:4b:a0:3a,28414,-28,948,51.81,36.17,65,49120,49630
[Recv] <<< 23:c9:cc:4b:a0:3a,28415,-28,949,51.80,36.17,34,49154,49664
[Recv] <<< 23:c9:cc:4b:a0:3a,28416,-31,950,51.79,36.17,43,49197,49707
[Recv] <<< 23:c9:cc:4b:a0:3a,28417,-30,951,51.77,36.17,37,49234,49744
[Recv] <<< 23:c9:cc:4b:a0:3a,28425,-28,952,52.01,36.16,275,49509,50019
[Recv] <<< 23:c9:cc:4b:a0:3a,28426,-28,953,51.99,36.16,35,49544,50054
[Recv] <<< 23:c9:cc:4b:a0:3a,28427,-28,954,51.97,36.16,37,49581,50091
[Recv] <<< 23:c9:cc:4b:a0:3a,28428,-28,955,51.96,36.17,38,49619,50129
[Recv] <<< 23:c9:cc:4b:a0:3a,28430,-28,956,51.97,36.16,62,49681,50191
[Recv] <<< 23:c9:cc:4b:a0:3a,28431,-37,957,51.95,36.16,36,49717,50227
[Recv] <<< 23:c9:cc:4b:a0:3a,28432,-37,958,51.93,36.15,28,49745,50255
[Recv] <<< 23:c9:cc:4b:a0:3a,28436,-37,959,52.04,36.16,158,49903,50413
[Recv] <<< 23:c9:cc:4b:a0:3a,28442,-37,960,52.19,36.15,203,50106,50616
[Recv] <<< 23:c9:cc:4b:a0:3a,28444,-28,961,52.23,36.16,83,50189,50699
[Recv] <<< 23:c9:cc:4b:a0:3a,28445,-28,962,52.20,36.15,30,50219,50729
[Recv] <<< 23:c9:cc:4b:a0:3a,28447,-28,963,52.22,36.15,70,50289,50799
[Recv] <<< 23:c9:cc:4b:a0:3a,28449,-27,964,52.24,36.15,69,50358,50868
[Recv] <<< 23:c9:cc:4b:a0:3a,28451,-37,965,52.25,36.15,67,50425,50935
[Recv] <<< 23:c9:cc:4b:a0:3a,28453,-37,966,52.27,36.14,69,50494,51004
[Recv] <<< 23:c9:cc:4b:a0:3a,28455,-37,967,52.29,36.14,71,50565,51075
[Recv] <<< 23:c9:cc:4b:a0:3a,28456,-37,968,52.27,36.14,37,50602,51112
[Recv] <<< 23:c9:cc:4b:a0:3a,28457,-37,969,52.25,36.14,27,50629,51139
[Recv] <<< 23:c9:cc:4b:a0:3a,28458,-37,970,52.23,36.14,33,50662,51172
[Recv] <<< 23:c9:cc:4b:a0:3a,28459,-37,971,52.21,36.14,36,50698,51208
[Recv] <<< 23:c9:cc:4b:a0:3a,28460,-40,972,52.19,36.13,26,50724,51234
[Recv] <<< 23:c9:cc:4b:a0:3a,28461,-30,973,52.17,36.13,37,50761,51271
[Recv] <<< 23:c9:cc:4b:a0:3a,28462,-37,974,52.15,36.13,37,50798,51308
[Recv] <<< 23:c9:cc:4b:a0:3a,28463,-37,975,52.13,36.13,33,50831,51341
[Recv] <<< 23:c9:cc:4b:a0:3a,28464,-37,976,52.12,36.13,37,50868,51378
[Recv] <<< 23:c9:cc:4b:a0:3a,28465,-37,977,52.10,36.13,34,50902,51412
[Recv] <<< 23:c9:cc:4b:a0:3a,28466,-37,978,52.09,36.13,40,50942,51452
[Recv] <<< 23:c9:cc:4b:a0:3a,28467,-37,979,52.07,36.13,39,50981,51491
[Recv] <<< 23:c9:cc:4b:a0:3a,28468,-37,980,52.05,36.13,29,51010,51520
[Recv] <<< 23:c9:cc:4b:a0:3a,28469,-37,981,52.03,36.13,36,51046,51556
[Recv] <<< 23:c9:cc:4b:a0:3a,28470,-37,982,52.02,36.12,34,51080,51590
[Recv] <<< 23:c9:cc:4b:a0:3a,28471,-28,983,52.01,36.13,42,51122,51632
[Recv] <<< 23:c9:cc:4b:a0:3a,28472,-28,984,51.99,36.13,41,51163,51673
[Recv] <<< 23:c9:cc:4b:a0:3a,28473,-27,985,51.98,36.13,34,51197,51707
[Recv] <<< 23:c9:cc:4b:a0:3a,28474,-28,986,51.95,36.12,25,51222,51732
[Recv] <<< 23:c9:cc:4b:a0:3a,28475,-28,987,51.93,36.12,37,51259,51769
[Recv] <<< 23:c9:cc:4b:a0:3a,28476,-28,988,51.91,36.12,30,51289,51799
[Recv] <<< 23:c9:cc:4b:a0:3a,28477,-28,989,51.89,36.12,35,51324,51834
[Recv] <<< 23:c9:cc:4b:a0:3a,28479,-37,990,51.91,36.11,66,51390,51900
[Recv] <<< 23:c9:cc:4b:a0:3a,28480,-28,991,51.90,36.12,43,51433,51943
[Recv] <<< 23:c9:cc:4b:a0:3a,28481,-28,992,51.88,36.12,34,51467,51977
[Recv] <<< 23:c9:cc:4b:a0:3a,28483,-28,993,51.90,36.12,71,51538,52048
[Recv] <<< 23:c9:cc:4b:a0:3a,28484,-28,994,51.89,36.12,38,51576,52086
[Recv] <<< 23:c9:cc:4b:a0:3a,28486,-28,995,51.90,36.11,68,51644,52154
[Recv] <<< 23:c9:cc:4b:a0:3a,28487,-37,996,51.88,36.11,28,51672,52182
[Recv] <<< 23:c9:cc:4b:a0:3a,28489,-27,997,51.90,36.11,75,51747,52257
[Recv] <<< 23:c9:cc:4b:a0:3a,28490,-28,998,51.89,36.12,42,51789,52299
[Recv] <<< 23:c9:cc:4b:a0:3a,28491,-28,999,51.87,36.11,31,51820,52330
[Recv] <<< 23:c9:cc:4b:a0:3a,28492,-27,1000,51.85,36.11,32,51852,52362
[Recv] <<< 23:c9:cc:4b:a0:3a,28494,-27,1001,51.87,36.11,73,51925,52435
[Recv] <<< 23:c9:cc:4b:a0:3a,28496,-28,1002,51.89,36.11,69,51994,52504
[Recv] <<< 23:c9:cc:4b:a0:3a,28497,-37,1003,51.87,36.10,30,52024,52534
[Recv] <<< 23:c9:cc:4b:a0:3a,28498,-37,1004,51.84,36.10,27,52051,52561
[Recv] <<< 23:c9:cc:4b:a0:3a,28500,-37,1005,51.86,36.10,73,52124,52634
[Recv] <<< 23:c9:cc:4b:a0:3a,28501,-37,1006,51.85,36.10,34,52158,52668
[Recv] <<< 23:c9:cc:4b:a0:3a,28502,-37,1007,51.83,36.09,31,52189,52699
[Recv] <<< 23:c9:cc:4b:a0:3a,28503,-37,1008,51.81,36.09,31,52220,52730
[Recv] <<< 23:c9:cc:4b:a0:3a,28504,-37,1009,51.79,36.09,38,52258,52768
[Recv] <<< 23:c9:cc:4b:a0:3a,28505,-37,1010,51.77,36.09,32,52290,52800
[Recv] <<< 23:c9:cc:4b:a0:3a,28506,-37,1011,51.76,36.09,36,52326,52836
[Recv] <<< 23:c9:cc:4b:a0:3a,28508,-37,1012,51.77,36.08,68,52394,52904
[Recv] <<< 23:c9:cc:4b:a0:3a,28509,-37,1013,51.76,36.09,38,52432,52942
[Recv] <<< 23:c9:cc:4b:a0:3a,28510,-37,1014,51.74,36.08,29,52461,52971
[Recv] <<< 23:c9:cc:4b:a0:3a,28511,-37,1015,51.72,36.08,34,52495,53005
[Recv] <<< 23:c9:cc:4b:a0:3a,28512,-37,1016,51.71,36.08,41,52536,53046
[Recv] <<< 23:c9:cc:4b:a0:3a,28513,-37,1017,51.69,36.08,31,52567,53077
[Recv] <<< 23:c9:cc:4b:a0:3a,28515,-27,1018,51.72,36.08,80,52647,53157
[Recv] <<< 23:c9:cc:4b:a0:3a,28516,-27,1019,51.69,36.08,28,52675,53185
[Recv] <<< 23:c9:cc:4b:a0:3a,28517,-28,1020,51.68,36.08,37,52712,53222
[Recv] <<< 23:c9:cc:4b:a0:3a,28518,-28,1021,51.66,36.08,33,52745,53255
[Recv] <<< 23:c9:cc:4b:a0:3a,28519,-31,1022,51.65,36.08,44,52789,53299
[Recv] <<< 23:c9:cc:4b:a0:3a,28520,-31,1023,51.64,36.08,35,52824,53334
[Recv] <<< 23:c9:cc:4b:a0:3a,28521,-31,1024,51.62,36.08,32,52856,53366
[Recv] <<< 23:c9:cc:4b:a0:3a,28522,-31,1025,51.60,36.08,30,52886,53396
[Recv] <<< 23:c9:cc:4b:a0:3a,28523,-37,1026,51.59,36.08,41,52927,53437
[Recv] <<< 23:c9:cc:4b:a0:3a,28524,-31,1027,51.57,36.08,33,52960,53470
[Recv] <<< 23:c9:cc:4b:a0:3a,28525,-31,1028,51.55,36.07,33,52993,53503
[Recv] <<< 23:c9:cc:4b:a0:3a,28527,-31,1029,51.57,36.07,68,53061,53571
[Recv] <<< 23:c9:cc:4b:a0:3a,28528,-37,1030,51.56,36.08,43,53104,53614
[Recv] <<< 23:c9:cc:4b:a0:3a,28530,-37,1031,51.58,36.08,78,53182,53692
[Recv] <<< 23:c9:cc:4b:a0:3a,28531,-37,1032,51.57,36.08,35,53217,53727
[Recv] <<< 23:c9:cc:4b:a0:3a,28533,-31,1033,51.58,36.07,61,53278,53788
[Recv] <<< 23:c9:cc:4b:a0:3a,28534,-31,1034,51.56,36.07,33,53311,53821
[Recv] <<< 23:c9:cc:4b:a0:3a,28535,-30,1035,51.54,36.07,38,53349,53859
[Recv] <<< 23:c9:cc:4b:a0:3a,28536,-31,1036,51.52,36.06,26,53375,53885
[Recv] <<< 23:c9:cc:4b:a0:3a,28537,-30,1037,51.50,36.06,33,53408,53918
[Recv] <<< 23:c9:cc:4b:a0:3a,28538,-30,1038,51.49,36.07,41,53449,53959
[Recv] <<< 23:c9:cc:4b:a0:3a,28539,-30,1039,51.47,36.06,30,53479,53989
[Recv] <<< 23:c9:cc:4b:a0:3a,28540,-31,1040,51.45,36.06,32,53511,54021
[Recv] <<< 23:c9:cc:4b:a0:3a,28541,-31,1041,51.44,36.06,35,53546,54056
[Recv] <<< 23:c9:cc:4b:a0:3a,28542,-31,1042,51.42,36.05,31,53577,54087
[Recv] <<< 23:c9:cc:4b:a0:3a,28543,-31,1043,51.40,36.05,36,53613,54123
[Recv] <<< 23:c9:cc:4b:a0:3a,28544,-31,1044,51.39,36.05,34,53647,54157
[Recv] <<< 23:c9:cc:4b:a0:3a,28545,-31,1045,51.37,36.05,35,53682,54192
[Recv] <<< 23:c9:cc:4b:a0:3a,28549,-28,1046,51.44,36.04,124,53806,54316
[Recv] <<< 23:c9:cc:4b:a0:3a,28550,-28,1047,51.43,36.04,37,53843,54353
[Recv] <<< 23:c9:cc:4b:a0:3a,28551,-28,1048,51.41,36.04,37,53880,54390
[Recv] <<< 23:c9:cc:4b:a0:3a,28552,-28,1049,51.39,36.04,32,53912,54422
[Recv] <<< 23:c9:cc:4b:a0:3a,28553,-28,1050,51.37,36.03,31,53943,54453
[Recv] <<< 23:c9:cc:4b:a0:3a,28555,-28,1051,51.39,36.03,73,54016,54526
[Recv] <<< 23:c9:cc:4b:a0:3a,28556,-28,1052,51.38,36.03,36,54052,54562
[Recv] <<< 23:c9:cc:4b:a0:3a,28557,-30,1053,51.36,36.03,33,54085,54595
[Recv] <<< 23:c9:cc:4b:a0:3a,28558,-31,1054,51.35,36.04,41,54126,54636
[Recv] <<< 23:c9:cc:4b:a0:3a,28559,-31,1055,51.34,36.03,33,54159,54669
[Recv] <<< 23:c9:cc:4b:a0:3a,28560,-31,1056,51.32,36.03,32,54191,54701
[Recv] <<< 23:c9:cc:4b:a0:3a,28561,-31,1057,51.30,36.03,32,54223,54733
[Recv] <<< 23:c9:cc:4b:a0:3a,28562,-31,1058,51.28,36.03,32,54255,54765
[Recv] <<< 23:c9:cc:4b:a0:3a,28563,-31,1059,51.27,36.03,39,54294,54804
[Recv] <<< 23:c9:cc:4b:a0:3a,28564,-31,1060,51.25,36.02,28,54322,54832
[Recv] <<< 23:c9:cc:4b:a0:3a,28565,-31,1061,51.24,36.03,44,54366,54876
[Recv] <<< 23:c9:cc:4b:a0:3a,28566,-31,1062,51.22,36.02,26,54392,54902
[Recv] <<< 23:c9:cc:4b:a0:3a,28567,-28,1063,51.20,36.02,35,54427,54937
[Recv] <<< 23:c9:cc:4b:a0:3a,28568,-28,1064,51.19,36.02,34,54461,54971
[Recv] <<< 23:c9:cc:4b:a0:3a,28569,-28,1065,51.17,36.02,36,54497,55007
[Recv] <<< 23:c9:cc:4b:a0:3a,28570,-28,1066,51.16,36.02,37,54534,55044
[Recv] <<< 23:c9:cc:4b:a0:3a,28571,-28,1067,51.14,36.02,33,54567,55077
[Recv] <<< 23:c9:cc:4b:a0:3a,28572,-28,1068,51.12,36.01,31,54598,55108
[Recv] <<< 23:c9:cc:4b:a0:3a,28573,-28,1069,51.11,36.02,40,54638,55148
[Recv] <<< 23:c9:cc:4b:a0:3a,28574,-28,1070,51.10,36.02,34,54672,55182
[Recv] <<< 23:c9:cc:4b:a0:3a,28575,-28,1071,51.08,36.01,32,54704,55214
[Recv] <<< 23:c9:cc:4b:a0:3a,28577,-28,1072,51.09,36.01,65,54769,55279
[Recv] <<< 23:c9:cc:4b:a0:3a,28578,-28,1073,51.08,36.01,38,54807,55317
[Recv] <<< 23:c9:cc:4b:a0:3a,28579,-28,1074,51.05,36.00,26,54833,55343
[Recv] <<< 23:c9:cc:4b:a0:3a,28581,-37,1075,51.07,36.00,69,54902,55412
[Recv] <<< 23:c9:cc:4b:a0:3a,28583,-37,1076,51.08,35.99,62,54964,55474
[Recv] <<< 23:c9:cc:4b:a0:3a,28584,-37,1077,51.07,36.00,37,55001,55511
[Recv] <<< 23:c9:cc:4b:a0:3a,28585,-37,1078,51.06,36.00,42,55043,55553
[Recv] <<< 23:c9:cc:4b:a0:3a,28586,-28,1079,51.05,36.00,41,55084,55594
[Recv] <<< 23:c9:cc:4b:a0:3a,28587,-31,1080,51.04,36.01,41,55125,55635
[Recv] <<< 23:c9:cc:4b:a0:3a,28591,-31,1081,51.13,36.01,145,55270,55780
[Recv] <<< 23:c9:cc:4b:a0:3a,28592,-31,1082,51.11,36.00,30,55300,55810
[Recv] <<< 23:c9:cc:4b:a0:3a,28593,-30,1083,51.10,36.01,40,55340,55850
[Recv] <<< 23:c9:cc:4b:a0:3a,28594,-31,1084,51.08,36.00,30,55370,55880
[Recv] <<< 23:c9:cc:4b:a0:3a,28597,-28,1085,51.12,35.99,94,55464,55974
[Recv] <<< 23:c9:cc:4b:a0:3a,28598,-31,1086,51.11,36.00,44,55508,56018
[Recv] <<< 23:c9:cc:4b:a0:3a,28599,-31,1087,51.10,36.00,41,55549,56059
[Recv] <<< 23:c9:cc:4b:a0:3a,28600,-31,1088,51.09,36.00,32,55581,56091
[Recv] <<< 23:c9:cc:4b:a0:3a,28601,-31,1089,51.06,35.99,27,55608,56118
[Recv] <<< 23:c9:cc:4b:a0:3a,28602,-31,1090,51.05,35.99,33,55641,56151
[Recv] <<< 23:c9:cc:4b:a0:3a,28603,-31,1091,51.03,35.99,37,55678,56188
[Recv] <<< 23:c9:cc:4b:a0:3a,28604,-31,1092,51.02,35.99,35,55713,56223
[Recv] <<< 23:c9:cc:4b:a0:3a,28605,-30,1093,51.00,35.99,31,55744,56254
[Recv] <<< 23:c9:cc:4b:a0:3a,28606,-31,1094,50.99,35.99,37,55781,56291
[Recv] <<< 23:c9:cc:4b:a0:3a,28607,-28,1095,50.97,35.98,29,55810,56320
[Recv] <<< 23:c9:cc:4b:a0:3a,28609,-31,1096,50.99,35.99,76,55886,56396
[Recv] <<< 23:c9:cc:4b:a0:3a,28610,-31,1097,50.97,35.98,31,55917,56427
[Recv] <<< 23:c9:cc:4b:a0:3a,28611,-31,1098,50.96,35.98,37,55954,56464
[Recv] <<< 23:c9:cc:4b:a0:3a,28613,-28,1099,50.97,35.98,61,56015,56525
[Recv] <<< 23:c9:cc:4b:a0:3a,28614,-28,1100,50.95,35.97,32,56047,56557
[Recv] <<< 23:c9:cc:4b:a0:3a,28615,-28,1101,50.93,35.97,32,56079,56589
[Recv] <<< 23:c9:cc:4b:a0:3a,28616,-28,1102,50.92,35.97,34,56113,56623
[Recv] <<< 23:c9:cc:4b:a0:3a,28618,-28,1103,50.94,35.97,73,56186,56696
[Recv] <<< 23:c9:cc:4b:a0:3a,28619,-27,1104,50.92,35.97,28,56214,56724
[Recv] <<< 23:c9:cc:4b:a0:3a,28620,-28,1105,50.91,35.97,42,56256,56766
[Recv] <<< 23:c9:cc:4b:a0:3a,28621,-28,1106,50.89,35.96,23,56279,56789
[Recv] <<< 23:c9:cc:4b:a0:3a,28622,-27,1107,50.87,35.96,34,56313,56823
[Recv] <<< 23:c9:cc:4b:a0:3a,28623,-28,1108,50.85,35.96,32,56345,56855
[Recv] <<< 23:c9:cc:4b:a0:3a,28625,-28,1109,50.88,35.96,77,56422,56932
[Recv] <<< 23:c9:cc:4b:a0:3a,28626,-28,1110,50.85,35.95,27,56449,56959
[Recv] <<< 23:c9:cc:4b:a0:3a,28627,-28,1111,50.85,35.96,40,56489,56999
[Recv] <<< 23:c9:cc:4b:a0:3a,28631,-28,1112,50.92,35.95,129,56618,57128
[Recv] <<< 23:c9:cc:4b:a0:3a,28633,-28,1113,50.93,35.95,72,56690,57200
[Recv] <<< 23:c9:cc:4b:a0:3a,28634,-37,1114,50.91,35.94,29,56719,57229
[Recv] <<< 23:c9:cc:4b:a0:3a,28635,-37,1115,50.90,35.94,30,56749,57259
[Recv] <<< 23:c9:cc:4b:a0:3a,28636,-37,1116,50.88,35.94,34,56783,57293
[Recv] <<< 23:c9:cc:4b:a0:3a,28638,-37,1117,50.90,35.94,67,56850,57360
[Recv] <<< 23:c9:cc:4b:a0:3a,28639,-37,1118,50.88,35.94,36,56886,57396
[Recv] <<< 23:c9:cc:4b:a0:3a,28640,-37,1119,50.87,35.93,32,56918,57428
[Recv] <<< 23:c9:cc:4b:a0:3a,28641,-37,1120,50.85,35.93,37,56955,57465
[Recv] <<< 23:c9:cc:4b:a0:3a,28642,-37,1121,50.83,35.93,24,56979,57489
[Recv] <<< 23:c9:cc:4b:a0:3a,28643,-37,1122,50.81,35.93,34,57013,57523
[Recv] <<< 23:c9:cc:4b:a0:3a,28644,-37,1123,50.80,35.92,34,57047,57557
[Recv] <<< 23:c9:cc:4b:a0:3a,28645,-28,1124,50.79,35.93,44,57091,57601
[Recv] <<< 23:c9:cc:4b:a0:3a,28646,-28,1125,50.78,35.93,40,57131,57641
[Recv] <<< 23:c9:cc:4b:a0:3a,28647,-28,1126,50.77,35.93,36,57167,57677
[Recv] <<< 23:c9:cc:4b:a0:3a,28648,-28,1127,50.75,35.93,30,57197,57707
[Recv] <<< 23:c9:cc:4b:a0:3a,28649,-28,1128,50.73,35.92,27,57224,57734
[Recv] <<< 23:c9:cc:4b:a0:3a,28652,-27,1129,50.78,35.92,101,57325,57835
[Recv] <<< 23:c9:cc:4b:a0:3a,28655,-28,1130,50.82,35.91,102,57427,57937
[Recv] <<< 23:c9:cc:4b:a0:3a,28656,-28,1131,50.80,35.91,32,57459,57969
[Recv] <<< 23:c9:cc:4b:a0:3a,28659,-37,1132,50.85,35.91,103,57562,58072
[Recv] <<< 23:c9:cc:4b:a0:3a,28660,-38,1133,50.83,35.91,31,57593,58103
[Recv] <<< 23:c9:cc:4b:a0:3a,28661,-37,1134,50.82,35.91,35,57628,58138
[Recv] <<< 23:c9:cc:4b:a0:3a,28662,-37,1135,50.80,35.90,31,57659,58169
[Recv] <<< 23:c9:cc:4b:a0:3a,28663,-37,1136,50.79,35.90,33,57692,58202
[Recv] <<< 23:c9:cc:4b:a0:3a,28665,-37,1137,50.81,35.90,76,57768,58278
[Recv] <<< 23:c9:cc:4b:a0:3a,28666,-37,1138,50.79,35.90,31,57799,58309
[Recv] <<< 23:c9:cc:4b:a0:3a,28667,-37,1139,50.78,35.90,34,57833,58343
[Recv] <<< 23:c9:cc:4b:a0:3a,28668,-37,1140,50.77,35.90,41,57874,58384
[Recv] <<< 23:c9:cc:4b:a0:3a,28670,-31,1141,50.77,35.89,56,57930,58440
[Recv] <<< 23:c9:cc:4b:a0:3a,28671,-31,1142,50.76,35.90,41,57971,58481
[Recv] <<< 23:c9:cc:4b:a0:3a,28673,-37,1143,50.78,35.89,70,58041,58551
[Recv] <<< 23:c9:cc:4b:a0:3a,28674,-37,1144,50.76,35.89,33,58074,58584
[Recv] <<< 23:c9:cc:4b:a0:3a,28675,-37,1145,50.75,35.89,32,58106,58616
[Recv] <<< 23:c9:cc:4b:a0:3a,28676,-37,1146,50.73,35.89,32,58138,58648
[Recv] <<< 23:c9:cc:4b:a0:3a,28679,-31,1147,50.77,35.88,99,58237,58747
[Recv] <<< 23:c9:cc:4b:a0:3a,28680,-30,1148,50.76,35.88,30,58267,58777
[Recv] <<< 23:c9:cc:4b:a0:3a,28681,-31,1149,50.74,35.88,35,58302,58812
[Recv] <<< 23:c9:cc:4b:a0:3a,28682,-30,1150,50.72,35.87,29,58331,58841
[Recv] <<< 23:c9:cc:4b:a0:3a,28683,-30,1151,50.71,35.87,37,58368,58878
[Recv] <<< 23:c9:cc:4b:a0:3a,28684,-31,1152,50.69,35.87,26,58394,58904
[Recv] <<< 23:c9:cc:4b:a0:3a,28685,-31,1153,50.68,35.87,45,58439,58949
[Recv] <<< 23:c9:cc:4b:a0:3a,28686,-31,1154,50.67,35.87,34,58473,58983
[Recv] <<< 23:c9:cc:4b:a0:3a,28687,-31,1155,50.66,35.88,40,58513,59023
[Recv] <<< 23:c9:cc:4b:a0:3a,28688,-31,1156,50.64,35.87,30,58543,59053
[Recv] <<< 23:c9:cc:4b:a0:3a,28689,-31,1157,50.63,35.87,37,58580,59090
[Recv] <<< 23:c9:cc:4b:a0:3a,28690,-31,1158,50.61,35.87,26,58606,59116
[Recv] <<< 23:c9:cc:4b:a0:3a,28691,-31,1159,50.60,35.87,40,58646,59156
[Recv] <<< 23:c9:cc:4b:a0:3a,28692,-31,1160,50.58,35.86,26,58672,59182
[Recv] <<< 23:c9:cc:4b:a0:3a,28693,-31,1161,50.57,35.86,36,58708,59218
[Recv] <<< 23:c9:cc:4b:a0:3a,28694,-31,1162,50.55,35.86,33,58741,59251
[Recv] <<< 23:c9:cc:4b:a0:3a,28695,-31,1163,50.53,35.86,31,58772,59282
[Recv] <<< 23:c9:cc:4b:a0:3a,28696,-28,1164,50.52,35.86,31,58803,59313
[Recv] <<< 23:c9:cc:4b:a0:3a,28697,-28,1165,50.50,35.85,30,58833,59343
[Recv] <<< 23:c9:cc:4b:a0:3a,28698,-28,1166,50.48,35.85,28,58861,59371
[Recv] <<< 23:c9:cc:4b:a0:3a,28700,-27,1167,50.50,35.85,69,58930,59440
[Recv] <<< 23:c9:cc:4b:a0:3a,28701,-28,1168,50.48,35.84,34,58964,59474
[Recv] <<< 23:c9:cc:4b:a0:3a,28703,-28,1169,50.50,35.84,70,59034,59544
[Recv] <<< 23:c9:cc:4b:a0:3a,28705,-37,1170,50.51,35.84,64,59098,59608
[Recv] <<< 23:c9:cc:4b:a0:3a,28706,-37,1171,50.49,35.83,28,59126,59636
[Recv] <<< 23:c9:cc:4b:a0:3a,28707,-37,1172,50.48,35.84,39,59165,59675
[Recv] <<< 23:c9:cc:4b:a0:3a,28710,-31,1173,50.51,35.82,89,59254,59764
[Recv] <<< 23:c9:cc:4b:a0:3a,28711,-31,1174,50.50,35.82,30,59284,59794
[Recv] <<< 23:c9:cc:4b:a0:3a,28712,-31,1175,50.48,35.82,35,59319,59829
[Recv] <<< 23:c9:cc:4b:a0:3a,28713,-31,1176,50.47,35.82,32,59351,59861
[Recv] <<< 23:c9:cc:4b:a0:3a,28714,-31,1177,50.46,35.82,38,59389,59899
[Recv] <<< 23:c9:cc:4b:a0:3a,28715,-31,1178,50.44,35.82,31,59420,59930
[Recv] <<< 23:c9:cc:4b:a0:3a,28716,-31,1179,50.42,35.81,31,59451,59961
[Recv] <<< 23:c9:cc:4b:a0:3a,28717,-31,1180,50.41,35.81,33,59484,59994
[Recv] <<< 23:c9:cc:4b:a0:3a,28718,-31,1181,50.40,35.81,34,59518,60028
[Recv] <<< 23:c9:cc:4b:a0:3a,28722,-28,1182,50.46,35.80,128,59646,60156
[Recv] <<< 23:c9:cc:4b:a0:3a,28723,-31,1183,50.45,35.80,37,59683,60193
[Recv] <<< 23:c9:cc:4b:a0:3a,28724,-31,1184,50.44,35.81,41,59724,60234
[Recv] <<< 23:c9:cc:4b:a0:3a,28725,-37,1185,50.43,35.80,33,59757,60267
[Recv] <<< 23:c9:cc:4b:a0:3a,28726,-37,1186,50.41,35.80,35,59792,60302
[Recv] <<< 23:c9:cc:4b:a0:3a,28728,-31,1187,50.42,35.80,59,59851,60361
[Recv] <<< 23:c9:cc:4b:a0:3a,28729,-37,1188,50.41,35.80,41,59892,60402
[Recv] <<< 23:c9:cc:4b:a0:3a,28730,-37,1189,50.40,35.80,37,59929,60439
[Recv] <<< 23:c9:cc:4b:a0:3a,28731,-37,1190,50.39,35.80,34,59963,60473
[Recv] <<< 23:c9:cc:4b:a0:3a,28732,-37,1191,50.38,35.80,38,60001,60511
[Recv] <<< 23:c9:cc:4b:a0:3a,28733,-37,1192,50.36,35.79,27,60028,60538
[Recv] <<< 23:c9:cc:4b:a0:3a,28734,-37,1193,50.34,35.79,33,60061,60571
[Recv] <<< 23:c9:cc:4b:a0:3a,28736,-31,1194,50.36,35.79,67,60128,60638
[Recv] <<< 23:c9:cc:4b:a0:3a,28737,-30,1195,50.35,35.79,35,60163,60673
[Recv] <<< 23:c9:cc:4b:a0:3a,28738,-31,1196,50.33,35.79,32,60195,60705
[Recv] <<< 23:c9:cc:4b:a0:3a,28740,-28,1197,50.34,35.78,62,60257,60767
[Recv] <<< 23:c9:cc:4b:a0:3a,28741,-28,1198,50.33,35.78,33,60290,60800
[Recv] <<< 23:c9:cc:4b:a0:3a,28742,-28,1199,50.31,35.78,28,60318,60828
[Recv] <<< 23:c9:cc:4b:a0:3a,28744,-28,1200,50.33,35.78,76,60394,60904
[Recv] <<< 23:c9:cc:4b:a0:3a,28745,-28,1201,50.31,35.78,31,60425,60935
[Recv] <<< 23:c9:cc:4b:a0:3a,28746,-28,1202,50.30,35.78,37,60462,60972
[Recv] <<< 23:c9:cc:4b:a0:3a,28748,-28,1203,50.31,35.77,64,60526,61036
[Recv] <<< 23:c9:cc:4b:a0:3a,28749,-28,1204,50.30,35.77,32,60558,61068
[Recv] <<< 23:c9:cc:4b:a0:3a,28750,-28,1205,50.29,35.77,38,60596,61106
[Recv] <<< 23:c9:cc:4b:a0:3a,28753,-28,1206,50.33,35.77,103,60699,61209
[Recv] <<< 23:c9:cc:4b:a0:3a,28754,-28,1207,50.32,35.77,41,60740,61250
[Recv] <<< 23:c9:cc:4b:a0:3a,28756,-28,1208,50.34,35.77,68,60808,61318
[Recv] <<< 23:c9:cc:4b:a0:3a,28757,-28,1209,50.32,35.77,30,60838,61348
[Recv] <<< 23:c9:cc:4b:a0:3a,28758,-28,1210,50.31,35.77,40,60878,61388
[Recv] <<< 23:c9:cc:4b:a0:3a,28759,-31,1211,50.30,35.77,35,60913,61423
[Recv] <<< 23:c9:cc:4b:a0:3a,28760,-31,1212,50.29,35.77,42,60955,61465
[Recv] <<< 23:c9:cc:4b:a0:3a,28762,-31,1213,50.31,35.77,68,61023,61533
[Recv] <<< 23:c9:cc:4b:a0:3a,28763,-31,1214,50.30,35.78,45,61068,61578
[Recv] <<< 23:c9:cc:4b:a0:3a,28764,-31,1215,50.29,35.77,31,61099,61609
[Recv] <<< 23:c9:cc:4b:a0:3a,28765,-31,1216,50.27,35.77,31,61130,61640
[Recv] <<< 23:c9:cc:4b:a0:3a,28767,-28,1217,50.28,35.76,62,61192,61702
[Recv] <<< 23:c9:cc:4b:a0:3a,28768,-28,1218,50.27,35.76,35,61227,61737
[Recv] <<< 23:c9:cc:4b:a0:3a,28769,-28,1219,50.25,35.76,27,61254,61764
[Recv] <<< 23:c9:cc:4b:a0:3a,28770,-28,1220,50.24,35.76,33,61287,61797
[Recv] <<< 23:c9:cc:4b:a0:3a,28771,-28,1221,50.22,35.76,33,61320,61830
[Recv] <<< 23:c9:cc:4b:a0:3a,28772,-28,1222,50.21,35.76,36,61356,61866
[Recv] <<< 23:c9:cc:4b:a0:3a,28773,-28,1223,50.19,35.75,27,61383,61893
[Recv] <<< 23:c9:cc:4b:a0:3a,28774,-28,1224,50.18,35.75,33,61416,61926
[Recv] <<< 23:c9:cc:4b:a0:3a,28775,-31,1225,50.17,35.75,46,61462,61972
[Recv] <<< 23:c9:cc:4b:a0:3a,28777,-31,1226,50.19,35.75,71,61533,62043
[Recv] <<< 23:c9:cc:4b:a0:3a,28778,-31,1227,50.18,35.75,36,61569,62079
[Recv] <<< 23:c9:cc:4b:a0:3a,28779,-31,1228,50.17,35.75,36,61605,62115
[Recv] <<< 23:c9:cc:4b:a0:3a,28782,-37,1229,50.21,35.75,99,61704,62214
[Recv] <<< 23:c9:cc:4b:a0:3a,28783,-37,1230,50.20,35.75,42,61746,62256
[Recv] <<< 23:c9:cc:4b:a0:3a,28784,-37,1231,50.18,35.75,27,61773,62283
[Recv] <<< 23:c9:cc:4b:a0:3a,28785,-37,1232,50.17,35.75,35,61808,62318
[Recv] <<< 23:c9:cc:4b:a0:3a,28787,-37,1233,50.18,35.74,65,61873,62383
[Recv] <<< 23:c9:cc:4b:a0:3a,28788,-37,1234,50.17,35.74,35,61908,62418
[Recv] <<< 23:c9:cc:4b:a0:3a,28789,-37,1235,50.16,35.74,37,61945,62455
[Recv] <<< 23:c9:cc:4b:a0:3a,28790,-37,1236,50.15,35.74,35,61980,62490
[Recv] <<< 23:c9:cc:4b:a0:3a,28792,-37,1237,50.16,35.74,67,62047,62557
[Recv] <<< 23:c9:cc:4b:a0:3a,28793,-37,1238,50.15,35.74,36,62083,62593
[Recv] <<< 23:c9:cc:4b:a0:3a,28794,-28,1239,50.14,35.75,43,62126,62636
[Recv] <<< 23:c9:cc:4b:a0:3a,28795,-28,1240,50.13,35.75,35,62161,62671
[Recv] <<< 23:c9:cc:4b:a0:3a,28796,-37,1241,50.11,35.74,25,62186,62696
[Recv] <<< 23:c9:cc:4b:a0:3a,28797,-37,1242,50.10,35.74,39,62225,62735
[Recv] <<< 23:c9:cc:4b:a0:3a,28798,-28,1243,50.09,35.75,43,62268,62778
[Recv] <<< 23:c9:cc:4b:a0:3a,28800,-37,1244,50.10,35.74,61,62329,62839
[Recv] <<< 23:c9:cc:4b:a0:3a,28801,-37,1245,50.09,35.74,30,62359,62869
[Recv] <<< 23:c9:cc:4b:a0:3a,28802,-37,1246,50.08,35.74,36,62395,62905
[Recv] <<< 23:c9:cc:4b:a0:3a,28803,-37,1247,50.06,35.74,36,62431,62941
[Recv] <<< 23:c9:cc:4b:a0:3a,28804,-37,1248,50.05,35.74,35,62466,62976
[Recv] <<< 23:c9:cc:4b:a0:3a,28805,-37,1249,50.04,35.73,34,62500,63010
[Recv] <<< 23:c9:cc:4b:a0:3a,28806,-37,1250,50.03,35.73,32,62532,63042
[Recv] <<< 23:c9:cc:4b:a0:3a,28807,-37,1251,50.01,35.73,29,62561,63071
[Recv] <<< 23:c9:cc:4b:a0:3a,28808,-37,1252,50.00,35.73,35,62596,63106
[Recv] <<< 23:c9:cc:4b:a0:3a,28809,-37,1253,49.98,35.73,33,62629,63139
[Recv] <<< 23:c9:cc:4b:a0:3a,28810,-37,1254,49.97,35.73,36,62665,63175
[Recv] <<< 23:c9:cc:4b:a0:3a,28811,-37,1255,49.96,35.72,29,62694,63204
[Recv] <<< 23:c9:cc:4b:a0:3a,28812,-37,1256,49.94,35.72,30,62724,63234
[Recv] <<< 23:c9:cc:4b:a0:3a,28813,-37,1257,49.93,35.72,38,62762,63272
[Recv] <<< 23:c9:cc:4b:a0:3a,28814,-37,1258,49.92,35.72,36,62798,63308
[Recv] <<< 23:c9:cc:4b:a0:3a,28815,-37,1259,49.90,35.72,26,62824,63334
[Recv] <<< 23:c9:cc:4b:a0:3a,28817,-31,1260,49.91,35.71,65,62889,63399
[Recv] <<< 23:c9:cc:4b:a0:3a,28818,-31,1261,49.90,35.71,39,62928,63438
[Recv] <<< 23:c9:cc:4b:a0:3a,28820,-31,1262,49.92,35.71,71,62999,63509
[Recv] <<< 23:c9:cc:4b:a0:3a,28821,-31,1263,49.90,35.71,30,63029,63539
[Recv] <<< 23:c9:cc:4b:a0:3a,28823,-31,1264,49.92,35.71,69,63098,63608
[Recv] <<< 23:c9:cc:4b:a0:3a,28824,-31,1265,49.90,35.71,29,63127,63637
[Recv] <<< 23:c9:cc:4b:a0:3a,28825,-31,1266,49.89,35.71,37,63164,63674
[Recv] <<< 23:c9:cc:4b:a0:3a,28826,-37,1267,49.89,35.71,44,63208,63718
[Recv] <<< 23:c9:cc:4b:a0:3a,28827,-37,1268,49.87,35.71,33,63241,63751
[Recv] <<< 23:c9:cc:4b:a0:3a,28828,-37,1269,49.87,35.71,42,63283,63793
[Recv] <<< 23:c9:cc:4b:a0:3a,28829,-37,1270,49.85,35.71,27,63310,63820
[Recv] <<< 23:c9:cc:4b:a0:3a,28830,-37,1271,49.84,35.71,35,63345,63855
[Recv] <<< 23:c9:cc:4b:a0:3a,28832,-37,1272,49.85,35.70,65,63410,63920
[Recv] <<< 23:c9:cc:4b:a0:3a,28833,-31,1273,49.84,35.70,34,63444,63954
[Recv] <<< 23:c9:cc:4b:a0:3a,28834,-37,1274,49.82,35.70,33,63477,63987
[Recv] <<< 23:c9:cc:4b:a0:3a,28836,-37,1275,49.84,35.70,70,63547,64057
[Recv] <<< 23:c9:cc:4b:a0:3a,28837,-37,1276,49.83,35.70,37,63584,64094
[Recv] <<< 23:c9:cc:4b:a0:3a,28839,-31,1277,49.84,35.70,63,63647,64157
[Recv] <<< 23:c9:cc:4b:a0:3a,28840,-30,1278,49.83,35.69,31,63678,64188
[Recv] <<< 23:c9:cc:4b:a0:3a,28841,-28,1279,49.81,35.69,27,63705,64215
[Recv] <<< 23:c9:cc:4b:a0:3a,28842,-28,1280,49.80,35.69,33,63738,64248
[Recv] <<< 23:c9:cc:4b:a0:3a,28843,-27,1281,49.78,35.68,29,63767,64277
[Recv] <<< 23:c9:cc:4b:a0:3a,28844,-28,1282,49.77,35.69,38,63805,64315
[Recv] <<< 23:c9:cc:4b:a0:3a,28845,-28,1283,49.76,35.68,32,63837,64347
[Recv] <<< 23:c9:cc:4b:a0:3a,28846,-28,1284,49.74,35.68,34,63871,64381
[Recv] <<< 23:c9:cc:4b:a0:3a,28848,-37,1285,49.76,35.68,67,63938,64448
[Recv] <<< 23:c9:cc:4b:a0:3a,28849,-37,1286,49.74,35.68,28,63966,64476
[Recv] <<< 23:c9:cc:4b:a0:3a,28850,-37,1287,49.73,35.67,33,63999,64509
[Recv] <<< 23:c9:cc:4b:a0:3a,28851,-37,1288,49.71,35.67,32,64031,64541
[Recv] <<< 23:c9:cc:4b:a0:3a,28852,-37,1289,49.70,35.67,34,64065,64575
[Recv] <<< 23:c9:cc:4b:a0:3a,28854,-37,1290,49.72,35.67,73,64138,64648
[Recv] <<< 23:c9:cc:4b:a0:3a,28857,-37,1291,49.76,35.67,107,64245,64755
[Recv] <<< 23:c9:cc:4b:a0:3a,28861,-28,1292,49.84,35.67,143,64388,64898
[Recv] <<< 23:c9:cc:4b:a0:3a,28862,-28,1293,49.83,35.67,39,64427,64937
[Recv] <<< 23:c9:cc:4b:a0:3a,28863,-28,1294,49.81,35.67,29,64456,64966
[Recv] <<< 23:c9:cc:4b:a0:3a,28866,-28,1295,49.86,35.67,107,64563,65073
[Recv] <<< 23:c9:cc:4b:a0:3a,28870,-28,1296,49.92,35.67,136,64699,65209
[Recv] <<< 23:c9:cc:4b:a0:3a,28872,-31,1297,49.94,35.67,77,64776,65286
[Recv] <<< 23:c9:cc:4b:a0:3a,28873,-31,1298,49.93,35.67,33,64809,65319
[Recv] <<< 23:c9:cc:4b:a0:3a,28874,-31,1299,49.92,35.67,36,64845,65355
[Recv] <<< 23:c9:cc:4b:a0:3a,28875,-37,1300,49.91,35.67,42,64887,65397
[Recv] <<< 23:c9:cc:4b:a0:3a,28876,-37,1301,49.90,35.67,37,64924,65434
[Recv] <<< 23:c9:cc:4b:a0:3a,28879,-37,1302,49.94,35.67,98,65022,65532
[Recv] <<< 23:c9:cc:4b:a0:3a,28880,-37,1303,49.92,35.66,30,65052,65562
[Recv] <<< 23:c9:cc:4b:a0:3a,28881,-37,1304,49.91,35.66,31,65083,65593
[Recv] <<< 23:c9:cc:4b:a0:3a,28883,-37,1305,49.92,35.66,67,65150,65660
[Recv] <<< 23:c9:cc:4b:a0:3a,28884,-31,1306,49.91,35.66,33,65183,65693
[Recv] <<< 23:c9:cc:4b:a0:3a,28885,-31,1307,49.90,35.66,31,65214,65724
[Recv] <<< 23:c9:cc:4b:a0:3a,28886,-37,1308,49.89,35.66,38,65252,65762
[Recv] <<< 23:c9:cc:4b:a0:3a,28893,-28,1309,50.05,35.66,259,65511,66021
[Recv] <<< 23:c9:cc:4b:a0:3a,28894,-28,1310,50.03,35.66,30,65541,66051
[Recv] <<< 23:c9:cc:4b:a0:3a,28898,-37,1311,50.10,35.66,137,65678,66188
[Recv] <<< 23:c9:cc:4b:a0:3a,28899,-37,1312,50.09,35.66,37,65715,66225
[Recv] <<< 23:c9:cc:4b:a0:3a,28900,-37,1313,50.07,35.65,27,65742,66252
[Recv] <<< 23:c9:cc:4b:a0:3a,28901,-37,1314,50.06,35.65,35,65777,66287
[Recv] <<< 23:c9:cc:4b:a0:3a,28903,-28,1315,50.09,35.66,87,65864,66374
[Recv] <<< 23:c9:cc:4b:a0:3a,28909,-37,1316,50.19,35.65,192,66056,66566
[Recv] <<< 23:c9:cc:4b:a0:3a,28910,-37,1317,50.18,35.65,35,66091,66601
[Recv] <<< 23:c9:cc:4b:a0:3a,28911,-28,1318,50.17,35.65,39,66130,66640
[Recv] <<< 23:c9:cc:4b:a0:3a,28912,-28,1319,50.16,35.64,27,66157,66667
[Recv] <<< 23:c9:cc:4b:a0:3a,28913,-37,1320,50.15,35.65,37,66194,66704
[Recv] <<< 23:c9:cc:4b:a0:3a,28914,-37,1321,50.14,35.65,37,66231,66741
[Recv] <<< 23:c9:cc:4b:a0:3a,28916,-28,1322,50.16,35.65,76,66307,66817
[Recv] <<< 23:c9:cc:4b:a0:3a,28918,-28,1323,50.17,35.65,73,66380,66890
[Recv] <<< 23:c9:cc:4b:a0:3a,28919,-28,1324,50.16,35.65,37,66417,66927
[Recv] <<< 23:c9:cc:4b:a0:3a,28920,-28,1325,50.15,35.65,27,66444,66954
[Recv] <<< 23:c9:cc:4b:a0:3a,28921,-28,1326,50.13,35.64,30,66474,66984
[Recv] <<< 23:c9:cc:4b:a0:3a,28922,-28,1327,50.12,35.64,38,66512,67022
[Recv] <<< 23:c9:cc:4b:a0:3a,28923,-28,1328,50.11,35.64,31,66543,67053
[Recv] <<< 23:c9:cc:4b:a0:3a,28924,-28,1329,50.10,35.64,35,66578,67088
[Recv] <<< 23:c9:cc:4b:a0:3a,28926,-31,1330,50.12,35.65,82,66660,67170
[Recv] <<< 23:c9:cc:4b:a0:3a,28927,-31,1331,50.11,35.65,33,66693,67203
[Recv] <<< 23:c9:cc:4b:a0:3a,28928,-31,1332,50.10,35.65,41,66734,67244
[Recv] <<< 23:c9:cc:4b:a0:3a,28930,-37,1333,50.12,35.65,72,66806,67316
[Recv] <<< 23:c9:cc:4b:a0:3a,28931,-37,1334,50.11,35.65,41,66847,67357
[Recv] <<< 23:c9:cc:4b:a0:3a,28932,-37,1335,50.10,35.65,34,66881,67391
[Recv] <<< 23:c9:cc:4b:a0:3a,28933,-37,1336,50.08,35.65,28,66909,67419
[Recv] <<< 23:c9:cc:4b:a0:3a,28935,-28,1337,50.11,35.66,89,66998,67508
[Recv] <<< 23:c9:cc:4b:a0:3a,28937,-28,1338,50.13,35.66,73,67071,67581
[Recv] <<< 23:c9:cc:4b:a0:3a,28939,-30,1339,50.14,35.66,70,67141,67651
[Recv] <<< 23:c9:cc:4b:a0:3a,28943,-31,1340,50.20,35.65,129,67270,67780
[Recv] <<< 23:c9:cc:4b:a0:3a,28944,-28,1341,50.19,35.65,35,67305,67815
[Recv] <<< 23:c9:cc:4b:a0:3a,28945,-31,1342,50.18,35.65,37,67342,67852
[Recv] <<< 23:c9:cc:4b:a0:3a,28947,-31,1343,50.20,35.65,72,67414,67924
[Recv] <<< 23:c9:cc:4b:a0:3a,28948,-31,1344,50.18,35.65,32,67446,67956
[Recv] <<< 23:c9:cc:4b:a0:3a,28950,-31,1345,50.20,35.65,74,67520,68030
[Recv] <<< 23:c9:cc:4b:a0:3a,28952,-28,1346,50.21,35.64,60,67580,68090
[Recv] <<< 23:c9:cc:4b:a0:3a,28953,-31,1347,50.20,35.64,37,67617,68127
[Recv] <<< 23:c9:cc:4b:a0:3a,28954,-31,1348,50.18,35.64,32,67649,68159
[Recv] <<< 23:c9:cc:4b:a0:3a,28955,-28,1349,50.17,35.64,34,67683,68193
[Recv] <<< 23:c9:cc:4b:a0:3a,28956,-37,1350,50.17,35.65,49,67732,68242
[Recv] <<< 23:c9:cc:4b:a0:3a,28957,-37,1351,50.16,35.65,38,67770,68280
[Recv] <<< 23:c9:cc:4b:a0:3a,28958,-37,1352,50.15,35.65,34,67804,68314
[Recv] <<< 23:c9:cc:4b:a0:3a,28959,-37,1353,50.13,35.64,26,67830,68340
[Recv] <<< 23:c9:cc:4b:a0:3a,28960,-37,1354,50.13,35.65,41,67871,68381
[Recv] <<< 23:c9:cc:4b:a0:3a,28961,-37,1355,50.11,35.64,27,67898,68408
[Recv] <<< 23:c9:cc:4b:a0:3a,28962,-37,1356,50.10,35.64,40,67938,68448
[Recv] <<< 23:c9:cc:4b:a0:3a,28963,-28,1357,50.09,35.64,34,67972,68482
[Recv] <<< 23:c9:cc:4b:a0:3a,28964,-28,1358,50.09,35.65,46,68018,68528
[Recv] <<< 23:c9:cc:4b:a0:3a,28965,-28,1359,50.07,35.65,30,68048,68558
[Recv] <<< 23:c9:cc:4b:a0:3a,28966,-28,1360,50.06,35.65,36,68084,68594
[Recv] <<< 23:c9:cc:4b:a0:3a,28967,-31,1361,50.06,35.65,51,68135,68645
[Recv] <<< 23:c9:cc:4b:a0:3a,28969,-31,1362,50.07,35.65,66,68201,68711
[Recv] <<< 23:c9:cc:4b:a0:3a,28970,-31,1363,50.06,35.65,31,68232,68742
[Recv] <<< 23:c9:cc:4b:a0:3a,28971,-31,1364,50.05,35.65,32,68264,68774
[Recv] <<< 23:c9:cc:4b:a0:3a,28972,-31,1365,50.04,35.65,41,68305,68815
[Recv] <<< 23:c9:cc:4b:a0:3a,28973,-31,1366,50.03,35.65,34,68339,68849
[Recv] <<< 23:c9:cc:4b:a0:3a,28974,-31,1367,50.02,35.65,33,68372,68882
[Recv] <<< 23:c9:cc:4b:a0:3a,28975,-31,1368,50.01,35.65,37,68409,68919
[Recv] <<< 23:c9:cc:4b:a0:3a,28977,-31,1369,50.01,35.64,59,68468,68978
[Recv] <<< 23:c9:cc:4b:a0:3a,28978,-31,1370,50.00,35.64,37,68505,69015
[Recv] <<< 23:c9:cc:4b:a0:3a,28979,-31,1371,49.99,35.64,30,68535,69045
[Recv] <<< 23:c9:cc:4b:a0:3a,28982,-27,1372,50.02,35.63,96,68631,69141
[Recv] <<< 23:c9:cc:4b:a0:3a,28983,-28,1373,50.01,35.63,32,68663,69173
[Recv] <<< 23:c9:cc:4b:a0:3a,28984,-28,1374,50.00,35.63,35,68698,69208
[Recv] <<< 23:c9:cc:4b:a0:3a,28985,-28,1375,49.99,35.63,33,68731,69241
[Recv] <<< 23:c9:cc:4b:a0:3a,28987,-37,1376,50.00,35.63,70,68801,69311
[Recv] <<< 23:c9:cc:4b:a0:3a,28988,-37,1377,49.99,35.63,32,68833,69343
[Recv] <<< 23:c9:cc:4b:a0:3a,28989,-37,1378,49.97,35.63,31,68864,69374
[Recv] <<< 23:c9:cc:4b:a0:3a,28994,-31,1379,50.06,35.62,162,69026,69536
[Recv] <<< 23:c9:cc:4b:a0:3a,28995,-31,1380,50.05,35.62,40,69066,69576
[Recv] <<< 23:c9:cc:4b:a0:3a,28996,-31,1381,50.03,35.61,27,69093,69603
[Recv] <<< 23:c9:cc:4b:a0:3a,28997,-31,1382,50.02,35.61,34,69127,69637
[Recv] <<< 23:c9:cc:4b:a0:3a,28998,-31,1383,50.01,35.61,32,69159,69669
[Recv] <<< 23:c9:cc:4b:a0:3a,29001,-28,1384,50.04,35.61,101,69260,69770
[Recv] <<< 23:c9:cc:4b:a0:3a,29002,-28,1385,50.03,35.61,29,69289,69799
[Recv] <<< 23:c9:cc:4b:a0:3a,29003,-37,1386,50.02,35.60,33,69322,69832
[Recv] <<< 23:c9:cc:4b:a0:3a,29004,-37,1387,50.00,35.60,29,69351,69861
[Recv] <<< 23:c9:cc:4b:a0:3a,29005,-37,1388,49.99,35.60,30,69381,69891
[Recv] <<< 23:c9:cc:4b:a0:3a,29007,-31,1389,50.00,35.60,68,69449,69959
[Recv] <<< 23:c9:cc:4b:a0:3a,29008,-31,1390,49.98,35.59,30,69479,69989
[Recv] <<< 23:c9:cc:4b:a0:3a,29010,-28,1391,49.99,35.59,63,69542,70052
[Recv] <<< 23:c9:cc:4b:a0:3a,29011,-31,1392,49.99,35.59,38,69580,70090
[Recv] <<< 23:c9:cc:4b:a0:3a,29013,-28,1393,50.00,35.59,64,69644,70154
[Recv] <<< 23:c9:cc:4b:a0:3a,29014,-28,1394,49.98,35.58,29,69673,70183
[Recv] <<< 23:c9:cc:4b:a0:3a,29015,-28,1395,49.97,35.58,38,69711,70221
[Recv] <<< 23:c9:cc:4b:a0:3a,29016,-28,1396,49.96,35.58,30,69741,70251
[Recv] <<< 23:c9:cc:4b:a0:3a,29017,-28,1397,49.95,35.58,37,69778,70288
[Recv] <<< 23:c9:cc:4b:a0:3a,29018,-28,1398,49.94,35.58,36,69814,70324
[Recv] <<< 23:c9:cc:4b:a0:3a,29019,-28,1399,49.92,35.58,31,69845,70355
[Recv] <<< 23:c9:cc:4b:a0:3a,29020,-28,1400,49.92,35.58,42,69887,70397
[Recv] <<< 23:c9:cc:4b:a0:3a,29021,-31,1401,49.91,35.58,36,69923,70433
[Recv] <<< 23:c9:cc:4b:a0:3a,29022,-31,1402,49.90,35.59,41,69964,70474
[Recv] <<< 23:c9:cc:4b:a0:3a,29023,-31,1403,49.90,35.59,39,70003,70513
[Recv] <<< 23:c9:cc:4b:a0:3a,29024,-31,1404,49.88,35.59,32,70035,70545
[Recv] <<< 23:c9:cc:4b:a0:3a,29026,-28,1405,49.89,35.58,57,70092,70602
[Recv] <<< 23:c9:cc:4b:a0:3a,29027,-28,1406,49.88,35.58,37,70129,70639
[Recv] <<< 23:c9:cc:4b:a0:3a,29028,-28,1407,49.86,35.58,28,70157,70667
[Recv] <<< 23:c9:cc:4b:a0:3a,29029,-28,1408,49.85,35.58,36,70193,70703
[Recv] <<< 23:c9:cc:4b:a0:3a,29030,-28,1409,49.85,35.58,41,70234,70744
[Recv] <<< 23:c9:cc:4b:a0:3a,29031,-28,1410,49.83,35.58,28,70262,70772
[Recv] <<< 23:c9:cc:4b:a0:3a,29033,-28,1411,49.84,35.57,68,70330,70840
[Recv] <<< 23:c9:cc:4b:a0:3a,29034,-28,1412,49.83,35.57,37,70367,70877
[Recv] <<< 23:c9:cc:4b:a0:3a,29036,-37,1413,49.85,35.57,65,70432,70942
[Recv] <<< 23:c9:cc:4b:a0:3a,29038,-28,1414,49.86,35.57,77,70509,71019
[Recv] <<< 23:c9:cc:4b:a0:3a,29041,-28,1415,49.90,35.57,100,70609,71119
[Recv] <<< 23:c9:cc:4b:a0:3a,29043,-28,1416,49.91,35.57,66,70675,71185
[Recv] <<< 23:c9:cc:4b:a0:3a,29044,-28,1417,49.90,35.57,31,70706,71216
[Recv] <<< 23:c9:cc:4b:a0:3a,29045,-28,1418,49.89,35.57,34,70740,71250
[Recv] <<< 23:c9:cc:4b:a0:3a,29046,-28,1419,49.88,35.56,33,70773,71283
[Recv] <<< 23:c9:cc:4b:a0:3a,29047,-28,1420,49.86,35.56,34,70807,71317
[Recv] <<< 23:c9:cc:4b:a0:3a,29048,-28,1421,49.86,35.56,37,70844,71354
[Recv] <<< 23:c9:cc:4b:a0:3a,29050,-37,1422,49.86,35.56,64,70908,71418
[Recv] <<< 23:c9:cc:4b:a0:3a,29051,-37,1423,49.85,35.56,31,70939,71449
[Recv] <<< 23:c9:cc:4b:a0:3a,29053,-37,1424,49.86,35.56,68,71007,71517
[Recv] <<< 23:c9:cc:4b:a0:3a,29054,-37,1425,49.85,35.56,36,71043,71553
[Recv] <<< 23:c9:cc:4b:a0:3a,29055,-37,1426,49.85,35.56,39,71082,71592
[Recv] <<< 23:c9:cc:4b:a0:3a,29056,-37,1427,49.83,35.56,29,71111,71621
[Recv] <<< 23:c9:cc:4b:a0:3a,29057,-37,1428,49.83,35.56,44,71155,71665
[Recv] <<< 23:c9:cc:4b:a0:3a,29059,-37,1429,49.84,35.56,68,71223,71733
[Recv] <<< 23:c9:cc:4b:a0:3a,29060,-37,1430,49.82,35.55,26,71249,71759
[Recv] <<< 23:c9:cc:4b:a0:3a,29061,-37,1431,49.81,35.55,35,71284,71794
[Recv] <<< 23:c9:cc:4b:a0:3a,29062,-37,1432,49.80,35.55,32,71316,71826
[Recv] <<< 23:c9:cc:4b:a0:3a,29063,-37,1433,49.79,35.55,34,71350,71860
[Recv] <<< 23:c9:cc:4b:a0:3a,29064,-37,1434,49.78,35.55,33,71383,71893
[Recv] <<< 23:c9:cc:4b:a0:3a,29065,-37,1435,49.77,35.55,37,71420,71930
[Recv] <<< 23:c9:cc:4b:a0:3a,29066,-37,1436,49.76,35.55,32,71452,71962
[Recv] <<< 23:c9:cc:4b:a0:3a,29067,-37,1437,49.75,35.55,33,71485,71995
[Recv] <<< 23:c9:cc:4b:a0:3a,29069,-37,1438,49.76,35.54,67,71552,72062
[Recv] <<< 23:c9:cc:4b:a0:3a,29071,-30,1439,49.77,35.54,65,71617,72127
[Recv] <<< 23:c9:cc:4b:a0:3a,29072,-31,1440,49.75,35.54,30,71647,72157
[Recv] <<< 23:c9:cc:4b:a0:3a,29073,-31,1441,49.74,35.54,31,71678,72188
[Recv] <<< 23:c9:cc:4b:a0:3a,29075,-31,1442,49.76,35.54,75,71753,72263
[Recv] <<< 23:c9:cc:4b:a0:3a,29076,-31,1443,49.75,35.54,33,71786,72296
[Recv] <<< 23:c9:cc:4b:a0:3a,29077,-31,1444,49.74,35.54,34,71820,72330
[Recv] <<< 23:c9:cc:4b:a0:3a,29079,-31,1445,49.75,35.53,67,71887,72397
[Recv] <<< 23:c9:cc:4b:a0:3a,29080,-31,1446,49.74,35.53,33,71920,72430
[Recv] <<< 23:c9:cc:4b:a0:3a,29081,-28,1447,49.72,35.53,31,71951,72461
[Recv] <<< 23:c9:cc:4b:a0:3a,29085,-37,1448,49.80,35.54,157,72108,72618
[Recv] <<< 23:c9:cc:4b:a0:3a,29086,-37,1449,49.79,35.54,32,72140,72650
[Recv] <<< 23:c9:cc:4b:a0:3a,29087,-37,1450,49.77,35.53,29,72169,72679
[Recv] <<< 23:c9:cc:4b:a0:3a,29090,-31,1451,49.81,35.53,104,72273,72783
[Recv] <<< 23:c9:cc:4b:a0:3a,29091,-31,1452,49.80,35.53,34,72307,72817
[Recv] <<< 23:c9:cc:4b:a0:3a,29092,-31,1453,49.78,35.53,26,72333,72843
[Recv] <<< 23:c9:cc:4b:a0:3a,29093,-37,1454,49.78,35.53,43,72376,72886
[Recv] <<< 23:c9:cc:4b:a0:3a,29094,-37,1455,49.77,35.53,39,72415,72925
[Recv] <<< 23:c9:cc:4b:a0:3a,29096,-37,1456,49.78,35.53,68,72483,72993
[Recv] <<< 23:c9:cc:4b:a0:3a,29099,-37,1457,49.81,35.53,96,72579,73089
[Recv] <<< 23:c9:cc:4b:a0:3a,29100,-37,1458,49.80,35.53,35,72614,73124
[Recv] <<< 23:c9:cc:4b:a0:3a,29102,-31,1459,49.81,35.52,63,72677,73187
[Recv] <<< 23:c9:cc:4b:a0:3a,29103,-31,1460,49.80,35.52,31,72708,73218
[Recv] <<< 23:c9:cc:4b:a0:3a,29104,-31,1461,49.79,35.52,42,72750,73260
[Recv] <<< 23:c9:cc:4b:a0:3a,29108,-31,1462,49.86,35.52,139,72889,73399
[Recv] <<< 23:c9:cc:4b:a0:3a,29109,-31,1463,49.85,35.52,35,72924,73434
[Recv] <<< 23:c9:cc:4b:a0:3a,29110,-31,1464,49.83,35.52,34,72958,73468
[Recv] <<< 23:c9:cc:4b:a0:3a,29112,-31,1465,49.84,35.52,64,73022,73532
[Recv] <<< 23:c9:cc:4b:a0:3a,29113,-31,1466,49.83,35.52,34,73056,73566
[Recv] <<< 23:c9:cc:4b:a0:3a,29134,-31,1467,50.29,35.50,718,73774,74284
[Recv] <<< 23:c9:cc:4b:a0:3a,29141,-31,1468,50.42,35.50,236,74010,74520
[Recv] <<< 23:c9:cc:4b:a0:3a,29147,-28,1469,50.52,35.49,198,74208,74718
[Recv] <<< 23:c9:cc:4b:a0:3a,29148,-28,1470,50.51,35.49,35,74243,74753
[Recv] <<< 23:c9:cc:4b:a0:3a,29157,-37,1471,50.68,35.48,308,74551,75061
[Recv] <<< 23:c9:cc:4b:a0:3a,29158,-37,1472,50.67,35.48,32,74583,75093
[Recv] <<< 23:c9:cc:4b:a0:3a,29159,-37,1473,50.65,35.48,30,74613,75123
[Recv] <<< 23:c9:cc:4b:a0:3a,29161,-31,1474,50.66,35.48,63,74676,75186
[Recv] <<< 23:c9:cc:4b:a0:3a,29162,-31,1475,50.65,35.48,37,74713,75223
[Recv] <<< 23:c9:cc:4b:a0:3a,29164,-31,1476,50.66,35.47,67,74780,75290
[Recv] <<< 23:c9:cc:4b:a0:3a,29165,-31,1477,50.65,35.47,26,74806,75316
[Recv] <<< 23:c9:cc:4b:a0:3a,29166,-31,1478,50.63,35.47,31,74837,75347
[Recv] <<< 23:c9:cc:4b:a0:3a,29167,-31,1479,50.62,35.47,33,74870,75380
[Recv] <<< 23:c9:cc:4b:a0:3a,29168,-37,1480,50.62,35.47,51,74921,75431
[Recv] <<< 23:c9:cc:4b:a0:3a,29169,-37,1481,50.61,35.47,37,74958,75468
[Recv] <<< 23:c9:cc:4b:a0:3a,29171,-28,1482,50.63,35.47,71,75029,75539
[Recv] <<< 23:c9:cc:4b:a0:3a,29172,-28,1483,50.61,35.47,33,75062,75572
[Recv] <<< 23:c9:cc:4b:a0:3a,29173,-28,1484,50.60,35.47,32,75094,75604
[Recv] <<< 23:c9:cc:4b:a0:3a,29174,-28,1485,50.59,35.47,32,75126,75636
[Recv] <<< 23:c9:cc:4b:a0:3a,29175,-28,1486,50.58,35.47,32,75158,75668
[Recv] <<< 23:c9:cc:4b:a0:3a,29176,-28,1487,50.57,35.47,42,75200,75710
[Recv] <<< 23:c9:cc:4b:a0:3a,29177,-28,1488,50.56,35.47,26,75226,75736
[Recv] <<< 23:c9:cc:4b:a0:3a,29178,-31,1489,50.55,35.47,42,75268,75778
[Recv] <<< 23:c9:cc:4b:a0:3a,29179,-31,1490,50.54,35.47,35,75303,75813
[Recv] <<< 23:c9:cc:4b:a0:3a,29181,-28,1491,50.54,35.46,59,75362,75872
[Recv] <<< 23:c9:cc:4b:a0:3a,29182,-28,1492,50.54,35.47,37,75399,75909
[Recv] <<< 23:c9:cc:4b:a0:3a,29183,-28,1493,50.52,35.46,32,75431,75941
[Recv] <<< 23:c9:cc:4b:a0:3a,29185,-37,1494,50.54,35.46,69,75500,76010
[Recv] <<< 23:c9:cc:4b:a0:3a,29186,-37,1495,50.52,35.46,31,75531,76041
[Recv] <<< 23:c9:cc:4b:a0:3a,29187,-28,1496,50.51,35.46,38,75569,76079
[Recv] <<< 23:c9:cc:4b:a0:3a,29188,-28,1497,50.50,35.46,34,75603,76113
[Recv] <<< 23:c9:cc:4b:a0:3a,29189,-37,1498,50.49,35.46,29,75632,76142
[Recv] <<< 23:c9:cc:4b:a0:3a,29190,-37,1499,50.48,35.46,37,75669,76179
[Recv] <<< 23:c9:cc:4b:a0:3a,29191,-37,1500,50.46,35.46,28,75697,76207
[Recv] <<< 23:c9:cc:4b:a0:3a,29192,-37,1501,50.46,35.46,38,75735,76245
[Recv] <<< 23:c9:cc:4b:a0:3a,29194,-31,1502,50.46,35.45,61,75796,76306
[Recv] <<< 23:c9:cc:4b:a0:3a,29195,-31,1503,50.45,35.45,28,75824,76334
[Recv] <<< 23:c9:cc:4b:a0:3a,29196,-31,1504,50.44,35.45,37,75861,76371
[Recv] <<< 23:c9:cc:4b:a0:3a,29197,-31,1505,50.42,35.45,28,75889,76399
[Recv] <<< 23:c9:cc:4b:a0:3a,29198,-31,1506,50.42,35.45,40,75929,76439
[Recv] <<< 23:c9:cc:4b:a0:3a,29199,-31,1507,50.41,35.45,40,75969,76479
[Recv] <<< 23:c9:cc:4b:a0:3a,29200,-31,1508,50.39,35.45,26,75995,76505
[Recv] <<< 23:c9:cc:4b:a0:3a,29209,-37,1509,50.56,35.44,299,76294,76804
[Recv] <<< 23:c9:cc:4b:a0:3a,29210,-37,1510,50.55,35.44,38,76332,76842
[Recv] <<< 23:c9:cc:4b:a0:3a,29211,-37,1511,50.54,35.44,33,76365,76875
[Recv] <<< 23:c9:cc:4b:a0:3a,29220,-31,1512,50.71,35.43,305,76670,77180
[Recv] <<< 23:c9:cc:4b:a0:3a,29221,-31,1513,50.70,35.43,38,76708,77218
[Recv] <<< 23:c9:cc:4b:a0:3a,29222,-31,1514,50.69,35.43,36,76744,77254
[Recv] <<< 23:c9:cc:4b:a0:3a,29223,-31,1515,50.68,35.43,37,76781,77291
[Recv] <<< 23:c9:cc:4b:a0:3a,29224,-31,1516,50.67,35.43,34,76815,77325
[Recv] <<< 23:c9:cc:4b:a0:3a,29225,-31,1517,50.65,35.43,28,76843,77353
[Recv] <<< 23:c9:cc:4b:a0:3a,29227,-28,1518,50.66,35.42,61,76904,77414
[Recv] <<< 23:c9:cc:4b:a0:3a,29228,-28,1519,50.65,35.42,30,76934,77444
[Recv] <<< 23:c9:cc:4b:a0:3a,29229,-28,1520,50.64,35.42,38,76972,77482
[Recv] <<< 23:c9:cc:4b:a0:3a,29231,-28,1521,50.64,35.42,59,77031,77541
[Recv] <<< 23:c9:cc:4b:a0:3a,29233,-28,1522,50.66,35.42,73,77104,77614
[Recv] <<< 23:c9:cc:4b:a0:3a,29234,-28,1523,50.65,35.42,32,77136,77646
[Recv] <<< 23:c9:cc:4b:a0:3a,29235,-28,1524,50.63,35.41,31,77167,77677
[Recv] <<< 23:c9:cc:4b:a0:3a,29236,-28,1525,50.63,35.41,37,77204,77714
[Recv] <<< 23:c9:cc:4b:a0:3a,29237,-28,1526,50.61,35.41,31,77235,77745
[Recv] <<< 23:c9:cc:4b:a0:3a,29238,-28,1527,50.60,35.41,34,77269,77779
[Recv] <<< 23:c9:cc:4b:a0:3a,29242,-31,1528,50.67,35.42,155,77424,77934
[Recv] <<< 23:c9:cc:4b:a0:3a,29247,-28,1529,50.74,35.41,159,77583,78093
[Recv] <<< 23:c9:cc:4b:a0:3a,29248,-28,1530,50.73,35.41,35,77618,78128
[Recv] <<< 23:c9:cc:4b:a0:3a,29249,-28,1531,50.72,35.41,41,77659,78169
[Recv] <<< 23:c9:cc:4b:a0:3a,29250,-28,1532,50.71,35.41,30,77689,78199
[Recv] <<< 23:c9:cc:4b:a0:3a,29253,-37,1533,50.74,35.41,100,77789,78299
[Recv] <<< 23:c9:cc:4b:a0:3a,29254,-37,1534,50.73,35.40,27,77816,78326
[Recv] <<< 23:c9:cc:4b:a0:3a,29255,-37,1535,50.72,35.40,32,77848,78358
[Recv] <<< 23:c9:cc:4b:a0:3a,29256,-37,1536,50.70,35.40,34,77882,78392
[Recv] <<< 23:c9:cc:4b:a0:3a,29257,-37,1537,50.69,35.40,31,77913,78423
[Recv] <<< 23:c9:cc:4b:a0:3a,29258,-37,1538,50.68,35.40,33,77946,78456
[Recv] <<< 23:c9:cc:4b:a0:3a,29259,-37,1539,50.67,35.40,35,77981,78491
[Recv] <<< 23:c9:cc:4b:a0:3a,29260,-37,1540,50.66,35.40,39,78020,78530
[Recv] <<< 23:c9:cc:4b:a0:3a,29261,-28,1541,50.65,35.40,37,78057,78567
[Recv] <<< 23:c9:cc:4b:a0:3a,29262,-28,1542,50.64,35.40,37,78094,78604
[Recv] <<< 23:c9:cc:4b:a0:3a,29263,-31,1543,50.64,35.41,45,78139,78649
[Recv] <<< 23:c9:cc:4b:a0:3a,29264,-28,1544,50.62,35.40,25,78164,78674
[Recv] <<< 23:c9:cc:4b:a0:3a,29266,-28,1545,50.64,35.40,73,78237,78747
[Recv] <<< 23:c9:cc:4b:a0:3a,29267,-28,1546,50.63,35.40,33,78270,78780
[Recv] <<< 23:c9:cc:4b:a0:3a,29269,-28,1547,50.64,35.40,65,78335,78845
[Recv] <<< 23:c9:cc:4b:a0:3a,29270,-28,1548,50.62,35.40,30,78365,78875
[Recv] <<< 23:c9:cc:4b:a0:3a,29271,-28,1549,50.61,35.39,31,78396,78906
[Recv] <<< 23:c9:cc:4b:a0:3a,29272,-28,1550,50.60,35.39,34,78430,78940
[Recv] <<< 23:c9:cc:4b:a0:3a,29273,-28,1551,50.59,35.39,39,78469,78979
[Recv] <<< 23:c9:cc:4b:a0:3a,29278,-37,1552,50.66,35.38,154,78623,79133
[Recv] <<< 23:c9:cc:4b:a0:3a,29279,-37,1553,50.65,35.38,32,78655,79165
[Recv] <<< 23:c9:cc:4b:a0:3a,29281,-37,1554,50.66,35.38,66,78721,79231
[Recv] <<< 23:c9:cc:4b:a0:3a,29282,-37,1555,50.64,35.38,31,78752,79262
[Recv] <<< 23:c9:cc:4b:a0:3a,29283,-31,1556,50.63,35.38,30,78782,79292
[Recv] <<< 23:c9:cc:4b:a0:3a,29284,-31,1557,50.62,35.37,31,78813,79323
[Recv] <<< 23:c9:cc:4b:a0:3a,29285,-31,1558,50.61,35.37,36,78849,79359
[Recv] <<< 23:c9:cc:4b:a0:3a,29287,-31,1559,50.62,35.37,72,78921,79431
[Recv] <<< 23:c9:cc:4b:a0:3a,29288,-31,1560,50.61,35.37,23,78944,79454
[Recv] <<< 23:c9:cc:4b:a0:3a,29289,-31,1561,50.59,35.37,32,78976,79486
[Recv] <<< 23:c9:cc:4b:a0:3a,29290,-31,1562,50.58,35.37,32,79008,79518
[Recv] <<< 23:c9:cc:4b:a0:3a,29291,-31,1563,50.58,35.37,41,79049,79559
[Recv] <<< 23:c9:cc:4b:a0:3a,29292,-31,1564,50.56,35.36,27,79076,79586
[Recv] <<< 23:c9:cc:4b:a0:3a,29293,-31,1565,50.55,35.37,36,79112,79622
[Recv] <<< 23:c9:cc:4b:a0:3a,29296,-31,1566,50.59,35.37,106,79218,79728
[Recv] <<< 23:c9:cc:4b:a0:3a,29297,-31,1567,50.58,35.37,35,79253,79763
[Recv] <<< 23:c9:cc:4b:a0:3a,29298,-31,1568,50.56,35.36,29,79282,79792
[Recv] <<< 23:c9:cc:4b:a0:3a,29299,-31,1569,50.55,35.36,33,79315,79825
[Recv] <<< 23:c9:cc:4b:a0:3a,29300,-31,1570,50.54,35.36,31,79346,79856
[Recv] <<< 23:c9:cc:4b:a0:3a,29301,-28,1571,50.53,35.36,32,79378,79888
[Recv] <<< 23:c9:cc:4b:a0:3a,29302,-28,1572,50.51,35.36,30,79408,79918
[Recv] <<< 23:c9:cc:4b:a0:3a,29303,-28,1573,50.50,35.35,34,79442,79952
[Recv] <<< 23:c9:cc:4b:a0:3a,29304,-28,1574,50.49,35.35,34,79476,79986
[Recv] <<< 23:c9:cc:4b:a0:3a,29305,-28,1575,50.48,35.35,37,79513,80023
[Recv] <<< 23:c9:cc:4b:a0:3a,29306,-28,1576,50.47,35.35,31,79544,80054
[Recv] <<< 23:c9:cc:4b:a0:3a,29307,-28,1577,50.47,35.35,40,79584,80094
[Recv] <<< 23:c9:cc:4b:a0:3a,29308,-28,1578,50.45,35.35,26,79610,80120
[Recv] <<< 23:c9:cc:4b:a0:3a,29309,-28,1579,50.44,35.35,32,79642,80152
[Recv] <<< 23:c9:cc:4b:a0:3a,29310,-28,1580,50.43,35.35,31,79673,80183
[Recv] <<< 23:c9:cc:4b:a0:3a,29311,-28,1581,50.41,35.35,31,79704,80214
[Recv] <<< 23:c9:cc:4b:a0:3a,29312,-28,1582,50.40,35.35,35,79739,80249
[Recv] <<< 23:c9:cc:4b:a0:3a,29313,-37,1583,50.39,35.34,26,79765,80275
[Recv] <<< 23:c9:cc:4b:a0:3a,29314,-28,1584,50.38,35.34,43,79808,80318
[Recv] <<< 23:c9:cc:4b:a0:3a,29315,-28,1585,50.37,35.34,31,79839,80349
[Recv] <<< 23:c9:cc:4b:a0:3a,29316,-37,1586,50.36,35.34,30,79869,80379
[Recv] <<< 23:c9:cc:4b:a0:3a,29317,-37,1587,50.35,35.34,34,79903,80413
[Recv] <<< 23:c9:cc:4b:a0:3a,29320,-31,1588,50.38,35.34,97,80000,80510
[Recv] <<< 23:c9:cc:4b:a0:3a,29321,-31,1589,50.37,35.34,37,80037,80547
[Recv] <<< 23:c9:cc:4b:a0:3a,29322,-31,1590,50.36,35.34,37,80074,80584
[Recv] <<< 23:c9:cc:4b:a0:3a,29323,-28,1591,50.35,35.33,25,80099,80609
[Recv] <<< 23:c9:cc:4b:a0:3a,29326,-31,1592,50.38,35.33,106,80205,80715
[Recv] <<< 23:c9:cc:4b:a0:3a,29332,-28,1593,50.47,35.33,197,80402,80912
[Recv] <<< 23:c9:cc:4b:a0:3a,29333,-37,1594,50.46,35.33,35,80437,80947
[Recv] <<< 23:c9:cc:4b:a0:3a,29334,-37,1595,50.45,35.33,35,80472,80982
[Recv] <<< 23:c9:cc:4b:a0:3a,29335,-37,1596,50.44,35.32,31,80503,81013
[Recv] <<< 23:c9:cc:4b:a0:3a,29336,-37,1597,50.43,35.32,31,80534,81044
[Recv] <<< 23:c9:cc:4b:a0:3a,29337,-37,1598,50.42,35.32,37,80571,81081
[Recv] <<< 23:c9:cc:4b:a0:3a,29338,-37,1599,50.41,35.32,28,80599,81109
[Recv] <<< 23:c9:cc:4b:a0:3a,29339,-37,1600,50.40,35.32,40,80639,81149
[Recv] <<< 23:c9:cc:4b:a0:3a,29342,-37,1601,50.43,35.32,98,80737,81247
[Recv] <<< 23:c9:cc:4b:a0:3a,29343,-37,1602,50.42,35.32,31,80768,81278
[Recv] <<< 23:c9:cc:4b:a0:3a,29344,-37,1603,50.41,35.32,33,80801,81311
[Recv] <<< 23:c9:cc:4b:a0:3a,29345,-37,1604,50.40,35.31,33,80834,81344
[Recv] <<< 23:c9:cc:4b:a0:3a,29346,-37,1605,50.38,35.31,32,80866,81376
[Recv] <<< 23:c9:cc:4b:a0:3a,29347,-31,1606,50.37,35.31,31,80897,81407
[Recv] <<< 23:c9:cc:4b:a0:3a,29348,-31,1607,50.36,35.31,38,80935,81445
[Recv] <<< 23:c9:cc:4b:a0:3a,29349,-37,1608,50.36,35.31,38,80973,81483
[Recv] <<< 23:c9:cc:4b:a0:3a,29350,-37,1609,50.34,35.31,31,81004,81514
[Recv] <<< 23:c9:cc:4b:a0:3a,29351,-37,1610,50.33,35.31,31,81035,81545
[Recv] <<< 23:c9:cc:4b:a0:3a,29353,-38,1611,50.34,35.31,68,81103,81613
[Recv] <<< 23:c9:cc:4b:a0:3a,29354,-37,1612,50.33,35.31,37,81140,81650
[Recv] <<< 23:c9:cc:4b:a0:3a,29356,-37,1613,50.35,35.31,74,81214,81724
[Recv] <<< 23:c9:cc:4b:a0:3a,29357,-37,1614,50.33,35.31,26,81240,81750
[Recv] <<< 23:c9:cc:4b:a0:3a,29358,-37,1615,50.32,35.31,33,81273,81783
[Recv] <<< 23:c9:cc:4b:a0:3a,29359,-31,1616,50.31,35.30,32,81305,81815
[Recv] <<< 23:c9:cc:4b:a0:3a,29361,-31,1617,50.32,35.30,68,81373,81883
[Recv] <<< 23:c9:cc:4b:a0:3a,29363,-31,1618,50.34,35.30,70,81443,81953
[Recv] <<< 23:c9:cc:4b:a0:3a,29364,-37,1619,50.33,35.30,36,81479,81989
[Recv] <<< 23:c9:cc:4b:a0:3a,29365,-30,1620,50.31,35.30,29,81508,82018
[Recv] <<< 23:c9:cc:4b:a0:3a,29366,-31,1621,50.30,35.30,34,81542,82052
[Recv] <<< 23:c9:cc:4b:a0:3a,29367,-31,1622,50.30,35.30,39,81581,82091
[Recv] <<< 23:c9:cc:4b:a0:3a,29368,-31,1623,50.28,35.30,28,81609,82119
[Recv] <<< 23:c9:cc:4b:a0:3a,29369,-31,1624,50.27,35.30,31,81640,82150
[Recv] <<< 23:c9:cc:4b:a0:3a,29370,-37,1625,50.27,35.30,42,81682,82192
[Recv] <<< 23:c9:cc:4b:a0:3a,29372,-37,1626,50.28,35.30,68,81750,82260
[Recv] <<< 23:c9:cc:4b:a0:3a,29373,-37,1627,50.27,35.30,37,81787,82297
[Recv] <<< 23:c9:cc:4b:a0:3a,29375,-37,1628,50.28,35.30,63,81850,82360
[Recv] <<< 23:c9:cc:4b:a0:3a,29376,-37,1629,50.27,35.29,33,81883,82393
[Recv] <<< 23:c9:cc:4b:a0:3a,29377,-37,1630,50.26,35.29,36,81919,82429
[Recv] <<< 23:c9:cc:4b:a0:3a,29379,-28,1631,50.27,35.30,72,81991,82501
[Recv] <<< 23:c9:cc:4b:a0:3a,29382,-28,1632,50.30,35.29,105,82096,82606
[Recv] <<< 23:c9:cc:4b:a0:3a,29384,-28,1633,50.32,35.30,74,82170,82680
[Recv] <<< 23:c9:cc:4b:a0:3a,29385,-31,1634,50.31,35.30,33,82203,82713
[Recv] <<< 23:c9:cc:4b:a0:3a,29386,-31,1635,50.30,35.29,33,82236,82746
[Recv] <<< 23:c9:cc:4b:a0:3a,29387,-31,1636,50.29,35.30,37,82273,82783
[Recv] <<< 23:c9:cc:4b:a0:3a,29391,-31,1637,50.34,35.29,136,82409,82919
[Recv] <<< 23:c9:cc:4b:a0:3a,29392,-31,1638,50.33,35.29,32,82441,82951
[Recv] <<< 23:c9:cc:4b:a0:3a,29393,-31,1639,50.32,35.29,37,82478,82988
[Recv] <<< 23:c9:cc:4b:a0:3a,29394,-31,1640,50.31,35.29,36,82514,83024
[Recv] <<< 23:c9:cc:4b:a0:3a,29395,-31,1641,50.30,35.29,32,82546,83056
[Recv] <<< 23:c9:cc:4b:a0:3a,29396,-31,1642,50.29,35.29,33,82579,83089
[Recv] <<< 23:c9:cc:4b:a0:3a,29398,-31,1643,50.30,35.29,65,82644,83154
[Recv] <<< 23:c9:cc:4b:a0:3a,29399,-31,1644,50.29,35.29,36,82680,83190
[Recv] <<< 23:c9:cc:4b:a0:3a,29400,-31,1645,50.28,35.29,36,82716,83226
[Recv] <<< 23:c9:cc:4b:a0:3a,29401,-31,1646,50.28,35.29,37,82753,83263
[Recv] <<< 23:c9:cc:4b:a0:3a,29422,-37,1647,50.69,35.28,729,83482,83992
[Recv] <<< 23:c9:cc:4b:a0:3a,29423,-28,1648,50.68,35.28,37,83519,84029
[Recv] <<< 23:c9:cc:4b:a0:3a,29424,-28,1649,50.67,35.28,33,83552,84062
[Recv] <<< 23:c9:cc:4b:a0:3a,29425,-28,1650,50.66,35.28,35,83587,84097
[Recv] <<< 23:c9:cc:4b:a0:3a,29426,-30,1651,50.66,35.29,45,83632,84142
[Recv] <<< 23:c9:cc:4b:a0:3a,29427,-31,1652,50.64,35.29,32,83664,84174
[Recv] <<< 23:c9:cc:4b:a0:3a,29428,-31,1653,50.63,35.29,35,83699,84209
[Recv] <<< 23:c9:cc:4b:a0:3a,29429,-31,1654,50.63,35.29,39,83738,84248
[Recv] <<< 23:c9:cc:4b:a0:3a,29432,-31,1655,50.65,35.28,96,83834,84344
[Recv] <<< 23:c9:cc:4b:a0:3a,29433,-28,1656,50.64,35.28,26,83860,84370
[Recv] <<< 23:c9:cc:4b:a0:3a,29434,-31,1657,50.63,35.28,40,83900,84410
[Recv] <<< 23:c9:cc:4b:a0:3a,29435,-31,1658,50.63,35.28,40,83940,84450
[Recv] <<< 23:c9:cc:4b:a0:3a,29468,-31,1659,51.28,35.27,1139,85079,85589
[Recv] <<< 23:c9:cc:4b:a0:3a,29469,-28,1660,51.27,35.27,33,85112,85622
[Recv] <<< 23:c9:cc:4b:a0:3a,29470,-28,1661,51.26,35.27,30,85142,85652
[Recv] <<< 23:c9:cc:4b:a0:3a,29471,-28,1662,51.25,35.27,38,85180,85690
[Recv] <<< 23:c9:cc:4b:a0:3a,29472,-28,1663,51.24,35.27,38,85218,85728
[Recv] <<< 23:c9:cc:4b:a0:3a,29473,-31,1664,51.23,35.27,37,85255,85765
[Recv] <<< 23:c9:cc:4b:a0:3a,29474,-31,1665,51.23,35.27,38,85293,85803
[Recv] <<< 23:c9:cc:4b:a0:3a,29475,-31,1666,51.22,35.27,37,85330,85840
[Recv] <<< 23:c9:cc:4b:a0:3a,29476,-31,1667,51.21,35.27,33,85363,85873
[Recv] <<< 23:c9:cc:4b:a0:3a,29477,-31,1668,51.20,35.27,31,85394,85904
[Recv] <<< 23:c9:cc:4b:a0:3a,29478,-31,1669,51.19,35.27,35,85429,85939
[Recv] <<< 23:c9:cc:4b:a0:3a,29479,-37,1670,51.18,35.27,41,85470,85980
[Recv] <<< 23:c9:cc:4b:a0:3a,29480,-37,1671,51.17,35.27,33,85503,86013
[Recv] <<< 23:c9:cc:4b:a0:3a,29481,-37,1672,51.16,35.27,32,85535,86045
[Recv] <<< 23:c9:cc:4b:a0:3a,29482,-37,1673,51.15,35.27,33,85568,86078
[Recv] <<< 23:c9:cc:4b:a0:3a,29483,-37,1674,51.14,35.27,36,85604,86114
[Recv] <<< 23:c9:cc:4b:a0:3a,29484,-37,1675,51.13,35.27,35,85639,86149
[Recv] <<< 23:c9:cc:4b:a0:3a,29485,-37,1676,51.12,35.27,30,85669,86179
[Recv] <<< 23:c9:cc:4b:a0:3a,29486,-37,1677,51.11,35.27,38,85707,86217
[Recv] <<< 23:c9:cc:4b:a0:3a,29487,-37,1678,51.10,35.27,33,85740,86250
[Recv] <<< 23:c9:cc:4b:a0:3a,29488,-37,1679,51.09,35.27,32,85772,86282
[Recv] <<< 23:c9:cc:4b:a0:3a,29489,-37,1680,51.07,35.27,33,85805,86315
[Recv] <<< 23:c9:cc:4b:a0:3a,29491,-28,1681,51.09,35.27,82,85887,86397
[Recv] <<< 23:c9:cc:4b:a0:3a,29492,-31,1682,51.09,35.27,42,85929,86439
[Recv] <<< 23:c9:cc:4b:a0:3a,29493,-31,1683,51.08,35.27,31,85960,86470
[Recv] <<< 23:c9:cc:4b:a0:3a,29502,-31,1684,51.23,35.27,312,86272,86782
[Recv] <<< 23:c9:cc:4b:a0:3a,29503,-31,1685,51.22,35.27,27,86299,86809
[Recv] <<< 23:c9:cc:4b:a0:3a,29505,-31,1686,51.23,35.27,67,86366,86876
[Recv] <<< 23:c9:cc:4b:a0:3a,29506,-31,1687,51.22,35.27,42,86408,86918
[Recv] <<< 23:c9:cc:4b:a0:3a,29507,-31,1688,51.21,35.27,31,86439,86949
[Recv] <<< 23:c9:cc:4b:a0:3a,29508,-28,1689,51.20,35.27,33,86472,86982
[Recv] <<< 23:c9:cc:4b:a0:3a,29510,-28,1690,51.21,35.26,66,86538,87048
[Recv] <<< 23:c9:cc:4b:a0:3a,29511,-28,1691,51.20,35.26,33,86571,87081
[Recv] <<< 23:c9:cc:4b:a0:3a,29512,-28,1692,51.18,35.26,28,86599,87109
[Recv] <<< 23:c9:cc:4b:a0:3a,29528,-37,1693,51.48,35.25,550,87149,87659
[Recv] <<< 23:c9:cc:4b:a0:3a,29529,-37,1694,51.46,35.25,28,87177,87687
[Recv] <<< 23:c9:cc:4b:a0:3a,29532,-37,1695,51.50,35.25,111,87288,87798
[Recv] <<< 23:c9:cc:4b:a0:3a,29533,-28,1696,51.49,35.26,40,87328,87838
[Recv] <<< 23:c9:cc:4b:a0:3a,29534,-28,1697,51.48,35.26,41,87369,87879
[Recv] <<< 23:c9:cc:4b:a0:3a,29535,-28,1698,51.47,35.26,35,87404,87914
[Recv] <<< 23:c9:cc:4b:a0:3a,29536,-31,1699,51.47,35.26,40,87444,87954
[Recv] <<< 23:c9:cc:4b:a0:3a,29538,-31,1700,51.48,35.26,71,87515,88025
[Recv] <<< 23:c9:cc:4b:a0:3a,29539,-37,1701,51.47,35.26,38,87553,88063
[Recv] <<< 23:c9:cc:4b:a0:3a,29540,-31,1702,51.46,35.26,26,87579,88089
[Recv] <<< 23:c9:cc:4b:a0:3a,29541,-31,1703,51.45,35.26,33,87612,88122
[Recv] <<< 23:c9:cc:4b:a0:3a,29542,-31,1704,51.44,35.26,34,87646,88156
[Recv] <<< 23:c9:cc:4b:a0:3a,29544,-28,1705,51.44,35.25,56,87702,88212
[Recv] <<< 23:c9:cc:4b:a0:3a,29545,-28,1706,51.43,35.25,33,87735,88245
[Recv] <<< 23:c9:cc:4b:a0:3a,29546,-31,1707,51.42,35.25,45,87780,88290
[Recv] <<< 23:c9:cc:4b:a0:3a,29548,-31,1708,51.43,35.25,69,87849,88359
[Recv] <<< 23:c9:cc:4b:a0:3a,29549,-31,1709,51.42,35.25,27,87876,88386
[Recv] <<< 23:c9:cc:4b:a0:3a,29551,-31,1710,51.43,35.25,73,87949,88459
[Recv] <<< 23:c9:cc:4b:a0:3a,29552,-31,1711,51.42,35.25,31,87980,88490
[Recv] <<< 23:c9:cc:4b:a0:3a,29553,-31,1712,51.41,35.25,34,88014,88524
[Recv] <<< 23:c9:cc:4b:a0:3a,29554,-31,1713,51.40,35.25,33,88047,88557
[Recv] <<< 23:c9:cc:4b:a0:3a,29555,-31,1714,51.39,35.25,38,88085,88595
[Recv] <<< 23:c9:cc:4b:a0:3a,29556,-37,1715,51.39,35.25,42,88127,88637
[Recv] <<< 23:c9:cc:4b:a0:3a,29557,-37,1716,51.38,35.25,39,88166,88676
[Recv] <<< 23:c9:cc:4b:a0:3a,29558,-37,1717,51.37,35.25,31,88197,88707
[Recv] <<< 23:c9:cc:4b:a0:3a,29559,-37,1718,51.36,35.25,35,88232,88742
[Recv] <<< 23:c9:cc:4b:a0:3a,29560,-37,1719,51.35,35.25,38,88270,88780
[Recv] <<< 23:c9:cc:4b:a0:3a,29561,-37,1720,51.34,35.25,38,88308,88818
[Recv] <<< 23:c9:cc:4b:a0:3a,29562,-37,1721,51.33,35.25,35,88343,88853
[Recv] <<< 23:c9:cc:4b:a0:3a,29563,-37,1722,51.32,35.25,35,88378,88888
[Recv] <<< 23:c9:cc:4b:a0:3a,29564,-28,1723,51.31,35.25,34,88412,88922
[Recv] <<< 23:c9:cc:4b:a0:3a,29566,-31,1724,51.33,35.26,84,88496,89006
[Recv] <<< 23:c9:cc:4b:a0:3a,29568,-28,1725,51.33,35.25,56,88552,89062
[Recv] <<< 23:c9:cc:4b:a0:3a,29571,-31,1726,51.37,35.26,117,88669,89179
[Recv] <<< 23:c9:cc:4b:a0:3a,29574,-40,1727,51.41,35.26,120,88789,89299
[Recv] <<< 23:c9:cc:4b:a0:3a,29576,-28,1728,51.43,35.27,83,88872,89382
[Recv] <<< 23:c9:cc:4b:a0:3a,29578,-28,1729,51.44,35.27,67,88939,89449
[Recv] <<< 23:c9:cc:4b:a0:3a,29579,-31,1730,51.43,35.27,42,88981,89491
[Recv] <<< 23:c9:cc:4b:a0:3a,29580,-37,1731,51.43,35.27,44,89025,89535
[Recv] <<< 23:c9:cc:4b:a0:3a,29582,-27,1732,51.44,35.27,74,89099,89609
[Recv] <<< 23:c9:cc:4b:a0:3a,29583,-28,1733,51.43,35.27,35,89134,89644
[Recv] <<< 23:c9:cc:4b:a0:3a,29584,-28,1734,51.42,35.27,31,89165,89675
[Recv] <<< 23:c9:cc:4b:a0:3a,29585,-31,1735,51.42,35.28,46,89211,89721
[Recv] <<< 23:c9:cc:4b:a0:3a,29586,-31,1736,51.41,35.27,32,89243,89753
[Recv] <<< 23:c9:cc:4b:a0:3a,29588,-31,1737,51.42,35.28,76,89319,89829
[Recv] <<< 23:c9:cc:4b:a0:3a,29590,-37,1738,51.44,35.28,80,89399,89909
[Recv] <<< 23:c9:cc:4b:a0:3a,29591,-37,1739,51.43,35.28,36,89435,89945
[Recv] <<< 23:c9:cc:4b:a0:3a,29592,-37,1740,51.42,35.28,40,89475,89985
[Recv] <<< 23:c9:cc:4b:a0:3a,29593,-28,1741,51.42,35.28,42,89517,90027
[Recv] <<< 23:c9:cc:4b:a0:3a,29594,-28,1742,51.40,35.28,27,89544,90054
[Recv] <<< 23:c9:cc:4b:a0:3a,29595,-31,1743,51.40,35.28,42,89586,90096
[Recv] <<< 23:c9:cc:4b:a0:3a,29596,-30,1744,51.39,35.29,42,89628,90138
[Recv] <<< 23:c9:cc:4b:a0:3a,29597,-30,1745,51.38,35.29,33,89661,90171
[Recv] <<< 23:c9:cc:4b:a0:3a,29599,-28,1746,51.40,35.29,83,89744,90254
[Recv] <<< 23:c9:cc:4b:a0:3a,29600,-28,1747,51.39,35.29,39,89783,90293
[Recv] <<< 23:c9:cc:4b:a0:3a,29601,-31,1748,51.38,35.29,37,89820,90330
[Recv] <<< 23:c9:cc:4b:a0:3a,29602,-31,1749,51.38,35.29,39,89859,90369
[Recv] <<< 23:c9:cc:4b:a0:3a,29603,-31,1750,51.37,35.29,31,89890,90400
[Recv] <<< 23:c9:cc:4b:a0:3a,29604,-37,1751,51.36,35.30,44,89934,90444
[Recv] <<< 23:c9:cc:4b:a0:3a,29605,-37,1752,51.35,35.30,34,89968,90478
[Recv] <<< 23:c9:cc:4b:a0:3a,29606,-37,1753,51.35,35.30,41,90009,90519
[Recv] <<< 23:c9:cc:4b:a0:3a,29608,-28,1754,51.36,35.30,81,90090,90600
[Recv] <<< 23:c9:cc:4b:a0:3a,29612,-28,1755,51.43,35.31,169,90259,90769
[Recv] <<< 23:c9:cc:4b:a0:3a,29618,-27,1756,51.54,35.32,243,90502,91012
[Recv] <<< 23:c9:cc:4b:a0:3a,29619,-31,1757,51.53,35.33,44,90546,91056
[Recv] <<< 23:c9:cc:4b:a0:3a,29620,-37,1758,51.53,35.33,41,90587,91097
[Recv] <<< 23:c9:cc:4b:a0:3a,29621,-28,1759,51.53,35.34,50,90637,91147
[Recv] <<< 23:c9:cc:4b:a0:3a,29622,-30,1760,51.52,35.34,37,90674,91184
[Recv] <<< 23:c9:cc:4b:a0:3a,29623,-37,1761,51.51,35.34,43,90717,91227
[Recv] <<< 23:c9:cc:4b:a0:3a,29624,-28,1762,51.51,35.34,47,90764,91274
[Recv] <<< 23:c9:cc:4b:a0:3a,29625,-31,1763,51.51,35.35,43,90807,91317
[Recv] <<< 23:c9:cc:4b:a0:3a,29626,-37,1764,51.51,35.35,50,90857,91367
[Recv] <<< 23:c9:cc:4b:a0:3a,29627,-28,1765,51.50,35.35,40,90897,91407
[Recv] <<< 23:c9:cc:4b:a0:3a,29629,-31,1766,51.52,35.36,87,90984,91494
[Recv] <<< 23:c9:cc:4b:a0:3a,29631,-37,1767,51.54,35.37,81,91065,91575
[Recv] <<< 23:c9:cc:4b:a0:3a,29632,-28,1768,51.54,35.37,49,91114,91624
[Recv] <<< 23:c9:cc:4b:a0:3a,29633,-31,1769,51.53,35.37,46,91160,91670
[Recv] <<< 23:c9:cc:4b:a0:3a,29634,-37,1770,51.52,35.38,37,91197,91707
[Recv] <<< 23:c9:cc:4b:a0:3a,29636,-28,1771,51.54,35.38,78,91275,91785
[Recv] <<< 23:c9:cc:4b:a0:3a,29637,-30,1772,51.54,35.38,46,91321,91831
[Recv] <<< 23:c9:cc:4b:a0:3a,29638,-37,1773,51.53,35.39,45,91366,91876
[Recv] <<< 23:c9:cc:4b:a0:3a,29639,-28,1774,51.53,35.39,46,91412,91922
[Recv] <<< 23:c9:cc:4b:a0:3a,29640,-30,1775,51.52,35.39,42,91454,91964
[Recv] <<< 23:c9:cc:4b:a0:3a,29641,-37,1776,51.52,35.39,42,91496,92006
[Recv] <<< 23:c9:cc:4b:a0:3a,29642,-28,1777,51.51,35.40,46,91542,92052
[Recv] <<< 23:c9:cc:4b:a0:3a,29643,-31,1778,51.51,35.40,40,91582,92092
[Recv] <<< 23:c9:cc:4b:a0:3a,29644,-30,1779,51.50,35.40,45,91627,92137
[Recv] <<< 23:c9:cc:4b:a0:3a,29645,-37,1780,51.50,35.41,50,91677,92187
[Recv] <<< 23:c9:cc:4b:a0:3a,29646,-28,1781,51.50,35.41,47,91724,92234
[Recv] <<< 23:c9:cc:4b:a0:3a,29647,-30,1782,51.49,35.42,38,91762,92272
[Recv] <<< 23:c9:cc:4b:a0:3a,29651,-30,1783,51.56,35.43,176,91938,92448
[Recv] <<< 23:c9:cc:4b:a0:3a,29652,-37,1784,51.56,35.43,39,91977,92487
[Recv] <<< 23:c9:cc:4b:a0:3a,29653,-28,1785,51.55,35.43,46,92023,92533
[Recv] <<< 23:c9:cc:4b:a0:3a,29655,-30,1786,51.57,35.44,83,92106,92616
[Recv] <<< 23:c9:cc:4b:a0:3a,29656,-37,1787,51.56,35.44,39,92145,92655
[Recv] <<< 23:c9:cc:4b:a0:3a,29658,-30,1788,51.58,35.45,88,92233,92743
[Recv] <<< 23:c9:cc:4b:a0:3a,29659,-37,1789,51.58,35.45,47,92280,92790
[Recv] <<< 23:c9:cc:4b:a0:3a,29660,-37,1790,51.57,35.45,36,92316,92826
[Recv] <<< 23:c9:cc:4b:a0:3a,29661,-28,1791,51.57,35.46,48,92364,92874
[Recv] <<< 23:c9:cc:4b:a0:3a,29662,-30,1792,51.57,35.46,41,92405,92915
[Recv] <<< 23:c9:cc:4b:a0:3a,29664,-37,1793,51.58,35.46,83,92488,92998
[Recv] <<< 23:c9:cc:4b:a0:3a,29665,-28,1794,51.58,35.47,41,92529,93039
[Recv] <<< 23:c9:cc:4b:a0:3a,29668,-40,1795,51.62,35.47,127,92656,93166
[Recv] <<< 23:c9:cc:4b:a0:3a,29669,-28,1796,51.61,35.48,44,92700,93210
[Recv] <<< 23:c9:cc:4b:a0:3a,29670,-30,1797,51.61,35.48,39,92739,93249
[Recv] <<< 23:c9:cc:4b:a0:3a,29672,-37,1798,51.62,35.48,80,92819,93329
[Recv] <<< 23:c9:cc:4b:a0:3a,29676,-37,1799,51.69,35.49,177,92996,93506
[Recv] <<< 23:c9:cc:4b:a0:3a,29677,-28,1800,51.69,35.50,46,93042,93552
[Recv] <<< 23:c9:cc:4b:a0:3a,29679,-30,1801,51.70,35.50,75,93117,93627
[Recv] <<< 23:c9:cc:4b:a0:3a,29681,-37,1802,51.72,35.51,90,93207,93717
[Recv] <<< 23:c9:cc:4b:a0:3a,29682,-37,1803,51.71,35.51,35,93242,93752
[Recv] <<< 23:c9:cc:4b:a0:3a,29683,-27,1804,51.71,35.51,40,93282,93792
[Recv] <<< 23:c9:cc:4b:a0:3a,29684,-30,1805,51.70,35.51,45,93327,93837
[Recv] <<< 23:c9:cc:4b:a0:3a,29685,-37,1806,51.70,35.51,41,93368,93878
[Recv] <<< 23:c9:cc:4b:a0:3a,29686,-28,1807,51.69,35.52,44,93412,93922
[Recv] <<< 23:c9:cc:4b:a0:3a,29687,-28,1808,51.69,35.52,42,93454,93964
[Recv] <<< 23:c9:cc:4b:a0:3a,29688,-31,1809,51.68,35.52,38,93492,94002
[Recv] <<< 23:c9:cc:4b:a0:3a,29689,-37,1810,51.68,35.53,49,93541,94051
[Recv] <<< 23:c9:cc:4b:a0:3a,29691,-28,1811,51.70,35.53,80,93621,94131
[Recv] <<< 23:c9:cc:4b:a0:3a,29693,-37,1812,51.72,35.54,88,93709,94219
[Recv] <<< 23:c9:cc:4b:a0:3a,29694,-27,1813,51.72,35.54,51,93760,94270
[Recv] <<< 23:c9:cc:4b:a0:3a,29695,-30,1814,51.71,35.54,33,93793,94303
[Recv] <<< 23:c9:cc:4b:a0:3a,29696,-37,1815,51.70,35.55,46,93839,94349
[Recv] <<< 23:c9:cc:4b:a0:3a,29697,-37,1816,51.69,35.54,35,93874,94384
[Recv] <<< 23:c9:cc:4b:a0:3a,29699,-28,1817,51.71,35.55,84,93958,94468
[Recv] <<< 23:c9:cc:4b:a0:3a,29700,-31,1818,51.71,35.55,42,94000,94510
[Recv] <<< 23:c9:cc:4b:a0:3a,29702,-37,1819,51.72,35.56,83,94083,94593
[Recv] <<< 23:c9:cc:4b:a0:3a,29705,-31,1820,51.76,35.56,122,94205,94715
[Recv] <<< 23:c9:cc:4b:a0:3a,29706,-37,1821,51.76,35.57,43,94248,94758
[Recv] <<< 23:c9:cc:4b:a0:3a,29707,-27,1822,51.75,35.57,47,94295,94805
[Recv] <<< 23:c9:cc:4b:a0:3a,29708,-31,1823,51.75,35.57,40,94335,94845
[Recv] <<< 23:c9:cc:4b:a0:3a,29709,-31,1824,51.74,35.57,45,94380,94890
[Recv] <<< 23:c9:cc:4b:a0:3a,29710,-37,1825,51.74,35.58,37,94417,94927
[Recv] <<< 23:c9:cc:4b:a0:3a,29711,-27,1826,51.74,35.58,52,94469,94979
[Recv] <<< 23:c9:cc:4b:a0:3a,29713,-31,1827,51.75,35.58,76,94545,95055
[Recv] <<< 23:c9:cc:4b:a0:3a,29714,-37,1828,51.75,35.59,49,94594,95104
[Recv] <<< 23:c9:cc:4b:a0:3a,29715,-28,1829,51.74,35.59,38,94632,95142
[Recv] <<< 23:c9:cc:4b:a0:3a,29717,-31,1830,51.76,35.59,82,94714,95224
[Recv] <<< 23:c9:cc:4b:a0:3a,29718,-37,1831,51.75,35.60,45,94759,95269
[Recv] <<< 23:c9:cc:4b:a0:3a,29720,-28,1832,51.77,35.60,85,94844,95354
[Recv] <<< 23:c9:cc:4b:a0:3a,29746,-31,1833,52.33,35.66,1072,95916,96426
[Recv] <<< 23:c9:cc:4b:a0:3a,29748,-37,1834,52.35,35.66,85,96001,96511
[Recv] <<< 23:c9:cc:4b:a0:3a,29749,-37,1835,52.34,35.66,38,96039,96549
[Recv] <<< 23:c9:cc:4b:a0:3a,29750,-28,1836,52.33,35.67,43,96082,96592
[Recv] <<< 23:c9:cc:4b:a0:3a,29751,-28,1837,52.32,35.67,38,96120,96630
[Recv] <<< 23:c9:cc:4b:a0:3a,29752,-31,1838,52.32,35.67,46,96166,96676
[Recv] <<< 23:c9:cc:4b:a0:3a,29753,-31,1839,52.31,35.67,38,96204,96714
[Recv] <<< 23:c9:cc:4b:a0:3a,29754,-37,1840,52.31,35.67,44,96248,96758
[Recv] <<< 23:c9:cc:4b:a0:3a,29755,-28,1841,52.30,35.67,38,96286,96796
[Recv] <<< 23:c9:cc:4b:a0:3a,29756,-30,1842,52.30,35.68,42,96328,96838
[Recv] <<< 23:c9:cc:4b:a0:3a,29757,-37,1843,52.29,35.68,51,96379,96889
[Recv] <<< 23:c9:cc:4b:a0:3a,29758,-28,1844,52.28,35.68,34,96413,96923
[Recv] <<< 23:c9:cc:4b:a0:3a,29759,-30,1845,52.28,35.68,42,96455,96965
[Recv] <<< 23:c9:cc:4b:a0:3a,29760,-37,1846,52.28,35.69,45,96500,97010
[Recv] <<< 23:c9:cc:4b:a0:3a,29762,-27,1847,52.29,35.69,85,96585,97095
[Recv] <<< 23:c9:cc:4b:a0:3a,29763,-30,1848,52.29,35.69,38,96623,97133
[Recv] <<< 23:c9:cc:4b:a0:3a,29764,-30,1849,52.27,35.69,31,96654,97164
[Recv] <<< 23:c9:cc:4b:a0:3a,29769,-30,1850,52.36,35.70,213,96867,97377
[Recv] <<< 23:c9:cc:4b:a0:3a,29770,-37,1851,52.35,35.71,42,96909,97419
[Recv] <<< 23:c9:cc:4b:a0:3a,29771,-37,1852,52.35,35.71,49,96958,97468
[Recv] <<< 23:c9:cc:4b:a0:3a,29772,-28,1853,52.34,35.71,37,96995,97505
[Recv] <<< 23:c9:cc:4b:a0:3a,29773,-28,1854,52.34,35.71,41,97036,97546
[Recv] <<< 23:c9:cc:4b:a0:3a,29775,-31,1855,52.36,35.72,83,97119,97629
[Recv] <<< 23:c9:cc:4b:a0:3a,29777,-37,1856,52.37,35.72,77,97196,97706
[Recv] <<< 23:c9:cc:4b:a0:3a,29778,-37,1857,52.36,35.72,39,97235,97745
[Recv] <<< 23:c9:cc:4b:a0:3a,29780,-28,1858,52.38,35.73,83,97318,97828
[Recv] <<< 23:c9:cc:4b:a0:3a,29781,-27,1859,52.37,35.73,36,97354,97864
[Recv] <<< 23:c9:cc:4b:a0:3a,29782,-30,1860,52.36,35.73,39,97393,97903
[Recv] <<< 23:c9:cc:4b:a0:3a,29784,-37,1861,52.38,35.73,80,97473,97983
[Recv] <<< 23:c9:cc:4b:a0:3a,29785,-37,1862,52.37,35.73,40,97513,98023
[Recv] <<< 23:c9:cc:4b:a0:3a,29786,-28,1863,52.36,35.73,42,97555,98065
[Recv] <<< 23:c9:cc:4b:a0:3a,29787,-27,1864,52.36,35.74,45,97600,98110
[Recv] <<< 23:c9:cc:4b:a0:3a,29789,-31,1865,52.37,35.74,71,97671,98181
[Recv] <<< 23:c9:cc:4b:a0:3a,29799,-28,1866,52.56,35.76,406,98077,98587
[Recv] <<< 23:c9:cc:4b:a0:3a,29800,-28,1867,52.55,35.76,41,98118,98628
[Recv] <<< 23:c9:cc:4b:a0:3a,29803,-37,1868,52.59,35.76,120,98238,98748
[Recv] <<< 23:c9:cc:4b:a0:3a,29804,-27,1869,52.59,35.77,48,98286,98796
[Recv] <<< 23:c9:cc:4b:a0:3a,29806,-28,1870,52.60,35.77,71,98357,98867
[Recv] <<< 23:c9:cc:4b:a0:3a,29807,-30,1871,52.60,35.77,51,98408,98918
[Recv] <<< 23:c9:cc:4b:a0:3a,29808,-31,1872,52.59,35.77,35,98443,98953
[Recv] <<< 23:c9:cc:4b:a0:3a,29811,-37,1873,52.62,35.78,120,98563,99073
[Recv] <<< 23:c9:cc:4b:a0:3a,29812,-27,1874,52.62,35.78,40,98603,99113
[Recv] <<< 23:c9:cc:4b:a0:3a,29813,-30,1875,52.61,35.78,45,98648,99158
[Recv] <<< 23:c9:cc:4b:a0:3a,29814,-30,1876,52.61,35.78,41,98689,99199
[Recv] <<< 23:c9:cc:4b:a0:3a,29815,-37,1877,52.60,35.78,38,98727,99237
[Recv] <<< 23:c9:cc:4b:a0:3a,29817,-28,1878,52.61,35.79,83,98810,99320
[Recv] <<< 23:c9:cc:4b:a0:3a,29818,-28,1879,52.61,35.79,39,98849,99359
[Recv] <<< 23:c9:cc:4b:a0:3a,29819,-30,1880,52.60,35.79,40,98889,99399
[Recv] <<< 23:c9:cc:4b:a0:3a,29822,-37,1881,52.64,35.80,123,99012,99522
[Recv] <<< 23:c9:cc:4b:a0:3a,29824,-30,1882,52.66,35.80,87,99099,99609
[Recv] <<< 23:c9:cc:4b:a0:3a,29825,-30,1883,52.65,35.80,33,99132,99642
[Recv] <<< 23:c9:cc:4b:a0:3a,29826,-37,1884,52.64,35.80,47,99179,99689
[Recv] <<< 23:c9:cc:4b:a0:3a,29827,-37,1885,52.63,35.81,37,99216,99726
[Recv] <<< 23:c9:cc:4b:a0:3a,29828,-27,1886,52.63,35.81,39,99255,99765
[Recv] <<< 23:c9:cc:4b:a0:3a,29830,-31,1887,52.64,35.81,78,99333,99843
[Recv] <<< 23:c9:cc:4b:a0:3a,29831,-37,1888,52.63,35.81,41,99374,99884
[Recv] <<< 23:c9:cc:4b:a0:3a,29833,-37,1889,52.65,35.81,76,99450,99960
[Recv] <<< 23:c9:cc:4b:a0:3a,29834,-28,1890,52.64,35.82,45,99495,100005
[Recv] <<< 23:c9:cc:4b:a0:3a,29835,-31,1891,52.64,35.82,44,99539,100049
[Recv] <<< 23:c9:cc:4b:a0:3a,29837,-37,1892,52.66,35.82,85,99624,100134
[Recv] <<< 23:c9:cc:4b:a0:3a,29839,-28,1893,52.67,35.83,78,99702,100212
[Recv] <<< 23:c9:cc:4b:a0:3a,29840,-31,1894,52.66,35.83,42,99744,100254
[Recv] <<< 23:c9:cc:4b:a0:3a,29841,-30,1895,52.66,35.83,43,99787,100297
[Recv] <<< 23:c9:cc:4b:a0:3a,29842,-37,1896,52.65,35.83,38,99825,100335
[Recv] <<< 23:c9:cc:4b:a0:3a,29844,-28,1897,52.66,35.83,78,99903,100413
[Recv] <<< 23:c9:cc:4b:a0:3a,29845,-30,1898,52.66,35.84,45,99948,100458
[Recv] <<< 23:c9:cc:4b:a0:3a,29847,-37,1899,52.67,35.84,78,100026,100536
[Recv] <<< 23:c9:cc:4b:a0:3a,29848,-37,1900,52.66,35.84,35,100061,100571
[Recv] <<< 23:c9:cc:4b:a0:3a,29850,-28,1901,52.68,35.84,80,100141,100651
[Recv] <<< 23:c9:cc:4b:a0:3a,29851,-28,1902,52.67,35.84,31,100172,100682
[Recv] <<< 23:c9:cc:4b:a0:3a,29852,-31,1903,52.66,35.84,43,100215,100725
[Recv] <<< 23:c9:cc:4b:a0:3a,29853,-37,1904,52.66,35.85,44,100259,100769
[Recv] <<< 23:c9:cc:4b:a0:3a,29854,-37,1905,52.65,35.84,34,100293,100803
[Recv] <<< 23:c9:cc:4b:a0:3a,29855,-28,1906,52.64,35.85,46,100339,100849
[Recv] <<< 23:c9:cc:4b:a0:3a,29856,-28,1907,52.63,35.85,35,100374,100884
[Recv] <<< 23:c9:cc:4b:a0:3a,29857,-28,1908,52.62,35.85,33,100407,100917
[Recv] <<< 23:c9:cc:4b:a0:3a,29858,-31,1909,52.62,35.85,49,100456,100966
[Recv] <<< 23:c9:cc:4b:a0:3a,29859,-37,1910,52.61,35.85,33,100489,100999
[Recv] <<< 23:c9:cc:4b:a0:3a,29860,-37,1911,52.61,35.85,42,100531,101041
[Recv] <<< 23:c9:cc:4b:a0:3a,29862,-28,1912,52.62,35.85,69,100600,101110
[Recv] <<< 23:c9:cc:4b:a0:3a,29863,-28,1913,52.61,35.85,39,100639,101149
[Recv] <<< 23:c9:cc:4b:a0:3a,29864,-30,1914,52.60,35.86,44,100683,101193
[Recv] <<< 23:c9:cc:4b:a0:3a,29865,-30,1915,52.59,35.86,35,100718,101228
[Recv] <<< 23:c9:cc:4b:a0:3a,29866,-31,1916,52.58,35.85,34,100752,101262
[Recv] <<< 23:c9:cc:4b:a0:3a,29867,-37,1917,52.58,35.86,43,100795,101305
[Recv] <<< 23:c9:cc:4b:a0:3a,29868,-28,1918,52.57,35.86,42,100837,101347
[Recv] <<< 23:c9:cc:4b:a0:3a,29869,-28,1919,52.57,35.86,39,100876,101386
[Recv] <<< 23:c9:cc:4b:a0:3a,29870,-31,1920,52.56,35.86,39,100915,101425
[Recv] <<< 23:c9:cc:4b:a0:3a,29871,-31,1921,52.55,35.86,43,100958,101468
[Recv] <<< 23:c9:cc:4b:a0:3a,29872,-37,1922,52.55,35.87,40,100998,101508
[Recv] <<< 23:c9:cc:4b:a0:3a,29882,-37,1923,52.72,35.88,390,101388,101898
[Recv] <<< 23:c9:cc:4b:a0:3a,29883,-37,1924,52.71,35.87,30,101418,101928
[Recv] <<< 23:c9:cc:4b:a0:3a,29884,-28,1925,52.71,35.88,48,101466,101976
[Recv] <<< 23:c9:cc:4b:a0:3a,29885,-28,1926,52.70,35.88,32,101498,102008
[Recv] <<< 23:c9:cc:4b:a0:3a,29886,-31,1927,52.69,35.88,43,101541,102051
[Recv] <<< 23:c9:cc:4b:a0:3a,29887,-31,1928,52.69,35.88,37,101578,102088
[Recv] <<< 23:c9:cc:4b:a0:3a,29891,-37,1929,52.73,35.88,147,101725,102235
[Recv] <<< 23:c9:cc:4b:a0:3a,29892,-27,1930,52.73,35.88,41,101766,102276
[Recv] <<< 23:c9:cc:4b:a0:3a,29893,-28,1931,52.72,35.88,34,101800,102310
[Recv] <<< 23:c9:cc:4b:a0:3a,29894,-27,1932,52.71,35.88,37,101837,102347
[Recv] <<< 23:c9:cc:4b:a0:3a,29896,-30,1933,52.73,35.89,81,101918,102428
[Recv] <<< 23:c9:cc:4b:a0:3a,29897,-30,1934,52.71,35.88,31,101949,102459
[Recv] <<< 23:c9:cc:4b:a0:3a,29898,-30,1935,52.71,35.89,37,101986,102496
[Recv] <<< 23:c9:cc:4b:a0:3a,29902,-40,1936,52.75,35.88,139,102125,102635
[Recv] <<< 23:c9:cc:4b:a0:3a,29903,-37,1937,52.74,35.88,38,102163,102673
[Recv] <<< 23:c9:cc:4b:a0:3a,29908,-37,1938,52.80,35.88,173,102336,102846
[Recv] <<< 23:c9:cc:4b:a0:3a,29909,-37,1939,52.80,35.88,34,102370,102880
[Recv] <<< 23:c9:cc:4b:a0:3a,29910,-37,1940,52.79,35.88,37,102407,102917
[Recv] <<< 23:c9:cc:4b:a0:3a,29911,-37,1941,52.78,35.88,35,102442,102952
[Recv] <<< 23:c9:cc:4b:a0:3a,29912,-37,1942,52.77,35.88,33,102475,102985
[Recv] <<< 23:c9:cc:4b:a0:3a,29913,-37,1943,52.76,35.88,36,102511,103021
[Recv] <<< 23:c9:cc:4b:a0:3a,29914,-28,1944,52.75,35.88,36,102547,103057
[Recv] <<< 23:c9:cc:4b:a0:3a,29915,-28,1945,52.74,35.88,35,102582,103092
[Recv] <<< 23:c9:cc:4b:a0:3a,29916,-28,1946,52.73,35.88,37,102619,103129
[Recv] <<< 23:c9:cc:4b:a0:3a,29917,-31,1947,52.73,35.88,39,102658,103168
[Recv] <<< 23:c9:cc:4b:a0:3a,29918,-31,1948,52.71,35.88,30,102688,103198
[Recv] <<< 23:c9:cc:4b:a0:3a,29919,-31,1949,52.71,35.88,38,102726,103236
[Recv] <<< 23:c9:cc:4b:a0:3a,29924,-37,1950,52.78,35.88,189,102915,103425
[Recv] <<< 23:c9:cc:4b:a0:3a,29927,-28,1951,52.81,35.89,113,103028,103538
[Recv] <<< 23:c9:cc:4b:a0:3a,29928,-28,1952,52.80,35.89,35,103063,103573
[Recv] <<< 23:c9:cc:4b:a0:3a,29929,-28,1953,52.79,35.89,36,103099,103609
[Recv] <<< 23:c9:cc:4b:a0:3a,29930,-28,1954,52.78,35.89,36,103135,103645
[Recv] <<< 23:c9:cc:4b:a0:3a,29931,-28,1955,52.77,35.88,34,103169,103679
[Recv] <<< 23:c9:cc:4b:a0:3a,29936,-31,1956,52.83,35.88,171,103340,103850
[Recv] <<< 23:c9:cc:4b:a0:3a,29937,-31,1957,52.83,35.88,41,103381,103891
[Recv] <<< 23:c9:cc:4b:a0:3a,29938,-31,1958,52.82,35.88,35,103416,103926
[Recv] <<< 23:c9:cc:4b:a0:3a,29939,-30,1959,52.81,35.88,39,103455,103965
[Recv] <<< 23:c9:cc:4b:a0:3a,29940,-31,1960,52.80,35.88,33,103488,103998
[Recv] <<< 23:c9:cc:4b:a0:3a,29943,-37,1961,52.83,35.88,105,103593,104103
[Recv] <<< 23:c9:cc:4b:a0:3a,29944,-31,1962,52.82,35.88,36,103629,104139
[Recv] <<< 23:c9:cc:4b:a0:3a,29945,-30,1963,52.81,35.88,33,103662,104172
[Recv] <<< 23:c9:cc:4b:a0:3a,29946,-31,1964,52.80,35.88,37,103699,104209
[Recv] <<< 23:c9:cc:4b:a0:3a,29947,-31,1965,52.79,35.88,37,103736,104246
[Recv] <<< 23:c9:cc:4b:a0:3a,29949,-31,1966,52.80,35.88,69,103805,104315
[Recv] <<< 23:c9:cc:4b:a0:3a,29950,-31,1967,52.79,35.88,38,103843,104353
[Recv] <<< 23:c9:cc:4b:a0:3a,29951,-31,1968,52.79,35.88,40,103883,104393
[Recv] <<< 23:c9:cc:4b:a0:3a,29952,-31,1969,52.77,35.88,27,103910,104420
[Recv] <<< 23:c9:cc:4b:a0:3a,29953,-31,1970,52.77,35.88,41,103951,104461
[Recv] <<< 23:c9:cc:4b:a0:3a,29954,-30,1971,52.76,35.88,33,103984,104494
[Recv] <<< 23:c9:cc:4b:a0:3a,29955,-31,1972,52.75,35.88,37,104021,104531
[Recv] <<< 23:c9:cc:4b:a0:3a,29956,-31,1973,52.74,35.88,34,104055,104565
[Recv] <<< 23:c9:cc:4b:a0:3a,29957,-30,1974,52.73,35.88,37,104092,104602
[Recv] <<< 23:c9:cc:4b:a0:3a,29958,-31,1975,52.72,35.88,27,104119,104629
[Recv] <<< 23:c9:cc:4b:a0:3a,29959,-37,1976,52.71,35.88,38,104157,104667
[Recv] <<< 23:c9:cc:4b:a0:3a,29960,-31,1977,52.70,35.88,30,104187,104697
[Recv] <<< 23:c9:cc:4b:a0:3a,29963,-37,1978,52.73,35.88,114,104301,104811
[Recv] <<< 23:c9:cc:4b:a0:3a,29964,-37,1979,52.72,35.88,35,104336,104846
[Recv] <<< 23:c9:cc:4b:a0:3a,29965,-28,1980,52.71,35.88,39,104375,104885
[Recv] <<< 23:c9:cc:4b:a0:3a,29966,-28,1981,52.71,35.88,36,104411,104921
[Recv] <<< 23:c9:cc:4b:a0:3a,29967,-28,1982,52.70,35.88,40,104451,104961
[Recv] <<< 23:c9:cc:4b:a0:3a,29970,-30,1983,52.73,35.88,109,104560,105070
[Recv] <<< 23:c9:cc:4b:a0:3a,29971,-30,1984,52.72,35.88,41,104601,105111
[Recv] <<< 23:c9:cc:4b:a0:3a,29984,-30,1985,52.94,35.89,487,105088,105598
[Recv] <<< 23:c9:cc:4b:a0:3a,29985,-31,1986,52.93,35.89,36,105124,105634
[Recv] <<< 23:c9:cc:4b:a0:3a,29989,-28,1987,52.98,35.89,152,105276,105786
[Recv] <<< 23:c9:cc:4b:a0:3a,29990,-28,1988,52.97,35.89,30,105306,105816
[Recv] <<< 23:c9:cc:4b:a0:3a,29991,-28,1989,52.96,35.89,41,105347,105857
[Recv] <<< 23:c9:cc:4b:a0:3a,29992,-28,1990,52.95,35.89,31,105378,105888
[Recv] <<< 23:c9:cc:4b:a0:3a,29993,-31,1991,52.95,35.90,46,105424,105934
[Recv] <<< 23:c9:cc:4b:a0:3a,29994,-30,1992,52.94,35.89,33,105457,105967
[Recv] <<< 23:c9:cc:4b:a0:3a,29995,-31,1993,52.93,35.89,38,105495,106005
[Recv] <<< 23:c9:cc:4b:a0:3a,29997,-37,1994,52.95,35.90,82,105577,106087
[Recv] <<< 23:c9:cc:4b:a0:3a,29998,-28,1995,52.94,35.90,35,105612,106122
[Recv] <<< 23:c9:cc:4b:a0:3a,29999,-28,1996,52.93,35.90,37,105649,106159
[Recv] <<< 23:c9:cc:4b:a0:3a,30000,-28,1997,52.92,35.90,39,105688,106198
[Recv] <<< 23:c9:cc:4b:a0:3a,30001,-28,1998,52.91,35.90,34,105722,106232
[Recv] <<< 23:c9:cc:4b:a0:3a,30002,-31,1999,52.91,35.90,36,105758,106268
[Recv] <<< 23:c9:cc:4b:a0:3a,30003,-31,2000,52.90,35.90,38,105796,106306
[Recv] <<< 23:c9:cc:4b:a0:3a,30004,-31,2001,52.89,35.90,43,105839,106349
[Recv] <<< 23:c9:cc:4b:a0:3a,30005,-31,2002,52.88,35.90,36,105875,106385
[Recv] <<< 23:c9:cc:4b:a0:3a,30006,-37,2003,52.87,35.90,33,105908,106418
[Recv] <<< 23:c9:cc:4b:a0:3a,30007,-37,2004,52.87,35.90,34,105942,106452
[Recv] <<< 23:c9:cc:4b:a0:3a,30012,-30,2005,52.93,35.90,192,106134,106644
[Recv] <<< 23:c9:cc:4b:a0:3a,30013,-31,2006,52.93,35.90,37,106171,106681
[Recv] <<< 23:c9:cc:4b:a0:3a,30018,-37,2007,52.99,35.90,179,106350,106860
[Recv] <<< 23:c9:cc:4b:a0:3a,30019,-37,2008,52.98,35.90,36,106386,106896
[Recv] <<< 23:c9:cc:4b:a0:3a,30020,-28,2009,52.98,35.91,48,106434,106944
[Recv] <<< 23:c9:cc:4b:a0:3a,30021,-28,2010,52.97,35.91,35,106469,106979
[Recv] <<< 23:c9:cc:4b:a0:3a,30023,-31,2011,52.98,35.91,73,106542,107052
[Recv] <<< 23:c9:cc:4b:a0:3a,30024,-30,2012,52.97,35.91,42,106584,107094
[Recv] <<< 23:c9:cc:4b:a0:3a,30025,-31,2013,52.96,35.91,26,106610,107120
[Recv] <<< 23:c9:cc:4b:a0:3a,30026,-37,2014,52.96,35.91,43,106653,107163
[Recv] <<< 23:c9:cc:4b:a0:3a,30027,-37,2015,52.94,35.91,31,106684,107194
[Recv] <<< 23:c9:cc:4b:a0:3a,30028,-37,2016,52.93,35.91,32,106716,107226
[Recv] <<< 23:c9:cc:4b:a0:3a,30029,-37,2017,52.93,35.91,36,106752,107262
[Recv] <<< 23:c9:cc:4b:a0:3a,30030,-28,2018,52.92,35.91,33,106785,107295
[Recv] <<< 23:c9:cc:4b:a0:3a,30031,-28,2019,52.91,35.91,41,106826,107336
[Recv] <<< 23:c9:cc:4b:a0:3a,30032,-28,2020,52.90,35.91,32,106858,107368
[Recv] <<< 23:c9:cc:4b:a0:3a,30033,-31,2021,52.90,35.91,44,106902,107412
[Recv] <<< 23:c9:cc:4b:a0:3a,30034,-30,2022,52.89,35.91,34,106936,107446
[Recv] <<< 23:c9:cc:4b:a0:3a,30035,-30,2023,52.88,35.91,39,106975,107485
[Recv] <<< 23:c9:cc:4b:a0:3a,30036,-30,2024,52.87,35.91,31,107006,107516
[Recv] <<< 23:c9:cc:4b:a0:3a,30037,-30,2025,52.86,35.91,35,107041,107551
[Recv] <<< 23:c9:cc:4b:a0:3a,30038,-30,2026,52.85,35.91,37,107078,107588
[Recv] <<< 23:c9:cc:4b:a0:3a,30039,-31,2027,52.84,35.91,37,107115,107625
[Recv] <<< 23:c9:cc:4b:a0:3a,30040,-37,2028,52.84,35.91,36,107151,107661
[Recv] <<< 23:c9:cc:4b:a0:3a,30041,-37,2029,52.83,35.91,39,107190,107700
[Recv] <<< 23:c9:cc:4b:a0:3a,30042,-37,2030,52.82,35.91,27,107217,107727
[Recv] <<< 23:c9:cc:4b:a0:3a,30043,-37,2031,52.81,35.91,36,107253,107763
[Recv] <<< 23:c9:cc:4b:a0:3a,30054,-37,2032,52.97,35.90,384,107637,108147
[Recv] <<< 23:c9:cc:4b:a0:3a,30055,-37,2033,52.96,35.90,39,107676,108186
[Recv] <<< 23:c9:cc:4b:a0:3a,30056,-37,2034,52.95,35.90,30,107706,108216
[Recv] <<< 23:c9:cc:4b:a0:3a,30057,-37,2035,52.94,35.90,35,107741,108251
[Recv] <<< 23:c9:cc:4b:a0:3a,30058,-37,2036,52.93,35.90,34,107775,108285
[Recv] <<< 23:c9:cc:4b:a0:3a,30059,-37,2037,52.92,35.90,29,107804,108314
[Recv] <<< 23:c9:cc:4b:a0:3a,30060,-40,2038,52.92,35.90,37,107841,108351
[Recv] <<< 23:c9:cc:4b:a0:3a,30061,-37,2039,52.91,35.90,40,107881,108391
[Recv] <<< 23:c9:cc:4b:a0:3a,30062,-37,2040,52.90,35.90,27,107908,108418
[Recv] <<< 23:c9:cc:4b:a0:3a,30063,-37,2041,52.89,35.90,38,107946,108456
[Recv] <<< 23:c9:cc:4b:a0:3a,30064,-37,2042,52.88,35.90,35,107981,108491
[Recv] <<< 23:c9:cc:4b:a0:3a,30065,-37,2043,52.87,35.90,34,108015,108525
[Recv] <<< 23:c9:cc:4b:a0:3a,30066,-37,2044,52.86,35.90,32,108047,108557
[Recv] <<< 23:c9:cc:4b:a0:3a,30067,-37,2045,52.85,35.90,40,108087,108597
[Recv] <<< 23:c9:cc:4b:a0:3a,30068,-37,2046,52.85,35.90,38,108125,108635
[Recv] <<< 23:c9:cc:4b:a0:3a,30070,-37,2047,52.85,35.90,69,108194,108704
[Recv] <<< 23:c9:cc:4b:a0:3a,30071,-37,2048,52.85,35.90,36,108230,108740
[Recv] <<< 23:c9:cc:4b:a0:3a,30075,-27,2049,52.89,35.90,148,108378,108888
[Recv] <<< 23:c9:cc:4b:a0:3a,30076,-28,2050,52.88,35.90,36,108414,108924
[Recv] <<< 23:c9:cc:4b:a0:3a,30077,-30,2051,52.88,35.90,48,108462,108972
[Recv] <<< 23:c9:cc:4b:a0:3a,30095,-37,2052,53.15,35.89,601,109063,109573
[Recv] <<< 23:c9:cc:4b:a0:3a,30096,-37,2053,53.14,35.88,27,109090,109600
[Recv] <<< 23:c9:cc:4b:a0:3a,30098,-30,2054,53.14,35.88,64,109154,109664
[Recv] <<< 23:c9:cc:4b:a0:3a,30099,-31,2055,53.14,35.88,41,109195,109705
[Recv] <<< 23:c9:cc:4b:a0:3a,30101,-30,2056,53.14,35.88,63,109258,109768
[Recv] <<< 23:c9:cc:4b:a0:3a,30104,-28,2057,53.16,35.88,99,109357,109867
[Recv] <<< 23:c9:cc:4b:a0:3a,30105,-27,2058,53.15,35.88,35,109392,109902
[Recv] <<< 23:c9:cc:4b:a0:3a,30106,-31,2059,53.15,35.88,39,109431,109941
[Recv] <<< 23:c9:cc:4b:a0:3a,30107,-31,2060,53.14,35.88,32,109463,109973
[Recv] <<< 23:c9:cc:4b:a0:3a,30108,-30,2061,53.13,35.88,32,109495,110005
[Recv] <<< 23:c9:cc:4b:a0:3a,30111,-30,2062,53.15,35.88,108,109603,110113
[Recv] <<< 23:c9:cc:4b:a0:3a,30112,-30,2063,53.14,35.87,30,109633,110143
[Recv] <<< 23:c9:cc:4b:a0:3a,30113,-31,2064,53.13,35.88,37,109670,110180
[Recv] <<< 23:c9:cc:4b:a0:3a,30114,-37,2065,53.13,35.88,37,109707,110217
[Recv] <<< 23:c9:cc:4b:a0:3a,30115,-37,2066,53.12,35.88,40,109747,110257
[Recv] <<< 23:c9:cc:4b:a0:3a,30116,-37,2067,53.11,35.87,26,109773,110283
[Recv] <<< 23:c9:cc:4b:a0:3a,30117,-37,2068,53.10,35.87,37,109810,110320
[Recv] <<< 23:c9:cc:4b:a0:3a,30121,-28,2069,53.14,35.88,147,109957,110467
[Recv] <<< 23:c9:cc:4b:a0:3a,30122,-28,2070,53.14,35.87,35,109992,110502
[Recv] <<< 23:c9:cc:4b:a0:3a,30123,-28,2071,53.13,35.87,34,110026,110536
[Recv] <<< 23:c9:cc:4b:a0:3a,30124,-28,2072,53.12,35.87,33,110059,110569
[Recv] <<< 23:c9:cc:4b:a0:3a,30133,-28,2073,53.24,35.87,314,110373,110883
[Recv] <<< 23:c9:cc:4b:a0:3a,30134,-31,2074,53.24,35.87,41,110414,110924
[Recv] <<< 23:c9:cc:4b:a0:3a,30135,-31,2075,53.23,35.87,33,110447,110957
[Recv] <<< 23:c9:cc:4b:a0:3a,30136,-30,2076,53.22,35.87,37,110484,110994
[Recv] <<< 23:c9:cc:4b:a0:3a,30137,-30,2077,53.21,35.87,27,110511,111021
[Recv] <<< 23:c9:cc:4b:a0:3a,30138,-30,2078,53.20,35.87,35,110546,111056
[Recv] <<< 23:c9:cc:4b:a0:3a,30139,-30,2079,53.19,35.87,39,110585,111095
[Recv] <<< 23:c9:cc:4b:a0:3a,30140,-31,2080,53.18,35.87,27,110612,111122
[Recv] <<< 23:c9:cc:4b:a0:3a,30141,-31,2081,53.17,35.87,32,110644,111154
[Recv] <<< 23:c9:cc:4b:a0:3a,30143,-37,2082,53.18,35.87,79,110723,111233
[Recv] <<< 23:c9:cc:4b:a0:3a,30144,-37,2083,53.17,35.87,37,110760,111270
[Recv] <<< 23:c9:cc:4b:a0:3a,30153,-40,2084,53.30,35.86,308,111068,111578
[Recv] <<< 23:c9:cc:4b:a0:3a,30154,-37,2085,53.28,35.86,31,111099,111609
[Recv] <<< 23:c9:cc:4b:a0:3a,30155,-37,2086,53.28,35.86,40,111139,111649
[Recv] <<< 23:c9:cc:4b:a0:3a,30156,-37,2087,53.27,35.86,27,111166,111676
[Recv] <<< 23:c9:cc:4b:a0:3a,30157,-37,2088,53.26,35.86,37,111203,111713
[Recv] <<< 23:c9:cc:4b:a0:3a,30159,-37,2089,53.27,35.86,69,111272,111782
[Recv] <<< 23:c9:cc:4b:a0:3a,30160,-37,2090,53.25,35.86,30,111302,111812
[Recv] <<< 23:c9:cc:4b:a0:3a,30162,-31,2091,53.26,35.85,59,111361,111871
[Recv] <<< 23:c9:cc:4b:a0:3a,30163,-37,2092,53.25,35.86,42,111403,111913
[Recv] <<< 23:c9:cc:4b:a0:3a,30164,-37,2093,53.24,35.86,38,111441,111951
[Recv] <<< 23:c9:cc:4b:a0:3a,30165,-37,2094,53.23,35.85,31,111472,111982
[Recv] <<< 23:c9:cc:4b:a0:3a,30182,-37,2095,53.49,35.85,587,112059,112569
[Recv] <<< 23:c9:cc:4b:a0:3a,30185,-37,2096,53.51,35.84,99,112158,112668
[Recv] <<< 23:c9:cc:4b:a0:3a,30189,-37,2097,53.55,35.84,137,112295,112805
[Recv] <<< 23:c9:cc:4b:a0:3a,30190,-37,2098,53.54,35.84,30,112325,112835
[Recv] <<< 23:c9:cc:4b:a0:3a,30191,-37,2099,53.53,35.84,30,112355,112865
[Recv] <<< 23:c9:cc:4b:a0:3a,30192,-37,2100,53.52,35.84,41,112396,112906
[Recv] <<< 23:c9:cc:4b:a0:3a,30193,-37,2101,53.51,35.84,34,112430,112940
[Recv] <<< 23:c9:cc:4b:a0:3a,30195,-28,2102,53.52,35.84,77,112507,113017
[Recv] <<< 23:c9:cc:4b:a0:3a,30196,-28,2103,53.51,35.84,32,112539,113049
[Recv] <<< 23:c9:cc:4b:a0:3a,30197,-28,2104,53.51,35.84,39,112578,113088
[Recv] <<< 23:c9:cc:4b:a0:3a,30253,-31,2105,54.37,35.80,1867,114445,114955
[Recv] <<< 23:c9:cc:4b:a0:3a,30254,-31,2106,54.36,35.80,36,114481,114991
[Recv] <<< 23:c9:cc:4b:a0:3a,30255,-31,2107,54.35,35.80,36,114517,115027
[Recv] <<< 23:c9:cc:4b:a0:3a,30263,-28,2108,54.45,35.79,263,114780,115290
[Recv] <<< 23:c9:cc:4b:a0:3a,30267,-31,2109,54.50,35.79,155,114935,115445
[Recv] <<< 23:c9:cc:4b:a0:3a,30268,-30,2110,54.49,35.79,29,114964,115474
[Recv] <<< 23:c9:cc:4b:a0:3a,30269,-31,2111,54.47,35.79,31,114995,115505
[Recv] <<< 23:c9:cc:4b:a0:3a,30287,-30,2112,54.74,35.78,613,115608,116118
[Recv] <<< 23:c9:cc:4b:a0:3a,30289,-28,2113,54.75,35.78,69,115677,116187
[Recv] <<< 23:c9:cc:4b:a0:3a,30290,-28,2114,54.74,35.78,34,115711,116221
[Recv] <<< 23:c9:cc:4b:a0:3a,30291,-37,2115,54.72,35.78,30,115741,116251
[Recv] <<< 23:c9:cc:4b:a0:3a,30292,-37,2116,54.71,35.78,34,115775,116285
[Recv] <<< 23:c9:cc:4b:a0:3a,30293,-37,2117,54.70,35.77,28,115803,116313
[Recv] <<< 23:c9:cc:4b:a0:3a,30294,-31,2118,54.69,35.77,34,115837,116347
[Recv] <<< 23:c9:cc:4b:a0:3a,30295,-31,2119,54.68,35.77,28,115865,116375
[Recv] <<< 23:c9:cc:4b:a0:3a,30296,-31,2120,54.67,35.77,37,115902,116412
[Recv] <<< 23:c9:cc:4b:a0:3a,30297,-30,2121,54.66,35.77,35,115937,116447
[Recv] <<< 23:c9:cc:4b:a0:3a,30298,-30,2122,54.65,35.77,31,115968,116478
[Recv] <<< 23:c9:cc:4b:a0:3a,30299,-31,2123,54.64,35.77,33,116001,116511
[Recv] <<< 23:c9:cc:4b:a0:3a,30304,-28,2124,54.70,35.77,173,116174,116684
[Recv] <<< 23:c9:cc:4b:a0:3a,30305,-30,2125,54.69,35.77,34,116208,116718
[Recv] <<< 23:c9:cc:4b:a0:3a,30306,-31,2126,54.68,35.77,43,116251,116761
[Recv] <<< 23:c9:cc:4b:a0:3a,30307,-30,2127,54.67,35.77,39,116290,116800
[Recv] <<< 23:c9:cc:4b:a0:3a,30309,-28,2128,54.67,35.77,54,116344,116854
[Recv] <<< 23:c9:cc:4b:a0:3a,30310,-28,2129,54.67,35.77,39,116383,116893
[Recv] <<< 23:c9:cc:4b:a0:3a,30311,-28,2130,54.65,35.76,31,116414,116924
[Recv] <<< 23:c9:cc:4b:a0:3a,30313,-28,2131,54.66,35.77,73,116487,116997
[Recv] <<< 23:c9:cc:4b:a0:3a,30316,-37,2132,54.68,35.76,100,116587,117097
[Recv] <<< 23:c9:cc:4b:a0:3a,30318,-37,2133,54.69,35.76,61,116648,117158
[Recv] <<< 23:c9:cc:4b:a0:3a,30320,-31,2134,54.69,35.76,71,116719,117229
[Recv] <<< 23:c9:cc:4b:a0:3a,30321,-30,2135,54.69,35.76,34,116753,117263
[Recv] <<< 23:c9:cc:4b:a0:3a,30322,-31,2136,54.67,35.76,32,116785,117295
[Recv] <<< 23:c9:cc:4b:a0:3a,30324,-30,2137,54.68,35.76,72,116857,117367
[Recv] <<< 23:c9:cc:4b:a0:3a,30326,-28,2138,54.69,35.76,65,116922,117432
[Recv] <<< 23:c9:cc:4b:a0:3a,30327,-27,2139,54.68,35.75,28,116950,117460
[Recv] <<< 23:c9:cc:4b:a0:3a,30331,-28,2140,54.72,35.75,146,117096,117606
[Recv] <<< 23:c9:cc:4b:a0:3a,30332,-37,2141,54.71,35.75,29,117125,117635
[Recv] <<< 23:c9:cc:4b:a0:3a,30333,-37,2142,54.69,35.75,30,117155,117665
[Recv] <<< 23:c9:cc:4b:a0:3a,30334,-28,2143,54.69,35.75,43,117198,117708
[Recv] <<< 23:c9:cc:4b:a0:3a,30343,-30,2144,54.82,35.75,326,117524,118034
[Recv] <<< 23:c9:cc:4b:a0:3a,30347,-30,2145,54.86,35.75,140,117664,118174
[Recv] <<< 23:c9:cc:4b:a0:3a,30348,-31,2146,54.84,35.75,29,117693,118203
[Recv] <<< 23:c9:cc:4b:a0:3a,30349,-30,2147,54.83,35.75,31,117724,118234
[Recv] <<< 23:c9:cc:4b:a0:3a,30350,-31,2148,54.83,35.75,43,117767,118277
[Recv] <<< 23:c9:cc:4b:a0:3a,30351,-31,2149,54.82,35.75,37,117804,118314
[Recv] <<< 23:c9:cc:4b:a0:3a,30353,-28,2150,54.82,35.75,57,117861,118371
[Recv] <<< 23:c9:cc:4b:a0:3a,30355,-27,2151,54.83,35.75,73,117934,118444
[Recv] <<< 23:c9:cc:4b:a0:3a,30356,-28,2152,54.82,35.75,35,117969,118479
[Recv] <<< 23:c9:cc:4b:a0:3a,30357,-28,2153,54.81,35.75,27,117996,118506
[Recv] <<< 23:c9:cc:4b:a0:3a,30360,-31,2154,54.82,35.74,96,118092,118602
[Recv] <<< 23:c9:cc:4b:a0:3a,30361,-30,2155,54.82,35.74,39,118131,118641
[Recv] <<< 23:c9:cc:4b:a0:3a,30362,-30,2156,54.80,35.74,22,118153,118663
[Recv] <<< 23:c9:cc:4b:a0:3a,30363,-31,2157,54.79,35.74,37,118190,118700
[Recv] <<< 23:c9:cc:4b:a0:3a,30364,-31,2158,54.79,35.74,41,118231,118741
[Recv] <<< 23:c9:cc:4b:a0:3a,30365,-37,2159,54.78,35.74,38,118269,118779
[Recv] <<< 23:c9:cc:4b:a0:3a,30367,-30,2160,54.79,35.74,67,118336,118846
[Recv] <<< 23:c9:cc:4b:a0:3a,30368,-31,2161,54.78,35.74,37,118373,118883
[Recv] <<< 23:c9:cc:4b:a0:3a,30369,-37,2162,54.77,35.74,39,118412,118922
[Recv] <<< 23:c9:cc:4b:a0:3a,30371,-30,2163,54.78,35.74,67,118479,118989
[Recv] <<< 23:c9:cc:4b:a0:3a,30373,-37,2164,54.78,35.74,73,118552,119062
[Recv] <<< 23:c9:cc:4b:a0:3a,30374,-37,2165,54.78,35.74,46,118598,119108
[Recv] <<< 23:c9:cc:4b:a0:3a,30375,-37,2166,54.77,35.74,30,118628,119138
[Recv] <<< 23:c9:cc:4b:a0:3a,30376,-37,2167,54.76,35.74,35,118663,119173
[Recv] <<< 23:c9:cc:4b:a0:3a,30377,-37,2168,54.75,35.74,33,118696,119206
[Recv] <<< 23:c9:cc:4b:a0:3a,30378,-37,2169,54.74,35.74,35,118731,119241
[Recv] <<< 23:c9:cc:4b:a0:3a,30379,-37,2170,54.73,35.74,31,118762,119272
[Recv] <<< 23:c9:cc:4b:a0:3a,30380,-37,2171,54.72,35.74,31,118793,119303
[Recv] <<< 23:c9:cc:4b:a0:3a,30382,-37,2172,54.73,35.74,72,118865,119375
[Recv] <<< 23:c9:cc:4b:a0:3a,30383,-37,2173,54.72,35.74,37,118902,119412
[Recv] <<< 23:c9:cc:4b:a0:3a,30384,-37,2174,54.71,35.74,30,118932,119442
[Recv] <<< 23:c9:cc:4b:a0:3a,30385,-37,2175,54.70,35.74,38,118970,119480
[Recv] <<< 23:c9:cc:4b:a0:3a,30386,-37,2176,54.69,35.74,34,119004,119514
[Recv] <<< 23:c9:cc:4b:a0:3a,30388,-30,2177,54.69,35.73,59,119063,119573
[Recv] <<< 23:c9:cc:4b:a0:3a,30389,-37,2178,54.68,35.73,38,119101,119611
[Recv] <<< 23:c9:cc:4b:a0:3a,30390,-37,2179,54.68,35.74,44,119145,119655
[Recv] <<< 23:c9:cc:4b:a0:3a,30391,-37,2180,54.66,35.73,21,119166,119676
[Recv] <<< 23:c9:cc:4b:a0:3a,30392,-30,2181,54.65,35.73,32,119198,119708
[Recv] <<< 23:c9:cc:4b:a0:3a,30394,-37,2182,54.66,35.73,80,119278,119788
[Recv] <<< 23:c9:cc:4b:a0:3a,30395,-37,2183,54.65,35.73,22,119300,119810
[Recv] <<< 23:c9:cc:4b:a0:3a,30396,-37,2184,54.64,35.73,42,119342,119852
[Recv] <<< 23:c9:cc:4b:a0:3a,30397,-37,2185,54.63,35.73,30,119372,119882
[Recv] <<< 23:c9:cc:4b:a0:3a,30398,-30,2186,54.62,35.73,29,119401,119911
[Recv] <<< 23:c9:cc:4b:a0:3a,30399,-30,2187,54.61,35.73,35,119436,119946
[Recv] <<< 23:c9:cc:4b:a0:3a,30400,-30,2188,54.60,35.73,34,119470,119980
[Recv] <<< 23:c9:cc:4b:a0:3a,30402,-31,2189,54.61,35.73,69,119539,120049
[Recv] <<< 23:c9:cc:4b:a0:3a,30415,-37,2190,54.78,35.72,437,119976,120486
[Recv] <<< 23:c9:cc:4b:a0:3a,30418,-30,2191,54.80,35.71,93,120069,120579
[Recv] <<< 23:c9:cc:4b:a0:3a,30419,-31,2192,54.79,35.71,30,120099,120609
[Recv] <<< 23:c9:cc:4b:a0:3a,30420,-30,2193,54.78,35.71,35,120134,120644
[Recv] <<< 23:c9:cc:4b:a0:3a,30421,-31,2194,54.77,35.71,32,120166,120676
[Recv] <<< 23:c9:cc:4b:a0:3a,30423,-30,2195,54.78,35.71,77,120243,120753
[Recv] <<< 23:c9:cc:4b:a0:3a,30424,-31,2196,54.77,35.71,31,120274,120784
[Recv] <<< 23:c9:cc:4b:a0:3a,30426,-27,2197,54.77,35.71,59,120333,120843
[Recv] <<< 23:c9:cc:4b:a0:3a,30427,-28,2198,54.76,35.71,30,120363,120873
[Recv] <<< 23:c9:cc:4b:a0:3a,30428,-28,2199,54.75,35.71,38,120401,120911
[Recv] <<< 23:c9:cc:4b:a0:3a,30429,-28,2200,54.74,35.70,24,120425,120935
[Recv] <<< 23:c9:cc:4b:a0:3a,30430,-27,2201,54.73,35.70,41,120466,120976
[Recv] <<< 23:c9:cc:4b:a0:3a,30432,-30,2202,54.74,35.70,69,120535,121045
[Recv] <<< 23:c9:cc:4b:a0:3a,30433,-28,2203,54.73,35.70,35,120570,121080
[Recv] <<< 23:c9:cc:4b:a0:3a,30434,-28,2204,54.72,35.70,32,120602,121112
[Recv] <<< 23:c9:cc:4b:a0:3a,30435,-37,2205,54.71,35.70,32,120634,121144
[Recv] <<< 23:c9:cc:4b:a0:3a,30438,-30,2206,54.73,35.70,92,120726,121236
[Recv] <<< 23:c9:cc:4b:a0:3a,30439,-30,2207,54.72,35.70,31,120757,121267
[Recv] <<< 23:c9:cc:4b:a0:3a,30440,-37,2208,54.71,35.70,42,120799,121309
[Recv] <<< 23:c9:cc:4b:a0:3a,30441,-31,2209,54.70,35.69,27,120826,121336
[Recv] <<< 23:c9:cc:4b:a0:3a,30484,-37,2210,55.35,35.69,1507,122333,122843
[Recv] <<< 23:c9:cc:4b:a0:3a,30485,-37,2211,55.34,35.69,34,122367,122877
[Recv] <<< 23:c9:cc:4b:a0:3a,30486,-37,2212,55.34,35.69,36,122403,122913
[Recv] <<< 23:c9:cc:4b:a0:3a,30487,-37,2213,55.33,35.69,36,122439,122949
[Recv] <<< 23:c9:cc:4b:a0:3a,30503,-31,2214,55.55,35.68,546,122985,123495
[Recv] <<< 23:c9:cc:4b:a0:3a,30504,-37,2215,55.54,35.68,41,123026,123536
[Recv] <<< 23:c9:cc:4b:a0:3a,30505,-37,2216,55.53,35.68,36,123062,123572
[Recv] <<< 23:c9:cc:4b:a0:3a,30506,-37,2217,55.52,35.68,35,123097,123607
[Recv] <<< 23:c9:cc:4b:a0:3a,30507,-37,2218,55.51,35.68,32,123129,123639
[Recv] <<< 23:c9:cc:4b:a0:3a,30508,-37,2219,55.50,35.68,30,123159,123669
[Recv] <<< 23:c9:cc:4b:a0:3a,30509,-37,2220,55.49,35.68,35,123194,123704
[Recv] <<< 23:c9:cc:4b:a0:3a,30511,-37,2221,55.50,35.67,62,123256,123766
[Recv] <<< 23:c9:cc:4b:a0:3a,30512,-37,2222,55.49,35.67,36,123292,123802
[Recv] <<< 23:c9:cc:4b:a0:3a,30514,-37,2223,55.49,35.68,73,123365,123875
[Recv] <<< 23:c9:cc:4b:a0:3a,30516,-37,2224,55.50,35.67,68,123433,123943
[Recv] <<< 23:c9:cc:4b:a0:3a,30517,-37,2225,55.49,35.67,31,123464,123974
[Recv] <<< 23:c9:cc:4b:a0:3a,30519,-37,2226,55.50,35.67,77,123541,124051
[Recv] <<< 23:c9:cc:4b:a0:3a,30520,-37,2227,55.49,35.67,28,123569,124079
[Recv] <<< 23:c9:cc:4b:a0:3a,30532,-31,2228,55.65,35.67,416,123985,124495
[Recv] <<< 23:c9:cc:4b:a0:3a,30534,-31,2229,55.66,35.67,74,124059,124569
[Recv] <<< 23:c9:cc:4b:a0:3a,30535,-31,2230,55.65,35.67,32,124091,124601
[Recv] <<< 23:c9:cc:4b:a0:3a,30539,-31,2231,55.68,35.67,136,124227,124737
[Recv] <<< 23:c9:cc:4b:a0:3a,30541,-28,2232,55.69,35.67,67,124294,124804
[Recv] <<< 23:c9:cc:4b:a0:3a,30542,-31,2233,55.68,35.67,43,124337,124847
[Recv] <<< 23:c9:cc:4b:a0:3a,30543,-31,2234,55.67,35.67,38,124375,124885
[Recv] <<< 23:c9:cc:4b:a0:3a,30544,-31,2235,55.66,35.67,30,124405,124915
[Recv] <<< 23:c9:cc:4b:a0:3a,30545,-31,2236,55.65,35.66,30,124435,124945
[Recv] <<< 23:c9:cc:4b:a0:3a,30546,-31,2237,55.65,35.67,43,124478,124988
[Recv] <<< 23:c9:cc:4b:a0:3a,30548,-37,2238,55.65,35.67,69,124547,125057
[Recv] <<< 23:c9:cc:4b:a0:3a,30551,-31,2239,55.67,35.66,94,124641,125151
[Recv] <<< 23:c9:cc:4b:a0:3a,30552,-31,2240,55.66,35.66,36,124677,125187
[Recv] <<< 23:c9:cc:4b:a0:3a,30553,-31,2241,55.65,35.66,34,124711,125221
[Recv] <<< 23:c9:cc:4b:a0:3a,30554,-31,2242,55.64,35.66,34,124745,125255
[Recv] <<< 23:c9:cc:4b:a0:3a,30556,-31,2243,55.64,35.66,59,124804,125314
[Recv] <<< 23:c9:cc:4b:a0:3a,30557,-31,2244,55.63,35.66,38,124842,125352
[Recv] <<< 23:c9:cc:4b:a0:3a,30558,-31,2245,55.62,35.66,35,124877,125387
[Recv] <<< 23:c9:cc:4b:a0:3a,30560,-31,2246,55.63,35.66,78,124955,125465
[Recv] <<< 23:c9:cc:4b:a0:3a,30668,-31,2247,57.29,35.64,3771,128726,129236
[Recv] <<< 23:c9:cc:4b:a0:3a,30669,-31,2248,57.27,35.64,27,128753,129263
[Recv] <<< 23:c9:cc:4b:a0:3a,30670,-37,2249,57.27,35.64,38,128791,129301
[Recv] <<< 23:c9:cc:4b:a0:3a,30671,-31,2250,57.25,35.64,31,128822,129332
[Recv] <<< 23:c9:cc:4b:a0:3a,30672,-31,2251,57.24,35.64,36,128858,129368
[Recv] <<< 23:c9:cc:4b:a0:3a,30673,-31,2252,57.23,35.64,34,128892,129402
[Recv] <<< 23:c9:cc:4b:a0:3a,30674,-31,2253,57.22,35.63,32,128924,129434
[Recv] <<< 23:c9:cc:4b:a0:3a,30676,-31,2254,57.23,35.63,68,128992,129502
[Recv] <<< 23:c9:cc:4b:a0:3a,30677,-31,2255,57.22,35.63,35,129027,129537
[Recv] <<< 23:c9:cc:4b:a0:3a,30678,-31,2256,57.21,35.63,33,129060,129570
[Recv] <<< 23:c9:cc:4b:a0:3a,30680,-31,2257,57.21,35.63,66,129126,129636
[Recv] <<< 23:c9:cc:4b:a0:3a,30681,-31,2258,57.20,35.63,37,129163,129673
[Recv] <<< 23:c9:cc:4b:a0:3a,30682,-31,2259,57.19,35.63,34,129197,129707
[Recv] <<< 23:c9:cc:4b:a0:3a,30685,-30,2260,57.21,35.63,94,129291,129801
[Recv] <<< 23:c9:cc:4b:a0:3a,30727,-37,2261,57.82,35.61,1443,130734,131244
[Recv] <<< 23:c9:cc:4b:a0:3a,30728,-37,2262,57.81,35.61,39,130773,131283
[Recv] <<< 23:c9:cc:4b:a0:3a,30729,-37,2263,57.80,35.61,28,130801,131311
[Recv] <<< 23:c9:cc:4b:a0:3a,30731,-31,2264,57.80,35.61,65,130866,131376
[Recv] <<< 23:c9:cc:4b:a0:3a,30733,-28,2265,57.81,35.61,79,130945,131455
[Recv] <<< 23:c9:cc:4b:a0:3a,30734,-28,2266,57.81,35.61,46,130991,131501
[Recv] <<< 23:c9:cc:4b:a0:3a,30735,-28,2267,57.80,35.61,36,131027,131537
[Recv] <<< 23:c9:cc:4b:a0:3a,30737,-28,2268,57.80,35.61,66,131093,131603
[Recv] <<< 23:c9:cc:4b:a0:3a,30738,-28,2269,57.79,35.61,29,131122,131632
[Recv] <<< 23:c9:cc:4b:a0:3a,30739,-28,2270,57.78,35.61,35,131157,131667
[Recv] <<< 23:c9:cc:4b:a0:3a,30740,-28,2271,57.77,35.61,32,131189,131699
[Recv] <<< 23:c9:cc:4b:a0:3a,30741,-31,2272,57.76,35.61,52,131241,131751
[Recv] <<< 23:c9:cc:4b:a0:3a,30745,-28,2273,57.80,35.61,130,131371,131881
[Recv] <<< 23:c9:cc:4b:a0:3a,30746,-28,2274,57.79,35.61,34,131405,131915
[Recv] <<< 23:c9:cc:4b:a0:3a,30747,-28,2275,57.77,35.61,28,131433,131943
[Recv] <<< 23:c9:cc:4b:a0:3a,30752,-31,2276,57.83,35.61,183,131616,132126
[Recv] <<< 23:c9:cc:4b:a0:3a,30753,-31,2277,57.82,35.61,40,131656,132166
[Recv] <<< 23:c9:cc:4b:a0:3a,30754,-31,2278,57.81,35.61,37,131693,132203
[Recv] <<< 23:c9:cc:4b:a0:3a,30756,-28,2279,57.81,35.61,62,131755,132265
[Recv] <<< 23:c9:cc:4b:a0:3a,30757,-28,2280,57.80,35.61,24,131779,132289
[Recv] <<< 23:c9:cc:4b:a0:3a,30758,-28,2281,57.79,35.61,34,131813,132323
[Recv] <<< 23:c9:cc:4b:a0:3a,30759,-28,2282,57.78,35.61,34,131847,132357
[Recv] <<< 23:c9:cc:4b:a0:3a,30760,-28,2283,57.77,35.60,33,131880,132390
[Recv] <<< 23:c9:cc:4b:a0:3a,30761,-28,2284,57.75,35.60,29,131909,132419
[Recv] <<< 23:c9:cc:4b:a0:3a,30762,-37,2285,57.74,35.60,38,131947,132457
[Recv] <<< 23:c9:cc:4b:a0:3a,30763,-40,2286,57.73,35.60,32,131979,132489
[Recv] <<< 23:c9:cc:4b:a0:3a,30764,-37,2287,57.72,35.60,35,132014,132524
[Recv] <<< 23:c9:cc:4b:a0:3a,30765,-37,2288,57.71,35.60,29,132043,132553
[Recv] <<< 23:c9:cc:4b:a0:3a,30767,-37,2289,57.72,35.60,74,132117,132627
[Recv] <<< 23:c9:cc:4b:a0:3a,30770,-31,2290,57.73,35.60,90,132207,132717
[Recv] <<< 23:c9:cc:4b:a0:3a,30771,-31,2291,57.72,35.59,26,132233,132743
[Recv] <<< 23:c9:cc:4b:a0:3a,30772,-31,2292,57.71,35.59,37,132270,132780
[Recv] <<< 23:c9:cc:4b:a0:3a,30773,-31,2293,57.70,35.59,32,132302,132812
[Recv] <<< 23:c9:cc:4b:a0:3a,30776,-28,2294,57.71,35.59,96,132398,132908
[Recv] <<< 23:c9:cc:4b:a0:3a,30777,-28,2295,57.70,35.59,31,132429,132939
[Recv] <<< 23:c9:cc:4b:a0:3a,30778,-28,2296,57.69,35.59,32,132461,132971
[Recv] <<< 23:c9:cc:4b:a0:3a,30780,-28,2297,57.70,35.59,69,132530,133040
[Recv] <<< 23:c9:cc:4b:a0:3a,30782,-37,2298,57.70,35.59,66,132596,133106
[Recv] <<< 23:c9:cc:4b:a0:3a,30783,-37,2299,57.69,35.59,33,132629,133139
[Recv] <<< 23:c9:cc:4b:a0:3a,30784,-30,2300,57.68,35.58,30,132659,133169
[Recv] <<< 23:c9:cc:4b:a0:3a,30785,-31,2301,57.67,35.58,34,132693,133203
[Recv] <<< 23:c9:cc:4b:a0:3a,30787,-31,2302,57.67,35.58,65,132758,133268
[Recv] <<< 23:c9:cc:4b:a0:3a,30788,-31,2303,57.66,35.58,31,132789,133299
[Recv] <<< 23:c9:cc:4b:a0:3a,30789,-28,2304,57.65,35.58,29,132818,133328
[Recv] <<< 23:c9:cc:4b:a0:3a,30790,-28,2305,57.64,35.58,37,132855,133365
[Recv] <<< 23:c9:cc:4b:a0:3a,30791,-28,2306,57.63,35.58,35,132890,133400
[Recv] <<< 23:c9:cc:4b:a0:3a,30794,-28,2307,57.65,35.58,99,132989,133499
[Recv] <<< 23:c9:cc:4b:a0:3a,30796,-31,2308,57.65,35.58,73,133062,133572
[Recv] <<< 23:c9:cc:4b:a0:3a,30797,-31,2309,57.64,35.58,32,133094,133604
[Recv] <<< 23:c9:cc:4b:a0:3a,30798,-31,2310,57.63,35.58,36,133130,133640
[Recv] <<< 23:c9:cc:4b:a0:3a,30799,-31,2311,57.62,35.58,35,133165,133675
[Recv] <<< 23:c9:cc:4b:a0:3a,30801,-28,2312,57.62,35.57,59,133224,133734
[Recv] <<< 23:c9:cc:4b:a0:3a,30802,-28,2313,57.61,35.57,36,133260,133770
[Recv] <<< 23:c9:cc:4b:a0:3a,30804,-31,2314,57.62,35.58,79,133339,133849
[Recv] <<< 23:c9:cc:4b:a0:3a,30811,-28,2315,57.69,35.57,224,133563,134073
[Recv] <<< 23:c9:cc:4b:a0:3a,30813,-28,2316,57.70,35.57,68,133631,134141
[Recv] <<< 23:c9:cc:4b:a0:3a,30814,-28,2317,57.69,35.57,37,133668,134178
[Recv] <<< 23:c9:cc:4b:a0:3a,30816,-28,2318,57.69,35.57,60,133728,134238
[Recv] <<< 23:c9:cc:4b:a0:3a,30817,-37,2319,57.68,35.57,35,133763,134273
[Recv] <<< 23:c9:cc:4b:a0:3a,30818,-37,2320,57.67,35.57,35,133798,134308
[Recv] <<< 23:c9:cc:4b:a0:3a,30819,-37,2321,57.66,35.56,30,133828,134338
[Recv] <<< 23:c9:cc:4b:a0:3a,30820,-37,2322,57.65,35.56,37,133865,134375
[Recv] <<< 23:c9:cc:4b:a0:3a,30821,-37,2323,57.64,35.56,34,133899,134409
[Recv] <<< 23:c9:cc:4b:a0:3a,30822,-37,2324,57.63,35.56,31,133930,134440
[Recv] <<< 23:c9:cc:4b:a0:3a,30823,-37,2325,57.62,35.56,37,133967,134477
[Recv] <<< 23:c9:cc:4b:a0:3a,30824,-28,2326,57.61,35.56,35,134002,134512
[Recv] <<< 23:c9:cc:4b:a0:3a,30825,-37,2327,57.60,35.56,30,134032,134542
[Recv] <<< 23:c9:cc:4b:a0:3a,30826,-37,2328,57.59,35.56,42,134074,134584
[Recv] <<< 23:c9:cc:4b:a0:3a,30827,-37,2329,57.58,35.56,29,134103,134613
[Recv] <<< 23:c9:cc:4b:a0:3a,30830,-31,2330,57.60,35.56,96,134199,134709
[Recv] <<< 23:c9:cc:4b:a0:3a,30831,-31,2331,57.59,35.56,34,134233,134743
[Recv] <<< 23:c9:cc:4b:a0:3a,30832,-31,2332,57.58,35.56,33,134266,134776
[Recv] <<< 23:c9:cc:4b:a0:3a,30833,-31,2333,57.57,35.56,40,134306,134816
[Recv] <<< 23:c9:cc:4b:a0:3a,30834,-37,2334,57.56,35.56,41,134347,134857
[Recv] <<< 23:c9:cc:4b:a0:3a,30835,-37,2335,57.55,35.56,33,134380,134890
[Recv] <<< 23:c9:cc:4b:a0:3a,30837,-30,2336,57.55,35.56,63,134443,134953
[Recv] <<< 23:c9:cc:4b:a0:3a,30838,-31,2337,57.54,35.55,25,134468,134978
[Recv] <<< 23:c9:cc:4b:a0:3a,30839,-31,2338,57.53,35.56,41,134509,135019
[Recv] <<< 23:c9:cc:4b:a0:3a,30840,-37,2339,57.52,35.56,37,134546,135056
[Recv] <<< 23:c9:cc:4b:a0:3a,30841,-37,2340,57.51,35.56,37,134583,135093
[Recv] <<< 23:c9:cc:4b:a0:3a,30842,-31,2341,57.50,35.56,29,134612,135122
[Recv] <<< 23:c9:cc:4b:a0:3a,30843,-37,2342,57.49,35.55,32,134644,135154
[Recv] <<< 23:c9:cc:4b:a0:3a,30844,-37,2343,57.48,35.55,38,134682,135192
[Recv] <<< 23:c9:cc:4b:a0:3a,30845,-37,2344,57.47,35.56,39,134721,135231
[Recv] <<< 23:c9:cc:4b:a0:3a,30846,-37,2345,57.46,35.55,28,134749,135259
[Recv] <<< 23:c9:cc:4b:a0:3a,30847,-37,2346,57.45,35.55,31,134780,135290
[Recv] <<< 23:c9:cc:4b:a0:3a,30848,-31,2347,57.44,35.55,27,134807,135317
[Recv] <<< 23:c9:cc:4b:a0:3a,30851,-31,2348,57.46,35.55,101,134908,135418
[Recv] <<< 23:c9:cc:4b:a0:3a,30852,-37,2349,57.45,35.55,42,134950,135460
[Recv] <<< 23:c9:cc:4b:a0:3a,30854,-31,2350,57.45,35.55,65,135015,135525
[Recv] <<< 23:c9:cc:4b:a0:3a,30855,-31,2351,57.44,35.55,30,135045,135555
[Recv] <<< 23:c9:cc:4b:a0:3a,30856,-31,2352,57.43,35.55,34,135079,135589
[Recv] <<< 23:c9:cc:4b:a0:3a,30857,-31,2353,57.42,35.55,29,135108,135618
[Recv] <<< 23:c9:cc:4b:a0:3a,30859,-27,2354,57.42,35.54,64,135172,135682
[Recv] <<< 23:c9:cc:4b:a0:3a,30860,-31,2355,57.42,35.55,44,135216,135726
[Recv] <<< 23:c9:cc:4b:a0:3a,30861,-28,2356,57.41,35.54,32,135248,135758
[Recv] <<< 23:c9:cc:4b:a0:3a,30862,-31,2357,57.40,35.55,39,135287,135797
[Recv] <<< 23:c9:cc:4b:a0:3a,30863,-31,2358,57.39,35.54,30,135317,135827
[Recv] <<< 23:c9:cc:4b:a0:3a,30864,-31,2359,57.38,35.54,32,135349,135859
[Recv] <<< 23:c9:cc:4b:a0:3a,30865,-31,2360,57.37,35.54,40,135389,135899
[Recv] <<< 23:c9:cc:4b:a0:3a,30866,-31,2361,57.36,35.54,27,135416,135926
[Recv] <<< 23:c9:cc:4b:a0:3a,30867,-31,2362,57.35,35.54,39,135455,135965
[Recv] <<< 23:c9:cc:4b:a0:3a,30868,-31,2363,57.34,35.54,40,135495,136005
[Recv] <<< 23:c9:cc:4b:a0:3a,30869,-31,2364,57.33,35.54,27,135522,136032
[Recv] <<< 23:c9:cc:4b:a0:3a,30870,-31,2365,57.32,35.54,32,135554,136064
[Recv] <<< 23:c9:cc:4b:a0:3a,30872,-31,2366,57.32,35.54,67,135621,136131
[Recv] <<< 23:c9:cc:4b:a0:3a,30873,-31,2367,57.31,35.54,32,135653,136163
[Recv] <<< 23:c9:cc:4b:a0:3a,30874,-30,2368,57.30,35.54,33,135686,136196
[Recv] <<< 23:c9:cc:4b:a0:3a,30875,-31,2369,57.29,35.54,35,135721,136231
[Recv] <<< 23:c9:cc:4b:a0:3a,30876,-31,2370,57.28,35.54,36,135757,136267
[Recv] <<< 23:c9:cc:4b:a0:3a,30877,-31,2371,57.27,35.54,38,135795,136305
[Recv] <<< 23:c9:cc:4b:a0:3a,30878,-30,2372,57.26,35.54,30,135825,136335
[Recv] <<< 23:c9:cc:4b:a0:3a,30879,-31,2373,57.25,35.54,30,135855,136365
[Recv] <<< 23:c9:cc:4b:a0:3a,30880,-31,2374,57.24,35.54,42,135897,136407
[Recv] <<< 23:c9:cc:4b:a0:3a,30881,-31,2375,57.23,35.54,33,135930,136440
[Recv] <<< 23:c9:cc:4b:a0:3a,30882,-31,2376,57.22,35.54,28,135958,136468
[Recv] <<< 23:c9:cc:4b:a0:3a,30883,-28,2377,57.21,35.54,37,135995,136505
[Recv] <<< 23:c9:cc:4b:a0:3a,30886,-28,2378,57.23,35.53,96,136091,136601
[Recv] <<< 23:c9:cc:4b:a0:3a,30887,-28,2379,57.22,35.53,38,136129,136639
[Recv] <<< 23:c9:cc:4b:a0:3a,30888,-28,2380,57.21,35.53,35,136164,136674
[Recv] <<< 23:c9:cc:4b:a0:3a,30889,-28,2381,57.20,35.53,35,136199,136709
[Recv] <<< 23:c9:cc:4b:a0:3a,30890,-28,2382,57.19,35.53,37,136236,136746
[Recv] <<< 23:c9:cc:4b:a0:3a,30894,-28,2383,57.23,35.53,139,136375,136885
[Recv] <<< 23:c9:cc:4b:a0:3a,30900,-28,2384,57.29,35.53,205,136580,137090
[Recv] <<< 23:c9:cc:4b:a0:3a,30901,-28,2385,57.28,35.53,29,136609,137119
[Recv] <<< 23:c9:cc:4b:a0:3a,30902,-28,2386,57.27,35.53,32,136641,137151
[Recv] <<< 23:c9:cc:4b:a0:3a,30903,-28,2387,57.26,35.53,35,136676,137186
[Recv] <<< 23:c9:cc:4b:a0:3a,30911,-37,2388,57.34,35.52,263,136939,137449
[Recv] <<< 23:c9:cc:4b:a0:3a,30912,-38,2389,57.34,35.52,35,136974,137484
[Recv] <<< 23:c9:cc:4b:a0:3a,30917,-31,2390,57.38,35.52,156,137130,137640
[Recv] <<< 23:c9:cc:4b:a0:3a,30918,-31,2391,57.37,35.52,38,137168,137678
[Recv] <<< 23:c9:cc:4b:a0:3a,30924,-31,2392,57.43,35.52,206,137374,137884
[Recv] <<< 23:c9:cc:4b:a0:3a,30925,-28,2393,57.42,35.51,25,137399,137909
[Recv] <<< 23:c9:cc:4b:a0:3a,30926,-28,2394,57.41,35.51,35,137434,137944
[Recv] <<< 23:c9:cc:4b:a0:3a,30927,-28,2395,57.40,35.51,36,137470,137980
[Recv] <<< 23:c9:cc:4b:a0:3a,30928,-28,2396,57.39,35.51,32,137502,138012
[Recv] <<< 23:c9:cc:4b:a0:3a,30929,-28,2397,57.38,35.51,26,137528,138038
[Recv] <<< 23:c9:cc:4b:a0:3a,30930,-28,2398,57.37,35.51,39,137567,138077
[Recv] <<< 23:c9:cc:4b:a0:3a,30932,-28,2399,57.37,35.51,70,137637,138147
[Recv] <<< 23:c9:cc:4b:a0:3a,30933,-28,2400,57.36,35.51,28,137665,138175
[Recv] <<< 23:c9:cc:4b:a0:3a,30934,-31,2401,57.36,35.51,45,137710,138220
[Recv] <<< 23:c9:cc:4b:a0:3a,30935,-31,2402,57.35,35.51,33,137743,138253
[Recv] <<< 23:c9:cc:4b:a0:3a,30960,-31,2403,57.67,35.49,828,138571,139081
[Recv] <<< 23:c9:cc:4b:a0:3a,30961,-31,2404,57.66,35.49,36,138607,139117
[Recv] <<< 23:c9:cc:4b:a0:3a,30962,-28,2405,57.64,35.49,23,138630,139140
[Recv] <<< 23:c9:cc:4b:a0:3a,30963,-28,2406,57.63,35.49,34,138664,139174
[Recv] <<< 23:c9:cc:4b:a0:3a,30964,-28,2407,57.62,35.49,31,138695,139205
[Recv] <<< 23:c9:cc:4b:a0:3a,30965,-28,2408,57.61,35.49,34,138729,139239
[Recv] <<< 23:c9:cc:4b:a0:3a,30966,-31,2409,57.60,35.49,35,138764,139274
[Recv] <<< 23:c9:cc:4b:a0:3a,30968,-37,2410,57.61,35.49,81,138845,139355
[Recv] <<< 23:c9:cc:4b:a0:3a,30969,-37,2411,57.60,35.49,33,138878,139388
[Recv] <<< 23:c9:cc:4b:a0:3a,30970,-37,2412,57.59,35.49,36,138914,139424
[Recv] <<< 23:c9:cc:4b:a0:3a,30972,-37,2413,57.60,35.49,64,138978,139488
[Recv] <<< 23:c9:cc:4b:a0:3a,30973,-37,2414,57.59,35.49,36,139014,139524
[Recv] <<< 23:c9:cc:4b:a0:3a,30974,-37,2415,57.57,35.49,28,139042,139552
[Recv] <<< 23:c9:cc:4b:a0:3a,30975,-30,2416,57.57,35.49,38,139080,139590
[Recv] <<< 23:c9:cc:4b:a0:3a,30976,-31,2417,57.56,35.49,35,139115,139625
[Recv] <<< 23:c9:cc:4b:a0:3a,30977,-31,2418,57.54,35.49,26,139141,139651
[Recv] <<< 23:c9:cc:4b:a0:3a,30978,-30,2419,57.54,35.49,41,139182,139692
[Recv] <<< 23:c9:cc:4b:a0:3a,30979,-31,2420,57.53,35.49,32,139214,139724
[Recv] <<< 23:c9:cc:4b:a0:3a,30980,-31,2421,57.51,35.48,26,139240,139750
[Recv] <<< 23:c9:cc:4b:a0:3a,30981,-31,2422,57.50,35.48,32,139272,139782
[Recv] <<< 23:c9:cc:4b:a0:3a,30982,-31,2423,57.50,35.48,41,139313,139823
[Recv] <<< 23:c9:cc:4b:a0:3a,30984,-37,2424,57.50,35.49,73,139386,139896
[Recv] <<< 23:c9:cc:4b:a0:3a,30985,-28,2425,57.50,35.49,51,139437,139947
[Recv] <<< 23:c9:cc:4b:a0:3a,30986,-28,2426,57.49,35.49,35,139472,139982
[Recv] <<< 23:c9:cc:4b:a0:3a,30987,-28,2427,57.48,35.49,34,139506,140016
[Recv] <<< 23:c9:cc:4b:a0:3a,30988,-28,2428,57.47,35.49,28,139534,140044
[Recv] <<< 23:c9:cc:4b:a0:3a,30989,-28,2429,57.46,35.49,42,139576,140086
[Recv] <<< 23:c9:cc:4b:a0:3a,30990,-28,2430,57.45,35.49,27,139603,140113
[Recv] <<< 23:c9:cc:4b:a0:3a,30992,-37,2431,57.45,35.48,59,139662,140172
[Recv] <<< 23:c9:cc:4b:a0:3a,30993,-37,2432,57.44,35.48,34,139696,140206
[Recv] <<< 23:c9:cc:4b:a0:3a,30994,-37,2433,57.43,35.48,33,139729,140239
[Recv] <<< 23:c9:cc:4b:a0:3a,30995,-37,2434,57.42,35.48,33,139762,140272
[Recv] <<< 23:c9:cc:4b:a0:3a,30996,-37,2435,57.41,35.48,31,139793,140303
[Recv] <<< 23:c9:cc:4b:a0:3a,30997,-37,2436,57.40,35.48,33,139826,140336
[Recv] <<< 23:c9:cc:4b:a0:3a,30998,-37,2437,57.39,35.48,35,139861,140371
[Recv] <<< 23:c9:cc:4b:a0:3a,30999,-37,2438,57.38,35.48,34,139895,140405
[Recv] <<< 23:c9:cc:4b:a0:3a,31000,-37,2439,57.37,35.48,33,139928,140438
[Recv] <<< 23:c9:cc:4b:a0:3a,31001,-37,2440,57.36,35.48,35,139963,140473
[Recv] <<< 23:c9:cc:4b:a0:3a,31005,-28,2441,57.40,35.48,144,140107,140617
[Recv] <<< 23:c9:cc:4b:a0:3a,31006,-28,2442,57.38,35.48,27,140134,140644
[Recv] <<< 23:c9:cc:4b:a0:3a,31007,-28,2443,57.38,35.48,35,140169,140679
[Recv] <<< 23:c9:cc:4b:a0:3a,31008,-28,2444,57.37,35.48,34,140203,140713
[Recv] <<< 23:c9:cc:4b:a0:3a,31009,-28,2445,57.36,35.48,36,140239,140749
[Recv] <<< 23:c9:cc:4b:a0:3a,31012,-37,2446,57.37,35.47,96,140335,140845
[Recv] <<< 23:c9:cc:4b:a0:3a,31014,-37,2447,57.38,35.47,68,140403,140913
[Recv] <<< 23:c9:cc:4b:a0:3a,31015,-37,2448,57.37,35.47,34,140437,140947
[Recv] <<< 23:c9:cc:4b:a0:3a,31016,-37,2449,57.36,35.47,34,140471,140981
[Recv] <<< 23:c9:cc:4b:a0:3a,31017,-37,2450,57.35,35.47,27,140498,141008
[Recv] <<< 23:c9:cc:4b:a0:3a,31018,-37,2451,57.34,35.47,37,140535,141045
[Recv] <<< 23:c9:cc:4b:a0:3a,31020,-37,2452,57.34,35.47,63,140598,141108
[Recv] <<< 23:c9:cc:4b:a0:3a,31021,-37,2453,57.33,35.47,31,140629,141139
[Recv] <<< 23:c9:cc:4b:a0:3a,31023,-37,2454,57.34,35.47,76,140705,141215
[Recv] <<< 23:c9:cc:4b:a0:3a,31024,-37,2455,57.33,35.47,38,140743,141253
[Recv] <<< 23:c9:cc:4b:a0:3a,31025,-37,2456,57.32,35.47,29,140772,141282
[Recv] <<< 23:c9:cc:4b:a0:3a,31026,-37,2457,57.30,35.47,25,140797,141307
[Recv] <<< 23:c9:cc:4b:a0:3a,31027,-37,2458,57.30,35.47,42,140839,141349
[Recv] <<< 23:c9:cc:4b:a0:3a,31028,-37,2459,57.29,35.47,32,140871,141381
[Recv] <<< 23:c9:cc:4b:a0:3a,31030,-28,2460,57.30,35.47,76,140947,141457
[Recv] <<< 23:c9:cc:4b:a0:3a,31032,-37,2461,57.30,35.47,64,141011,141521
[Recv] <<< 23:c9:cc:4b:a0:3a,31033,-37,2462,57.29,35.46,31,141042,141552
[Recv] <<< 23:c9:cc:4b:a0:3a,31034,-38,2463,57.28,35.46,33,141075,141585
[Recv] <<< 23:c9:cc:4b:a0:3a,31036,-37,2464,57.28,35.46,72,141147,141657
[Recv] <<< 23:c9:cc:4b:a0:3a,31037,-37,2465,57.28,35.46,36,141183,141693
[Recv] <<< 23:c9:cc:4b:a0:3a,31038,-37,2466,57.27,35.46,36,141219,141729
[Recv] <<< 23:c9:cc:4b:a0:3a,31039,-37,2467,57.26,35.46,34,141253,141763
[Recv] <<< 23:c9:cc:4b:a0:3a,31040,-37,2468,57.25,35.46,31,141284,141794
[Recv] <<< 23:c9:cc:4b:a0:3a,31041,-37,2469,57.24,35.46,31,141315,141825
[Recv] <<< 23:c9:cc:4b:a0:3a,31042,-37,2470,57.23,35.46,33,141348,141858
[Recv] <<< 23:c9:cc:4b:a0:3a,31043,-37,2471,57.22,35.46,38,141386,141896
[Recv] <<< 23:c9:cc:4b:a0:3a,31045,-37,2472,57.22,35.46,63,141449,141959
[Recv] <<< 23:c9:cc:4b:a0:3a,31046,-37,2473,57.21,35.46,31,141480,141990
[Recv] <<< 23:c9:cc:4b:a0:3a,31047,-37,2474,57.20,35.46,39,141519,142029
[Recv] <<< 23:c9:cc:4b:a0:3a,31053,-28,2475,57.27,35.46,214,141733,142243
[Recv] <<< 23:c9:cc:4b:a0:3a,31054,-28,2476,57.26,35.46,31,141764,142274
[Recv] <<< 23:c9:cc:4b:a0:3a,31063,-28,2477,57.36,35.46,319,142083,142593
[Recv] <<< 23:c9:cc:4b:a0:3a,31064,-28,2478,57.35,35.46,31,142114,142624
[Recv] <<< 23:c9:cc:4b:a0:3a,31065,-28,2479,57.34,35.46,35,142149,142659
[Recv] <<< 23:c9:cc:4b:a0:3a,31066,-28,2480,57.34,35.46,42,142191,142701
[Recv] <<< 23:c9:cc:4b:a0:3a,31070,-37,2481,57.36,35.46,130,142321,142831
[Recv] <<< 23:c9:cc:4b:a0:3a,31071,-38,2482,57.35,35.46,32,142353,142863
[Recv] <<< 23:c9:cc:4b:a0:3a,31072,-37,2483,57.34,35.45,31,142384,142894
[Recv] <<< 23:c9:cc:4b:a0:3a,31075,-37,2484,57.36,35.46,110,142494,143004
[Recv] <<< 23:c9:cc:4b:a0:3a,31077,-31,2485,57.37,35.45,59,142553,143063
[Recv] <<< 23:c9:cc:4b:a0:3a,31078,-31,2486,57.36,35.45,36,142589,143099
[Recv] <<< 23:c9:cc:4b:a0:3a,31079,-31,2487,57.34,35.45,28,142617,143127
[Recv] <<< 23:c9:cc:4b:a0:3a,31080,-31,2488,57.34,35.45,34,142651,143161
[Recv] <<< 23:c9:cc:4b:a0:3a,31081,-31,2489,57.33,35.45,37,142688,143198
[Recv] <<< 23:c9:cc:4b:a0:3a,31082,-31,2490,57.32,35.45,33,142721,143231
[Recv] <<< 23:c9:cc:4b:a0:3a,31083,-31,2491,57.31,35.45,33,142754,143264
[Recv] <<< 23:c9:cc:4b:a0:3a,31084,-31,2492,57.30,35.45,35,142789,143299
[Recv] <<< 23:c9:cc:4b:a0:3a,31085,-31,2493,57.29,35.45,30,142819,143329
[Recv] <<< 23:c9:cc:4b:a0:3a,31086,-31,2494,57.28,35.45,38,142857,143367
[Recv] <<< 23:c9:cc:4b:a0:3a,31087,-31,2495,57.27,35.45,34,142891,143401
[Recv] <<< 23:c9:cc:4b:a0:3a,31088,-37,2496,57.26,35.45,37,142928,143438
[Recv] <<< 23:c9:cc:4b:a0:3a,31090,-28,2497,57.27,35.45,80,143008,143518
[Recv] <<< 23:c9:cc:4b:a0:3a,31091,-28,2498,57.26,35.45,31,143039,143549
[Recv] <<< 23:c9:cc:4b:a0:3a,31094,-28,2499,57.28,35.45,107,143146,143656
[Recv] <<< 23:c9:cc:4b:a0:3a,31095,-28,2500,57.27,35.45,34,143180,143690
[Recv] <<< 23:c9:cc:4b:a0:3a,31096,-28,2501,57.26,35.45,27,143207,143717
[Recv] <<< 23:c9:cc:4b:a0:3a,31098,-28,2502,57.27,35.45,71,143278,143788
[Recv] <<< 23:c9:cc:4b:a0:3a,31099,-28,2503,57.26,35.45,36,143314,143824
[Recv] <<< 23:c9:cc:4b:a0:3a,31100,-28,2504,57.24,35.45,27,143341,143851
[Recv] <<< 23:c9:cc:4b:a0:3a,31101,-31,2505,57.24,35.45,43,143384,143894
[Recv] <<< 23:c9:cc:4b:a0:3a,31103,-28,2506,57.24,35.45,65,143449,143959
[Recv] <<< 23:c9:cc:4b:a0:3a,31104,-31,2507,57.24,35.45,46,143495,144005
[Recv] <<< 23:c9:cc:4b:a0:3a,31147,-28,2508,57.79,35.43,1438,144933,145443
[Recv] <<< 23:c9:cc:4b:a0:3a,31149,-31,2509,57.80,35.43,80,145013,145523
[Recv] <<< 23:c9:cc:4b:a0:3a,31152,-31,2510,57.82,35.43,107,145120,145630
[Recv] <<< 23:c9:cc:4b:a0:3a,31153,-30,2511,57.81,35.43,38,145158,145668
[Recv] <<< 23:c9:cc:4b:a0:3a,31154,-31,2512,57.80,35.43,33,145191,145701
[Recv] <<< 23:c9:cc:4b:a0:3a,31155,-31,2513,57.79,35.43,31,145222,145732
[Recv] <<< 23:c9:cc:4b:a0:3a,31156,-31,2514,57.78,35.43,38,145260,145770
[Recv] <<< 23:c9:cc:4b:a0:3a,31157,-31,2515,57.77,35.43,39,145299,145809
[Recv] <<< 23:c9:cc:4b:a0:3a,31207,-31,2516,58.43,35.41,1702,147001,147511
[Recv] <<< 23:c9:cc:4b:a0:3a,31208,-31,2517,58.42,35.41,30,147031,147541
[Recv] <<< 23:c9:cc:4b:a0:3a,31209,-31,2518,58.41,35.41,39,147070,147580
[Recv] <<< 23:c9:cc:4b:a0:3a,31210,-31,2519,58.40,35.41,36,147106,147616
[Recv] <<< 23:c9:cc:4b:a0:3a,31214,-28,2520,58.43,35.41,129,147235,147745
[Recv] <<< 23:c9:cc:4b:a0:3a,31216,-31,2521,58.44,35.41,81,147316,147826
[Recv] <<< 23:c9:cc:4b:a0:3a,31217,-31,2522,58.43,35.41,39,147355,147865
[Recv] <<< 23:c9:cc:4b:a0:3a,31226,-37,2523,58.53,35.41,304,147659,148169
[Recv] <<< 23:c9:cc:4b:a0:3a,31227,-37,2524,58.51,35.41,32,147691,148201
[Recv] <<< 23:c9:cc:4b:a0:3a,31228,-37,2525,58.50,35.41,30,147721,148231
[Recv] <<< 23:c9:cc:4b:a0:3a,31229,-37,2526,58.49,35.41,34,147755,148265
[Recv] <<< 23:c9:cc:4b:a0:3a,31230,-31,2527,58.48,35.41,32,147787,148297
[Recv] <<< 23:c9:cc:4b:a0:3a,31232,-31,2528,58.49,35.41,68,147855,148365
[Recv] <<< 23:c9:cc:4b:a0:3a,31233,-31,2529,58.48,35.41,34,147889,148399
[Recv] <<< 23:c9:cc:4b:a0:3a,31234,-31,2530,58.46,35.40,27,147916,148426
[Recv] <<< 23:c9:cc:4b:a0:3a,31243,-31,2531,58.57,35.40,314,148230,148740
[Recv] <<< 23:c9:cc:4b:a0:3a,31244,-31,2532,58.56,35.40,41,148271,148781
[Recv] <<< 23:c9:cc:4b:a0:3a,31245,-31,2533,58.55,35.40,33,148304,148814
[Recv] <<< 23:c9:cc:4b:a0:3a,31246,-30,2534,58.54,35.40,39,148343,148853
[Recv] <<< 23:c9:cc:4b:a0:3a,31247,-31,2535,58.53,35.40,30,148373,148883
[Recv] <<< 23:c9:cc:4b:a0:3a,31248,-31,2536,58.52,35.40,37,148410,148920
[Recv] <<< 23:c9:cc:4b:a0:3a,31249,-31,2537,58.51,35.40,30,148440,148950
[Recv] <<< 23:c9:cc:4b:a0:3a,31250,-37,2538,58.50,35.40,40,148480,148990
[Recv] <<< 23:c9:cc:4b:a0:3a,31258,-37,2539,58.59,35.40,287,148767,149277
[Recv] <<< 23:c9:cc:4b:a0:3a,31259,-37,2540,58.58,35.40,26,148793,149303
[Recv] <<< 23:c9:cc:4b:a0:3a,31260,-37,2541,58.57,35.40,40,148833,149343
[Recv] <<< 23:c9:cc:4b:a0:3a,31261,-37,2542,58.57,35.40,40,148873,149383
[Recv] <<< 23:c9:cc:4b:a0:3a,31262,-37,2543,58.56,35.40,35,148908,149418
[Recv] <<< 23:c9:cc:4b:a0:3a,31273,-28,2544,58.68,35.40,383,149291,149801
[Recv] <<< 23:c9:cc:4b:a0:3a,31274,-28,2545,58.68,35.40,37,149328,149838
[Recv] <<< 23:c9:cc:4b:a0:3a,31275,-28,2546,58.67,35.40,35,149363,149873
[Recv] <<< 23:c9:cc:4b:a0:3a,31276,-28,2547,58.66,35.40,39,149402,149912
[Recv] <<< 23:c9:cc:4b:a0:3a,31277,-28,2548,58.65,35.40,28,149430,149940
[Recv] <<< 23:c9:cc:4b:a0:3a,31278,-28,2549,58.64,35.40,32,149462,149972
[Recv] <<< 23:c9:cc:4b:a0:3a,31279,-28,2550,58.63,35.40,33,149495,150005
[Recv] <<< 23:c9:cc:4b:a0:3a,31280,-28,2551,58.62,35.40,35,149530,150040
[Recv] <<< 23:c9:cc:4b:a0:3a,31281,-28,2552,58.61,35.40,35,149565,150075
[Recv] <<< 23:c9:cc:4b:a0:3a,31282,-30,2553,58.60,35.40,47,149612,150122
[Recv] <<< 23:c9:cc:4b:a0:3a,31283,-31,2554,58.59,35.40,36,149648,150158
[Recv] <<< 23:c9:cc:4b:a0:3a,31284,-31,2555,58.58,35.40,27,149675,150185
[Recv] <<< 23:c9:cc:4b:a0:3a,31286,-37,2556,58.59,35.40,85,149760,150270
[Recv] <<< 23:c9:cc:4b:a0:3a,31287,-37,2557,58.58,35.40,37,149797,150307
[Recv] <<< 23:c9:cc:4b:a0:3a,31288,-37,2558,58.57,35.40,29,149826,150336
[Recv] <<< 23:c9:cc:4b:a0:3a,31297,-28,2559,58.68,35.41,341,150167,150677
[Recv] <<< 23:c9:cc:4b:a0:3a,31298,-28,2560,58.67,35.41,35,150202,150712
[Recv] <<< 23:c9:cc:4b:a0:3a,31299,-30,2561,58.67,35.41,49,150251,150761
[Recv] <<< 23:c9:cc:4b:a0:3a,31301,-31,2562,58.67,35.41,73,150324,150834
[Recv] <<< 23:c9:cc:4b:a0:3a,31311,-37,2563,58.81,35.42,404,150728,151238
[Recv] <<< 23:c9:cc:4b:a0:3a,31312,-37,2564,58.80,35.42,37,150765,151275
[Recv] <<< 23:c9:cc:4b:a0:3a,31313,-28,2565,58.79,35.42,37,150802,151312
[Recv] <<< 23:c9:cc:4b:a0:3a,31314,-28,2566,58.79,35.43,42,150844,151354
[Recv] <<< 23:c9:cc:4b:a0:3a,31315,-31,2567,58.78,35.43,40,150884,151394
[Recv] <<< 23:c9:cc:4b:a0:3a,31316,-30,2568,58.77,35.43,31,150915,151425
[Recv] <<< 23:c9:cc:4b:a0:3a,31317,-31,2569,58.76,35.43,36,150951,151461
[Recv] <<< 23:c9:cc:4b:a0:3a,31319,-37,2570,58.77,35.43,85,151036,151546
[Recv] <<< 23:c9:cc:4b:a0:3a,31320,-28,2571,58.76,35.43,37,151073,151583
[Recv] <<< 23:c9:cc:4b:a0:3a,31322,-28,2572,58.77,35.43,71,151144,151654
[Recv] <<< 23:c9:cc:4b:a0:3a,31323,-28,2573,58.76,35.43,38,151182,151692
[Recv] <<< 23:c9:cc:4b:a0:3a,31325,-31,2574,58.76,35.43,76,151258,151768
[Recv] <<< 23:c9:cc:4b:a0:3a,31326,-30,2575,58.76,35.43,43,151301,151811
[Recv] <<< 23:c9:cc:4b:a0:3a,31328,-37,2576,58.76,35.43,73,151374,151884
[Recv] <<< 23:c9:cc:4b:a0:3a,31330,-37,2577,58.77,35.43,75,151449,151959
[Recv] <<< 23:c9:cc:4b:a0:3a,31331,-28,2578,58.76,35.44,42,151491,152001
[Recv] <<< 23:c9:cc:4b:a0:3a,31339,-30,2579,58.86,35.45,321,151812,152322
[Recv] <<< 23:c9:cc:4b:a0:3a,31340,-37,2580,58.86,35.45,54,151866,152376
[Recv] <<< 23:c9:cc:4b:a0:3a,31341,-28,2581,58.85,35.45,37,151903,152413
[Recv] <<< 23:c9:cc:4b:a0:3a,31343,-30,2582,58.86,35.45,84,151987,152497
[Recv] <<< 23:c9:cc:4b:a0:3a,31344,-37,2583,58.86,35.46,49,152036,152546
[Recv] <<< 23:c9:cc:4b:a0:3a,31345,-27,2584,58.85,35.46,42,152078,152588
[Recv] <<< 23:c9:cc:4b:a0:3a,31346,-31,2585,58.85,35.46,40,152118,152628
[Recv] <<< 23:c9:cc:4b:a0:3a,31347,-31,2586,58.84,35.46,36,152154,152664
[Recv] <<< 23:c9:cc:4b:a0:3a,31349,-28,2587,58.85,35.46,91,152245,152755
[Recv] <<< 23:c9:cc:4b:a0:3a,31350,-31,2588,58.84,35.46,41,152286,152796
[Recv] <<< 23:c9:cc:4b:a0:3a,31358,-28,2589,58.95,35.48,335,152621,153131
[Recv] <<< 23:c9:cc:4b:a0:3a,31360,-31,2590,58.96,35.48,74,152695,153205
[Recv] <<< 23:c9:cc:4b:a0:3a,31361,-30,2591,58.95,35.48,47,152742,153252
[Recv] <<< 23:c9:cc:4b:a0:3a,31362,-37,2592,58.95,35.48,45,152787,153297
[Recv] <<< 23:c9:cc:4b:a0:3a,31363,-37,2593,58.94,35.48,40,152827,153337
[Recv] <<< 23:c9:cc:4b:a0:3a,31364,-28,2594,58.93,35.48,42,152869,153379
[Recv] <<< 23:c9:cc:4b:a0:3a,31365,-30,2595,58.93,35.49,47,152916,153426
[Recv] <<< 23:c9:cc:4b:a0:3a,31367,-37,2596,58.94,35.49,85,153001,153511
[Recv] <<< 23:c9:cc:4b:a0:3a,31368,-28,2597,58.93,35.49,47,153048,153558
[Recv] <<< 23:c9:cc:4b:a0:3a,31369,-31,2598,58.92,35.49,39,153087,153597
[Recv] <<< 23:c9:cc:4b:a0:3a,31371,-37,2599,58.93,35.50,85,153172,153682
[Recv] <<< 23:c9:cc:4b:a0:3a,31372,-28,2600,58.93,35.50,43,153215,153725
[Recv] <<< 23:c9:cc:4b:a0:3a,31373,-31,2601,58.92,35.50,42,153257,153767
[Recv] <<< 23:c9:cc:4b:a0:3a,31374,-37,2602,58.92,35.50,47,153304,153814
[Recv] <<< 23:c9:cc:4b:a0:3a,31388,-28,2603,59.12,35.53,594,153898,154408
[Recv] <<< 23:c9:cc:4b:a0:3a,31389,-31,2604,59.12,35.53,38,153936,154446
[Recv] <<< 23:c9:cc:4b:a0:3a,31404,-28,2605,59.34,35.55,644,154580,155090
[Recv] <<< 23:c9:cc:4b:a0:3a,31405,-31,2606,59.33,35.55,44,154624,155134
[Recv] <<< 23:c9:cc:4b:a0:3a,31406,-31,2607,59.32,35.55,34,154658,155168
[Recv] <<< 23:c9:cc:4b:a0:3a,31415,-37,2608,59.45,35.57,389,155047,155557
[Recv] <<< 23:c9:cc:4b:a0:3a,31441,-37,2609,59.85,35.61,1101,156148,156658
[Recv] <<< 23:c9:cc:4b:a0:3a,31443,-28,2610,59.86,35.61,76,156224,156734
[Recv] <<< 23:c9:cc:4b:a0:3a,31444,-28,2611,59.85,35.61,40,156264,156774
[Recv] <<< 23:c9:cc:4b:a0:3a,31445,-31,2612,59.84,35.61,42,156306,156816
[Recv] <<< 23:c9:cc:4b:a0:3a,31446,-37,2613,59.84,35.62,44,156350,156860
[Recv] <<< 23:c9:cc:4b:a0:3a,31447,-37,2614,59.83,35.62,39,156389,156899
[Recv] <<< 23:c9:cc:4b:a0:3a,31448,-28,2615,59.82,35.62,38,156427,156937
[Recv] <<< 23:c9:cc:4b:a0:3a,31450,-31,2616,59.83,35.62,91,156518,157028
[Recv] <<< 23:c9:cc:4b:a0:3a,31451,-37,2617,59.82,35.62,40,156558,157068
[Recv] <<< 23:c9:cc:4b:a0:3a,31455,-31,2618,59.86,35.63,165,156723,157233
[Recv] <<< 23:c9:cc:4b:a0:3a,31456,-31,2619,59.85,35.63,35,156758,157268
[Recv] <<< 23:c9:cc:4b:a0:3a,31457,-37,2620,59.85,35.63,41,156799,157309
[Recv] <<< 23:c9:cc:4b:a0:3a,31458,-28,2621,59.84,35.63,42,156841,157351
[Recv] <<< 23:c9:cc:4b:a0:3a,31459,-28,2622,59.83,35.63,43,156884,157394
[Recv] <<< 23:c9:cc:4b:a0:3a,31460,-30,2623,59.83,35.63,41,156925,157435
[Recv] <<< 23:c9:cc:4b:a0:3a,31462,-37,2624,59.83,35.63,80,157005,157515
[Recv] <<< 23:c9:cc:4b:a0:3a,31463,-28,2625,59.83,35.64,44,157049,157559
[Recv] <<< 23:c9:cc:4b:a0:3a,31464,-30,2626,59.82,35.64,41,157090,157600
[Recv] <<< 23:c9:cc:4b:a0:3a,31469,-31,2627,59.88,35.64,209,157299,157809
[Recv] <<< 23:c9:cc:4b:a0:3a,31470,-37,2628,59.87,35.65,44,157343,157853
[Recv] <<< 23:c9:cc:4b:a0:3a,31471,-28,2629,59.86,35.65,39,157382,157892
[Recv] <<< 23:c9:cc:4b:a0:3a,31472,-28,2630,59.86,35.65,39,157421,157931
[Recv] <<< 23:c9:cc:4b:a0:3a,31473,-28,2631,59.85,35.65,37,157458,157968
[Recv] <<< 23:c9:cc:4b:a0:3a,31474,-30,2632,59.84,35.65,49,157507,158017
[Recv] <<< 23:c9:cc:4b:a0:3a,31476,-37,2633,59.85,35.65,76,157583,158093
[Recv] <<< 23:c9:cc:4b:a0:3a,31477,-28,2634,59.84,35.65,42,157625,158135
[Recv] <<< 23:c9:cc:4b:a0:3a,31478,-28,2635,59.84,35.65,41,157666,158176
[Recv] <<< 23:c9:cc:4b:a0:3a,31480,-31,2636,59.84,35.66,75,157741,158251
[Recv] <<< 23:c9:cc:4b:a0:3a,31482,-40,2637,59.85,35.66,81,157822,158332
[Recv] <<< 23:c9:cc:4b:a0:3a,31496,-37,2638,60.04,35.67,574,158396,158906
[Recv] <<< 23:c9:cc:4b:a0:3a,31497,-28,2639,60.04,35.68,37,158433,158943
[Recv] <<< 23:c9:cc:4b:a0:3a,31499,-31,2640,60.04,35.68,83,158516,159026
[Recv] <<< 23:c9:cc:4b:a0:3a,31501,-37,2641,60.05,35.68,76,158592,159102
[Recv] <<< 23:c9:cc:4b:a0:3a,31502,-37,2642,60.04,35.68,42,158634,159144
[Recv] <<< 23:c9:cc:4b:a0:3a,31503,-28,2643,60.03,35.68,34,158668,159178
[Recv] <<< 23:c9:cc:4b:a0:3a,31504,-31,2644,60.03,35.68,51,158719,159229
[Recv] <<< 23:c9:cc:4b:a0:3a,31506,-37,2645,60.04,35.68,78,158797,159307
[Recv] <<< 23:c9:cc:4b:a0:3a,31507,-28,2646,60.03,35.69,42,158839,159349
[Recv] <<< 23:c9:cc:4b:a0:3a,31509,-28,2647,60.03,35.69,73,158912,159422
[Recv] <<< 23:c9:cc:4b:a0:3a,31545,-28,2648,60.56,35.72,1454,160366,160876
[Recv] <<< 23:c9:cc:4b:a0:3a,31547,-28,2649,60.56,35.72,70,160436,160946
[Recv] <<< 23:c9:cc:4b:a0:3a,31548,-28,2650,60.56,35.73,44,160480,160990
[Recv] <<< 23:c9:cc:4b:a0:3a,31549,-31,2651,60.55,35.73,37,160517,161027
[Recv] <<< 23:c9:cc:4b:a0:3a,31550,-37,2652,60.54,35.73,44,160561,161071
[Recv] <<< 23:c9:cc:4b:a0:3a,31565,-37,2653,60.74,35.74,591,161152,161662
[Recv] <<< 23:c9:cc:4b:a0:3a,31567,-28,2654,60.75,35.74,91,161243,161753
[Recv] <<< 23:c9:cc:4b:a0:3a,31568,-28,2655,60.75,35.74,36,161279,161789
[Recv] <<< 23:c9:cc:4b:a0:3a,31582,-30,2656,60.94,35.76,581,161860,162370
[Recv] <<< 23:c9:cc:4b:a0:3a,31583,-30,2657,60.93,35.76,33,161893,162403
[Recv] <<< 23:c9:cc:4b:a0:3a,31584,-37,2658,60.92,35.76,43,161936,162446
[Recv] <<< 23:c9:cc:4b:a0:3a,31585,-28,2659,60.92,35.77,46,161982,162492
[Recv] <<< 23:c9:cc:4b:a0:3a,31586,-28,2660,60.91,35.77,35,162017,162527
[Recv] <<< 23:c9:cc:4b:a0:3a,31587,-31,2661,60.90,35.77,44,162061,162571
[Recv] <<< 23:c9:cc:4b:a0:3a,31588,-37,2662,60.90,35.77,52,162113,162623
[Recv] <<< 23:c9:cc:4b:a0:3a,31589,-28,2663,60.89,35.77,38,162151,162661
[Recv] <<< 23:c9:cc:4b:a0:3a,31590,-28,2664,60.88,35.77,41,162192,162702
[Recv] <<< 23:c9:cc:4b:a0:3a,31591,-28,2665,60.87,35.77,37,162229,162739
[Recv] <<< 23:c9:cc:4b:a0:3a,31592,-30,2666,60.87,35.77,45,162274,162784
[Recv] <<< 23:c9:cc:4b:a0:3a,31593,-30,2667,60.86,35.78,38,162312,162822
[Recv] <<< 23:c9:cc:4b:a0:3a,31594,-31,2668,60.85,35.77,33,162345,162855
[Recv] <<< 23:c9:cc:4b:a0:3a,31595,-37,2669,60.84,35.78,43,162388,162898
[Recv] <<< 23:c9:cc:4b:a0:3a,31597,-28,2670,60.85,35.78,76,162464,162974
[Recv] <<< 23:c9:cc:4b:a0:3a,31598,-28,2671,60.84,35.78,36,162500,163010
[Recv] <<< 23:c9:cc:4b:a0:3a,31599,-27,2672,60.83,35.78,40,162540,163050
[Recv] <<< 23:c9:cc:4b:a0:3a,31601,-27,2673,60.83,35.78,60,162600,163110
[Recv] <<< 23:c9:cc:4b:a0:3a,31615,-37,2674,61.01,35.78,543,163143,163653
[Recv] <<< 23:c9:cc:4b:a0:3a,31616,-37,2675,61.00,35.79,40,163183,163693
[Recv] <<< 23:c9:cc:4b:a0:3a,31617,-37,2676,60.99,35.79,35,163218,163728
[Recv] <<< 23:c9:cc:4b:a0:3a,31618,-37,2677,60.98,35.79,34,163252,163762
[Recv] <<< 23:c9:cc:4b:a0:3a,31620,-30,2678,60.99,35.79,83,163335,163845
[Recv] <<< 23:c9:cc:4b:a0:3a,31638,-37,2679,61.21,35.79,637,163972,164482
[Recv] <<< 23:c9:cc:4b:a0:3a,31639,-37,2680,61.20,35.79,40,164012,164522
[Recv] <<< 23:c9:cc:4b:a0:3a,31640,-37,2681,61.19,35.79,34,164046,164556
[Recv] <<< 23:c9:cc:4b:a0:3a,31641,-37,2682,61.18,35.79,38,164084,164594
[Recv] <<< 23:c9:cc:4b:a0:3a,31642,-28,2683,61.17,35.79,38,164122,164632
[Recv] <<< 23:c9:cc:4b:a0:3a,31643,-28,2684,61.16,35.79,37,164159,164669
[Recv] <<< 23:c9:cc:4b:a0:3a,31644,-28,2685,61.15,35.79,29,164188,164698
[Recv] <<< 23:c9:cc:4b:a0:3a,31645,-28,2686,61.14,35.79,41,164229,164739
[Recv] <<< 23:c9:cc:4b:a0:3a,31646,-28,2687,61.13,35.79,31,164260,164770
[Recv] <<< 23:c9:cc:4b:a0:3a,31647,-31,2688,61.12,35.79,40,164300,164810
[Recv] <<< 23:c9:cc:4b:a0:3a,31648,-30,2689,61.11,35.79,35,164335,164845
[Recv] <<< 23:c9:cc:4b:a0:3a,31650,-31,2690,61.12,35.79,69,164404,164914
[Recv] <<< 23:c9:cc:4b:a0:3a,31651,-31,2691,61.11,35.79,36,164440,164950
[Recv] <<< 23:c9:cc:4b:a0:3a,31652,-31,2692,61.10,35.79,45,164485,164995
[Recv] <<< 23:c9:cc:4b:a0:3a,31653,-31,2693,61.09,35.79,31,164516,165026
[Recv] <<< 23:c9:cc:4b:a0:3a,31654,-31,2694,61.08,35.79,30,164546,165056
[Recv] <<< 23:c9:cc:4b:a0:3a,31655,-31,2695,61.07,35.79,33,164579,165089
[Recv] <<< 23:c9:cc:4b:a0:3a,31656,-31,2696,61.06,35.79,35,164614,165124
[Recv] <<< 23:c9:cc:4b:a0:3a,31657,-31,2697,61.05,35.79,38,164652,165162
[Recv] <<< 23:c9:cc:4b:a0:3a,31658,-31,2698,61.04,35.79,35,164687,165197
[Recv] <<< 23:c9:cc:4b:a0:3a,31659,-31,2699,61.03,35.79,39,164726,165236
[Recv] <<< 23:c9:cc:4b:a0:3a,31660,-30,2700,61.02,35.79,32,164758,165268
[Recv] <<< 23:c9:cc:4b:a0:3a,31661,-30,2701,61.01,35.79,38,164796,165306
[Recv] <<< 23:c9:cc:4b:a0:3a,31662,-31,2702,61.00,35.79,34,164830,165340
[Recv] <<< 23:c9:cc:4b:a0:3a,31663,-31,2703,60.99,35.78,29,164859,165369
[Recv] <<< 23:c9:cc:4b:a0:3a,31665,-31,2704,60.99,35.78,71,164930,165440
[Recv] <<< 23:c9:cc:4b:a0:3a,31730,-28,2705,61.85,35.80,2387,167317,167827
[Recv] <<< 23:c9:cc:4b:a0:3a,31735,-31,2706,61.90,35.80,177,167494,168004
[Recv] <<< 23:c9:cc:4b:a0:3a,31738,-31,2707,61.91,35.80,109,167603,168113
[Recv] <<< 23:c9:cc:4b:a0:3a,31739,-31,2708,61.90,35.80,32,167635,168145
[Recv] <<< 23:c9:cc:4b:a0:3a,31740,-31,2709,61.89,35.80,36,167671,168181
[Recv] <<< 23:c9:cc:4b:a0:3a,31741,-37,2710,61.88,35.80,37,167708,168218
[Recv] <<< 23:c9:cc:4b:a0:3a,31742,-28,2711,61.88,35.80,42,167750,168260
[Recv] <<< 23:c9:cc:4b:a0:3a,31743,-27,2712,61.87,35.80,36,167786,168296
[Recv] <<< 23:c9:cc:4b:a0:3a,31747,-31,2713,61.90,35.80,146,167932,168442
[Recv] <<< 23:c9:cc:4b:a0:3a,31748,-31,2714,61.89,35.80,31,167963,168473
[Recv] <<< 23:c9:cc:4b:a0:3a,31763,-37,2715,62.07,35.80,546,168509,169019
[Recv] <<< 23:c9:cc:4b:a0:3a,31764,-37,2716,62.06,35.80,36,168545,169055
[Recv] <<< 23:c9:cc:4b:a0:3a,31766,-37,2717,62.06,35.80,72,168617,169127
[Recv] <<< 23:c9:cc:4b:a0:3a,31767,-37,2718,62.05,35.80,34,168651,169161
[Recv] <<< 23:c9:cc:4b:a0:3a,31774,-30,2719,62.12,35.80,255,168906,169416
[Recv] <<< 23:c9:cc:4b:a0:3a,31776,-30,2720,62.12,35.80,74,168980,169490
[Recv] <<< 23:c9:cc:4b:a0:3a,31777,-31,2721,62.11,35.80,29,169009,169519
[Recv] <<< 23:c9:cc:4b:a0:3a,31778,-31,2722,62.10,35.80,36,169045,169555
[Recv] <<< 23:c9:cc:4b:a0:3a,31779,-31,2723,62.09,35.80,34,169079,169589
[Recv] <<< 23:c9:cc:4b:a0:3a,31780,-37,2724,62.09,35.80,43,169122,169632
[Recv] <<< 23:c9:cc:4b:a0:3a,31781,-37,2725,62.07,35.80,32,169154,169664
[Recv] <<< 23:c9:cc:4b:a0:3a,31782,-37,2726,62.07,35.80,40,169194,169704
[Recv] <<< 23:c9:cc:4b:a0:3a,31785,-37,2727,62.08,35.80,95,169289,169799
[Recv] <<< 23:c9:cc:4b:a0:3a,31786,-37,2728,62.07,35.80,33,169322,169832
[Recv] <<< 23:c9:cc:4b:a0:3a,31787,-37,2729,62.06,35.80,38,169360,169870
[Recv] <<< 23:c9:cc:4b:a0:3a,31788,-37,2730,62.05,35.80,36,169396,169906
[Recv] <<< 23:c9:cc:4b:a0:3a,31789,-37,2731,62.04,35.80,33,169429,169939
[Recv] <<< 23:c9:cc:4b:a0:3a,31790,-28,2732,62.03,35.80,36,169465,169975
[Recv] <<< 23:c9:cc:4b:a0:3a,31791,-28,2733,62.02,35.80,29,169494,170004
[Recv] <<< 23:c9:cc:4b:a0:3a,31793,-37,2734,62.02,35.80,70,169564,170074
[Recv] <<< 23:c9:cc:4b:a0:3a,31794,-37,2735,62.01,35.80,38,169602,170112
[Recv] <<< 23:c9:cc:4b:a0:3a,31796,-28,2736,62.01,35.79,65,169667,170177
[Recv] <<< 23:c9:cc:4b:a0:3a,31798,-28,2737,62.02,35.80,75,169742,170252
[Recv] <<< 23:c9:cc:4b:a0:3a,31800,-37,2738,62.02,35.79,62,169804,170314
[Recv] <<< 23:c9:cc:4b:a0:3a,31810,-37,2739,62.12,35.79,347,170151,170661
[Recv] <<< 23:c9:cc:4b:a0:3a,31811,-37,2740,62.11,35.79,33,170184,170694
[Recv] <<< 23:c9:cc:4b:a0:3a,31812,-37,2741,62.10,35.79,34,170218,170728
[Recv] <<< 23:c9:cc:4b:a0:3a,31813,-37,2742,62.09,35.79,33,170251,170761
[Recv] <<< 23:c9:cc:4b:a0:3a,31814,-37,2743,62.08,35.79,38,170289,170799
[Recv] <<< 23:c9:cc:4b:a0:3a,31816,-37,2744,62.09,35.79,76,170365,170875
[Recv] <<< 23:c9:cc:4b:a0:3a,31825,-37,2745,62.18,35.79,315,170680,171190
[Recv] <<< 23:c9:cc:4b:a0:3a,31830,-37,2746,62.22,35.79,167,170847,171357
[Recv] <<< 23:c9:cc:4b:a0:3a,31831,-37,2747,62.21,35.79,32,170879,171389
[Recv] <<< 23:c9:cc:4b:a0:3a,31832,-37,2748,62.20,35.79,33,170912,171422
[Recv] <<< 23:c9:cc:4b:a0:3a,31833,-37,2749,62.18,35.79,33,170945,171455
[Recv] <<< 23:c9:cc:4b:a0:3a,31834,-37,2750,62.18,35.79,44,170989,171499
[Recv] <<< 23:c9:cc:4b:a0:3a,31835,-28,2751,62.17,35.79,45,171034,171544
[Recv] <<< 23:c9:cc:4b:a0:3a,31836,-28,2752,62.16,35.79,37,171071,171581
[Recv] <<< 23:c9:cc:4b:a0:3a,31837,-31,2753,62.16,35.79,48,171119,171629
[Recv] <<< 23:c9:cc:4b:a0:3a,31843,-37,2754,62.21,35.79,210,171329,171839
[Recv] <<< 23:c9:cc:4b:a0:3a,31844,-37,2755,62.20,35.79,31,171360,171870
[Recv] <<< 23:c9:cc:4b:a0:3a,31845,-37,2756,62.19,35.79,43,171403,171913
[Recv] <<< 23:c9:cc:4b:a0:3a,31846,-37,2757,62.18,35.79,28,171431,171941
[Recv] <<< 23:c9:cc:4b:a0:3a,31847,-30,2758,62.17,35.79,25,171456,171966
[Recv] <<< 23:c9:cc:4b:a0:3a,31848,-31,2759,62.16,35.79,34,171490,172000
[Recv] <<< 23:c9:cc:4b:a0:3a,31851,-31,2760,62.17,35.79,109,171599,172109
[Recv] <<< 23:c9:cc:4b:a0:3a,31852,-30,2761,62.17,35.79,43,171642,172152
[Recv] <<< 23:c9:cc:4b:a0:3a,31853,-30,2762,62.16,35.79,32,171674,172184
[Recv] <<< 23:c9:cc:4b:a0:3a,31854,-31,2763,62.14,35.79,32,171706,172216
[Recv] <<< 23:c9:cc:4b:a0:3a,31855,-30,2764,62.13,35.79,32,171738,172248
[Recv] <<< 23:c9:cc:4b:a0:3a,31856,-31,2765,62.12,35.79,34,171772,172282
[Recv] <<< 23:c9:cc:4b:a0:3a,31857,-31,2766,62.12,35.79,39,171811,172321
[Recv] <<< 23:c9:cc:4b:a0:3a,31858,-30,2767,62.11,35.79,36,171847,172357
[Recv] <<< 23:c9:cc:4b:a0:3a,31859,-37,2768,62.10,35.79,39,171886,172396
[Recv] <<< 23:c9:cc:4b:a0:3a,31860,-37,2769,62.09,35.79,36,171922,172432
[Recv] <<< 23:c9:cc:4b:a0:3a,31861,-37,2770,62.08,35.79,40,171962,172472
[Recv] <<< 23:c9:cc:4b:a0:3a,31863,-37,2771,62.08,35.79,64,172026,172536
[Recv] <<< 23:c9:cc:4b:a0:3a,31864,-37,2772,62.07,35.79,32,172058,172568
[Recv] <<< 23:c9:cc:4b:a0:3a,31866,-37,2773,62.07,35.79,70,172128,172638
[Recv] <<< 23:c9:cc:4b:a0:3a,31868,-37,2774,62.08,35.79,71,172199,172709
[Recv] <<< 23:c9:cc:4b:a0:3a,31869,-37,2775,62.07,35.79,35,172234,172744
[Recv] <<< 23:c9:cc:4b:a0:3a,31870,-37,2776,62.06,35.78,33,172267,172777
[Recv] <<< 23:c9:cc:4b:a0:3a,31872,-37,2777,62.06,35.78,66,172333,172843
[Recv] <<< 23:c9:cc:4b:a0:3a,31873,-37,2778,62.05,35.78,30,172363,172873
[Recv] <<< 23:c9:cc:4b:a0:3a,31874,-37,2779,62.04,35.78,33,172396,172906
[Recv] <<< 23:c9:cc:4b:a0:3a,31875,-37,2780,62.02,35.78,33,172429,172939
[Recv] <<< 23:c9:cc:4b:a0:3a,31876,-37,2781,62.01,35.78,32,172461,172971
[Recv] <<< 23:c9:cc:4b:a0:3a,31877,-37,2782,62.00,35.78,35,172496,173006
[Recv] <<< 23:c9:cc:4b:a0:3a,31878,-37,2783,61.99,35.78,34,172530,173040
[Recv] <<< 23:c9:cc:4b:a0:3a,31879,-37,2784,61.98,35.78,36,172566,173076
[Recv] <<< 23:c9:cc:4b:a0:3a,31880,-37,2785,61.97,35.78,34,172600,173110
[Recv] <<< 23:c9:cc:4b:a0:3a,31881,-37,2786,61.96,35.78,29,172629,173139
[Recv] <<< 23:c9:cc:4b:a0:3a,31882,-37,2787,61.95,35.78,36,172665,173175
[Recv] <<< 23:c9:cc:4b:a0:3a,31883,-37,2788,61.94,35.78,32,172697,173207
[Recv] <<< 23:c9:cc:4b:a0:3a,31884,-31,2789,61.93,35.78,38,172735,173245
[Recv] <<< 23:c9:cc:4b:a0:3a,31885,-31,2790,61.92,35.78,29,172764,173274
[Recv] <<< 23:c9:cc:4b:a0:3a,31886,-37,2791,61.92,35.78,41,172805,173315
[Recv] <<< 23:c9:cc:4b:a0:3a,31921,-28,2792,62.32,35.77,1193,173998,174508
[Recv] <<< 23:c9:cc:4b:a0:3a,31922,-28,2793,62.31,35.77,37,174035,174545
[Recv] <<< 23:c9:cc:4b:a0:3a,31923,-28,2794,62.30,35.76,28,174063,174573
[Recv] <<< 23:c9:cc:4b:a0:3a,31924,-28,2795,62.29,35.77,42,174105,174615
[Recv] <<< 23:c9:cc:4b:a0:3a,31925,-28,2796,62.28,35.76,29,174134,174644
[Recv] <<< 23:c9:cc:4b:a0:3a,31965,-28,2797,62.75,35.75,1380,175514,176024
[Recv] <<< 23:c9:cc:4b:a0:3a,31966,-28,2798,62.74,35.75,30,175544,176054
[Recv] <<< 23:c9:cc:4b:a0:3a,31967,-28,2799,62.73,35.75,32,175576,176086
[Recv] <<< 23:c9:cc:4b:a0:3a,31968,-28,2800,62.72,35.75,34,175610,176120
[Recv] <<< 23:c9:cc:4b:a0:3a,31969,-28,2801,62.71,35.75,32,175642,176152
[Recv] <<< 23:c9:cc:4b:a0:3a,31970,-28,2802,62.70,35.75,32,175674,176184
[Recv] <<< 23:c9:cc:4b:a0:3a,31971,-28,2803,62.68,35.75,31,175705,176215
[Recv] <<< 23:c9:cc:4b:a0:3a,31973,-28,2804,62.69,35.75,66,175771,176281
[Recv] <<< 23:c9:cc:4b:a0:3a,31974,-28,2805,62.68,35.75,33,175804,176314
[Recv] <<< 23:c9:cc:4b:a0:3a,31975,-28,2806,62.66,35.75,33,175837,176347
[Recv] <<< 23:c9:cc:4b:a0:3a,31977,-28,2807,62.67,35.75,75,175912,176422
[Recv] <<< 23:c9:cc:4b:a0:3a,31978,-28,2808,62.66,35.75,31,175943,176453
[Recv] <<< 23:c9:cc:4b:a0:3a,31979,-28,2809,62.65,35.75,35,175978,176488
[Recv] <<< 23:c9:cc:4b:a0:3a,31980,-28,2810,62.64,35.75,33,176011,176521
[Recv] <<< 23:c9:cc:4b:a0:3a,31981,-28,2811,62.63,35.75,38,176049,176559
[Recv] <<< 23:c9:cc:4b:a0:3a,31983,-31,2812,62.63,35.74,65,176114,176624
[Recv] <<< 23:c9:cc:4b:a0:3a,31984,-31,2813,62.62,35.75,38,176152,176662
[Recv] <<< 23:c9:cc:4b:a0:3a,31985,-31,2814,62.61,35.74,33,176185,176695
[Recv] <<< 23:c9:cc:4b:a0:3a,31986,-30,2815,62.60,35.74,34,176219,176729
[Recv] <<< 23:c9:cc:4b:a0:3a,31987,-37,2816,62.59,35.74,38,176257,176767
[Recv] <<< 23:c9:cc:4b:a0:3a,31988,-31,2817,62.58,35.74,36,176293,176803
[Recv] <<< 23:c9:cc:4b:a0:3a,31989,-31,2818,62.57,35.74,33,176326,176836
[Recv] <<< 23:c9:cc:4b:a0:3a,31990,-31,2819,62.56,35.74,32,176358,176868
[Recv] <<< 23:c9:cc:4b:a0:3a,32000,-30,2820,62.66,35.74,339,176697,177207
[Recv] <<< 23:c9:cc:4b:a0:3a,32002,-28,2821,62.66,35.74,62,176759,177269
[Recv] <<< 23:c9:cc:4b:a0:3a,32004,-37,2822,62.67,35.74,84,176843,177353
[Recv] <<< 23:c9:cc:4b:a0:3a,32005,-37,2823,62.66,35.74,37,176880,177390
[Recv] <<< 23:c9:cc:4b:a0:3a,32006,-37,2824,62.65,35.74,30,176910,177420
[Recv] <<< 23:c9:cc:4b:a0:3a,32007,-37,2825,62.64,35.74,35,176945,177455
[Recv] <<< 23:c9:cc:4b:a0:3a,32009,-37,2826,62.64,35.74,73,177018,177528
[Recv] <<< 23:c9:cc:4b:a0:3a,32010,-28,2827,62.63,35.74,35,177053,177563
[Recv] <<< 23:c9:cc:4b:a0:3a,32016,-37,2828,62.69,35.74,229,177282,177792
[Recv] <<< 23:c9:cc:4b:a0:3a,32017,-37,2829,62.68,35.74,31,177313,177823
[Recv] <<< 23:c9:cc:4b:a0:3a,32018,-37,2830,62.67,35.74,35,177348,177858
[Recv] <<< 23:c9:cc:4b:a0:3a,32019,-37,2831,62.66,35.74,36,177384,177894
[Recv] <<< 23:c9:cc:4b:a0:3a,32021,-37,2832,62.66,35.74,71,177455,177965
[Recv] <<< 23:c9:cc:4b:a0:3a,32022,-37,2833,62.65,35.74,31,177486,177996
[Recv] <<< 23:c9:cc:4b:a0:3a,32023,-37,2834,62.64,35.74,40,177526,178036
[Recv] <<< 23:c9:cc:4b:a0:3a,32024,-37,2835,62.63,35.74,33,177559,178069
[Recv] <<< 23:c9:cc:4b:a0:3a,32025,-37,2836,62.62,35.74,32,177591,178101
[Recv] <<< 23:c9:cc:4b:a0:3a,32027,-37,2837,62.62,35.74,73,177664,178174
[Recv] <<< 23:c9:cc:4b:a0:3a,32028,-37,2838,62.61,35.74,26,177690,178200
[Recv] <<< 23:c9:cc:4b:a0:3a,32029,-37,2839,62.60,35.74,32,177722,178232
[Recv] <<< 23:c9:cc:4b:a0:3a,32031,-37,2840,62.61,35.74,77,177799,178309
[Recv] <<< 23:c9:cc:4b:a0:3a,32032,-37,2841,62.60,35.74,35,177834,178344
[Recv] <<< 23:c9:cc:4b:a0:3a,32033,-37,2842,62.58,35.74,29,177863,178373
[Recv] <<< 23:c9:cc:4b:a0:3a,32034,-37,2843,62.57,35.74,37,177900,178410
[Recv] <<< 23:c9:cc:4b:a0:3a,32035,-37,2844,62.56,35.74,33,177933,178443
[Recv] <<< 23:c9:cc:4b:a0:3a,32036,-37,2845,62.55,35.74,35,177968,178478
[Recv] <<< 23:c9:cc:4b:a0:3a,32039,-31,2846,62.57,35.73,93,178061,178571
[Recv] <<< 23:c9:cc:4b:a0:3a,32061,-37,2847,62.81,35.73,773,178834,179344
[Recv] <<< 23:c9:cc:4b:a0:3a,32062,-28,2848,62.81,35.73,39,178873,179383
[Recv] <<< 23:c9:cc:4b:a0:3a,32063,-28,2849,62.80,35.73,38,178911,179421
[Recv] <<< 23:c9:cc:4b:a0:3a,32067,-37,2850,62.82,35.73,125,179036,179546
[Recv] <<< 23:c9:cc:4b:a0:3a,32071,-37,2851,62.84,35.73,132,179168,179678
[Recv] <<< 23:c9:cc:4b:a0:3a,32078,-37,2852,62.91,35.72,239,179407,179917
[Recv] <<< 23:c9:cc:4b:a0:3a,32079,-37,2853,62.90,35.72,34,179441,179951
[Recv] <<< 23:c9:cc:4b:a0:3a,32080,-37,2854,62.88,35.72,31,179472,179982
[Recv] <<< 23:c9:cc:4b:a0:3a,32081,-37,2855,62.87,35.72,31,179503,180013
[Recv] <<< 23:c9:cc:4b:a0:3a,32083,-31,2856,62.87,35.72,64,179567,180077
[Recv] <<< 23:c9:cc:4b:a0:3a,32085,-31,2857,62.88,35.72,72,179639,180149
[Recv] <<< 23:c9:cc:4b:a0:3a,32088,-31,2858,62.89,35.72,103,179742,180252
[Recv] <<< 23:c9:cc:4b:a0:3a,32089,-31,2859,62.88,35.72,32,179774,180284
[Recv] <<< 23:c9:cc:4b:a0:3a,32090,-31,2860,62.87,35.72,35,179809,180319
[Recv] <<< 23:c9:cc:4b:a0:3a,32091,-31,2861,62.86,35.72,33,179842,180352
[Recv] <<< 23:c9:cc:4b:a0:3a,32092,-31,2862,62.85,35.72,31,179873,180383
[Recv] <<< 23:c9:cc:4b:a0:3a,32094,-28,2863,62.85,35.72,61,179934,180444
[Recv] <<< 23:c9:cc:4b:a0:3a,32095,-28,2864,62.84,35.71,33,179967,180477
[Recv] <<< 23:c9:cc:4b:a0:3a,32096,-28,2865,62.83,35.71,34,180001,180511
[Recv] <<< 23:c9:cc:4b:a0:3a,32097,-28,2866,62.82,35.72,39,180040,180550
[Recv] <<< 23:c9:cc:4b:a0:3a,32098,-28,2867,62.81,35.71,26,180066,180576
[Recv] <<< 23:c9:cc:4b:a0:3a,32099,-37,2868,62.80,35.71,34,180100,180610
[Recv] <<< 23:c9:cc:4b:a0:3a,32100,-37,2869,62.78,35.71,27,180127,180637
[Recv] <<< 23:c9:cc:4b:a0:3a,32101,-38,2870,62.77,35.71,33,180160,180670
[Recv] <<< 23:c9:cc:4b:a0:3a,32102,-37,2871,62.76,35.71,35,180195,180705
[Recv] <<< 23:c9:cc:4b:a0:3a,32104,-37,2872,62.77,35.71,70,180265,180775
[Recv] <<< 23:c9:cc:4b:a0:3a,32105,-37,2873,62.76,35.71,32,180297,180807
[Recv] <<< 23:c9:cc:4b:a0:3a,32106,-37,2874,62.74,35.71,31,180328,180838
[Recv] <<< 23:c9:cc:4b:a0:3a,32107,-37,2875,62.74,35.71,47,180375,180885
[Recv] <<< 23:c9:cc:4b:a0:3a,32108,-28,2876,62.73,35.71,33,180408,180918
[Recv] <<< 23:c9:cc:4b:a0:3a,32110,-28,2877,62.73,35.71,68,180476,180986
[Recv] <<< 23:c9:cc:4b:a0:3a,32111,-28,2878,62.72,35.71,36,180512,181022
[Recv] <<< 23:c9:cc:4b:a0:3a,32112,-28,2879,62.71,35.71,36,180548,181058
[Recv] <<< 23:c9:cc:4b:a0:3a,32114,-31,2880,62.72,35.71,79,180627,181137
[Recv] <<< 23:c9:cc:4b:a0:3a,32115,-31,2881,62.71,35.71,31,180658,181168
[Recv] <<< 23:c9:cc:4b:a0:3a,32116,-31,2882,62.70,35.71,41,180699,181209
[Recv] <<< 23:c9:cc:4b:a0:3a,32117,-31,2883,62.69,35.71,28,180727,181237
[Recv] <<< 23:c9:cc:4b:a0:3a,32119,-31,2884,62.69,35.71,73,180800,181310
[Recv] <<< 23:c9:cc:4b:a0:3a,32121,-31,2885,62.69,35.71,68,180868,181378
[Recv] <<< 23:c9:cc:4b:a0:3a,32130,-28,2886,62.77,35.70,299,181167,181677
[Recv] <<< 23:c9:cc:4b:a0:3a,32131,-28,2887,62.76,35.70,35,181202,181712
[Recv] <<< 23:c9:cc:4b:a0:3a,32132,-28,2888,62.75,35.70,30,181232,181742
[Recv] <<< 23:c9:cc:4b:a0:3a,32133,-28,2889,62.74,35.70,27,181259,181769
[Recv] <<< 23:c9:cc:4b:a0:3a,32134,-28,2890,62.73,35.70,37,181296,181806
[Recv] <<< 23:c9:cc:4b:a0:3a,32151,-37,2891,62.91,35.70,584,181880,182390
[Recv] <<< 23:c9:cc:4b:a0:3a,32152,-28,2892,62.90,35.70,38,181918,182428
[Recv] <<< 23:c9:cc:4b:a0:3a,32153,-37,2893,62.89,35.70,30,181948,182458
[Recv] <<< 23:c9:cc:4b:a0:3a,32163,-31,2894,62.99,35.69,335,182283,182793
[Recv] <<< 23:c9:cc:4b:a0:3a,32164,-31,2895,62.97,35.69,27,182310,182820
[Recv] <<< 23:c9:cc:4b:a0:3a,32165,-31,2896,62.96,35.69,32,182342,182852
[Recv] <<< 23:c9:cc:4b:a0:3a,32166,-31,2897,62.95,35.69,33,182375,182885
[Recv] <<< 23:c9:cc:4b:a0:3a,32168,-28,2898,62.95,35.69,62,182437,182947
[Recv] <<< 23:c9:cc:4b:a0:3a,32170,-28,2899,62.95,35.69,67,182504,183014
[Recv] <<< 23:c9:cc:4b:a0:3a,32171,-28,2900,62.94,35.69,34,182538,183048
[Recv] <<< 23:c9:cc:4b:a0:3a,32172,-28,2901,62.93,35.69,35,182573,183083
[Recv] <<< 23:c9:cc:4b:a0:3a,32173,-28,2902,62.92,35.69,33,182606,183116
[Recv] <<< 23:c9:cc:4b:a0:3a,32175,-28,2903,62.92,35.68,62,182668,183178
[Recv] <<< 23:c9:cc:4b:a0:3a,32176,-28,2904,62.91,35.68,36,182704,183214
[Recv] <<< 23:c9:cc:4b:a0:3a,32186,-37,2905,63.01,35.68,342,183046,183556
[Recv] <<< 23:c9:cc:4b:a0:3a,32188,-30,2906,63.01,35.68,62,183108,183618
[Recv] <<< 23:c9:cc:4b:a0:3a,32189,-37,2907,63.00,35.68,37,183145,183655
[Recv] <<< 23:c9:cc:4b:a0:3a,32190,-37,2908,62.99,35.68,32,183177,183687
[Recv] <<< 23:c9:cc:4b:a0:3a,32194,-37,2909,63.02,35.68,137,183314,183824
[Recv] <<< 23:c9:cc:4b:a0:3a,32195,-37,2910,63.00,35.68,30,183344,183854
[Recv] <<< 23:c9:cc:4b:a0:3a,32199,-31,2911,63.03,35.67,132,183476,183986
[Recv] <<< 23:c9:cc:4b:a0:3a,32200,-31,2912,63.02,35.68,39,183515,184025
[Recv] <<< 23:c9:cc:4b:a0:3a,32201,-31,2913,63.01,35.68,33,183548,184058
[Recv] <<< 23:c9:cc:4b:a0:3a,32202,-31,2914,63.00,35.67,34,183582,184092
[Recv] <<< 23:c9:cc:4b:a0:3a,32203,-28,2915,62.99,35.67,27,183609,184119
[Recv] <<< 23:c9:cc:4b:a0:3a,32204,-28,2916,62.98,35.67,33,183642,184152
[Recv] <<< 23:c9:cc:4b:a0:3a,32205,-28,2917,62.97,35.67,32,183674,184184
[Recv] <<< 23:c9:cc:4b:a0:3a,32206,-28,2918,62.96,35.67,37,183711,184221
[Recv] <<< 23:c9:cc:4b:a0:3a,32207,-28,2919,62.95,35.67,31,183742,184252
[Recv] <<< 23:c9:cc:4b:a0:3a,32208,-28,2920,62.94,35.67,33,183775,184285
[Recv] <<< 23:c9:cc:4b:a0:3a,32209,-37,2921,62.92,35.67,25,183800,184310
[Recv] <<< 23:c9:cc:4b:a0:3a,32210,-37,2922,62.92,35.67,43,183843,184353
[Recv] <<< 23:c9:cc:4b:a0:3a,32211,-37,2923,62.90,35.67,22,183865,184375
[Recv] <<< 23:c9:cc:4b:a0:3a,32213,-31,2924,62.90,35.67,63,183928,184438
[Recv] <<< 23:c9:cc:4b:a0:3a,32214,-31,2925,62.89,35.67,38,183966,184476
[Recv] <<< 23:c9:cc:4b:a0:3a,32215,-31,2926,62.88,35.67,31,183997,184507
[Recv] <<< 23:c9:cc:4b:a0:3a,32216,-31,2927,62.87,35.67,35,184032,184542
[Recv] <<< 23:c9:cc:4b:a0:3a,32217,-31,2928,62.86,35.66,29,184061,184571
[Recv] <<< 23:c9:cc:4b:a0:3a,32218,-31,2929,62.85,35.66,34,184095,184605
[Recv] <<< 23:c9:cc:4b:a0:3a,32219,-31,2930,62.84,35.66,30,184125,184635
[Recv] <<< 23:c9:cc:4b:a0:3a,32221,-31,2931,62.84,35.66,72,184197,184707
[Recv] <<< 23:c9:cc:4b:a0:3a,32222,-31,2932,62.84,35.66,37,184234,184744
[Recv] <<< 23:c9:cc:4b:a0:3a,32224,-31,2933,62.84,35.66,67,184301,184811
[Recv] <<< 23:c9:cc:4b:a0:3a,32225,-31,2934,62.83,35.66,28,184329,184839
[Recv] <<< 23:c9:cc:4b:a0:3a,32228,-28,2935,62.84,35.66,100,184429,184939
[Recv] <<< 23:c9:cc:4b:a0:3a,32229,-28,2936,62.83,35.66,31,184460,184970
[Recv] <<< 23:c9:cc:4b:a0:3a,32230,-28,2937,62.82,35.66,32,184492,185002
[Recv] <<< 23:c9:cc:4b:a0:3a,32231,-28,2938,62.81,35.66,39,184531,185041
[Recv] <<< 23:c9:cc:4b:a0:3a,32232,-30,2939,62.80,35.66,41,184572,185082
[Recv] <<< 23:c9:cc:4b:a0:3a,32233,-28,2940,62.79,35.66,24,184596,185106
[Recv] <<< 23:c9:cc:4b:a0:3a,32234,-28,2941,62.78,35.66,35,184631,185141
[Recv] <<< 23:c9:cc:4b:a0:3a,32235,-28,2942,62.77,35.66,33,184664,185174
[Recv] <<< 23:c9:cc:4b:a0:3a,32236,-28,2943,62.76,35.66,30,184694,185204
[Recv] <<< 23:c9:cc:4b:a0:3a,32245,-37,2944,62.84,35.65,295,184989,185499
[Recv] <<< 23:c9:cc:4b:a0:3a,32246,-37,2945,62.83,35.65,46,185035,185545
[Recv] <<< 23:c9:cc:4b:a0:3a,32249,-37,2946,62.84,35.65,101,185136,185646
[Recv] <<< 23:c9:cc:4b:a0:3a,32250,-37,2947,62.83,35.65,32,185168,185678
[Recv] <<< 23:c9:cc:4b:a0:3a,32251,-37,2948,62.82,35.65,40,185208,185718
[Recv] <<< 23:c9:cc:4b:a0:3a,32252,-37,2949,62.81,35.65,28,185236,185746
[Recv] <<< 23:c9:cc:4b:a0:3a,32260,-31,2950,62.88,35.65,268,185504,186014
[Recv] <<< 23:c9:cc:4b:a0:3a,32262,-31,2951,62.88,35.65,69,185573,186083
[Recv] <<< 23:c9:cc:4b:a0:3a,32263,-31,2952,62.88,35.65,38,185611,186121
[Recv] <<< 23:c9:cc:4b:a0:3a,32264,-31,2953,62.87,35.65,33,185644,186154
[Recv] <<< 23:c9:cc:4b:a0:3a,32265,-31,2954,62.86,35.65,37,185681,186191
[Recv] <<< 23:c9:cc:4b:a0:3a,32266,-31,2955,62.85,35.65,35,185716,186226
[Recv] <<< 23:c9:cc:4b:a0:3a,32267,-31,2956,62.84,35.64,26,185742,186252
[Recv] <<< 23:c9:cc:4b:a0:3a,32271,-30,2957,62.86,35.64,145,185887,186397
[Recv] <<< 23:c9:cc:4b:a0:3a,32272,-31,2958,62.85,35.64,29,185916,186426
[Recv] <<< 23:c9:cc:4b:a0:3a,32273,-31,2959,62.84,35.64,35,185951,186461
[Recv] <<< 23:c9:cc:4b:a0:3a,32274,-31,2960,62.83,35.64,32,185983,186493
[Recv] <<< 23:c9:cc:4b:a0:3a,32276,-28,2961,62.83,35.64,66,186049,186559
[Recv] <<< 23:c9:cc:4b:a0:3a,32277,-28,2962,62.82,35.64,30,186079,186589
[Recv] <<< 23:c9:cc:4b:a0:3a,32279,-28,2963,62.83,35.64,72,186151,186661
[Recv] <<< 23:c9:cc:4b:a0:3a,32281,-28,2964,62.83,35.64,68,186219,186729
[Recv] <<< 23:c9:cc:4b:a0:3a,32282,-28,2965,62.82,35.64,39,186258,186768
[Recv] <<< 23:c9:cc:4b:a0:3a,32283,-28,2966,62.81,35.64,32,186290,186800
[Recv] <<< 23:c9:cc:4b:a0:3a,32286,-31,2967,62.82,35.64,105,186395,186905
[Recv] <<< 23:c9:cc:4b:a0:3a,32287,-28,2968,62.81,35.64,32,186427,186937
[Recv] <<< 23:c9:cc:4b:a0:3a,32288,-28,2969,62.80,35.64,33,186460,186970
[Recv] <<< 23:c9:cc:4b:a0:3a,32289,-28,2970,62.79,35.64,26,186486,186996
[Recv] <<< 23:c9:cc:4b:a0:3a,32290,-37,2971,62.78,35.64,36,186522,187032
[Recv] <<< 23:c9:cc:4b:a0:3a,32291,-28,2972,62.77,35.64,39,186561,187071
[Recv] <<< 23:c9:cc:4b:a0:3a,32292,-28,2973,62.76,35.64,38,186599,187109
[Recv] <<< 23:c9:cc:4b:a0:3a,32293,-28,2974,62.75,35.64,34,186633,187143
[Recv] <<< 23:c9:cc:4b:a0:3a,32295,-28,2975,62.76,35.64,67,186700,187210
[Recv] <<< 23:c9:cc:4b:a0:3a,32296,-28,2976,62.75,35.64,31,186731,187241
[Recv] <<< 23:c9:cc:4b:a0:3a,32297,-28,2977,62.74,35.64,35,186766,187276
[Recv] <<< 23:c9:cc:4b:a0:3a,32298,-28,2978,62.73,35.64,35,186801,187311
[Recv] <<< 23:c9:cc:4b:a0:3a,32299,-28,2979,62.72,35.63,30,186831,187341
[Recv] <<< 23:c9:cc:4b:a0:3a,32300,-28,2980,62.71,35.63,36,186867,187377
[Recv] <<< 23:c9:cc:4b:a0:3a,32301,-28,2981,62.70,35.63,30,186897,187407
[Recv] <<< 23:c9:cc:4b:a0:3a,32302,-28,2982,62.69,35.63,36,186933,187443
[Recv] <<< 23:c9:cc:4b:a0:3a,32303,-28,2983,62.68,35.63,28,186961,187471
[Recv] <<< 23:c9:cc:4b:a0:3a,32304,-28,2984,62.67,35.63,38,186999,187509
[Recv] <<< 23:c9:cc:4b:a0:3a,32305,-28,2985,62.66,35.63,37,187036,187546
[Recv] <<< 23:c9:cc:4b:a0:3a,32306,-28,2986,62.65,35.63,38,187074,187584
[Recv] <<< 23:c9:cc:4b:a0:3a,32307,-28,2987,62.64,35.63,34,187108,187618
[Recv] <<< 23:c9:cc:4b:a0:3a,32308,-28,2988,62.63,35.63,35,187143,187653
[Recv] <<< 23:c9:cc:4b:a0:3a,32315,-28,2989,62.70,35.63,254,187397,187907
[Recv] <<< 23:c9:cc:4b:a0:3a,32318,-30,2990,62.71,35.63,108,187505,188015
[Recv] <<< 23:c9:cc:4b:a0:3a,32319,-37,2991,62.70,35.64,43,187548,188058
[Recv] <<< 23:c9:cc:4b:a0:3a,32322,-28,2992,62.72,35.64,116,187664,188174
[Recv] <<< 23:c9:cc:4b:a0:3a,32323,-28,2993,62.71,35.64,31,187695,188205
[Recv] <<< 23:c9:cc:4b:a0:3a,32324,-28,2994,62.70,35.64,39,187734,188244
[Recv] <<< 23:c9:cc:4b:a0:3a,32325,-28,2995,62.69,35.64,31,187765,188275
[Recv] <<< 23:c9:cc:4b:a0:3a,32327,-37,2996,62.70,35.64,75,187840,188350
[Recv] <<< 23:c9:cc:4b:a0:3a,32328,-37,2997,62.69,35.64,31,187871,188381
[Recv] <<< 23:c9:cc:4b:a0:3a,32329,-37,2998,62.68,35.64,36,187907,188417
[Recv] <<< 23:c9:cc:4b:a0:3a,32330,-37,2999,62.67,35.63,29,187936,188446
[Recv] <<< 23:c9:cc:4b:a0:3a,32331,-37,3000,62.66,35.64,39,187975,188485
[Recv] <<< 23:c9:cc:4b:a0:3a,32332,-37,3001,62.65,35.63,27,188002,188512
[Recv] <<< 23:c9:cc:4b:a0:3a,32333,-30,3002,62.64,35.63,31,188033,188543
[Recv] <<< 23:c9:cc:4b:a0:3a,32334,-31,3003,62.63,35.63,32,188065,188575
[Recv] <<< 23:c9:cc:4b:a0:3a,32335,-31,3004,62.62,35.63,34,188099,188609
[Recv] <<< 23:c9:cc:4b:a0:3a,32336,-31,3005,62.61,35.63,39,188138,188648
[Recv] <<< 23:c9:cc:4b:a0:3a,32337,-30,3006,62.60,35.63,27,188165,188675
[Recv] <<< 23:c9:cc:4b:a0:3a,32338,-31,3007,62.59,35.63,40,188205,188715
[Recv] <<< 23:c9:cc:4b:a0:3a,32339,-31,3008,62.58,35.63,36,188241,188751
[Recv] <<< 23:c9:cc:4b:a0:3a,32340,-30,3009,62.57,35.63,29,188270,188780
[Recv] <<< 23:c9:cc:4b:a0:3a,32341,-30,3010,62.56,35.63,35,188305,188815
[Recv] <<< 23:c9:cc:4b:a0:3a,32342,-31,3011,62.55,35.63,44,188349,188859
[Recv] <<< 23:c9:cc:4b:a0:3a,32343,-31,3012,62.54,35.63,29,188378,188888
[Recv] <<< 23:c9:cc:4b:a0:3a,32344,-31,3013,62.53,35.63,35,188413,188923
[Recv] <<< 23:c9:cc:4b:a0:3a,32345,-28,3014,62.52,35.63,35,188448,188958
[Recv] <<< 23:c9:cc:4b:a0:3a,32346,-31,3015,62.51,35.63,34,188482,188992
[Recv] <<< 23:c9:cc:4b:a0:3a,32347,-31,3016,62.50,35.63,31,188513,189023
[Recv] <<< 23:c9:cc:4b:a0:3a,32348,-31,3017,62.49,35.63,31,188544,189054
[Recv] <<< 23:c9:cc:4b:a0:3a,32349,-30,3018,62.49,35.63,37,188581,189091
[Recv] <<< 23:c9:cc:4b:a0:3a,32350,-28,3019,62.47,35.63,31,188612,189122
[Recv] <<< 23:c9:cc:4b:a0:3a,32351,-28,3020,62.47,35.63,36,188648,189158
[Recv] <<< 23:c9:cc:4b:a0:3a,32352,-31,3021,62.46,35.63,37,188685,189195
[Recv] <<< 23:c9:cc:4b:a0:3a,32354,-28,3022,62.46,35.63,64,188749,189259
[Recv] <<< 23:c9:cc:4b:a0:3a,32355,-28,3023,62.45,35.63,30,188779,189289
[Recv] <<< 23:c9:cc:4b:a0:3a,32357,-28,3024,62.45,35.63,81,188860,189370
[Recv] <<< 23:c9:cc:4b:a0:3a,32358,-28,3025,62.44,35.63,34,188894,189404
[Recv] <<< 23:c9:cc:4b:a0:3a,32359,-28,3026,62.43,35.63,32,188926,189436
[Recv] <<< 23:c9:cc:4b:a0:3a,32360,-31,3027,62.43,35.63,42,188968,189478
[Recv] <<< 23:c9:cc:4b:a0:3a,32361,-31,3028,62.42,35.63,33,189001,189511
[Recv] <<< 23:c9:cc:4b:a0:3a,32362,-28,3029,62.41,35.63,29,189030,189540
[Recv] <<< 23:c9:cc:4b:a0:3a,32363,-31,3030,62.40,35.63,32,189062,189572
[Recv] <<< 23:c9:cc:4b:a0:3a,32364,-31,3031,62.39,35.63,42,189104,189614
[Recv] <<< 23:c9:cc:4b:a0:3a,32367,-28,3032,62.40,35.62,91,189195,189705
[Recv] <<< 23:c9:cc:4b:a0:3a,32369,-28,3033,62.40,35.62,71,189266,189776
[Recv] <<< 23:c9:cc:4b:a0:3a,32370,-28,3034,62.39,35.62,26,189292,189802
[Recv] <<< 23:c9:cc:4b:a0:3a,32371,-28,3035,62.38,35.62,39,189331,189841
[Recv] <<< 23:c9:cc:4b:a0:3a,32374,-37,3036,62.40,35.62,102,189433,189943
[Recv] <<< 23:c9:cc:4b:a0:3a,32375,-37,3037,62.39,35.62,34,189467,189977
[Recv] <<< 23:c9:cc:4b:a0:3a,32376,-37,3038,62.38,35.62,39,189506,190016
[Recv] <<< 23:c9:cc:4b:a0:3a,32377,-37,3039,62.37,35.62,27,189533,190043
[Recv] <<< 23:c9:cc:4b:a0:3a,32379,-28,3040,62.37,35.62,81,189614,190124
[Recv] <<< 23:c9:cc:4b:a0:3a,32381,-37,3041,62.38,35.62,69,189683,190193
[Recv] <<< 23:c9:cc:4b:a0:3a,32382,-28,3042,62.37,35.62,38,189721,190231
[Recv] <<< 23:c9:cc:4b:a0:3a,32384,-37,3043,62.37,35.62,60,189781,190291
[Recv] <<< 23:c9:cc:4b:a0:3a,32385,-37,3044,62.36,35.62,32,189813,190323
[Recv] <<< 23:c9:cc:4b:a0:3a,32386,-37,3045,62.35,35.62,30,189843,190353
[Recv] <<< 23:c9:cc:4b:a0:3a,32388,-37,3046,62.35,35.62,79,189922,190432
[Recv] <<< 23:c9:cc:4b:a0:3a,32390,-28,3047,62.35,35.62,70,189992,190502
[Recv] <<< 23:c9:cc:4b:a0:3a,32391,-28,3048,62.35,35.62,41,190033,190543
[Recv] <<< 23:c9:cc:4b:a0:3a,32392,-28,3049,62.34,35.62,33,190066,190576
[Recv] <<< 23:c9:cc:4b:a0:3a,32395,-28,3050,62.35,35.62,102,190168,190678
[Recv] <<< 23:c9:cc:4b:a0:3a,32396,-28,3051,62.34,35.62,34,190202,190712
[Recv] <<< 23:c9:cc:4b:a0:3a,32397,-31,3052,62.33,35.62,38,190240,190750
[Recv] <<< 23:c9:cc:4b:a0:3a,32398,-37,3053,62.33,35.62,44,190284,190794
[Recv] <<< 23:c9:cc:4b:a0:3a,32399,-37,3054,62.32,35.62,48,190332,190842
[Recv] <<< 23:c9:cc:4b:a0:3a,32400,-37,3055,62.31,35.62,32,190364,190874
[Recv] <<< 23:c9:cc:4b:a0:3a,32401,-37,3056,62.30,35.62,38,190402,190912
[Recv] <<< 23:c9:cc:4b:a0:3a,32403,-37,3057,62.30,35.62,61,190463,190973
[Recv] <<< 23:c9:cc:4b:a0:3a,32405,-37,3058,62.31,35.62,72,190535,191045
[Recv] <<< 23:c9:cc:4b:a0:3a,32406,-37,3059,62.30,35.62,30,190565,191075
[Recv] <<< 23:c9:cc:4b:a0:3a,32408,-37,3060,62.30,35.62,62,190627,191137
[Recv] <<< 23:c9:cc:4b:a0:3a,32412,-31,3061,62.32,35.62,140,190767,191277
[Recv] <<< 23:c9:cc:4b:a0:3a,32413,-30,3062,62.31,35.62,30,190797,191307
[Recv] <<< 23:c9:cc:4b:a0:3a,32414,-31,3063,62.30,35.62,33,190830,191340
[Recv] <<< 23:c9:cc:4b:a0:3a,32416,-28,3064,62.30,35.61,65,190895,191405
[Recv] <<< 23:c9:cc:4b:a0:3a,32424,-30,3065,62.38,35.62,289,191184,191694
[Recv] <<< 23:c9:cc:4b:a0:3a,32443,-28,3066,62.57,35.61,647,191831,192341
[Recv] <<< 23:c9:cc:4b:a0:3a,32445,-28,3067,62.57,35.61,68,191899,192409
[Recv] <<< 23:c9:cc:4b:a0:3a,32446,-31,3068,62.56,35.61,39,191938,192448
[Recv] <<< 23:c9:cc:4b:a0:3a,32448,-28,3069,62.56,35.61,64,192002,192512
[Recv] <<< 23:c9:cc:4b:a0:3a,32449,-28,3070,62.55,35.61,38,192040,192550
[Recv] <<< 23:c9:cc:4b:a0:3a,32450,-30,3071,62.55,35.61,48,192088,192598
[Recv] <<< 23:c9:cc:4b:a0:3a,32451,-37,3072,62.54,35.61,37,192125,192635
[Recv] <<< 23:c9:cc:4b:a0:3a,32453,-31,3073,62.54,35.61,66,192191,192701
[Recv] <<< 23:c9:cc:4b:a0:3a,32454,-31,3074,62.53,35.61,37,192228,192738
[Recv] <<< 23:c9:cc:4b:a0:3a,32455,-30,3075,62.52,35.61,30,192258,192768
[Recv] <<< 23:c9:cc:4b:a0:3a,32456,-31,3076,62.52,35.61,39,192297,192807
[Recv] <<< 23:c9:cc:4b:a0:3a,32458,-30,3077,62.52,35.61,65,192362,192872
[Recv] <<< 23:c9:cc:4b:a0:3a,32460,-31,3078,62.52,35.61,73,192435,192945
[Recv] <<< 23:c9:cc:4b:a0:3a,32461,-30,3079,62.51,35.61,26,192461,192971
[Recv] <<< 23:c9:cc:4b:a0:3a,32462,-28,3080,62.50,35.61,31,192492,193002
[Recv] <<< 23:c9:cc:4b:a0:3a,32464,-28,3081,62.50,35.61,74,192566,193076
[Recv] <<< 23:c9:cc:4b:a0:3a,32491,-37,3082,62.79,35.61,955,193521,194031
[Recv] <<< 23:c9:cc:4b:a0:3a,32492,-37,3083,62.78,35.61,31,193552,194062
[Recv] <<< 23:c9:cc:4b:a0:3a,32493,-31,3084,62.77,35.61,41,193593,194103
[Recv] <<< 23:c9:cc:4b:a0:3a,32494,-31,3085,62.76,35.61,28,193621,194131
[Recv] <<< 23:c9:cc:4b:a0:3a,32495,-31,3086,62.76,35.61,49,193670,194180
[Recv] <<< 23:c9:cc:4b:a0:3a,32496,-30,3087,62.75,35.61,36,193706,194216
[Recv] <<< 23:c9:cc:4b:a0:3a,32497,-31,3088,62.74,35.61,31,193737,194247
[Recv] <<< 23:c9:cc:4b:a0:3a,32498,-31,3089,62.73,35.61,35,193772,194282
[Recv] <<< 23:c9:cc:4b:a0:3a,32523,-28,3090,62.99,35.60,852,194624,195134
[Recv] <<< 23:c9:cc:4b:a0:3a,32537,-37,3091,63.12,35.59,469,195093,195603
[Recv] <<< 23:c9:cc:4b:a0:3a,32538,-37,3092,63.11,35.59,28,195121,195631
[Recv] <<< 23:c9:cc:4b:a0:3a,32540,-37,3093,63.11,35.59,71,195192,195702
[Recv] <<< 23:c9:cc:4b:a0:3a,32591,-37,3094,63.64,35.57,1707,196899,197409
[Recv] <<< 23:c9:cc:4b:a0:3a,32592,-37,3095,63.63,35.57,35,196934,197444
[Recv] <<< 23:c9:cc:4b:a0:3a,32593,-37,3096,63.62,35.57,39,196973,197483
[Recv] <<< 23:c9:cc:4b:a0:3a,32594,-31,3097,63.61,35.57,25,196998,197508
[Recv] <<< 23:c9:cc:4b:a0:3a,32595,-31,3098,63.60,35.57,38,197036,197546
[Recv] <<< 23:c9:cc:4b:a0:3a,32596,-30,3099,63.59,35.57,29,197065,197575
[Recv] <<< 23:c9:cc:4b:a0:3a,32607,-37,3100,63.69,35.57,382,197447,197957
[Recv] <<< 23:c9:cc:4b:a0:3a,32608,-37,3101,63.69,35.57,42,197489,197999
[Recv] <<< 23:c9:cc:4b:a0:3a,32609,-37,3102,63.67,35.57,27,197516,198026
[Recv] <<< 23:c9:cc:4b:a0:3a,32612,-37,3103,63.69,35.57,103,197619,198129
[Recv] <<< 23:c9:cc:4b:a0:3a,32613,-28,3104,63.68,35.57,41,197660,198170
[Recv] <<< 23:c9:cc:4b:a0:3a,32614,-28,3105,63.67,35.57,29,197689,198199
[Recv] <<< 23:c9:cc:4b:a0:3a,32615,-37,3106,63.66,35.57,32,197721,198231
[Recv] <<< 23:c9:cc:4b:a0:3a,32616,-37,3107,63.65,35.57,29,197750,198260
[Recv] <<< 23:c9:cc:4b:a0:3a,32617,-31,3108,63.64,35.57,34,197784,198294
[Recv] <<< 23:c9:cc:4b:a0:3a,32618,-30,3109,63.63,35.57,33,197817,198327
[Recv] <<< 23:c9:cc:4b:a0:3a,32619,-31,3110,63.62,35.56,31,197848,198358
[Recv] <<< 23:c9:cc:4b:a0:3a,32620,-31,3111,63.61,35.57,36,197884,198394
[Recv] <<< 23:c9:cc:4b:a0:3a,32629,-37,3112,63.68,35.56,294,198178,198688
[Recv] <<< 23:c9:cc:4b:a0:3a,32632,-37,3113,63.69,35.56,97,198275,198785
[Recv] <<< 23:c9:cc:4b:a0:3a,32636,-37,3114,63.72,35.56,144,198419,198929
[Recv] <<< 23:c9:cc:4b:a0:3a,32637,-28,3115,63.71,35.56,46,198465,198975
[Recv] <<< 23:c9:cc:4b:a0:3a,32639,-37,3116,63.71,35.56,64,198529,199039
[Recv] <<< 23:c9:cc:4b:a0:3a,32640,-37,3117,63.70,35.56,36,198565,199075
[Recv] <<< 23:c9:cc:4b:a0:3a,32641,-37,3118,63.70,35.56,39,198604,199114
[Recv] <<< 23:c9:cc:4b:a0:3a,32642,-37,3119,63.68,35.56,25,198629,199139
[Recv] <<< 23:c9:cc:4b:a0:3a,32644,-37,3120,63.69,35.56,75,198704,199214
[Recv] <<< 23:c9:cc:4b:a0:3a,32645,-37,3121,63.68,35.56,27,198731,199241
[Recv] <<< 23:c9:cc:4b:a0:3a,32646,-31,3122,63.67,35.56,39,198770,199280
[Recv] <<< 23:c9:cc:4b:a0:3a,32648,-31,3123,63.67,35.56,65,198835,199345
[Recv] <<< 23:c9:cc:4b:a0:3a,32649,-30,3124,63.66,35.56,31,198866,199376
[Recv] <<< 23:c9:cc:4b:a0:3a,32650,-31,3125,63.65,35.56,39,198905,199415
[Recv] <<< 23:c9:cc:4b:a0:3a,32651,-30,3126,63.64,35.56,38,198943,199453
[Recv] <<< 23:c9:cc:4b:a0:3a,32652,-31,3127,63.63,35.56,31,198974,199484
[Recv] <<< 23:c9:cc:4b:a0:3a,32654,-37,3128,63.64,35.56,77,199051,199561
[Recv] <<< 23:c9:cc:4b:a0:3a,32655,-37,3129,63.63,35.56,36,199087,199597
[Recv] <<< 23:c9:cc:4b:a0:3a,32656,-37,3130,63.62,35.56,33,199120,199630
[Recv] <<< 23:c9:cc:4b:a0:3a,32657,-37,3131,63.61,35.56,34,199154,199664
[Recv] <<< 23:c9:cc:4b:a0:3a,32661,-37,3132,63.63,35.55,127,199281,199791
[Recv] <<< 23:c9:cc:4b:a0:3a,32662,-37,3133,63.62,35.55,40,199321,199831
[Recv] <<< 23:c9:cc:4b:a0:3a,32663,-28,3134,63.61,35.56,38,199359,199869
[Recv] <<< 23:c9:cc:4b:a0:3a,32664,-37,3135,63.60,35.56,39,199398,199908
[Recv] <<< 23:c9:cc:4b:a0:3a,32665,-37,3136,63.59,35.56,30,199428,199938
[Recv] <<< 23:c9:cc:4b:a0:3a,32674,-37,3137,63.67,35.55,303,199731,200241
[Recv] <<< 23:c9:cc:4b:a0:3a,32675,-37,3138,63.66,35.55,39,199770,200280
[Recv] <<< 23:c9:cc:4b:a0:3a,32676,-37,3139,63.65,35.55,29,199799,200309
[Recv] <<< 23:c9:cc:4b:a0:3a,32693,-37,3140,63.82,35.55,584,200383,200893
[Recv] <<< 23:c9:cc:4b:a0:3a,32694,-37,3141,63.81,35.55,32,200415,200925
[Recv] <<< 23:c9:cc:4b:a0:3a,32695,-31,3142,63.79,35.55,27,200442,200952
[Recv] <<< 23:c9:cc:4b:a0:3a,32698,-30,3143,63.81,35.54,99,200541,201051
[Recv] <<< 23:c9:cc:4b:a0:3a,32700,-31,3144,63.81,35.54,70,200611,201121
[Recv] <<< 23:c9:cc:4b:a0:3a,32701,-31,3145,63.80,35.54,37,200648,201158
[Recv] <<< 23:c9:cc:4b:a0:3a,32702,-30,3146,63.79,35.54,33,200681,201191
[Recv] <<< 23:c9:cc:4b:a0:3a,32703,-31,3147,63.78,35.54,28,200709,201219
[Recv] <<< 23:c9:cc:4b:a0:3a,32715,-31,3148,63.88,35.54,392,201101,201611
[Recv] <<< 23:c9:cc:4b:a0:3a,32717,-37,3149,63.89,35.54,83,201184,201694
[Recv] <<< 23:c9:cc:4b:a0:3a,32718,-28,3150,63.88,35.54,45,201229,201739
[Recv] <<< 23:c9:cc:4b:a0:3a,32719,-28,3151,63.87,35.54,35,201264,201774
[Recv] <<< 23:c9:cc:4b:a0:3a,32720,-28,3152,63.87,35.54,39,201303,201813
[Recv] <<< 23:c9:cc:4b:a0:3a,32721,-28,3153,63.85,35.54,27,201330,201840
[Recv] <<< 23:c9:cc:4b:a0:3a,32723,-28,3154,63.86,35.54,71,201401,201911
[Recv] <<< 23:c9:cc:4b:a0:3a,32724,-28,3155,63.85,35.54,30,201431,201941
[Recv] <<< 23:c9:cc:4b:a0:3a,32725,-28,3156,63.84,35.54,37,201468,201978
[Recv] <<< 23:c9:cc:4b:a0:3a,32740,-31,3157,63.98,35.54,519,201987,202497
[Recv] <<< 23:c9:cc:4b:a0:3a,32741,-30,3158,63.97,35.54,36,202023,202533
[Recv] <<< 23:c9:cc:4b:a0:3a,32742,-28,3159,63.96,35.54,33,202056,202566
[Recv] <<< 23:c9:cc:4b:a0:3a,32743,-30,3160,63.95,35.54,39,202095,202605
[Recv] <<< 23:c9:cc:4b:a0:3a,32750,-31,3161,64.01,35.54,250,202345,202855
[Recv] <<< 23:c9:cc:4b:a0:3a,32751,-31,3162,64.00,35.54,30,202375,202885
[Recv] <<< 23:c9:cc:4b:a0:3a,32752,-31,3163,63.99,35.54,33,202408,202918
[Recv] <<< 23:c9:cc:4b:a0:3a,32753,-28,3164,63.98,35.53,31,202439,202949
[Recv] <<< 23:c9:cc:4b:a0:3a,32755,-28,3165,63.98,35.53,67,202506,203016
[Recv] <<< 23:c9:cc:4b:a0:3a,32756,-28,3166,63.97,35.53,32,202538,203048
[Recv] <<< 23:c9:cc:4b:a0:3a,32758,-28,3167,63.97,35.53,63,202601,203111
[Recv] <<< 23:c9:cc:4b:a0:3a,32759,-27,3168,63.96,35.53,40,202641,203151
[Recv] <<< 23:c9:cc:4b:a0:3a,32761,-28,3169,63.97,35.53,65,202706,203216
[Recv] <<< 23:c9:cc:4b:a0:3a,32762,-28,3170,63.95,35.53,27,202733,203243
[Recv] <<< 23:c9:cc:4b:a0:3a,32763,-28,3171,63.95,35.53,38,202771,203281
[Recv] <<< 23:c9:cc:4b:a0:3a,32764,-28,3172,63.94,35.53,32,202803,203313
[Recv] <<< 23:c9:cc:4b:a0:3a,32766,-28,3173,63.94,35.53,71,202874,203384
[Recv] <<< 23:c9:cc:4b:a0:3a,32767,-28,3174,63.93,35.53,35,202909,203419
[Recv] <<< 23:c9:cc:4b:a0:3a,32768,-28,3175,63.92,35.53,35,202944,203454
[Recv] <<< 23:c9:cc:4b:a0:3a,32771,-28,3176,63.93,35.53,107,203051,203561
[Recv] <<< 23:c9:cc:4b:a0:3a,32772,-28,3177,63.92,35.53,30,203081,203591
[Recv] <<< 23:c9:cc:4b:a0:3a,32773,-28,3178,63.91,35.53,33,203114,203624
[Recv] <<< 23:c9:cc:4b:a0:3a,32775,-37,3179,63.91,35.53,64,203178,203688
[Recv] <<< 23:c9:cc:4b:a0:3a,32803,-31,3180,64.20,35.52,976,204154,204664
[Recv] <<< 23:c9:cc:4b:a0:3a,32804,-31,3181,64.19,35.52,38,204192,204702
[Recv] <<< 23:c9:cc:4b:a0:3a,32805,-31,3182,64.18,35.52,27,204219,204729
[Recv] <<< 23:c9:cc:4b:a0:3a,32824,-30,3183,64.37,35.52,663,204882,205392
[Recv] <<< 23:c9:cc:4b:a0:3a,32825,-31,3184,64.36,35.52,35,204917,205427
[Recv] <<< 23:c9:cc:4b:a0:3a,32828,-31,3185,64.37,35.52,101,205018,205528
[Recv] <<< 23:c9:cc:4b:a0:3a,32829,-31,3186,64.36,35.52,39,205057,205567
[Recv] <<< 23:c9:cc:4b:a0:3a,32830,-37,3187,64.35,35.52,35,205092,205602
[Recv] <<< 23:c9:cc:4b:a0:3a,32833,-31,3188,64.36,35.52,97,205189,205699
[Recv] <<< 23:c9:cc:4b:a0:3a,32834,-31,3189,64.35,35.52,33,205222,205732
[Recv] <<< 23:c9:cc:4b:a0:3a,32847,-28,3190,64.47,35.51,442,205664,206174
[Recv] <<< 23:c9:cc:4b:a0:3a,32848,-28,3191,64.46,35.51,30,205694,206204
[Recv] <<< 23:c9:cc:4b:a0:3a,32849,-28,3192,64.45,35.51,37,205731,206241
[Recv] <<< 23:c9:cc:4b:a0:3a,32860,-28,3193,64.55,35.51,392,206123,206633
[Recv] <<< 23:c9:cc:4b:a0:3a,32892,-31,3194,64.88,35.51,1106,207229,207739
[Recv] <<< 23:c9:cc:4b:a0:3a,32893,-31,3195,64.87,35.51,41,207270,207780
[Recv] <<< 23:c9:cc:4b:a0:3a,32895,-31,3196,64.87,35.51,69,207339,207849
[Recv] <<< 23:c9:cc:4b:a0:3a,32896,-31,3197,64.86,35.51,32,207371,207881
[Recv] <<< 23:c9:cc:4b:a0:3a,32897,-37,3198,64.86,35.51,40,207411,207921
[Recv] <<< 23:c9:cc:4b:a0:3a,32898,-37,3199,64.85,35.51,37,207448,207958
[Recv] <<< 23:c9:cc:4b:a0:3a,32899,-37,3200,64.84,35.51,37,207485,207995
[Recv] <<< 23:c9:cc:4b:a0:3a,32900,-37,3201,64.83,35.51,37,207522,208032
[Recv] <<< 23:c9:cc:4b:a0:3a,32901,-37,3202,64.82,35.51,26,207548,208058
[Recv] <<< 23:c9:cc:4b:a0:3a,32902,-37,3203,64.81,35.51,35,207583,208093
[Recv] <<< 23:c9:cc:4b:a0:3a,32903,-37,3204,64.80,35.51,35,207618,208128
[Recv] <<< 23:c9:cc:4b:a0:3a,32916,-37,3205,64.92,35.51,461,208079,208589
[Recv] <<< 23:c9:cc:4b:a0:3a,32917,-37,3206,64.91,35.51,36,208115,208625
[Recv] <<< 23:c9:cc:4b:a0:3a,32918,-37,3207,64.90,35.51,34,208149,208659
[Recv] <<< 23:c9:cc:4b:a0:3a,32920,-37,3208,64.91,35.51,67,208216,208726
[Recv] <<< 23:c9:cc:4b:a0:3a,32922,-28,3209,64.91,35.51,81,208297,208807
[Recv] <<< 23:c9:cc:4b:a0:3a,32923,-28,3210,64.90,35.51,40,208337,208847
[Recv] <<< 23:c9:cc:4b:a0:3a,32925,-28,3211,64.90,35.51,67,208404,208914
[Recv] <<< 23:c9:cc:4b:a0:3a,32926,-28,3212,64.89,35.51,35,208439,208949
[Recv] <<< 23:c9:cc:4b:a0:3a,32927,-27,3213,64.88,35.51,29,208468,208978
[Recv] <<< 23:c9:cc:4b:a0:3a,32928,-28,3214,64.87,35.51,36,208504,209014
[Recv] <<< 23:c9:cc:4b:a0:3a,32929,-28,3215,64.86,35.51,33,208537,209047
[Recv] <<< 23:c9:cc:4b:a0:3a,32930,-28,3216,64.86,35.51,37,208574,209084
[Recv] <<< 23:c9:cc:4b:a0:3a,32931,-28,3217,64.85,35.51,36,208610,209120
[Recv] <<< 23:c9:cc:4b:a0:3a,32935,-37,3218,64.87,35.51,145,208755,209265
[Recv] <<< 23:c9:cc:4b:a0:3a,32936,-37,3219,64.86,35.51,31,208786,209296
[Recv] <<< 23:c9:cc:4b:a0:3a,32937,-37,3220,64.85,35.51,35,208821,209331
[Recv] <<< 23:c9:cc:4b:a0:3a,32938,-37,3221,64.84,35.51,29,208850,209360
[Recv] <<< 23:c9:cc:4b:a0:3a,32943,-31,3222,64.87,35.51,170,209020,209530
[Recv] <<< 23:c9:cc:4b:a0:3a,32947,-31,3223,64.89,35.50,131,209151,209661
[Recv] <<< 23:c9:cc:4b:a0:3a,32948,-31,3224,64.88,35.50,34,209185,209695
[Recv] <<< 23:c9:cc:4b:a0:3a,32949,-31,3225,64.87,35.50,34,209219,209729
[Recv] <<< 23:c9:cc:4b:a0:3a,32950,-28,3226,64.86,35.50,27,209246,209756
[Recv] <<< 23:c9:cc:4b:a0:3a,32952,-28,3227,64.86,35.50,70,209316,209826
[Recv] <<< 23:c9:cc:4b:a0:3a,32953,-30,3228,64.86,35.50,41,209357,209867
[Recv] <<< 23:c9:cc:4b:a0:3a,32954,-31,3229,64.85,35.50,32,209389,209899
[Recv] <<< 23:c9:cc:4b:a0:3a,32955,-31,3230,64.84,35.50,35,209424,209934
[Recv] <<< 23:c9:cc:4b:a0:3a,32964,-28,3231,64.91,35.50,299,209723,210233
[Recv] <<< 23:c9:cc:4b:a0:3a,32965,-37,3232,64.90,35.50,33,209756,210266
[Recv] <<< 23:c9:cc:4b:a0:3a,32966,-37,3233,64.89,35.50,33,209789,210299
[Recv] <<< 23:c9:cc:4b:a0:3a,32967,-37,3234,64.88,35.50,28,209817,210327
[Recv] <<< 23:c9:cc:4b:a0:3a,32968,-37,3235,64.87,35.50,36,209853,210363
[Recv] <<< 23:c9:cc:4b:a0:3a,32969,-37,3236,64.86,35.50,32,209885,210395
[Recv] <<< 23:c9:cc:4b:a0:3a,32970,-37,3237,64.85,35.49,29,209914,210424
[Recv] <<< 23:c9:cc:4b:a0:3a,32972,-31,3238,64.85,35.49,66,209980,210490
[Recv] <<< 23:c9:cc:4b:a0:3a,32973,-37,3239,64.84,35.49,43,210023,210533
[Recv] <<< 23:c9:cc:4b:a0:3a,32974,-37,3240,64.83,35.50,37,210060,210570
[Recv] <<< 23:c9:cc:4b:a0:3a,32975,-37,3241,64.82,35.50,37,210097,210607
[Recv] <<< 23:c9:cc:4b:a0:3a,32976,-37,3242,64.82,35.50,37,210134,210644
[Recv] <<< 23:c9:cc:4b:a0:3a,32980,-37,3243,64.84,35.49,136,210270,210780
[Recv] <<< 23:c9:cc:4b:a0:3a,32981,-37,3244,64.83,35.49,35,210305,210815
[Recv] <<< 23:c9:cc:4b:a0:3a,32982,-37,3245,64.82,35.49,25,210330,210840
[Recv] <<< 23:c9:cc:4b:a0:3a,32983,-31,3246,64.81,35.49,36,210366,210876
[Recv] <<< 23:c9:cc:4b:a0:3a,32984,-37,3247,64.80,35.49,35,210401,210911
[Recv] <<< 23:c9:cc:4b:a0:3a,32995,-37,3248,64.90,35.49,396,210797,211307
[Recv] <<< 23:c9:cc:4b:a0:3a,32996,-37,3249,64.89,35.49,36,210833,211343
[Recv] <<< 23:c9:cc:4b:a0:3a,33002,-37,3250,64.93,35.49,201,211034,211544
[Recv] <<< 23:c9:cc:4b:a0:3a,33004,-28,3251,64.94,35.49,80,211114,211624
[Recv] <<< 23:c9:cc:4b:a0:3a,33005,-31,3252,64.93,35.49,42,211156,211666
[Recv] <<< 23:c9:cc:4b:a0:3a,33007,-31,3253,64.93,35.49,72,211228,211738
[Recv] <<< 23:c9:cc:4b:a0:3a,33008,-31,3254,64.93,35.49,38,211266,211776
[Recv] <<< 23:c9:cc:4b:a0:3a,33009,-31,3255,64.91,35.49,24,211290,211800
[Recv] <<< 23:c9:cc:4b:a0:3a,33010,-31,3256,64.90,35.49,35,211325,211835
[Recv] <<< 23:c9:cc:4b:a0:3a,33011,-37,3257,64.90,35.49,45,211370,211880
[Recv] <<< 23:c9:cc:4b:a0:3a,33012,-37,3258,64.89,35.49,35,211405,211915
[Recv] <<< 23:c9:cc:4b:a0:3a,33013,-37,3259,64.88,35.49,30,211435,211945
[Recv] <<< 23:c9:cc:4b:a0:3a,33014,-31,3260,64.87,35.49,26,211461,211971
[Recv] <<< 23:c9:cc:4b:a0:3a,33015,-37,3261,64.86,35.49,44,211505,212015
[Recv] <<< 23:c9:cc:4b:a0:3a,33019,-31,3262,64.89,35.50,158,211663,212173
[Recv] <<< 23:c9:cc:4b:a0:3a,33020,-37,3263,64.88,35.50,43,211706,212216
[Recv] <<< 23:c9:cc:4b:a0:3a,33021,-37,3264,64.87,35.50,36,211742,212252
[Recv] <<< 23:c9:cc:4b:a0:3a,33022,-37,3265,64.86,35.50,35,211777,212287
[Recv] <<< 23:c9:cc:4b:a0:3a,33023,-28,3266,64.86,35.50,45,211822,212332
[Recv] <<< 23:c9:cc:4b:a0:3a,33024,-31,3267,64.85,35.50,42,211864,212374
[Recv] <<< 23:c9:cc:4b:a0:3a,33025,-28,3268,64.84,35.50,33,211897,212407
[Recv] <<< 23:c9:cc:4b:a0:3a,33033,-31,3269,64.92,35.51,321,212218,212728
[Recv] <<< 23:c9:cc:4b:a0:3a,33034,-28,3270,64.91,35.51,44,212262,212772
[Recv] <<< 23:c9:cc:4b:a0:3a,33036,-28,3271,64.92,35.51,77,212339,212849
[Recv] <<< 23:c9:cc:4b:a0:3a,33037,-28,3272,64.91,35.51,37,212376,212886
[Recv] <<< 23:c9:cc:4b:a0:3a,33038,-31,3273,64.90,35.51,37,212413,212923
[Recv] <<< 23:c9:cc:4b:a0:3a,33039,-37,3274,64.89,35.51,45,212458,212968
[Recv] <<< 23:c9:cc:4b:a0:3a,33041,-37,3275,64.90,35.51,80,212538,213048
[Recv] <<< 23:c9:cc:4b:a0:3a,33043,-37,3276,64.90,35.51,60,212598,213108
[Recv] <<< 23:c9:cc:4b:a0:3a,33045,-28,3277,64.90,35.51,84,212682,213192
[Recv] <<< 23:c9:cc:4b:a0:3a,33046,-28,3278,64.89,35.51,33,212715,213225
[Recv] <<< 23:c9:cc:4b:a0:3a,33048,-31,3279,64.90,35.51,78,212793,213303
[Recv] <<< 23:c9:cc:4b:a0:3a,33049,-31,3280,64.89,35.51,35,212828,213338
[Recv] <<< 23:c9:cc:4b:a0:3a,33051,-37,3281,64.89,35.51,79,212907,213417
[Recv] <<< 23:c9:cc:4b:a0:3a,33054,-28,3282,64.91,35.52,115,213022,213532
[Recv] <<< 23:c9:cc:4b:a0:3a,33055,-28,3283,64.90,35.52,39,213061,213571
[Recv] <<< 23:c9:cc:4b:a0:3a,33056,-28,3284,64.89,35.52,38,213099,213609
[Recv] <<< 23:c9:cc:4b:a0:3a,33057,-28,3285,64.88,35.52,35,213134,213644
[Recv] <<< 23:c9:cc:4b:a0:3a,33058,-31,3286,64.88,35.52,47,213181,213691
[Recv] <<< 23:c9:cc:4b:a0:3a,33059,-37,3287,64.87,35.52,42,213223,213733
[Recv] <<< 23:c9:cc:4b:a0:3a,33062,-31,3288,64.89,35.52,124,213347,213857
[Recv] <<< 23:c9:cc:4b:a0:3a,33063,-37,3289,64.88,35.52,41,213388,213898
[Recv] <<< 23:c9:cc:4b:a0:3a,33064,-28,3290,64.87,35.52,42,213430,213940
[Recv] <<< 23:c9:cc:4b:a0:3a,33065,-31,3291,64.87,35.53,43,213473,213983
[Recv] <<< 23:c9:cc:4b:a0:3a,33067,-37,3292,64.87,35.53,90,213563,214073
[Recv] <<< 23:c9:cc:4b:a0:3a,33068,-28,3293,64.87,35.53,42,213605,214115
[Recv] <<< 23:c9:cc:4b:a0:3a,33069,-31,3294,64.86,35.53,43,213648,214158
[Recv] <<< 23:c9:cc:4b:a0:3a,33070,-37,3295,64.85,35.53,45,213693,214203
[Recv] <<< 23:c9:cc:4b:a0:3a,33071,-28,3296,64.85,35.53,43,213736,214246
[Recv] <<< 23:c9:cc:4b:a0:3a,33072,-31,3297,64.84,35.53,39,213775,214285
[Recv] <<< 23:c9:cc:4b:a0:3a,33073,-37,3298,64.84,35.54,52,213827,214337
[Recv] <<< 23:c9:cc:4b:a0:3a,33074,-37,3299,64.83,35.54,39,213866,214376
[Recv] <<< 23:c9:cc:4b:a0:3a,33075,-28,3300,64.82,35.54,45,213911,214421
[Recv] <<< 23:c9:cc:4b:a0:3a,33076,-28,3301,64.81,35.54,38,213949,214459
[Recv] <<< 23:c9:cc:4b:a0:3a,33077,-31,3302,64.81,35.54,42,213991,214501
[Recv] <<< 23:c9:cc:4b:a0:3a,33079,-28,3303,64.82,35.54,96,214087,214597
[Recv] <<< 23:c9:cc:4b:a0:3a,33081,-31,3304,64.82,35.55,82,214169,214679
[Recv] <<< 23:c9:cc:4b:a0:3a,33082,-37,3305,64.81,35.55,44,214213,214723
[Recv] <<< 23:c9:cc:4b:a0:3a,33083,-28,3306,64.81,35.55,41,214254,214764
[Recv] <<< 23:c9:cc:4b:a0:3a,33091,-28,3307,64.89,35.56,352,214606,215116
[Recv] <<< 23:c9:cc:4b:a0:3a,33092,-31,3308,64.89,35.56,40,214646,215156
[Recv] <<< 23:c9:cc:4b:a0:3a,33093,-31,3309,64.88,35.56,34,214680,215190
[Recv] <<< 23:c9:cc:4b:a0:3a,33094,-40,3310,64.87,35.56,42,214722,215232
[Recv] <<< 23:c9:cc:4b:a0:3a,33095,-28,3311,64.87,35.56,47,214769,215279
[Recv] <<< 23:c9:cc:4b:a0:3a,33096,-30,3312,64.86,35.56,42,214811,215321
[Recv] <<< 23:c9:cc:4b:a0:3a,33123,-28,3313,65.18,35.59,1139,215950,216460
[Recv] <<< 23:c9:cc:4b:a0:3a,33124,-31,3314,65.18,35.60,45,215995,216505
[Recv] <<< 23:c9:cc:4b:a0:3a,33140,-37,3315,65.36,35.61,670,216665,217175
[Recv] <<< 23:c9:cc:4b:a0:3a,33150,-37,3316,65.46,35.62,407,217072,217582
[Recv] <<< 23:c9:cc:4b:a0:3a,33151,-28,3317,65.46,35.62,48,217120,217630
[Recv] <<< 23:c9:cc:4b:a0:3a,33158,-31,3318,65.52,35.63,284,217404,217914
[Recv] <<< 23:c9:cc:4b:a0:3a,33165,-28,3319,65.59,35.64,305,217709,218219
[Recv] <<< 23:c9:cc:4b:a0:3a,33166,-28,3320,65.59,35.64,37,217746,218256
[Recv] <<< 23:c9:cc:4b:a0:3a,33167,-30,3321,65.58,35.64,40,217786,218296
[Recv] <<< 23:c9:cc:4b:a0:3a,33174,-37,3322,65.65,35.65,296,218082,218592
[Recv] <<< 23:c9:cc:4b:a0:3a,33175,-28,3323,65.64,35.65,41,218123,218633
[Recv] <<< 23:c9:cc:4b:a0:3a,33235,-27,3324,66.36,35.70,2442,220565,221075
[Recv] <<< 23:c9:cc:4b:a0:3a,33236,-27,3325,66.35,35.70,43,220608,221118
[Recv] <<< 23:c9:cc:4b:a0:3a,33237,-31,3326,66.34,35.70,35,220643,221153
[Recv] <<< 23:c9:cc:4b:a0:3a,33238,-31,3327,66.33,35.70,37,220680,221190
[Recv] <<< 23:c9:cc:4b:a0:3a,33264,-31,3328,66.63,35.72,1052,221732,222242
[Recv] <<< 23:c9:cc:4b:a0:3a,33265,-37,3329,66.62,35.72,40,221772,222282
[Recv] <<< 23:c9:cc:4b:a0:3a,33266,-28,3330,66.61,35.72,45,221817,222327
[Recv] <<< 23:c9:cc:4b:a0:3a,33267,-31,3331,66.61,35.72,46,221863,222373
[Recv] <<< 23:c9:cc:4b:a0:3a,33268,-30,3332,66.60,35.72,35,221898,222408
[Recv] <<< 23:c9:cc:4b:a0:3a,33269,-37,3333,66.59,35.72,44,221942,222452
[Recv] <<< 23:c9:cc:4b:a0:3a,33271,-28,3334,66.59,35.72,77,222019,222529
[Recv] <<< 23:c9:cc:4b:a0:3a,33272,-28,3335,66.58,35.72,39,222058,222568
[Recv] <<< 23:c9:cc:4b:a0:3a,33298,-37,3336,66.88,35.74,1047,223105,223615
[Recv] <<< 23:c9:cc:4b:a0:3a,33299,-37,3337,66.87,35.74,42,223147,223657
[Recv] <<< 23:c9:cc:4b:a0:3a,33300,-27,3338,66.86,35.74,43,223190,223700
[Recv] <<< 23:c9:cc:4b:a0:3a,33301,-28,3339,66.85,35.74,35,223225,223735
[Recv] <<< 23:c9:cc:4b:a0:3a,33302,-30,3340,66.85,35.75,43,223268,223778
[Recv] <<< 23:c9:cc:4b:a0:3a,33303,-31,3341,66.84,35.75,40,223308,223818
[Recv] <<< 23:c9:cc:4b:a0:3a,33311,-37,3342,66.91,35.75,319,223627,224137
[Recv] <<< 23:c9:cc:4b:a0:3a,33312,-27,3343,66.91,35.75,44,223671,224181
[Recv] <<< 23:c9:cc:4b:a0:3a,33314,-30,3344,66.91,35.75,72,223743,224253
[Recv] <<< 23:c9:cc:4b:a0:3a,33315,-37,3345,66.90,35.75,46,223789,224299
[Recv] <<< 23:c9:cc:4b:a0:3a,33319,-37,3346,66.93,35.76,145,223934,224444
[Recv] <<< 23:c9:cc:4b:a0:3a,33320,-30,3347,66.92,35.76,45,223979,224489
[Recv] <<< 23:c9:cc:4b:a0:3a,33321,-31,3348,66.91,35.76,39,224018,224528
[Recv] <<< 23:c9:cc:4b:a0:3a,33322,-30,3349,66.90,35.76,30,224048,224558
[Recv] <<< 23:c9:cc:4b:a0:3a,33323,-30,3350,66.89,35.76,34,224082,224592
[Recv] <<< 23:c9:cc:4b:a0:3a,33324,-31,3351,66.88,35.76,32,224114,224624
[Recv] <<< 23:c9:cc:4b:a0:3a,33325,-30,3352,66.87,35.76,37,224151,224661
[Recv] <<< 23:c9:cc:4b:a0:3a,33328,-30,3353,66.89,35.76,119,224270,224780
[Recv] <<< 23:c9:cc:4b:a0:3a,33329,-30,3354,66.87,35.76,24,224294,224804
[Recv] <<< 23:c9:cc:4b:a0:3a,33330,-37,3355,66.87,35.76,45,224339,224849
[Recv] <<< 23:c9:cc:4b:a0:3a,33332,-28,3356,66.87,35.76,73,224412,224922
[Recv] <<< 23:c9:cc:4b:a0:3a,33333,-28,3357,66.86,35.76,36,224448,224958
[Recv] <<< 23:c9:cc:4b:a0:3a,33335,-31,3358,66.87,35.76,85,224533,225043
[Recv] <<< 23:c9:cc:4b:a0:3a,33336,-30,3359,66.86,35.76,34,224567,225077
[Recv] <<< 23:c9:cc:4b:a0:3a,33339,-37,3360,66.87,35.76,116,224683,225193
[Recv] <<< 23:c9:cc:4b:a0:3a,33340,-37,3361,66.86,35.76,33,224716,225226
[Recv] <<< 23:c9:cc:4b:a0:3a,33341,-37,3362,66.85,35.76,38,224754,225264
[Recv] <<< 23:c9:cc:4b:a0:3a,33352,-37,3363,66.95,35.76,409,225163,225673
[Recv] <<< 23:c9:cc:4b:a0:3a,33353,-37,3364,66.94,35.76,39,225202,225712
[Recv] <<< 23:c9:cc:4b:a0:3a,33354,-37,3365,66.93,35.76,31,225233,225743
[Recv] <<< 23:c9:cc:4b:a0:3a,33355,-37,3366,66.93,35.76,43,225276,225786
[Recv] <<< 23:c9:cc:4b:a0:3a,33356,-37,3367,66.92,35.76,32,225308,225818
[Recv] <<< 23:c9:cc:4b:a0:3a,33358,-37,3368,66.92,35.76,73,225381,225891
[Recv] <<< 23:c9:cc:4b:a0:3a,33359,-37,3369,66.91,35.76,31,225412,225922
[Recv] <<< 23:c9:cc:4b:a0:3a,33360,-37,3370,66.90,35.76,38,225450,225960
[Recv] <<< 23:c9:cc:4b:a0:3a,33361,-37,3371,66.89,35.76,38,225488,225998
[Recv] <<< 23:c9:cc:4b:a0:3a,33362,-37,3372,66.88,35.76,35,225523,226033
[Recv] <<< 23:c9:cc:4b:a0:3a,33365,-28,3373,66.89,35.76,108,225631,226141
[Recv] <<< 23:c9:cc:4b:a0:3a,33366,-27,3374,66.88,35.76,31,225662,226172
[Recv] <<< 23:c9:cc:4b:a0:3a,33367,-28,3375,66.87,35.76,39,225701,226211
[Recv] <<< 23:c9:cc:4b:a0:3a,33368,-30,3376,66.87,35.76,40,225741,226251
[Recv] <<< 23:c9:cc:4b:a0:3a,33369,-31,3377,66.86,35.76,31,225772,226282
[Recv] <<< 23:c9:cc:4b:a0:3a,33370,-30,3378,66.85,35.76,35,225807,226317
[Recv] <<< 23:c9:cc:4b:a0:3a,33371,-30,3379,66.84,35.76,38,225845,226355
[Recv] <<< 23:c9:cc:4b:a0:3a,33372,-31,3380,66.83,35.76,33,225878,226388
[Recv] <<< 23:c9:cc:4b:a0:3a,33373,-30,3381,66.82,35.76,37,225915,226425
[Recv] <<< 23:c9:cc:4b:a0:3a,33374,-37,3382,66.81,35.76,37,225952,226462
[Recv] <<< 23:c9:cc:4b:a0:3a,33375,-37,3383,66.80,35.76,36,225988,226498
[Recv] <<< 23:c9:cc:4b:a0:3a,33377,-27,3384,66.80,35.76,77,226065,226575
[Recv] <<< 23:c9:cc:4b:a0:3a,33378,-28,3385,66.79,35.76,30,226095,226605
[Recv] <<< 23:c9:cc:4b:a0:3a,33381,-28,3386,66.81,35.76,108,226203,226713
[Recv] <<< 23:c9:cc:4b:a0:3a,33383,-28,3387,66.80,35.76,65,226268,226778
[Recv] <<< 23:c9:cc:4b:a0:3a,33384,-27,3388,66.80,35.76,43,226311,226821
[Recv] <<< 23:c9:cc:4b:a0:3a,33385,-28,3389,66.79,35.76,26,226337,226847
[Recv] <<< 23:c9:cc:4b:a0:3a,33386,-28,3390,66.78,35.76,40,226377,226887
[Recv] <<< 23:c9:cc:4b:a0:3a,33387,-27,3391,66.77,35.76,33,226410,226920
[Recv] <<< 23:c9:cc:4b:a0:3a,33388,-27,3392,66.76,35.76,40,226450,226960
[Recv] <<< 23:c9:cc:4b:a0:3a,33389,-28,3393,66.75,35.76,32,226482,226992
[Recv] <<< 23:c9:cc:4b:a0:3a,33395,-30,3394,66.79,35.76,213,226695,227205
[Recv] <<< 23:c9:cc:4b:a0:3a,33396,-30,3395,66.78,35.76,37,226732,227242
[Recv] <<< 23:c9:cc:4b:a0:3a,33398,-37,3396,66.78,35.76,68,226800,227310
[Recv] <<< 23:c9:cc:4b:a0:3a,33399,-37,3397,66.78,35.76,35,226835,227345
[Recv] <<< 23:c9:cc:4b:a0:3a,33400,-37,3398,66.77,35.76,40,226875,227385
[Recv] <<< 23:c9:cc:4b:a0:3a,33401,-37,3399,66.76,35.76,33,226908,227418
[Recv] <<< 23:c9:cc:4b:a0:3a,33402,-37,3400,66.75,35.76,38,226946,227456
[Recv] <<< 23:c9:cc:4b:a0:3a,33403,-37,3401,66.74,35.76,30,226976,227486
[Recv] <<< 23:c9:cc:4b:a0:3a,33404,-37,3402,66.73,35.76,37,227013,227523
[Recv] <<< 23:c9:cc:4b:a0:3a,33405,-37,3403,66.72,35.76,34,227047,227557
[Recv] <<< 23:c9:cc:4b:a0:3a,33406,-37,3404,66.71,35.76,34,227081,227591
[Recv] <<< 23:c9:cc:4b:a0:3a,33408,-37,3405,66.71,35.76,71,227152,227662
[Recv] <<< 23:c9:cc:4b:a0:3a,33409,-37,3406,66.70,35.76,38,227190,227700
[Recv] <<< 23:c9:cc:4b:a0:3a,33410,-37,3407,66.69,35.76,35,227225,227735
[Recv] <<< 23:c9:cc:4b:a0:3a,33411,-28,3408,66.69,35.76,42,227267,227777
[Recv] <<< 23:c9:cc:4b:a0:3a,33412,-28,3409,66.67,35.76,26,227293,227803
[Recv] <<< 23:c9:cc:4b:a0:3a,33413,-37,3410,66.67,35.76,37,227330,227840
[Recv] <<< 23:c9:cc:4b:a0:3a,33415,-37,3411,66.67,35.76,70,227400,227910
[Recv] <<< 23:c9:cc:4b:a0:3a,33416,-37,3412,66.66,35.76,35,227435,227945
[Recv] <<< 23:c9:cc:4b:a0:3a,33418,-27,3413,66.66,35.76,71,227506,228016
[Recv] <<< 23:c9:cc:4b:a0:3a,33419,-28,3414,66.65,35.76,31,227537,228047
[Recv] <<< 23:c9:cc:4b:a0:3a,33420,-28,3415,66.64,35.76,36,227573,228083
[Recv] <<< 23:c9:cc:4b:a0:3a,33421,-28,3416,66.63,35.76,42,227615,228125
[Recv] <<< 23:c9:cc:4b:a0:3a,33422,-28,3417,66.62,35.76,33,227648,228158
[Recv] <<< 23:c9:cc:4b:a0:3a,33423,-28,3418,66.61,35.76,37,227685,228195
[Recv] <<< 23:c9:cc:4b:a0:3a,33425,-31,3419,66.62,35.76,77,227762,228272
[Recv] <<< 23:c9:cc:4b:a0:3a,33426,-30,3420,66.61,35.76,38,227800,228310
[Recv] <<< 23:c9:cc:4b:a0:3a,33427,-30,3421,66.60,35.76,39,227839,228349
[Recv] <<< 23:c9:cc:4b:a0:3a,33428,-31,3422,66.59,35.76,35,227874,228384
[Recv] <<< 23:c9:cc:4b:a0:3a,33429,-30,3423,66.58,35.76,32,227906,228416
[Recv] <<< 23:c9:cc:4b:a0:3a,33430,-37,3424,66.57,35.76,40,227946,228456
[Recv] <<< 23:c9:cc:4b:a0:3a,33431,-37,3425,66.56,35.76,37,227983,228493
[Recv] <<< 23:c9:cc:4b:a0:3a,33432,-37,3426,66.56,35.76,44,228027,228537
[Recv] <<< 23:c9:cc:4b:a0:3a,33433,-37,3427,66.55,35.76,33,228060,228570
[Recv] <<< 23:c9:cc:4b:a0:3a,33434,-37,3428,66.54,35.76,34,228094,228604
[Recv] <<< 23:c9:cc:4b:a0:3a,33435,-27,3429,66.53,35.76,38,228132,228642
[Recv] <<< 23:c9:cc:4b:a0:3a,33436,-30,3430,66.52,35.76,43,228175,228685
[Recv] <<< 23:c9:cc:4b:a0:3a,33438,-31,3431,66.53,35.76,74,228249,228759
[Recv] <<< 23:c9:cc:4b:a0:3a,33439,-30,3432,66.52,35.76,36,228285,228795
[Recv] <<< 23:c9:cc:4b:a0:3a,33441,-37,3433,66.52,35.76,73,228358,228868
[Recv] <<< 23:c9:cc:4b:a0:3a,33442,-37,3434,66.51,35.77,44,228402,228912
[Recv] <<< 23:c9:cc:4b:a0:3a,33443,-37,3435,66.50,35.77,32,228434,228944
[Recv] <<< 23:c9:cc:4b:a0:3a,33444,-37,3436,66.49,35.77,33,228467,228977
[Recv] <<< 23:c9:cc:4b:a0:3a,33445,-40,3437,66.48,35.77,41,228508,229018
[Recv] <<< 23:c9:cc:4b:a0:3a,33446,-37,3438,66.48,35.77,36,228544,229054
[Recv] <<< 23:c9:cc:4b:a0:3a,33447,-37,3439,66.47,35.77,37,228581,229091
[Recv] <<< 23:c9:cc:4b:a0:3a,33448,-28,3440,66.46,35.77,36,228617,229127
[Recv] <<< 23:c9:cc:4b:a0:3a,33449,-28,3441,66.45,35.77,38,228655,229165
[Recv] <<< 23:c9:cc:4b:a0:3a,33450,-28,3442,66.44,35.77,36,228691,229201
[Recv] <<< 23:c9:cc:4b:a0:3a,33452,-30,3443,66.44,35.77,75,228766,229276
[Recv] <<< 23:c9:cc:4b:a0:3a,33453,-30,3444,66.43,35.77,34,228800,229310
[Recv] <<< 23:c9:cc:4b:a0:3a,33454,-30,3445,66.43,35.77,39,228839,229349
[Recv] <<< 23:c9:cc:4b:a0:3a,33455,-31,3446,66.42,35.77,30,228869,229379
[Recv] <<< 23:c9:cc:4b:a0:3a,33456,-31,3447,66.41,35.77,39,228908,229418
[Recv] <<< 23:c9:cc:4b:a0:3a,33457,-37,3448,66.40,35.77,37,228945,229455
[Recv] <<< 23:c9:cc:4b:a0:3a,33458,-37,3449,66.39,35.77,46,228991,229501
[Recv] <<< 23:c9:cc:4b:a0:3a,33459,-37,3450,66.38,35.77,34,229025,229535
[Recv] <<< 23:c9:cc:4b:a0:3a,33460,-37,3451,66.37,35.77,32,229057,229567
[Recv] <<< 23:c9:cc:4b:a0:3a,33461,-37,3452,66.37,35.77,41,229098,229608
[Recv] <<< 23:c9:cc:4b:a0:3a,33463,-28,3453,66.37,35.77,71,229169,229679
[Recv] <<< 23:c9:cc:4b:a0:3a,33464,-28,3454,66.36,35.77,42,229211,229721
[Recv] <<< 23:c9:cc:4b:a0:3a,33465,-28,3455,66.35,35.77,28,229239,229749
[Recv] <<< 23:c9:cc:4b:a0:3a,33466,-28,3456,66.34,35.77,35,229274,229784
[Recv] <<< 23:c9:cc:4b:a0:3a,33467,-27,3457,66.33,35.77,35,229309,229819
[Recv] <<< 23:c9:cc:4b:a0:3a,33468,-28,3458,66.32,35.77,36,229345,229855
[Recv] <<< 23:c9:cc:4b:a0:3a,33469,-28,3459,66.31,35.77,34,229379,229889
[Recv] <<< 23:c9:cc:4b:a0:3a,33470,-28,3460,66.30,35.77,35,229414,229924
[Recv] <<< 23:c9:cc:4b:a0:3a,33472,-28,3461,66.31,35.77,71,229485,229995
[Recv] <<< 23:c9:cc:4b:a0:3a,33474,-31,3462,66.31,35.77,80,229565,230075
[Recv] <<< 23:c9:cc:4b:a0:3a,33475,-30,3463,66.30,35.77,37,229602,230112
[Recv] <<< 23:c9:cc:4b:a0:3a,33476,-31,3464,66.29,35.77,33,229635,230145
[Recv] <<< 23:c9:cc:4b:a0:3a,33477,-31,3465,66.28,35.77,35,229670,230180
[Recv] <<< 23:c9:cc:4b:a0:3a,33478,-37,3466,66.27,35.77,36,229706,230216
[Recv] <<< 23:c9:cc:4b:a0:3a,33479,-37,3467,66.27,35.77,39,229745,230255
[Recv] <<< 23:c9:cc:4b:a0:3a,33480,-37,3468,66.26,35.77,32,229777,230287
[Recv] <<< 23:c9:cc:4b:a0:3a,33481,-37,3469,66.25,35.77,29,229806,230316
[Recv] <<< 23:c9:cc:4b:a0:3a,33482,-37,3470,66.24,35.77,46,229852,230362
[Recv] <<< 23:c9:cc:4b:a0:3a,33483,-37,3471,66.23,35.77,33,229885,230395
[Recv] <<< 23:c9:cc:4b:a0:3a,33486,-27,3472,66.24,35.77,112,229997,230507
[Recv] <<< 23:c9:cc:4b:a0:3a,33488,-27,3473,66.24,35.77,67,230064,230574
[Recv] <<< 23:c9:cc:4b:a0:3a,33489,-28,3474,66.24,35.77,38,230102,230612
[Recv] <<< 23:c9:cc:4b:a0:3a,33490,-28,3475,66.23,35.77,36,230138,230648
[Recv] <<< 23:c9:cc:4b:a0:3a,33492,-28,3476,66.23,35.77,68,230206,230716
[Recv] <<< 23:c9:cc:4b:a0:3a,33493,-28,3477,66.22,35.77,35,230241,230751
[Recv] <<< 23:c9:cc:4b:a0:3a,33494,-28,3478,66.21,35.77,33,230274,230784
[Recv] <<< 23:c9:cc:4b:a0:3a,33495,-28,3479,66.20,35.77,32,230306,230816
[Recv] <<< 23:c9:cc:4b:a0:3a,33496,-28,3480,66.19,35.77,35,230341,230851
[Recv] <<< 23:c9:cc:4b:a0:3a,33497,-28,3481,66.18,35.77,37,230378,230888
[Recv] <<< 23:c9:cc:4b:a0:3a,33498,-28,3482,66.17,35.77,32,230410,230920
[Recv] <<< 23:c9:cc:4b:a0:3a,33499,-28,3483,66.16,35.77,32,230442,230952
[Recv] <<< 23:c9:cc:4b:a0:3a,33501,-30,3484,66.16,35.77,75,230517,231027
[Recv] <<< 23:c9:cc:4b:a0:3a,33502,-31,3485,66.16,35.77,40,230557,231067
[Recv] <<< 23:c9:cc:4b:a0:3a,33503,-31,3486,66.14,35.77,24,230581,231091
[Recv] <<< 23:c9:cc:4b:a0:3a,33504,-37,3487,66.14,35.77,45,230626,231136
[Recv] <<< 23:c9:cc:4b:a0:3a,33505,-37,3488,66.13,35.77,36,230662,231172
[Recv] <<< 23:c9:cc:4b:a0:3a,33506,-37,3489,66.12,35.77,33,230695,231205
[Recv] <<< 23:c9:cc:4b:a0:3a,33507,-28,3490,66.11,35.77,32,230727,231237
[Recv] <<< 23:c9:cc:4b:a0:3a,33508,-28,3491,66.11,35.77,46,230773,231283
[Recv] <<< 23:c9:cc:4b:a0:3a,33509,-28,3492,66.10,35.77,32,230805,231315
[Recv] <<< 23:c9:cc:4b:a0:3a,33510,-28,3493,66.09,35.77,36,230841,231351
[Recv] <<< 23:c9:cc:4b:a0:3a,33513,-30,3494,66.10,35.77,102,230943,231453
[Recv] <<< 23:c9:cc:4b:a0:3a,33514,-31,3495,66.09,35.77,37,230980,231490
[Recv] <<< 23:c9:cc:4b:a0:3a,33515,-31,3496,66.08,35.77,37,231017,231527
[Recv] <<< 23:c9:cc:4b:a0:3a,33516,-37,3497,66.07,35.77,42,231059,231569
[Recv] <<< 23:c9:cc:4b:a0:3a,33517,-31,3498,66.06,35.77,34,231093,231603
[Recv] <<< 23:c9:cc:4b:a0:3a,33518,-30,3499,66.05,35.77,29,231122,231632
[Recv] <<< 23:c9:cc:4b:a0:3a,33519,-31,3500,66.05,35.77,37,231159,231669
[Recv] <<< 23:c9:cc:4b:a0:3a,33520,-31,3501,66.04,35.77,37,231196,231706
[Recv] <<< 23:c9:cc:4b:a0:3a,33521,-30,3502,66.03,35.77,32,231228,231738
[Recv] <<< 23:c9:cc:4b:a0:3a,33524,-37,3503,66.04,35.77,101,231329,231839
[Recv] <<< 23:c9:cc:4b:a0:3a,33529,-30,3504,66.07,35.76,169,231498,232008
[Recv] <<< 23:c9:cc:4b:a0:3a,33530,-30,3505,66.06,35.76,30,231528,232038
[Recv] <<< 23:c9:cc:4b:a0:3a,33531,-37,3506,66.05,35.76,37,231565,232075
[Recv] <<< 23:c9:cc:4b:a0:3a,33532,-37,3507,66.04,35.76,43,231608,232118
[Recv] <<< 23:c9:cc:4b:a0:3a,33533,-37,3508,66.03,35.76,29,231637,232147
[Recv] <<< 23:c9:cc:4b:a0:3a,33541,-37,3509,66.09,35.76,272,231909,232419
[Recv] <<< 23:c9:cc:4b:a0:3a,33542,-37,3510,66.08,35.76,34,231943,232453
[Recv] <<< 23:c9:cc:4b:a0:3a,33545,-28,3511,66.09,35.76,111,232054,232564
[Recv] <<< 23:c9:cc:4b:a0:3a,33546,-28,3512,66.08,35.76,27,232081,232591
[Recv] <<< 23:c9:cc:4b:a0:3a,33547,-27,3513,66.08,35.76,45,232126,232636
[Recv] <<< 23:c9:cc:4b:a0:3a,33548,-28,3514,66.06,35.76,26,232152,232662
[Recv] <<< 23:c9:cc:4b:a0:3a,33549,-28,3515,66.06,35.76,32,232184,232694
[Recv] <<< 23:c9:cc:4b:a0:3a,33550,-28,3516,66.05,35.76,35,232219,232729
[Recv] <<< 23:c9:cc:4b:a0:3a,33551,-28,3517,66.04,35.76,39,232258,232768
[Recv] <<< 23:c9:cc:4b:a0:3a,33552,-28,3518,66.03,35.76,34,232292,232802
[Recv] <<< 23:c9:cc:4b:a0:3a,33553,-28,3519,66.02,35.76,35,232327,232837
[Recv] <<< 23:c9:cc:4b:a0:3a,33554,-30,3520,66.01,35.76,39,232366,232876
[Recv] <<< 23:c9:cc:4b:a0:3a,33555,-30,3521,66.01,35.76,38,232404,232914
[Recv] <<< 23:c9:cc:4b:a0:3a,33556,-30,3522,66.00,35.76,34,232438,232948
[Recv] <<< 23:c9:cc:4b:a0:3a,33557,-30,3523,65.99,35.76,28,232466,232976
[Recv] <<< 23:c9:cc:4b:a0:3a,33559,-30,3524,65.99,35.76,74,232540,233050
[Recv] <<< 23:c9:cc:4b:a0:3a,33572,-37,3525,66.09,35.75,437,232977,233487
[Recv] <<< 23:c9:cc:4b:a0:3a,33574,-27,3526,66.09,35.75,72,233049,233559
[Recv] <<< 23:c9:cc:4b:a0:3a,33575,-28,3527,66.09,35.76,40,233089,233599
[Recv] <<< 23:c9:cc:4b:a0:3a,33576,-28,3528,66.08,35.76,35,233124,233634
[Recv] <<< 23:c9:cc:4b:a0:3a,33577,-28,3529,66.07,35.75,30,233154,233664
[Recv] <<< 23:c9:cc:4b:a0:3a,33578,-28,3530,66.06,35.75,34,233188,233698
[Recv] <<< 23:c9:cc:4b:a0:3a,33579,-28,3531,66.05,35.75,39,233227,233737
[Recv] <<< 23:c9:cc:4b:a0:3a,33580,-31,3532,66.04,35.76,41,233268,233778
[Recv] <<< 23:c9:cc:4b:a0:3a,33581,-28,3533,66.03,35.75,27,233295,233805
[Recv] <<< 23:c9:cc:4b:a0:3a,33582,-27,3534,66.02,35.75,36,233331,233841
[Recv] <<< 23:c9:cc:4b:a0:3a,33583,-28,3535,66.02,35.75,35,233366,233876
[Recv] <<< 23:c9:cc:4b:a0:3a,33584,-37,3536,66.01,35.75,29,233395,233905
[Recv] <<< 23:c9:cc:4b:a0:3a,33585,-37,3537,65.99,35.75,28,233423,233933
[Recv] <<< 23:c9:cc:4b:a0:3a,33587,-37,3538,66.00,35.75,79,233502,234012
[Recv] <<< 23:c9:cc:4b:a0:3a,33588,-37,3539,65.99,35.75,32,233534,234044
[Recv] <<< 23:c9:cc:4b:a0:3a,33590,-37,3540,65.99,35.75,75,233609,234119
[Recv] <<< 23:c9:cc:4b:a0:3a,33591,-37,3541,65.98,35.75,35,233644,234154
[Recv] <<< 23:c9:cc:4b:a0:3a,33592,-37,3542,65.97,35.75,29,233673,234183
[Recv] <<< 23:c9:cc:4b:a0:3a,33593,-37,3543,65.96,35.75,26,233699,234209
[Recv] <<< 23:c9:cc:4b:a0:3a,33596,-31,3544,65.97,35.75,104,233803,234313
[Recv] <<< 23:c9:cc:4b:a0:3a,33597,-37,3545,65.96,35.75,41,233844,234354
[Recv] <<< 23:c9:cc:4b:a0:3a,33598,-37,3546,65.96,35.75,39,233883,234393
[Recv] <<< 23:c9:cc:4b:a0:3a,33599,-28,3547,65.95,35.75,43,233926,234436
[Recv] <<< 23:c9:cc:4b:a0:3a,33600,-28,3548,65.94,35.75,30,233956,234466
[Recv] <<< 23:c9:cc:4b:a0:3a,33601,-28,3549,65.93,35.75,27,233983,234493
[Recv] <<< 23:c9:cc:4b:a0:3a,33603,-28,3550,65.93,35.75,72,234055,234565
[Recv] <<< 23:c9:cc:4b:a0:3a,33604,-27,3551,65.92,35.75,42,234097,234607
[Recv] <<< 23:c9:cc:4b:a0:3a,33605,-28,3552,65.91,35.75,30,234127,234637
[Recv] <<< 23:c9:cc:4b:a0:3a,33606,-28,3553,65.90,35.75,27,234154,234664
[Recv] <<< 23:c9:cc:4b:a0:3a,33609,-28,3554,65.92,35.75,113,234267,234777
[Recv] <<< 23:c9:cc:4b:a0:3a,33610,-28,3555,65.91,35.75,38,234305,234815
[Recv] <<< 23:c9:cc:4b:a0:3a,33615,-37,3556,65.93,35.75,159,234464,234974
[Recv] <<< 23:c9:cc:4b:a0:3a,33616,-28,3557,65.93,35.75,45,234509,235019
[Recv] <<< 23:c9:cc:4b:a0:3a,33617,-28,3558,65.92,35.75,25,234534,235044
[Recv] <<< 23:c9:cc:4b:a0:3a,33618,-28,3559,65.91,35.75,44,234578,235088
[Recv] <<< 23:c9:cc:4b:a0:3a,33619,-27,3560,65.90,35.75,28,234606,235116
[Recv] <<< 23:c9:cc:4b:a0:3a,33620,-28,3561,65.89,35.75,38,234644,235154
[Recv] <<< 23:c9:cc:4b:a0:3a,33621,-28,3562,65.88,35.75,32,234676,235186
[Recv] <<< 23:c9:cc:4b:a0:3a,33622,-28,3563,65.87,35.75,35,234711,235221
[Recv] <<< 23:c9:cc:4b:a0:3a,33623,-28,3564,65.86,35.75,31,234742,235252
[Recv] <<< 23:c9:cc:4b:a0:3a,33624,-28,3565,65.86,35.75,35,234777,235287
[Recv] <<< 23:c9:cc:4b:a0:3a,33627,-31,3566,65.87,35.75,112,234889,235399
[Recv] <<< 23:c9:cc:4b:a0:3a,33628,-31,3567,65.86,35.75,38,234927,235437
[Recv] <<< 23:c9:cc:4b:a0:3a,33629,-30,3568,65.85,35.75,29,234956,235466
[Recv] <<< 23:c9:cc:4b:a0:3a,33630,-31,3569,65.84,35.74,31,234987,235497
[Recv] <<< 23:c9:cc:4b:a0:3a,33631,-30,3570,65.83,35.74,33,235020,235530
[Recv] <<< 23:c9:cc:4b:a0:3a,33632,-30,3571,65.82,35.74,37,235057,235567
[Recv] <<< 23:c9:cc:4b:a0:3a,33633,-30,3572,65.82,35.74,35,235092,235602
[Recv] <<< 23:c9:cc:4b:a0:3a,33634,-37,3573,65.81,35.75,40,235132,235642
[Recv] <<< 23:c9:cc:4b:a0:3a,33635,-30,3574,65.80,35.74,28,235160,235670
[Recv] <<< 23:c9:cc:4b:a0:3a,33636,-37,3575,65.79,35.74,37,235197,235707
[Recv] <<< 23:c9:cc:4b:a0:3a,33638,-37,3576,65.79,35.74,72,235269,235779
[Recv] <<< 23:c9:cc:4b:a0:3a,33640,-31,3577,65.79,35.74,64,235333,235843
[Recv] <<< 23:c9:cc:4b:a0:3a,33641,-31,3578,65.78,35.74,29,235362,235872
[Recv] <<< 23:c9:cc:4b:a0:3a,33642,-30,3579,65.77,35.74,35,235397,235907
[Recv] <<< 23:c9:cc:4b:a0:3a,33643,-30,3580,65.76,35.74,40,235437,235947
[Recv] <<< 23:c9:cc:4b:a0:3a,33644,-31,3581,65.75,35.74,29,235466,235976
[Recv] <<< 23:c9:cc:4b:a0:3a,33645,-30,3582,65.75,35.74,34,235500,236010
[Recv] <<< 23:c9:cc:4b:a0:3a,33646,-30,3583,65.74,35.74,40,235540,236050
[Recv] <<< 23:c9:cc:4b:a0:3a,33672,-31,3584,65.97,35.74,884,236424,236934
[Recv] <<< 23:c9:cc:4b:a0:3a,33673,-31,3585,65.95,35.73,23,236447,236957
[Recv] <<< 23:c9:cc:4b:a0:3a,33674,-30,3586,65.95,35.73,34,236481,236991
[Recv] <<< 23:c9:cc:4b:a0:3a,33675,-28,3587,65.94,35.73,34,236515,237025
[Recv] <<< 23:c9:cc:4b:a0:3a,33677,-28,3588,65.94,35.73,72,236587,237097
[Recv] <<< 23:c9:cc:4b:a0:3a,33678,-28,3589,65.93,35.73,34,236621,237131
[Recv] <<< 23:c9:cc:4b:a0:3a,33679,-27,3590,65.92,35.73,27,236648,237158
[Recv] <<< 23:c9:cc:4b:a0:3a,33680,-27,3591,65.91,35.73,36,236684,237194
[Recv] <<< 23:c9:cc:4b:a0:3a,33681,-37,3592,65.90,35.73,29,236713,237223
[Recv] <<< 23:c9:cc:4b:a0:3a,33682,-37,3593,65.89,35.73,31,236744,237254
[Recv] <<< 23:c9:cc:4b:a0:3a,33683,-37,3594,65.88,35.73,36,236780,237290
[Recv] <<< 23:c9:cc:4b:a0:3a,33684,-37,3595,65.87,35.73,29,236809,237319
[Recv] <<< 23:c9:cc:4b:a0:3a,33687,-37,3596,65.88,35.73,104,236913,237423
[Recv] <<< 23:c9:cc:4b:a0:3a,33688,-37,3597,65.88,35.73,40,236953,237463
[Recv] <<< 23:c9:cc:4b:a0:3a,33689,-37,3598,65.87,35.73,30,236983,237493
[Recv] <<< 23:c9:cc:4b:a0:3a,33690,-37,3599,65.86,35.73,35,237018,237528
[Recv] <<< 23:c9:cc:4b:a0:3a,33691,-31,3600,65.85,35.73,28,237046,237556
[Recv] <<< 23:c9:cc:4b:a0:3a,33692,-31,3601,65.84,35.73,31,237077,237587
[Recv] <<< 23:c9:cc:4b:a0:3a,33695,-30,3602,65.85,35.73,104,237181,237691
[Recv] <<< 23:c9:cc:4b:a0:3a,33696,-30,3603,65.84,35.73,39,237220,237730
[Recv] <<< 23:c9:cc:4b:a0:3a,33706,-30,3604,65.92,35.72,338,237558,238068
[Recv] <<< 23:c9:cc:4b:a0:3a,33708,-28,3605,65.91,35.72,62,237620,238130
[Recv] <<< 23:c9:cc:4b:a0:3a,33709,-28,3606,65.90,35.72,31,237651,238161
[Recv] <<< 23:c9:cc:4b:a0:3a,33710,-27,3607,65.89,35.72,31,237682,238192
[Recv] <<< 23:c9:cc:4b:a0:3a,33712,-37,3608,65.89,35.72,61,237743,238253
[Recv] <<< 23:c9:cc:4b:a0:3a,33713,-37,3609,65.89,35.72,37,237780,238290
[Recv] <<< 23:c9:cc:4b:a0:3a,33714,-37,3610,65.88,35.72,34,237814,238324
[Recv] <<< 23:c9:cc:4b:a0:3a,33715,-37,3611,65.87,35.72,34,237848,238358
[Recv] <<< 23:c9:cc:4b:a0:3a,33717,-37,3612,65.87,35.72,65,237913,238423
[Recv] <<< 23:c9:cc:4b:a0:3a,33738,-37,3613,66.04,35.71,707,238620,239130
[Recv] <<< 23:c9:cc:4b:a0:3a,33747,-31,3614,66.11,35.71,311,238931,239441
[Recv] <<< 23:c9:cc:4b:a0:3a,33748,-37,3615,66.10,35.71,38,238969,239479
[Recv] <<< 23:c9:cc:4b:a0:3a,33749,-37,3616,66.10,35.71,44,239013,239523
[Recv] <<< 23:c9:cc:4b:a0:3a,33781,-28,3617,66.38,35.70,1095,240108,240618
[Recv] <<< 23:c9:cc:4b:a0:3a,33782,-28,3618,66.37,35.70,36,240144,240654
[Recv] <<< 23:c9:cc:4b:a0:3a,33783,-28,3619,66.37,35.70,34,240178,240688
[Recv] <<< 23:c9:cc:4b:a0:3a,33872,-37,3620,67.18,35.68,3011,243189,243699
[Recv] <<< 23:c9:cc:4b:a0:3a,33873,-37,3621,67.17,35.68,31,243220,243730
[Recv] <<< 23:c9:cc:4b:a0:3a,33874,-37,3622,67.16,35.68,38,243258,243768
[Recv] <<< 23:c9:cc:4b:a0:3a,33878,-31,3623,67.18,35.68,135,243393,243903
[Recv] <<< 23:c9:cc:4b:a0:3a,33879,-31,3624,67.17,35.68,27,243420,243930
[Recv] <<< 23:c9:cc:4b:a0:3a,33880,-28,3625,67.16,35.68,30,243450,243960
[Recv] <<< 23:c9:cc:4b:a0:3a,33881,-27,3626,67.15,35.67,29,243479,243989
[Recv] <<< 23:c9:cc:4b:a0:3a,33882,-27,3627,67.14,35.67,37,243516,244026
[Recv] <<< 23:c9:cc:4b:a0:3a,33887,-40,3628,67.17,35.67,166,243682,244192
[Recv] <<< 23:c9:cc:4b:a0:3a,33888,-37,3629,67.16,35.67,25,243707,244217
[Recv] <<< 23:c9:cc:4b:a0:3a,33889,-37,3630,67.15,35.67,38,243745,244255
[Recv] <<< 23:c9:cc:4b:a0:3a,33890,-37,3631,67.14,35.67,31,243776,244286
[Recv] <<< 23:c9:cc:4b:a0:3a,33891,-37,3632,67.13,35.67,30,243806,244316
[Recv] <<< 23:c9:cc:4b:a0:3a,33892,-37,3633,67.12,35.67,32,243838,244348
[Recv] <<< 23:c9:cc:4b:a0:3a,33925,-37,3634,67.40,35.66,1097,244935,245445
[Recv] <<< 23:c9:cc:4b:a0:3a,33926,-37,3635,67.39,35.66,36,244971,245481
[Recv] <<< 23:c9:cc:4b:a0:3a,33927,-37,3636,67.38,35.66,30,245001,245511
[Recv] <<< 23:c9:cc:4b:a0:3a,33930,-37,3637,67.39,35.66,103,245104,245614
[Recv] <<< 23:c9:cc:4b:a0:3a,33931,-37,3638,67.38,35.66,35,245139,245649
[Recv] <<< 23:c9:cc:4b:a0:3a,33932,-37,3639,67.37,35.66,37,245176,245686
[Recv] <<< 23:c9:cc:4b:a0:3a,33933,-37,3640,67.36,35.66,30,245206,245716
[Recv] <<< 23:c9:cc:4b:a0:3a,33934,-28,3641,67.36,35.66,43,245249,245759
[Recv] <<< 23:c9:cc:4b:a0:3a,33935,-28,3642,67.35,35.66,32,245281,245791
[Recv] <<< 23:c9:cc:4b:a0:3a,33936,-28,3643,67.34,35.66,30,245311,245821
[Recv] <<< 23:c9:cc:4b:a0:3a,33937,-28,3644,67.33,35.66,41,245352,245862
[Recv] <<< 23:c9:cc:4b:a0:3a,33938,-28,3645,67.32,35.66,29,245381,245891
[Recv] <<< 23:c9:cc:4b:a0:3a,33947,-31,3646,67.38,35.65,299,245680,246190
[Recv] <<< 23:c9:cc:4b:a0:3a,33948,-31,3647,67.38,35.65,43,245723,246233
[Recv] <<< 23:c9:cc:4b:a0:3a,33949,-31,3648,67.37,35.65,32,245755,246265
[Recv] <<< 23:c9:cc:4b:a0:3a,33951,-31,3649,67.37,35.65,71,245826,246336
[Recv] <<< 23:c9:cc:4b:a0:3a,33952,-31,3650,67.36,35.65,36,245862,246372
[Recv] <<< 23:c9:cc:4b:a0:3a,33953,-31,3651,67.35,35.65,27,245889,246399
[Recv] <<< 23:c9:cc:4b:a0:3a,33954,-31,3652,67.34,35.65,36,245925,246435
[Recv] <<< 23:c9:cc:4b:a0:3a,33955,-30,3653,67.33,35.65,31,245956,246466
[Recv] <<< 23:c9:cc:4b:a0:3a,33956,-37,3654,67.32,35.65,39,245995,246505
[Recv] <<< 23:c9:cc:4b:a0:3a,33957,-37,3655,67.31,35.65,29,246024,246534
[Recv] <<< 23:c9:cc:4b:a0:3a,33958,-30,3656,67.30,35.65,33,246057,246567
[Recv] <<< 23:c9:cc:4b:a0:3a,33959,-31,3657,67.29,35.65,38,246095,246605
[Recv] <<< 23:c9:cc:4b:a0:3a,33961,-37,3658,67.29,35.65,70,246165,246675
[Recv] <<< 23:c9:cc:4b:a0:3a,33962,-37,3659,67.29,35.65,34,246199,246709
[Recv] <<< 23:c9:cc:4b:a0:3a,33963,-37,3660,67.28,35.65,37,246236,246746
[Recv] <<< 23:c9:cc:4b:a0:3a,33965,-31,3661,67.28,35.65,61,246297,246807
[Recv] <<< 23:c9:cc:4b:a0:3a,33967,-37,3662,67.28,35.65,75,246372,246882
[Recv] <<< 23:c9:cc:4b:a0:3a,33974,-31,3663,67.32,35.65,233,246605,247115
[Recv] <<< 23:c9:cc:4b:a0:3a,33979,-31,3664,67.36,35.65,205,246810,247320
[Recv] <<< 23:c9:cc:4b:a0:3a,33980,-30,3665,67.35,35.65,33,246843,247353
[Recv] <<< 23:c9:cc:4b:a0:3a,33981,-31,3666,67.34,35.65,42,246885,247395
[Recv] <<< 23:c9:cc:4b:a0:3a,33982,-30,3667,67.34,35.65,34,246919,247429
[Recv] <<< 23:c9:cc:4b:a0:3a,33983,-31,3668,67.33,35.65,35,246954,247464
[Recv] <<< 23:c9:cc:4b:a0:3a,33984,-31,3669,67.32,35.65,27,246981,247491
[Recv] <<< 23:c9:cc:4b:a0:3a,33992,-28,3670,67.37,35.65,258,247239,247749
[Recv] <<< 23:c9:cc:4b:a0:3a,33993,-28,3671,67.36,35.65,38,247277,247787
[Recv] <<< 23:c9:cc:4b:a0:3a,33994,-31,3672,67.35,35.65,42,247319,247829
[Recv] <<< 23:c9:cc:4b:a0:3a,33995,-30,3673,67.34,35.65,30,247349,247859
[Recv] <<< 23:c9:cc:4b:a0:3a,33996,-31,3674,67.34,35.65,42,247391,247901
[Recv] <<< 23:c9:cc:4b:a0:3a,34022,-28,3675,67.56,35.64,880,248271,248781
[Recv] <<< 23:c9:cc:4b:a0:3a,34026,-28,3676,67.58,35.64,142,248413,248923
[Recv] <<< 23:c9:cc:4b:a0:3a,34027,-28,3677,67.57,35.64,34,248447,248957
[Recv] <<< 23:c9:cc:4b:a0:3a,34028,-28,3678,67.56,35.64,40,248487,248997
[Recv] <<< 23:c9:cc:4b:a0:3a,34029,-28,3679,67.55,35.64,26,248513,249023
[Recv] <<< 23:c9:cc:4b:a0:3a,34030,-28,3680,67.54,35.64,31,248544,249054
[Recv] <<< 23:c9:cc:4b:a0:3a,34031,-37,3681,67.53,35.64,36,248580,249090
[Recv] <<< 23:c9:cc:4b:a0:3a,34032,-28,3682,67.52,35.64,37,248617,249127
[Recv] <<< 23:c9:cc:4b:a0:3a,34033,-37,3683,67.51,35.64,37,248654,249164
[Recv] <<< 23:c9:cc:4b:a0:3a,34034,-37,3684,67.50,35.64,30,248684,249194
[Recv] <<< 23:c9:cc:4b:a0:3a,34035,-37,3685,67.49,35.64,32,248716,249226
[Recv] <<< 23:c9:cc:4b:a0:3a,34036,-37,3686,67.49,35.64,37,248753,249263
[Recv] <<< 23:c9:cc:4b:a0:3a,34037,-37,3687,67.48,35.64,30,248783,249293
[Recv] <<< 23:c9:cc:4b:a0:3a,34038,-37,3688,67.47,35.64,40,248823,249333
[Recv] <<< 23:c9:cc:4b:a0:3a,34040,-28,3689,67.47,35.64,78,248901,249411
[Recv] <<< 23:c9:cc:4b:a0:3a,34041,-28,3690,67.46,35.64,31,248932,249442
[Recv] <<< 23:c9:cc:4b:a0:3a,34042,-28,3691,67.45,35.64,37,248969,249479
[Recv] <<< 23:c9:cc:4b:a0:3a,34043,-28,3692,67.44,35.64,31,249000,249510
[Recv] <<< 23:c9:cc:4b:a0:3a,34044,-28,3693,67.43,35.64,32,249032,249542
[Recv] <<< 23:c9:cc:4b:a0:3a,34045,-37,3694,67.42,35.64,29,249061,249571
[Recv] <<< 23:c9:cc:4b:a0:3a,34046,-37,3695,67.41,35.64,35,249096,249606
[Recv] <<< 23:c9:cc:4b:a0:3a,34047,-37,3696,67.40,35.64,30,249126,249636
[Recv] <<< 23:c9:cc:4b:a0:3a,34048,-37,3697,67.40,35.64,38,249164,249674
[Recv] <<< 23:c9:cc:4b:a0:3a,34049,-37,3698,67.39,35.64,34,249198,249708
[Recv] <<< 23:c9:cc:4b:a0:3a,34050,-37,3699,67.38,35.64,37,249235,249745
[Recv] <<< 23:c9:cc:4b:a0:3a,34051,-28,3700,67.37,35.64,44,249279,249789
[Recv] <<< 23:c9:cc:4b:a0:3a,34052,-30,3701,67.36,35.64,35,249314,249824
[Recv] <<< 23:c9:cc:4b:a0:3a,34053,-31,3702,67.36,35.64,36,249350,249860
[Recv] <<< 23:c9:cc:4b:a0:3a,34055,-37,3703,67.36,35.64,80,249430,249940
[Recv] <<< 23:c9:cc:4b:a0:3a,34057,-37,3704,67.36,35.64,69,249499,250009
[Recv] <<< 23:c9:cc:4b:a0:3a,34058,-37,3705,67.35,35.64,37,249536,250046
[Recv] <<< 23:c9:cc:4b:a0:3a,34059,-28,3706,67.34,35.64,40,249576,250086
[Recv] <<< 23:c9:cc:4b:a0:3a,34060,-28,3707,67.34,35.64,37,249613,250123
[Recv] <<< 23:c9:cc:4b:a0:3a,34061,-28,3708,67.33,35.64,29,249642,250152
[Recv] <<< 23:c9:cc:4b:a0:3a,34062,-28,3709,67.32,35.64,33,249675,250185
[Recv] <<< 23:c9:cc:4b:a0:3a,34063,-28,3710,67.31,35.64,41,249716,250226
[Recv] <<< 23:c9:cc:4b:a0:3a,34064,-28,3711,67.30,35.64,34,249750,250260
[Recv] <<< 23:c9:cc:4b:a0:3a,34065,-28,3712,67.29,35.64,32,249782,250292
[Recv] <<< 23:c9:cc:4b:a0:3a,34066,-31,3713,67.28,35.64,41,249823,250333
[Recv] <<< 23:c9:cc:4b:a0:3a,34067,-37,3714,67.28,35.64,52,249875,250385
[Recv] <<< 23:c9:cc:4b:a0:3a,34069,-37,3715,67.28,35.64,67,249942,250452
[Recv] <<< 23:c9:cc:4b:a0:3a,34070,-37,3716,67.27,35.64,36,249978,250488
[Recv] <<< 23:c9:cc:4b:a0:3a,34071,-37,3717,67.26,35.64,39,250017,250527
[Recv] <<< 23:c9:cc:4b:a0:3a,34072,-37,3718,67.25,35.64,28,250045,250555
[Recv] <<< 23:c9:cc:4b:a0:3a,34073,-37,3719,67.24,35.64,36,250081,250591
[Recv] <<< 23:c9:cc:4b:a0:3a,34075,-31,3720,67.24,35.64,54,250135,250645
[Recv] <<< 23:c9:cc:4b:a0:3a,34077,-37,3721,67.24,35.64,79,250214,250724
[Recv] <<< 23:c9:cc:4b:a0:3a,34078,-37,3722,67.24,35.64,38,250252,250762
[Recv] <<< 23:c9:cc:4b:a0:3a,34079,-28,3723,67.23,35.64,33,250285,250795
[Recv] <<< 23:c9:cc:4b:a0:3a,34080,-28,3724,67.22,35.64,47,250332,250842
[Recv] <<< 23:c9:cc:4b:a0:3a,34081,-31,3725,67.21,35.64,33,250365,250875
[Recv] <<< 23:c9:cc:4b:a0:3a,34082,-31,3726,67.20,35.64,34,250399,250909
[Recv] <<< 23:c9:cc:4b:a0:3a,34083,-31,3727,67.20,35.64,46,250445,250955
[Recv] <<< 23:c9:cc:4b:a0:3a,34084,-31,3728,67.19,35.64,33,250478,250988
[Recv] <<< 23:c9:cc:4b:a0:3a,34085,-31,3729,67.18,35.64,35,250513,251023
[Recv] <<< 23:c9:cc:4b:a0:3a,34086,-31,3730,67.17,35.64,34,250547,251057
[Recv] <<< 23:c9:cc:4b:a0:3a,34088,-37,3731,67.18,35.64,84,250631,251141
[Recv] <<< 23:c9:cc:4b:a0:3a,34089,-37,3732,67.16,35.64,23,250654,251164
[Recv] <<< 23:c9:cc:4b:a0:3a,34090,-28,3733,67.16,35.64,47,250701,251211
[Recv] <<< 23:c9:cc:4b:a0:3a,34091,-37,3734,67.15,35.64,27,250728,251238
[Recv] <<< 23:c9:cc:4b:a0:3a,34092,-28,3735,67.14,35.64,39,250767,251277
[Recv] <<< 23:c9:cc:4b:a0:3a,34095,-37,3736,67.15,35.64,97,250864,251374
[Recv] <<< 23:c9:cc:4b:a0:3a,34096,-28,3737,67.14,35.64,42,250906,251416
[Recv] <<< 23:c9:cc:4b:a0:3a,34097,-28,3738,67.13,35.64,37,250943,251453
[Recv] <<< 23:c9:cc:4b:a0:3a,34098,-28,3739,67.12,35.64,27,250970,251480
[Recv] <<< 23:c9:cc:4b:a0:3a,34099,-28,3740,67.11,35.64,33,251003,251513
[Recv] <<< 23:c9:cc:4b:a0:3a,34100,-28,3741,67.10,35.64,34,251037,251547
[Recv] <<< 23:c9:cc:4b:a0:3a,34101,-28,3742,67.10,35.64,39,251076,251586
[Recv] <<< 23:c9:cc:4b:a0:3a,34102,-28,3743,67.09,35.64,27,251103,251613
[Recv] <<< 23:c9:cc:4b:a0:3a,34103,-28,3744,67.08,35.64,29,251132,251642
[Recv] <<< 23:c9:cc:4b:a0:3a,34104,-28,3745,67.07,35.64,34,251166,251676
[Recv] <<< 23:c9:cc:4b:a0:3a,34105,-28,3746,67.06,35.64,34,251200,251710
[Recv] <<< 23:c9:cc:4b:a0:3a,34106,-37,3747,67.05,35.64,30,251230,251740
[Recv] <<< 23:c9:cc:4b:a0:3a,34107,-37,3748,67.04,35.63,29,251259,251769
[Recv] <<< 23:c9:cc:4b:a0:3a,34123,-31,3749,67.17,35.63,569,251828,252338
[Recv] <<< 23:c9:cc:4b:a0:3a,34130,-37,3750,67.22,35.63,253,252081,252591
[Recv] <<< 23:c9:cc:4b:a0:3a,34131,-37,3751,67.21,35.63,30,252111,252621
[Recv] <<< 23:c9:cc:4b:a0:3a,34132,-37,3752,67.20,35.63,32,252143,252653
[Recv] <<< 23:c9:cc:4b:a0:3a,34133,-31,3753,67.19,35.63,29,252172,252682
[Recv] <<< 23:c9:cc:4b:a0:3a,34134,-31,3754,67.18,35.63,37,252209,252719
[Recv] <<< 23:c9:cc:4b:a0:3a,34135,-31,3755,67.18,35.63,37,252246,252756
[Recv] <<< 23:c9:cc:4b:a0:3a,34136,-37,3756,67.17,35.63,43,252289,252799
[Recv] <<< 23:c9:cc:4b:a0:3a,34138,-28,3757,67.17,35.64,86,252375,252885
[Recv] <<< 23:c9:cc:4b:a0:3a,34139,-31,3758,67.17,35.64,34,252409,252919
[Recv] <<< 23:c9:cc:4b:a0:3a,34140,-31,3759,67.16,35.64,37,252446,252956
[Recv] <<< 23:c9:cc:4b:a0:3a,34141,-28,3760,67.15,35.63,25,252471,252981
[Recv] <<< 23:c9:cc:4b:a0:3a,34142,-31,3761,67.14,35.64,39,252510,253020
[Recv] <<< 23:c9:cc:4b:a0:3a,34144,-31,3762,67.14,35.63,70,252580,253090
[Recv] <<< 23:c9:cc:4b:a0:3a,34145,-30,3763,67.13,35.64,37,252617,253127
[Recv] <<< 23:c9:cc:4b:a0:3a,34146,-31,3764,67.12,35.63,26,252643,253153
[Recv] <<< 23:c9:cc:4b:a0:3a,34147,-31,3765,67.11,35.63,43,252686,253196
[Recv] <<< 23:c9:cc:4b:a0:3a,34148,-31,3766,67.10,35.63,26,252712,253222
[Recv] <<< 23:c9:cc:4b:a0:3a,34163,-28,3767,67.22,35.63,516,253228,253738
[Recv] <<< 23:c9:cc:4b:a0:3a,34167,-31,3768,67.24,35.63,149,253377,253887
[Recv] <<< 23:c9:cc:4b:a0:3a,34168,-31,3769,67.24,35.63,36,253413,253923
[Recv] <<< 23:c9:cc:4b:a0:3a,34169,-31,3770,67.23,35.63,35,253448,253958
[Recv] <<< 23:c9:cc:4b:a0:3a,34171,-28,3771,67.23,35.63,58,253506,254016
[Recv] <<< 23:c9:cc:4b:a0:3a,34172,-28,3772,67.21,35.63,28,253534,254044
[Recv] <<< 23:c9:cc:4b:a0:3a,34173,-28,3773,67.21,35.63,45,253579,254089
[Recv] <<< 23:c9:cc:4b:a0:3a,34174,-28,3774,67.20,35.63,34,253613,254123
[Recv] <<< 23:c9:cc:4b:a0:3a,34175,-37,3775,67.19,35.63,23,253636,254146
[Recv] <<< 23:c9:cc:4b:a0:3a,34176,-28,3776,67.18,35.63,37,253673,254183
[Recv] <<< 23:c9:cc:4b:a0:3a,34177,-28,3777,67.17,35.63,37,253710,254220
[Recv] <<< 23:c9:cc:4b:a0:3a,34181,-28,3778,67.19,35.63,135,253845,254355
[Recv] <<< 23:c9:cc:4b:a0:3a,34182,-28,3779,67.18,35.63,34,253879,254389
[Recv] <<< 23:c9:cc:4b:a0:3a,34183,-28,3780,67.17,35.63,38,253917,254427
[Recv] <<< 23:c9:cc:4b:a0:3a,34184,-28,3781,67.16,35.63,32,253949,254459
[Recv] <<< 23:c9:cc:4b:a0:3a,34185,-28,3782,67.16,35.63,44,253993,254503
[Recv] <<< 23:c9:cc:4b:a0:3a,34186,-27,3783,67.15,35.63,27,254020,254530
[Recv] <<< 23:c9:cc:4b:a0:3a,34188,-28,3784,67.15,35.63,71,254091,254601
[Recv] <<< 23:c9:cc:4b:a0:3a,34189,-28,3785,67.14,35.63,35,254126,254636
[Recv] <<< 23:c9:cc:4b:a0:3a,34192,-28,3786,67.15,35.63,111,254237,254747
[Recv] <<< 23:c9:cc:4b:a0:3a,34194,-28,3787,67.15,35.63,63,254300,254810
[Recv] <<< 23:c9:cc:4b:a0:3a,34195,-28,3788,67.14,35.63,35,254335,254845
[Recv] <<< 23:c9:cc:4b:a0:3a,34196,-28,3789,67.13,35.63,35,254370,254880
[Recv] <<< 23:c9:cc:4b:a0:3a,34197,-28,3790,67.12,35.63,33,254403,254913
[Recv] <<< 23:c9:cc:4b:a0:3a,34198,-30,3791,67.12,35.63,43,254446,254956
[Recv] <<< 23:c9:cc:4b:a0:3a,34203,-37,3792,67.15,35.63,177,254623,255133
[Recv] <<< 23:c9:cc:4b:a0:3a,34208,-31,3793,67.17,35.62,165,254788,255298
[Recv] <<< 23:c9:cc:4b:a0:3a,34209,-31,3794,67.16,35.62,28,254816,255326
[Recv] <<< 23:c9:cc:4b:a0:3a,34211,-31,3795,67.16,35.62,71,254887,255397
[Recv] <<< 23:c9:cc:4b:a0:3a,34214,-37,3796,67.17,35.62,107,254994,255504
[Recv] <<< 23:c9:cc:4b:a0:3a,34215,-31,3797,67.16,35.62,28,255022,255532
[Recv] <<< 23:c9:cc:4b:a0:3a,34217,-30,3798,67.17,35.62,71,255093,255603
[Recv] <<< 23:c9:cc:4b:a0:3a,34218,-31,3799,67.16,35.62,31,255124,255634
[Recv] <<< 23:c9:cc:4b:a0:3a,34219,-30,3800,67.15,35.62,33,255157,255667
[Recv] <<< 23:c9:cc:4b:a0:3a,34220,-31,3801,67.14,35.62,31,255188,255698
[Recv] <<< 23:c9:cc:4b:a0:3a,34221,-30,3802,67.13,35.62,39,255227,255737
[Recv] <<< 23:c9:cc:4b:a0:3a,34224,-37,3803,67.14,35.62,103,255330,255840
[Recv] <<< 23:c9:cc:4b:a0:3a,34225,-37,3804,67.13,35.62,31,255361,255871
[Recv] <<< 23:c9:cc:4b:a0:3a,34229,-31,3805,67.14,35.62,124,255485,255995
[Recv] <<< 23:c9:cc:4b:a0:3a,34230,-30,3806,67.14,35.62,42,255527,256037
[Recv] <<< 23:c9:cc:4b:a0:3a,34231,-31,3807,67.13,35.62,29,255556,256066
[Recv] <<< 23:c9:cc:4b:a0:3a,34232,-30,3808,67.12,35.62,38,255594,256104
[Recv] <<< 23:c9:cc:4b:a0:3a,34233,-31,3809,67.11,35.62,32,255626,256136
[Recv] <<< 23:c9:cc:4b:a0:3a,34234,-37,3810,67.10,35.62,39,255665,256175
[Recv] <<< 23:c9:cc:4b:a0:3a,34235,-37,3811,67.10,35.62,43,255708,256218
[Recv] <<< 23:c9:cc:4b:a0:3a,34236,-37,3812,67.09,35.62,23,255731,256241
[Recv] <<< 23:c9:cc:4b:a0:3a,34237,-37,3813,67.08,35.62,32,255763,256273
[Recv] <<< 23:c9:cc:4b:a0:3a,34238,-37,3814,67.07,35.62,42,255805,256315
[Recv] <<< 23:c9:cc:4b:a0:3a,34239,-28,3815,67.06,35.62,44,255849,256359
[Recv] <<< 23:c9:cc:4b:a0:3a,34240,-28,3816,67.05,35.62,29,255878,256388
[Recv] <<< 23:c9:cc:4b:a0:3a,34241,-28,3817,67.05,35.62,38,255916,256426
[Recv] <<< 23:c9:cc:4b:a0:3a,34242,-28,3818,67.04,35.62,27,255943,256453
[Recv] <<< 23:c9:cc:4b:a0:3a,34243,-37,3819,67.03,35.62,36,255979,256489
[Recv] <<< 23:c9:cc:4b:a0:3a,34244,-37,3820,67.02,35.62,38,256017,256527
[Recv] <<< 23:c9:cc:4b:a0:3a,34245,-31,3821,67.01,35.62,24,256041,256551
[Recv] <<< 23:c9:cc:4b:a0:3a,34246,-31,3822,67.00,35.62,36,256077,256587
[Recv] <<< 23:c9:cc:4b:a0:3a,34247,-31,3823,66.99,35.62,38,256115,256625
[Recv] <<< 23:c9:cc:4b:a0:3a,34248,-31,3824,66.98,35.61,24,256139,256649
[Recv] <<< 23:c9:cc:4b:a0:3a,34249,-31,3825,66.98,35.62,46,256185,256695
[Recv] <<< 23:c9:cc:4b:a0:3a,34250,-30,3826,66.97,35.61,27,256212,256722
[Recv] <<< 23:c9:cc:4b:a0:3a,34268,-28,3827,67.11,35.61,618,256830,257340
[Recv] <<< 23:c9:cc:4b:a0:3a,34269,-28,3828,67.10,35.61,23,256853,257363
[Recv] <<< 23:c9:cc:4b:a0:3a,34270,-28,3829,67.09,35.61,33,256886,257396
[Recv] <<< 23:c9:cc:4b:a0:3a,34271,-28,3830,67.08,35.61,35,256921,257431
[Recv] <<< 23:c9:cc:4b:a0:3a,34272,-28,3831,67.07,35.61,27,256948,257458
[Recv] <<< 23:c9:cc:4b:a0:3a,34274,-37,3832,67.07,35.61,64,257012,257522
[Recv] <<< 23:c9:cc:4b:a0:3a,34275,-37,3833,67.06,35.61,35,257047,257557
[Recv] <<< 23:c9:cc:4b:a0:3a,34278,-37,3834,67.07,35.61,107,257154,257664
[Recv] <<< 23:c9:cc:4b:a0:3a,34279,-37,3835,67.06,35.61,37,257191,257701
[Recv] <<< 23:c9:cc:4b:a0:3a,34282,-37,3836,67.07,35.61,97,257288,257798
[Recv] <<< 23:c9:cc:4b:a0:3a,34283,-37,3837,67.06,35.61,31,257319,257829
[Recv] <<< 23:c9:cc:4b:a0:3a,34293,-31,3838,67.13,35.60,342,257661,258171
[Recv] <<< 23:c9:cc:4b:a0:3a,34294,-31,3839,67.13,35.60,32,257693,258203
[Recv] <<< 23:c9:cc:4b:a0:3a,34295,-31,3840,67.12,35.60,35,257728,258238
[Recv] <<< 23:c9:cc:4b:a0:3a,34296,-31,3841,67.11,35.60,34,257762,258272
[Recv] <<< 23:c9:cc:4b:a0:3a,34297,-31,3842,67.10,35.60,32,257794,258304
[Recv] <<< 23:c9:cc:4b:a0:3a,34298,-30,3843,67.09,35.60,29,257823,258333
[Recv] <<< 23:c9:cc:4b:a0:3a,34299,-31,3844,67.08,35.60,37,257860,258370
[Recv] <<< 23:c9:cc:4b:a0:3a,34301,-28,3845,67.08,35.60,66,257926,258436
[Recv] <<< 23:c9:cc:4b:a0:3a,34304,-31,3846,67.09,35.60,115,258041,258551
[Recv] <<< 23:c9:cc:4b:a0:3a,34305,-30,3847,67.08,35.60,35,258076,258586
[Recv] <<< 23:c9:cc:4b:a0:3a,34306,-31,3848,67.08,35.60,34,258110,258620
[Recv] <<< 23:c9:cc:4b:a0:3a,34307,-31,3849,67.07,35.60,32,258142,258652
[Recv] <<< 23:c9:cc:4b:a0:3a,34309,-31,3850,67.07,35.60,69,258211,258721
[Recv] <<< 23:c9:cc:4b:a0:3a,34312,-37,3851,67.08,35.60,109,258320,258830
[Recv] <<< 23:c9:cc:4b:a0:3a,34313,-37,3852,67.07,35.60,39,258359,258869
[Recv] <<< 23:c9:cc:4b:a0:3a,34315,-37,3853,67.07,35.60,68,258427,258937
[Recv] <<< 23:c9:cc:4b:a0:3a,34317,-31,3854,67.07,35.60,66,258493,259003
[Recv] <<< 23:c9:cc:4b:a0:3a,34318,-31,3855,67.06,35.60,32,258525,259035
[Recv] <<< 23:c9:cc:4b:a0:3a,34319,-31,3856,67.05,35.60,36,258561,259071
[Recv] <<< 23:c9:cc:4b:a0:3a,34320,-30,3857,67.05,35.60,35,258596,259106
[Recv] <<< 23:c9:cc:4b:a0:3a,34321,-31,3858,67.04,35.60,33,258629,259139
[Recv] <<< 23:c9:cc:4b:a0:3a,34328,-37,3859,67.09,35.60,253,258882,259392
[Recv] <<< 23:c9:cc:4b:a0:3a,34336,-28,3860,67.14,35.60,287,259169,259679
[Recv] <<< 23:c9:cc:4b:a0:3a,34337,-28,3861,67.13,35.60,26,259195,259705
[Recv] <<< 23:c9:cc:4b:a0:3a,34338,-28,3862,67.12,35.60,37,259232,259742
[Recv] <<< 23:c9:cc:4b:a0:3a,34343,-28,3863,67.15,35.60,172,259404,259914
[Recv] <<< 23:c9:cc:4b:a0:3a,34344,-28,3864,67.14,35.60,33,259437,259947
[Recv] <<< 23:c9:cc:4b:a0:3a,34345,-28,3865,67.13,35.60,30,259467,259977
[Recv] <<< 23:c9:cc:4b:a0:3a,34347,-37,3866,67.13,35.60,62,259529,260039
[Recv] <<< 23:c9:cc:4b:a0:3a,34348,-37,3867,67.12,35.60,38,259567,260077
[Recv] <<< 23:c9:cc:4b:a0:3a,34349,-37,3868,67.12,35.60,37,259604,260114
[Recv] <<< 23:c9:cc:4b:a0:3a,34350,-40,3869,67.11,35.60,39,259643,260153
[Recv] <<< 23:c9:cc:4b:a0:3a,34353,-37,3870,67.12,35.60,96,259739,260249
[Recv] <<< 23:c9:cc:4b:a0:3a,34356,-30,3871,67.12,35.59,97,259836,260346
[Recv] <<< 23:c9:cc:4b:a0:3a,34357,-31,3872,67.11,35.59,31,259867,260377
[Recv] <<< 23:c9:cc:4b:a0:3a,34359,-37,3873,67.12,35.59,77,259944,260454
[Recv] <<< 23:c9:cc:4b:a0:3a,34360,-30,3874,67.11,35.59,30,259974,260484
[Recv] <<< 23:c9:cc:4b:a0:3a,34361,-30,3875,67.10,35.59,26,260000,260510
[Recv] <<< 23:c9:cc:4b:a0:3a,34362,-30,3876,67.09,35.59,36,260036,260546
[Recv] <<< 23:c9:cc:4b:a0:3a,34363,-30,3877,67.08,35.59,35,260071,260581
[Recv] <<< 23:c9:cc:4b:a0:3a,34364,-30,3878,67.07,35.59,30,260101,260611
[Recv] <<< 23:c9:cc:4b:a0:3a,34367,-30,3879,67.08,35.59,108,260209,260719
[Recv] <<< 23:c9:cc:4b:a0:3a,34368,-30,3880,67.07,35.59,32,260241,260751
[Recv] <<< 23:c9:cc:4b:a0:3a,34369,-28,3881,67.06,35.59,28,260269,260779
[Recv] <<< 23:c9:cc:4b:a0:3a,34371,-27,3882,67.06,35.59,71,260340,260850
[Recv] <<< 23:c9:cc:4b:a0:3a,34373,-27,3883,67.06,35.59,65,260405,260915
[Recv] <<< 23:c9:cc:4b:a0:3a,34381,-30,3884,67.11,35.59,268,260673,261183
[Recv] <<< 23:c9:cc:4b:a0:3a,34383,-31,3885,67.11,35.59,66,260739,261249
[Recv] <<< 23:c9:cc:4b:a0:3a,34385,-31,3886,67.12,35.59,73,260812,261322
[Recv] <<< 23:c9:cc:4b:a0:3a,34395,-37,3887,67.19,35.59,353,261165,261675
[Recv] <<< 23:c9:cc:4b:a0:3a,34396,-37,3888,67.18,35.59,37,261202,261712
[Recv] <<< 23:c9:cc:4b:a0:3a,34397,-37,3889,67.17,35.59,33,261235,261745
[Recv] <<< 23:c9:cc:4b:a0:3a,34401,-37,3890,67.19,35.58,132,261367,261877
[Recv] <<< 23:c9:cc:4b:a0:3a,34402,-31,3891,67.18,35.58,31,261398,261908
[Recv] <<< 23:c9:cc:4b:a0:3a,34403,-31,3892,67.17,35.58,40,261438,261948
[Recv] <<< 23:c9:cc:4b:a0:3a,34404,-37,3893,67.17,35.59,42,261480,261990
[Recv] <<< 23:c9:cc:4b:a0:3a,34405,-37,3894,67.16,35.58,33,261513,262023
[Recv] <<< 23:c9:cc:4b:a0:3a,34406,-37,3895,67.15,35.58,32,261545,262055
[Recv] <<< 23:c9:cc:4b:a0:3a,34407,-37,3896,67.14,35.58,31,261576,262086
[Recv] <<< 23:c9:cc:4b:a0:3a,34408,-37,3897,67.13,35.58,34,261610,262120
[Recv] <<< 23:c9:cc:4b:a0:3a,34409,-37,3898,67.12,35.58,40,261650,262160
[Recv] <<< 23:c9:cc:4b:a0:3a,34413,-28,3899,67.14,35.58,141,261791,262301
[Recv] <<< 23:c9:cc:4b:a0:3a,34415,-37,3900,67.14,35.58,65,261856,262366
[Recv] <<< 23:c9:cc:4b:a0:3a,34416,-37,3901,67.13,35.58,26,261882,262392
[Recv] <<< 23:c9:cc:4b:a0:3a,34417,-31,3902,67.13,35.58,41,261923,262433
[Recv] <<< 23:c9:cc:4b:a0:3a,34418,-30,3903,67.12,35.58,30,261953,262463
[Recv] <<< 23:c9:cc:4b:a0:3a,34428,-28,3904,67.18,35.58,326,262279,262789
[Recv] <<< 23:c9:cc:4b:a0:3a,34429,-28,3905,67.17,35.58,36,262315,262825
[Recv] <<< 23:c9:cc:4b:a0:3a,34430,-27,3906,67.16,35.58,28,262343,262853
[Recv] <<< 23:c9:cc:4b:a0:3a,34431,-37,3907,67.16,35.58,36,262379,262889
[Recv] <<< 23:c9:cc:4b:a0:3a,34432,-37,3908,67.15,35.58,36,262415,262925
[Recv] <<< 23:c9:cc:4b:a0:3a,34433,-37,3909,67.14,35.58,28,262443,262953
[Recv] <<< 23:c9:cc:4b:a0:3a,34434,-31,3910,67.13,35.58,37,262480,262990
[Recv] <<< 23:c9:cc:4b:a0:3a,34435,-37,3911,67.12,35.58,40,262520,263030
[Recv] <<< 23:c9:cc:4b:a0:3a,34436,-37,3912,67.11,35.58,29,262549,263059
[Recv] <<< 23:c9:cc:4b:a0:3a,34487,-37,3913,67.54,35.56,1731,264280,264790
[Recv] <<< 23:c9:cc:4b:a0:3a,34488,-37,3914,67.53,35.56,32,264312,264822
[Recv] <<< 23:c9:cc:4b:a0:3a,34489,-37,3915,67.52,35.56,35,264347,264857
[Recv] <<< 23:c9:cc:4b:a0:3a,34490,-31,3916,67.51,35.56,31,264378,264888
[Recv] <<< 23:c9:cc:4b:a0:3a,34491,-30,3917,67.50,35.56,34,264412,264922
[Recv] <<< 23:c9:cc:4b:a0:3a,34492,-37,3918,67.50,35.56,35,264447,264957
[Recv] <<< 23:c9:cc:4b:a0:3a,34493,-31,3919,67.49,35.56,41,264488,264998
[Recv] <<< 23:c9:cc:4b:a0:3a,34494,-31,3920,67.48,35.56,36,264524,265034
[Recv] <<< 23:c9:cc:4b:a0:3a,34496,-28,3921,67.48,35.56,58,264582,265092
[Recv] <<< 23:c9:cc:4b:a0:3a,34497,-27,3922,67.47,35.56,32,264614,265124
[Recv] <<< 23:c9:cc:4b:a0:3a,34498,-28,3923,67.46,35.56,42,264656,265166
[Recv] <<< 23:c9:cc:4b:a0:3a,34499,-27,3924,67.45,35.56,27,264683,265193
[Recv] <<< 23:c9:cc:4b:a0:3a,34500,-37,3925,67.44,35.56,31,264714,265224
[Recv] <<< 23:c9:cc:4b:a0:3a,34504,-27,3926,67.46,35.56,142,264856,265366
[Recv] <<< 23:c9:cc:4b:a0:3a,34565,-37,3927,67.98,35.55,2089,266945,267455
[Recv] <<< 23:c9:cc:4b:a0:3a,34566,-37,3928,67.97,35.55,41,266986,267496
[Recv] <<< 23:c9:cc:4b:a0:3a,34567,-37,3929,67.96,35.55,28,267014,267524
[Recv] <<< 23:c9:cc:4b:a0:3a,34568,-30,3930,67.95,35.55,33,267047,267557
[Recv] <<< 23:c9:cc:4b:a0:3a,34572,-37,3931,67.97,35.55,150,267197,267707
[Recv] <<< 23:c9:cc:4b:a0:3a,34573,-31,3932,67.96,35.55,34,267231,267741
[Recv] <<< 23:c9:cc:4b:a0:3a,34574,-30,3933,67.96,35.55,39,267270,267780
[Recv] <<< 23:c9:cc:4b:a0:3a,34577,-27,3934,67.96,35.55,97,267367,267877
[Recv] <<< 23:c9:cc:4b:a0:3a,34578,-27,3935,67.95,35.55,33,267400,267910
[Recv] <<< 23:c9:cc:4b:a0:3a,34579,-28,3936,67.95,35.55,32,267432,267942
[Recv] <<< 23:c9:cc:4b:a0:3a,34583,-31,3937,67.97,35.55,150,267582,268092
[Recv] <<< 23:c9:cc:4b:a0:3a,34584,-31,3938,67.96,35.55,35,267617,268127
[Recv] <<< 23:c9:cc:4b:a0:3a,34737,-31,3939,69.29,35.53,5309,272926,273436
[Recv] <<< 23:c9:cc:4b:a0:3a,34738,-31,3940,69.28,35.53,41,272967,273477
[Recv] <<< 23:c9:cc:4b:a0:3a,34740,-31,3941,69.28,35.53,67,273034,273544
[Recv] <<< 23:c9:cc:4b:a0:3a,34741,-37,3942,69.27,35.53,39,273073,273583
[Recv] <<< 23:c9:cc:4b:a0:3a,34742,-28,3943,69.27,35.54,50,273123,273633
[Recv] <<< 23:c9:cc:4b:a0:3a,34746,-37,3944,69.29,35.54,156,273279,273789
[Recv] <<< 23:c9:cc:4b:a0:3a,34747,-30,3945,69.28,35.54,30,273309,273819
[Recv] <<< 23:c9:cc:4b:a0:3a,34748,-37,3946,69.27,35.54,42,273351,273861
[Recv] <<< 23:c9:cc:4b:a0:3a,34749,-37,3947,69.26,35.54,32,273383,273893
[Recv] <<< 23:c9:cc:4b:a0:3a,34753,-27,3948,69.29,35.54,168,273551,274061
[Recv] <<< 23:c9:cc:4b:a0:3a,34754,-28,3949,69.28,35.54,39,273590,274100
[Recv] <<< 23:c9:cc:4b:a0:3a,34775,-37,3950,69.47,35.55,804,274394,274904
[Recv] <<< 23:c9:cc:4b:a0:3a,34776,-37,3951,69.46,35.55,39,274433,274943
[Recv] <<< 23:c9:cc:4b:a0:3a,34777,-28,3952,69.45,35.55,39,274472,274982
[Recv] <<< 23:c9:cc:4b:a0:3a,34779,-31,3953,69.45,35.55,82,274554,275064
[Recv] <<< 23:c9:cc:4b:a0:3a,34780,-31,3954,69.45,35.55,38,274592,275102
[Recv] <<< 23:c9:cc:4b:a0:3a,34782,-37,3955,69.45,35.55,78,274670,275180
[Recv] <<< 23:c9:cc:4b:a0:3a,34789,-31,3956,69.51,35.56,306,274976,275486
[Recv] <<< 23:c9:cc:4b:a0:3a,34791,-37,3957,69.51,35.56,78,275054,275564
[Recv] <<< 23:c9:cc:4b:a0:3a,34796,-28,3958,69.55,35.56,213,275267,275777
[Recv] <<< 23:c9:cc:4b:a0:3a,34797,-28,3959,69.54,35.56,40,275307,275817
[Recv] <<< 23:c9:cc:4b:a0:3a,34798,-31,3960,69.53,35.57,47,275354,275864
[Recv] <<< 23:c9:cc:4b:a0:3a,34799,-37,3961,69.53,35.57,46,275400,275910
[Recv] <<< 23:c9:cc:4b:a0:3a,34805,-28,3962,69.58,35.57,258,275658,276168
[Recv] <<< 23:c9:cc:4b:a0:3a,34806,-28,3963,69.57,35.57,38,275696,276206
[Recv] <<< 23:c9:cc:4b:a0:3a,34807,-31,3964,69.56,35.57,45,275741,276251
[Recv] <<< 23:c9:cc:4b:a0:3a,34808,-37,3965,69.56,35.58,46,275787,276297
[Recv] <<< 23:c9:cc:4b:a0:3a,34810,-28,3966,69.56,35.58,81,275868,276378
[Recv] <<< 23:c9:cc:4b:a0:3a,34811,-31,3967,69.55,35.58,40,275908,276418
[Recv] <<< 23:c9:cc:4b:a0:3a,34812,-37,3968,69.55,35.58,47,275955,276465
[Recv] <<< 23:c9:cc:4b:a0:3a,34813,-28,3969,69.54,35.58,45,276000,276510
[Recv] <<< 23:c9:cc:4b:a0:3a,34814,-30,3970,69.53,35.58,45,276045,276555
[Recv] <<< 23:c9:cc:4b:a0:3a,34815,-37,3971,69.53,35.58,43,276088,276598
[Recv] <<< 23:c9:cc:4b:a0:3a,34816,-28,3972,69.52,35.58,42,276130,276640
[Recv] <<< 23:c9:cc:4b:a0:3a,34822,-37,3973,69.57,35.59,257,276387,276897
[Recv] <<< 23:c9:cc:4b:a0:3a,34823,-28,3974,69.56,35.59,40,276427,276937
[Recv] <<< 23:c9:cc:4b:a0:3a,34824,-31,3975,69.55,35.59,42,276469,276979
[Recv] <<< 23:c9:cc:4b:a0:3a,34826,-37,3976,69.56,35.59,88,276557,277067
[Recv] <<< 23:c9:cc:4b:a0:3a,34847,-31,3977,69.76,35.61,887,277444,277954
[Recv] <<< 23:c9:cc:4b:a0:3a,34848,-37,3978,69.76,35.61,49,277493,278003
[Recv] <<< 23:c9:cc:4b:a0:3a,34852,-31,3979,69.78,35.62,164,277657,278167
[Recv] <<< 23:c9:cc:4b:a0:3a,34859,-37,3980,69.84,35.62,292,277949,278459
[Recv] <<< 23:c9:cc:4b:a0:3a,34860,-28,3981,69.83,35.62,44,277993,278503
[Recv] <<< 23:c9:cc:4b:a0:3a,34863,-37,3982,69.84,35.62,124,278117,278627
[Recv] <<< 23:c9:cc:4b:a0:3a,34864,-37,3983,69.84,35.62,41,278158,278668
[Recv] <<< 23:c9:cc:4b:a0:3a,34865,-28,3984,69.83,35.63,44,278202,278712
[Recv] <<< 23:c9:cc:4b:a0:3a,34866,-31,3985,69.82,35.63,46,278248,278758
[Recv] <<< 23:c9:cc:4b:a0:3a,34867,-37,3986,69.82,35.63,42,278290,278800
[Recv] <<< 23:c9:cc:4b:a0:3a,34873,-37,3987,69.86,35.63,249,278539,279049
[Recv] <<< 23:c9:cc:4b:a0:3a,34874,-28,3988,69.86,35.63,43,278582,279092
[Recv] <<< 23:c9:cc:4b:a0:3a,34876,-31,3989,69.86,35.63,71,278653,279163
[Recv] <<< 23:c9:cc:4b:a0:3a,34877,-31,3990,69.85,35.63,42,278695,279205
[Recv] <<< 23:c9:cc:4b:a0:3a,34880,-28,3991,69.86,35.64,123,278818,279328
[Recv] <<< 23:c9:cc:4b:a0:3a,34883,-30,3992,69.87,35.64,121,278939,279449
[Recv] <<< 23:c9:cc:4b:a0:3a,34884,-37,3993,69.87,35.64,45,278984,279494
[Recv] <<< 23:c9:cc:4b:a0:3a,34885,-37,3994,69.86,35.64,37,279021,279531
[Recv] <<< 23:c9:cc:4b:a0:3a,34888,-31,3995,69.87,35.64,120,279141,279651
[Recv] <<< 23:c9:cc:4b:a0:3a,34890,-37,3996,69.88,35.64,80,279221,279731
[Recv] <<< 23:c9:cc:4b:a0:3a,34898,-28,3997,69.94,35.65,327,279548,280058
[Recv] <<< 23:c9:cc:4b:a0:3a,34900,-31,3998,69.94,35.65,79,279627,280137
[Recv] <<< 23:c9:cc:4b:a0:3a,34901,-37,3999,69.93,35.65,42,279669,280179
[Recv] <<< 23:c9:cc:4b:a0:3a,34902,-37,4000,69.93,35.65,37,279706,280216
[Recv] <<< 23:c9:cc:4b:a0:3a,34903,-28,4001,69.92,35.65,46,279752,280262
[Recv] <<< 23:c9:cc:4b:a0:3a,34916,-37,4002,70.04,35.66,536,280288,280798
[Recv] <<< 23:c9:cc:4b:a0:3a,34917,-28,4003,70.03,35.66,43,280331,280841
[Recv] <<< 23:c9:cc:4b:a0:3a,34918,-30,4004,70.02,35.66,47,280378,280888
[Recv] <<< 23:c9:cc:4b:a0:3a,34919,-30,4005,70.02,35.66,39,280417,280927
[Recv] <<< 23:c9:cc:4b:a0:3a,34920,-37,4006,70.01,35.66,38,280455,280965
[Recv] <<< 23:c9:cc:4b:a0:3a,34921,-28,4007,70.00,35.66,46,280501,281011
[Recv] <<< 23:c9:cc:4b:a0:3a,34922,-31,4008,70.00,35.67,40,280541,281051
[Recv] <<< 23:c9:cc:4b:a0:3a,34928,-37,4009,70.04,35.67,252,280793,281303
[Recv] <<< 23:c9:cc:4b:a0:3a,34929,-37,4010,70.03,35.67,35,280828,281338
[Recv] <<< 23:c9:cc:4b:a0:3a,34930,-37,4011,70.02,35.67,40,280868,281378
[Recv] <<< 23:c9:cc:4b:a0:3a,34931,-27,4012,70.02,35.67,42,280910,281420
[Recv] <<< 23:c9:cc:4b:a0:3a,34933,-37,4013,70.02,35.67,81,280991,281501
[Recv] <<< 23:c9:cc:4b:a0:3a,34934,-37,4014,70.01,35.67,35,281026,281536
[Recv] <<< 23:c9:cc:4b:a0:3a,34935,-28,4015,70.00,35.67,44,281070,281580
[Recv] <<< 23:c9:cc:4b:a0:3a,34936,-31,4016,70.00,35.67,44,281114,281624
[Recv] <<< 23:c9:cc:4b:a0:3a,34937,-37,4017,69.99,35.68,42,281156,281666
[Recv] <<< 23:c9:cc:4b:a0:3a,34945,-28,4018,70.05,35.68,319,281475,281985
[Recv] <<< 23:c9:cc:4b:a0:3a,34946,-28,4019,70.05,35.68,49,281524,282034
[Recv] <<< 23:c9:cc:4b:a0:3a,34947,-28,4020,70.04,35.68,38,281562,282072
[Recv] <<< 23:c9:cc:4b:a0:3a,34948,-28,4021,70.03,35.68,37,281599,282109
[Recv] <<< 23:c9:cc:4b:a0:3a,34949,-31,4022,70.03,35.68,46,281645,282155
[Recv] <<< 23:c9:cc:4b:a0:3a,34950,-37,4023,70.02,35.68,37,281682,282192
[Recv] <<< 23:c9:cc:4b:a0:3a,34951,-37,4024,70.01,35.68,47,281729,282239
[Recv] <<< 23:c9:cc:4b:a0:3a,34952,-28,4025,70.01,35.69,43,281772,282282
[Recv] <<< 23:c9:cc:4b:a0:3a,34958,-28,4026,70.05,35.69,237,282009,282519
[Recv] <<< 23:c9:cc:4b:a0:3a,34959,-28,4027,70.04,35.69,38,282047,282557
[Recv] <<< 23:c9:cc:4b:a0:3a,34960,-31,4028,70.03,35.69,47,282094,282604
[Recv] <<< 23:c9:cc:4b:a0:3a,34961,-37,4029,70.03,35.69,43,282137,282647
[Recv] <<< 23:c9:cc:4b:a0:3a,34962,-37,4030,70.02,35.69,34,282171,282681
[Recv] <<< 23:c9:cc:4b:a0:3a,34963,-28,4031,70.01,35.69,42,282213,282723
[Recv] <<< 23:c9:cc:4b:a0:3a,34964,-31,4032,70.00,35.69,40,282253,282763
[Recv] <<< 23:c9:cc:4b:a0:3a,34974,-37,4033,70.09,35.70,414,282667,283177
[Recv] <<< 23:c9:cc:4b:a0:3a,34975,-37,4034,70.08,35.70,42,282709,283219
[Recv] <<< 23:c9:cc:4b:a0:3a,34976,-28,4035,70.07,35.70,40,282749,283259
[Recv] <<< 23:c9:cc:4b:a0:3a,34978,-37,4036,70.08,35.70,92,282841,283351
[Recv] <<< 23:c9:cc:4b:a0:3a,34985,-38,4037,70.13,35.71,284,283125,283635
[Recv] <<< 23:c9:cc:4b:a0:3a,34986,-28,4038,70.13,35.71,47,283172,283682
[Recv] <<< 23:c9:cc:4b:a0:3a,34988,-31,4039,70.13,35.71,80,283252,283762
[Recv] <<< 23:c9:cc:4b:a0:3a,34989,-31,4040,70.12,35.71,42,283294,283804
[Recv] <<< 23:c9:cc:4b:a0:3a,34990,-37,4041,70.11,35.71,40,283334,283844
[Recv] <<< 23:c9:cc:4b:a0:3a,34994,-37,4042,70.14,35.71,168,283502,284012
[Recv] <<< 23:c9:cc:4b:a0:3a,34995,-28,4043,70.13,35.72,40,283542,284052
[Recv] <<< 23:c9:cc:4b:a0:3a,34996,-28,4044,70.13,35.72,46,283588,284098
[Recv] <<< 23:c9:cc:4b:a0:3a,34997,-31,4045,70.12,35.72,47,283635,284145
[Recv] <<< 23:c9:cc:4b:a0:3a,35004,-37,4046,70.17,35.72,280,283915,284425
[Recv] <<< 23:c9:cc:4b:a0:3a,35005,-28,4047,70.17,35.72,43,283958,284468
[Recv] <<< 23:c9:cc:4b:a0:3a,35006,-31,4048,70.16,35.72,39,283997,284507
[Recv] <<< 23:c9:cc:4b:a0:3a,35008,-38,4049,70.16,35.73,92,284089,284599
[Recv] <<< 23:c9:cc:4b:a0:3a,35009,-28,4050,70.15,35.73,37,284126,284636
[Recv] <<< 23:c9:cc:4b:a0:3a,35010,-28,4051,70.15,35.73,39,284165,284675
[Recv] <<< 23:c9:cc:4b:a0:3a,35011,-28,4052,70.14,35.73,41,284206,284716
[Recv] <<< 23:c9:cc:4b:a0:3a,35019,-31,4053,70.20,35.73,314,284520,285030
[Recv] <<< 23:c9:cc:4b:a0:3a,35027,-37,4054,70.26,35.73,316,284836,285346
[Recv] <<< 23:c9:cc:4b:a0:3a,35032,-28,4055,70.29,35.74,201,285037,285547
[Recv] <<< 23:c9:cc:4b:a0:3a,35033,-28,4056,70.28,35.74,30,285067,285577
[Recv] <<< 23:c9:cc:4b:a0:3a,35064,-31,4057,70.56,35.75,1186,286253,286763
[Recv] <<< 23:c9:cc:4b:a0:3a,35065,-31,4058,70.55,35.75,42,286295,286805
[Recv] <<< 23:c9:cc:4b:a0:3a,35067,-31,4059,70.55,35.75,69,286364,286874
[Recv] <<< 23:c9:cc:4b:a0:3a,35086,-40,4060,70.70,35.75,682,287046,287556
[Recv] <<< 23:c9:cc:4b:a0:3a,35090,-28,4061,70.72,35.75,141,287187,287697
[Recv] <<< 23:c9:cc:4b:a0:3a,35111,-28,4062,70.89,35.75,749,287936,288446
[Recv] <<< 23:c9:cc:4b:a0:3a,35112,-28,4063,70.88,35.75,39,287975,288485
[Recv] <<< 23:c9:cc:4b:a0:3a,35149,-28,4064,71.19,35.75,1358,289333,289843
[Recv] <<< 23:c9:cc:4b:a0:3a,35150,-30,4065,71.19,35.75,38,289371,289881
[Recv] <<< 23:c9:cc:4b:a0:3a,35151,-30,4066,71.18,35.75,35,289406,289916
[Recv] <<< 23:c9:cc:4b:a0:3a,35152,-31,4067,71.17,35.75,31,289437,289947
[Recv] <<< 23:c9:cc:4b:a0:3a,35153,-31,4068,71.16,35.75,45,289482,289992
[Recv] <<< 23:c9:cc:4b:a0:3a,35155,-37,4069,71.16,35.75,71,289553,290063
[Recv] <<< 23:c9:cc:4b:a0:3a,35156,-37,4070,71.15,35.75,35,289588,290098
[Recv] <<< 23:c9:cc:4b:a0:3a,35158,-28,4071,71.15,35.75,83,289671,290181
[Recv] <<< 23:c9:cc:4b:a0:3a,35159,-28,4072,71.14,35.75,30,289701,290211
[Recv] <<< 23:c9:cc:4b:a0:3a,35160,-28,4073,71.14,35.75,37,289738,290248
[Recv] <<< 23:c9:cc:4b:a0:3a,35162,-27,4074,71.14,35.75,71,289809,290319
[Recv] <<< 23:c9:cc:4b:a0:3a,35163,-27,4075,71.13,35.75,36,289845,290355
[Recv] <<< 23:c9:cc:4b:a0:3a,35164,-28,4076,71.12,35.75,37,289882,290392
[Recv] <<< 23:c9:cc:4b:a0:3a,35166,-28,4077,71.12,35.75,70,289952,290462
[Recv] <<< 23:c9:cc:4b:a0:3a,35168,-30,4078,71.12,35.75,78,290030,290540
[Recv] <<< 23:c9:cc:4b:a0:3a,35169,-30,4079,71.11,35.75,32,290062,290572
[Recv] <<< 23:c9:cc:4b:a0:3a,35172,-37,4080,71.12,35.75,111,290173,290683
[Recv] <<< 23:c9:cc:4b:a0:3a,35173,-37,4081,71.11,35.75,34,290207,290717
[Recv] <<< 23:c9:cc:4b:a0:3a,35175,-37,4082,71.11,35.75,72,290279,290789
[Recv] <<< 23:c9:cc:4b:a0:3a,35176,-37,4083,71.10,35.75,35,290314,290824
[Recv] <<< 23:c9:cc:4b:a0:3a,35178,-37,4084,71.10,35.75,71,290385,290895
[Recv] <<< 23:c9:cc:4b:a0:3a,35179,-37,4085,71.09,35.75,32,290417,290927
[Recv] <<< 23:c9:cc:4b:a0:3a,35180,-37,4086,71.09,35.75,41,290458,290968
[Recv] <<< 23:c9:cc:4b:a0:3a,35181,-37,4087,71.08,35.75,29,290487,290997
[Recv] <<< 23:c9:cc:4b:a0:3a,35183,-27,4088,71.07,35.75,66,290553,291063
[Recv] <<< 23:c9:cc:4b:a0:3a,35184,-28,4089,71.07,35.75,48,290601,291111
[Recv] <<< 23:c9:cc:4b:a0:3a,35192,-28,4090,71.12,35.75,274,290875,291385
[Recv] <<< 23:c9:cc:4b:a0:3a,35193,-28,4091,71.11,35.75,35,290910,291420
[Recv] <<< 23:c9:cc:4b:a0:3a,35194,-31,4092,71.10,35.75,44,290954,291464
[Recv] <<< 23:c9:cc:4b:a0:3a,35195,-31,4093,71.10,35.75,39,290993,291503
[Recv] <<< 23:c9:cc:4b:a0:3a,35196,-31,4094,71.09,35.75,33,291026,291536
[Recv] <<< 23:c9:cc:4b:a0:3a,35197,-31,4095,71.08,35.75,35,291061,291571
[Recv] <<< 23:c9:cc:4b:a0:3a,35201,-31,4096,71.09,35.75,134,291195,291705
[Recv] <<< 23:c9:cc:4b:a0:3a,35202,-31,4097,71.08,35.75,31,291226,291736
[Recv] <<< 23:c9:cc:4b:a0:3a,35203,-31,4098,71.07,35.75,38,291264,291774
[Recv] <<< 23:c9:cc:4b:a0:3a,35204,-37,4099,71.07,35.75,40,291304,291814
[Recv] <<< 23:c9:cc:4b:a0:3a,35205,-37,4100,71.06,35.75,33,291337,291847
[Recv] <<< 23:c9:cc:4b:a0:3a,35207,-28,4101,71.06,35.75,88,291425,291935
[Recv] <<< 23:c9:cc:4b:a0:3a,35209,-28,4102,71.06,35.75,72,291497,292007
[Recv] <<< 23:c9:cc:4b:a0:3a,35210,-28,4103,71.05,35.75,32,291529,292039
[Recv] <<< 23:c9:cc:4b:a0:3a,35211,-28,4104,71.04,35.75,29,291558,292068
[Recv] <<< 23:c9:cc:4b:a0:3a,35212,-31,4105,71.04,35.75,44,291602,292112
[Recv] <<< 23:c9:cc:4b:a0:3a,35213,-31,4106,71.03,35.75,37,291639,292149
[Recv] <<< 23:c9:cc:4b:a0:3a,35214,-31,4107,71.02,35.75,38,291677,292187
[Recv] <<< 23:c9:cc:4b:a0:3a,35215,-31,4108,71.01,35.75,34,291711,292221
[Recv] <<< 23:c9:cc:4b:a0:3a,35216,-31,4109,71.00,35.75,30,291741,292251
[Recv] <<< 23:c9:cc:4b:a0:3a,35217,-31,4110,70.99,35.75,42,291783,292293
[Recv] <<< 23:c9:cc:4b:a0:3a,35218,-31,4111,70.98,35.75,23,291806,292316
[Recv] <<< 23:c9:cc:4b:a0:3a,35219,-31,4112,70.97,35.75,39,291845,292355
[Recv] <<< 23:c9:cc:4b:a0:3a,35232,-37,4113,71.07,35.75,455,292300,292810
[Recv] <<< 23:c9:cc:4b:a0:3a,35239,-37,4114,71.11,35.75,246,292546,293056
[Recv] <<< 23:c9:cc:4b:a0:3a,35255,-27,4115,71.23,35.75,566,293112,293622
[Recv] <<< 23:c9:cc:4b:a0:3a,35256,-28,4116,71.22,35.75,39,293151,293661
[Recv] <<< 23:c9:cc:4b:a0:3a,35257,-28,4117,71.21,35.75,36,293187,293697
[Recv] <<< 23:c9:cc:4b:a0:3a,35258,-27,4118,71.20,35.75,30,293217,293727
[Recv] <<< 23:c9:cc:4b:a0:3a,35259,-28,4119,71.19,35.75,31,293248,293758
[Recv] <<< 23:c9:cc:4b:a0:3a,35260,-28,4120,71.19,35.75,39,293287,293797
[Recv] <<< 23:c9:cc:4b:a0:3a,35261,-27,4121,71.18,35.75,37,293324,293834
[Recv] <<< 23:c9:cc:4b:a0:3a,35262,-28,4122,71.17,35.75,37,293361,293871
[Recv] <<< 23:c9:cc:4b:a0:3a,35318,-38,4123,71.62,35.74,1946,295307,295817
[Recv] <<< 23:c9:cc:4b:a0:3a,35319,-31,4124,71.61,35.74,29,295336,295846
[Recv] <<< 23:c9:cc:4b:a0:3a,35320,-31,4125,71.60,35.74,33,295369,295879
[Recv] <<< 23:c9:cc:4b:a0:3a,35321,-30,4126,71.60,35.74,32,295401,295911
[Recv] <<< 23:c9:cc:4b:a0:3a,35322,-31,4127,71.58,35.74,30,295431,295941
[Recv] <<< 23:c9:cc:4b:a0:3a,35324,-42,4128,71.59,35.74,78,295509,296019
[Recv] <<< 23:c9:cc:4b:a0:3a,35409,-28,4129,72.27,35.72,2885,298394,298904
[Recv] <<< 23:c9:cc:4b:a0:3a,35410,-28,4130,72.26,35.72,35,298429,298939
[Recv] <<< 23:c9:cc:4b:a0:3a,35411,-27,4131,72.25,35.72,31,298460,298970
[Recv] <<< 23:c9:cc:4b:a0:3a,35412,-31,4132,72.24,35.72,40,298500,299010
[Recv] <<< 23:c9:cc:4b:a0:3a,35422,-37,4133,72.30,35.72,323,298823,299333
[Recv] <<< 23:c9:cc:4b:a0:3a,35425,-38,4134,72.31,35.72,106,298929,299439
[Recv] <<< 23:c9:cc:4b:a0:3a,35427,-37,4135,72.31,35.72,71,299000,299510
[Recv] <<< 23:c9:cc:4b:a0:3a,35434,-28,4136,72.35,35.72,223,299223,299733
[Recv] <<< 23:c9:cc:4b:a0:3a,35435,-28,4137,72.34,35.72,34,299257,299767
[Recv] <<< 23:c9:cc:4b:a0:3a,35436,-27,4138,72.33,35.72,38,299295,299805
[Recv] <<< 23:c9:cc:4b:a0:3a,35455,-28,4139,72.47,35.71,657,299952,300462
[Recv] <<< 23:c9:cc:4b:a0:3a,35456,-28,4140,72.46,35.71,30,299982,300492
[Recv] <<< 23:c9:cc:4b:a0:3a,35471,-28,4141,72.57,35.71,522,300504,301014
[Recv] <<< 23:c9:cc:4b:a0:3a,35472,-28,4142,72.56,35.71,31,300535,301045
[Recv] <<< 23:c9:cc:4b:a0:3a,35473,-38,4143,72.55,35.71,34,300569,301079
[Recv] <<< 23:c9:cc:4b:a0:3a,35474,-37,4144,72.54,35.71,36,300605,301115
[Recv] <<< 23:c9:cc:4b:a0:3a,35475,-37,4145,72.53,35.71,36,300641,301151
[Recv] <<< 23:c9:cc:4b:a0:3a,35476,-38,4146,72.52,35.71,29,300670,301180
[Recv] <<< 23:c9:cc:4b:a0:3a,35477,-37,4147,72.51,35.71,37,300707,301217
[Recv] <<< 23:c9:cc:4b:a0:3a,35482,-31,4148,72.54,35.71,175,300882,301392
[Recv] <<< 23:c9:cc:4b:a0:3a,35492,-31,4149,72.60,35.71,341,301223,301733
[Recv] <<< 23:c9:cc:4b:a0:3a,35503,-37,4150,72.67,35.70,366,301589,302099
[Recv] <<< 23:c9:cc:4b:a0:3a,35504,-40,4151,72.66,35.70,34,301623,302133
[Recv] <<< 23:c9:cc:4b:a0:3a,35507,-31,4152,72.67,35.70,98,301721,302231
[Recv] <<< 23:c9:cc:4b:a0:3a,35508,-31,4153,72.66,35.70,36,301757,302267
[Recv] <<< 23:c9:cc:4b:a0:3a,35509,-31,4154,72.65,35.70,33,301790,302300
[Recv] <<< 23:c9:cc:4b:a0:3a,35517,-38,4155,72.70,35.70,286,302076,302586
[Recv] <<< 23:c9:cc:4b:a0:3a,35518,-37,4156,72.69,35.70,38,302114,302624
[Recv] <<< 23:c9:cc:4b:a0:3a,35519,-37,4157,72.68,35.70,36,302150,302660
[Recv] <<< 23:c9:cc:4b:a0:3a,35520,-31,4158,72.67,35.70,25,302175,302685
[Recv] <<< 23:c9:cc:4b:a0:3a,35521,-31,4159,72.66,35.70,38,302213,302723
[Recv] <<< 23:c9:cc:4b:a0:3a,35522,-31,4160,72.65,35.70,27,302240,302750
[Recv] <<< 23:c9:cc:4b:a0:3a,35532,-31,4161,72.72,35.70,340,302580,303090
[Recv] <<< 23:c9:cc:4b:a0:3a,35533,-31,4162,72.71,35.70,35,302615,303125
[Recv] <<< 23:c9:cc:4b:a0:3a,35535,-37,4163,72.71,35.70,74,302689,303199
[Recv] <<< 23:c9:cc:4b:a0:3a,35641,-28,4164,73.56,35.68,3615,306304,306814
[Recv] <<< 23:c9:cc:4b:a0:3a,35645,-37,4165,73.58,35.68,139,306443,306953
[Recv] <<< 23:c9:cc:4b:a0:3a,35655,-28,4166,73.64,35.67,324,306767,307277
[Recv] <<< 23:c9:cc:4b:a0:3a,35738,-28,4167,74.29,35.65,2781,309548,310058
[Recv] <<< 23:c9:cc:4b:a0:3a,35756,-28,4168,74.42,35.65,634,310182,310692
[Recv] <<< 23:c9:cc:4b:a0:3a,35757,-28,4169,74.41,35.65,35,310217,310727
[Recv] <<< 23:c9:cc:4b:a0:3a,35758,-37,4170,74.40,35.65,31,310248,310758
[Recv] <<< 23:c9:cc:4b:a0:3a,35759,-31,4171,74.39,35.65,28,310276,310786
[Recv] <<< 23:c9:cc:4b:a0:3a,35762,-31,4172,74.40,35.65,105,310381,310891
[Recv] <<< 23:c9:cc:4b:a0:3a,35764,-31,4173,74.40,35.65,74,310455,310965
[Recv] <<< 23:c9:cc:4b:a0:3a,35765,-31,4174,74.39,35.65,28,310483,310993
[Recv] <<< 23:c9:cc:4b:a0:3a,35766,-31,4175,74.38,35.65,34,310517,311027
[Recv] <<< 23:c9:cc:4b:a0:3a,35767,-31,4176,74.37,35.65,32,310549,311059
[Recv] <<< 23:c9:cc:4b:a0:3a,35769,-31,4177,74.36,35.65,67,310616,311126
[Recv] <<< 23:c9:cc:4b:a0:3a,35771,-31,4178,74.36,35.65,68,310684,311194
[Recv] <<< 23:c9:cc:4b:a0:3a,35772,-31,4179,74.35,35.65,31,310715,311225
[Recv] <<< 23:c9:cc:4b:a0:3a,35773,-31,4180,74.34,35.65,33,310748,311258
[Recv] <<< 23:c9:cc:4b:a0:3a,35774,-31,4181,74.33,35.65,35,310783,311293
[Recv] <<< 23:c9:cc:4b:a0:3a,35775,-31,4182,74.32,35.65,40,310823,311333
[Recv] <<< 23:c9:cc:4b:a0:3a,35776,-31,4183,74.31,35.65,28,310851,311361
[Recv] <<< 23:c9:cc:4b:a0:3a,35777,-31,4184,74.30,35.65,32,310883,311393
[Recv] <<< 23:c9:cc:4b:a0:3a,35778,-31,4185,74.29,35.65,37,310920,311430
[Recv] <<< 23:c9:cc:4b:a0:3a,35779,-28,4186,74.28,35.65,28,310948,311458
[Recv] <<< 23:c9:cc:4b:a0:3a,35781,-28,4187,74.28,35.65,73,311021,311531
[Recv] <<< 23:c9:cc:4b:a0:3a,35783,-31,4188,74.28,35.65,75,311096,311606
[Recv] <<< 23:c9:cc:4b:a0:3a,35784,-31,4189,74.27,35.65,30,311126,311636
[Recv] <<< 23:c9:cc:4b:a0:3a,35787,-31,4190,74.28,35.65,115,311241,311751
[Recv] <<< 23:c9:cc:4b:a0:3a,35788,-31,4191,74.27,35.65,32,311273,311783
[Recv] <<< 23:c9:cc:4b:a0:3a,35789,-31,4192,74.26,35.65,38,311311,311821
[Recv] <<< 23:c9:cc:4b:a0:3a,35790,-31,4193,74.25,35.65,33,311344,311854
[Recv] <<< 23:c9:cc:4b:a0:3a,35791,-37,4194,74.25,35.65,40,311384,311894
[Recv] <<< 23:c9:cc:4b:a0:3a,35793,-37,4195,74.24,35.65,69,311453,311963
[Recv] <<< 23:c9:cc:4b:a0:3a,35794,-38,4196,74.24,35.65,43,311496,312006
[Recv] <<< 23:c9:cc:4b:a0:3a,35795,-37,4197,74.23,35.65,36,311532,312042
[Recv] <<< 23:c9:cc:4b:a0:3a,35796,-31,4198,74.22,35.65,25,311557,312067
[Recv] <<< 23:c9:cc:4b:a0:3a,35797,-38,4199,74.21,35.65,45,311602,312112
[Recv] <<< 23:c9:cc:4b:a0:3a,35798,-31,4200,74.20,35.65,24,311626,312136
[Recv] <<< 23:c9:cc:4b:a0:3a,35799,-31,4201,74.19,35.65,36,311662,312172
[Recv] <<< 23:c9:cc:4b:a0:3a,35810,-37,4202,74.26,35.65,379,312041,312551
[Recv] <<< 23:c9:cc:4b:a0:3a,35811,-31,4203,74.25,35.65,39,312080,312590
[Recv] <<< 23:c9:cc:4b:a0:3a,35812,-31,4204,74.24,35.65,30,312110,312620
[Recv] <<< 23:c9:cc:4b:a0:3a,35813,-31,4205,74.23,35.64,30,312140,312650
[Recv] <<< 23:c9:cc:4b:a0:3a,35814,-31,4206,74.22,35.65,39,312179,312689
[Recv] <<< 23:c9:cc:4b:a0:3a,35818,-37,4207,74.24,35.64,142,312321,312831
[Recv] <<< 23:c9:cc:4b:a0:3a,35819,-43,4208,74.23,35.64,25,312346,312856
[Recv] <<< 23:c9:cc:4b:a0:3a,35821,-31,4209,74.23,35.64,72,312418,312928
[Recv] <<< 23:c9:cc:4b:a0:3a,35822,-31,4210,74.22,35.64,29,312447,312957
[Recv] <<< 23:c9:cc:4b:a0:3a,35840,-38,4211,74.35,35.64,627,313074,313584
[Recv] <<< 23:c9:cc:4b:a0:3a,35841,-37,4212,74.34,35.64,38,313112,313622
[Recv] <<< 23:c9:cc:4b:a0:3a,35842,-37,4213,74.33,35.64,24,313136,313646
[Recv] <<< 23:c9:cc:4b:a0:3a,35846,-31,4214,74.34,35.64,140,313276,313786
[Recv] <<< 23:c9:cc:4b:a0:3a,35848,-37,4215,74.34,35.64,72,313348,313858
[Recv] <<< 23:c9:cc:4b:a0:3a,35850,-37,4216,74.34,35.64,68,313416,313926
[Recv] <<< 23:c9:cc:4b:a0:3a,35851,-37,4217,74.33,35.64,39,313455,313965
[Recv] <<< 23:c9:cc:4b:a0:3a,35867,-28,4218,74.45,35.64,557,314012,314522
[Recv] <<< 23:c9:cc:4b:a0:3a,35868,-28,4219,74.44,35.64,32,314044,314554
[Recv] <<< 23:c9:cc:4b:a0:3a,35869,-28,4220,74.42,35.64,26,314070,314580
[Recv] <<< 23:c9:cc:4b:a0:3a,35870,-28,4221,74.42,35.64,46,314116,314626
[Recv] <<< 23:c9:cc:4b:a0:3a,35871,-28,4222,74.41,35.64,24,314140,314650
[Recv] <<< 23:c9:cc:4b:a0:3a,35890,-38,4223,74.54,35.63,643,314783,315293
[Recv] <<< 23:c9:cc:4b:a0:3a,35891,-37,4224,74.53,35.63,35,314818,315328
[Recv] <<< 23:c9:cc:4b:a0:3a,35892,-37,4225,74.52,35.63,30,314848,315358
[Recv] <<< 23:c9:cc:4b:a0:3a,35893,-31,4226,74.51,35.63,27,314875,315385
[Recv] <<< 23:c9:cc:4b:a0:3a,35894,-37,4227,74.50,35.63,41,314916,315426
[Recv] <<< 23:c9:cc:4b:a0:3a,35895,-38,4228,74.49,35.63,31,314947,315457
[Recv] <<< 23:c9:cc:4b:a0:3a,35896,-28,4229,74.48,35.63,44,314991,315501
[Recv] <<< 23:c9:cc:4b:a0:3a,35897,-28,4230,74.47,35.63,31,315022,315532
[Recv] <<< 23:c9:cc:4b:a0:3a,35898,-28,4231,74.46,35.63,31,315053,315563
[Recv] <<< 23:c9:cc:4b:a0:3a,35900,-37,4232,74.46,35.63,60,315113,315623
[Recv] <<< 23:c9:cc:4b:a0:3a,35901,-38,4233,74.45,35.63,42,315155,315665
[Recv] <<< 23:c9:cc:4b:a0:3a,35902,-37,4234,74.44,35.63,33,315188,315698
[Recv] <<< 23:c9:cc:4b:a0:3a,35903,-38,4235,74.43,35.63,33,315221,315731
[Recv] <<< 23:c9:cc:4b:a0:3a,35905,-37,4236,74.43,35.63,69,315290,315800
[Recv] <<< 23:c9:cc:4b:a0:3a,35906,-37,4237,74.42,35.63,26,315316,315826
[Recv] <<< 23:c9:cc:4b:a0:3a,35907,-27,4238,74.41,35.63,48,315364,315874
[Recv] <<< 23:c9:cc:4b:a0:3a,35908,-28,4239,74.40,35.63,31,315395,315905
[Recv] <<< 23:c9:cc:4b:a0:3a,35910,-28,4240,74.40,35.63,61,315456,315966
[Recv] <<< 23:c9:cc:4b:a0:3a,35911,-28,4241,74.39,35.63,30,315486,315996
[Recv] <<< 23:c9:cc:4b:a0:3a,35912,-37,4242,74.38,35.63,37,315523,316033
[Recv] <<< 23:c9:cc:4b:a0:3a,35914,-37,4243,74.38,35.63,71,315594,316104
[Recv] <<< 23:c9:cc:4b:a0:3a,35915,-37,4244,74.37,35.63,25,315619,316129
[Recv] <<< 23:c9:cc:4b:a0:3a,35916,-37,4245,74.36,35.63,34,315653,316163
[Recv] <<< 23:c9:cc:4b:a0:3a,35917,-37,4246,74.35,35.63,43,315696,316206
[Recv] <<< 23:c9:cc:4b:a0:3a,35918,-37,4247,74.34,35.63,23,315719,316229
[Recv] <<< 23:c9:cc:4b:a0:3a,35919,-31,4248,74.33,35.63,34,315753,316263
[Recv] <<< 23:c9:cc:4b:a0:3a,35921,-30,4249,74.33,35.63,69,315822,316332
[Recv] <<< 23:c9:cc:4b:a0:3a,35922,-31,4250,74.32,35.63,36,315858,316368
[Recv] <<< 23:c9:cc:4b:a0:3a,35923,-31,4251,74.31,35.62,25,315883,316393
[Recv] <<< 23:c9:cc:4b:a0:3a,35924,-31,4252,74.30,35.62,34,315917,316427
[Recv] <<< 23:c9:cc:4b:a0:3a,35925,-31,4253,74.29,35.62,36,315953,316463
[Recv] <<< 23:c9:cc:4b:a0:3a,35926,-31,4254,74.28,35.62,40,315993,316503
[Recv] <<< 23:c9:cc:4b:a0:3a,35927,-31,4255,74.27,35.62,31,316024,316534
[Recv] <<< 23:c9:cc:4b:a0:3a,35928,-37,4256,74.26,35.62,39,316063,316573
[Recv] <<< 23:c9:cc:4b:a0:3a,35929,-37,4257,74.26,35.63,41,316104,316614
[Recv] <<< 23:c9:cc:4b:a0:3a,35930,-37,4258,74.25,35.63,34,316138,316648
[Recv] <<< 23:c9:cc:4b:a0:3a,35931,-37,4259,74.23,35.62,28,316166,316676
[Recv] <<< 23:c9:cc:4b:a0:3a,35932,-37,4260,74.22,35.62,32,316198,316708
[Recv] <<< 23:c9:cc:4b:a0:3a,35933,-28,4261,74.22,35.62,44,316242,316752
[Recv] <<< 23:c9:cc:4b:a0:3a,35934,-28,4262,74.21,35.62,33,316275,316785
[Recv] <<< 23:c9:cc:4b:a0:3a,35936,-28,4263,74.21,35.62,73,316348,316858
[Recv] <<< 23:c9:cc:4b:a0:3a,35939,-28,4264,74.21,35.62,102,316450,316960
[Recv] <<< 23:c9:cc:4b:a0:3a,35940,-28,4265,74.21,35.62,35,316485,316995
[Recv] <<< 23:c9:cc:4b:a0:3a,35941,-28,4266,74.20,35.62,31,316516,317026
[Recv] <<< 23:c9:cc:4b:a0:3a,35942,-28,4267,74.19,35.62,42,316558,317068
[Recv] <<< 23:c9:cc:4b:a0:3a,35943,-28,4268,74.18,35.62,32,316590,317100
[Recv] <<< 23:c9:cc:4b:a0:3a,35945,-31,4269,74.18,35.62,74,316664,317174
[Recv] <<< 23:c9:cc:4b:a0:3a,35946,-31,4270,74.17,35.62,36,316700,317210
[Recv] <<< 23:c9:cc:4b:a0:3a,35952,-31,4271,74.20,35.62,203,316903,317413
[Recv] <<< 23:c9:cc:4b:a0:3a,35954,-31,4272,74.20,35.62,72,316975,317485
[Recv] <<< 23:c9:cc:4b:a0:3a,35955,-31,4273,74.19,35.62,36,317011,317521
[Recv] <<< 23:c9:cc:4b:a0:3a,35956,-31,4274,74.18,35.62,31,317042,317552
[Recv] <<< 23:c9:cc:4b:a0:3a,35957,-31,4275,74.17,35.62,35,317077,317587
[Recv] <<< 23:c9:cc:4b:a0:3a,35958,-31,4276,74.16,35.62,37,317114,317624
[Recv] <<< 23:c9:cc:4b:a0:3a,35959,-31,4277,74.15,35.62,29,317143,317653
[Recv] <<< 23:c9:cc:4b:a0:3a,35960,-31,4278,74.14,35.62,39,317182,317692
[Recv] <<< 23:c9:cc:4b:a0:3a,35961,-31,4279,74.13,35.62,33,317215,317725
[Recv] <<< 23:c9:cc:4b:a0:3a,35963,-37,4280,74.13,35.62,73,317288,317798
[Recv] <<< 23:c9:cc:4b:a0:3a,35964,-37,4281,74.12,35.62,33,317321,317831
[Recv] <<< 23:c9:cc:4b:a0:3a,35966,-31,4282,74.12,35.62,67,317388,317898
[Recv] <<< 23:c9:cc:4b:a0:3a,35967,-31,4283,74.11,35.62,28,317416,317926
[Recv] <<< 23:c9:cc:4b:a0:3a,35968,-31,4284,74.10,35.62,33,317449,317959
[Recv] <<< 23:c9:cc:4b:a0:3a,35969,-31,4285,74.09,35.62,36,317485,317995
[Recv] <<< 23:c9:cc:4b:a0:3a,35971,-28,4286,74.09,35.62,59,317544,318054
[Recv] <<< 23:c9:cc:4b:a0:3a,35972,-28,4287,74.08,35.62,33,317577,318087
[Recv] <<< 23:c9:cc:4b:a0:3a,35973,-28,4288,74.07,35.62,33,317610,318120
[Recv] <<< 23:c9:cc:4b:a0:3a,35974,-28,4289,74.06,35.62,31,317641,318151
[Recv] <<< 23:c9:cc:4b:a0:3a,35975,-28,4290,74.05,35.62,32,317673,318183
[Recv] <<< 23:c9:cc:4b:a0:3a,35976,-27,4291,74.04,35.62,41,317714,318224
[Recv] <<< 23:c9:cc:4b:a0:3a,35977,-28,4292,74.03,35.62,34,317748,318258
[Recv] <<< 23:c9:cc:4b:a0:3a,35981,-37,4293,74.05,35.62,133,317881,318391
[Recv] <<< 23:c9:cc:4b:a0:3a,35982,-37,4294,74.04,35.62,35,317916,318426
[Recv] <<< 23:c9:cc:4b:a0:3a,35983,-37,4295,74.03,35.62,30,317946,318456
[Recv] <<< 23:c9:cc:4b:a0:3a,35984,-37,4296,74.02,35.62,29,317975,318485
[Recv] <<< 23:c9:cc:4b:a0:3a,35987,-31,4297,74.02,35.61,99,318074,318584
[Recv] <<< 23:c9:cc:4b:a0:3a,35988,-31,4298,74.01,35.61,27,318101,318611
[Recv] <<< 23:c9:cc:4b:a0:3a,35996,-28,4299,74.06,35.61,264,318365,318875
[Recv] <<< 23:c9:cc:4b:a0:3a,35997,-27,4300,74.05,35.61,33,318398,318908
[Recv] <<< 23:c9:cc:4b:a0:3a,35998,-31,4301,74.04,35.61,38,318436,318946
[Recv] <<< 23:c9:cc:4b:a0:3a,35999,-31,4302,74.03,35.61,38,318474,318984
[Recv] <<< 23:c9:cc:4b:a0:3a,36000,-28,4303,74.02,35.61,31,318505,319015
[Recv] <<< 23:c9:cc:4b:a0:3a,36001,-28,4304,74.01,35.61,32,318537,319047
[Recv] <<< 23:c9:cc:4b:a0:3a,36003,-27,4305,74.01,35.61,73,318610,319120
[Recv] <<< 23:c9:cc:4b:a0:3a,36004,-28,4306,74.00,35.61,34,318644,319154
[Recv] <<< 23:c9:cc:4b:a0:3a,36005,-28,4307,73.99,35.61,23,318667,319177
[Recv] <<< 23:c9:cc:4b:a0:3a,36006,-28,4308,73.98,35.61,34,318701,319211
[Recv] <<< 23:c9:cc:4b:a0:3a,36007,-28,4309,73.97,35.61,37,318738,319248
[Recv] <<< 23:c9:cc:4b:a0:3a,36008,-31,4310,73.96,35.61,42,318780,319290
[Recv] <<< 23:c9:cc:4b:a0:3a,36011,-31,4311,73.97,35.61,105,318885,319395
[Recv] <<< 23:c9:cc:4b:a0:3a,36012,-31,4312,73.96,35.61,29,318914,319424
[Recv] <<< 23:c9:cc:4b:a0:3a,36013,-31,4313,73.95,35.61,32,318946,319456
[Recv] <<< 23:c9:cc:4b:a0:3a,36016,-28,4314,73.95,35.61,94,319040,319550
[Recv] <<< 23:c9:cc:4b:a0:3a,36017,-28,4315,73.95,35.61,39,319079,319589
[Recv] <<< 23:c9:cc:4b:a0:3a,36018,-28,4316,73.94,35.61,31,319110,319620
[Recv] <<< 23:c9:cc:4b:a0:3a,36019,-28,4317,73.93,35.61,32,319142,319652
[Recv] <<< 23:c9:cc:4b:a0:3a,36020,-31,4318,73.92,35.61,45,319187,319697
[Recv] <<< 23:c9:cc:4b:a0:3a,36036,-28,4319,74.03,35.60,535,319722,320232
[Recv] <<< 23:c9:cc:4b:a0:3a,36037,-28,4320,74.02,35.60,33,319755,320265
[Recv] <<< 23:c9:cc:4b:a0:3a,36038,-28,4321,74.01,35.60,38,319793,320303
[Recv] <<< 23:c9:cc:4b:a0:3a,36039,-28,4322,74.00,35.60,32,319825,320335
[Recv] <<< 23:c9:cc:4b:a0:3a,36040,-28,4323,73.99,35.60,35,319860,320370
[Recv] <<< 23:c9:cc:4b:a0:3a,36041,-27,4324,73.98,35.60,34,319894,320404
[Recv] <<< 23:c9:cc:4b:a0:3a,36043,-37,4325,73.98,35.60,65,319959,320469
[Recv] <<< 23:c9:cc:4b:a0:3a,36044,-37,4326,73.97,35.60,33,319992,320502
[Recv] <<< 23:c9:cc:4b:a0:3a,36045,-31,4327,73.96,35.60,25,320017,320527
[Recv] <<< 23:c9:cc:4b:a0:3a,36046,-38,4328,73.95,35.60,41,320058,320568
[Recv] <<< 23:c9:cc:4b:a0:3a,36048,-30,4329,73.95,35.60,61,320119,320629
[Recv] <<< 23:c9:cc:4b:a0:3a,36049,-31,4330,73.94,35.60,33,320152,320662
[Recv] <<< 23:c9:cc:4b:a0:3a,36050,-31,4331,73.93,35.60,29,320181,320691
[Recv] <<< 23:c9:cc:4b:a0:3a,36052,-31,4332,73.93,35.60,66,320247,320757
[Recv] <<< 23:c9:cc:4b:a0:3a,36053,-31,4333,73.92,35.60,30,320277,320787
[Recv] <<< 23:c9:cc:4b:a0:3a,36054,-31,4334,73.91,35.60,33,320310,320820
[Recv] <<< 23:c9:cc:4b:a0:3a,36056,-31,4335,73.90,35.60,65,320375,320885
[Recv] <<< 23:c9:cc:4b:a0:3a,36058,-28,4336,73.90,35.60,68,320443,320953
[Recv] <<< 23:c9:cc:4b:a0:3a,36059,-28,4337,73.89,35.60,34,320477,320987
[Recv] <<< 23:c9:cc:4b:a0:3a,36060,-28,4338,73.88,35.60,33,320510,321020
[Recv] <<< 23:c9:cc:4b:a0:3a,36061,-27,4339,73.87,35.60,32,320542,321052
[Recv] <<< 23:c9:cc:4b:a0:3a,36065,-37,4340,73.89,35.59,125,320667,321177
[Recv] <<< 23:c9:cc:4b:a0:3a,36067,-31,4341,73.88,35.59,65,320732,321242
[Recv] <<< 23:c9:cc:4b:a0:3a,36069,-37,4342,73.88,35.59,72,320804,321314
[Recv] <<< 23:c9:cc:4b:a0:3a,36070,-31,4343,73.87,35.59,28,320832,321342
[Recv] <<< 23:c9:cc:4b:a0:3a,36071,-31,4344,73.87,35.59,38,320870,321380
[Recv] <<< 23:c9:cc:4b:a0:3a,36072,-31,4345,73.86,35.59,31,320901,321411
[Recv] <<< 23:c9:cc:4b:a0:3a,36073,-31,4346,73.85,35.59,38,320939,321449
[Recv] <<< 23:c9:cc:4b:a0:3a,36074,-31,4347,73.84,35.59,33,320972,321482
[Recv] <<< 23:c9:cc:4b:a0:3a,36075,-31,4348,73.83,35.59,29,321001,321511
[Recv] <<< 23:c9:cc:4b:a0:3a,36076,-28,4349,73.82,35.59,32,321033,321543
[Recv] <<< 23:c9:cc:4b:a0:3a,36077,-28,4350,73.81,35.59,38,321071,321581
[Recv] <<< 23:c9:cc:4b:a0:3a,36078,-28,4351,73.80,35.59,28,321099,321609
[Recv] <<< 23:c9:cc:4b:a0:3a,36079,-28,4352,73.79,35.59,31,321130,321640
[Recv] <<< 23:c9:cc:4b:a0:3a,36081,-28,4353,73.79,35.59,73,321203,321713
[Recv] <<< 23:c9:cc:4b:a0:3a,36083,-31,4354,73.79,35.59,78,321281,321791
[Recv] <<< 23:c9:cc:4b:a0:3a,36084,-28,4355,73.78,35.59,33,321314,321824
[Recv] <<< 23:c9:cc:4b:a0:3a,36085,-28,4356,73.77,35.59,27,321341,321851
[Recv] <<< 23:c9:cc:4b:a0:3a,36087,-28,4357,73.77,35.59,69,321410,321920
[Recv] <<< 23:c9:cc:4b:a0:3a,36097,-31,4358,73.83,35.59,327,321737,322247
[Recv] <<< 23:c9:cc:4b:a0:3a,36098,-31,4359,73.82,35.59,30,321767,322277
[Recv] <<< 23:c9:cc:4b:a0:3a,36099,-31,4360,73.81,35.59,35,321802,322312
[Recv] <<< 23:c9:cc:4b:a0:3a,36100,-31,4361,73.80,35.59,36,321838,322348
[Recv] <<< 23:c9:cc:4b:a0:3a,36101,-31,4362,73.79,35.59,33,321871,322381
[Recv] <<< 23:c9:cc:4b:a0:3a,36104,-31,4363,73.80,35.58,98,321969,322479
[Recv] <<< 23:c9:cc:4b:a0:3a,36146,-28,4364,74.10,35.57,1392,323361,323871
[Recv] <<< 23:c9:cc:4b:a0:3a,36147,-28,4365,74.09,35.57,32,323393,323903
[Recv] <<< 23:c9:cc:4b:a0:3a,36149,-37,4366,74.09,35.57,63,323456,323966
[Recv] <<< 23:c9:cc:4b:a0:3a,36150,-37,4367,74.08,35.57,32,323488,323998
[Recv] <<< 23:c9:cc:4b:a0:3a,36153,-37,4368,74.08,35.57,102,323590,324100
[Recv] <<< 23:c9:cc:4b:a0:3a,36154,-37,4369,74.07,35.57,31,323621,324131
[Recv] <<< 23:c9:cc:4b:a0:3a,36167,-38,4370,74.16,35.57,448,324069,324579
[Recv] <<< 23:c9:cc:4b:a0:3a,36168,-37,4371,74.15,35.57,32,324101,324611
[Recv] <<< 23:c9:cc:4b:a0:3a,36169,-37,4372,74.14,35.57,32,324133,324643
[Recv] <<< 23:c9:cc:4b:a0:3a,36170,-37,4373,74.13,35.57,33,324166,324676
[Recv] <<< 23:c9:cc:4b:a0:3a,36171,-37,4374,74.12,35.57,33,324199,324709
[Recv] <<< 23:c9:cc:4b:a0:3a,36172,-31,4375,74.11,35.57,33,324232,324742
[Recv] <<< 23:c9:cc:4b:a0:3a,36173,-38,4376,74.10,35.57,40,324272,324782
[Recv] <<< 23:c9:cc:4b:a0:3a,36174,-37,4377,74.09,35.57,38,324310,324820
[Recv] <<< 23:c9:cc:4b:a0:3a,36175,-28,4378,74.09,35.57,38,324348,324858
[Recv] <<< 23:c9:cc:4b:a0:3a,36177,-27,4379,74.09,35.57,71,324419,324929
[Recv] <<< 23:c9:cc:4b:a0:3a,36179,-28,4380,74.08,35.57,66,324485,324995
[Recv] <<< 23:c9:cc:4b:a0:3a,36180,-28,4381,74.07,35.57,33,324518,325028
[Recv] <<< 23:c9:cc:4b:a0:3a,36181,-37,4382,74.06,35.57,29,324547,325057
[Recv] <<< 23:c9:cc:4b:a0:3a,36182,-37,4383,74.05,35.57,24,324571,325081
[Recv] <<< 23:c9:cc:4b:a0:3a,36183,-38,4384,74.04,35.57,40,324611,325121
[Recv] <<< 23:c9:cc:4b:a0:3a,36184,-38,4385,74.04,35.57,37,324648,325158
[Recv] <<< 23:c9:cc:4b:a0:3a,36185,-37,4386,74.03,35.57,37,324685,325195
[Recv] <<< 23:c9:cc:4b:a0:3a,36192,-37,4387,74.07,35.57,243,324928,325438
[Recv] <<< 23:c9:cc:4b:a0:3a,36195,-37,4388,74.07,35.56,97,325025,325535
[Recv] <<< 23:c9:cc:4b:a0:3a,36196,-37,4389,74.06,35.57,41,325066,325576
[Recv] <<< 23:c9:cc:4b:a0:3a,36199,-37,4390,74.07,35.56,101,325167,325677
[Recv] <<< 23:c9:cc:4b:a0:3a,36200,-37,4391,74.06,35.56,35,325202,325712
[Recv] <<< 23:c9:cc:4b:a0:3a,36201,-37,4392,74.05,35.56,34,325236,325746
[Recv] <<< 23:c9:cc:4b:a0:3a,36202,-37,4393,74.04,35.56,39,325275,325785
[Recv] <<< 23:c9:cc:4b:a0:3a,36203,-38,4394,74.04,35.57,39,325314,325824
[Recv] <<< 23:c9:cc:4b:a0:3a,36208,-28,4395,74.06,35.56,174,325488,325998
[Recv] <<< 23:c9:cc:4b:a0:3a,36209,-28,4396,74.05,35.56,36,325524,326034
[Recv] <<< 23:c9:cc:4b:a0:3a,36210,-28,4397,74.04,35.57,43,325567,326077
[Recv] <<< 23:c9:cc:4b:a0:3a,36211,-31,4398,74.04,35.57,41,325608,326118
[Recv] <<< 23:c9:cc:4b:a0:3a,36212,-37,4399,74.03,35.57,34,325642,326152
[Recv] <<< 23:c9:cc:4b:a0:3a,36213,-37,4400,74.02,35.57,42,325684,326194
[Recv] <<< 23:c9:cc:4b:a0:3a,36214,-37,4401,74.01,35.57,37,325721,326231
[Recv] <<< 23:c9:cc:4b:a0:3a,36215,-37,4402,74.00,35.57,32,325753,326263
[Recv] <<< 23:c9:cc:4b:a0:3a,36216,-37,4403,73.99,35.57,33,325786,326296
[Recv] <<< 23:c9:cc:4b:a0:3a,36217,-37,4404,73.98,35.57,32,325818,326328
[Recv] <<< 23:c9:cc:4b:a0:3a,36218,-37,4405,73.97,35.57,37,325855,326365
[Recv] <<< 23:c9:cc:4b:a0:3a,36220,-31,4406,73.97,35.56,60,325915,326425
[Recv] <<< 23:c9:cc:4b:a0:3a,36221,-31,4407,73.96,35.56,33,325948,326458
[Recv] <<< 23:c9:cc:4b:a0:3a,36222,-31,4408,73.95,35.56,27,325975,326485
[Recv] <<< 23:c9:cc:4b:a0:3a,36223,-28,4409,73.94,35.56,35,326010,326520
[Recv] <<< 23:c9:cc:4b:a0:3a,36224,-27,4410,73.93,35.56,38,326048,326558
[Recv] <<< 23:c9:cc:4b:a0:3a,36225,-27,4411,73.92,35.56,30,326078,326588
[Recv] <<< 23:c9:cc:4b:a0:3a,36226,-28,4412,73.91,35.56,32,326110,326620
[Recv] <<< 23:c9:cc:4b:a0:3a,36228,-28,4413,73.91,35.56,73,326183,326693
[Recv] <<< 23:c9:cc:4b:a0:3a,36229,-27,4414,73.91,35.56,38,326221,326731
[Recv] <<< 23:c9:cc:4b:a0:3a,36230,-27,4415,73.90,35.56,32,326253,326763
[Recv] <<< 23:c9:cc:4b:a0:3a,36231,-28,4416,73.89,35.56,33,326286,326796
[Recv] <<< 23:c9:cc:4b:a0:3a,36232,-28,4417,73.88,35.56,30,326316,326826
[Recv] <<< 23:c9:cc:4b:a0:3a,36233,-28,4418,73.87,35.56,34,326350,326860
[Recv] <<< 23:c9:cc:4b:a0:3a,36235,-37,4419,73.87,35.56,72,326422,326932
[Recv] <<< 23:c9:cc:4b:a0:3a,36236,-38,4420,73.86,35.56,29,326451,326961
[Recv] <<< 23:c9:cc:4b:a0:3a,36237,-31,4421,73.85,35.56,35,326486,326996
[Recv] <<< 23:c9:cc:4b:a0:3a,36238,-31,4422,73.84,35.56,32,326518,327028
[Recv] <<< 23:c9:cc:4b:a0:3a,36239,-31,4423,73.83,35.56,32,326550,327060
[Recv] <<< 23:c9:cc:4b:a0:3a,36240,-31,4424,73.82,35.56,34,326584,327094
[Recv] <<< 23:c9:cc:4b:a0:3a,36241,-31,4425,73.81,35.56,36,326620,327130
[Recv] <<< 23:c9:cc:4b:a0:3a,36242,-30,4426,73.80,35.56,30,326650,327160
[Recv] <<< 23:c9:cc:4b:a0:3a,36243,-30,4427,73.79,35.56,27,326677,327187
[Recv] <<< 23:c9:cc:4b:a0:3a,36244,-28,4428,73.78,35.56,31,326708,327218
[Recv] <<< 23:c9:cc:4b:a0:3a,36246,-38,4429,73.78,35.56,84,326792,327302
[Recv] <<< 23:c9:cc:4b:a0:3a,36247,-31,4430,73.77,35.56,26,326818,327328
[Recv] <<< 23:c9:cc:4b:a0:3a,36248,-31,4431,73.76,35.56,34,326852,327362
[Recv] <<< 23:c9:cc:4b:a0:3a,36249,-31,4432,73.76,35.56,38,326890,327400
[Recv] <<< 23:c9:cc:4b:a0:3a,36250,-31,4433,73.75,35.56,26,326916,327426
[Recv] <<< 23:c9:cc:4b:a0:3a,36251,-31,4434,73.74,35.56,39,326955,327465
[Recv] <<< 23:c9:cc:4b:a0:3a,36252,-31,4435,73.73,35.56,33,326988,327498
[Recv] <<< 23:c9:cc:4b:a0:3a,36253,-31,4436,73.72,35.56,34,327022,327532
[Recv] <<< 23:c9:cc:4b:a0:3a,36254,-28,4437,73.71,35.56,32,327054,327564
[Recv] <<< 23:c9:cc:4b:a0:3a,36255,-28,4438,73.70,35.56,26,327080,327590
[Recv] <<< 23:c9:cc:4b:a0:3a,36256,-27,4439,73.69,35.56,43,327123,327633
[Recv] <<< 23:c9:cc:4b:a0:3a,36259,-37,4440,73.70,35.56,97,327220,327730
[Recv] <<< 23:c9:cc:4b:a0:3a,36263,-31,4441,73.71,35.55,127,327347,327857
[Recv] <<< 23:c9:cc:4b:a0:3a,36265,-31,4442,73.71,35.55,58,327405,327915
[Recv] <<< 23:c9:cc:4b:a0:3a,36266,-31,4443,73.70,35.55,36,327441,327951
[Recv] <<< 23:c9:cc:4b:a0:3a,36267,-31,4444,73.69,35.55,36,327477,327987
[Recv] <<< 23:c9:cc:4b:a0:3a,36268,-31,4445,73.68,35.55,31,327508,328018
[Recv] <<< 23:c9:cc:4b:a0:3a,36270,-31,4446,73.68,35.55,78,327586,328096
[Recv] <<< 23:c9:cc:4b:a0:3a,36271,-31,4447,73.67,35.55,33,327619,328129
[Recv] <<< 23:c9:cc:4b:a0:3a,36272,-38,4448,73.66,35.55,42,327661,328171
[Recv] <<< 23:c9:cc:4b:a0:3a,36273,-37,4449,73.66,35.55,34,327695,328205
[Recv] <<< 23:c9:cc:4b:a0:3a,36274,-37,4450,73.65,35.55,32,327727,328237
[Recv] <<< 23:c9:cc:4b:a0:3a,36281,-37,4451,73.69,35.55,245,327972,328482
[Recv] <<< 23:c9:cc:4b:a0:3a,36282,-31,4452,73.68,35.55,32,328004,328514
[Recv] <<< 23:c9:cc:4b:a0:3a,36284,-37,4453,73.68,35.55,81,328085,328595
[Recv] <<< 23:c9:cc:4b:a0:3a,36285,-38,4454,73.67,35.55,26,328111,328621
[Recv] <<< 23:c9:cc:4b:a0:3a,36286,-37,4455,73.66,35.55,43,328154,328664
[Recv] <<< 23:c9:cc:4b:a0:3a,36287,-38,4456,73.65,35.55,26,328180,328690
[Recv] <<< 23:c9:cc:4b:a0:3a,36288,-31,4457,73.64,35.55,32,328212,328722
[Recv] <<< 23:c9:cc:4b:a0:3a,36289,-31,4458,73.63,35.55,42,328254,328764
[Recv] <<< 23:c9:cc:4b:a0:3a,36290,-31,4459,73.62,35.55,33,328287,328797
[Recv] <<< 23:c9:cc:4b:a0:3a,36291,-31,4460,73.61,35.55,35,328322,328832
[Recv] <<< 23:c9:cc:4b:a0:3a,36292,-31,4461,73.61,35.55,33,328355,328865
[Recv] <<< 23:c9:cc:4b:a0:3a,36293,-31,4462,73.60,35.55,31,328386,328896
[Recv] <<< 23:c9:cc:4b:a0:3a,36297,-28,4463,73.61,35.55,123,328509,329019
[Recv] <<< 23:c9:cc:4b:a0:3a,36298,-28,4464,73.60,35.55,37,328546,329056
[Recv] <<< 23:c9:cc:4b:a0:3a,36300,-28,4465,73.60,35.55,71,328617,329127
[Recv] <<< 23:c9:cc:4b:a0:3a,36301,-28,4466,73.59,35.55,41,328658,329168
[Recv] <<< 23:c9:cc:4b:a0:3a,36303,-31,4467,73.59,35.55,73,328731,329241
[Recv] <<< 23:c9:cc:4b:a0:3a,36305,-31,4468,73.59,35.55,67,328798,329308
[Recv] <<< 23:c9:cc:4b:a0:3a,36306,-31,4469,73.58,35.55,38,328836,329346
[Recv] <<< 23:c9:cc:4b:a0:3a,36307,-31,4470,73.57,35.55,32,328868,329378
[Recv] <<< 23:c9:cc:4b:a0:3a,36308,-31,4471,73.56,35.55,30,328898,329408
[Recv] <<< 23:c9:cc:4b:a0:3a,36309,-31,4472,73.55,35.55,35,328933,329443
[Recv] <<< 23:c9:cc:4b:a0:3a,36311,-31,4473,73.55,35.55,64,328997,329507
[Recv] <<< 23:c9:cc:4b:a0:3a,36312,-38,4474,73.55,35.55,44,329041,329551
[Recv] <<< 23:c9:cc:4b:a0:3a,36313,-37,4475,73.53,35.55,25,329066,329576
[Recv] <<< 23:c9:cc:4b:a0:3a,36314,-31,4476,73.53,35.55,38,329104,329614
[Recv] <<< 23:c9:cc:4b:a0:3a,36317,-28,4477,73.53,35.55,98,329202,329712
[Recv] <<< 23:c9:cc:4b:a0:3a,36318,-27,4478,73.52,35.55,30,329232,329742
[Recv] <<< 23:c9:cc:4b:a0:3a,36319,-28,4479,73.51,35.55,37,329269,329779
[Recv] <<< 23:c9:cc:4b:a0:3a,36320,-28,4480,73.51,35.55,37,329306,329816
[Recv] <<< 23:c9:cc:4b:a0:3a,36321,-28,4481,73.49,35.55,25,329331,329841
[Recv] <<< 23:c9:cc:4b:a0:3a,36322,-28,4482,73.49,35.55,34,329365,329875
[Recv] <<< 23:c9:cc:4b:a0:3a,36323,-28,4483,73.48,35.55,38,329403,329913
[Recv] <<< 23:c9:cc:4b:a0:3a,36324,-28,4484,73.47,35.55,36,329439,329949
[Recv] <<< 23:c9:cc:4b:a0:3a,36325,-28,4485,73.46,35.55,42,329481,329991
[Recv] <<< 23:c9:cc:4b:a0:3a,36326,-28,4486,73.45,35.55,37,329518,330028
[Recv] <<< 23:c9:cc:4b:a0:3a,36328,-28,4487,73.45,35.55,74,329592,330102
[Recv] <<< 23:c9:cc:4b:a0:3a,36333,-37,4488,73.47,35.55,162,329754,330264
[Recv] <<< 23:c9:cc:4b:a0:3a,36334,-38,4489,73.47,35.55,35,329789,330299
[Recv] <<< 23:c9:cc:4b:a0:3a,36335,-37,4490,73.46,35.55,38,329827,330337
[Recv] <<< 23:c9:cc:4b:a0:3a,36336,-28,4491,73.45,35.55,44,329871,330381
[Recv] <<< 23:c9:cc:4b:a0:3a,36337,-28,4492,73.44,35.55,27,329898,330408
[Recv] <<< 23:c9:cc:4b:a0:3a,36338,-28,4493,73.43,35.55,34,329932,330442
[Recv] <<< 23:c9:cc:4b:a0:3a,36339,-31,4494,73.42,35.55,39,329971,330481
[Recv] <<< 23:c9:cc:4b:a0:3a,36343,-31,4495,73.44,35.55,141,330112,330622
[Recv] <<< 23:c9:cc:4b:a0:3a,36344,-31,4496,73.43,35.55,32,330144,330654
[Recv] <<< 23:c9:cc:4b:a0:3a,36352,-28,4497,73.48,35.55,301,330445,330955
[Recv] <<< 23:c9:cc:4b:a0:3a,36355,-28,4498,73.49,35.55,104,330549,331059
[Recv] <<< 23:c9:cc:4b:a0:3a,36356,-28,4499,73.48,35.55,37,330586,331096
[Recv] <<< 23:c9:cc:4b:a0:3a,36357,-31,4500,73.47,35.55,45,330631,331141
[Recv] <<< 23:c9:cc:4b:a0:3a,36359,-38,4501,73.48,35.55,80,330711,331221
[Recv] <<< 23:c9:cc:4b:a0:3a,36363,-31,4502,73.49,35.55,133,330844,331354
[Recv] <<< 23:c9:cc:4b:a0:3a,36364,-31,4503,73.48,35.55,37,330881,331391
[Recv] <<< 23:c9:cc:4b:a0:3a,36365,-31,4504,73.47,35.55,25,330906,331416
[Recv] <<< 23:c9:cc:4b:a0:3a,36366,-31,4505,73.46,35.55,37,330943,331453
[Recv] <<< 23:c9:cc:4b:a0:3a,36367,-28,4506,73.45,35.55,28,330971,331481
[Recv] <<< 23:c9:cc:4b:a0:3a,36368,-27,4507,73.44,35.55,37,331008,331518
[Recv] <<< 23:c9:cc:4b:a0:3a,36369,-28,4508,73.44,35.55,37,331045,331555
[Recv] <<< 23:c9:cc:4b:a0:3a,36370,-28,4509,73.43,35.55,31,331076,331586
[Recv] <<< 23:c9:cc:4b:a0:3a,36371,-27,4510,73.42,35.55,36,331112,331622
[Recv] <<< 23:c9:cc:4b:a0:3a,36372,-28,4511,73.41,35.55,35,331147,331657
[Recv] <<< 23:c9:cc:4b:a0:3a,36373,-28,4512,73.40,35.55,33,331180,331690
[Recv] <<< 23:c9:cc:4b:a0:3a,36374,-28,4513,73.39,35.55,39,331219,331729
[Recv] <<< 23:c9:cc:4b:a0:3a,36375,-28,4514,73.38,35.55,28,331247,331757
[Recv] <<< 23:c9:cc:4b:a0:3a,36376,-28,4515,73.37,35.54,32,331279,331789
[Recv] <<< 23:c9:cc:4b:a0:3a,36379,-37,4516,73.38,35.54,99,331378,331888
[Recv] <<< 23:c9:cc:4b:a0:3a,36380,-37,4517,73.37,35.54,30,331408,331918
[Recv] <<< 23:c9:cc:4b:a0:3a,36381,-37,4518,73.36,35.54,45,331453,331963
[Recv] <<< 23:c9:cc:4b:a0:3a,36382,-38,4519,73.35,35.54,29,331482,331992
[Recv] <<< 23:c9:cc:4b:a0:3a,36383,-37,4520,73.34,35.54,32,331514,332024
[Recv] <<< 23:c9:cc:4b:a0:3a,36384,-37,4521,73.34,35.54,37,331551,332061
[Recv] <<< 23:c9:cc:4b:a0:3a,36385,-37,4522,73.33,35.54,30,331581,332091
[Recv] <<< 23:c9:cc:4b:a0:3a,36386,-38,4523,73.32,35.54,37,331618,332128
[Recv] <<< 23:c9:cc:4b:a0:3a,36401,-37,4524,73.42,35.54,521,332139,332649
[Recv] <<< 23:c9:cc:4b:a0:3a,36408,-27,4525,73.46,35.54,256,332395,332905
[Recv] <<< 23:c9:cc:4b:a0:3a,36409,-28,4526,73.45,35.54,31,332426,332936
[Recv] <<< 23:c9:cc:4b:a0:3a,36410,-28,4527,73.44,35.54,31,332457,332967
[Recv] <<< 23:c9:cc:4b:a0:3a,36440,-30,4528,73.65,35.54,1039,333496,334006
[Recv] <<< 23:c9:cc:4b:a0:3a,36443,-37,4529,73.66,35.54,113,333609,334119
[Recv] <<< 23:c9:cc:4b:a0:3a,36444,-37,4530,73.65,35.54,30,333639,334149
[Recv] <<< 23:c9:cc:4b:a0:3a,36446,-31,4531,73.65,35.54,73,333712,334222
[Recv] <<< 23:c9:cc:4b:a0:3a,36448,-31,4532,73.65,35.54,68,333780,334290
[Recv] <<< 23:c9:cc:4b:a0:3a,36465,-31,4533,73.76,35.54,594,334374,334884
[Recv] <<< 23:c9:cc:4b:a0:3a,36468,-28,4534,73.77,35.54,101,334475,334985
[Recv] <<< 23:c9:cc:4b:a0:3a,36469,-28,4535,73.76,35.54,30,334505,335015
[Recv] <<< 23:c9:cc:4b:a0:3a,36477,-31,4536,73.82,35.54,320,334825,335335
[Recv] <<< 23:c9:cc:4b:a0:3a,36480,-28,4537,73.83,35.54,126,334951,335461
[Recv] <<< 23:c9:cc:4b:a0:3a,36481,-28,4538,73.82,35.54,25,334976,335486
[Recv] <<< 23:c9:cc:4b:a0:3a,36482,-31,4539,73.81,35.54,49,335025,335535
[Recv] <<< 23:c9:cc:4b:a0:3a,36483,-37,4540,73.80,35.54,43,335068,335578
[Recv] <<< 23:c9:cc:4b:a0:3a,36493,-31,4541,73.87,35.55,385,335453,335963
[Recv] <<< 23:c9:cc:4b:a0:3a,36494,-37,4542,73.86,35.55,40,335493,336003
[Recv] <<< 23:c9:cc:4b:a0:3a,36495,-37,4543,73.86,35.55,42,335535,336045
[Recv] <<< 23:c9:cc:4b:a0:3a,36496,-28,4544,73.85,35.55,35,335570,336080
[Recv] <<< 23:c9:cc:4b:a0:3a,36497,-28,4545,73.84,35.55,42,335612,336122
[Recv] <<< 23:c9:cc:4b:a0:3a,36498,-31,4546,73.83,35.55,38,335650,336160
[Recv] <<< 23:c9:cc:4b:a0:3a,36503,-28,4547,73.86,35.55,200,335850,336360
[Recv] <<< 23:c9:cc:4b:a0:3a,36504,-28,4548,73.85,35.55,42,335892,336402
[Recv] <<< 23:c9:cc:4b:a0:3a,36505,-28,4549,73.85,35.55,37,335929,336439
[Recv] <<< 23:c9:cc:4b:a0:3a,36506,-31,4550,73.84,35.55,49,335978,336488
[Recv] <<< 23:c9:cc:4b:a0:3a,36508,-28,4551,73.84,35.55,87,336065,336575
[Recv] <<< 23:c9:cc:4b:a0:3a,36509,-28,4552,73.84,35.55,35,336100,336610
[Recv] <<< 23:c9:cc:4b:a0:3a,36510,-31,4553,73.83,35.56,42,336142,336652
[Recv] <<< 23:c9:cc:4b:a0:3a,36512,-37,4554,73.83,35.56,82,336224,336734
[Recv] <<< 23:c9:cc:4b:a0:3a,36524,-37,4555,73.92,35.56,498,336722,337232
[Recv] <<< 23:c9:cc:4b:a0:3a,36525,-28,4556,73.92,35.57,45,336767,337277
[Recv] <<< 23:c9:cc:4b:a0:3a,36526,-31,4557,73.91,35.57,34,336801,337311
[Recv] <<< 23:c9:cc:4b:a0:3a,36528,-37,4558,73.91,35.57,92,336893,337403
[Recv] <<< 23:c9:cc:4b:a0:3a,36529,-28,4559,73.91,35.57,45,336938,337448
[Recv] <<< 23:c9:cc:4b:a0:3a,36531,-31,4560,73.91,35.57,80,337018,337528
[Recv] <<< 23:c9:cc:4b:a0:3a,36533,-37,4561,73.91,35.57,89,337107,337617
[Recv] <<< 23:c9:cc:4b:a0:3a,36534,-28,4562,73.90,35.57,42,337149,337659
[Recv] <<< 23:c9:cc:4b:a0:3a,36536,-31,4563,73.91,35.57,87,337236,337746
[Recv] <<< 23:c9:cc:4b:a0:3a,36537,-37,4564,73.90,35.57,44,337280,337790
[Recv] <<< 23:c9:cc:4b:a0:3a,36538,-28,4565,73.89,35.57,40,337320,337830
[Recv] <<< 23:c9:cc:4b:a0:3a,36540,-31,4566,73.90,35.58,88,337408,337918
[Recv] <<< 23:c9:cc:4b:a0:3a,36541,-37,4567,73.89,35.58,37,337445,337955
[Recv] <<< 23:c9:cc:4b:a0:3a,36543,-28,4568,73.89,35.58,90,337535,338045
[Recv] <<< 23:c9:cc:4b:a0:3a,36544,-28,4569,73.88,35.58,40,337575,338085
[Recv] <<< 23:c9:cc:4b:a0:3a,36545,-31,4570,73.88,35.58,40,337615,338125
[Recv] <<< 23:c9:cc:4b:a0:3a,36546,-31,4571,73.87,35.58,45,337660,338170
[Recv] <<< 23:c9:cc:4b:a0:3a,36547,-38,4572,73.86,35.58,41,337701,338211
[Recv] <<< 23:c9:cc:4b:a0:3a,36548,-28,4573,73.86,35.58,43,337744,338254
[Recv] <<< 23:c9:cc:4b:a0:3a,36549,-28,4574,73.85,35.58,49,337793,338303
[Recv] <<< 23:c9:cc:4b:a0:3a,36550,-31,4575,73.84,35.58,44,337837,338347
[Recv] <<< 23:c9:cc:4b:a0:3a,36553,-38,4576,73.85,35.59,120,337957,338467
[Recv] <<< 23:c9:cc:4b:a0:3a,36554,-28,4577,73.85,35.59,43,338000,338510
[Recv] <<< 23:c9:cc:4b:a0:3a,36555,-28,4578,73.84,35.59,49,338049,338559
[Recv] <<< 23:c9:cc:4b:a0:3a,36556,-31,4579,73.84,35.59,43,338092,338602
[Recv] <<< 23:c9:cc:4b:a0:3a,36557,-37,4580,73.83,35.59,38,338130,338640
[Recv] <<< 23:c9:cc:4b:a0:3a,36560,-31,4581,73.84,35.59,124,338254,338764
[Recv] <<< 23:c9:cc:4b:a0:3a,36561,-38,4582,73.83,35.59,50,338304,338814
[Recv] <<< 23:c9:cc:4b:a0:3a,36562,-28,4583,73.82,35.59,35,338339,338849
[Recv] <<< 23:c9:cc:4b:a0:3a,36563,-28,4584,73.82,35.59,46,338385,338895
[Recv] <<< 23:c9:cc:4b:a0:3a,36564,-31,4585,73.81,35.59,43,338428,338938
[Recv] <<< 23:c9:cc:4b:a0:3a,36570,-31,4586,73.85,35.60,249,338677,339187
[Recv] <<< 23:c9:cc:4b:a0:3a,36578,-31,4587,73.91,35.60,343,339020,339530
[Recv] <<< 23:c9:cc:4b:a0:3a,36579,-31,4588,73.90,35.60,42,339062,339572
[Recv] <<< 23:c9:cc:4b:a0:3a,36580,-37,4589,73.89,35.61,42,339104,339614
[Recv] <<< 23:c9:cc:4b:a0:3a,36582,-28,4590,73.90,35.61,91,339195,339705
[Recv] <<< 23:c9:cc:4b:a0:3a,36585,-31,4591,73.91,35.61,121,339316,339826
[Recv] <<< 23:c9:cc:4b:a0:3a,36591,-31,4592,73.95,35.61,259,339575,340085
[Recv] <<< 23:c9:cc:4b:a0:3a,36592,-37,4593,73.94,35.61,33,339608,340118
[Recv] <<< 23:c9:cc:4b:a0:3a,36596,-31,4594,73.96,35.62,172,339780,340290
[Recv] <<< 23:c9:cc:4b:a0:3a,36598,-37,4595,73.96,35.62,77,339857,340367
[Recv] <<< 23:c9:cc:4b:a0:3a,36599,-37,4596,73.96,35.62,50,339907,340417
[Recv] <<< 23:c9:cc:4b:a0:3a,36600,-28,4597,73.95,35.62,36,339943,340453
[Recv] <<< 23:c9:cc:4b:a0:3a,36601,-28,4598,73.94,35.62,48,339991,340501
[Recv] <<< 23:c9:cc:4b:a0:3a,36602,-28,4599,73.94,35.62,37,340028,340538
[Recv] <<< 23:c9:cc:4b:a0:3a,36603,-31,4600,73.93,35.62,49,340077,340587
[Recv] <<< 23:c9:cc:4b:a0:3a,36604,-37,4601,73.92,35.62,43,340120,340630
[Recv] <<< 23:c9:cc:4b:a0:3a,36605,-37,4602,73.92,35.62,38,340158,340668
[Recv] <<< 23:c9:cc:4b:a0:3a,36611,-37,4603,73.95,35.63,251,340409,340919
[Recv] <<< 23:c9:cc:4b:a0:3a,36612,-28,4604,73.95,35.63,45,340454,340964
[Recv] <<< 23:c9:cc:4b:a0:3a,36613,-31,4605,73.94,35.63,38,340492,341002
[Recv] <<< 23:c9:cc:4b:a0:3a,36615,-38,4606,73.94,35.63,88,340580,341090
[Recv] <<< 23:c9:cc:4b:a0:3a,36616,-28,4607,73.94,35.63,42,340622,341132
[Recv] <<< 23:c9:cc:4b:a0:3a,36620,-37,4608,73.96,35.63,171,340793,341303
[Recv] <<< 23:c9:cc:4b:a0:3a,36621,-37,4609,73.95,35.63,36,340829,341339
[Recv] <<< 23:c9:cc:4b:a0:3a,36623,-28,4610,73.95,35.63,87,340916,341426
[Recv] <<< 23:c9:cc:4b:a0:3a,36625,-31,4611,73.95,35.64,77,340993,341503
[Recv] <<< 23:c9:cc:4b:a0:3a,36626,-31,4612,73.95,35.64,51,341044,341554
[Recv] <<< 23:c9:cc:4b:a0:3a,36627,-38,4613,73.94,35.64,34,341078,341588
[Recv] <<< 23:c9:cc:4b:a0:3a,36629,-28,4614,73.94,35.64,85,341163,341673
[Recv] <<< 23:c9:cc:4b:a0:3a,36630,-28,4615,73.93,35.64,41,341204,341714
[Recv] <<< 23:c9:cc:4b:a0:3a,36631,-31,4616,73.93,35.64,44,341248,341758
[Recv] <<< 23:c9:cc:4b:a0:3a,36632,-40,4617,73.92,35.64,38,341286,341796
[Recv] <<< 23:c9:cc:4b:a0:3a,36634,-28,4618,73.92,35.64,87,341373,341883
[Recv] <<< 23:c9:cc:4b:a0:3a,36635,-28,4619,73.91,35.64,40,341413,341923
[Recv] <<< 23:c9:cc:4b:a0:3a,36636,-31,4620,73.91,35.64,45,341458,341968
[Recv] <<< 23:c9:cc:4b:a0:3a,36639,-37,4621,73.92,35.64,118,341576,342086
[Recv] <<< 23:c9:cc:4b:a0:3a,36640,-28,4622,73.91,35.64,45,341621,342131
[Recv] <<< 23:c9:cc:4b:a0:3a,36642,-31,4623,73.91,35.65,80,341701,342211
[Recv] <<< 23:c9:cc:4b:a0:3a,36644,-38,4624,73.92,35.65,83,341784,342294
[Recv] <<< 23:c9:cc:4b:a0:3a,36645,-28,4625,73.91,35.65,37,341821,342331
[Recv] <<< 23:c9:cc:4b:a0:3a,36647,-30,4626,73.91,35.65,91,341912,342422
[Recv] <<< 23:c9:cc:4b:a0:3a,36651,-30,4627,73.93,35.65,160,342072,342582
[Recv] <<< 23:c9:cc:4b:a0:3a,36652,-37,4628,73.92,35.65,46,342118,342628
[Recv] <<< 23:c9:cc:4b:a0:3a,36653,-37,4629,73.92,35.65,39,342157,342667
[Recv] <<< 23:c9:cc:4b:a0:3a,36654,-28,4630,73.91,35.65,41,342198,342708
[Recv] <<< 23:c9:cc:4b:a0:3a,36655,-31,4631,73.90,35.65,46,342244,342754
[Recv] <<< 23:c9:cc:4b:a0:3a,36656,-30,4632,73.89,35.65,35,342279,342789
[Recv] <<< 23:c9:cc:4b:a0:3a,36657,-37,4633,73.89,35.65,43,342322,342832
[Recv] <<< 23:c9:cc:4b:a0:3a,36658,-37,4634,73.88,35.66,43,342365,342875
[Recv] <<< 23:c9:cc:4b:a0:3a,36666,-30,4635,73.94,35.66,331,342696,343206
[Recv] <<< 23:c9:cc:4b:a0:3a,36667,-31,4636,73.93,35.66,45,342741,343251
[Recv] <<< 23:c9:cc:4b:a0:3a,36669,-38,4637,73.93,35.66,82,342823,343333
[Recv] <<< 23:c9:cc:4b:a0:3a,36670,-28,4638,73.92,35.66,39,342862,343372
[Recv] <<< 23:c9:cc:4b:a0:3a,36671,-28,4639,73.92,35.66,44,342906,343416
[Recv] <<< 23:c9:cc:4b:a0:3a,36672,-31,4640,73.91,35.66,36,342942,343452
[Recv] <<< 23:c9:cc:4b:a0:3a,36673,-31,4641,73.90,35.66,44,342986,343496
[Recv] <<< 23:c9:cc:4b:a0:3a,36675,-38,4642,73.91,35.67,85,343071,343581
[Recv] <<< 23:c9:cc:4b:a0:3a,36676,-28,4643,73.90,35.67,42,343113,343623
[Recv] <<< 23:c9:cc:4b:a0:3a,36677,-28,4644,73.89,35.67,41,343154,343664
[Recv] <<< 23:c9:cc:4b:a0:3a,36688,-30,4645,73.97,35.67,444,343598,344108
[Recv] <<< 23:c9:cc:4b:a0:3a,36690,-40,4646,73.97,35.67,86,343684,344194
[Recv] <<< 23:c9:cc:4b:a0:3a,36691,-37,4647,73.97,35.67,38,343722,344232
[Recv] <<< 23:c9:cc:4b:a0:3a,36693,-28,4648,73.97,35.68,82,343804,344314
[Recv] <<< 23:c9:cc:4b:a0:3a,36694,-31,4649,73.96,35.68,42,343846,344356
[Recv] <<< 23:c9:cc:4b:a0:3a,36696,-38,4650,73.96,35.68,72,343918,344428
[Recv] <<< 23:c9:cc:4b:a0:3a,36697,-28,4651,73.95,35.68,45,343963,344473
[Recv] <<< 23:c9:cc:4b:a0:3a,36698,-31,4652,73.95,35.68,47,344010,344520
[Recv] <<< 23:c9:cc:4b:a0:3a,36700,-40,4653,73.95,35.68,77,344087,344597
[Recv] <<< 23:c9:cc:4b:a0:3a,36701,-28,4654,73.94,35.68,45,344132,344642
[Recv] <<< 23:c9:cc:4b:a0:3a,36704,-30,4655,73.95,35.68,120,344252,344762
[Recv] <<< 23:c9:cc:4b:a0:3a,36705,-30,4656,73.95,35.68,36,344288,344798
[Recv] <<< 23:c9:cc:4b:a0:3a,36706,-37,4657,73.94,35.68,45,344333,344843
[Recv] <<< 23:c9:cc:4b:a0:3a,36707,-37,4658,73.93,35.68,37,344370,344880
[Recv] <<< 23:c9:cc:4b:a0:3a,36708,-27,4659,73.92,35.68,45,344415,344925
[Recv] <<< 23:c9:cc:4b:a0:3a,36709,-30,4660,73.92,35.68,44,344459,344969
[Recv] <<< 23:c9:cc:4b:a0:3a,36714,-31,4661,73.95,35.69,207,344666,345176
[Recv] <<< 23:c9:cc:4b:a0:3a,36715,-30,4662,73.94,35.69,41,344707,345217
[Recv] <<< 23:c9:cc:4b:a0:3a,36716,-37,4663,73.93,35.69,45,344752,345262
[Recv] <<< 23:c9:cc:4b:a0:3a,36717,-27,4664,73.93,35.69,48,344800,345310
[Recv] <<< 23:c9:cc:4b:a0:3a,36718,-28,4665,73.92,35.69,38,344838,345348
[Recv] <<< 23:c9:cc:4b:a0:3a,36719,-31,4666,73.91,35.69,35,344873,345383
[Recv] <<< 23:c9:cc:4b:a0:3a,36720,-31,4667,73.90,35.69,37,344910,345420
[Recv] <<< 23:c9:cc:4b:a0:3a,36721,-37,4668,73.90,35.69,44,344954,345464
[Recv] <<< 23:c9:cc:4b:a0:3a,36722,-28,4669,73.89,35.69,40,344994,345504
[Recv] <<< 23:c9:cc:4b:a0:3a,36725,-31,4670,73.90,35.69,127,345121,345631
[Recv] <<< 23:c9:cc:4b:a0:3a,36728,-27,4671,73.91,35.70,125,345246,345756
[Recv] <<< 23:c9:cc:4b:a0:3a,36731,-37,4672,73.92,35.70,121,345367,345877
[Recv] <<< 23:c9:cc:4b:a0:3a,36732,-37,4673,73.92,35.70,41,345408,345918
[Recv] <<< 23:c9:cc:4b:a0:3a,36733,-37,4674,73.91,35.70,33,345441,345951
[Recv] <<< 23:c9:cc:4b:a0:3a,36734,-27,4675,73.90,35.70,50,345491,346001
[Recv] <<< 23:c9:cc:4b:a0:3a,36735,-28,4676,73.89,35.70,35,345526,346036
[Recv] <<< 23:c9:cc:4b:a0:3a,36736,-30,4677,73.89,35.70,39,345565,346075
[Recv] <<< 23:c9:cc:4b:a0:3a,36737,-40,4678,73.88,35.70,44,345609,346119
[Recv] <<< 23:c9:cc:4b:a0:3a,36738,-37,4679,73.87,35.70,39,345648,346158
[Recv] <<< 23:c9:cc:4b:a0:3a,36739,-37,4680,73.86,35.70,28,345676,346186
[Recv] <<< 23:c9:cc:4b:a0:3a,36741,-30,4681,73.86,35.70,85,345761,346271
[Recv] <<< 23:c9:cc:4b:a0:3a,36742,-31,4682,73.86,35.70,40,345801,346311
[Recv] <<< 23:c9:cc:4b:a0:3a,36743,-37,4683,73.85,35.70,37,345838,346348
[Recv] <<< 23:c9:cc:4b:a0:3a,36744,-27,4684,73.84,35.70,41,345879,346389
[Recv] <<< 23:c9:cc:4b:a0:3a,36745,-30,4685,73.84,35.70,47,345926,346436
[Recv] <<< 23:c9:cc:4b:a0:3a,36746,-30,4686,73.83,35.70,37,345963,346473
[Recv] <<< 23:c9:cc:4b:a0:3a,36747,-31,4687,73.82,35.70,33,345996,346506
[Recv] <<< 23:c9:cc:4b:a0:3a,36749,-37,4688,73.82,35.70,73,346069,346579
[Recv] <<< 23:c9:cc:4b:a0:3a,36755,-27,4689,73.86,35.71,260,346329,346839
[Recv] <<< 23:c9:cc:4b:a0:3a,36756,-27,4690,73.85,35.71,35,346364,346874
[Recv] <<< 23:c9:cc:4b:a0:3a,36757,-30,4691,73.85,35.71,44,346408,346918
[Recv] <<< 23:c9:cc:4b:a0:3a,36758,-30,4692,73.84,35.71,37,346445,346955
[Recv] <<< 23:c9:cc:4b:a0:3a,36759,-30,4693,73.83,35.71,41,346486,346996
[Recv] <<< 23:c9:cc:4b:a0:3a,36761,-37,4694,73.83,35.71,73,346559,347069
[Recv] <<< 23:c9:cc:4b:a0:3a,36762,-37,4695,73.82,35.71,35,346594,347104
[Recv] <<< 23:c9:cc:4b:a0:3a,36763,-37,4696,73.82,35.71,42,346636,347146
[Recv] <<< 23:c9:cc:4b:a0:3a,36771,-30,4697,73.86,35.71,301,346937,347447
[Recv] <<< 23:c9:cc:4b:a0:3a,36772,-37,4698,73.86,35.71,42,346979,347489
[Recv] <<< 23:c9:cc:4b:a0:3a,36774,-37,4699,73.86,35.71,66,347045,347555
[Recv] <<< 23:c9:cc:4b:a0:3a,36775,-37,4700,73.85,35.71,41,347086,347596
[Recv] <<< 23:c9:cc:4b:a0:3a,36776,-27,4701,73.84,35.71,40,347126,347636
[Recv] <<< 23:c9:cc:4b:a0:3a,36777,-28,4702,73.83,35.71,37,347163,347673
[Recv] <<< 23:c9:cc:4b:a0:3a,36778,-30,4703,73.83,35.71,43,347206,347716
[Recv] <<< 23:c9:cc:4b:a0:3a,36779,-37,4704,73.82,35.71,40,347246,347756
[Recv] <<< 23:c9:cc:4b:a0:3a,36780,-37,4705,73.81,35.71,44,347290,347800
[Recv] <<< 23:c9:cc:4b:a0:3a,36782,-27,4706,73.81,35.71,70,347360,347870
[Recv] <<< 23:c9:cc:4b:a0:3a,36787,-37,4707,73.84,35.72,193,347553,348063
[Recv] <<< 23:c9:cc:4b:a0:3a,36790,-27,4708,73.85,35.72,115,347668,348178
[Recv] <<< 23:c9:cc:4b:a0:3a,36797,-37,4709,73.89,35.72,259,347927,348437
[Recv] <<< 23:c9:cc:4b:a0:3a,36798,-37,4710,73.88,35.72,43,347970,348480
[Recv] <<< 23:c9:cc:4b:a0:3a,36799,-27,4711,73.87,35.72,37,348007,348517
[Recv] <<< 23:c9:cc:4b:a0:3a,36800,-27,4712,73.86,35.72,29,348036,348546
[Recv] <<< 23:c9:cc:4b:a0:3a,36801,-27,4713,73.85,35.72,42,348078,348588
[Recv] <<< 23:c9:cc:4b:a0:3a,36802,-30,4714,73.85,35.72,33,348111,348621
[Recv] <<< 23:c9:cc:4b:a0:3a,36803,-30,4715,73.84,35.72,40,348151,348661
[Recv] <<< 23:c9:cc:4b:a0:3a,36805,-27,4716,73.84,35.72,69,348220,348730
[Recv] <<< 23:c9:cc:4b:a0:3a,36806,-31,4717,73.83,35.72,37,348257,348767
[Recv] <<< 23:c9:cc:4b:a0:3a,36807,-30,4718,73.82,35.72,30,348287,348797
[Recv] <<< 23:c9:cc:4b:a0:3a,36816,-27,4719,73.88,35.72,343,348630,349140
[Recv] <<< 23:c9:cc:4b:a0:3a,36817,-27,4720,73.87,35.72,35,348665,349175
[Recv] <<< 23:c9:cc:4b:a0:3a,36818,-27,4721,73.86,35.72,27,348692,349202
[Recv] <<< 23:c9:cc:4b:a0:3a,36819,-27,4722,73.85,35.72,40,348732,349242
[Recv] <<< 23:c9:cc:4b:a0:3a,36821,-30,4723,73.85,35.72,79,348811,349321
[Recv] <<< 23:c9:cc:4b:a0:3a,36822,-30,4724,73.84,35.72,30,348841,349351
[Recv] <<< 23:c9:cc:4b:a0:3a,36823,-30,4725,73.83,35.72,29,348870,349380
[Recv] <<< 23:c9:cc:4b:a0:3a,36825,-30,4726,73.83,35.72,69,348939,349449
[Recv] <<< 23:c9:cc:4b:a0:3a,36827,-31,4727,73.83,35.72,74,349013,349523
[Recv] <<< 23:c9:cc:4b:a0:3a,36830,-37,4728,73.84,35.72,114,349127,349637
[Recv] <<< 23:c9:cc:4b:a0:3a,36843,-27,4729,73.92,35.72,464,349591,350101
[Recv] <<< 23:c9:cc:4b:a0:3a,36844,-27,4730,73.92,35.72,36,349627,350137
[Recv] <<< 23:c9:cc:4b:a0:3a,36845,-27,4731,73.91,35.72,33,349660,350170
[Recv] <<< 23:c9:cc:4b:a0:3a,36846,-27,4732,73.90,35.72,34,349694,350204
[Recv] <<< 23:c9:cc:4b:a0:3a,36848,-27,4733,73.90,35.72,78,349772,350282
[Recv] <<< 23:c9:cc:4b:a0:3a,36849,-27,4734,73.89,35.72,27,349799,350309
[Recv] <<< 23:c9:cc:4b:a0:3a,36850,-27,4735,73.88,35.72,39,349838,350348
[Recv] <<< 23:c9:cc:4b:a0:3a,36851,-27,4736,73.87,35.72,33,349871,350381
[Recv] <<< 23:c9:cc:4b:a0:3a,36852,-27,4737,73.87,35.72,39,349910,350420
[Recv] <<< 23:c9:cc:4b:a0:3a,36853,-37,4738,73.86,35.72,33,349943,350453
[Recv] <<< 23:c9:cc:4b:a0:3a,36855,-37,4739,73.86,35.72,72,350015,350525
[Recv] <<< 23:c9:cc:4b:a0:3a,36856,-37,4740,73.85,35.72,33,350048,350558
[Recv] <<< 23:c9:cc:4b:a0:3a,36857,-27,4741,73.84,35.72,38,350086,350596
[Recv] <<< 23:c9:cc:4b:a0:3a,36858,-27,4742,73.83,35.72,30,350116,350626
[Recv] <<< 23:c9:cc:4b:a0:3a,36860,-30,4743,73.83,35.72,76,350192,350702
[Recv] <<< 23:c9:cc:4b:a0:3a,36862,-30,4744,73.83,35.72,71,350263,350773
[Recv] <<< 23:c9:cc:4b:a0:3a,36863,-30,4745,73.83,35.72,37,350300,350810
[Recv] <<< 23:c9:cc:4b:a0:3a,36865,-37,4746,73.82,35.72,70,350370,350880
[Recv] <<< 23:c9:cc:4b:a0:3a,36866,-37,4747,73.82,35.72,33,350403,350913
[Recv] <<< 23:c9:cc:4b:a0:3a,36868,-27,4748,73.82,35.72,76,350479,350989
[Recv] <<< 23:c9:cc:4b:a0:3a,36869,-27,4749,73.81,35.72,41,350520,351030
[Recv] <<< 23:c9:cc:4b:a0:3a,36888,-28,4750,73.94,35.72,703,351223,351733
[Recv] <<< 23:c9:cc:4b:a0:3a,36889,-27,4751,73.93,35.72,30,351253,351763
[Recv] <<< 23:c9:cc:4b:a0:3a,36915,-30,4752,74.12,35.72,958,352211,352721
[Recv] <<< 23:c9:cc:4b:a0:3a,36917,-30,4753,74.12,35.73,78,352289,352799
[Recv] <<< 23:c9:cc:4b:a0:3a,36919,-31,4754,74.12,35.73,72,352361,352871
[Recv] <<< 23:c9:cc:4b:a0:3a,36920,-37,4755,74.11,35.73,44,352405,352915
[Recv] <<< 23:c9:cc:4b:a0:3a,36921,-37,4756,74.10,35.73,38,352443,352953
[Recv] <<< 23:c9:cc:4b:a0:3a,36922,-37,4757,74.10,35.73,37,352480,352990
[Recv] <<< 23:c9:cc:4b:a0:3a,36924,-37,4758,74.10,35.73,71,352551,353061
[Recv] <<< 23:c9:cc:4b:a0:3a,36926,-37,4759,74.09,35.73,66,352617,353127
[Recv] <<< 23:c9:cc:4b:a0:3a,36927,-37,4760,74.09,35.73,36,352653,353163
[Recv] <<< 23:c9:cc:4b:a0:3a,36928,-37,4761,74.08,35.73,39,352692,353202
[Recv] <<< 23:c9:cc:4b:a0:3a,36934,-27,4762,74.11,35.73,213,352905,353415
[Recv] <<< 23:c9:cc:4b:a0:3a,36935,-27,4763,74.10,35.73,35,352940,353450
[Recv] <<< 23:c9:cc:4b:a0:3a,36936,-27,4764,74.09,35.73,34,352974,353484
[Recv] <<< 23:c9:cc:4b:a0:3a,36937,-27,4765,74.08,35.73,39,353013,353523
[Recv] <<< 23:c9:cc:4b:a0:3a,36938,-27,4766,74.08,35.73,35,353048,353558
[Recv] <<< 23:c9:cc:4b:a0:3a,36939,-27,4767,74.07,35.73,29,353077,353587
[Recv] <<< 23:c9:cc:4b:a0:3a,36940,-27,4768,74.06,35.73,37,353114,353624
[Recv] <<< 23:c9:cc:4b:a0:3a,36941,-27,4769,74.05,35.73,40,353154,353664
[Recv] <<< 23:c9:cc:4b:a0:3a,36942,-30,4770,74.04,35.73,33,353187,353697
[Recv] <<< 23:c9:cc:4b:a0:3a,36943,-30,4771,74.04,35.73,46,353233,353743
[Recv] <<< 23:c9:cc:4b:a0:3a,36944,-30,4772,74.03,35.73,31,353264,353774
[Recv] <<< 23:c9:cc:4b:a0:3a,36945,-30,4773,74.02,35.73,38,353302,353812
[Recv] <<< 23:c9:cc:4b:a0:3a,36946,-30,4774,74.01,35.73,36,353338,353848
[Recv] <<< 23:c9:cc:4b:a0:3a,36947,-30,4775,74.00,35.73,24,353362,353872
[Recv] <<< 23:c9:cc:4b:a0:3a,36948,-30,4776,73.99,35.73,37,353399,353909
[Recv] <<< 23:c9:cc:4b:a0:3a,36949,-30,4777,73.99,35.73,35,353434,353944
[Recv] <<< 23:c9:cc:4b:a0:3a,36950,-30,4778,73.98,35.73,35,353469,353979
[Recv] <<< 23:c9:cc:4b:a0:3a,36953,-30,4779,73.99,35.73,106,353575,354085
[Recv] <<< 23:c9:cc:4b:a0:3a,36955,-30,4780,73.98,35.73,70,353645,354155
[Recv] <<< 23:c9:cc:4b:a0:3a,36956,-30,4781,73.98,35.72,32,353677,354187
[Recv] <<< 23:c9:cc:4b:a0:3a,36964,-37,4782,74.02,35.73,290,353967,354477
[Recv] <<< 23:c9:cc:4b:a0:3a,36966,-37,4783,74.02,35.72,64,354031,354541
[Recv] <<< 23:c9:cc:4b:a0:3a,36968,-37,4784,74.02,35.72,61,354092,354602
[Recv] <<< 23:c9:cc:4b:a0:3a,36969,-30,4785,74.01,35.72,40,354132,354642
[Recv] <<< 23:c9:cc:4b:a0:3a,36970,-37,4786,74.00,35.72,38,354170,354680
[Recv] <<< 23:c9:cc:4b:a0:3a,36972,-37,4787,74.00,35.72,65,354235,354745
[Recv] <<< 23:c9:cc:4b:a0:3a,36973,-37,4788,73.99,35.72,42,354277,354787
[Recv] <<< 23:c9:cc:4b:a0:3a,36974,-37,4789,73.98,35.72,32,354309,354819
[Recv] <<< 23:c9:cc:4b:a0:3a,36975,-37,4790,73.98,35.72,36,354345,354855
[Recv] <<< 23:c9:cc:4b:a0:3a,36976,-37,4791,73.97,35.72,28,354373,354883
[Recv] <<< 23:c9:cc:4b:a0:3a,36978,-30,4792,73.97,35.72,70,354443,354953
[Recv] <<< 23:c9:cc:4b:a0:3a,36979,-30,4793,73.96,35.72,33,354476,354986
[Recv] <<< 23:c9:cc:4b:a0:3a,36980,-30,4794,73.95,35.72,33,354509,355019
[Recv] <<< 23:c9:cc:4b:a0:3a,36981,-31,4795,73.94,35.72,36,354545,355055
[Recv] <<< 23:c9:cc:4b:a0:3a,36982,-30,4796,73.93,35.72,36,354581,355091
[Recv] <<< 23:c9:cc:4b:a0:3a,36983,-30,4797,73.92,35.72,37,354618,355128
[Recv] <<< 23:c9:cc:4b:a0:3a,36984,-30,4798,73.92,35.72,33,354651,355161
[Recv] <<< 23:c9:cc:4b:a0:3a,36985,-30,4799,73.91,35.72,32,354683,355193
[Recv] <<< 23:c9:cc:4b:a0:3a,36986,-30,4800,73.90,35.72,35,354718,355228
[Recv] <<< 23:c9:cc:4b:a0:3a,36987,-28,4801,73.89,35.72,28,354746,355256
[Recv] <<< 23:c9:cc:4b:a0:3a,36988,-27,4802,73.88,35.72,35,354781,355291
[Recv] <<< 23:c9:cc:4b:a0:3a,36990,-30,4803,73.88,35.72,74,354855,355365
[Recv] <<< 23:c9:cc:4b:a0:3a,36994,-27,4804,73.89,35.72,125,354980,355490
[Recv] <<< 23:c9:cc:4b:a0:3a,36995,-27,4805,73.89,35.72,40,355020,355530
[Recv] <<< 23:c9:cc:4b:a0:3a,37001,-30,4806,73.91,35.72,200,355220,355730
[Recv] <<< 23:c9:cc:4b:a0:3a,37002,-30,4807,73.90,35.72,33,355253,355763
[Recv] <<< 23:c9:cc:4b:a0:3a,37003,-30,4808,73.89,35.72,32,355285,355795
[Recv] <<< 23:c9:cc:4b:a0:3a,37004,-30,4809,73.89,35.72,35,355320,355830
[Recv] <<< 23:c9:cc:4b:a0:3a,37005,-30,4810,73.88,35.72,35,355355,355865
[Recv] <<< 23:c9:cc:4b:a0:3a,37006,-27,4811,73.87,35.72,26,355381,355891
[Recv] <<< 23:c9:cc:4b:a0:3a,37008,-27,4812,73.87,35.72,71,355452,355962
[Recv] <<< 23:c9:cc:4b:a0:3a,37010,-30,4813,73.87,35.72,74,355526,356036
[Recv] <<< 23:c9:cc:4b:a0:3a,37011,-30,4814,73.86,35.72,38,355564,356074
[Recv] <<< 23:c9:cc:4b:a0:3a,37012,-30,4815,73.85,35.72,35,355599,356109
[Recv] <<< 23:c9:cc:4b:a0:3a,37013,-27,4816,73.84,35.72,27,355626,356136
[Recv] <<< 23:c9:cc:4b:a0:3a,37014,-27,4817,73.84,35.72,38,355664,356174
[Recv] <<< 23:c9:cc:4b:a0:3a,37015,-27,4818,73.83,35.72,28,355692,356202
[Recv] <<< 23:c9:cc:4b:a0:3a,37025,-30,4819,73.89,35.72,361,356053,356563
[Recv] <<< 23:c9:cc:4b:a0:3a,37026,-30,4820,73.88,35.72,36,356089,356599
[Recv] <<< 23:c9:cc:4b:a0:3a,37027,-30,4821,73.87,35.72,30,356119,356629
[Recv] <<< 23:c9:cc:4b:a0:3a,37028,-30,4822,73.86,35.72,40,356159,356669
[Recv] <<< 23:c9:cc:4b:a0:3a,37049,-30,4823,74.00,35.71,721,356880,357390
[Recv] <<< 23:c9:cc:4b:a0:3a,37050,-31,4824,73.99,35.71,40,356920,357430
[Recv] <<< 23:c9:cc:4b:a0:3a,37051,-30,4825,73.98,35.71,26,356946,357456
[Recv] <<< 23:c9:cc:4b:a0:3a,37052,-30,4826,73.97,35.71,36,356982,357492
[Recv] <<< 23:c9:cc:4b:a0:3a,37053,-30,4827,73.96,35.71,29,357011,357521
[Recv] <<< 23:c9:cc:4b:a0:3a,37054,-27,4828,73.95,35.71,38,357049,357559
[Recv] <<< 23:c9:cc:4b:a0:3a,37055,-27,4829,73.95,35.71,35,357084,357594
[Recv] <<< 23:c9:cc:4b:a0:3a,37057,-27,4830,73.94,35.71,68,357152,357662
[Recv] <<< 23:c9:cc:4b:a0:3a,37058,-27,4831,73.94,35.71,29,357181,357691
[Recv] <<< 23:c9:cc:4b:a0:3a,37059,-27,4832,73.93,35.71,33,357214,357724
[Recv] <<< 23:c9:cc:4b:a0:3a,37060,-27,4833,73.92,35.71,34,357248,357758
[Recv] <<< 23:c9:cc:4b:a0:3a,37061,-27,4834,73.91,35.71,32,357280,357790
[Recv] <<< 23:c9:cc:4b:a0:3a,37062,-27,4835,73.90,35.71,32,357312,357822
[Recv] <<< 23:c9:cc:4b:a0:3a,37063,-27,4836,73.89,35.71,31,357343,357853
[Recv] <<< 23:c9:cc:4b:a0:3a,37064,-27,4837,73.88,35.71,38,357381,357891
[Recv] <<< 23:c9:cc:4b:a0:3a,37066,-27,4838,73.88,35.71,71,357452,357962
[Recv] <<< 23:c9:cc:4b:a0:3a,37067,-27,4839,73.88,35.71,33,357485,357995
[Recv] <<< 23:c9:cc:4b:a0:3a,37068,-27,4840,73.87,35.71,40,357525,358035
[Recv] <<< 23:c9:cc:4b:a0:3a,37069,-27,4841,73.86,35.71,27,357552,358062
[Recv] <<< 23:c9:cc:4b:a0:3a,37070,-27,4842,73.85,35.71,39,357591,358101
[Recv] <<< 23:c9:cc:4b:a0:3a,37071,-30,4843,73.84,35.71,37,357628,358138
[Recv] <<< 23:c9:cc:4b:a0:3a,37072,-30,4844,73.84,35.71,29,357657,358167
[Recv] <<< 23:c9:cc:4b:a0:3a,37073,-30,4845,73.83,35.71,30,357687,358197
[Recv] <<< 23:c9:cc:4b:a0:3a,37074,-30,4846,73.82,35.71,37,357724,358234
[Recv] <<< 23:c9:cc:4b:a0:3a,37075,-30,4847,73.81,35.71,31,357755,358265
[Recv] <<< 23:c9:cc:4b:a0:3a,37076,-30,4848,73.80,35.71,38,357793,358303
[Recv] <<< 23:c9:cc:4b:a0:3a,37077,-30,4849,73.79,35.71,33,357826,358336
[Recv] <<< 23:c9:cc:4b:a0:3a,37078,-30,4850,73.79,35.71,37,357863,358373
[Recv] <<< 23:c9:cc:4b:a0:3a,37081,-28,4851,73.79,35.71,96,357959,358469
[Recv] <<< 23:c9:cc:4b:a0:3a,37082,-27,4852,73.78,35.71,36,357995,358505
[Recv] <<< 23:c9:cc:4b:a0:3a,37083,-27,4853,73.77,35.71,33,358028,358538
[Recv] <<< 23:c9:cc:4b:a0:3a,37084,-27,4854,73.77,35.71,38,358066,358576
[Recv] <<< 23:c9:cc:4b:a0:3a,37086,-27,4855,73.77,35.71,65,358131,358641
[Recv] <<< 23:c9:cc:4b:a0:3a,37087,-27,4856,73.76,35.71,31,358162,358672
[Recv] <<< 23:c9:cc:4b:a0:3a,37101,-30,4857,73.84,35.70,490,358652,359162
[Recv] <<< 23:c9:cc:4b:a0:3a,37102,-30,4858,73.83,35.70,34,358686,359196
[Recv] <<< 23:c9:cc:4b:a0:3a,37103,-30,4859,73.82,35.70,28,358714,359224
[Recv] <<< 23:c9:cc:4b:a0:3a,37104,-27,4860,73.82,35.70,36,358750,359260
[Recv] <<< 23:c9:cc:4b:a0:3a,37105,-27,4861,73.81,35.70,29,358779,359289
[Recv] <<< 23:c9:cc:4b:a0:3a,37108,-30,4862,73.82,35.70,110,358889,359399
[Recv] <<< 23:c9:cc:4b:a0:3a,37110,-27,4863,73.81,35.70,63,358952,359462
[Recv] <<< 23:c9:cc:4b:a0:3a,37111,-27,4864,73.80,35.70,35,358987,359497
[Recv] <<< 23:c9:cc:4b:a0:3a,37112,-27,4865,73.80,35.70,26,359013,359523
[Recv] <<< 23:c9:cc:4b:a0:3a,37138,-27,4866,73.96,35.70,893,359906,360416
[Recv] <<< 23:c9:cc:4b:a0:3a,37140,-30,4867,73.97,35.70,82,359988,360498
[Recv] <<< 23:c9:cc:4b:a0:3a,37141,-30,4868,73.96,35.70,34,360022,360532
[Recv] <<< 23:c9:cc:4b:a0:3a,37142,-30,4869,73.95,35.70,27,360049,360559
[Recv] <<< 23:c9:cc:4b:a0:3a,37143,-30,4870,73.94,35.70,33,360082,360592
[Recv] <<< 23:c9:cc:4b:a0:3a,37144,-30,4871,73.93,35.70,37,360119,360629
[Recv] <<< 23:c9:cc:4b:a0:3a,37145,-30,4872,73.92,35.70,35,360154,360664
[Recv] <<< 23:c9:cc:4b:a0:3a,37146,-31,4873,73.92,35.70,36,360190,360700
[Recv] <<< 23:c9:cc:4b:a0:3a,37147,-28,4874,73.91,35.70,28,360218,360728
[Recv] <<< 23:c9:cc:4b:a0:3a,37148,-27,4875,73.90,35.70,32,360250,360760
[Recv] <<< 23:c9:cc:4b:a0:3a,37149,-27,4876,73.89,35.70,33,360283,360793
[Recv] <<< 23:c9:cc:4b:a0:3a,37150,-37,4877,73.88,35.70,31,360314,360824
[Recv] <<< 23:c9:cc:4b:a0:3a,37151,-37,4878,73.87,35.69,27,360341,360851
[Recv] <<< 23:c9:cc:4b:a0:3a,37152,-37,4879,73.86,35.70,39,360380,360890
[Recv] <<< 23:c9:cc:4b:a0:3a,37153,-37,4880,73.85,35.69,25,360405,360915
[Recv] <<< 23:c9:cc:4b:a0:3a,37155,-37,4881,73.85,35.69,67,360472,360982
[Recv] <<< 23:c9:cc:4b:a0:3a,37156,-30,4882,73.84,35.69,32,360504,361014
[Recv] <<< 23:c9:cc:4b:a0:3a,37207,-37,4883,74.18,35.68,1707,362211,362721
[Recv] <<< 23:c9:cc:4b:a0:3a,37216,-27,4884,74.23,35.68,324,362535,363045
[Recv] <<< 23:c9:cc:4b:a0:3a,37217,-27,4885,74.22,35.68,31,362566,363076
[Recv] <<< 23:c9:cc:4b:a0:3a,37218,-27,4886,74.21,35.68,30,362596,363106
[Recv] <<< 23:c9:cc:4b:a0:3a,37219,-37,4887,74.20,35.68,34,362630,363140
[Recv] <<< 23:c9:cc:4b:a0:3a,37235,-27,4888,74.30,35.68,553,363183,363693
[Recv] <<< 23:c9:cc:4b:a0:3a,37237,-37,4889,74.30,35.68,69,363252,363762
[Recv] <<< 23:c9:cc:4b:a0:3a,37238,-37,4890,74.29,35.68,34,363286,363796
[Recv] <<< 23:c9:cc:4b:a0:3a,37239,-37,4891,74.28,35.68,36,363322,363832
[Recv] <<< 23:c9:cc:4b:a0:3a,37240,-37,4892,74.27,35.68,27,363349,363859
[Recv] <<< 23:c9:cc:4b:a0:3a,37241,-27,4893,74.27,35.68,42,363391,363901
[Recv] <<< 23:c9:cc:4b:a0:3a,37242,-27,4894,74.26,35.68,39,363430,363940
[Recv] <<< 23:c9:cc:4b:a0:3a,37243,-27,4895,74.25,35.68,27,363457,363967
[Recv] <<< 23:c9:cc:4b:a0:3a,37244,-27,4896,74.24,35.68,42,363499,364009
[Recv] <<< 23:c9:cc:4b:a0:3a,37247,-27,4897,74.25,35.68,111,363610,364120
[Recv] <<< 23:c9:cc:4b:a0:3a,37249,-27,4898,74.25,35.68,66,363676,364186
[Recv] <<< 23:c9:cc:4b:a0:3a,37250,-27,4899,74.24,35.68,27,363703,364213
[Recv] <<< 23:c9:cc:4b:a0:3a,37251,-27,4900,74.23,35.68,32,363735,364245
[Recv] <<< 23:c9:cc:4b:a0:3a,37252,-27,4901,74.22,35.68,33,363768,364278
[Recv] <<< 23:c9:cc:4b:a0:3a,37253,-27,4902,74.22,35.68,37,363805,364315
[Recv] <<< 23:c9:cc:4b:a0:3a,37254,-37,4903,74.21,35.68,27,363832,364342
[Recv] <<< 23:c9:cc:4b:a0:3a,37255,-37,4904,74.20,35.68,39,363871,364381
[Recv] <<< 23:c9:cc:4b:a0:3a,37256,-37,4905,74.19,35.68,33,363904,364414
[Recv] <<< 23:c9:cc:4b:a0:3a,37257,-37,4906,74.18,35.68,27,363931,364441
[Recv] <<< 23:c9:cc:4b:a0:3a,37259,-37,4907,74.18,35.68,83,364014,364524
[Recv] <<< 23:c9:cc:4b:a0:3a,37260,-37,4908,74.17,35.68,31,364045,364555
[Recv] <<< 23:c9:cc:4b:a0:3a,37261,-37,4909,74.17,35.68,33,364078,364588
[Recv] <<< 23:c9:cc:4b:a0:3a,37265,-30,4910,74.18,35.68,132,364210,364720
[Recv] <<< 23:c9:cc:4b:a0:3a,37269,-28,4911,74.19,35.67,127,364337,364847
[Recv] <<< 23:c9:cc:4b:a0:3a,37270,-27,4912,74.18,35.67,44,364381,364891
[Recv] <<< 23:c9:cc:4b:a0:3a,37271,-27,4913,74.17,35.67,27,364408,364918
[Recv] <<< 23:c9:cc:4b:a0:3a,37272,-27,4914,74.16,35.67,32,364440,364950
[Recv] <<< 23:c9:cc:4b:a0:3a,37273,-27,4915,74.16,35.67,33,364473,364983
[Recv] <<< 23:c9:cc:4b:a0:3a,37285,-30,4916,74.22,35.67,406,364879,365389
[Recv] <<< 23:c9:cc:4b:a0:3a,37286,-30,4917,74.21,35.67,28,364907,365417
[Recv] <<< 23:c9:cc:4b:a0:3a,37287,-37,4918,74.21,35.67,38,364945,365455
[Recv] <<< 23:c9:cc:4b:a0:3a,37288,-30,4919,74.20,35.67,34,364979,365489
[Recv] <<< 23:c9:cc:4b:a0:3a,37289,-30,4920,74.19,35.67,27,365006,365516
[Recv] <<< 23:c9:cc:4b:a0:3a,37290,-37,4921,74.18,35.67,39,365045,365555
[Recv] <<< 23:c9:cc:4b:a0:3a,37291,-30,4922,74.17,35.67,37,365082,365592
[Recv] <<< 23:c9:cc:4b:a0:3a,37292,-30,4923,74.16,35.67,30,365112,365622
[Recv] <<< 23:c9:cc:4b:a0:3a,37293,-30,4924,74.16,35.67,31,365143,365653
[Recv] <<< 23:c9:cc:4b:a0:3a,37294,-30,4925,74.15,35.67,38,365181,365691
[Recv] <<< 23:c9:cc:4b:a0:3a,37297,-37,4926,74.16,35.67,115,365296,365806
[Recv] <<< 23:c9:cc:4b:a0:3a,37298,-37,4927,74.15,35.67,26,365322,365832
[Recv] <<< 23:c9:cc:4b:a0:3a,37299,-37,4928,74.14,35.67,34,365356,365866
[Recv] <<< 23:c9:cc:4b:a0:3a,37300,-37,4929,74.13,35.67,29,365385,365895
[Recv] <<< 23:c9:cc:4b:a0:3a,37301,-30,4930,74.12,35.67,35,365420,365930
[Recv] <<< 23:c9:cc:4b:a0:3a,37302,-30,4931,74.11,35.67,30,365450,365960
[Recv] <<< 23:c9:cc:4b:a0:3a,37303,-30,4932,74.10,35.67,32,365482,365992
[Recv] <<< 23:c9:cc:4b:a0:3a,37304,-30,4933,74.10,35.67,36,365518,366028
[Recv] <<< 23:c9:cc:4b:a0:3a,37306,-30,4934,74.10,35.67,68,365586,366096
[Recv] <<< 23:c9:cc:4b:a0:3a,37307,-30,4935,74.09,35.67,36,365622,366132
[Recv] <<< 23:c9:cc:4b:a0:3a,37308,-30,4936,74.08,35.67,30,365652,366162
[Recv] <<< 23:c9:cc:4b:a0:3a,37309,-31,4937,74.07,35.67,36,365688,366198
[Recv] <<< 23:c9:cc:4b:a0:3a,37312,-27,4938,74.07,35.66,90,365778,366288
[Recv] <<< 23:c9:cc:4b:a0:3a,37313,-27,4939,74.07,35.67,40,365818,366328
[Recv] <<< 23:c9:cc:4b:a0:3a,37314,-27,4940,74.06,35.66,27,365845,366355
[Recv] <<< 23:c9:cc:4b:a0:3a,37315,-27,4941,74.05,35.66,38,365883,366393
[Recv] <<< 23:c9:cc:4b:a0:3a,37324,-27,4942,74.10,35.66,310,366193,366703
[Recv] <<< 23:c9:cc:4b:a0:3a,37325,-27,4943,74.09,35.66,32,366225,366735
[Recv] <<< 23:c9:cc:4b:a0:3a,37326,-27,4944,74.08,35.66,33,366258,366768
[Recv] <<< 23:c9:cc:4b:a0:3a,37354,-37,4945,74.25,35.66,926,367184,367694
[Recv] <<< 23:c9:cc:4b:a0:3a,37355,-37,4946,74.24,35.66,30,367214,367724
[Recv] <<< 23:c9:cc:4b:a0:3a,37356,-37,4947,74.24,35.66,37,367251,367761
[Recv] <<< 23:c9:cc:4b:a0:3a,37379,-27,4948,74.38,35.65,762,368013,368523
[Recv] <<< 23:c9:cc:4b:a0:3a,37382,-37,4949,74.38,35.65,94,368107,368617
[Recv] <<< 23:c9:cc:4b:a0:3a,37384,-27,4950,74.38,35.65,81,368188,368698
[Recv] <<< 23:c9:cc:4b:a0:3a,37385,-27,4951,74.37,35.65,34,368222,368732
[Recv] <<< 23:c9:cc:4b:a0:3a,37386,-27,4952,74.37,35.65,41,368263,368773
[Recv] <<< 23:c9:cc:4b:a0:3a,37387,-27,4953,74.36,35.65,24,368287,368797
[Recv] <<< 23:c9:cc:4b:a0:3a,37388,-30,4954,74.35,35.65,43,368330,368840
[Recv] <<< 23:c9:cc:4b:a0:3a,37389,-30,4955,74.34,35.65,37,368367,368877
[Recv] <<< 23:c9:cc:4b:a0:3a,37390,-30,4956,74.34,35.65,40,368407,368917
[Recv] <<< 23:c9:cc:4b:a0:3a,37391,-30,4957,74.33,35.65,37,368444,368954
[Recv] <<< 23:c9:cc:4b:a0:3a,37392,-31,4958,74.32,35.65,35,368479,368989
[Recv] <<< 23:c9:cc:4b:a0:3a,37393,-30,4959,74.31,35.65,30,368509,369019
[Recv] <<< 23:c9:cc:4b:a0:3a,37394,-30,4960,74.30,35.65,38,368547,369057
[Recv] <<< 23:c9:cc:4b:a0:3a,37395,-37,4961,74.30,35.65,41,368588,369098
[Recv] <<< 23:c9:cc:4b:a0:3a,37397,-30,4962,74.30,35.65,64,368652,369162
[Recv] <<< 23:c9:cc:4b:a0:3a,37398,-30,4963,74.29,35.65,38,368690,369200
[Recv] <<< 23:c9:cc:4b:a0:3a,37399,-30,4964,74.28,35.65,33,368723,369233
[Recv] <<< 23:c9:cc:4b:a0:3a,37400,-30,4965,74.27,35.65,32,368755,369265
[Recv] <<< 23:c9:cc:4b:a0:3a,37401,-31,4966,74.26,35.65,34,368789,369299
[Recv] <<< 23:c9:cc:4b:a0:3a,37404,-37,4967,74.27,35.65,112,368901,369411
[Recv] <<< 23:c9:cc:4b:a0:3a,37409,-37,4968,74.29,35.65,179,369080,369590
[Recv] <<< 23:c9:cc:4b:a0:3a,37410,-27,4969,74.28,35.65,33,369113,369623
[Recv] <<< 23:c9:cc:4b:a0:3a,37411,-27,4970,74.28,35.65,49,369162,369672
[Recv] <<< 23:c9:cc:4b:a0:3a,37414,-27,4971,74.28,35.65,100,369262,369772
[Recv] <<< 23:c9:cc:4b:a0:3a,37415,-30,4972,74.28,35.65,43,369305,369815
[Recv] <<< 23:c9:cc:4b:a0:3a,37416,-30,4973,74.27,35.65,35,369340,369850
[Recv] <<< 23:c9:cc:4b:a0:3a,37418,-30,4974,74.27,35.65,62,369402,369912
[Recv] <<< 23:c9:cc:4b:a0:3a,37419,-27,4975,74.26,35.65,32,369434,369944
[Recv] <<< 23:c9:cc:4b:a0:3a,37420,-27,4976,74.25,35.65,36,369470,369980
[Recv] <<< 23:c9:cc:4b:a0:3a,37421,-30,4977,74.24,35.65,45,369515,370025
[Recv] <<< 23:c9:cc:4b:a0:3a,37422,-30,4978,74.23,35.65,24,369539,370049
[Recv] <<< 23:c9:cc:4b:a0:3a,37423,-31,4979,74.23,35.65,37,369576,370086
[Recv] <<< 23:c9:cc:4b:a0:3a,37424,-30,4980,74.22,35.65,32,369608,370118
[Recv] <<< 23:c9:cc:4b:a0:3a,37425,-31,4981,74.21,35.65,31,369639,370149
[Recv] <<< 23:c9:cc:4b:a0:3a,37426,-30,4982,74.20,35.65,37,369676,370186
[Recv] <<< 23:c9:cc:4b:a0:3a,37427,-30,4983,74.20,35.65,39,369715,370225
[Recv] <<< 23:c9:cc:4b:a0:3a,37428,-30,4984,74.19,35.65,37,369752,370262
[Recv] <<< 23:c9:cc:4b:a0:3a,37429,-30,4985,74.18,35.65,29,369781,370291
[Recv] <<< 23:c9:cc:4b:a0:3a,37430,-37,4986,74.17,35.65,48,369829,370339
[Recv] <<< 23:c9:cc:4b:a0:3a,37431,-37,4987,74.17,35.65,40,369869,370379
[Recv] <<< 23:c9:cc:4b:a0:3a,37432,-37,4988,74.16,35.65,26,369895,370405
[Recv] <<< 23:c9:cc:4b:a0:3a,37434,-37,4989,74.16,35.65,70,369965,370475
[Recv] <<< 23:c9:cc:4b:a0:3a,37435,-37,4990,74.15,35.65,37,370002,370512
[Recv] <<< 23:c9:cc:4b:a0:3a,37436,-27,4991,74.14,35.65,38,370040,370550
[Recv] <<< 23:c9:cc:4b:a0:3a,37437,-27,4992,74.13,35.65,34,370074,370584
[Recv] <<< 23:c9:cc:4b:a0:3a,37438,-27,4993,74.13,35.65,40,370114,370624
[Recv] <<< 23:c9:cc:4b:a0:3a,37439,-27,4994,74.12,35.65,39,370153,370663
[Recv] <<< 23:c9:cc:4b:a0:3a,37441,-27,4995,74.12,35.65,71,370224,370734
[Recv] <<< 23:c9:cc:4b:a0:3a,37442,-27,4996,74.11,35.65,27,370251,370761
[Recv] <<< 23:c9:cc:4b:a0:3a,37443,-27,4997,74.10,35.65,40,370291,370801
[Recv] <<< 23:c9:cc:4b:a0:3a,37446,-27,4998,74.11,35.65,98,370389,370899
[Recv] <<< 23:c9:cc:4b:a0:3a,37447,-27,4999,74.10,35.65,30,370419,370929
[Recv] <<< 23:c9:cc:4b:a0:3a,37448,-27,5000,74.09,35.65,41,370460,370970
[Recv] <<< 23:c9:cc:4b:a0:3a,37462,-27,5001,74.18,35.65,492,370952,371462
[Recv] <<< 23:c9:cc:4b:a0:3a,37463,-27,5002,74.17,35.65,35,370987,371497
[Recv] <<< 23:c9:cc:4b:a0:3a,37464,-27,5003,74.16,35.65,30,371017,371527
[Recv] <<< 23:c9:cc:4b:a0:3a,37465,-27,5004,74.15,35.65,33,371050,371560
[Recv] <<< 23:c9:cc:4b:a0:3a,37466,-27,5005,74.14,35.65,35,371085,371595
[Recv] <<< 23:c9:cc:4b:a0:3a,37467,-27,5006,74.13,35.65,29,371114,371624
[Recv] <<< 23:c9:cc:4b:a0:3a,37468,-31,5007,74.13,35.65,42,371156,371666
[Recv] <<< 23:c9:cc:4b:a0:3a,37469,-30,5008,74.12,35.65,37,371193,371703
[Recv] <<< 23:c9:cc:4b:a0:3a,37470,-30,5009,74.11,35.65,37,371230,371740
[Recv] <<< 23:c9:cc:4b:a0:3a,37471,-37,5010,74.10,35.65,35,371265,371775
[Recv] <<< 23:c9:cc:4b:a0:3a,37472,-30,5011,74.10,35.65,29,371294,371804
[Recv] <<< 23:c9:cc:4b:a0:3a,37473,-30,5012,74.09,35.65,33,371327,371837
[Recv] <<< 23:c9:cc:4b:a0:3a,37474,-30,5013,74.08,35.65,31,371358,371868
[Recv] <<< 23:c9:cc:4b:a0:3a,37475,-30,5014,74.07,35.65,41,371399,371909
[Recv] <<< 23:c9:cc:4b:a0:3a,37476,-30,5015,74.07,35.65,43,371442,371952
[Recv] <<< 23:c9:cc:4b:a0:3a,37479,-37,5016,74.07,35.65,114,371556,372066
[Recv] <<< 23:c9:cc:4b:a0:3a,37481,-27,5017,74.07,35.65,71,371627,372137
[Recv] <<< 23:c9:cc:4b:a0:3a,37482,-27,5018,74.06,35.65,30,371657,372167
[Recv] <<< 23:c9:cc:4b:a0:3a,37485,-37,5019,74.07,35.65,104,371761,372271
[Recv] <<< 23:c9:cc:4b:a0:3a,37487,-27,5020,74.07,35.65,76,371837,372347
[Recv] <<< 23:c9:cc:4b:a0:3a,37488,-27,5021,74.06,35.65,38,371875,372385
[Recv] <<< 23:c9:cc:4b:a0:3a,37489,-27,5022,74.06,35.65,35,371910,372420
[Recv] <<< 23:c9:cc:4b:a0:3a,37490,-28,5023,74.05,35.65,35,371945,372455
[Recv] <<< 23:c9:cc:4b:a0:3a,37491,-27,5024,74.04,35.65,32,371977,372487
[Recv] <<< 23:c9:cc:4b:a0:3a,37492,-28,5025,74.03,35.65,33,372010,372520
[Recv] <<< 23:c9:cc:4b:a0:3a,37494,-37,5026,74.03,35.65,66,372076,372586
[Recv] <<< 23:c9:cc:4b:a0:3a,37495,-37,5027,74.02,35.65,30,372106,372616
[Recv] <<< 23:c9:cc:4b:a0:3a,37496,-37,5028,74.01,35.65,31,372137,372647
[Recv] <<< 23:c9:cc:4b:a0:3a,37497,-37,5029,74.01,35.65,37,372174,372684
[Recv] <<< 23:c9:cc:4b:a0:3a,37498,-37,5030,74.00,35.64,31,372205,372715
[Recv] <<< 23:c9:cc:4b:a0:3a,37522,-31,5031,74.14,35.64,782,372987,373497
[Recv] <<< 23:c9:cc:4b:a0:3a,37523,-31,5032,74.13,35.64,35,373022,373532
[Recv] <<< 23:c9:cc:4b:a0:3a,37524,-31,5033,74.12,35.64,37,373059,373569
[Recv] <<< 23:c9:cc:4b:a0:3a,37530,-37,5034,74.15,35.64,211,373270,373780
[Recv] <<< 23:c9:cc:4b:a0:3a,37531,-37,5035,74.14,35.64,36,373306,373816
[Recv] <<< 23:c9:cc:4b:a0:3a,37532,-37,5036,74.13,35.64,35,373341,373851
[Recv] <<< 23:c9:cc:4b:a0:3a,37533,-37,5037,74.13,35.64,38,373379,373889
[Recv] <<< 23:c9:cc:4b:a0:3a,37535,-28,5038,74.13,35.64,82,373461,373971
[Recv] <<< 23:c9:cc:4b:a0:3a,37537,-28,5039,74.13,35.64,69,373530,374040
[Recv] <<< 23:c9:cc:4b:a0:3a,37538,-28,5040,74.12,35.64,26,373556,374066
[Recv] <<< 23:c9:cc:4b:a0:3a,37539,-37,5041,74.11,35.64,33,373589,374099
[Recv] <<< 23:c9:cc:4b:a0:3a,37540,-37,5042,74.10,35.64,30,373619,374129
[Recv] <<< 23:c9:cc:4b:a0:3a,37541,-38,5043,74.09,35.64,33,373652,374162
[Recv] <<< 23:c9:cc:4b:a0:3a,37542,-37,5044,74.09,35.64,36,373688,374198
[Recv] <<< 23:c9:cc:4b:a0:3a,37543,-28,5045,74.08,35.64,43,373731,374241
[Recv] <<< 23:c9:cc:4b:a0:3a,37550,-37,5046,74.11,35.64,234,373965,374475
[Recv] <<< 23:c9:cc:4b:a0:3a,37551,-37,5047,74.10,35.64,37,374002,374512
[Recv] <<< 23:c9:cc:4b:a0:3a,37552,-27,5048,74.10,35.64,44,374046,374556
[Recv] <<< 23:c9:cc:4b:a0:3a,37553,-28,5049,74.09,35.64,38,374084,374594
[Recv] <<< 23:c9:cc:4b:a0:3a,37554,-31,5050,74.08,35.64,39,374123,374633
[Recv] <<< 23:c9:cc:4b:a0:3a,37561,-31,5051,74.12,35.64,241,374364,374874
[Recv] <<< 23:c9:cc:4b:a0:3a,37562,-31,5052,74.11,35.64,32,374396,374906
[Recv] <<< 23:c9:cc:4b:a0:3a,37594,-37,5053,74.32,35.64,1148,375544,376054
[Recv] <<< 23:c9:cc:4b:a0:3a,37598,-30,5054,74.33,35.64,132,375676,376186
[Recv] <<< 23:c9:cc:4b:a0:3a,37643,-31,5055,74.63,35.63,1554,377230,377740
[Recv] <<< 23:c9:cc:4b:a0:3a,37644,-37,5056,74.62,35.63,33,377263,377773
[Recv] <<< 23:c9:cc:4b:a0:3a,37646,-37,5057,74.62,35.63,73,377336,377846
[Recv] <<< 23:c9:cc:4b:a0:3a,37647,-38,5058,74.61,35.63,36,377372,377882
[Recv] <<< 23:c9:cc:4b:a0:3a,37648,-37,5059,74.60,35.63,29,377401,377911
[Recv] <<< 23:c9:cc:4b:a0:3a,37649,-37,5060,74.59,35.63,32,377433,377943
[Recv] <<< 23:c9:cc:4b:a0:3a,37650,-38,5061,74.58,35.63,41,377474,377984
[Recv] <<< 23:c9:cc:4b:a0:3a,37651,-38,5062,74.58,35.63,26,377500,378010
[Recv] <<< 23:c9:cc:4b:a0:3a,37652,-37,5063,74.57,35.63,38,377538,378048
[Recv] <<< 23:c9:cc:4b:a0:3a,37653,-37,5064,74.56,35.63,37,377575,378085
[Recv] <<< 23:c9:cc:4b:a0:3a,37654,-28,5065,74.55,35.63,37,377612,378122
[Recv] <<< 23:c9:cc:4b:a0:3a,37655,-28,5066,74.55,35.63,43,377655,378165
[Recv] <<< 23:c9:cc:4b:a0:3a,37656,-28,5067,74.54,35.63,31,377686,378196
[Recv] <<< 23:c9:cc:4b:a0:3a,37657,-30,5068,74.53,35.63,37,377723,378233
[Recv] <<< 23:c9:cc:4b:a0:3a,37658,-28,5069,74.52,35.63,34,377757,378267
[Recv] <<< 23:c9:cc:4b:a0:3a,37659,-27,5070,74.51,35.63,32,377789,378299
[Recv] <<< 23:c9:cc:4b:a0:3a,37660,-28,5071,74.51,35.63,36,377825,378335
[Recv] <<< 23:c9:cc:4b:a0:3a,37661,-28,5072,74.50,35.63,39,377864,378374
[Recv] <<< 23:c9:cc:4b:a0:3a,37662,-28,5073,74.49,35.63,36,377900,378410
[Recv] <<< 23:c9:cc:4b:a0:3a,37663,-28,5074,74.48,35.63,35,377935,378445
[Recv] <<< 23:c9:cc:4b:a0:3a,37664,-31,5075,74.48,35.63,36,377971,378481
[Recv] <<< 23:c9:cc:4b:a0:3a,37665,-31,5076,74.47,35.63,37,378008,378518
[Recv] <<< 23:c9:cc:4b:a0:3a,37682,-28,5077,74.57,35.63,566,378574,379084
[Recv] <<< 23:c9:cc:4b:a0:3a,37683,-27,5078,74.56,35.63,36,378610,379120
[Recv] <<< 23:c9:cc:4b:a0:3a,37684,-28,5079,74.55,35.63,36,378646,379156
[Recv] <<< 23:c9:cc:4b:a0:3a,37685,-37,5080,74.54,35.63,25,378671,379181
[Recv] <<< 23:c9:cc:4b:a0:3a,37687,-37,5081,74.54,35.63,72,378743,379253
[Recv] <<< 23:c9:cc:4b:a0:3a,37688,-37,5082,74.53,35.63,39,378782,379292
[Recv] <<< 23:c9:cc:4b:a0:3a,37689,-37,5083,74.52,35.63,27,378809,379319
[Recv] <<< 23:c9:cc:4b:a0:3a,37690,-38,5084,74.52,35.63,34,378843,379353
[Recv] <<< 23:c9:cc:4b:a0:3a,37691,-37,5085,74.51,35.63,33,378876,379386
[Recv] <<< 23:c9:cc:4b:a0:3a,37692,-37,5086,74.50,35.62,30,378906,379416
[Recv] <<< 23:c9:cc:4b:a0:3a,37766,-31,5087,74.98,35.61,2499,381405,381915
[Recv] <<< 23:c9:cc:4b:a0:3a,37767,-31,5088,74.97,35.61,31,381436,381946
[Recv] <<< 23:c9:cc:4b:a0:3a,37768,-31,5089,74.96,35.61,40,381476,381986
[Recv] <<< 23:c9:cc:4b:a0:3a,37770,-28,5090,74.96,35.61,58,381534,382044
[Recv] <<< 23:c9:cc:4b:a0:3a,37771,-28,5091,74.95,35.61,34,381568,382078
[Recv] <<< 23:c9:cc:4b:a0:3a,37772,-28,5092,74.94,35.61,30,381598,382108
[Recv] <<< 23:c9:cc:4b:a0:3a,37773,-28,5093,74.93,35.61,39,381637,382147
[Recv] <<< 23:c9:cc:4b:a0:3a,37775,-31,5094,74.93,35.61,73,381710,382220
[Recv] <<< 23:c9:cc:4b:a0:3a,37776,-31,5095,74.93,35.61,34,381744,382254
[Recv] <<< 23:c9:cc:4b:a0:3a,37777,-31,5096,74.92,35.61,32,381776,382286
[Recv] <<< 23:c9:cc:4b:a0:3a,37785,-28,5097,74.96,35.61,273,382049,382559
[Recv] <<< 23:c9:cc:4b:a0:3a,37786,-28,5098,74.95,35.61,36,382085,382595
[Recv] <<< 23:c9:cc:4b:a0:3a,37787,-28,5099,74.94,35.61,34,382119,382629
[Recv] <<< 23:c9:cc:4b:a0:3a,37792,-31,5100,74.96,35.61,168,382287,382797
[Recv] <<< 23:c9:cc:4b:a0:3a,37811,-28,5101,75.07,35.61,647,382934,383444
[Recv] <<< 23:c9:cc:4b:a0:3a,37813,-27,5102,75.07,35.60,62,382996,383506
[Recv] <<< 23:c9:cc:4b:a0:3a,37814,-28,5103,75.06,35.60,36,383032,383542
[Recv] <<< 23:c9:cc:4b:a0:3a,37816,-37,5104,75.06,35.60,63,383095,383605
[Recv] <<< 23:c9:cc:4b:a0:3a,37817,-37,5105,75.05,35.60,34,383129,383639
[Recv] <<< 23:c9:cc:4b:a0:3a,37818,-28,5106,75.04,35.60,39,383168,383678
[Recv] <<< 23:c9:cc:4b:a0:3a,37819,-28,5107,75.03,35.60,32,383200,383710
[Recv] <<< 23:c9:cc:4b:a0:3a,37821,-40,5108,75.03,35.60,70,383270,383780
[Recv] <<< 23:c9:cc:4b:a0:3a,37822,-37,5109,75.02,35.60,32,383302,383812
[Recv] <<< 23:c9:cc:4b:a0:3a,37823,-37,5110,75.02,35.60,30,383332,383842
[Recv] <<< 23:c9:cc:4b:a0:3a,37824,-28,5111,75.01,35.60,40,383372,383882
[Recv] <<< 23:c9:cc:4b:a0:3a,37825,-28,5112,75.00,35.60,33,383405,383915
[Recv] <<< 23:c9:cc:4b:a0:3a,37826,-28,5113,74.99,35.60,38,383443,383953
[Recv] <<< 23:c9:cc:4b:a0:3a,37829,-27,5114,75.00,35.60,101,383544,384054
[Recv] <<< 23:c9:cc:4b:a0:3a,37852,-37,5115,75.14,35.60,786,384330,384840
[Recv] <<< 23:c9:cc:4b:a0:3a,37853,-37,5116,75.13,35.60,30,384360,384870
[Recv] <<< 23:c9:cc:4b:a0:3a,37854,-37,5117,75.12,35.60,35,384395,384905
[Recv] <<< 23:c9:cc:4b:a0:3a,37855,-37,5118,75.11,35.60,33,384428,384938
[Recv] <<< 23:c9:cc:4b:a0:3a,37857,-37,5119,75.11,35.60,69,384497,385007
[Recv] <<< 23:c9:cc:4b:a0:3a,37858,-37,5120,75.10,35.60,33,384530,385040
[Recv] <<< 23:c9:cc:4b:a0:3a,37861,-31,5121,75.11,35.60,109,384639,385149
[Recv] <<< 23:c9:cc:4b:a0:3a,37863,-37,5122,75.11,35.60,69,384708,385218
[Recv] <<< 23:c9:cc:4b:a0:3a,37864,-31,5123,75.10,35.60,29,384737,385247
[Recv] <<< 23:c9:cc:4b:a0:3a,37865,-31,5124,75.09,35.60,38,384775,385285
[Recv] <<< 23:c9:cc:4b:a0:3a,37866,-31,5125,75.08,35.60,30,384805,385315
[Recv] <<< 23:c9:cc:4b:a0:3a,37868,-28,5126,75.08,35.60,63,384868,385378
[Recv] <<< 23:c9:cc:4b:a0:3a,37869,-27,5127,75.07,35.60,28,384896,385406
[Recv] <<< 23:c9:cc:4b:a0:3a,37870,-27,5128,75.06,35.60,31,384927,385437
[Recv] <<< 23:c9:cc:4b:a0:3a,37872,-28,5129,75.06,35.60,69,384996,385506
[Recv] <<< 23:c9:cc:4b:a0:3a,37873,-28,5130,75.06,35.60,38,385034,385544
[Recv] <<< 23:c9:cc:4b:a0:3a,37875,-28,5131,75.05,35.60,72,385106,385616
[Recv] <<< 23:c9:cc:4b:a0:3a,37876,-28,5132,75.05,35.60,37,385143,385653
[Recv] <<< 23:c9:cc:4b:a0:3a,37884,-31,5133,75.08,35.59,251,385394,385904
[Recv] <<< 23:c9:cc:4b:a0:3a,37885,-30,5134,75.07,35.59,40,385434,385944
[Recv] <<< 23:c9:cc:4b:a0:3a,37888,-31,5135,75.08,35.59,103,385537,386047
[Recv] <<< 23:c9:cc:4b:a0:3a,37889,-31,5136,75.07,35.59,39,385576,386086
[Recv] <<< 23:c9:cc:4b:a0:3a,37890,-31,5137,75.06,35.59,30,385606,386116
[Recv] <<< 23:c9:cc:4b:a0:3a,37894,-28,5138,75.07,35.59,128,385734,386244
[Recv] <<< 23:c9:cc:4b:a0:3a,37919,-31,5139,75.22,35.59,834,386568,387078
[Recv] <<< 23:c9:cc:4b:a0:3a,37920,-31,5140,75.21,35.59,34,386602,387112
[Recv] <<< 23:c9:cc:4b:a0:3a,37921,-38,5141,75.21,35.59,41,386643,387153
[Recv] <<< 23:c9:cc:4b:a0:3a,37922,-38,5142,75.20,35.59,38,386681,387191
[Recv] <<< 23:c9:cc:4b:a0:3a,37923,-37,5143,75.19,35.59,30,386711,387221
[Recv] <<< 23:c9:cc:4b:a0:3a,37924,-37,5144,75.18,35.59,32,386743,387253
[Recv] <<< 23:c9:cc:4b:a0:3a,37925,-37,5145,75.18,35.59,33,386776,387286
[Recv] <<< 23:c9:cc:4b:a0:3a,37937,-31,5146,75.24,35.58,404,387180,387690
[Recv] <<< 23:c9:cc:4b:a0:3a,37938,-37,5147,75.23,35.58,38,387218,387728
[Recv] <<< 23:c9:cc:4b:a0:3a,37939,-37,5148,75.22,35.58,37,387255,387765
[Recv] <<< 23:c9:cc:4b:a0:3a,37940,-37,5149,75.22,35.58,28,387283,387793
[Recv] <<< 23:c9:cc:4b:a0:3a,37941,-37,5150,75.21,35.58,41,387324,387834
[Recv] <<< 23:c9:cc:4b:a0:3a,37944,-28,5151,75.22,35.58,110,387434,387944
[Recv] <<< 23:c9:cc:4b:a0:3a,37945,-28,5152,75.21,35.58,34,387468,387978
[Recv] <<< 23:c9:cc:4b:a0:3a,37946,-27,5153,75.20,35.58,28,387496,388006
[Recv] <<< 23:c9:cc:4b:a0:3a,37947,-27,5154,75.19,35.58,37,387533,388043
[Recv] <<< 23:c9:cc:4b:a0:3a,37948,-27,5155,75.18,35.58,34,387567,388077
[Recv] <<< 23:c9:cc:4b:a0:3a,37949,-28,5156,75.17,35.58,30,387597,388107
[Recv] <<< 23:c9:cc:4b:a0:3a,37950,-28,5157,75.17,35.58,30,387627,388137
[Recv] <<< 23:c9:cc:4b:a0:3a,37951,-28,5158,75.16,35.58,31,387658,388168
[Recv] <<< 23:c9:cc:4b:a0:3a,37953,-38,5159,75.15,35.58,64,387722,388232
[Recv] <<< 23:c9:cc:4b:a0:3a,37954,-37,5160,75.15,35.58,31,387753,388263
[Recv] <<< 23:c9:cc:4b:a0:3a,37955,-37,5161,75.14,35.58,33,387786,388296
[Recv] <<< 23:c9:cc:4b:a0:3a,37957,-37,5162,75.14,35.58,67,387853,388363
[Recv] <<< 23:c9:cc:4b:a0:3a,37958,-31,5163,75.13,35.58,25,387878,388388
[Recv] <<< 23:c9:cc:4b:a0:3a,37959,-31,5164,75.12,35.58,38,387916,388426
[Recv] <<< 23:c9:cc:4b:a0:3a,37960,-31,5165,75.11,35.58,33,387949,388459
[Recv] <<< 23:c9:cc:4b:a0:3a,37961,-31,5166,75.10,35.58,33,387982,388492
[Recv] <<< 23:c9:cc:4b:a0:3a,37964,-28,5167,75.11,35.58,93,388075,388585
[Recv] <<< 23:c9:cc:4b:a0:3a,37965,-27,5168,75.10,35.58,32,388107,388617
[Recv] <<< 23:c9:cc:4b:a0:3a,37966,-28,5169,75.09,35.58,31,388138,388648
[Recv] <<< 23:c9:cc:4b:a0:3a,37967,-28,5170,75.08,35.58,40,388178,388688
[Recv] <<< 23:c9:cc:4b:a0:3a,37968,-28,5171,75.07,35.58,26,388204,388714
[Recv] <<< 23:c9:cc:4b:a0:3a,37969,-28,5172,75.07,35.58,35,388239,388749
[Recv] <<< 23:c9:cc:4b:a0:3a,37970,-27,5173,75.06,35.58,36,388275,388785
[Recv] <<< 23:c9:cc:4b:a0:3a,37971,-28,5174,75.05,35.58,32,388307,388817
[Recv] <<< 23:c9:cc:4b:a0:3a,37997,-27,5175,75.21,35.57,892,389199,389709
[Recv] <<< 23:c9:cc:4b:a0:3a,37998,-28,5176,75.20,35.57,37,389236,389746
[Recv] <<< 23:c9:cc:4b:a0:3a,37999,-28,5177,75.19,35.57,30,389266,389776
[Recv] <<< 23:c9:cc:4b:a0:3a,38003,-31,5178,75.20,35.57,143,389409,389919
[Recv] <<< 23:c9:cc:4b:a0:3a,38014,-31,5179,75.26,35.57,382,389791,390301
[Recv] <<< 23:c9:cc:4b:a0:3a,38017,-31,5180,75.27,35.57,107,389898,390408
[Recv] <<< 23:c9:cc:4b:a0:3a,38018,-31,5181,75.26,35.57,34,389932,390442
[Recv] <<< 23:c9:cc:4b:a0:3a,38019,-31,5182,75.25,35.57,30,389962,390472
[Recv] <<< 23:c9:cc:4b:a0:3a,38020,-31,5183,75.25,35.57,36,389998,390508
[Recv] <<< 23:c9:cc:4b:a0:3a,38048,-38,5184,75.41,35.57,948,390946,391456
[Recv] <<< 23:c9:cc:4b:a0:3a,38049,-37,5185,75.41,35.57,32,390978,391488
[Recv] <<< 23:c9:cc:4b:a0:3a,38050,-37,5186,75.40,35.57,34,391012,391522
[Recv] <<< 23:c9:cc:4b:a0:3a,38051,-37,5187,75.39,35.57,30,391042,391552
[Recv] <<< 23:c9:cc:4b:a0:3a,38052,-37,5188,75.38,35.57,34,391076,391586
[Recv] <<< 23:c9:cc:4b:a0:3a,38053,-37,5189,75.37,35.57,33,391109,391619
[Recv] <<< 23:c9:cc:4b:a0:3a,38055,-31,5190,75.37,35.56,62,391171,391681
[Recv] <<< 23:c9:cc:4b:a0:3a,38056,-31,5191,75.36,35.56,32,391203,391713
[Recv] <<< 23:c9:cc:4b:a0:3a,38057,-31,5192,75.36,35.56,42,391245,391755
[Recv] <<< 23:c9:cc:4b:a0:3a,38058,-31,5193,75.35,35.56,27,391272,391782
[Recv] <<< 23:c9:cc:4b:a0:3a,38059,-31,5194,75.34,35.56,37,391309,391819
[Recv] <<< 23:c9:cc:4b:a0:3a,38060,-37,5195,75.33,35.56,38,391347,391857
[Recv] <<< 23:c9:cc:4b:a0:3a,38061,-37,5196,75.32,35.56,35,391382,391892
[Recv] <<< 23:c9:cc:4b:a0:3a,38074,-37,5197,75.40,35.56,450,391832,392342
[Recv] <<< 23:c9:cc:4b:a0:3a,38075,-37,5198,75.39,35.56,34,391866,392376
[Recv] <<< 23:c9:cc:4b:a0:3a,38076,-38,5199,75.38,35.56,31,391897,392407
[Recv] <<< 23:c9:cc:4b:a0:3a,38078,-37,5200,75.38,35.56,77,391974,392484
[Recv] <<< 23:c9:cc:4b:a0:3a,38079,-27,5201,75.37,35.56,38,392012,392522
[Recv] <<< 23:c9:cc:4b:a0:3a,38080,-28,5202,75.36,35.56,31,392043,392553
[Recv] <<< 23:c9:cc:4b:a0:3a,38081,-28,5203,75.36,35.56,31,392074,392584
[Recv] <<< 23:c9:cc:4b:a0:3a,38082,-28,5204,75.35,35.56,33,392107,392617
[Recv] <<< 23:c9:cc:4b:a0:3a,38083,-31,5205,75.34,35.56,41,392148,392658
[Recv] <<< 23:c9:cc:4b:a0:3a,38084,-27,5206,75.33,35.56,32,392180,392690
[Recv] <<< 23:c9:cc:4b:a0:3a,38085,-31,5207,75.33,35.56,44,392224,392734
[Recv] <<< 23:c9:cc:4b:a0:3a,38086,-27,5208,75.32,35.56,26,392250,392760
[Recv] <<< 23:c9:cc:4b:a0:3a,38087,-28,5209,75.31,35.56,35,392285,392795
[Recv] <<< 23:c9:cc:4b:a0:3a,38092,-31,5210,75.33,35.56,163,392448,392958
[Recv] <<< 23:c9:cc:4b:a0:3a,38093,-30,5211,75.32,35.56,35,392483,392993
[Recv] <<< 23:c9:cc:4b:a0:3a,38095,-31,5212,75.32,35.56,66,392549,393059
[Recv] <<< 23:c9:cc:4b:a0:3a,38096,-31,5213,75.31,35.56,37,392586,393096
[Recv] <<< 23:c9:cc:4b:a0:3a,38098,-31,5214,75.31,35.56,74,392660,393170
[Recv] <<< 23:c9:cc:4b:a0:3a,38099,-31,5215,75.30,35.56,33,392693,393203
[Recv] <<< 23:c9:cc:4b:a0:3a,38100,-31,5216,75.29,35.56,32,392725,393235
[Recv] <<< 23:c9:cc:4b:a0:3a,38104,-28,5217,75.30,35.56,131,392856,393366
[Recv] <<< 23:c9:cc:4b:a0:3a,38106,-27,5218,75.30,35.56,62,392918,393428
[Recv] <<< 23:c9:cc:4b:a0:3a,38107,-28,5219,75.30,35.56,48,392966,393476
[Recv] <<< 23:c9:cc:4b:a0:3a,38108,-28,5220,75.29,35.56,31,392997,393507
[Recv] <<< 23:c9:cc:4b:a0:3a,38109,-28,5221,75.28,35.56,40,393037,393547
[Recv] <<< 23:c9:cc:4b:a0:3a,38110,-28,5222,75.27,35.56,29,393066,393576
[Recv] <<< 23:c9:cc:4b:a0:3a,38111,-28,5223,75.26,35.56,31,393097,393607
[Recv] <<< 23:c9:cc:4b:a0:3a,38125,-28,5224,75.34,35.56,486,393583,394093
[Recv] <<< 23:c9:cc:4b:a0:3a,38127,-28,5225,75.34,35.56,69,393652,394162
[Recv] <<< 23:c9:cc:4b:a0:3a,38128,-28,5226,75.33,35.56,32,393684,394194
[Recv] <<< 23:c9:cc:4b:a0:3a,38129,-27,5227,75.32,35.56,34,393718,394228
[Recv] <<< 23:c9:cc:4b:a0:3a,38136,-28,5228,75.36,35.56,241,393959,394469
[Recv] <<< 23:c9:cc:4b:a0:3a,38137,-28,5229,75.35,35.56,36,393995,394505
[Recv] <<< 23:c9:cc:4b:a0:3a,38138,-37,5230,75.34,35.55,24,394019,394529
[Recv] <<< 23:c9:cc:4b:a0:3a,38140,-37,5231,75.34,35.55,72,394091,394601
[Recv] <<< 23:c9:cc:4b:a0:3a,38150,-31,5232,75.39,35.55,339,394430,394940
[Recv] <<< 23:c9:cc:4b:a0:3a,38151,-37,5233,75.38,35.55,41,394471,394981
[Recv] <<< 23:c9:cc:4b:a0:3a,38152,-31,5234,75.37,35.55,30,394501,395011
[Recv] <<< 23:c9:cc:4b:a0:3a,38153,-31,5235,75.36,35.55,34,394535,395045
[Recv] <<< 23:c9:cc:4b:a0:3a,38154,-31,5236,75.36,35.55,33,394568,395078
[Recv] <<< 23:c9:cc:4b:a0:3a,38155,-30,5237,75.35,35.55,38,394606,395116
[Recv] <<< 23:c9:cc:4b:a0:3a,38162,-31,5238,75.38,35.55,244,394850,395360
[Recv] <<< 23:c9:cc:4b:a0:3a,38163,-31,5239,75.37,35.55,35,394885,395395
[Recv] <<< 23:c9:cc:4b:a0:3a,38168,-28,5240,75.40,35.55,191,395076,395586
[Recv] <<< 23:c9:cc:4b:a0:3a,38169,-28,5241,75.39,35.55,38,395114,395624
[Recv] <<< 23:c9:cc:4b:a0:3a,38171,-28,5242,75.39,35.55,70,395184,395694
[Recv] <<< 23:c9:cc:4b:a0:3a,38172,-28,5243,75.38,35.55,30,395214,395724
[Recv] <<< 23:c9:cc:4b:a0:3a,38173,-28,5244,75.37,35.55,37,395251,395761
[Recv] <<< 23:c9:cc:4b:a0:3a,38174,-27,5245,75.36,35.55,28,395279,395789
[Recv] <<< 23:c9:cc:4b:a0:3a,38175,-38,5246,75.35,35.55,32,395311,395821
[Recv] <<< 23:c9:cc:4b:a0:3a,38176,-37,5247,75.35,35.55,37,395348,395858
[Recv] <<< 23:c9:cc:4b:a0:3a,38184,-28,5248,75.39,35.55,293,395641,396151
[Recv] <<< 23:c9:cc:4b:a0:3a,38188,-31,5249,75.40,35.55,142,395783,396293
[Recv] <<< 23:c9:cc:4b:a0:3a,38189,-31,5250,75.40,35.55,41,395824,396334
[Recv] <<< 23:c9:cc:4b:a0:3a,38193,-31,5251,75.41,35.55,132,395956,396466
[Recv] <<< 23:c9:cc:4b:a0:3a,38195,-31,5252,75.40,35.55,65,396021,396531
[Recv] <<< 23:c9:cc:4b:a0:3a,38196,-28,5253,75.40,35.55,32,396053,396563
[Recv] <<< 23:c9:cc:4b:a0:3a,38197,-27,5254,75.39,35.55,36,396089,396599
[Recv] <<< 23:c9:cc:4b:a0:3a,38198,-31,5255,75.38,35.55,41,396130,396640
[Recv] <<< 23:c9:cc:4b:a0:3a,38199,-31,5256,75.37,35.55,39,396169,396679
[Recv] <<< 23:c9:cc:4b:a0:3a,38200,-31,5257,75.37,35.55,30,396199,396709
[Recv] <<< 23:c9:cc:4b:a0:3a,38201,-31,5258,75.36,35.55,44,396243,396753
[Recv] <<< 23:c9:cc:4b:a0:3a,38203,-28,5259,75.36,35.55,57,396300,396810
[Recv] <<< 23:c9:cc:4b:a0:3a,38204,-27,5260,75.35,35.55,31,396331,396841
[Recv] <<< 23:c9:cc:4b:a0:3a,38205,-28,5261,75.34,35.55,32,396363,396873
[Recv] <<< 23:c9:cc:4b:a0:3a,38206,-28,5262,75.33,35.55,34,396397,396907
[Recv] <<< 23:c9:cc:4b:a0:3a,38208,-27,5263,75.33,35.55,74,396471,396981
[Recv] <<< 23:c9:cc:4b:a0:3a,38209,-28,5264,75.32,35.55,36,396507,397017
[Recv] <<< 23:c9:cc:4b:a0:3a,38210,-28,5265,75.32,35.55,30,396537,397047
[Recv] <<< 23:c9:cc:4b:a0:3a,38211,-28,5266,75.31,35.55,40,396577,397087
[Recv] <<< 23:c9:cc:4b:a0:3a,38212,-28,5267,75.30,35.55,35,396612,397122
[Recv] <<< 23:c9:cc:4b:a0:3a,38213,-27,5268,75.29,35.55,29,396641,397151
[Recv] <<< 23:c9:cc:4b:a0:3a,38214,-27,5269,75.29,35.55,36,396677,397187
[Recv] <<< 23:c9:cc:4b:a0:3a,38216,-28,5270,75.28,35.55,65,396742,397252
[Recv] <<< 23:c9:cc:4b:a0:3a,38217,-28,5271,75.28,35.55,34,396776,397286
[Recv] <<< 23:c9:cc:4b:a0:3a,38218,-31,5272,75.27,35.55,49,396825,397335
[Recv] <<< 23:c9:cc:4b:a0:3a,38219,-31,5273,75.26,35.55,31,396856,397366
[Recv] <<< 23:c9:cc:4b:a0:3a,38220,-31,5274,75.26,35.55,39,396895,397405
[Recv] <<< 23:c9:cc:4b:a0:3a,38221,-31,5275,75.25,35.55,31,396926,397436
[Recv] <<< 23:c9:cc:4b:a0:3a,38222,-31,5276,75.24,35.55,37,396963,397473
[Recv] <<< 23:c9:cc:4b:a0:3a,38223,-38,5277,75.23,35.55,41,397004,397514
[Recv] <<< 23:c9:cc:4b:a0:3a,38224,-37,5278,75.22,35.55,32,397036,397546
[Recv] <<< 23:c9:cc:4b:a0:3a,38225,-37,5279,75.22,35.55,42,397078,397588
[Recv] <<< 23:c9:cc:4b:a0:3a,38227,-37,5280,75.22,35.55,73,397151,397661
[Recv] <<< 23:c9:cc:4b:a0:3a,38229,-28,5281,75.22,35.55,80,397231,397741
[Recv] <<< 23:c9:cc:4b:a0:3a,38230,-28,5282,75.21,35.55,37,397268,397778
[Recv] <<< 23:c9:cc:4b:a0:3a,38232,-28,5283,75.21,35.55,67,397335,397845
[Recv] <<< 23:c9:cc:4b:a0:3a,38233,-31,5284,75.20,35.55,48,397383,397893
[Recv] <<< 23:c9:cc:4b:a0:3a,38234,-31,5285,75.20,35.55,33,397416,397926
[Recv] <<< 23:c9:cc:4b:a0:3a,38235,-31,5286,75.19,35.55,40,397456,397966
[Recv] <<< 23:c9:cc:4b:a0:3a,38237,-37,5287,75.19,35.55,76,397532,398042
[Recv] <<< 23:c9:cc:4b:a0:3a,38238,-37,5288,75.18,35.55,40,397572,398082
[Recv] <<< 23:c9:cc:4b:a0:3a,38239,-28,5289,75.18,35.56,43,397615,398125
[Recv] <<< 23:c9:cc:4b:a0:3a,38240,-30,5290,75.17,35.56,40,397655,398165
[Recv] <<< 23:c9:cc:4b:a0:3a,38241,-31,5291,75.17,35.56,45,397700,398210
[Recv] <<< 23:c9:cc:4b:a0:3a,38242,-31,5292,75.16,35.56,35,397735,398245
[Recv] <<< 23:c9:cc:4b:a0:3a,38243,-31,5293,75.15,35.56,34,397769,398279
[Recv] <<< 23:c9:cc:4b:a0:3a,38244,-37,5294,75.14,35.56,39,397808,398318
[Recv] <<< 23:c9:cc:4b:a0:3a,38249,-31,5295,75.17,35.56,200,398008,398518
[Recv] <<< 23:c9:cc:4b:a0:3a,38253,-27,5296,75.18,35.56,159,398167,398677
[Recv] <<< 23:c9:cc:4b:a0:3a,38254,-30,5297,75.18,35.56,42,398209,398719
[Recv] <<< 23:c9:cc:4b:a0:3a,38255,-37,5298,75.17,35.56,51,398260,398770
[Recv] <<< 23:c9:cc:4b:a0:3a,38256,-37,5299,75.16,35.56,34,398294,398804
[Recv] <<< 23:c9:cc:4b:a0:3a,38257,-27,5300,75.16,35.56,44,398338,398848
[Recv] <<< 23:c9:cc:4b:a0:3a,38258,-31,5301,75.15,35.56,45,398383,398893
[Recv] <<< 23:c9:cc:4b:a0:3a,38260,-38,5302,75.15,35.56,81,398464,398974
[Recv] <<< 23:c9:cc:4b:a0:3a,38262,-28,5303,75.15,35.57,80,398544,399054
[Recv] <<< 23:c9:cc:4b:a0:3a,38264,-31,5304,75.16,35.57,85,398629,399139
[Recv] <<< 23:c9:cc:4b:a0:3a,38272,-28,5305,75.20,35.57,332,398961,399471
[Recv] <<< 23:c9:cc:4b:a0:3a,38273,-28,5306,75.20,35.57,35,398996,399506
[Recv] <<< 23:c9:cc:4b:a0:3a,38276,-38,5307,75.21,35.57,130,399126,399636
[Recv] <<< 23:c9:cc:4b:a0:3a,38277,-28,5308,75.20,35.57,41,399167,399677
[Recv] <<< 23:c9:cc:4b:a0:3a,38278,-31,5309,75.20,35.57,47,399214,399724
[Recv] <<< 23:c9:cc:4b:a0:3a,38280,-37,5310,75.20,35.58,82,399296,399806
[Recv] <<< 23:c9:cc:4b:a0:3a,38281,-28,5311,75.19,35.58,44,399340,399850
[Recv] <<< 23:c9:cc:4b:a0:3a,38283,-37,5312,75.19,35.58,85,399425,399935
[Recv] <<< 23:c9:cc:4b:a0:3a,38285,-28,5313,75.19,35.58,85,399510,400020
[Recv] <<< 23:c9:cc:4b:a0:3a,38286,-31,5314,75.19,35.58,40,399550,400060
[Recv] <<< 23:c9:cc:4b:a0:3a,38287,-37,5315,75.18,35.58,44,399594,400104
[Recv] <<< 23:c9:cc:4b:a0:3a,38289,-28,5316,75.18,35.58,86,399680,400190
[Recv] <<< 23:c9:cc:4b:a0:3a,38291,-37,5317,75.19,35.58,86,399766,400276
[Recv] <<< 23:c9:cc:4b:a0:3a,38292,-38,5318,75.18,35.58,41,399807,400317
[Recv] <<< 23:c9:cc:4b:a0:3a,38293,-28,5319,75.17,35.58,42,399849,400359
[Recv] <<< 23:c9:cc:4b:a0:3a,38294,-31,5320,75.17,35.58,51,399900,400410
[Recv] <<< 23:c9:cc:4b:a0:3a,38305,-37,5321,75.24,35.59,457,400357,400867
[Recv] <<< 23:c9:cc:4b:a0:3a,38306,-28,5322,75.23,35.59,42,400399,400909
[Recv] <<< 23:c9:cc:4b:a0:3a,38307,-31,5323,75.23,35.59,44,400443,400953
[Recv] <<< 23:c9:cc:4b:a0:3a,38309,-37,5324,75.23,35.59,85,400528,401038
[Recv] <<< 23:c9:cc:4b:a0:3a,38310,-28,5325,75.22,35.59,41,400569,401079
[Recv] <<< 23:c9:cc:4b:a0:3a,38312,-31,5326,75.23,35.59,82,400651,401161
[Recv] <<< 23:c9:cc:4b:a0:3a,38316,-27,5327,75.24,35.60,165,400816,401326
[Recv] <<< 23:c9:cc:4b:a0:3a,38319,-37,5328,75.25,35.60,134,400950,401460
[Recv] <<< 23:c9:cc:4b:a0:3a,38320,-28,5329,75.25,35.60,41,400991,401501
[Recv] <<< 23:c9:cc:4b:a0:3a,38321,-28,5330,75.24,35.60,42,401033,401543
[Recv] <<< 23:c9:cc:4b:a0:3a,38322,-31,5331,75.23,35.60,37,401070,401580
[Recv] <<< 23:c9:cc:4b:a0:3a,38323,-31,5332,75.23,35.60,42,401112,401622
[Recv] <<< 23:c9:cc:4b:a0:3a,38324,-37,5333,75.22,35.60,43,401155,401665
[Recv] <<< 23:c9:cc:4b:a0:3a,38326,-28,5334,75.22,35.60,80,401235,401745
[Recv] <<< 23:c9:cc:4b:a0:3a,38327,-31,5335,75.22,35.60,46,401281,401791
[Recv] <<< 23:c9:cc:4b:a0:3a,38328,-37,5336,75.21,35.60,45,401326,401836
[Recv] <<< 23:c9:cc:4b:a0:3a,38329,-28,5337,75.20,35.60,38,401364,401874
[Recv] <<< 23:c9:cc:4b:a0:3a,38330,-31,5338,75.20,35.61,47,401411,401921
[Recv] <<< 23:c9:cc:4b:a0:3a,38331,-31,5339,75.19,35.61,41,401452,401962
[Recv] <<< 23:c9:cc:4b:a0:3a,38332,-31,5340,75.18,35.61,30,401482,401992
[Recv] <<< 23:c9:cc:4b:a0:3a,38333,-38,5341,75.18,35.61,44,401526,402036
[Recv] <<< 23:c9:cc:4b:a0:3a,38334,-37,5342,75.17,35.61,41,401567,402077
[Recv] <<< 23:c9:cc:4b:a0:3a,38335,-28,5343,75.16,35.61,38,401605,402115
[Recv] <<< 23:c9:cc:4b:a0:3a,38348,-31,5344,75.25,35.61,548,402153,402663
[Recv] <<< 23:c9:cc:4b:a0:3a,38349,-37,5345,75.25,35.61,40,402193,402703
[Recv] <<< 23:c9:cc:4b:a0:3a,38351,-28,5346,75.25,35.62,88,402281,402791
[Recv] <<< 23:c9:cc:4b:a0:3a,38352,-31,5347,75.24,35.62,37,402318,402828
[Recv] <<< 23:c9:cc:4b:a0:3a,38354,-37,5348,75.24,35.62,82,402400,402910
[Recv] <<< 23:c9:cc:4b:a0:3a,38355,-28,5349,75.24,35.62,43,402443,402953
[Recv] <<< 23:c9:cc:4b:a0:3a,38356,-31,5350,75.23,35.62,42,402485,402995
[Recv] <<< 23:c9:cc:4b:a0:3a,38357,-37,5351,75.23,35.62,46,402531,403041
[Recv] <<< 23:c9:cc:4b:a0:3a,38374,-30,5352,75.35,35.63,721,403252,403762
[Recv] <<< 23:c9:cc:4b:a0:3a,38375,-37,5353,75.34,35.63,43,403295,403805
[Recv] <<< 23:c9:cc:4b:a0:3a,38390,-31,5354,75.44,35.64,613,403908,404418
[Recv] <<< 23:c9:cc:4b:a0:3a,38391,-37,5355,75.43,35.64,44,403952,404462
[Recv] <<< 23:c9:cc:4b:a0:3a,38394,-31,5356,75.44,35.64,131,404083,404593
[Recv] <<< 23:c9:cc:4b:a0:3a,38395,-37,5357,75.44,35.64,37,404120,404630
[Recv] <<< 23:c9:cc:4b:a0:3a,38398,-31,5358,75.45,35.64,122,404242,404752
[Recv] <<< 23:c9:cc:4b:a0:3a,38399,-37,5359,75.44,35.64,43,404285,404795
[Recv] <<< 23:c9:cc:4b:a0:3a,38400,-37,5360,75.43,35.64,38,404323,404833
[Recv] <<< 23:c9:cc:4b:a0:3a,38401,-28,5361,75.43,35.64,48,404371,404881
[Recv] <<< 23:c9:cc:4b:a0:3a,38402,-31,5362,75.42,35.64,37,404408,404918
[Recv] <<< 23:c9:cc:4b:a0:3a,38403,-31,5363,75.42,35.64,44,404452,404962
[Recv] <<< 23:c9:cc:4b:a0:3a,38406,-28,5364,75.42,35.65,120,404572,405082
[Recv] <<< 23:c9:cc:4b:a0:3a,38407,-28,5365,75.42,35.65,36,404608,405118
[Recv] <<< 23:c9:cc:4b:a0:3a,38408,-31,5366,75.41,35.65,43,404651,405161
[Recv] <<< 23:c9:cc:4b:a0:3a,38417,-28,5367,75.47,35.65,375,405026,405536
[Recv] <<< 23:c9:cc:4b:a0:3a,38419,-31,5368,75.47,35.65,84,405110,405620
[Recv] <<< 23:c9:cc:4b:a0:3a,38425,-31,5369,75.50,35.65,241,405351,405861
[Recv] <<< 23:c9:cc:4b:a0:3a,38426,-37,5370,75.49,35.65,39,405390,405900
[Recv] <<< 23:c9:cc:4b:a0:3a,38427,-37,5371,75.49,35.66,46,405436,405946
[Recv] <<< 23:c9:cc:4b:a0:3a,38428,-28,5372,75.48,35.66,41,405477,405987
[Recv] <<< 23:c9:cc:4b:a0:3a,38429,-28,5373,75.47,35.66,44,405521,406031
[Recv] <<< 23:c9:cc:4b:a0:3a,38430,-28,5374,75.47,35.66,33,405554,406064
[Recv] <<< 23:c9:cc:4b:a0:3a,38431,-31,5375,75.46,35.66,41,405595,406105
[Recv] <<< 23:c9:cc:4b:a0:3a,38432,-31,5376,75.45,35.66,40,405635,406145
[Recv] <<< 23:c9:cc:4b:a0:3a,38435,-28,5377,75.46,35.66,123,405758,406268
[Recv] <<< 23:c9:cc:4b:a0:3a,38436,-31,5378,75.45,35.66,35,405793,406303
[Recv] <<< 23:c9:cc:4b:a0:3a,38437,-31,5379,75.45,35.66,41,405834,406344
[Recv] <<< 23:c9:cc:4b:a0:3a,38438,-37,5380,75.44,35.66,42,405876,406386
[Recv] <<< 23:c9:cc:4b:a0:3a,38439,-28,5381,75.44,35.66,42,405918,406428
[Recv] <<< 23:c9:cc:4b:a0:3a,38440,-28,5382,75.43,35.66,39,405957,406467
[Recv] <<< 23:c9:cc:4b:a0:3a,38441,-31,5383,75.42,35.66,47,406004,406514
[Recv] <<< 23:c9:cc:4b:a0:3a,38444,-28,5384,75.43,35.66,119,406123,406633
[Recv] <<< 23:c9:cc:4b:a0:3a,38445,-28,5385,75.43,35.66,44,406167,406677
[Recv] <<< 23:c9:cc:4b:a0:3a,38453,-37,5386,75.47,35.67,329,406496,407006
[Recv] <<< 23:c9:cc:4b:a0:3a,38454,-28,5387,75.47,35.67,41,406537,407047
[Recv] <<< 23:c9:cc:4b:a0:3a,38455,-28,5388,75.46,35.67,34,406571,407081
[Recv] <<< 23:c9:cc:4b:a0:3a,38458,-37,5389,75.47,35.67,127,406698,407208
[Recv] <<< 23:c9:cc:4b:a0:3a,38459,-37,5390,75.46,35.67,39,406737,407247
[Recv] <<< 23:c9:cc:4b:a0:3a,38460,-28,5391,75.46,35.67,43,406780,407290
[Recv] <<< 23:c9:cc:4b:a0:3a,38462,-30,5392,75.46,35.67,75,406855,407365
[Recv] <<< 23:c9:cc:4b:a0:3a,38464,-37,5393,75.46,35.67,84,406939,407449
[Recv] <<< 23:c9:cc:4b:a0:3a,38474,-37,5394,75.52,35.68,412,407351,407861
[Recv] <<< 23:c9:cc:4b:a0:3a,38475,-37,5395,75.51,35.68,35,407386,407896
[Recv] <<< 23:c9:cc:4b:a0:3a,38477,-28,5396,75.51,35.68,75,407461,407971
[Recv] <<< 23:c9:cc:4b:a0:3a,38478,-31,5397,75.50,35.68,39,407500,408010
[Recv] <<< 23:c9:cc:4b:a0:3a,38479,-31,5398,75.50,35.68,43,407543,408053
[Recv] <<< 23:c9:cc:4b:a0:3a,38480,-37,5399,75.49,35.68,40,407583,408093
[Recv] <<< 23:c9:cc:4b:a0:3a,38481,-40,5400,75.49,35.68,42,407625,408135
[Recv] <<< 23:c9:cc:4b:a0:3a,38482,-27,5401,75.48,35.68,44,407669,408179
[Recv] <<< 23:c9:cc:4b:a0:3a,38488,-28,5402,75.51,35.68,253,407922,408432
[Recv] <<< 23:c9:cc:4b:a0:3a,38490,-30,5403,75.51,35.68,81,408003,408513
[Recv] <<< 23:c9:cc:4b:a0:3a,38492,-37,5404,75.51,35.68,75,408078,408588
[Recv] <<< 23:c9:cc:4b:a0:3a,38498,-31,5405,75.54,35.69,236,408314,408824
[Recv] <<< 23:c9:cc:4b:a0:3a,38500,-37,5406,75.54,35.69,79,408393,408903
[Recv] <<< 23:c9:cc:4b:a0:3a,38501,-28,5407,75.54,35.69,31,408424,408934
[Recv] <<< 23:c9:cc:4b:a0:3a,38502,-28,5408,75.53,35.69,43,408467,408977
[Recv] <<< 23:c9:cc:4b:a0:3a,38503,-31,5409,75.52,35.69,41,408508,409018
[Recv] <<< 23:c9:cc:4b:a0:3a,38504,-31,5410,75.52,35.69,41,408549,409059
[Recv] <<< 23:c9:cc:4b:a0:3a,38506,-37,5411,75.52,35.69,77,408626,409136
[Recv] <<< 23:c9:cc:4b:a0:3a,38507,-38,5412,75.51,35.69,36,408662,409172
[Recv] <<< 23:c9:cc:4b:a0:3a,38508,-37,5413,75.50,35.69,35,408697,409207
[Recv] <<< 23:c9:cc:4b:a0:3a,38509,-37,5414,75.50,35.69,34,408731,409241
[Recv] <<< 23:c9:cc:4b:a0:3a,38510,-39,5415,75.49,35.69,41,408772,409282
[Recv] <<< 23:c9:cc:4b:a0:3a,38511,-28,5416,75.48,35.69,42,408814,409324
[Recv] <<< 23:c9:cc:4b:a0:3a,38512,-28,5417,75.47,35.69,34,408848,409358
[Recv] <<< 23:c9:cc:4b:a0:3a,38513,-28,5418,75.47,35.69,39,408887,409397
[Recv] <<< 23:c9:cc:4b:a0:3a,38515,-31,5419,75.47,35.69,87,408974,409484
[Recv] <<< 23:c9:cc:4b:a0:3a,38518,-28,5420,75.48,35.69,127,409101,409611
[Recv] <<< 23:c9:cc:4b:a0:3a,38519,-28,5421,75.47,35.69,37,409138,409648
[Recv] <<< 23:c9:cc:4b:a0:3a,38521,-28,5422,75.47,35.69,70,409208,409718
[Recv] <<< 23:c9:cc:4b:a0:3a,38522,-31,5423,75.47,35.69,43,409251,409761
[Recv] <<< 23:c9:cc:4b:a0:3a,38523,-38,5424,75.46,35.69,36,409287,409797
[Recv] <<< 23:c9:cc:4b:a0:3a,38524,-37,5425,75.45,35.69,35,409322,409832
[Recv] <<< 23:c9:cc:4b:a0:3a,38528,-27,5426,75.46,35.69,149,409471,409981
[Recv] <<< 23:c9:cc:4b:a0:3a,38529,-28,5427,75.46,35.69,41,409512,410022
[Recv] <<< 23:c9:cc:4b:a0:3a,38530,-28,5428,75.45,35.69,42,409554,410064
[Recv] <<< 23:c9:cc:4b:a0:3a,38531,-28,5429,75.45,35.69,38,409592,410102
[Recv] <<< 23:c9:cc:4b:a0:3a,38533,-28,5430,75.44,35.69,71,409663,410173
[Recv] <<< 23:c9:cc:4b:a0:3a,38534,-28,5431,75.44,35.69,44,409707,410217
[Recv] <<< 23:c9:cc:4b:a0:3a,38535,-28,5432,75.43,35.70,39,409746,410256
[Recv] <<< 23:c9:cc:4b:a0:3a,38536,-27,5433,75.42,35.69,32,409778,410288
[Recv] <<< 23:c9:cc:4b:a0:3a,38538,-28,5434,75.42,35.70,74,409852,410362
[Recv] <<< 23:c9:cc:4b:a0:3a,38539,-27,5435,75.42,35.70,36,409888,410398
[Recv] <<< 23:c9:cc:4b:a0:3a,38541,-31,5436,75.42,35.70,74,409962,410472
[Recv] <<< 23:c9:cc:4b:a0:3a,38542,-31,5437,75.41,35.70,36,409998,410508
[Recv] <<< 23:c9:cc:4b:a0:3a,38543,-37,5438,75.40,35.70,46,410044,410554
[Recv] <<< 23:c9:cc:4b:a0:3a,38544,-38,5439,75.40,35.70,33,410077,410587
[Recv] <<< 23:c9:cc:4b:a0:3a,38545,-40,5440,75.39,35.70,36,410113,410623
[Recv] <<< 23:c9:cc:4b:a0:3a,38546,-37,5441,75.38,35.70,27,410140,410650
[Recv] <<< 23:c9:cc:4b:a0:3a,38547,-38,5442,75.37,35.70,41,410181,410691
[Recv] <<< 23:c9:cc:4b:a0:3a,38549,-28,5443,75.38,35.70,87,410268,410778
[Recv] <<< 23:c9:cc:4b:a0:3a,38550,-28,5444,75.37,35.70,31,410299,410809
[Recv] <<< 23:c9:cc:4b:a0:3a,38551,-28,5445,75.36,35.70,36,410335,410845
[Recv] <<< 23:c9:cc:4b:a0:3a,38552,-28,5446,75.35,35.70,37,410372,410882
[Recv] <<< 23:c9:cc:4b:a0:3a,38553,-28,5447,75.35,35.70,40,410412,410922
[Recv] <<< 23:c9:cc:4b:a0:3a,38554,-28,5448,75.34,35.70,36,410448,410958
[Recv] <<< 23:c9:cc:4b:a0:3a,38556,-31,5449,75.34,35.70,79,410527,411037
[Recv] <<< 23:c9:cc:4b:a0:3a,38557,-31,5450,75.33,35.70,31,410558,411068
[Recv] <<< 23:c9:cc:4b:a0:3a,38558,-31,5451,75.32,35.70,37,410595,411105
[Recv] <<< 23:c9:cc:4b:a0:3a,38559,-31,5452,75.32,35.70,33,410628,411138
[Recv] <<< 23:c9:cc:4b:a0:3a,38560,-31,5453,75.31,35.70,37,410665,411175
[Recv] <<< 23:c9:cc:4b:a0:3a,38561,-31,5454,75.30,35.70,29,410694,411204
[Recv] <<< 23:c9:cc:4b:a0:3a,38562,-31,5455,75.30,35.70,41,410735,411245
[Recv] <<< 23:c9:cc:4b:a0:3a,38564,-31,5456,75.29,35.70,66,410801,411311
[Recv] <<< 23:c9:cc:4b:a0:3a,38566,-31,5457,75.29,35.70,74,410875,411385
[Recv] <<< 23:c9:cc:4b:a0:3a,38567,-37,5458,75.29,35.70,35,410910,411420
[Recv] <<< 23:c9:cc:4b:a0:3a,38568,-40,5459,75.28,35.70,40,410950,411460
[Recv] <<< 23:c9:cc:4b:a0:3a,38569,-37,5460,75.27,35.70,38,410988,411498
[Recv] <<< 23:c9:cc:4b:a0:3a,38570,-40,5461,75.27,35.70,35,411023,411533
[Recv] <<< 23:c9:cc:4b:a0:3a,38572,-37,5462,75.26,35.70,63,411086,411596
[Recv] <<< 23:c9:cc:4b:a0:3a,38573,-40,5463,75.26,35.70,39,411125,411635
[Recv] <<< 23:c9:cc:4b:a0:3a,38574,-27,5464,75.25,35.70,43,411168,411678
[Recv] <<< 23:c9:cc:4b:a0:3a,38575,-28,5465,75.24,35.70,34,411202,411712
[Recv] <<< 23:c9:cc:4b:a0:3a,38576,-28,5466,75.23,35.70,29,411231,411741
[Recv] <<< 23:c9:cc:4b:a0:3a,38578,-31,5467,75.23,35.70,73,411304,411814
[Recv] <<< 23:c9:cc:4b:a0:3a,38579,-31,5468,75.23,35.70,39,411343,411853
[Recv] <<< 23:c9:cc:4b:a0:3a,38580,-31,5469,75.22,35.70,33,411376,411886
[Recv] <<< 23:c9:cc:4b:a0:3a,38582,-31,5470,75.22,35.70,72,411448,411958
[Recv] <<< 23:c9:cc:4b:a0:3a,38583,-31,5471,75.21,35.70,39,411487,411997
[Recv] <<< 23:c9:cc:4b:a0:3a,38584,-31,5472,75.21,35.70,36,411523,412033
[Recv] <<< 23:c9:cc:4b:a0:3a,38585,-31,5473,75.20,35.70,32,411555,412065
[Recv] <<< 23:c9:cc:4b:a0:3a,38586,-31,5474,75.19,35.70,32,411587,412097
[Recv] <<< 23:c9:cc:4b:a0:3a,38587,-31,5475,75.18,35.70,37,411624,412134
[Recv] <<< 23:c9:cc:4b:a0:3a,38589,-31,5476,75.18,35.70,70,411694,412204
[Recv] <<< 23:c9:cc:4b:a0:3a,38590,-31,5477,75.17,35.70,36,411730,412240
[Recv] <<< 23:c9:cc:4b:a0:3a,38595,-31,5478,75.19,35.70,181,411911,412421
[Recv] <<< 23:c9:cc:4b:a0:3a,38596,-31,5479,75.19,35.70,30,411941,412451
[Recv] <<< 23:c9:cc:4b:a0:3a,38597,-38,5480,75.18,35.70,37,411978,412488
[Recv] <<< 23:c9:cc:4b:a0:3a,38598,-37,5481,75.17,35.70,39,412017,412527
[Recv] <<< 23:c9:cc:4b:a0:3a,38600,-37,5482,75.17,35.70,72,412089,412599
[Recv] <<< 23:c9:cc:4b:a0:3a,38601,-37,5483,75.16,35.70,33,412122,412632
[Recv] <<< 23:c9:cc:4b:a0:3a,38603,-28,5484,75.16,35.70,75,412197,412707
[Recv] <<< 23:c9:cc:4b:a0:3a,38605,-37,5485,75.16,35.70,69,412266,412776
[Recv] <<< 23:c9:cc:4b:a0:3a,38607,-28,5486,75.16,35.70,71,412337,412847
[Recv] <<< 23:c9:cc:4b:a0:3a,38608,-28,5487,75.15,35.70,37,412374,412884
[Recv] <<< 23:c9:cc:4b:a0:3a,38609,-27,5488,75.15,35.70,38,412412,412922
[Recv] <<< 23:c9:cc:4b:a0:3a,38611,-38,5489,75.15,35.70,69,412481,412991
[Recv] <<< 23:c9:cc:4b:a0:3a,38612,-37,5490,75.14,35.70,35,412516,413026
[Recv] <<< 23:c9:cc:4b:a0:3a,38614,-37,5491,75.14,35.70,65,412581,413091
[Recv] <<< 23:c9:cc:4b:a0:3a,38615,-37,5492,75.13,35.70,34,412615,413125
[Recv] <<< 23:c9:cc:4b:a0:3a,38616,-37,5493,75.12,35.70,27,412642,413152
[Recv] <<< 23:c9:cc:4b:a0:3a,38617,-37,5494,75.11,35.70,37,412679,413189
[Recv] <<< 23:c9:cc:4b:a0:3a,38618,-38,5495,75.11,35.70,39,412718,413228
[Recv] <<< 23:c9:cc:4b:a0:3a,38621,-37,5496,75.11,35.70,109,412827,413337
[Recv] <<< 23:c9:cc:4b:a0:3a,38622,-38,5497,75.11,35.70,43,412870,413380
[Recv] <<< 23:c9:cc:4b:a0:3a,38624,-31,5498,75.11,35.70,64,412934,413444
[Recv] <<< 23:c9:cc:4b:a0:3a,38625,-31,5499,75.10,35.70,41,412975,413485
[Recv] <<< 23:c9:cc:4b:a0:3a,38626,-31,5500,75.09,35.70,32,413007,413517
[Recv] <<< 23:c9:cc:4b:a0:3a,38627,-31,5501,75.09,35.70,36,413043,413553
[Recv] <<< 23:c9:cc:4b:a0:3a,38628,-37,5502,75.08,35.70,42,413085,413595
[Recv] <<< 23:c9:cc:4b:a0:3a,38629,-37,5503,75.07,35.70,32,413117,413627
[Recv] <<< 23:c9:cc:4b:a0:3a,38630,-37,5504,75.06,35.70,36,413153,413663
[Recv] <<< 23:c9:cc:4b:a0:3a,38631,-28,5505,75.06,35.70,40,413193,413703
[Recv] <<< 23:c9:cc:4b:a0:3a,38632,-28,5506,75.05,35.70,39,413232,413742
[Recv] <<< 23:c9:cc:4b:a0:3a,38633,-31,5507,75.04,35.70,38,413270,413780
[Recv] <<< 23:c9:cc:4b:a0:3a,38636,-31,5508,75.05,35.70,117,413387,413897
[Recv] <<< 23:c9:cc:4b:a0:3a,38637,-31,5509,75.04,35.70,33,413420,413930
[Recv] <<< 23:c9:cc:4b:a0:3a,38638,-37,5510,75.04,35.70,39,413459,413969
[Recv] <<< 23:c9:cc:4b:a0:3a,38640,-38,5511,75.04,35.70,76,413535,414045
[Recv] <<< 23:c9:cc:4b:a0:3a,38641,-28,5512,75.03,35.70,42,413577,414087
[Recv] <<< 23:c9:cc:4b:a0:3a,38642,-28,5513,75.03,35.70,42,413619,414129
[Recv] <<< 23:c9:cc:4b:a0:3a,38643,-27,5514,75.02,35.70,38,413657,414167
[Recv] <<< 23:c9:cc:4b:a0:3a,38644,-28,5515,75.01,35.70,32,413689,414199
[Recv] <<< 23:c9:cc:4b:a0:3a,38646,-31,5516,75.01,35.70,80,413769,414279
[Recv] <<< 23:c9:cc:4b:a0:3a,38647,-37,5517,75.01,35.70,40,413809,414319
[Recv] <<< 23:c9:cc:4b:a0:3a,38649,-38,5518,75.01,35.70,73,413882,414392
[Recv] <<< 23:c9:cc:4b:a0:3a,38651,-28,5519,75.01,35.70,78,413960,414470
[Recv] <<< 23:c9:cc:4b:a0:3a,38652,-27,5520,75.00,35.70,30,413990,414500
[Recv] <<< 23:c9:cc:4b:a0:3a,38653,-37,5521,74.99,35.70,33,414023,414533
[Recv] <<< 23:c9:cc:4b:a0:3a,38655,-31,5522,74.99,35.70,67,414090,414600
[Recv] <<< 23:c9:cc:4b:a0:3a,38657,-31,5523,74.99,35.70,80,414170,414680
[Recv] <<< 23:c9:cc:4b:a0:3a,38660,-31,5524,75.00,35.70,108,414278,414788
[Recv] <<< 23:c9:cc:4b:a0:3a,38661,-31,5525,74.99,35.70,39,414317,414827
[Recv] <<< 23:c9:cc:4b:a0:3a,38662,-31,5526,74.98,35.70,34,414351,414861
[Recv] <<< 23:c9:cc:4b:a0:3a,38663,-31,5527,74.97,35.70,33,414384,414894
[Recv] <<< 23:c9:cc:4b:a0:3a,38665,-37,5528,74.97,35.70,76,414460,414970
[Recv] <<< 23:c9:cc:4b:a0:3a,38666,-37,5529,74.97,35.70,28,414488,414998
[Recv] <<< 23:c9:cc:4b:a0:3a,38667,-31,5530,74.96,35.70,40,414528,415038
[Recv] <<< 23:c9:cc:4b:a0:3a,38668,-37,5531,74.95,35.70,37,414565,415075
[Recv] <<< 23:c9:cc:4b:a0:3a,38669,-37,5532,74.95,35.70,34,414599,415109
[Recv] <<< 23:c9:cc:4b:a0:3a,38670,-38,5533,74.94,35.70,32,414631,415141
[Recv] <<< 23:c9:cc:4b:a0:3a,38671,-37,5534,74.93,35.70,41,414672,415182
[Recv] <<< 23:c9:cc:4b:a0:3a,38672,-37,5535,74.92,35.70,27,414699,415209
[Recv] <<< 23:c9:cc:4b:a0:3a,38673,-37,5536,74.92,35.70,41,414740,415250
[Recv] <<< 23:c9:cc:4b:a0:3a,38674,-38,5537,74.91,35.70,39,414779,415289
[Recv] <<< 23:c9:cc:4b:a0:3a,38676,-37,5538,74.91,35.70,69,414848,415358
[Recv] <<< 23:c9:cc:4b:a0:3a,38677,-37,5539,74.90,35.70,37,414885,415395
[Recv] <<< 23:c9:cc:4b:a0:3a,38678,-37,5540,74.90,35.70,34,414919,415429
[Recv] <<< 23:c9:cc:4b:a0:3a,38679,-37,5541,74.89,35.70,44,414963,415473
[Recv] <<< 23:c9:cc:4b:a0:3a,38684,-31,5542,74.91,35.70,201,415164,415674
[Recv] <<< 23:c9:cc:4b:a0:3a,38685,-30,5543,74.90,35.70,25,415189,415699
[Recv] <<< 23:c9:cc:4b:a0:3a,38686,-37,5544,74.90,35.70,49,415238,415748
[Recv] <<< 23:c9:cc:4b:a0:3a,38687,-38,5545,74.89,35.70,28,415266,415776
[Recv] <<< 23:c9:cc:4b:a0:3a,38688,-37,5546,74.88,35.70,36,415302,415812
[Recv] <<< 23:c9:cc:4b:a0:3a,38690,-37,5547,74.88,35.70,66,415368,415878
[Recv] <<< 23:c9:cc:4b:a0:3a,38691,-37,5548,74.88,35.70,44,415412,415922
[Recv] <<< 23:c9:cc:4b:a0:3a,38694,-37,5549,74.88,35.70,108,415520,416030
[Recv] <<< 23:c9:cc:4b:a0:3a,38695,-37,5550,74.87,35.70,29,415549,416059
[Recv] <<< 23:c9:cc:4b:a0:3a,38696,-40,5551,74.87,35.70,41,415590,416100
[Recv] <<< 23:c9:cc:4b:a0:3a,38698,-37,5552,74.87,35.70,67,415657,416167
[Recv] <<< 23:c9:cc:4b:a0:3a,38704,-37,5553,74.89,35.70,202,415859,416369
[Recv] <<< 23:c9:cc:4b:a0:3a,38705,-37,5554,74.88,35.70,46,415905,416415
[Recv] <<< 23:c9:cc:4b:a0:3a,38707,-37,5555,74.88,35.70,62,415967,416477
[Recv] <<< 23:c9:cc:4b:a0:3a,38713,-28,5556,74.91,35.70,218,416185,416695
[Recv] <<< 23:c9:cc:4b:a0:3a,38714,-28,5557,74.90,35.70,50,416235,416745
[Recv] <<< 23:c9:cc:4b:a0:3a,38715,-28,5558,74.89,35.70,31,416266,416776
[Recv] <<< 23:c9:cc:4b:a0:3a,38716,-28,5559,74.89,35.70,37,416303,416813
[Recv] <<< 23:c9:cc:4b:a0:3a,38718,-28,5560,74.89,35.70,69,416372,416882
[Recv] <<< 23:c9:cc:4b:a0:3a,38720,-27,5561,74.89,35.70,64,416436,416946
[Recv] <<< 23:c9:cc:4b:a0:3a,38721,-28,5562,74.88,35.70,41,416477,416987
[Recv] <<< 23:c9:cc:4b:a0:3a,38723,-30,5563,74.88,35.70,75,416552,417062
[Recv] <<< 23:c9:cc:4b:a0:3a,38724,-31,5564,74.87,35.70,30,416582,417092
[Recv] <<< 23:c9:cc:4b:a0:3a,38725,-31,5565,74.86,35.70,37,416619,417129
[Recv] <<< 23:c9:cc:4b:a0:3a,38726,-31,5566,74.86,35.70,35,416654,417164
[Recv] <<< 23:c9:cc:4b:a0:3a,38728,-27,5567,74.85,35.70,61,416715,417225
[Recv] <<< 23:c9:cc:4b:a0:3a,38729,-28,5568,74.85,35.70,36,416751,417261
[Recv] <<< 23:c9:cc:4b:a0:3a,38730,-28,5569,74.84,35.70,32,416783,417293
[Recv] <<< 23:c9:cc:4b:a0:3a,38731,-27,5570,74.83,35.70,35,416818,417328
[Recv] <<< 23:c9:cc:4b:a0:3a,38732,-28,5571,74.83,35.70,35,416853,417363
[Recv] <<< 23:c9:cc:4b:a0:3a,38733,-28,5572,74.82,35.70,34,416887,417397
[Recv] <<< 23:c9:cc:4b:a0:3a,38735,-28,5573,74.82,35.70,70,416957,417467
[Recv] <<< 23:c9:cc:4b:a0:3a,38737,-28,5574,74.81,35.70,61,417018,417528
[Recv] <<< 23:c9:cc:4b:a0:3a,38738,-37,5575,74.81,35.70,30,417048,417558
[Recv] <<< 23:c9:cc:4b:a0:3a,38739,-28,5576,74.80,35.70,37,417085,417595
[Recv] <<< 23:c9:cc:4b:a0:3a,38742,-28,5577,74.81,35.70,103,417188,417698
[Recv] <<< 23:c9:cc:4b:a0:3a,38744,-37,5578,74.80,35.70,61,417249,417759
[Recv] <<< 23:c9:cc:4b:a0:3a,38745,-37,5579,74.79,35.70,27,417276,417786
[Recv] <<< 23:c9:cc:4b:a0:3a,38756,-28,5580,74.85,35.70,398,417674,418184
[Recv] <<< 23:c9:cc:4b:a0:3a,38757,-28,5581,74.84,35.70,29,417703,418213
[Recv] <<< 23:c9:cc:4b:a0:3a,38758,-28,5582,74.84,35.70,38,417741,418251
[Recv] <<< 23:c9:cc:4b:a0:3a,38759,-28,5583,74.83,35.70,38,417779,418289
[Recv] <<< 23:c9:cc:4b:a0:3a,38760,-31,5584,74.82,35.70,33,417812,418322
[Recv] <<< 23:c9:cc:4b:a0:3a,38761,-31,5585,74.82,35.70,38,417850,418360
[Recv] <<< 23:c9:cc:4b:a0:3a,38764,-37,5586,74.82,35.70,109,417959,418469
[Recv] <<< 23:c9:cc:4b:a0:3a,38765,-31,5587,74.82,35.70,34,417993,418503
[Recv] <<< 23:c9:cc:4b:a0:3a,38769,-37,5588,74.83,35.70,150,418143,418653
[Recv] <<< 23:c9:cc:4b:a0:3a,38770,-37,5589,74.82,35.70,37,418180,418690
[Recv] <<< 23:c9:cc:4b:a0:3a,38771,-37,5590,74.81,35.70,35,418215,418725
[Recv] <<< 23:c9:cc:4b:a0:3a,38775,-28,5591,74.83,35.70,145,418360,418870
[Recv] <<< 23:c9:cc:4b:a0:3a,38777,-28,5592,74.83,35.70,68,418428,418938
[Recv] <<< 23:c9:cc:4b:a0:3a,38778,-28,5593,74.82,35.70,31,418459,418969
[Recv] <<< 23:c9:cc:4b:a0:3a,38780,-27,5594,74.82,35.70,67,418526,419036
[Recv] <<< 23:c9:cc:4b:a0:3a,38781,-28,5595,74.81,35.70,32,418558,419068
[Recv] <<< 23:c9:cc:4b:a0:3a,38782,-28,5596,74.80,35.70,37,418595,419105
[Recv] <<< 23:c9:cc:4b:a0:3a,38783,-28,5597,74.80,35.70,33,418628,419138
[Recv] <<< 23:c9:cc:4b:a0:3a,38784,-27,5598,74.79,35.70,36,418664,419174
[Recv] <<< 23:c9:cc:4b:a0:3a,38785,-28,5599,74.78,35.70,30,418694,419204
[Recv] <<< 23:c9:cc:4b:a0:3a,38786,-28,5600,74.77,35.70,37,418731,419241
[Recv] <<< 23:c9:cc:4b:a0:3a,38788,-28,5601,74.77,35.70,68,418799,419309
[Recv] <<< 23:c9:cc:4b:a0:3a,38789,-37,5602,74.77,35.70,35,418834,419344
[Recv] <<< 23:c9:cc:4b:a0:3a,38790,-37,5603,74.76,35.70,35,418869,419379
[Recv] <<< 23:c9:cc:4b:a0:3a,38791,-37,5604,74.75,35.70,35,418904,419414
[Recv] <<< 23:c9:cc:4b:a0:3a,38793,-37,5605,74.75,35.70,68,418972,419482
[Recv] <<< 23:c9:cc:4b:a0:3a,38794,-37,5606,74.74,35.70,35,419007,419517
[Recv] <<< 23:c9:cc:4b:a0:3a,38795,-28,5607,74.74,35.70,38,419045,419555
[Recv] <<< 23:c9:cc:4b:a0:3a,38796,-28,5608,74.73,35.70,40,419085,419595
[Recv] <<< 23:c9:cc:4b:a0:3a,38797,-28,5609,74.72,35.70,29,419114,419624
[Recv] <<< 23:c9:cc:4b:a0:3a,38798,-28,5610,74.71,35.70,35,419149,419659
[Recv] <<< 23:c9:cc:4b:a0:3a,38799,-27,5611,74.71,35.70,31,419180,419690
[Recv] <<< 23:c9:cc:4b:a0:3a,38801,-37,5612,74.70,35.70,60,419240,419750
[Recv] <<< 23:c9:cc:4b:a0:3a,38802,-38,5613,74.70,35.70,39,419279,419789
[Recv] <<< 23:c9:cc:4b:a0:3a,38803,-37,5614,74.69,35.70,40,419319,419829
[Recv] <<< 23:c9:cc:4b:a0:3a,38804,-38,5615,74.68,35.70,30,419349,419859
[Recv] <<< 23:c9:cc:4b:a0:3a,38805,-37,5616,74.68,35.70,32,419381,419891
[Recv] <<< 23:c9:cc:4b:a0:3a,38806,-37,5617,74.67,35.70,37,419418,419928
[Recv] <<< 23:c9:cc:4b:a0:3a,38807,-37,5618,74.66,35.69,29,419447,419957
[Recv] <<< 23:c9:cc:4b:a0:3a,38808,-37,5619,74.65,35.69,33,419480,419990
[Recv] <<< 23:c9:cc:4b:a0:3a,38809,-38,5620,74.65,35.69,33,419513,420023
[Recv] <<< 23:c9:cc:4b:a0:3a,38810,-38,5621,74.64,35.69,27,419540,420050
[Recv] <<< 23:c9:cc:4b:a0:3a,38811,-37,5622,74.63,35.69,41,419581,420091
[Recv] <<< 23:c9:cc:4b:a0:3a,38812,-37,5623,74.62,35.69,35,419616,420126
[Recv] <<< 23:c9:cc:4b:a0:3a,38813,-37,5624,74.62,35.69,42,419658,420168
[Recv] <<< 23:c9:cc:4b:a0:3a,38815,-40,5625,74.62,35.69,69,419727,420237
[Recv] <<< 23:c9:cc:4b:a0:3a,38816,-37,5626,74.61,35.69,30,419757,420267
[Recv] <<< 23:c9:cc:4b:a0:3a,38817,-31,5627,74.60,35.69,34,419791,420301
[Recv] <<< 23:c9:cc:4b:a0:3a,38818,-31,5628,74.59,35.69,27,419818,420328
[Recv] <<< 23:c9:cc:4b:a0:3a,38821,-30,5629,74.60,35.69,106,419924,420434
[Recv] <<< 23:c9:cc:4b:a0:3a,38822,-31,5630,74.59,35.69,40,419964,420474
[Recv] <<< 23:c9:cc:4b:a0:3a,38823,-31,5631,74.59,35.69,32,419996,420506
[Recv] <<< 23:c9:cc:4b:a0:3a,38824,-31,5632,74.58,35.69,31,420027,420537
[Recv] <<< 23:c9:cc:4b:a0:3a,38825,-31,5633,74.57,35.69,39,420066,420576
[Recv] <<< 23:c9:cc:4b:a0:3a,38826,-31,5634,74.56,35.69,33,420099,420609
[Recv] <<< 23:c9:cc:4b:a0:3a,38836,-31,5635,74.61,35.69,355,420454,420964
[Recv] <<< 23:c9:cc:4b:a0:3a,38837,-38,5636,74.61,35.69,34,420488,420998
[Recv] <<< 23:c9:cc:4b:a0:3a,38839,-37,5637,74.61,35.69,71,420559,421069
[Recv] <<< 23:c9:cc:4b:a0:3a,38842,-31,5638,74.61,35.69,100,420659,421169
[Recv] <<< 23:c9:cc:4b:a0:3a,38843,-31,5639,74.60,35.69,37,420696,421206
[Recv] <<< 23:c9:cc:4b:a0:3a,38844,-31,5640,74.60,35.69,37,420733,421243
[Recv] <<< 23:c9:cc:4b:a0:3a,38845,-31,5641,74.59,35.69,35,420768,421278
[Recv] <<< 23:c9:cc:4b:a0:3a,38848,-37,5642,74.60,35.69,109,420877,421387
[Recv] <<< 23:c9:cc:4b:a0:3a,38850,-31,5643,74.59,35.69,59,420936,421446
[Recv] <<< 23:c9:cc:4b:a0:3a,38851,-31,5644,74.59,35.69,41,420977,421487
[Recv] <<< 23:c9:cc:4b:a0:3a,38852,-31,5645,74.58,35.69,35,421012,421522
[Recv] <<< 23:c9:cc:4b:a0:3a,38856,-37,5646,74.59,35.69,142,421154,421664
[Recv] <<< 23:c9:cc:4b:a0:3a,38859,-31,5647,74.60,35.69,97,421251,421761
[Recv] <<< 23:c9:cc:4b:a0:3a,38860,-31,5648,74.59,35.69,32,421283,421793
[Recv] <<< 23:c9:cc:4b:a0:3a,38861,-31,5649,74.58,35.69,30,421313,421823
[Recv] <<< 23:c9:cc:4b:a0:3a,38863,-31,5650,74.58,35.69,71,421384,421894
[Recv] <<< 23:c9:cc:4b:a0:3a,38864,-27,5651,74.57,35.69,31,421415,421925
[Recv] <<< 23:c9:cc:4b:a0:3a,38868,-31,5652,74.58,35.69,134,421549,422059
[Recv] <<< 23:c9:cc:4b:a0:3a,38870,-31,5653,74.58,35.69,67,421616,422126
[Recv] <<< 23:c9:cc:4b:a0:3a,38872,-37,5654,74.58,35.69,86,421702,422212
[Recv] <<< 23:c9:cc:4b:a0:3a,38873,-38,5655,74.58,35.69,30,421732,422242
[Recv] <<< 23:c9:cc:4b:a0:3a,38874,-37,5656,74.57,35.69,33,421765,422275
[Recv] <<< 23:c9:cc:4b:a0:3a,38876,-38,5657,74.57,35.69,72,421837,422347
[Recv] <<< 23:c9:cc:4b:a0:3a,38877,-28,5658,74.56,35.69,35,421872,422382
[Recv] <<< 23:c9:cc:4b:a0:3a,38879,-37,5659,74.56,35.69,66,421938,422448
[Recv] <<< 23:c9:cc:4b:a0:3a,38880,-37,5660,74.55,35.69,33,421971,422481
[Recv] <<< 23:c9:cc:4b:a0:3a,38881,-37,5661,74.54,35.69,27,421998,422508
[Recv] <<< 23:c9:cc:4b:a0:3a,38883,-37,5662,74.54,35.69,65,422063,422573
[Recv] <<< 23:c9:cc:4b:a0:3a,38884,-37,5663,74.54,35.69,42,422105,422615
[Recv] <<< 23:c9:cc:4b:a0:3a,38885,-28,5664,74.53,35.69,39,422144,422654
[Recv] <<< 23:c9:cc:4b:a0:3a,38886,-28,5665,74.52,35.69,35,422179,422689
[Recv] <<< 23:c9:cc:4b:a0:3a,38887,-28,5666,74.52,35.69,37,422216,422726
[Recv] <<< 23:c9:cc:4b:a0:3a,38889,-28,5667,74.52,35.69,65,422281,422791
[Recv] <<< 23:c9:cc:4b:a0:3a,38890,-28,5668,74.51,35.69,34,422315,422825
[Recv] <<< 23:c9:cc:4b:a0:3a,38893,-28,5669,74.51,35.69,94,422409,422919
[Recv] <<< 23:c9:cc:4b:a0:3a,38894,-28,5670,74.51,35.69,39,422448,422958
[Recv] <<< 23:c9:cc:4b:a0:3a,38895,-28,5671,74.50,35.69,35,422483,422993
[Recv] <<< 23:c9:cc:4b:a0:3a,38896,-28,5672,74.49,35.69,41,422524,423034
[Recv] <<< 23:c9:cc:4b:a0:3a,38897,-27,5673,74.48,35.69,27,422551,423061
[Recv] <<< 23:c9:cc:4b:a0:3a,38898,-28,5674,74.48,35.69,34,422585,423095
[Recv] <<< 23:c9:cc:4b:a0:3a,38900,-28,5675,74.48,35.68,68,422653,423163
[Recv] <<< 23:c9:cc:4b:a0:3a,38901,-28,5676,74.47,35.69,38,422691,423201
[Recv] <<< 23:c9:cc:4b:a0:3a,38902,-31,5677,74.46,35.69,34,422725,423235
[Recv] <<< 23:c9:cc:4b:a0:3a,38903,-31,5678,74.46,35.69,43,422768,423278
[Recv] <<< 23:c9:cc:4b:a0:3a,38908,-28,5679,74.47,35.68,164,422932,423442
[Recv] <<< 23:c9:cc:4b:a0:3a,38909,-28,5680,74.47,35.68,35,422967,423477
[Recv] <<< 23:c9:cc:4b:a0:3a,38910,-27,5681,74.46,35.68,30,422997,423507
[Recv] <<< 23:c9:cc:4b:a0:3a,38911,-28,5682,74.45,35.68,31,423028,423538
[Recv] <<< 23:c9:cc:4b:a0:3a,38912,-28,5683,74.44,35.68,32,423060,423570
[Recv] <<< 23:c9:cc:4b:a0:3a,38913,-28,5684,74.44,35.68,33,423093,423603
[Recv] <<< 23:c9:cc:4b:a0:3a,38914,-28,5685,74.43,35.68,32,423125,423635
[Recv] <<< 23:c9:cc:4b:a0:3a,38918,-37,5686,74.44,35.68,133,423258,423768
[Recv] <<< 23:c9:cc:4b:a0:3a,38919,-28,5687,74.43,35.68,31,423289,423799
[Recv] <<< 23:c9:cc:4b:a0:3a,38920,-37,5688,74.42,35.68,39,423328,423838
[Recv] <<< 23:c9:cc:4b:a0:3a,38921,-27,5689,74.42,35.68,42,423370,423880
[Recv] <<< 23:c9:cc:4b:a0:3a,38922,-28,5690,74.41,35.68,33,423403,423913
[Recv] <<< 23:c9:cc:4b:a0:3a,38924,-28,5691,74.41,35.68,76,423479,423989
[Recv] <<< 23:c9:cc:4b:a0:3a,38925,-28,5692,74.40,35.68,30,423509,424019
[Recv] <<< 23:c9:cc:4b:a0:3a,38928,-37,5693,74.41,35.68,96,423605,424115
[Recv] <<< 23:c9:cc:4b:a0:3a,38929,-37,5694,74.40,35.68,30,423635,424145
[Recv] <<< 23:c9:cc:4b:a0:3a,38930,-38,5695,74.39,35.68,33,423668,424178
[Recv] <<< 23:c9:cc:4b:a0:3a,38931,-37,5696,74.39,35.68,38,423706,424216
[Recv] <<< 23:c9:cc:4b:a0:3a,38932,-37,5697,74.38,35.68,36,423742,424252
[Recv] <<< 23:c9:cc:4b:a0:3a,38933,-31,5698,74.37,35.68,28,423770,424280
[Recv] <<< 23:c9:cc:4b:a0:3a,38934,-30,5699,74.36,35.68,31,423801,424311
[Recv] <<< 23:c9:cc:4b:a0:3a,38935,-37,5700,74.36,35.68,39,423840,424350
[Recv] <<< 23:c9:cc:4b:a0:3a,38936,-37,5701,74.35,35.68,39,423879,424389
[Recv] <<< 23:c9:cc:4b:a0:3a,38938,-31,5702,74.35,35.68,59,423938,424448
[Recv] <<< 23:c9:cc:4b:a0:3a,38939,-40,5703,74.34,35.68,45,423983,424493
[Recv] <<< 23:c9:cc:4b:a0:3a,38940,-37,5704,74.34,35.68,34,424017,424527
[Recv] <<< 23:c9:cc:4b:a0:3a,38942,-28,5705,74.34,35.68,77,424094,424604
[Recv] <<< 23:c9:cc:4b:a0:3a,38943,-37,5706,74.33,35.68,34,424128,424638
[Recv] <<< 23:c9:cc:4b:a0:3a,38945,-37,5707,74.33,35.68,72,424200,424710
[Recv] <<< 23:c9:cc:4b:a0:3a,38946,-37,5708,74.32,35.68,31,424231,424741
[Recv] <<< 23:c9:cc:4b:a0:3a,38947,-37,5709,74.31,35.68,31,424262,424772
[Recv] <<< 23:c9:cc:4b:a0:3a,38948,-37,5710,74.31,35.68,35,424297,424807
[Recv] <<< 23:c9:cc:4b:a0:3a,38959,-31,5711,74.36,35.68,359,424656,425166
[Recv] <<< 23:c9:cc:4b:a0:3a,38960,-31,5712,74.35,35.68,38,424694,425204
[Recv] <<< 23:c9:cc:4b:a0:3a,38961,-28,5713,74.34,35.68,31,424725,425235
[Recv] <<< 23:c9:cc:4b:a0:3a,38962,-28,5714,74.34,35.68,30,424755,425265
[Recv] <<< 23:c9:cc:4b:a0:3a,38963,-27,5715,74.33,35.68,34,424789,425299
[Recv] <<< 23:c9:cc:4b:a0:3a,38984,-37,5716,74.44,35.67,727,425516,426026
[Recv] <<< 23:c9:cc:4b:a0:3a,38985,-37,5717,74.44,35.67,34,425550,426060
[Recv] <<< 23:c9:cc:4b:a0:3a,38987,-37,5718,74.44,35.67,75,425625,426135
[Recv] <<< 23:c9:cc:4b:a0:3a,38988,-37,5719,74.43,35.67,30,425655,426165
[Recv] <<< 23:c9:cc:4b:a0:3a,38989,-37,5720,74.42,35.67,33,425688,426198
[Recv] <<< 23:c9:cc:4b:a0:3a,38990,-37,5721,74.41,35.67,35,425723,426233
[Recv] <<< 23:c9:cc:4b:a0:3a,38991,-31,5722,74.41,35.67,29,425752,426262
[Recv] <<< 23:c9:cc:4b:a0:3a,38995,-37,5723,74.42,35.67,144,425896,426406
[Recv] <<< 23:c9:cc:4b:a0:3a,38998,-37,5724,74.42,35.67,94,425990,426500
[Recv] <<< 23:c9:cc:4b:a0:3a,38999,-40,5725,74.41,35.67,32,426022,426532
[Recv] <<< 23:c9:cc:4b:a0:3a,39023,-28,5726,74.55,35.67,826,426848,427358
[Recv] <<< 23:c9:cc:4b:a0:3a,39026,-28,5727,74.55,35.67,103,426951,427461
[Recv] <<< 23:c9:cc:4b:a0:3a,39027,-28,5728,74.54,35.67,41,426992,427502
[Recv] <<< 23:c9:cc:4b:a0:3a,39028,-28,5729,74.54,35.67,27,427019,427529
[Recv] <<< 23:c9:cc:4b:a0:3a,39037,-37,5730,74.58,35.67,306,427325,427835
[Recv] <<< 23:c9:cc:4b:a0:3a,39069,-28,5731,74.75,35.66,1072,428397,428907
[Recv] <<< 23:c9:cc:4b:a0:3a,39071,-30,5732,74.75,35.66,74,428471,428981
[Recv] <<< 23:c9:cc:4b:a0:3a,39072,-30,5733,74.74,35.66,38,428509,429019
[Recv] <<< 23:c9:cc:4b:a0:3a,39073,-31,5734,74.74,35.66,31,428540,429050
[Recv] <<< 23:c9:cc:4b:a0:3a,39074,-31,5735,74.73,35.66,37,428577,429087
[Recv] <<< 23:c9:cc:4b:a0:3a,39075,-31,5736,74.72,35.66,33,428610,429120
[Recv] <<< 23:c9:cc:4b:a0:3a,39079,-28,5737,74.73,35.66,130,428740,429250
[Recv] <<< 23:c9:cc:4b:a0:3a,39081,-37,5738,74.73,35.66,81,428821,429331
[Recv] <<< 23:c9:cc:4b:a0:3a,39082,-31,5739,74.73,35.66,32,428853,429363
[Recv] <<< 23:c9:cc:4b:a0:3a,39085,-31,5740,74.73,35.66,97,428950,429460
[Recv] <<< 23:c9:cc:4b:a0:3a,39086,-30,5741,74.72,35.66,40,428990,429500
[Recv] <<< 23:c9:cc:4b:a0:3a,39087,-31,5742,74.72,35.66,26,429016,429526
[Recv] <<< 23:c9:cc:4b:a0:3a,39088,-31,5743,74.71,35.66,32,429048,429558
[Recv] <<< 23:c9:cc:4b:a0:3a,39092,-31,5744,74.72,35.66,143,429191,429701
[Recv] <<< 23:c9:cc:4b:a0:3a,39099,-31,5745,74.75,35.66,244,429435,429945
[Recv] <<< 23:c9:cc:4b:a0:3a,39101,-31,5746,74.75,35.66,73,429508,430018
[Recv] <<< 23:c9:cc:4b:a0:3a,39102,-31,5747,74.74,35.66,25,429533,430043
[Recv] <<< 23:c9:cc:4b:a0:3a,39125,-31,5748,74.86,35.65,786,430319,430829
[Recv] <<< 23:c9:cc:4b:a0:3a,39126,-31,5749,74.86,35.65,31,430350,430860
[Recv] <<< 23:c9:cc:4b:a0:3a,39127,-31,5750,74.85,35.65,38,430388,430898
[Recv] <<< 23:c9:cc:4b:a0:3a,39128,-37,5751,74.84,35.65,38,430426,430936
[Recv] <<< 23:c9:cc:4b:a0:3a,39129,-40,5752,74.84,35.66,38,430464,430974
[Recv] <<< 23:c9:cc:4b:a0:3a,39130,-37,5753,74.83,35.65,32,430496,431006
[Recv] <<< 23:c9:cc:4b:a0:3a,39131,-37,5754,74.82,35.65,38,430534,431044
[Recv] <<< 23:c9:cc:4b:a0:3a,39132,-37,5755,74.81,35.65,26,430560,431070
[Recv] <<< 23:c9:cc:4b:a0:3a,39133,-37,5756,74.81,35.65,37,430597,431107
[Recv] <<< 23:c9:cc:4b:a0:3a,39137,-28,5757,74.82,35.65,151,430748,431258
[Recv] <<< 23:c9:cc:4b:a0:3a,39138,-28,5758,74.81,35.65,34,430782,431292
[Recv] <<< 23:c9:cc:4b:a0:3a,39139,-28,5759,74.81,35.66,38,430820,431330
[Recv] <<< 23:c9:cc:4b:a0:3a,39163,-37,5760,74.94,35.65,806,431626,432136
[Recv] <<< 23:c9:cc:4b:a0:3a,39164,-37,5761,74.93,35.65,42,431668,432178
[Recv] <<< 23:c9:cc:4b:a0:3a,39167,-37,5762,74.93,35.65,107,431775,432285
[Recv] <<< 23:c9:cc:4b:a0:3a,39170,-37,5763,74.94,35.65,95,431870,432380
[Recv] <<< 23:c9:cc:4b:a0:3a,39171,-37,5764,74.93,35.65,35,431905,432415
[Recv] <<< 23:c9:cc:4b:a0:3a,39202,-27,5765,75.10,35.65,1055,432960,433470
[Recv] <<< 23:c9:cc:4b:a0:3a,39205,-31,5766,75.11,35.65,116,433076,433586
[Recv] <<< 23:c9:cc:4b:a0:3a,39206,-27,5767,75.10,35.65,29,433105,433615
[Recv] <<< 23:c9:cc:4b:a0:3a,39207,-28,5768,75.09,35.65,31,433136,433646
[Recv] <<< 23:c9:cc:4b:a0:3a,39210,-28,5769,75.10,35.65,101,433237,433747
[Recv] <<< 23:c9:cc:4b:a0:3a,39211,-28,5770,75.09,35.65,36,433273,433783
[Recv] <<< 23:c9:cc:4b:a0:3a,39214,-28,5771,75.09,35.65,100,433373,433883
[Recv] <<< 23:c9:cc:4b:a0:3a,39215,-28,5772,75.09,35.64,32,433405,433915
[Recv] <<< 23:c9:cc:4b:a0:3a,39216,-28,5773,75.08,35.64,33,433438,433948
[Recv] <<< 23:c9:cc:4b:a0:3a,39217,-28,5774,75.07,35.64,37,433475,433985
[Recv] <<< 23:c9:cc:4b:a0:3a,39218,-27,5775,75.07,35.64,30,433505,434015
[Recv] <<< 23:c9:cc:4b:a0:3a,39219,-28,5776,75.06,35.64,37,433542,434052
[Recv] <<< 23:c9:cc:4b:a0:3a,39220,-28,5777,75.05,35.64,29,433571,434081
[Recv] <<< 23:c9:cc:4b:a0:3a,39221,-28,5778,75.04,35.64,34,433605,434115
[Recv] <<< 23:c9:cc:4b:a0:3a,39223,-31,5779,75.04,35.64,75,433680,434190
[Recv] <<< 23:c9:cc:4b:a0:3a,39224,-28,5780,75.04,35.64,32,433712,434222
[Recv] <<< 23:c9:cc:4b:a0:3a,39225,-28,5781,75.03,35.64,29,433741,434251
[Recv] <<< 23:c9:cc:4b:a0:3a,39226,-28,5782,75.02,35.64,36,433777,434287
[Recv] <<< 23:c9:cc:4b:a0:3a,39227,-30,5783,75.02,35.64,43,433820,434330
[Recv] <<< 23:c9:cc:4b:a0:3a,39228,-37,5784,75.01,35.64,42,433862,434372
[Recv] <<< 23:c9:cc:4b:a0:3a,39229,-37,5785,75.00,35.64,32,433894,434404
[Recv] <<< 23:c9:cc:4b:a0:3a,39230,-37,5786,75.00,35.64,33,433927,434437
[Recv] <<< 23:c9:cc:4b:a0:3a,39233,-31,5787,75.00,35.64,102,434029,434539
[Recv] <<< 23:c9:cc:4b:a0:3a,39234,-31,5788,74.99,35.64,37,434066,434576
[Recv] <<< 23:c9:cc:4b:a0:3a,39236,-28,5789,74.99,35.64,60,434126,434636
[Recv] <<< 23:c9:cc:4b:a0:3a,39237,-31,5790,74.99,35.64,40,434166,434676
[Recv] <<< 23:c9:cc:4b:a0:3a,39239,-27,5791,74.98,35.64,66,434232,434742
[Recv] <<< 23:c9:cc:4b:a0:3a,39240,-28,5792,74.98,35.64,27,434259,434769
[Recv] <<< 23:c9:cc:4b:a0:3a,39242,-37,5793,74.97,35.64,69,434328,434838
[Recv] <<< 23:c9:cc:4b:a0:3a,39243,-37,5794,74.97,35.64,31,434359,434869
[Recv] <<< 23:c9:cc:4b:a0:3a,39244,-37,5795,74.96,35.64,37,434396,434906
[Recv] <<< 23:c9:cc:4b:a0:3a,39247,-28,5796,74.97,35.64,105,434501,435011
[Recv] <<< 23:c9:cc:4b:a0:3a,39248,-38,5797,74.96,35.64,38,434539,435049
[Recv] <<< 23:c9:cc:4b:a0:3a,39249,-37,5798,74.95,35.64,23,434562,435072
[Recv] <<< 23:c9:cc:4b:a0:3a,39251,-37,5799,74.95,35.64,79,434641,435151
[Recv] <<< 23:c9:cc:4b:a0:3a,39252,-40,5800,74.94,35.64,34,434675,435185
[Recv] <<< 23:c9:cc:4b:a0:3a,39253,-37,5801,74.94,35.64,31,434706,435216
[Recv] <<< 23:c9:cc:4b:a0:3a,39254,-37,5802,74.93,35.64,41,434747,435257
[Recv] <<< 23:c9:cc:4b:a0:3a,39255,-37,5803,74.92,35.64,34,434781,435291
[Recv] <<< 23:c9:cc:4b:a0:3a,39257,-28,5804,74.92,35.64,74,434855,435365
[Recv] <<< 23:c9:cc:4b:a0:3a,39258,-28,5805,74.92,35.64,33,434888,435398
[Recv] <<< 23:c9:cc:4b:a0:3a,39262,-37,5806,74.93,35.64,131,435019,435529
[Recv] <<< 23:c9:cc:4b:a0:3a,39263,-37,5807,74.92,35.64,36,435055,435565
[Recv] <<< 23:c9:cc:4b:a0:3a,39267,-28,5808,74.93,35.64,150,435205,435715
[Recv] <<< 23:c9:cc:4b:a0:3a,39268,-31,5809,74.92,35.64,33,435238,435748
[Recv] <<< 23:c9:cc:4b:a0:3a,39270,-27,5810,74.92,35.64,61,435299,435809
[Recv] <<< 23:c9:cc:4b:a0:3a,39272,-28,5811,74.92,35.64,69,435368,435878
[Recv] <<< 23:c9:cc:4b:a0:3a,39273,-28,5812,74.92,35.64,38,435406,435916
[Recv] <<< 23:c9:cc:4b:a0:3a,39274,-28,5813,74.91,35.64,31,435437,435947
[Recv] <<< 23:c9:cc:4b:a0:3a,39275,-28,5814,74.90,35.64,35,435472,435982
[Recv] <<< 23:c9:cc:4b:a0:3a,39276,-28,5815,74.89,35.64,35,435507,436017
[Recv] <<< 23:c9:cc:4b:a0:3a,39278,-28,5816,74.89,35.64,65,435572,436082
[Recv] <<< 23:c9:cc:4b:a0:3a,39282,-30,5817,74.91,35.64,155,435727,436237
[Recv] <<< 23:c9:cc:4b:a0:3a,39283,-31,5818,74.90,35.64,29,435756,436266
[Recv] <<< 23:c9:cc:4b:a0:3a,39284,-31,5819,74.89,35.64,34,435790,436300
[Recv] <<< 23:c9:cc:4b:a0:3a,39285,-27,5820,74.88,35.64,37,435827,436337
[Recv] <<< 23:c9:cc:4b:a0:3a,39287,-28,5821,74.88,35.64,59,435886,436396
[Recv] <<< 23:c9:cc:4b:a0:3a,39288,-27,5822,74.87,35.64,32,435918,436428
[Recv] <<< 23:c9:cc:4b:a0:3a,39289,-31,5823,74.87,35.64,40,435958,436468
[Recv] <<< 23:c9:cc:4b:a0:3a,39290,-28,5824,74.86,35.64,37,435995,436505
[Recv] <<< 23:c9:cc:4b:a0:3a,39291,-28,5825,74.85,35.64,30,436025,436535
[Recv] <<< 23:c9:cc:4b:a0:3a,39292,-31,5826,74.85,35.64,42,436067,436577
[Recv] <<< 23:c9:cc:4b:a0:3a,39293,-31,5827,74.84,35.64,30,436097,436607
[Recv] <<< 23:c9:cc:4b:a0:3a,39294,-31,5828,74.83,35.64,37,436134,436644
[Recv] <<< 23:c9:cc:4b:a0:3a,39296,-31,5829,74.83,35.64,68,436202,436712
[Recv] <<< 23:c9:cc:4b:a0:3a,39297,-31,5830,74.83,35.64,40,436242,436752
[Recv] <<< 23:c9:cc:4b:a0:3a,39298,-31,5831,74.82,35.64,34,436276,436786
[Recv] <<< 23:c9:cc:4b:a0:3a,39299,-31,5832,74.81,35.64,34,436310,436820
[Recv] <<< 23:c9:cc:4b:a0:3a,39300,-31,5833,74.80,35.64,25,436335,436845
[Recv] <<< 23:c9:cc:4b:a0:3a,39301,-31,5834,74.80,35.64,37,436372,436882
[Recv] <<< 23:c9:cc:4b:a0:3a,39302,-31,5835,74.79,35.64,36,436408,436918
[Recv] <<< 23:c9:cc:4b:a0:3a,39303,-30,5836,74.78,35.64,30,436438,436948
[Recv] <<< 23:c9:cc:4b:a0:3a,39304,-31,5837,74.78,35.64,34,436472,436982
[Recv] <<< 23:c9:cc:4b:a0:3a,39306,-37,5838,74.78,35.64,81,436553,437063
[Recv] <<< 23:c9:cc:4b:a0:3a,39307,-37,5839,74.77,35.64,30,436583,437093
[Recv] <<< 23:c9:cc:4b:a0:3a,39308,-31,5840,74.76,35.64,32,436615,437125
[Recv] <<< 23:c9:cc:4b:a0:3a,39310,-31,5841,74.76,35.64,61,436676,437186
[Recv] <<< 23:c9:cc:4b:a0:3a,39311,-31,5842,74.75,35.64,38,436714,437224
[Recv] <<< 23:c9:cc:4b:a0:3a,39312,-30,5843,74.75,35.64,39,436753,437263
[Recv] <<< 23:c9:cc:4b:a0:3a,39313,-31,5844,74.74,35.64,28,436781,437291
[Recv] <<< 23:c9:cc:4b:a0:3a,39314,-31,5845,74.73,35.64,40,436821,437331
[Recv] <<< 23:c9:cc:4b:a0:3a,39315,-28,5846,74.73,35.64,30,436851,437361
[Recv] <<< 23:c9:cc:4b:a0:3a,39316,-31,5847,74.72,35.64,39,436890,437400
[Recv] <<< 23:c9:cc:4b:a0:3a,39317,-31,5848,74.71,35.64,31,436921,437431
[Recv] <<< 23:c9:cc:4b:a0:3a,39318,-31,5849,74.71,35.64,37,436958,437468
[Recv] <<< 23:c9:cc:4b:a0:3a,39319,-30,5850,74.70,35.63,32,436990,437500
[Recv] <<< 23:c9:cc:4b:a0:3a,39320,-31,5851,74.69,35.64,39,437029,437539
[Recv] <<< 23:c9:cc:4b:a0:3a,39321,-31,5852,74.68,35.63,27,437056,437566
[Recv] <<< 23:c9:cc:4b:a0:3a,39323,-30,5853,74.68,35.63,75,437131,437641
[Recv] <<< 23:c9:cc:4b:a0:3a,39324,-31,5854,74.68,35.63,27,437158,437668
[Recv] <<< 23:c9:cc:4b:a0:3a,39325,-31,5855,74.67,35.63,34,437192,437702
[Recv] <<< 23:c9:cc:4b:a0:3a,39326,-31,5856,74.66,35.63,26,437218,437728
[Recv] <<< 23:c9:cc:4b:a0:3a,39354,-28,5857,74.82,35.63,985,438203,438713
[Recv] <<< 23:c9:cc:4b:a0:3a,39355,-28,5858,74.81,35.63,44,438247,438757
[Recv] <<< 23:c9:cc:4b:a0:3a,39358,-31,5859,74.82,35.63,112,438359,438869
[Recv] <<< 23:c9:cc:4b:a0:3a,39373,-31,5860,74.89,35.63,519,438878,439388
[Recv] <<< 23:c9:cc:4b:a0:3a,39374,-31,5861,74.89,35.63,24,438902,439412
[Recv] <<< 23:c9:cc:4b:a0:3a,39375,-28,5862,74.88,35.63,34,438936,439446
[Recv] <<< 23:c9:cc:4b:a0:3a,39376,-31,5863,74.87,35.63,41,438977,439487
[Recv] <<< 23:c9:cc:4b:a0:3a,39377,-31,5864,74.86,35.63,30,439007,439517
[Recv] <<< 23:c9:cc:4b:a0:3a,39379,-28,5865,74.86,35.63,63,439070,439580
[Recv] <<< 23:c9:cc:4b:a0:3a,39381,-38,5866,74.86,35.63,67,439137,439647
[Recv] <<< 23:c9:cc:4b:a0:3a,39383,-37,5867,74.86,35.63,71,439208,439718
[Recv] <<< 23:c9:cc:4b:a0:3a,39384,-37,5868,74.85,35.63,36,439244,439754
[Recv] <<< 23:c9:cc:4b:a0:3a,39385,-38,5869,74.85,35.63,26,439270,439780
[Recv] <<< 23:c9:cc:4b:a0:3a,39386,-37,5870,74.84,35.63,39,439309,439819
[Recv] <<< 23:c9:cc:4b:a0:3a,39387,-37,5871,74.83,35.63,28,439337,439847
[Recv] <<< 23:c9:cc:4b:a0:3a,39402,-31,5872,74.91,35.63,512,439849,440359
[Recv] <<< 23:c9:cc:4b:a0:3a,39403,-31,5873,74.90,35.63,41,439890,440400
[Recv] <<< 23:c9:cc:4b:a0:3a,39404,-31,5874,74.89,35.63,39,439929,440439
[Recv] <<< 23:c9:cc:4b:a0:3a,39405,-31,5875,74.89,35.63,33,439962,440472
[Recv] <<< 23:c9:cc:4b:a0:3a,39406,-37,5876,74.88,35.63,36,439998,440508
[Recv] <<< 23:c9:cc:4b:a0:3a,39408,-37,5877,74.88,35.63,72,440070,440580
[Recv] <<< 23:c9:cc:4b:a0:3a,39409,-37,5878,74.87,35.63,35,440105,440615
[Recv] <<< 23:c9:cc:4b:a0:3a,39411,-37,5879,74.87,35.63,67,440172,440682
[Recv] <<< 23:c9:cc:4b:a0:3a,39414,-31,5880,74.88,35.63,101,440273,440783
[Recv] <<< 23:c9:cc:4b:a0:3a,39415,-31,5881,74.87,35.63,33,440306,440816
[Recv] <<< 23:c9:cc:4b:a0:3a,39416,-31,5882,74.86,35.63,31,440337,440847
[Recv] <<< 23:c9:cc:4b:a0:3a,39418,-31,5883,74.86,35.63,81,440418,440928
[Recv] <<< 23:c9:cc:4b:a0:3a,39420,-31,5884,74.86,35.63,64,440482,440992
[Recv] <<< 23:c9:cc:4b:a0:3a,39421,-30,5885,74.85,35.63,37,440519,441029
[Recv] <<< 23:c9:cc:4b:a0:3a,39432,-31,5886,74.90,35.62,370,440889,441399
[Recv] <<< 23:c9:cc:4b:a0:3a,39443,-28,5887,74.96,35.62,385,441274,441784
[Recv] <<< 23:c9:cc:4b:a0:3a,39444,-28,5888,74.95,35.62,29,441303,441813
[Recv] <<< 23:c9:cc:4b:a0:3a,39445,-28,5889,74.94,35.62,39,441342,441852
[Recv] <<< 23:c9:cc:4b:a0:3a,39446,-28,5890,74.94,35.62,27,441369,441879
[Recv] <<< 23:c9:cc:4b:a0:3a,39448,-28,5891,74.93,35.62,67,441436,441946
[Recv] <<< 23:c9:cc:4b:a0:3a,39449,-28,5892,74.93,35.62,32,441468,441978
[Recv] <<< 23:c9:cc:4b:a0:3a,39450,-27,5893,74.92,35.62,40,441508,442018
[Recv] <<< 23:c9:cc:4b:a0:3a,39451,-28,5894,74.91,35.62,35,441543,442053
[Recv] <<< 23:c9:cc:4b:a0:3a,39452,-28,5895,74.91,35.62,27,441570,442080
[Recv] <<< 23:c9:cc:4b:a0:3a,39461,-37,5896,74.95,35.62,308,441878,442388
[Recv] <<< 23:c9:cc:4b:a0:3a,39462,-40,5897,74.94,35.62,35,441913,442423
[Recv] <<< 23:c9:cc:4b:a0:3a,39463,-37,5898,74.93,35.62,27,441940,442450
[Recv] <<< 23:c9:cc:4b:a0:3a,39465,-37,5899,74.93,35.62,79,442019,442529
[Recv] <<< 23:c9:cc:4b:a0:3a,39466,-37,5900,74.92,35.62,27,442046,442556
[Recv] <<< 23:c9:cc:4b:a0:3a,39467,-37,5901,74.92,35.62,39,442085,442595
[Recv] <<< 23:c9:cc:4b:a0:3a,39468,-28,5902,74.91,35.62,43,442128,442638
[Recv] <<< 23:c9:cc:4b:a0:3a,39471,-37,5903,74.91,35.62,90,442218,442728
[Recv] <<< 23:c9:cc:4b:a0:3a,39472,-27,5904,74.91,35.62,53,442271,442781
[Recv] <<< 23:c9:cc:4b:a0:3a,39473,-28,5905,74.90,35.62,27,442298,442808
[Recv] <<< 23:c9:cc:4b:a0:3a,39477,-27,5906,74.91,35.62,135,442433,442943
[Recv] <<< 23:c9:cc:4b:a0:3a,39480,-37,5907,74.92,35.62,103,442536,443046
[Recv] <<< 23:c9:cc:4b:a0:3a,39481,-37,5908,74.91,35.62,33,442569,443079
[Recv] <<< 23:c9:cc:4b:a0:3a,39483,-31,5909,74.91,35.62,62,442631,443141
[Recv] <<< 23:c9:cc:4b:a0:3a,39484,-31,5910,74.90,35.62,28,442659,443169
[Recv] <<< 23:c9:cc:4b:a0:3a,39485,-31,5911,74.89,35.62,37,442696,443206
[Recv] <<< 23:c9:cc:4b:a0:3a,39486,-37,5912,74.89,35.62,42,442738,443248
[Recv] <<< 23:c9:cc:4b:a0:3a,39487,-38,5913,74.88,35.62,29,442767,443277
[Recv] <<< 23:c9:cc:4b:a0:3a,39488,-28,5914,74.87,35.62,40,442807,443317
[Recv] <<< 23:c9:cc:4b:a0:3a,39489,-28,5915,74.87,35.62,39,442846,443356
[Recv] <<< 23:c9:cc:4b:a0:3a,39490,-27,5916,74.86,35.62,38,442884,443394
[Recv] <<< 23:c9:cc:4b:a0:3a,39492,-37,5917,74.86,35.62,62,442946,443456
[Recv] <<< 23:c9:cc:4b:a0:3a,39493,-37,5918,74.85,35.62,27,442973,443483
[Recv] <<< 23:c9:cc:4b:a0:3a,39494,-37,5919,74.84,35.62,33,443006,443516
[Recv] <<< 23:c9:cc:4b:a0:3a,39495,-37,5920,74.84,35.62,27,443033,443543
[Recv] <<< 23:c9:cc:4b:a0:3a,39496,-37,5921,74.83,35.62,40,443073,443583
[Recv] <<< 23:c9:cc:4b:a0:3a,39497,-38,5922,74.82,35.62,34,443107,443617
[Recv] <<< 23:c9:cc:4b:a0:3a,39498,-37,5923,74.82,35.62,33,443140,443650
[Recv] <<< 23:c9:cc:4b:a0:3a,39501,-37,5924,74.82,35.62,98,443238,443748
[Recv] <<< 23:c9:cc:4b:a0:3a,39503,-37,5925,74.82,35.62,62,443300,443810
[Recv] <<< 23:c9:cc:4b:a0:3a,39504,-37,5926,74.81,35.61,35,443335,443845
[Recv] <<< 23:c9:cc:4b:a0:3a,39505,-37,5927,74.81,35.62,37,443372,443882
[Recv] <<< 23:c9:cc:4b:a0:3a,39506,-37,5928,74.80,35.62,36,443408,443918
[Recv] <<< 23:c9:cc:4b:a0:3a,39507,-37,5929,74.79,35.61,27,443435,443945
[Recv] <<< 23:c9:cc:4b:a0:3a,39508,-31,5930,74.78,35.61,39,443474,443984
[Recv] <<< 23:c9:cc:4b:a0:3a,39509,-31,5931,74.78,35.61,26,443500,444010
[Recv] <<< 23:c9:cc:4b:a0:3a,39510,-31,5932,74.77,35.61,42,443542,444052
[Recv] <<< 23:c9:cc:4b:a0:3a,39513,-31,5933,74.78,35.61,106,443648,444158
[Recv] <<< 23:c9:cc:4b:a0:3a,39514,-31,5934,74.77,35.61,26,443674,444184
[Recv] <<< 23:c9:cc:4b:a0:3a,39515,-31,5935,74.76,35.61,35,443709,444219
[Recv] <<< 23:c9:cc:4b:a0:3a,39516,-31,5936,74.75,35.61,31,443740,444250
[Recv] <<< 23:c9:cc:4b:a0:3a,39518,-31,5937,74.75,35.61,65,443805,444315
[Recv] <<< 23:c9:cc:4b:a0:3a,39521,-37,5938,74.76,35.61,113,443918,444428
[Recv] <<< 23:c9:cc:4b:a0:3a,39524,-31,5939,74.76,35.61,97,444015,444525
[Recv] <<< 23:c9:cc:4b:a0:3a,39525,-31,5940,74.75,35.61,29,444044,444554
[Recv] <<< 23:c9:cc:4b:a0:3a,39526,-31,5941,74.75,35.61,33,444077,444587
[Recv] <<< 23:c9:cc:4b:a0:3a,39527,-31,5942,74.74,35.61,33,444110,444620
[Recv] <<< 23:c9:cc:4b:a0:3a,39529,-31,5943,74.74,35.61,69,444179,444689
[Recv] <<< 23:c9:cc:4b:a0:3a,39530,-30,5944,74.73,35.61,32,444211,444721
[Recv] <<< 23:c9:cc:4b:a0:3a,39531,-27,5945,74.73,35.61,32,444243,444753
[Recv] <<< 23:c9:cc:4b:a0:3a,39533,-28,5946,74.72,35.61,65,444308,444818
[Recv] <<< 23:c9:cc:4b:a0:3a,39534,-37,5947,74.72,35.61,30,444338,444848
[Recv] <<< 23:c9:cc:4b:a0:3a,39535,-38,5948,74.71,35.61,30,444368,444878
[Recv] <<< 23:c9:cc:4b:a0:3a,39536,-37,5949,74.70,35.61,34,444402,444912
[Recv] <<< 23:c9:cc:4b:a0:3a,39538,-31,5950,74.70,35.61,69,444471,444981
[Recv] <<< 23:c9:cc:4b:a0:3a,39539,-31,5951,74.69,35.61,30,444501,445011
[Recv] <<< 23:c9:cc:4b:a0:3a,39540,-31,5952,74.69,35.61,37,444538,445048
[Recv] <<< 23:c9:cc:4b:a0:3a,39542,-31,5953,74.68,35.61,61,444599,445109
[Recv] <<< 23:c9:cc:4b:a0:3a,39543,-31,5954,74.68,35.61,34,444633,445143
[Recv] <<< 23:c9:cc:4b:a0:3a,39545,-31,5955,74.68,35.61,70,444703,445213
[Recv] <<< 23:c9:cc:4b:a0:3a,39546,-31,5956,74.67,35.61,36,444739,445249
[Recv] <<< 23:c9:cc:4b:a0:3a,39547,-31,5957,74.66,35.61,31,444770,445280
[Recv] <<< 23:c9:cc:4b:a0:3a,39548,-31,5958,74.66,35.61,36,444806,445316
[Recv] <<< 23:c9:cc:4b:a0:3a,39573,-31,5959,74.79,35.60,849,445655,446165
[Recv] <<< 23:c9:cc:4b:a0:3a,39574,-31,5960,74.78,35.60,30,445685,446195
[Recv] <<< 23:c9:cc:4b:a0:3a,39587,-31,5961,74.84,35.60,443,446128,446638
[Recv] <<< 23:c9:cc:4b:a0:3a,39589,-28,5962,74.84,35.60,63,446191,446701
[Recv] <<< 23:c9:cc:4b:a0:3a,39590,-28,5963,74.83,35.60,31,446222,446732
[Recv] <<< 23:c9:cc:4b:a0:3a,39592,-31,5964,74.83,35.60,78,446300,446810
[Recv] <<< 23:c9:cc:4b:a0:3a,39594,-31,5965,74.83,35.60,63,446363,446873
[Recv] <<< 23:c9:cc:4b:a0:3a,39602,-27,5966,74.86,35.60,274,446637,447147
[Recv] <<< 23:c9:cc:4b:a0:3a,39619,-37,5967,74.95,35.60,583,447220,447730
[Recv] <<< 23:c9:cc:4b:a0:3a,39623,-31,5968,74.96,35.60,127,447347,447857
[Recv] <<< 23:c9:cc:4b:a0:3a,39625,-31,5969,74.96,35.60,70,447417,447927
[Recv] <<< 23:c9:cc:4b:a0:3a,39626,-31,5970,74.95,35.60,31,447448,447958
[Recv] <<< 23:c9:cc:4b:a0:3a,39627,-31,5971,74.94,35.60,41,447489,447999
[Recv] <<< 23:c9:cc:4b:a0:3a,39628,-31,5972,74.94,35.60,33,447522,448032
[Recv] <<< 23:c9:cc:4b:a0:3a,39629,-31,5973,74.93,35.60,29,447551,448061
[Recv] <<< 23:c9:cc:4b:a0:3a,39630,-28,5974,74.92,35.60,32,447583,448093
[Recv] <<< 23:c9:cc:4b:a0:3a,39631,-28,5975,74.91,35.60,33,447616,448126
[Recv] <<< 23:c9:cc:4b:a0:3a,39632,-28,5976,74.91,35.60,44,447660,448170
[Recv] <<< 23:c9:cc:4b:a0:3a,39633,-28,5977,74.90,35.60,30,447690,448200
[Recv] <<< 23:c9:cc:4b:a0:3a,39634,-27,5978,74.89,35.60,29,447719,448229
[Recv] <<< 23:c9:cc:4b:a0:3a,39636,-28,5979,74.89,35.59,66,447785,448295
[Recv] <<< 23:c9:cc:4b:a0:3a,39637,-37,5980,74.89,35.59,34,447819,448329
[Recv] <<< 23:c9:cc:4b:a0:3a,39638,-37,5981,74.88,35.59,30,447849,448359
[Recv] <<< 23:c9:cc:4b:a0:3a,39639,-37,5982,74.87,35.59,33,447882,448392
[Recv] <<< 23:c9:cc:4b:a0:3a,39640,-37,5983,74.86,35.59,34,447916,448426
[Recv] <<< 23:c9:cc:4b:a0:3a,39641,-37,5984,74.86,35.59,31,447947,448457
[Recv] <<< 23:c9:cc:4b:a0:3a,39642,-37,5985,74.85,35.59,33,447980,448490
[Recv] <<< 23:c9:cc:4b:a0:3a,39645,-31,5986,74.85,35.59,91,448071,448581
[Recv] <<< 23:c9:cc:4b:a0:3a,39646,-31,5987,74.85,35.59,35,448106,448616
[Recv] <<< 23:c9:cc:4b:a0:3a,39647,-31,5988,74.84,35.59,36,448142,448652
[Recv] <<< 23:c9:cc:4b:a0:3a,39648,-31,5989,74.83,35.59,30,448172,448682
[Recv] <<< 23:c9:cc:4b:a0:3a,39649,-31,5990,74.83,35.59,32,448204,448714
[Recv] <<< 23:c9:cc:4b:a0:3a,39651,-28,5991,74.82,35.59,59,448263,448773
[Recv] <<< 23:c9:cc:4b:a0:3a,39652,-28,5992,74.82,35.59,33,448296,448806
[Recv] <<< 23:c9:cc:4b:a0:3a,39654,-37,5993,74.81,35.59,63,448359,448869
[Recv] <<< 23:c9:cc:4b:a0:3a,39655,-37,5994,74.81,35.59,32,448391,448901
[Recv] <<< 23:c9:cc:4b:a0:3a,39657,-37,5995,74.81,35.59,65,448456,448966
[Recv] <<< 23:c9:cc:4b:a0:3a,39658,-31,5996,74.80,35.59,32,448488,448998
[Recv] <<< 23:c9:cc:4b:a0:3a,39659,-31,5997,74.79,35.59,31,448519,449029
[Recv] <<< 23:c9:cc:4b:a0:3a,39661,-31,5998,74.79,35.59,72,448591,449101
[Recv] <<< 23:c9:cc:4b:a0:3a,39662,-30,5999,74.78,35.59,32,448623,449133
[Recv] <<< 23:c9:cc:4b:a0:3a,39664,-28,6000,74.78,35.59,59,448682,449192
[Recv] <<< 23:c9:cc:4b:a0:3a,39665,-31,6001,74.77,35.59,41,448723,449233
[Recv] <<< 23:c9:cc:4b:a0:3a,39666,-31,6002,74.77,35.59,34,448757,449267
[Recv] <<< 23:c9:cc:4b:a0:3a,39667,-27,6003,74.76,35.59,34,448791,449301
[Recv] <<< 23:c9:cc:4b:a0:3a,39668,-27,6004,74.75,35.59,27,448818,449328
[Recv] <<< 23:c9:cc:4b:a0:3a,39669,-31,6005,74.75,35.59,42,448860,449370
[Recv] <<< 23:c9:cc:4b:a0:3a,39670,-37,6006,74.74,35.59,45,448905,449415
[Recv] <<< 23:c9:cc:4b:a0:3a,39671,-37,6007,74.74,35.59,37,448942,449452
[Recv] <<< 23:c9:cc:4b:a0:3a,39673,-37,6008,74.74,35.59,70,449012,449522
[Recv] <<< 23:c9:cc:4b:a0:3a,39674,-37,6009,74.73,35.59,31,449043,449553
[Recv] <<< 23:c9:cc:4b:a0:3a,39675,-37,6010,74.72,35.59,32,449075,449585
[Recv] <<< 23:c9:cc:4b:a0:3a,39680,-37,6011,74.74,35.59,169,449244,449754
[Recv] <<< 23:c9:cc:4b:a0:3a,39681,-37,6012,74.73,35.59,31,449275,449785
[Recv] <<< 23:c9:cc:4b:a0:3a,39685,-37,6013,74.74,35.59,138,449413,449923
[Recv] <<< 23:c9:cc:4b:a0:3a,39686,-37,6014,74.73,35.59,35,449448,449958
[Recv] <<< 23:c9:cc:4b:a0:3a,39687,-37,6015,74.73,35.59,38,449486,449996
[Recv] <<< 23:c9:cc:4b:a0:3a,39688,-37,6016,74.72,35.59,34,449520,450030
[Recv] <<< 23:c9:cc:4b:a0:3a,39689,-37,6017,74.71,35.59,30,449550,450060
[Recv] <<< 23:c9:cc:4b:a0:3a,39690,-37,6018,74.71,35.59,31,449581,450091
[Recv] <<< 23:c9:cc:4b:a0:3a,39699,-37,6019,74.75,35.58,316,449897,450407
[Recv] <<< 23:c9:cc:4b:a0:3a,39701,-37,6020,74.75,35.58,73,449970,450480
[Recv] <<< 23:c9:cc:4b:a0:3a,39702,-38,6021,74.74,35.58,33,450003,450513
[Recv] <<< 23:c9:cc:4b:a0:3a,39704,-31,6022,74.74,35.58,61,450064,450574
[Recv] <<< 23:c9:cc:4b:a0:3a,39705,-31,6023,74.73,35.58,37,450101,450611
[Recv] <<< 23:c9:cc:4b:a0:3a,39707,-31,6024,74.73,35.58,69,450170,450680
[Recv] <<< 23:c9:cc:4b:a0:3a,39709,-31,6025,74.73,35.58,69,450239,450749
[Recv] <<< 23:c9:cc:4b:a0:3a,39722,-37,6026,74.79,35.58,416,450655,451165
[Recv] <<< 23:c9:cc:4b:a0:3a,39723,-37,6027,74.78,35.58,42,450697,451207
[Recv] <<< 23:c9:cc:4b:a0:3a,39725,-37,6028,74.78,35.58,68,450765,451275
[Recv] <<< 23:c9:cc:4b:a0:3a,39727,-37,6029,74.78,35.58,68,450833,451343
[Recv] <<< 23:c9:cc:4b:a0:3a,39729,-28,6030,74.78,35.58,73,450906,451416
[Recv] <<< 23:c9:cc:4b:a0:3a,39732,-28,6031,74.78,35.58,105,451011,451521
[Recv] <<< 23:c9:cc:4b:a0:3a,39733,-31,6032,74.78,35.58,44,451055,451565
[Recv] <<< 23:c9:cc:4b:a0:3a,39734,-30,6033,74.77,35.58,34,451089,451599
[Recv] <<< 23:c9:cc:4b:a0:3a,39735,-30,6034,74.76,35.58,42,451131,451641
[Recv] <<< 23:c9:cc:4b:a0:3a,39736,-31,6035,74.76,35.58,22,451153,451663
[Recv] <<< 23:c9:cc:4b:a0:3a,39737,-28,6036,74.75,35.58,35,451188,451698
[Recv] <<< 23:c9:cc:4b:a0:3a,39738,-30,6037,74.74,35.58,42,451230,451740
[Recv] <<< 23:c9:cc:4b:a0:3a,39739,-31,6038,74.74,35.58,35,451265,451775
[Recv] <<< 23:c9:cc:4b:a0:3a,39740,-38,6039,74.73,35.58,36,451301,451811
[Recv] <<< 23:c9:cc:4b:a0:3a,39742,-31,6040,74.73,35.58,66,451367,451877
[Recv] <<< 23:c9:cc:4b:a0:3a,39743,-31,6041,74.72,35.58,46,451413,451923
[Recv] <<< 23:c9:cc:4b:a0:3a,39744,-31,6042,74.72,35.58,23,451436,451946
[Recv] <<< 23:c9:cc:4b:a0:3a,39745,-31,6043,74.71,35.58,38,451474,451984
[Recv] <<< 23:c9:cc:4b:a0:3a,39746,-27,6044,74.70,35.58,27,451501,452011
[Recv] <<< 23:c9:cc:4b:a0:3a,39748,-31,6045,74.70,35.58,69,451570,452080
[Recv] <<< 23:c9:cc:4b:a0:3a,39750,-28,6046,74.70,35.58,65,451635,452145
[Recv] <<< 23:c9:cc:4b:a0:3a,39751,-27,6047,74.69,35.58,32,451667,452177
[Recv] <<< 23:c9:cc:4b:a0:3a,39753,-28,6048,74.69,35.58,69,451736,452246
[Recv] <<< 23:c9:cc:4b:a0:3a,39754,-27,6049,74.69,35.58,35,451771,452281
[Recv] <<< 23:c9:cc:4b:a0:3a,39755,-28,6050,74.68,35.58,34,451805,452315
[Recv] <<< 23:c9:cc:4b:a0:3a,39756,-28,6051,74.67,35.58,31,451836,452346
[Recv] <<< 23:c9:cc:4b:a0:3a,39759,-37,6052,74.68,35.58,99,451935,452445
[Recv] <<< 23:c9:cc:4b:a0:3a,39760,-38,6053,74.67,35.58,34,451969,452479
[Recv] <<< 23:c9:cc:4b:a0:3a,39762,-27,6054,74.67,35.58,75,452044,452554
[Recv] <<< 23:c9:cc:4b:a0:3a,39763,-28,6055,74.66,35.58,39,452083,452593
[Recv] <<< 23:c9:cc:4b:a0:3a,39765,-37,6056,74.66,35.58,61,452144,452654
[Recv] <<< 23:c9:cc:4b:a0:3a,39766,-37,6057,74.65,35.58,33,452177,452687
[Recv] <<< 23:c9:cc:4b:a0:3a,39767,-37,6058,74.65,35.58,31,452208,452718
[Recv] <<< 23:c9:cc:4b:a0:3a,39768,-38,6059,74.64,35.58,43,452251,452761
[Recv] <<< 23:c9:cc:4b:a0:3a,39769,-37,6060,74.63,35.58,30,452281,452791
[Recv] <<< 23:c9:cc:4b:a0:3a,39770,-38,6061,74.63,35.58,32,452313,452823
[Recv] <<< 23:c9:cc:4b:a0:3a,39771,-40,6062,74.62,35.58,36,452349,452859
[Recv] <<< 23:c9:cc:4b:a0:3a,39772,-37,6063,74.61,35.58,33,452382,452892
[Recv] <<< 23:c9:cc:4b:a0:3a,39774,-38,6064,74.61,35.58,69,452451,452961
[Recv] <<< 23:c9:cc:4b:a0:3a,39775,-37,6065,74.61,35.58,35,452486,452996
[Recv] <<< 23:c9:cc:4b:a0:3a,39776,-37,6066,74.60,35.58,37,452523,453033
[Recv] <<< 23:c9:cc:4b:a0:3a,39777,-37,6067,74.59,35.58,33,452556,453066
[Recv] <<< 23:c9:cc:4b:a0:3a,39778,-37,6068,74.58,35.57,24,452580,453090
[Recv] <<< 23:c9:cc:4b:a0:3a,39779,-37,6069,74.58,35.58,44,452624,453134
[Recv] <<< 23:c9:cc:4b:a0:3a,39781,-28,6070,74.58,35.58,74,452698,453208
[Recv] <<< 23:c9:cc:4b:a0:3a,39782,-28,6071,74.57,35.58,35,452733,453243
[Recv] <<< 23:c9:cc:4b:a0:3a,39783,-27,6072,74.57,35.58,31,452764,453274
[Recv] <<< 23:c9:cc:4b:a0:3a,39784,-28,6073,74.56,35.58,37,452801,453311
[Recv] <<< 23:c9:cc:4b:a0:3a,39786,-30,6074,74.56,35.58,69,452870,453380
[Recv] <<< 23:c9:cc:4b:a0:3a,39788,-28,6075,74.56,35.57,58,452928,453438
[Recv] <<< 23:c9:cc:4b:a0:3a,39789,-28,6076,74.55,35.57,35,452963,453473
[Recv] <<< 23:c9:cc:4b:a0:3a,39795,-31,6077,74.57,35.57,186,453149,453659
[Recv] <<< 23:c9:cc:4b:a0:3a,39804,-28,6078,74.61,35.57,311,453460,453970
[Recv] <<< 23:c9:cc:4b:a0:3a,39805,-28,6079,74.60,35.57,34,453494,454004
[Recv] <<< 23:c9:cc:4b:a0:3a,39806,-28,6080,74.59,35.57,42,453536,454046
[Recv] <<< 23:c9:cc:4b:a0:3a,39807,-37,6081,74.59,35.57,27,453563,454073
[Recv] <<< 23:c9:cc:4b:a0:3a,39808,-38,6082,74.58,35.57,35,453598,454108
[Recv] <<< 23:c9:cc:4b:a0:3a,39826,-37,6083,74.67,35.57,612,454210,454720
[Recv] <<< 23:c9:cc:4b:a0:3a,39827,-37,6084,74.66,35.57,37,454247,454757
[Recv] <<< 23:c9:cc:4b:a0:3a,39829,-37,6085,74.66,35.57,68,454315,454825
[Recv] <<< 23:c9:cc:4b:a0:3a,39831,-37,6086,74.66,35.57,61,454376,454886
[Recv] <<< 23:c9:cc:4b:a0:3a,39832,-37,6087,74.65,35.57,40,454416,454926
[Recv] <<< 23:c9:cc:4b:a0:3a,39839,-31,6088,74.68,35.57,235,454651,455161
[Recv] <<< 23:c9:cc:4b:a0:3a,39841,-31,6089,74.68,35.57,66,454717,455227
[Recv] <<< 23:c9:cc:4b:a0:3a,39842,-31,6090,74.67,35.57,37,454754,455264
[Recv] <<< 23:c9:cc:4b:a0:3a,39843,-31,6091,74.66,35.57,30,454784,455294
[Recv] <<< 23:c9:cc:4b:a0:3a,39845,-31,6092,74.66,35.57,69,454853,455363
[Recv] <<< 23:c9:cc:4b:a0:3a,39846,-31,6093,74.66,35.57,39,454892,455402
[Recv] <<< 23:c9:cc:4b:a0:3a,39847,-31,6094,74.65,35.57,27,454919,455429
[Recv] <<< 23:c9:cc:4b:a0:3a,39848,-31,6095,74.64,35.57,40,454959,455469
[Recv] <<< 23:c9:cc:4b:a0:3a,39849,-31,6096,74.64,35.57,33,454992,455502
[Recv] <<< 23:c9:cc:4b:a0:3a,39850,-31,6097,74.63,35.57,42,455034,455544
[Recv] <<< 23:c9:cc:4b:a0:3a,39851,-31,6098,74.62,35.57,29,455063,455573
[Recv] <<< 23:c9:cc:4b:a0:3a,39853,-31,6099,74.62,35.57,68,455131,455641
[Recv] <<< 23:c9:cc:4b:a0:3a,39854,-30,6100,74.62,35.57,36,455167,455677
[Recv] <<< 23:c9:cc:4b:a0:3a,39855,-30,6101,74.61,35.56,26,455193,455703
[Recv] <<< 23:c9:cc:4b:a0:3a,39856,-31,6102,74.60,35.56,39,455232,455742
[Recv] <<< 23:c9:cc:4b:a0:3a,39857,-31,6103,74.60,35.56,35,455267,455777
[Recv] <<< 23:c9:cc:4b:a0:3a,39875,-31,6104,74.69,35.56,623,455890,456400
[Recv] <<< 23:c9:cc:4b:a0:3a,39891,-38,6105,74.76,35.56,539,456429,456939
[Recv] <<< 23:c9:cc:4b:a0:3a,39901,-28,6106,74.81,35.56,336,456765,457275
[Recv] <<< 23:c9:cc:4b:a0:3a,39902,-28,6107,74.80,35.56,35,456800,457310
[Recv] <<< 23:c9:cc:4b:a0:3a,39903,-28,6108,74.79,35.56,34,456834,457344
[Recv] <<< 23:c9:cc:4b:a0:3a,39904,-28,6109,74.79,35.56,38,456872,457382
[Recv] <<< 23:c9:cc:4b:a0:3a,39905,-27,6110,74.78,35.56,29,456901,457411
[Recv] <<< 23:c9:cc:4b:a0:3a,39906,-28,6111,74.77,35.56,37,456938,457448
[Recv] <<< 23:c9:cc:4b:a0:3a,39907,-27,6112,74.77,35.56,35,456973,457483
[Recv] <<< 23:c9:cc:4b:a0:3a,39908,-28,6113,74.76,35.56,37,457010,457520
[Recv] <<< 23:c9:cc:4b:a0:3a,39909,-28,6114,74.75,35.56,37,457047,457557
[Recv] <<< 23:c9:cc:4b:a0:3a,39910,-31,6115,74.75,35.56,41,457088,457598
[Recv] <<< 23:c9:cc:4b:a0:3a,39938,-27,6116,74.90,35.56,974,458062,458572
[Recv] <<< 23:c9:cc:4b:a0:3a,39945,-28,6117,74.92,35.56,248,458310,458820
[Recv] <<< 23:c9:cc:4b:a0:3a,39946,-31,6118,74.92,35.56,37,458347,458857
[Recv] <<< 23:c9:cc:4b:a0:3a,39947,-31,6119,74.91,35.56,36,458383,458893
[Recv] <<< 23:c9:cc:4b:a0:3a,39948,-31,6120,74.91,35.56,39,458422,458932
[Recv] <<< 23:c9:cc:4b:a0:3a,39949,-31,6121,74.90,35.56,31,458453,458963
[Recv] <<< 23:c9:cc:4b:a0:3a,39954,-31,6122,74.91,35.56,173,458626,459136
[Recv] <<< 23:c9:cc:4b:a0:3a,39955,-31,6123,74.91,35.56,32,458658,459168
[Recv] <<< 23:c9:cc:4b:a0:3a,39958,-31,6124,74.91,35.56,113,458771,459281
[Recv] <<< 23:c9:cc:4b:a0:3a,39959,-31,6125,74.91,35.56,26,458797,459307
[Recv] <<< 23:c9:cc:4b:a0:3a,39960,-31,6126,74.90,35.56,39,458836,459346
[Recv] <<< 23:c9:cc:4b:a0:3a,39961,-31,6127,74.89,35.56,30,458866,459376
[Recv] <<< 23:c9:cc:4b:a0:3a,39962,-31,6128,74.89,35.56,31,458897,459407
[Recv] <<< 23:c9:cc:4b:a0:3a,39963,-31,6129,74.88,35.56,41,458938,459448
[Recv] <<< 23:c9:cc:4b:a0:3a,39964,-31,6130,74.87,35.56,39,458977,459487
[Recv] <<< 23:c9:cc:4b:a0:3a,39965,-37,6131,74.87,35.56,38,459015,459525
[Recv] <<< 23:c9:cc:4b:a0:3a,39966,-37,6132,74.86,35.56,39,459054,459564
[Recv] <<< 23:c9:cc:4b:a0:3a,39967,-38,6133,74.86,35.56,33,459087,459597
[Recv] <<< 23:c9:cc:4b:a0:3a,39968,-40,6134,74.85,35.56,32,459119,459629
[Recv] <<< 23:c9:cc:4b:a0:3a,39979,-31,6135,74.90,35.56,403,459522,460032
[Recv] <<< 23:c9:cc:4b:a0:3a,39980,-31,6136,74.90,35.56,35,459557,460067
[Recv] <<< 23:c9:cc:4b:a0:3a,39981,-37,6137,74.89,35.56,41,459598,460108
[Recv] <<< 23:c9:cc:4b:a0:3a,39982,-28,6138,74.88,35.56,42,459640,460150
[Recv] <<< 23:c9:cc:4b:a0:3a,39983,-28,6139,74.88,35.56,39,459679,460189
[Recv] <<< 23:c9:cc:4b:a0:3a,39984,-31,6140,74.87,35.56,43,459722,460232
[Recv] <<< 23:c9:cc:4b:a0:3a,39996,-37,6141,74.94,35.56,458,460180,460690
[Recv] <<< 23:c9:cc:4b:a0:3a,39997,-37,6142,74.93,35.56,34,460214,460724
[Recv] <<< 23:c9:cc:4b:a0:3a,39998,-37,6143,74.92,35.56,35,460249,460759
[Recv] <<< 23:c9:cc:4b:a0:3a,40000,-28,6144,74.92,35.56,80,460329,460839
[Recv] <<< 23:c9:cc:4b:a0:3a,40001,-27,6145,74.92,35.56,36,460365,460875
[Recv] <<< 23:c9:cc:4b:a0:3a,40002,-28,6146,74.91,35.56,34,460399,460909
[Recv] <<< 23:c9:cc:4b:a0:3a,40004,-31,6147,74.91,35.56,78,460477,460987
[Recv] <<< 23:c9:cc:4b:a0:3a,40006,-37,6148,74.91,35.56,78,460555,461065
[Recv] <<< 23:c9:cc:4b:a0:3a,40008,-27,6149,74.91,35.56,76,460631,461141
[Recv] <<< 23:c9:cc:4b:a0:3a,40009,-28,6150,74.91,35.57,43,460674,461184
[Recv] <<< 23:c9:cc:4b:a0:3a,40010,-31,6151,74.90,35.57,41,460715,461225
[Recv] <<< 23:c9:cc:4b:a0:3a,40011,-31,6152,74.90,35.57,41,460756,461266
[Recv] <<< 23:c9:cc:4b:a0:3a,40012,-31,6153,74.89,35.57,35,460791,461301
[Recv] <<< 23:c9:cc:4b:a0:3a,40013,-31,6154,74.88,35.57,37,460828,461338
[Recv] <<< 23:c9:cc:4b:a0:3a,40014,-37,6155,74.88,35.57,38,460866,461376
[Recv] <<< 23:c9:cc:4b:a0:3a,40016,-28,6156,74.88,35.57,89,460955,461465
[Recv] <<< 23:c9:cc:4b:a0:3a,40017,-31,6157,74.87,35.57,49,461004,461514
[Recv] <<< 23:c9:cc:4b:a0:3a,40025,-31,6158,74.92,35.57,335,461339,461849
[Recv] <<< 23:c9:cc:4b:a0:3a,40034,-31,6159,74.97,35.58,385,461724,462234
[Recv] <<< 23:c9:cc:4b:a0:3a,40035,-31,6160,74.96,35.58,35,461759,462269
[Recv] <<< 23:c9:cc:4b:a0:3a,40037,-28,6161,74.96,35.58,85,461844,462354
[Recv] <<< 23:c9:cc:4b:a0:3a,40039,-31,6162,74.97,35.58,91,461935,462445
[Recv] <<< 23:c9:cc:4b:a0:3a,40040,-37,6163,74.96,35.58,45,461980,462490
[Recv] <<< 23:c9:cc:4b:a0:3a,40042,-28,6164,74.96,35.58,77,462057,462567
[Recv] <<< 23:c9:cc:4b:a0:3a,40045,-38,6165,74.97,35.58,125,462182,462692
[Recv] <<< 23:c9:cc:4b:a0:3a,40046,-28,6166,74.96,35.58,44,462226,462736
[Recv] <<< 23:c9:cc:4b:a0:3a,40047,-31,6167,74.96,35.58,45,462271,462781
[Recv] <<< 23:c9:cc:4b:a0:3a,40048,-37,6168,74.95,35.58,42,462313,462823
[Recv] <<< 23:c9:cc:4b:a0:3a,40049,-37,6169,74.95,35.59,43,462356,462866
[Recv] <<< 23:c9:cc:4b:a0:3a,40050,-27,6170,74.94,35.59,41,462397,462907
[Recv] <<< 23:c9:cc:4b:a0:3a,40051,-31,6171,74.94,35.59,47,462444,462954
[Recv] <<< 23:c9:cc:4b:a0:3a,40055,-31,6172,74.95,35.59,173,462617,463127
[Recv] <<< 23:c9:cc:4b:a0:3a,40056,-37,6173,74.95,35.59,42,462659,463169
[Recv] <<< 23:c9:cc:4b:a0:3a,40057,-37,6174,74.94,35.59,40,462699,463209
[Recv] <<< 23:c9:cc:4b:a0:3a,40066,-28,6175,74.99,35.59,382,463081,463591
[Recv] <<< 23:c9:cc:4b:a0:3a,40067,-28,6176,74.99,35.60,46,463127,463637
[Recv] <<< 23:c9:cc:4b:a0:3a,40068,-31,6177,74.98,35.60,42,463169,463679
[Recv] <<< 23:c9:cc:4b:a0:3a,40069,-40,6178,74.98,35.60,43,463212,463722
[Recv] <<< 23:c9:cc:4b:a0:3a,40098,-31,6179,75.16,35.61,1227,464439,464949
[Recv] <<< 23:c9:cc:4b:a0:3a,40100,-37,6180,75.17,35.61,82,464521,465031
[Recv] <<< 23:c9:cc:4b:a0:3a,40101,-28,6181,75.16,35.61,41,464562,465072
[Recv] <<< 23:c9:cc:4b:a0:3a,40103,-37,6182,75.16,35.61,87,464649,465159
[Recv] <<< 23:c9:cc:4b:a0:3a,40104,-38,6183,75.16,35.61,45,464694,465204
[Recv] <<< 23:c9:cc:4b:a0:3a,40105,-28,6184,75.15,35.61,44,464738,465248
[Recv] <<< 23:c9:cc:4b:a0:3a,40106,-31,6185,75.15,35.62,40,464778,465288
[Recv] <<< 23:c9:cc:4b:a0:3a,40107,-37,6186,75.14,35.62,41,464819,465329
[Recv] <<< 23:c9:cc:4b:a0:3a,40111,-37,6187,75.16,35.62,173,464992,465502
[Recv] <<< 23:c9:cc:4b:a0:3a,40112,-38,6188,75.15,35.62,44,465036,465546
[Recv] <<< 23:c9:cc:4b:a0:3a,40113,-28,6189,75.15,35.62,39,465075,465585
[Recv] <<< 23:c9:cc:4b:a0:3a,40115,-30,6190,75.15,35.62,79,465154,465664
[Recv] <<< 23:c9:cc:4b:a0:3a,40118,-28,6191,75.15,35.62,122,465276,465786
[Recv] <<< 23:c9:cc:4b:a0:3a,40119,-31,6192,75.15,35.62,45,465321,465831
[Recv] <<< 23:c9:cc:4b:a0:3a,40120,-31,6193,75.14,35.62,34,465355,465865
[Recv] <<< 23:c9:cc:4b:a0:3a,40121,-37,6194,75.14,35.62,46,465401,465911
[Recv] <<< 23:c9:cc:4b:a0:3a,40122,-37,6195,75.13,35.62,46,465447,465957
[Recv] <<< 23:c9:cc:4b:a0:3a,40123,-28,6196,75.13,35.62,33,465480,465990
[Recv] <<< 23:c9:cc:4b:a0:3a,40124,-31,6197,75.12,35.62,51,465531,466041
[Recv] <<< 23:c9:cc:4b:a0:3a,40125,-31,6198,75.11,35.62,30,465561,466071
[Recv] <<< 23:c9:cc:4b:a0:3a,40126,-38,6199,75.11,35.62,46,465607,466117
[Recv] <<< 23:c9:cc:4b:a0:3a,40127,-28,6200,75.10,35.62,39,465646,466156
[Recv] <<< 23:c9:cc:4b:a0:3a,40128,-28,6201,75.10,35.62,42,465688,466198
[Recv] <<< 23:c9:cc:4b:a0:3a,40129,-31,6202,75.09,35.63,41,465729,466239
[Recv] <<< 23:c9:cc:4b:a0:3a,40130,-37,6203,75.09,35.63,43,465772,466282
[Recv] <<< 23:c9:cc:4b:a0:3a,40132,-28,6204,75.09,35.63,87,465859,466369
[Recv] <<< 23:c9:cc:4b:a0:3a,40136,-37,6205,75.10,35.63,162,466021,466531
[Recv] <<< 23:c9:cc:4b:a0:3a,40137,-37,6206,75.10,35.63,30,466051,466561
[Recv] <<< 23:c9:cc:4b:a0:3a,40138,-28,6207,75.09,35.63,43,466094,466604
[Recv] <<< 23:c9:cc:4b:a0:3a,40139,-27,6208,75.09,35.63,39,466133,466643
[Recv] <<< 23:c9:cc:4b:a0:3a,40140,-28,6209,75.08,35.63,38,466171,466681
[Recv] <<< 23:c9:cc:4b:a0:3a,40141,-31,6210,75.07,35.63,43,466214,466724
[Recv] <<< 23:c9:cc:4b:a0:3a,40142,-37,6211,75.07,35.63,43,466257,466767
[Recv] <<< 23:c9:cc:4b:a0:3a,40146,-31,6212,75.08,35.63,156,466413,466923
[Recv] <<< 23:c9:cc:4b:a0:3a,40147,-37,6213,75.08,35.63,42,466455,466965
[Recv] <<< 23:c9:cc:4b:a0:3a,40157,-37,6214,75.13,35.64,421,466876,467386
[Recv] <<< 23:c9:cc:4b:a0:3a,40161,-31,6215,75.15,35.64,165,467041,467551
[Recv] <<< 23:c9:cc:4b:a0:3a,40171,-37,6216,75.20,35.64,413,467454,467964
[Recv] <<< 23:c9:cc:4b:a0:3a,40172,-37,6217,75.20,35.64,41,467495,468005
[Recv] <<< 23:c9:cc:4b:a0:3a,40254,-37,6218,75.72,35.67,3335,470830,471340
[Recv] <<< 23:c9:cc:4b:a0:3a,40255,-38,6219,75.71,35.67,36,470866,471376
[Recv] <<< 23:c9:cc:4b:a0:3a,40257,-28,6220,75.72,35.68,82,470948,471458
[Recv] <<< 23:c9:cc:4b:a0:3a,40259,-31,6221,75.72,35.68,80,471028,471538
[Recv] <<< 23:c9:cc:4b:a0:3a,40260,-37,6222,75.71,35.68,39,471067,471577
[Recv] <<< 23:c9:cc:4b:a0:3a,40261,-40,6223,75.70,35.68,42,471109,471619
[Recv] <<< 23:c9:cc:4b:a0:3a,40262,-28,6224,75.70,35.68,42,471151,471661
[Recv] <<< 23:c9:cc:4b:a0:3a,40263,-28,6225,75.69,35.68,45,471196,471706
[Recv] <<< 23:c9:cc:4b:a0:3a,40265,-31,6226,75.69,35.68,80,471276,471786
[Recv] <<< 23:c9:cc:4b:a0:3a,40266,-37,6227,75.69,35.68,46,471322,471832
[Recv] <<< 23:c9:cc:4b:a0:3a,40268,-28,6228,75.69,35.68,75,471397,471907
[Recv] <<< 23:c9:cc:4b:a0:3a,40270,-30,6229,75.69,35.68,83,471480,471990
[Recv] <<< 23:c9:cc:4b:a0:3a,40271,-31,6230,75.68,35.68,32,471512,472022
[Recv] <<< 23:c9:cc:4b:a0:3a,40272,-37,6231,75.68,35.68,42,471554,472064
[Recv] <<< 23:c9:cc:4b:a0:3a,40273,-28,6232,75.67,35.68,38,471592,472102
[Recv] <<< 23:c9:cc:4b:a0:3a,40274,-28,6233,75.67,35.68,44,471636,472146
[Recv] <<< 23:c9:cc:4b:a0:3a,40275,-31,6234,75.66,35.68,43,471679,472189
[Recv] <<< 23:c9:cc:4b:a0:3a,40276,-37,6235,75.66,35.68,46,471725,472235
[Recv] <<< 23:c9:cc:4b:a0:3a,40277,-37,6236,75.65,35.68,34,471759,472269
[Recv] <<< 23:c9:cc:4b:a0:3a,40278,-38,6237,75.65,35.68,41,471800,472310
[Recv] <<< 23:c9:cc:4b:a0:3a,40279,-37,6238,75.64,35.68,35,471835,472345
[Recv] <<< 23:c9:cc:4b:a0:3a,40281,-28,6239,75.64,35.68,75,471910,472420
[Recv] <<< 23:c9:cc:4b:a0:3a,40282,-31,6240,75.63,35.68,47,471957,472467
[Recv] <<< 23:c9:cc:4b:a0:3a,40283,-31,6241,75.63,35.68,38,471995,472505
[Recv] <<< 23:c9:cc:4b:a0:3a,40285,-37,6242,75.63,35.68,77,472072,472582
[Recv] <<< 23:c9:cc:4b:a0:3a,40286,-37,6243,75.62,35.68,40,472112,472622
[Recv] <<< 23:c9:cc:4b:a0:3a,40288,-28,6244,75.62,35.69,73,472185,472695
[Recv] <<< 23:c9:cc:4b:a0:3a,40289,-28,6245,75.62,35.69,35,472220,472730
[Recv] <<< 23:c9:cc:4b:a0:3a,40290,-28,6246,75.61,35.69,38,472258,472768
[Recv] <<< 23:c9:cc:4b:a0:3a,40291,-28,6247,75.60,35.69,36,472294,472804
[Recv] <<< 23:c9:cc:4b:a0:3a,40292,-31,6248,75.60,35.69,48,472342,472852
[Recv] <<< 23:c9:cc:4b:a0:3a,40293,-31,6249,75.59,35.69,32,472374,472884
[Recv] <<< 23:c9:cc:4b:a0:3a,40294,-38,6250,75.59,35.69,38,472412,472922
[Recv] <<< 23:c9:cc:4b:a0:3a,40295,-37,6251,75.58,35.69,33,472445,472955
[Recv] <<< 23:c9:cc:4b:a0:3a,40301,-28,6252,75.60,35.69,232,472677,473187
[Recv] <<< 23:c9:cc:4b:a0:3a,40302,-27,6253,75.60,35.69,27,472704,473214
[Recv] <<< 23:c9:cc:4b:a0:3a,40303,-27,6254,75.59,35.69,45,472749,473259
[Recv] <<< 23:c9:cc:4b:a0:3a,40304,-31,6255,75.59,35.69,37,472786,473296
[Recv] <<< 23:c9:cc:4b:a0:3a,40310,-31,6256,75.61,35.69,213,472999,473509
[Recv] <<< 23:c9:cc:4b:a0:3a,40311,-31,6257,75.60,35.69,34,473033,473543
[Recv] <<< 23:c9:cc:4b:a0:3a,40312,-31,6258,75.59,35.69,39,473072,473582
[Recv] <<< 23:c9:cc:4b:a0:3a,40313,-31,6259,75.59,35.69,38,473110,473620
[Recv] <<< 23:c9:cc:4b:a0:3a,40337,-31,6260,75.72,35.69,867,473977,474487
[Recv] <<< 23:c9:cc:4b:a0:3a,40356,-28,6261,75.81,35.69,677,474654,475164
[Recv] <<< 23:c9:cc:4b:a0:3a,40365,-28,6262,75.85,35.69,310,474964,475474
[Recv] <<< 23:c9:cc:4b:a0:3a,40366,-28,6263,75.84,35.69,37,475001,475511
[Recv] <<< 23:c9:cc:4b:a0:3a,40367,-37,6264,75.84,35.69,30,475031,475541
[Recv] <<< 23:c9:cc:4b:a0:3a,40368,-27,6265,75.83,35.69,45,475076,475586
[Recv] <<< 23:c9:cc:4b:a0:3a,40377,-27,6266,75.87,35.69,334,475410,475920
[Recv] <<< 23:c9:cc:4b:a0:3a,40380,-31,6267,75.88,35.69,114,475524,476034
[Recv] <<< 23:c9:cc:4b:a0:3a,40381,-31,6268,75.87,35.69,37,475561,476071
[Recv] <<< 23:c9:cc:4b:a0:3a,40382,-31,6269,75.87,35.69,37,475598,476108
[Recv] <<< 23:c9:cc:4b:a0:3a,40383,-37,6270,75.86,35.69,40,475638,476148
[Recv] <<< 23:c9:cc:4b:a0:3a,40384,-37,6271,75.85,35.69,37,475675,476185
[Recv] <<< 23:c9:cc:4b:a0:3a,40386,-28,6272,75.85,35.69,74,475749,476259
[Recv] <<< 23:c9:cc:4b:a0:3a,40391,-31,6273,75.87,35.69,183,475932,476442
[Recv] <<< 23:c9:cc:4b:a0:3a,40406,-27,6274,75.95,35.69,558,476490,477000
[Recv] <<< 23:c9:cc:4b:a0:3a,40407,-31,6275,75.94,35.69,48,476538,477048
[Recv] <<< 23:c9:cc:4b:a0:3a,40408,-31,6276,75.94,35.69,33,476571,477081
[Recv] <<< 23:c9:cc:4b:a0:3a,40410,-37,6277,75.93,35.69,73,476644,477154
[Recv] <<< 23:c9:cc:4b:a0:3a,40411,-37,6278,75.93,35.69,32,476676,477186
[Recv] <<< 23:c9:cc:4b:a0:3a,40412,-28,6279,75.92,35.69,42,476718,477228
[Recv] <<< 23:c9:cc:4b:a0:3a,40437,-40,6280,76.05,35.69,890,477608,478118
[Recv] <<< 23:c9:cc:4b:a0:3a,40438,-37,6281,76.05,35.69,36,477644,478154
[Recv] <<< 23:c9:cc:4b:a0:3a,40440,-28,6282,76.05,35.69,74,477718,478228
[Recv] <<< 23:c9:cc:4b:a0:3a,40441,-28,6283,76.04,35.69,33,477751,478261
[Recv] <<< 23:c9:cc:4b:a0:3a,40442,-27,6284,76.03,35.69,32,477783,478293
[Recv] <<< 23:c9:cc:4b:a0:3a,40475,-31,6285,76.20,35.69,1160,478943,479453
[Recv] <<< 23:c9:cc:4b:a0:3a,40476,-31,6286,76.20,35.69,37,478980,479490
[Recv] <<< 23:c9:cc:4b:a0:3a,40477,-30,6287,76.19,35.69,37,479017,479527
[Recv] <<< 23:c9:cc:4b:a0:3a,40503,-31,6288,76.32,35.69,905,479922,480432
[Recv] <<< 23:c9:cc:4b:a0:3a,40504,-31,6289,76.32,35.69,33,479955,480465
[Recv] <<< 23:c9:cc:4b:a0:3a,40505,-31,6290,76.31,35.69,33,479988,480498
[Recv] <<< 23:c9:cc:4b:a0:3a,40510,-28,6291,76.32,35.69,168,480156,480666
[Recv] <<< 23:c9:cc:4b:a0:3a,40511,-31,6292,76.32,35.69,40,480196,480706
[Recv] <<< 23:c9:cc:4b:a0:3a,40552,-37,6293,76.53,35.68,1397,481593,482103
[Recv] <<< 23:c9:cc:4b:a0:3a,40553,-37,6294,76.52,35.68,30,481623,482133
[Recv] <<< 23:c9:cc:4b:a0:3a,40554,-37,6295,76.51,35.68,38,481661,482171
[Recv] <<< 23:c9:cc:4b:a0:3a,40566,-28,6296,76.57,35.68,398,482059,482569
[Recv] <<< 23:c9:cc:4b:a0:3a,40567,-28,6297,76.56,35.68,34,482093,482603
[Recv] <<< 23:c9:cc:4b:a0:3a,40579,-30,6298,76.61,35.68,409,482502,483012
[Recv] <<< 23:c9:cc:4b:a0:3a,40580,-31,6299,76.61,35.68,37,482539,483049
[Recv] <<< 23:c9:cc:4b:a0:3a,40581,-31,6300,76.60,35.68,32,482571,483081
[Recv] <<< 23:c9:cc:4b:a0:3a,40582,-31,6301,76.59,35.68,37,482608,483118
[Recv] <<< 23:c9:cc:4b:a0:3a,40584,-27,6302,76.59,35.68,64,482672,483182
[Recv] <<< 23:c9:cc:4b:a0:3a,40585,-27,6303,76.58,35.68,31,482703,483213
[Recv] <<< 23:c9:cc:4b:a0:3a,40586,-27,6304,76.58,35.68,34,482737,483247
[Recv] <<< 23:c9:cc:4b:a0:3a,40587,-28,6305,76.57,35.68,28,482765,483275
[Recv] <<< 23:c9:cc:4b:a0:3a,40588,-28,6306,76.56,35.68,41,482806,483316
[Recv] <<< 23:c9:cc:4b:a0:3a,40589,-28,6307,76.56,35.68,37,482843,483353
[Recv] <<< 23:c9:cc:4b:a0:3a,40593,-37,6308,76.56,35.68,127,482970,483480
[Recv] <<< 23:c9:cc:4b:a0:3a,40594,-37,6309,76.56,35.68,29,482999,483509
[Recv] <<< 23:c9:cc:4b:a0:3a,40598,-37,6310,76.57,35.68,140,483139,483649
[Recv] <<< 23:c9:cc:4b:a0:3a,40599,-37,6311,76.56,35.68,38,483177,483687
[Recv] <<< 23:c9:cc:4b:a0:3a,40600,-37,6312,76.55,35.68,31,483208,483718
[Recv] <<< 23:c9:cc:4b:a0:3a,40601,-37,6313,76.55,35.68,30,483238,483748
[Recv] <<< 23:c9:cc:4b:a0:3a,40602,-37,6314,76.54,35.68,36,483274,483784
[Recv] <<< 23:c9:cc:4b:a0:3a,40603,-37,6315,76.53,35.68,30,483304,483814
[Recv] <<< 23:c9:cc:4b:a0:3a,40605,-30,6316,76.53,35.68,68,483372,483882
[Recv] <<< 23:c9:cc:4b:a0:3a,40614,-37,6317,76.57,35.67,306,483678,484188
[Recv] <<< 23:c9:cc:4b:a0:3a,40616,-37,6318,76.57,35.67,75,483753,484263
[Recv] <<< 23:c9:cc:4b:a0:3a,40619,-31,6319,76.57,35.67,98,483851,484361
[Recv] <<< 23:c9:cc:4b:a0:3a,40620,-31,6320,76.56,35.67,37,483888,484398
[Recv] <<< 23:c9:cc:4b:a0:3a,40624,-30,6321,76.57,35.67,141,484029,484539
[Recv] <<< 23:c9:cc:4b:a0:3a,40625,-37,6322,76.57,35.67,41,484070,484580
[Recv] <<< 23:c9:cc:4b:a0:3a,40626,-28,6323,76.56,35.68,47,484117,484627
[Recv] <<< 23:c9:cc:4b:a0:3a,40627,-27,6324,76.56,35.68,31,484148,484658
[Recv] <<< 23:c9:cc:4b:a0:3a,40628,-28,6325,76.55,35.68,44,484192,484702
[Recv] <<< 23:c9:cc:4b:a0:3a,40629,-28,6326,76.54,35.68,30,484222,484732
[Recv] <<< 23:c9:cc:4b:a0:3a,40630,-28,6327,76.54,35.67,26,484248,484758
[Recv] <<< 23:c9:cc:4b:a0:3a,40631,-28,6328,76.53,35.67,40,484288,484798
[Recv] <<< 23:c9:cc:4b:a0:3a,40632,-28,6329,76.52,35.68,38,484326,484836
[Recv] <<< 23:c9:cc:4b:a0:3a,40634,-28,6330,76.52,35.67,64,484390,484900
[Recv] <<< 23:c9:cc:4b:a0:3a,40636,-31,6331,76.52,35.68,77,484467,484977
[Recv] <<< 23:c9:cc:4b:a0:3a,40638,-28,6332,76.52,35.67,62,484529,485039
[Recv] <<< 23:c9:cc:4b:a0:3a,40639,-28,6333,76.51,35.67,30,484559,485069
[Recv] <<< 23:c9:cc:4b:a0:3a,40640,-37,6334,76.51,35.67,30,484589,485099
[Recv] <<< 23:c9:cc:4b:a0:3a,40641,-37,6335,76.50,35.67,37,484626,485136
[Recv] <<< 23:c9:cc:4b:a0:3a,40642,-40,6336,76.49,35.67,28,484654,485164
[Recv] <<< 23:c9:cc:4b:a0:3a,40643,-40,6337,76.49,35.67,41,484695,485205
[Recv] <<< 23:c9:cc:4b:a0:3a,40644,-28,6338,76.48,35.67,42,484737,485247
[Recv] <<< 23:c9:cc:4b:a0:3a,40645,-28,6339,76.47,35.67,35,484772,485282
[Recv] <<< 23:c9:cc:4b:a0:3a,40646,-28,6340,76.47,35.67,32,484804,485314
[Recv] <<< 23:c9:cc:4b:a0:3a,40647,-28,6341,76.46,35.67,37,484841,485351
[Recv] <<< 23:c9:cc:4b:a0:3a,40651,-37,6342,76.47,35.67,126,484967,485477
[Recv] <<< 23:c9:cc:4b:a0:3a,40652,-37,6343,76.46,35.67,37,485004,485514
[Recv] <<< 23:c9:cc:4b:a0:3a,40653,-37,6344,76.46,35.67,32,485036,485546
[Recv] <<< 23:c9:cc:4b:a0:3a,40656,-37,6345,76.46,35.67,93,485129,485639
[Recv] <<< 23:c9:cc:4b:a0:3a,40657,-31,6346,76.45,35.67,36,485165,485675
[Recv] <<< 23:c9:cc:4b:a0:3a,40658,-31,6347,76.44,35.67,30,485195,485705
[Recv] <<< 23:c9:cc:4b:a0:3a,40659,-38,6348,76.44,35.67,44,485239,485749
[Recv] <<< 23:c9:cc:4b:a0:3a,40662,-31,6349,76.44,35.67,82,485321,485831
[Recv] <<< 23:c9:cc:4b:a0:3a,40663,-31,6350,76.43,35.67,39,485360,485870
[Recv] <<< 23:c9:cc:4b:a0:3a,40665,-27,6351,76.43,35.67,61,485421,485931
[Recv] <<< 23:c9:cc:4b:a0:3a,40666,-28,6352,76.42,35.67,30,485451,485961
[Recv] <<< 23:c9:cc:4b:a0:3a,40668,-28,6353,76.42,35.67,74,485525,486035
[Recv] <<< 23:c9:cc:4b:a0:3a,40670,-37,6354,76.42,35.67,59,485584,486094
[Recv] <<< 23:c9:cc:4b:a0:3a,40671,-28,6355,76.42,35.67,45,485629,486139
[Recv] <<< 23:c9:cc:4b:a0:3a,40673,-28,6356,76.42,35.67,65,485694,486204
[Recv] <<< 23:c9:cc:4b:a0:3a,40674,-28,6357,76.41,35.67,32,485726,486236
[Recv] <<< 23:c9:cc:4b:a0:3a,40675,-37,6358,76.40,35.67,34,485760,486270
[Recv] <<< 23:c9:cc:4b:a0:3a,40677,-37,6359,76.40,35.67,70,485830,486340
[Recv] <<< 23:c9:cc:4b:a0:3a,40678,-28,6360,76.39,35.67,38,485868,486378
[Recv] <<< 23:c9:cc:4b:a0:3a,40679,-28,6361,76.39,35.67,36,485904,486414
[Recv] <<< 23:c9:cc:4b:a0:3a,40680,-28,6362,76.38,35.67,30,485934,486444
[Recv] <<< 23:c9:cc:4b:a0:3a,40681,-37,6363,76.37,35.67,34,485968,486478
[Recv] <<< 23:c9:cc:4b:a0:3a,40682,-37,6364,76.37,35.67,34,486002,486512
[Recv] <<< 23:c9:cc:4b:a0:3a,40683,-37,6365,76.36,35.67,38,486040,486550
[Recv] <<< 23:c9:cc:4b:a0:3a,40693,-31,6366,76.40,35.67,336,486376,486886
[Recv] <<< 23:c9:cc:4b:a0:3a,40694,-31,6367,76.40,35.67,36,486412,486922
[Recv] <<< 23:c9:cc:4b:a0:3a,40696,-31,6368,76.39,35.67,63,486475,486985
[Recv] <<< 23:c9:cc:4b:a0:3a,40697,-31,6369,76.39,35.67,33,486508,487018
[Recv] <<< 23:c9:cc:4b:a0:3a,40698,-31,6370,76.38,35.67,42,486550,487060
[Recv] <<< 23:c9:cc:4b:a0:3a,40702,-31,6371,76.39,35.67,137,486687,487197
[Recv] <<< 23:c9:cc:4b:a0:3a,40703,-31,6372,76.38,35.67,36,486723,487233
[Recv] <<< 23:c9:cc:4b:a0:3a,40719,-28,6373,76.46,35.66,532,487255,487765
[Recv] <<< 23:c9:cc:4b:a0:3a,40721,-28,6374,76.46,35.66,70,487325,487835
[Recv] <<< 23:c9:cc:4b:a0:3a,40722,-28,6375,76.45,35.66,36,487361,487871
[Recv] <<< 23:c9:cc:4b:a0:3a,40724,-28,6376,76.45,35.66,67,487428,487938
[Recv] <<< 23:c9:cc:4b:a0:3a,40725,-28,6377,76.44,35.66,29,487457,487967
[Recv] <<< 23:c9:cc:4b:a0:3a,40726,-28,6378,76.43,35.66,41,487498,488008
[Recv] <<< 23:c9:cc:4b:a0:3a,40735,-28,6379,76.47,35.66,299,487797,488307
[Recv] <<< 23:c9:cc:4b:a0:3a,40736,-28,6380,76.46,35.66,37,487834,488344
[Recv] <<< 23:c9:cc:4b:a0:3a,40738,-37,6381,76.46,35.66,59,487893,488403
[Recv] <<< 23:c9:cc:4b:a0:3a,40739,-37,6382,76.45,35.66,32,487925,488435
[Recv] <<< 23:c9:cc:4b:a0:3a,40740,-38,6383,76.45,35.66,28,487953,488463
[Recv] <<< 23:c9:cc:4b:a0:3a,40741,-37,6384,76.44,35.66,38,487991,488501
[Recv] <<< 23:c9:cc:4b:a0:3a,40752,-28,6385,76.49,35.66,395,488386,488896
[Recv] <<< 23:c9:cc:4b:a0:3a,40753,-31,6386,76.48,35.66,40,488426,488936
[Recv] <<< 23:c9:cc:4b:a0:3a,40754,-31,6387,76.48,35.66,31,488457,488967
[Recv] <<< 23:c9:cc:4b:a0:3a,40756,-31,6388,76.48,35.66,75,488532,489042
[Recv] <<< 23:c9:cc:4b:a0:3a,40758,-28,6389,76.47,35.66,63,488595,489105
[Recv] <<< 23:c9:cc:4b:a0:3a,40815,-27,6390,76.76,35.65,1926,490521,491031
[Recv] <<< 23:c9:cc:4b:a0:3a,40816,-28,6391,76.76,35.65,34,490555,491065
[Recv] <<< 23:c9:cc:4b:a0:3a,40818,-38,6392,76.75,35.65,60,490615,491125
[Recv] <<< 23:c9:cc:4b:a0:3a,40819,-37,6393,76.75,35.65,37,490652,491162
[Recv] <<< 23:c9:cc:4b:a0:3a,40820,-28,6394,76.74,35.65,35,490687,491197
[Recv] <<< 23:c9:cc:4b:a0:3a,40821,-28,6395,76.73,35.65,32,490719,491229
[Recv] <<< 23:c9:cc:4b:a0:3a,40822,-28,6396,76.73,35.65,32,490751,491261
[Recv] <<< 23:c9:cc:4b:a0:3a,40824,-37,6397,76.73,35.65,62,490813,491323
[Recv] <<< 23:c9:cc:4b:a0:3a,40825,-37,6398,76.72,35.65,38,490851,491361
[Recv] <<< 23:c9:cc:4b:a0:3a,40826,-37,6399,76.71,35.65,34,490885,491395
[Recv] <<< 23:c9:cc:4b:a0:3a,40827,-37,6400,76.70,35.65,25,490910,491420
[Recv] <<< 23:c9:cc:4b:a0:3a,40828,-31,6401,76.70,35.65,39,490949,491459
[Recv] <<< 23:c9:cc:4b:a0:3a,40829,-31,6402,76.69,35.65,32,490981,491491
[Recv] <<< 23:c9:cc:4b:a0:3a,40831,-28,6403,76.69,35.65,63,491044,491554
[Recv] <<< 23:c9:cc:4b:a0:3a,40833,-37,6404,76.69,35.65,57,491101,491611
[Recv] <<< 23:c9:cc:4b:a0:3a,40841,-27,6405,76.72,35.65,271,491372,491882
[Recv] <<< 23:c9:cc:4b:a0:3a,40842,-28,6406,76.71,35.65,37,491409,491919
[Recv] <<< 23:c9:cc:4b:a0:3a,40844,-28,6407,76.71,35.65,71,491480,491990
[Recv] <<< 23:c9:cc:4b:a0:3a,40845,-28,6408,76.70,35.65,34,491514,492024
[Recv] <<< 23:c9:cc:4b:a0:3a,40846,-27,6409,76.70,35.64,29,491543,492053
[Recv] <<< 23:c9:cc:4b:a0:3a,40847,-37,6410,76.69,35.64,37,491580,492090
[Recv] <<< 23:c9:cc:4b:a0:3a,40848,-37,6411,76.68,35.64,31,491611,492121
[Recv] <<< 23:c9:cc:4b:a0:3a,40866,-28,6412,76.77,35.64,617,492228,492738
[Recv] <<< 23:c9:cc:4b:a0:3a,40867,-28,6413,76.76,35.64,33,492261,492771
[Recv] <<< 23:c9:cc:4b:a0:3a,40868,-28,6414,76.75,35.64,29,492290,492800
[Recv] <<< 23:c9:cc:4b:a0:3a,40869,-28,6415,76.75,35.64,32,492322,492832
[Recv] <<< 23:c9:cc:4b:a0:3a,40870,-27,6416,76.74,35.64,35,492357,492867
[Recv] <<< 23:c9:cc:4b:a0:3a,40871,-27,6417,76.73,35.64,32,492389,492899
[Recv] <<< 23:c9:cc:4b:a0:3a,40872,-28,6418,76.72,35.64,32,492421,492931
[Recv] <<< 23:c9:cc:4b:a0:3a,40876,-28,6419,76.74,35.64,143,492564,493074
[Recv] <<< 23:c9:cc:4b:a0:3a,40878,-28,6420,76.73,35.64,73,492637,493147
[Recv] <<< 23:c9:cc:4b:a0:3a,40880,-28,6421,76.73,35.64,67,492704,493214
[Recv] <<< 23:c9:cc:4b:a0:3a,40881,-37,6422,76.73,35.64,29,492733,493243
[Recv] <<< 23:c9:cc:4b:a0:3a,40882,-28,6423,76.72,35.64,37,492770,493280
[Recv] <<< 23:c9:cc:4b:a0:3a,40883,-28,6424,76.71,35.64,35,492805,493315
[Recv] <<< 23:c9:cc:4b:a0:3a,40884,-27,6425,76.71,35.64,41,492846,493356
[Recv] <<< 23:c9:cc:4b:a0:3a,40885,-27,6426,76.70,35.64,29,492875,493385
[Recv] <<< 23:c9:cc:4b:a0:3a,40886,-28,6427,76.69,35.64,32,492907,493417
[Recv] <<< 23:c9:cc:4b:a0:3a,40887,-28,6428,76.69,35.64,39,492946,493456
[Recv] <<< 23:c9:cc:4b:a0:3a,40889,-37,6429,76.69,35.64,64,493010,493520
[Recv] <<< 23:c9:cc:4b:a0:3a,40891,-27,6430,76.68,35.64,74,493084,493594
[Recv] <<< 23:c9:cc:4b:a0:3a,40892,-28,6431,76.68,35.64,35,493119,493629
[Recv] <<< 23:c9:cc:4b:a0:3a,40893,-27,6432,76.67,35.64,34,493153,493663
[Recv] <<< 23:c9:cc:4b:a0:3a,40894,-28,6433,76.67,35.64,36,493189,493699
[Recv] <<< 23:c9:cc:4b:a0:3a,40895,-28,6434,76.66,35.64,27,493216,493726
[Recv] <<< 23:c9:cc:4b:a0:3a,40896,-38,6435,76.65,35.64,34,493250,493760
[Recv] <<< 23:c9:cc:4b:a0:3a,40897,-37,6436,76.64,35.64,34,493284,493794
[Recv] <<< 23:c9:cc:4b:a0:3a,40898,-37,6437,76.64,35.64,36,493320,493830
[Recv] <<< 23:c9:cc:4b:a0:3a,40899,-37,6438,76.63,35.64,37,493357,493867
[Recv] <<< 23:c9:cc:4b:a0:3a,40901,-38,6439,76.63,35.64,67,493424,493934
[Recv] <<< 23:c9:cc:4b:a0:3a,40902,-38,6440,76.62,35.64,31,493455,493965
[Recv] <<< 23:c9:cc:4b:a0:3a,40903,-37,6441,76.62,35.64,38,493493,494003
[Recv] <<< 23:c9:cc:4b:a0:3a,40905,-31,6442,76.61,35.64,59,493552,494062
[Recv] <<< 23:c9:cc:4b:a0:3a,40906,-31,6443,76.61,35.64,36,493588,494098
[Recv] <<< 23:c9:cc:4b:a0:3a,40911,-37,6444,76.62,35.64,179,493767,494277
[Recv] <<< 23:c9:cc:4b:a0:3a,40913,-31,6445,76.62,35.64,73,493840,494350
[Recv] <<< 23:c9:cc:4b:a0:3a,40972,-37,6446,76.93,35.63,2033,495873,496383
[Recv] <<< 23:c9:cc:4b:a0:3a,40973,-37,6447,76.92,35.63,30,495903,496413
[Recv] <<< 23:c9:cc:4b:a0:3a,40976,-37,6448,76.92,35.63,102,496005,496515
[Recv] <<< 23:c9:cc:4b:a0:3a,40977,-37,6449,76.92,35.63,32,496037,496547
[Recv] <<< 23:c9:cc:4b:a0:3a,40978,-28,6450,76.91,35.63,44,496081,496591
[Recv] <<< 23:c9:cc:4b:a0:3a,40981,-37,6451,76.92,35.63,103,496184,496694
[Recv] <<< 23:c9:cc:4b:a0:3a,40982,-40,6452,76.91,35.63,40,496224,496734
[Recv] <<< 23:c9:cc:4b:a0:3a,40994,-31,6453,76.96,35.63,429,496653,497163
[Recv] <<< 23:c9:cc:4b:a0:3a,40997,-31,6454,76.97,35.63,105,496758,497268
[Recv] <<< 23:c9:cc:4b:a0:3a,40998,-31,6455,76.96,35.63,37,496795,497305
[Recv] <<< 23:c9:cc:4b:a0:3a,40999,-31,6456,76.96,35.63,40,496835,497345
[Recv] <<< 23:c9:cc:4b:a0:3a,41000,-31,6457,76.95,35.63,32,496867,497377
[Recv] <<< 23:c9:cc:4b:a0:3a,41001,-31,6458,76.94,35.63,24,496891,497401
[Recv] <<< 23:c9:cc:4b:a0:3a,41002,-31,6459,76.93,35.63,31,496922,497432
[Recv] <<< 23:c9:cc:4b:a0:3a,41003,-31,6460,76.93,35.63,29,496951,497461
[Recv] <<< 23:c9:cc:4b:a0:3a,41004,-28,6461,76.92,35.63,36,496987,497497
[Recv] <<< 23:c9:cc:4b:a0:3a,41007,-31,6462,76.93,35.63,107,497094,497604
[Recv] <<< 23:c9:cc:4b:a0:3a,41010,-31,6463,76.93,35.63,107,497201,497711
[Recv] <<< 23:c9:cc:4b:a0:3a,41011,-31,6464,76.92,35.63,42,497243,497753
[Recv] <<< 23:c9:cc:4b:a0:3a,41012,-31,6465,76.92,35.63,30,497273,497783
[Recv] <<< 23:c9:cc:4b:a0:3a,41013,-31,6466,76.91,35.63,31,497304,497814
[Recv] <<< 23:c9:cc:4b:a0:3a,41014,-31,6467,76.90,35.63,34,497338,497848
[Recv] <<< 23:c9:cc:4b:a0:3a,41023,-31,6468,76.94,35.63,312,497650,498160
[Recv] <<< 23:c9:cc:4b:a0:3a,41025,-31,6469,76.94,35.63,68,497718,498228
[Recv] <<< 23:c9:cc:4b:a0:3a,41026,-31,6470,76.93,35.63,28,497746,498256
[Recv] <<< 23:c9:cc:4b:a0:3a,41027,-31,6471,76.92,35.63,33,497779,498289
[Recv] <<< 23:c9:cc:4b:a0:3a,41030,-27,6472,76.93,35.63,96,497875,498385
[Recv] <<< 23:c9:cc:4b:a0:3a,41033,-28,6473,76.93,35.63,106,497981,498491
[Recv] <<< 23:c9:cc:4b:a0:3a,41034,-28,6474,76.92,35.63,27,498008,498518
[Recv] <<< 23:c9:cc:4b:a0:3a,41035,-28,6475,76.92,35.63,43,498051,498561
[Recv] <<< 23:c9:cc:4b:a0:3a,41036,-28,6476,76.91,35.63,30,498081,498591
[Recv] <<< 23:c9:cc:4b:a0:3a,41037,-28,6477,76.91,35.63,41,498122,498632
[Recv] <<< 23:c9:cc:4b:a0:3a,41048,-37,6478,76.95,35.63,373,498495,499005
[Recv] <<< 23:c9:cc:4b:a0:3a,41049,-37,6479,76.95,35.63,34,498529,499039
[Recv] <<< 23:c9:cc:4b:a0:3a,41050,-38,6480,76.94,35.63,36,498565,499075
[Recv] <<< 23:c9:cc:4b:a0:3a,41051,-37,6481,76.93,35.63,33,498598,499108
[Recv] <<< 23:c9:cc:4b:a0:3a,41053,-28,6482,76.93,35.63,75,498673,499183
[Recv] <<< 23:c9:cc:4b:a0:3a,41054,-28,6483,76.93,35.63,35,498708,499218
[Recv] <<< 23:c9:cc:4b:a0:3a,41056,-28,6484,76.92,35.63,66,498774,499284
[Recv] <<< 23:c9:cc:4b:a0:3a,41057,-38,6485,76.92,35.63,29,498803,499313
[Recv] <<< 23:c9:cc:4b:a0:3a,41059,-31,6486,76.91,35.63,61,498864,499374
[Recv] <<< 23:c9:cc:4b:a0:3a,41060,-37,6487,76.91,35.63,38,498902,499412
[Recv] <<< 23:c9:cc:4b:a0:3a,41065,-28,6488,76.93,35.63,188,499090,499600
[Recv] <<< 23:c9:cc:4b:a0:3a,41066,-28,6489,76.92,35.63,33,499123,499633
[Recv] <<< 23:c9:cc:4b:a0:3a,41068,-37,6490,76.92,35.63,66,499189,499699
[Recv] <<< 23:c9:cc:4b:a0:3a,41069,-37,6491,76.91,35.62,24,499213,499723
[Recv] <<< 23:c9:cc:4b:a0:3a,41070,-37,6492,76.90,35.63,40,499253,499763
[Recv] <<< 23:c9:cc:4b:a0:3a,41071,-40,6493,76.90,35.63,35,499288,499798
[Recv] <<< 23:c9:cc:4b:a0:3a,41072,-37,6494,76.89,35.62,28,499316,499826
[Recv] <<< 23:c9:cc:4b:a0:3a,41073,-37,6495,76.88,35.62,37,499353,499863
[Recv] <<< 23:c9:cc:4b:a0:3a,41074,-37,6496,76.88,35.62,35,499388,499898
[Recv] <<< 23:c9:cc:4b:a0:3a,41076,-37,6497,76.87,35.62,66,499454,499964
[Recv] <<< 23:c9:cc:4b:a0:3a,41078,-38,6498,76.87,35.62,65,499519,500029
[Recv] <<< 23:c9:cc:4b:a0:3a,41079,-31,6499,76.87,35.62,28,499547,500057
[Recv] <<< 23:c9:cc:4b:a0:3a,41080,-38,6500,76.86,35.62,37,499584,500094
[Recv] <<< 23:c9:cc:4b:a0:3a,41081,-38,6501,76.85,35.62,34,499618,500128
[Recv] <<< 23:c9:cc:4b:a0:3a,41082,-37,6502,76.85,35.62,34,499652,500162
[Recv] <<< 23:c9:cc:4b:a0:3a,41091,-28,6503,76.88,35.62,329,499981,500491
[Recv] <<< 23:c9:cc:4b:a0:3a,41092,-28,6504,76.88,35.62,27,500008,500518
[Recv] <<< 23:c9:cc:4b:a0:3a,41094,-28,6505,76.88,35.62,73,500081,500591
[Recv] <<< 23:c9:cc:4b:a0:3a,41095,-27,6506,76.87,35.62,33,500114,500624
[Recv] <<< 23:c9:cc:4b:a0:3a,41097,-28,6507,76.87,35.62,70,500184,500694
[Recv] <<< 23:c9:cc:4b:a0:3a,41098,-28,6508,76.86,35.62,27,500211,500721
[Recv] <<< 23:c9:cc:4b:a0:3a,41100,-31,6509,76.86,35.62,80,500291,500801
[Recv] <<< 23:c9:cc:4b:a0:3a,41101,-31,6510,76.85,35.62,34,500325,500835
[Recv] <<< 23:c9:cc:4b:a0:3a,41102,-38,6511,76.85,35.62,50,500375,500885
[Recv] <<< 23:c9:cc:4b:a0:3a,41105,-31,6512,76.85,35.62,93,500468,500978
[Recv] <<< 23:c9:cc:4b:a0:3a,41106,-31,6513,76.85,35.62,42,500510,501020
[Recv] <<< 23:c9:cc:4b:a0:3a,41107,-31,6514,76.84,35.62,28,500538,501048
[Recv] <<< 23:c9:cc:4b:a0:3a,41108,-31,6515,76.83,35.62,36,500574,501084
[Recv] <<< 23:c9:cc:4b:a0:3a,41109,-31,6516,76.83,35.62,30,500604,501114
[Recv] <<< 23:c9:cc:4b:a0:3a,41110,-37,6517,76.82,35.62,48,500652,501162
[Recv] <<< 23:c9:cc:4b:a0:3a,41111,-31,6518,76.82,35.62,29,500681,501191
[Recv] <<< 23:c9:cc:4b:a0:3a,41112,-37,6519,76.81,35.62,37,500718,501228
[Recv] <<< 23:c9:cc:4b:a0:3a,41123,-30,6520,76.86,35.62,401,501119,501629
[Recv] <<< 23:c9:cc:4b:a0:3a,41124,-31,6521,76.85,35.62,32,501151,501661
[Recv] <<< 23:c9:cc:4b:a0:3a,41126,-28,6522,76.85,35.62,59,501210,501720
[Recv] <<< 23:c9:cc:4b:a0:3a,41127,-31,6523,76.84,35.62,47,501257,501767
[Recv] <<< 23:c9:cc:4b:a0:3a,41128,-31,6524,76.84,35.62,30,501287,501797
[Recv] <<< 23:c9:cc:4b:a0:3a,41129,-31,6525,76.83,35.62,44,501331,501841
[Recv] <<< 23:c9:cc:4b:a0:3a,41131,-37,6526,76.83,35.62,74,501405,501915
[Recv] <<< 23:c9:cc:4b:a0:3a,41132,-38,6527,76.83,35.62,33,501438,501948
[Recv] <<< 23:c9:cc:4b:a0:3a,41133,-37,6528,76.82,35.62,32,501470,501980
[Recv] <<< 23:c9:cc:4b:a0:3a,41134,-38,6529,76.81,35.62,34,501504,502014
[Recv] <<< 23:c9:cc:4b:a0:3a,41135,-31,6530,76.80,35.62,31,501535,502045
[Recv] <<< 23:c9:cc:4b:a0:3a,41144,-37,6531,76.84,35.62,324,501859,502369
[Recv] <<< 23:c9:cc:4b:a0:3a,41145,-37,6532,76.84,35.62,32,501891,502401
[Recv] <<< 23:c9:cc:4b:a0:3a,41146,-37,6533,76.83,35.62,44,501935,502445
[Recv] <<< 23:c9:cc:4b:a0:3a,41147,-37,6534,76.82,35.62,31,501966,502476
[Recv] <<< 23:c9:cc:4b:a0:3a,41164,-27,6535,76.90,35.62,582,502548,503058
[Recv] <<< 23:c9:cc:4b:a0:3a,41165,-31,6536,76.89,35.62,36,502584,503094
[Recv] <<< 23:c9:cc:4b:a0:3a,41166,-31,6537,76.89,35.62,36,502620,503130
[Recv] <<< 23:c9:cc:4b:a0:3a,41167,-28,6538,76.88,35.62,29,502649,503159
[Recv] <<< 23:c9:cc:4b:a0:3a,41169,-28,6539,76.88,35.62,68,502717,503227
[Recv] <<< 23:c9:cc:4b:a0:3a,41170,-31,6540,76.87,35.62,36,502753,503263
[Recv] <<< 23:c9:cc:4b:a0:3a,41171,-27,6541,76.87,35.62,37,502790,503300
[Recv] <<< 23:c9:cc:4b:a0:3a,41172,-28,6542,76.86,35.62,30,502820,503330
[Recv] <<< 23:c9:cc:4b:a0:3a,41173,-28,6543,76.85,35.62,36,502856,503366
[Recv] <<< 23:c9:cc:4b:a0:3a,41182,-38,6544,76.89,35.62,292,503148,503658
[Recv] <<< 23:c9:cc:4b:a0:3a,41186,-38,6545,76.90,35.62,132,503280,503790
[Recv] <<< 23:c9:cc:4b:a0:3a,41187,-37,6546,76.89,35.62,41,503321,503831
[Recv] <<< 23:c9:cc:4b:a0:3a,41188,-28,6547,76.88,35.62,41,503362,503872
[Recv] <<< 23:c9:cc:4b:a0:3a,41189,-28,6548,76.88,35.62,35,503397,503907
[Recv] <<< 23:c9:cc:4b:a0:3a,41190,-28,6549,76.87,35.62,34,503431,503941
[Recv] <<< 23:c9:cc:4b:a0:3a,41198,-37,6550,76.90,35.62,253,503684,504194
[Recv] <<< 23:c9:cc:4b:a0:3a,41199,-37,6551,76.89,35.62,37,503721,504231
[Recv] <<< 23:c9:cc:4b:a0:3a,41200,-37,6552,76.89,35.62,30,503751,504261
[Recv] <<< 23:c9:cc:4b:a0:3a,41201,-31,6553,76.88,35.62,35,503786,504296
[Recv] <<< 23:c9:cc:4b:a0:3a,41203,-31,6554,76.88,35.62,70,503856,504366
[Recv] <<< 23:c9:cc:4b:a0:3a,41204,-37,6555,76.87,35.62,43,503899,504409
[Recv] <<< 23:c9:cc:4b:a0:3a,41240,-28,6556,77.05,35.61,1228,505127,505637
[Recv] <<< 23:c9:cc:4b:a0:3a,41241,-28,6557,77.04,35.61,31,505158,505668
[Recv] <<< 23:c9:cc:4b:a0:3a,41269,-31,6558,77.17,35.61,951,506109,506619
[Recv] <<< 23:c9:cc:4b:a0:3a,41270,-31,6559,77.17,35.61,31,506140,506650
[Recv] <<< 23:c9:cc:4b:a0:3a,41271,-38,6560,77.16,35.61,40,506180,506690
[Recv] <<< 23:c9:cc:4b:a0:3a,41279,-31,6561,77.19,35.61,281,506461,506971
[Recv] <<< 23:c9:cc:4b:a0:3a,41280,-31,6562,77.19,35.61,31,506492,507002
[Recv] <<< 23:c9:cc:4b:a0:3a,41284,-28,6563,77.19,35.61,125,506617,507127
[Recv] <<< 23:c9:cc:4b:a0:3a,41306,-28,6564,77.29,35.60,728,507345,507855
[Recv] <<< 23:c9:cc:4b:a0:3a,41307,-28,6565,77.29,35.60,38,507383,507893
[Recv] <<< 23:c9:cc:4b:a0:3a,41308,-30,6566,77.28,35.60,37,507420,507930
[Recv] <<< 23:c9:cc:4b:a0:3a,41309,-31,6567,77.27,35.60,36,507456,507966
[Recv] <<< 23:c9:cc:4b:a0:3a,41310,-28,6568,77.27,35.60,24,507480,507990
[Recv] <<< 23:c9:cc:4b:a0:3a,41311,-28,6569,77.26,35.60,35,507515,508025
[Recv] <<< 23:c9:cc:4b:a0:3a,41312,-28,6570,77.25,35.60,35,507550,508060
[Recv] <<< 23:c9:cc:4b:a0:3a,41313,-28,6571,77.24,35.60,26,507576,508086
[Recv] <<< 23:c9:cc:4b:a0:3a,41314,-28,6572,77.24,35.60,32,507608,508118
[Recv] <<< 23:c9:cc:4b:a0:3a,41316,-31,6573,77.24,35.60,82,507690,508200
[Recv] <<< 23:c9:cc:4b:a0:3a,41317,-31,6574,77.23,35.60,25,507715,508225
[Recv] <<< 23:c9:cc:4b:a0:3a,41319,-27,6575,77.23,35.60,65,507780,508290
[Recv] <<< 23:c9:cc:4b:a0:3a,41321,-30,6576,77.23,35.60,78,507858,508368
[Recv] <<< 23:c9:cc:4b:a0:3a,41322,-28,6577,77.22,35.60,33,507891,508401
[Recv] <<< 23:c9:cc:4b:a0:3a,41324,-31,6578,77.22,35.60,72,507963,508473
[Recv] <<< 23:c9:cc:4b:a0:3a,41325,-31,6579,77.21,35.60,31,507994,508504
[Recv] <<< 23:c9:cc:4b:a0:3a,41326,-31,6580,77.21,35.60,34,508028,508538
[Recv] <<< 23:c9:cc:4b:a0:3a,41327,-31,6581,77.20,35.60,37,508065,508575
[Recv] <<< 23:c9:cc:4b:a0:3a,41329,-28,6582,77.20,35.60,62,508127,508637
[Recv] <<< 23:c9:cc:4b:a0:3a,41331,-31,6583,77.20,35.60,74,508201,508711
[Recv] <<< 23:c9:cc:4b:a0:3a,41332,-31,6584,77.19,35.60,31,508232,508742
[Recv] <<< 23:c9:cc:4b:a0:3a,41333,-31,6585,77.19,35.60,35,508267,508777
[Recv] <<< 23:c9:cc:4b:a0:3a,41334,-31,6586,77.18,35.60,30,508297,508807
[Recv] <<< 23:c9:cc:4b:a0:3a,41336,-28,6587,77.18,35.60,66,508363,508873
[Recv] <<< 23:c9:cc:4b:a0:3a,41337,-27,6588,77.17,35.60,34,508397,508907
[Recv] <<< 23:c9:cc:4b:a0:3a,41338,-31,6589,77.16,35.60,43,508440,508950
[Recv] <<< 23:c9:cc:4b:a0:3a,41339,-37,6590,77.16,35.60,37,508477,508987
[Recv] <<< 23:c9:cc:4b:a0:3a,41340,-37,6591,77.15,35.60,38,508515,509025
[Recv] <<< 23:c9:cc:4b:a0:3a,41342,-37,6592,77.15,35.60,60,508575,509085
[Recv] <<< 23:c9:cc:4b:a0:3a,41344,-31,6593,77.15,35.60,60,508635,509145
[Recv] <<< 23:c9:cc:4b:a0:3a,41347,-31,6594,77.15,35.60,97,508732,509242
[Recv] <<< 23:c9:cc:4b:a0:3a,41348,-31,6595,77.14,35.60,37,508769,509279
[Recv] <<< 23:c9:cc:4b:a0:3a,41349,-31,6596,77.14,35.60,36,508805,509315
[Recv] <<< 23:c9:cc:4b:a0:3a,41350,-31,6597,77.13,35.60,31,508836,509346
[Recv] <<< 23:c9:cc:4b:a0:3a,41351,-31,6598,77.12,35.60,26,508862,509372
[Recv] <<< 23:c9:cc:4b:a0:3a,41352,-31,6599,77.12,35.60,37,508899,509409
[Recv] <<< 23:c9:cc:4b:a0:3a,41353,-28,6600,77.11,35.60,32,508931,509441
[Recv] <<< 23:c9:cc:4b:a0:3a,41354,-28,6601,77.10,35.60,30,508961,509471
[Recv] <<< 23:c9:cc:4b:a0:3a,41355,-28,6602,77.10,35.60,38,508999,509509
[Recv] <<< 23:c9:cc:4b:a0:3a,41356,-28,6603,77.09,35.60,32,509031,509541
[Recv] <<< 23:c9:cc:4b:a0:3a,41357,-28,6604,77.08,35.60,36,509067,509577
[Recv] <<< 23:c9:cc:4b:a0:3a,41359,-37,6605,77.08,35.60,63,509130,509640
[Recv] <<< 23:c9:cc:4b:a0:3a,41360,-37,6606,77.08,35.60,32,509162,509672
[Recv] <<< 23:c9:cc:4b:a0:3a,41361,-38,6607,77.07,35.60,32,509194,509704
[Recv] <<< 23:c9:cc:4b:a0:3a,41362,-37,6608,77.06,35.60,39,509233,509743
[Recv] <<< 23:c9:cc:4b:a0:3a,41363,-28,6609,77.06,35.60,43,509276,509786
[Recv] <<< 23:c9:cc:4b:a0:3a,41364,-28,6610,77.05,35.60,36,509312,509822
[Recv] <<< 23:c9:cc:4b:a0:3a,41365,-28,6611,77.04,35.60,30,509342,509852
[Recv] <<< 23:c9:cc:4b:a0:3a,41366,-28,6612,77.04,35.60,31,509373,509883
[Recv] <<< 23:c9:cc:4b:a0:3a,41367,-28,6613,77.03,35.60,37,509410,509920
[Recv] <<< 23:c9:cc:4b:a0:3a,41368,-28,6614,77.02,35.60,32,509442,509952
[Recv] <<< 23:c9:cc:4b:a0:3a,41371,-40,6615,77.03,35.59,98,509540,510050
[Recv] <<< 23:c9:cc:4b:a0:3a,41373,-28,6616,77.03,35.60,80,509620,510130
[Recv] <<< 23:c9:cc:4b:a0:3a,41375,-28,6617,77.03,35.60,73,509693,510203
[Recv] <<< 23:c9:cc:4b:a0:3a,41376,-28,6618,77.02,35.60,28,509721,510231
[Recv] <<< 23:c9:cc:4b:a0:3a,41377,-28,6619,77.01,35.59,34,509755,510265
[Recv] <<< 23:c9:cc:4b:a0:3a,41378,-28,6620,77.01,35.59,33,509788,510298
[Recv] <<< 23:c9:cc:4b:a0:3a,41380,-28,6621,77.01,35.59,66,509854,510364
[Recv] <<< 23:c9:cc:4b:a0:3a,41389,-28,6622,77.04,35.59,303,510157,510667
[Recv] <<< 23:c9:cc:4b:a0:3a,41390,-28,6623,77.03,35.59,32,510189,510699
[Recv] <<< 23:c9:cc:4b:a0:3a,41391,-27,6624,77.03,35.59,33,510222,510732
[Recv] <<< 23:c9:cc:4b:a0:3a,41392,-27,6625,77.02,35.59,39,510261,510771
[Recv] <<< 23:c9:cc:4b:a0:3a,41393,-27,6626,77.01,35.59,35,510296,510806
[Recv] <<< 23:c9:cc:4b:a0:3a,41394,-31,6627,77.01,35.59,36,510332,510842
[Recv] <<< 23:c9:cc:4b:a0:3a,41395,-27,6628,77.00,35.59,35,510367,510877
[Recv] <<< 23:c9:cc:4b:a0:3a,41396,-28,6629,76.99,35.59,26,510393,510903
[Recv] <<< 23:c9:cc:4b:a0:3a,41406,-28,6630,77.03,35.59,323,510716,511226
[Recv] <<< 23:c9:cc:4b:a0:3a,41407,-28,6631,77.02,35.59,32,510748,511258
[Recv] <<< 23:c9:cc:4b:a0:3a,41411,-27,6632,77.03,35.59,140,510888,511398
[Recv] <<< 23:c9:cc:4b:a0:3a,41412,-28,6633,77.03,35.59,40,510928,511438
[Recv] <<< 23:c9:cc:4b:a0:3a,41414,-31,6634,77.03,35.59,71,510999,511509
[Recv] <<< 23:c9:cc:4b:a0:3a,41415,-31,6635,77.02,35.59,37,511036,511546
[Recv] <<< 23:c9:cc:4b:a0:3a,41416,-31,6636,77.01,35.59,34,511070,511580
[Recv] <<< 23:c9:cc:4b:a0:3a,41417,-30,6637,77.01,35.59,33,511103,511613
[Recv] <<< 23:c9:cc:4b:a0:3a,41426,-31,6638,77.05,35.59,324,511427,511937
[Recv] <<< 23:c9:cc:4b:a0:3a,41427,-31,6639,77.04,35.59,28,511455,511965
[Recv] <<< 23:c9:cc:4b:a0:3a,41445,-31,6640,77.12,35.59,606,512061,512571
[Recv] <<< 23:c9:cc:4b:a0:3a,41446,-31,6641,77.11,35.59,27,512088,512598
[Recv] <<< 23:c9:cc:4b:a0:3a,41447,-31,6642,77.10,35.59,37,512125,512635
[Recv] <<< 23:c9:cc:4b:a0:3a,41448,-37,6643,77.10,35.59,42,512167,512677
[Recv] <<< 23:c9:cc:4b:a0:3a,41449,-40,6644,77.09,35.59,42,512209,512719
[Recv] <<< 23:c9:cc:4b:a0:3a,41450,-37,6645,77.09,35.59,25,512234,512744
[Recv] <<< 23:c9:cc:4b:a0:3a,41451,-38,6646,77.08,35.59,43,512277,512787
[Recv] <<< 23:c9:cc:4b:a0:3a,41452,-38,6647,77.07,35.59,26,512303,512813
[Recv] <<< 23:c9:cc:4b:a0:3a,41459,-37,6648,77.10,35.59,240,512543,513053
[Recv] <<< 23:c9:cc:4b:a0:3a,41460,-37,6649,77.09,35.59,41,512584,513094
[Recv] <<< 23:c9:cc:4b:a0:3a,41461,-37,6650,77.09,35.59,35,512619,513129
[Recv] <<< 23:c9:cc:4b:a0:3a,41462,-37,6651,77.08,35.59,27,512646,513156
[Recv] <<< 23:c9:cc:4b:a0:3a,41463,-39,6652,77.07,35.59,37,512683,513193
[Recv] <<< 23:c9:cc:4b:a0:3a,41464,-37,6653,77.06,35.59,26,512709,513219
[Recv] <<< 23:c9:cc:4b:a0:3a,41465,-37,6654,77.06,35.59,37,512746,513256
[Recv] <<< 23:c9:cc:4b:a0:3a,41466,-37,6655,77.05,35.58,33,512779,513289
[Recv] <<< 23:c9:cc:4b:a0:3a,41468,-37,6656,77.05,35.58,71,512850,513360
[Recv] <<< 23:c9:cc:4b:a0:3a,41469,-28,6657,77.05,35.59,41,512891,513401
[Recv] <<< 23:c9:cc:4b:a0:3a,41470,-28,6658,77.04,35.58,31,512922,513432
[Recv] <<< 23:c9:cc:4b:a0:3a,41471,-28,6659,77.03,35.59,36,512958,513468
[Recv] <<< 23:c9:cc:4b:a0:3a,41472,-28,6660,77.03,35.59,38,512996,513506
[Recv] <<< 23:c9:cc:4b:a0:3a,41474,-27,6661,77.02,35.58,66,513062,513572
[Recv] <<< 23:c9:cc:4b:a0:3a,41475,-27,6662,77.02,35.58,34,513096,513606
[Recv] <<< 23:c9:cc:4b:a0:3a,41476,-27,6663,77.01,35.58,37,513133,513643
[Recv] <<< 23:c9:cc:4b:a0:3a,41477,-28,6664,77.01,35.58,35,513168,513678
[Recv] <<< 23:c9:cc:4b:a0:3a,41479,-27,6665,77.00,35.58,65,513233,513743
[Recv] <<< 23:c9:cc:4b:a0:3a,41488,-31,6666,77.04,35.58,306,513539,514049
[Recv] <<< 23:c9:cc:4b:a0:3a,41489,-31,6667,77.03,35.58,39,513578,514088
[Recv] <<< 23:c9:cc:4b:a0:3a,41493,-31,6668,77.04,35.58,133,513711,514221
[Recv] <<< 23:c9:cc:4b:a0:3a,41494,-31,6669,77.04,35.58,38,513749,514259
[Recv] <<< 23:c9:cc:4b:a0:3a,41495,-37,6670,77.03,35.58,38,513787,514297
[Recv] <<< 23:c9:cc:4b:a0:3a,41496,-37,6671,77.02,35.58,33,513820,514330
[Recv] <<< 23:c9:cc:4b:a0:3a,41497,-37,6672,77.02,35.58,38,513858,514368
[Recv] <<< 23:c9:cc:4b:a0:3a,41529,-37,6673,77.17,35.58,1067,514925,515435
[Recv] <<< 23:c9:cc:4b:a0:3a,41530,-28,6674,77.16,35.58,38,514963,515473
[Recv] <<< 23:c9:cc:4b:a0:3a,41531,-28,6675,77.15,35.58,44,515007,515517
[Recv] <<< 23:c9:cc:4b:a0:3a,41532,-28,6676,77.15,35.58,23,515030,515540
[Recv] <<< 23:c9:cc:4b:a0:3a,41533,-28,6677,77.14,35.58,37,515067,515577
[Recv] <<< 23:c9:cc:4b:a0:3a,41534,-28,6678,77.13,35.58,33,515100,515610
[Recv] <<< 23:c9:cc:4b:a0:3a,41535,-28,6679,77.13,35.58,30,515130,515640
[Recv] <<< 23:c9:cc:4b:a0:3a,41538,-28,6680,77.13,35.58,108,515238,515748
[Recv] <<< 23:c9:cc:4b:a0:3a,41539,-28,6681,77.12,35.58,32,515270,515780
[Recv] <<< 23:c9:cc:4b:a0:3a,41540,-28,6682,77.12,35.58,37,515307,515817
[Recv] <<< 23:c9:cc:4b:a0:3a,41541,-31,6683,77.11,35.58,37,515344,515854
[Recv] <<< 23:c9:cc:4b:a0:3a,41542,-31,6684,77.11,35.58,36,515380,515890
[Recv] <<< 23:c9:cc:4b:a0:3a,41543,-31,6685,77.10,35.58,39,515419,515929
[Recv] <<< 23:c9:cc:4b:a0:3a,41544,-31,6686,77.09,35.58,25,515444,515954
[Recv] <<< 23:c9:cc:4b:a0:3a,41545,-31,6687,77.09,35.58,39,515483,515993
[Recv] <<< 23:c9:cc:4b:a0:3a,41546,-31,6688,77.08,35.58,38,515521,516031
[Recv] <<< 23:c9:cc:4b:a0:3a,41563,-28,6689,77.16,35.58,602,516123,516633
[Recv] <<< 23:c9:cc:4b:a0:3a,41564,-27,6690,77.15,35.58,33,516156,516666
[Recv] <<< 23:c9:cc:4b:a0:3a,41566,-37,6691,77.15,35.58,71,516227,516737
[Recv] <<< 23:c9:cc:4b:a0:3a,41567,-28,6692,77.15,35.58,37,516264,516774
[Recv] <<< 23:c9:cc:4b:a0:3a,41568,-28,6693,77.14,35.58,37,516301,516811
[Recv] <<< 23:c9:cc:4b:a0:3a,41569,-30,6694,77.13,35.58,35,516336,516846
[Recv] <<< 23:c9:cc:4b:a0:3a,41588,-37,6695,77.22,35.58,650,516986,517496
[Recv] <<< 23:c9:cc:4b:a0:3a,41590,-37,6696,77.22,35.58,70,517056,517566
[Recv] <<< 23:c9:cc:4b:a0:3a,41591,-40,6697,77.21,35.58,37,517093,517603
[Recv] <<< 23:c9:cc:4b:a0:3a,41592,-38,6698,77.21,35.58,28,517121,517631
[Recv] <<< 23:c9:cc:4b:a0:3a,41594,-37,6699,77.20,35.58,71,517192,517702
[Recv] <<< 23:c9:cc:4b:a0:3a,41597,-38,6700,77.21,35.58,108,517300,517810
[Recv] <<< 23:c9:cc:4b:a0:3a,41598,-27,6701,77.20,35.58,39,517339,517849
[Recv] <<< 23:c9:cc:4b:a0:3a,41599,-38,6702,77.20,35.58,29,517368,517878
[Recv] <<< 23:c9:cc:4b:a0:3a,41600,-38,6703,77.19,35.57,34,517402,517912
[Recv] <<< 23:c9:cc:4b:a0:3a,41603,-28,6704,77.19,35.58,111,517513,518023
[Recv] <<< 23:c9:cc:4b:a0:3a,41605,-31,6705,77.19,35.58,72,517585,518095
[Recv] <<< 23:c9:cc:4b:a0:3a,41614,-28,6706,77.23,35.57,304,517889,518399
[Recv] <<< 23:c9:cc:4b:a0:3a,41615,-27,6707,77.22,35.57,43,517932,518442
[Recv] <<< 23:c9:cc:4b:a0:3a,41616,-28,6708,77.22,35.57,29,517961,518471
[Recv] <<< 23:c9:cc:4b:a0:3a,41618,-28,6709,77.21,35.57,68,518029,518539
[Recv] <<< 23:c9:cc:4b:a0:3a,41619,-28,6710,77.21,35.57,39,518068,518578
[Recv] <<< 23:c9:cc:4b:a0:3a,41620,-28,6711,77.20,35.57,36,518104,518614
[Recv] <<< 23:c9:cc:4b:a0:3a,41621,-27,6712,77.20,35.57,34,518138,518648
[Recv] <<< 23:c9:cc:4b:a0:3a,41624,-28,6713,77.20,35.57,104,518242,518752
[Recv] <<< 23:c9:cc:4b:a0:3a,41626,-31,6714,77.20,35.57,82,518324,518834
[Recv] <<< 23:c9:cc:4b:a0:3a,41627,-31,6715,77.19,35.57,28,518352,518862
[Recv] <<< 23:c9:cc:4b:a0:3a,41628,-31,6716,77.19,35.57,37,518389,518899
[Recv] <<< 23:c9:cc:4b:a0:3a,41629,-31,6717,77.18,35.57,39,518428,518938
[Recv] <<< 23:c9:cc:4b:a0:3a,41630,-31,6718,77.17,35.57,27,518455,518965
[Recv] <<< 23:c9:cc:4b:a0:3a,41631,-31,6719,77.17,35.57,30,518485,518995
[Recv] <<< 23:c9:cc:4b:a0:3a,41634,-31,6720,77.17,35.57,110,518595,519105
[Recv] <<< 23:c9:cc:4b:a0:3a,41635,-37,6721,77.17,35.57,42,518637,519147
[Recv] <<< 23:c9:cc:4b:a0:3a,41636,-37,6722,77.16,35.57,34,518671,519181
[Recv] <<< 23:c9:cc:4b:a0:3a,41637,-37,6723,77.16,35.57,43,518714,519224
[Recv] <<< 23:c9:cc:4b:a0:3a,41638,-37,6724,77.15,35.57,27,518741,519251
[Recv] <<< 23:c9:cc:4b:a0:3a,41639,-37,6725,77.14,35.57,36,518777,519287
[Recv] <<< 23:c9:cc:4b:a0:3a,41640,-37,6726,77.13,35.57,31,518808,519318
[Recv] <<< 23:c9:cc:4b:a0:3a,41641,-37,6727,77.13,35.57,38,518846,519356
[Recv] <<< 23:c9:cc:4b:a0:3a,41642,-37,6728,77.12,35.57,32,518878,519388
[Recv] <<< 23:c9:cc:4b:a0:3a,41643,-38,6729,77.12,35.57,29,518907,519417
[Recv] <<< 23:c9:cc:4b:a0:3a,41644,-37,6730,77.11,35.57,36,518943,519453
[Recv] <<< 23:c9:cc:4b:a0:3a,41645,-38,6731,77.10,35.57,34,518977,519487
[Recv] <<< 23:c9:cc:4b:a0:3a,41646,-27,6732,77.10,35.57,38,519015,519525
[Recv] <<< 23:c9:cc:4b:a0:3a,41654,-28,6733,77.13,35.57,282,519297,519807
[Recv] <<< 23:c9:cc:4b:a0:3a,41655,-28,6734,77.12,35.57,37,519334,519844
[Recv] <<< 23:c9:cc:4b:a0:3a,41656,-27,6735,77.11,35.57,29,519363,519873
[Recv] <<< 23:c9:cc:4b:a0:3a,41657,-31,6736,77.11,35.57,44,519407,519917
[Recv] <<< 23:c9:cc:4b:a0:3a,41659,-31,6737,77.11,35.57,74,519481,519991
[Recv] <<< 23:c9:cc:4b:a0:3a,41662,-31,6738,77.11,35.57,104,519585,520095
[Recv] <<< 23:c9:cc:4b:a0:3a,41663,-31,6739,77.11,35.57,30,519615,520125
[Recv] <<< 23:c9:cc:4b:a0:3a,41665,-31,6740,77.10,35.57,67,519682,520192
[Recv] <<< 23:c9:cc:4b:a0:3a,41666,-30,6741,77.10,35.57,31,519713,520223
[Recv] <<< 23:c9:cc:4b:a0:3a,41667,-31,6742,77.09,35.57,41,519754,520264
[Recv] <<< 23:c9:cc:4b:a0:3a,41668,-31,6743,77.09,35.57,37,519791,520301
[Recv] <<< 23:c9:cc:4b:a0:3a,41669,-38,6744,77.08,35.57,37,519828,520338
[Recv] <<< 23:c9:cc:4b:a0:3a,41670,-38,6745,77.07,35.57,31,519859,520369
[Recv] <<< 23:c9:cc:4b:a0:3a,41671,-38,6746,77.07,35.57,33,519892,520402
[Recv] <<< 23:c9:cc:4b:a0:3a,41672,-38,6747,77.06,35.57,40,519932,520442
[Recv] <<< 23:c9:cc:4b:a0:3a,41673,-37,6748,77.05,35.57,33,519965,520475
[Recv] <<< 23:c9:cc:4b:a0:3a,41674,-37,6749,77.05,35.57,37,520002,520512
[Recv] <<< 23:c9:cc:4b:a0:3a,41675,-40,6750,77.04,35.57,41,520043,520553
[Recv] <<< 23:c9:cc:4b:a0:3a,41676,-38,6751,77.04,35.57,26,520069,520579
[Recv] <<< 23:c9:cc:4b:a0:3a,41677,-40,6752,77.03,35.57,36,520105,520615
[Recv] <<< 23:c9:cc:4b:a0:3a,41678,-28,6753,77.02,35.57,43,520148,520658
[Recv] <<< 23:c9:cc:4b:a0:3a,41679,-28,6754,77.02,35.57,36,520184,520694
[Recv] <<< 23:c9:cc:4b:a0:3a,41681,-31,6755,77.02,35.57,77,520261,520771
[Recv] <<< 23:c9:cc:4b:a0:3a,41682,-31,6756,77.01,35.57,37,520298,520808
[Recv] <<< 23:c9:cc:4b:a0:3a,41683,-28,6757,77.01,35.57,26,520324,520834
[Recv] <<< 23:c9:cc:4b:a0:3a,41684,-28,6758,77.00,35.57,33,520357,520867
[Recv] <<< 23:c9:cc:4b:a0:3a,41685,-28,6759,76.99,35.57,37,520394,520904
[Recv] <<< 23:c9:cc:4b:a0:3a,41686,-27,6760,76.99,35.57,29,520423,520933
[Recv] <<< 23:c9:cc:4b:a0:3a,41687,-37,6761,76.98,35.57,29,520452,520962
[Recv] <<< 23:c9:cc:4b:a0:3a,41689,-37,6762,76.98,35.57,68,520520,521030
[Recv] <<< 23:c9:cc:4b:a0:3a,41690,-37,6763,76.97,35.57,32,520552,521062
[Recv] <<< 23:c9:cc:4b:a0:3a,41692,-37,6764,76.97,35.57,70,520622,521132
[Recv] <<< 23:c9:cc:4b:a0:3a,41697,-31,6765,76.98,35.57,163,520785,521295
[Recv] <<< 23:c9:cc:4b:a0:3a,41709,-28,6766,77.04,35.57,436,521221,521731
[Recv] <<< 23:c9:cc:4b:a0:3a,41710,-28,6767,77.03,35.57,39,521260,521770
[Recv] <<< 23:c9:cc:4b:a0:3a,41711,-28,6768,77.02,35.57,36,521296,521806
[Recv] <<< 23:c9:cc:4b:a0:3a,41712,-28,6769,77.02,35.57,33,521329,521839
[Recv] <<< 23:c9:cc:4b:a0:3a,41713,-27,6770,77.01,35.57,35,521364,521874
[Recv] <<< 23:c9:cc:4b:a0:3a,41714,-28,6771,77.01,35.57,43,521407,521917
[Recv] <<< 23:c9:cc:4b:a0:3a,41722,-30,6772,77.04,35.57,277,521684,522194
[Recv] <<< 23:c9:cc:4b:a0:3a,41723,-31,6773,77.03,35.57,32,521716,522226
[Recv] <<< 23:c9:cc:4b:a0:3a,41724,-31,6774,77.02,35.57,37,521753,522263
[Recv] <<< 23:c9:cc:4b:a0:3a,41726,-30,6775,77.02,35.57,68,521821,522331
[Recv] <<< 23:c9:cc:4b:a0:3a,41727,-37,6776,77.02,35.57,43,521864,522374
[Recv] <<< 23:c9:cc:4b:a0:3a,41731,-31,6777,77.03,35.57,154,522018,522528
[Recv] <<< 23:c9:cc:4b:a0:3a,41733,-37,6778,77.03,35.57,80,522098,522608
[Recv] <<< 23:c9:cc:4b:a0:3a,41734,-37,6779,77.02,35.57,34,522132,522642
[Recv] <<< 23:c9:cc:4b:a0:3a,41735,-37,6780,77.02,35.57,41,522173,522683
[Recv] <<< 23:c9:cc:4b:a0:3a,41736,-28,6781,77.01,35.57,38,522211,522721
[Recv] <<< 23:c9:cc:4b:a0:3a,41737,-31,6782,77.01,35.57,43,522254,522764
[Recv] <<< 23:c9:cc:4b:a0:3a,41738,-31,6783,77.00,35.57,44,522298,522808
[Recv] <<< 23:c9:cc:4b:a0:3a,41739,-38,6784,77.00,35.57,41,522339,522849
[Recv] <<< 23:c9:cc:4b:a0:3a,41741,-31,6785,76.99,35.57,63,522402,522912
[Recv] <<< 23:c9:cc:4b:a0:3a,41742,-38,6786,76.99,35.57,42,522444,522954
[Recv] <<< 23:c9:cc:4b:a0:3a,41743,-28,6787,76.98,35.57,42,522486,522996
[Recv] <<< 23:c9:cc:4b:a0:3a,41744,-28,6788,76.98,35.57,38,522524,523034
[Recv] <<< 23:c9:cc:4b:a0:3a,41745,-28,6789,76.97,35.58,41,522565,523075
[Recv] <<< 23:c9:cc:4b:a0:3a,41746,-31,6790,76.97,35.58,44,522609,523119
[Recv] <<< 23:c9:cc:4b:a0:3a,41747,-31,6791,76.96,35.58,36,522645,523155
[Recv] <<< 23:c9:cc:4b:a0:3a,41748,-31,6792,76.96,35.58,39,522684,523194
[Recv] <<< 23:c9:cc:4b:a0:3a,41749,-37,6793,76.95,35.58,37,522721,523231
[Recv] <<< 23:c9:cc:4b:a0:3a,41750,-37,6794,76.94,35.58,41,522762,523272
[Recv] <<< 23:c9:cc:4b:a0:3a,41751,-38,6795,76.94,35.58,33,522795,523305
[Recv] <<< 23:c9:cc:4b:a0:3a,41752,-28,6796,76.93,35.58,40,522835,523345
[Recv] <<< 23:c9:cc:4b:a0:3a,41755,-31,6797,76.94,35.58,124,522959,523469
[Recv] <<< 23:c9:cc:4b:a0:3a,41756,-37,6798,76.93,35.58,39,522998,523508
[Recv] <<< 23:c9:cc:4b:a0:3a,41757,-37,6799,76.93,35.58,34,523032,523542
[Recv] <<< 23:c9:cc:4b:a0:3a,41758,-28,6800,76.92,35.58,50,523082,523592
[Recv] <<< 23:c9:cc:4b:a0:3a,41760,-31,6801,76.92,35.58,76,523158,523668
[Recv] <<< 23:c9:cc:4b:a0:3a,41761,-30,6802,76.92,35.58,34,523192,523702
[Recv] <<< 23:c9:cc:4b:a0:3a,41762,-37,6803,76.91,35.58,43,523235,523745
[Recv] <<< 23:c9:cc:4b:a0:3a,41767,-27,6804,76.93,35.58,210,523445,523955
[Recv] <<< 23:c9:cc:4b:a0:3a,41768,-31,6805,76.93,35.58,44,523489,523999
[Recv] <<< 23:c9:cc:4b:a0:3a,41769,-31,6806,76.92,35.58,37,523526,524036
[Recv] <<< 23:c9:cc:4b:a0:3a,41770,-38,6807,76.92,35.58,43,523569,524079
[Recv] <<< 23:c9:cc:4b:a0:3a,41771,-37,6808,76.91,35.58,39,523608,524118
[Recv] <<< 23:c9:cc:4b:a0:3a,41772,-28,6809,76.91,35.58,43,523651,524161
[Recv] <<< 23:c9:cc:4b:a0:3a,41773,-31,6810,76.90,35.58,48,523699,524209
[Recv] <<< 23:c9:cc:4b:a0:3a,41774,-31,6811,76.89,35.58,32,523731,524241
[Recv] <<< 23:c9:cc:4b:a0:3a,41775,-37,6812,76.89,35.59,47,523778,524288
[Recv] <<< 23:c9:cc:4b:a0:3a,41778,-31,6813,76.90,35.59,125,523903,524413
[Recv] <<< 23:c9:cc:4b:a0:3a,41797,-27,6814,77.01,35.60,817,524720,525230
[Recv] <<< 23:c9:cc:4b:a0:3a,41799,-31,6815,77.01,35.60,90,524810,525320
[Recv] <<< 23:c9:cc:4b:a0:3a,41800,-37,6816,77.00,35.60,43,524853,525363
[Recv] <<< 23:c9:cc:4b:a0:3a,41801,-37,6817,77.00,35.60,39,524892,525402
[Recv] <<< 23:c9:cc:4b:a0:3a,41822,-28,6818,77.12,35.61,892,525784,526294
[Recv] <<< 23:c9:cc:4b:a0:3a,41826,-28,6819,77.13,35.61,171,525955,526465
[Recv] <<< 23:c9:cc:4b:a0:3a,41827,-31,6820,77.13,35.61,41,525996,526506
[Recv] <<< 23:c9:cc:4b:a0:3a,41829,-37,6821,77.13,35.61,85,526081,526591
[Recv] <<< 23:c9:cc:4b:a0:3a,41830,-28,6822,77.12,35.61,40,526121,526631
[Recv] <<< 23:c9:cc:4b:a0:3a,41838,-28,6823,77.16,35.62,345,526466,526976
[Recv] <<< 23:c9:cc:4b:a0:3a,41845,-31,6824,77.19,35.62,284,526750,527260
[Recv] <<< 23:c9:cc:4b:a0:3a,41847,-37,6825,77.19,35.62,89,526839,527349
[Recv] <<< 23:c9:cc:4b:a0:3a,41848,-28,6826,77.19,35.62,41,526880,527390
[Recv] <<< 23:c9:cc:4b:a0:3a,41850,-31,6827,77.19,35.62,89,526969,527479
[Recv] <<< 23:c9:cc:4b:a0:3a,41851,-37,6828,77.18,35.62,45,527014,527524
[Recv] <<< 23:c9:cc:4b:a0:3a,41852,-28,6829,77.18,35.62,41,527055,527565
[Recv] <<< 23:c9:cc:4b:a0:3a,41853,-31,6830,77.17,35.62,45,527100,527610
[Recv] <<< 23:c9:cc:4b:a0:3a,41854,-30,6831,77.17,35.62,35,527135,527645
[Recv] <<< 23:c9:cc:4b:a0:3a,41855,-38,6832,77.16,35.62,44,527179,527689
[Recv] <<< 23:c9:cc:4b:a0:3a,41857,-28,6833,77.16,35.62,87,527266,527776
[Recv] <<< 23:c9:cc:4b:a0:3a,41858,-31,6834,77.16,35.62,41,527307,527817
[Recv] <<< 23:c9:cc:4b:a0:3a,41873,-31,6835,77.24,35.63,628,527935,528445
[Recv] <<< 23:c9:cc:4b:a0:3a,41874,-38,6836,77.24,35.63,47,527982,528492
[Recv] <<< 23:c9:cc:4b:a0:3a,41875,-28,6837,77.23,35.63,41,528023,528533
[Recv] <<< 23:c9:cc:4b:a0:3a,41877,-31,6838,77.23,35.63,82,528105,528615
[Recv] <<< 23:c9:cc:4b:a0:3a,41878,-31,6839,77.23,35.63,37,528142,528652
[Recv] <<< 23:c9:cc:4b:a0:3a,41879,-37,6840,77.22,35.63,38,528180,528690
[Recv] <<< 23:c9:cc:4b:a0:3a,41880,-37,6841,77.21,35.63,42,528222,528732
[Recv] <<< 23:c9:cc:4b:a0:3a,41881,-28,6842,77.21,35.63,47,528269,528779
[Recv] <<< 23:c9:cc:4b:a0:3a,41882,-27,6843,77.20,35.63,36,528305,528815
[Recv] <<< 23:c9:cc:4b:a0:3a,41886,-37,6844,77.22,35.63,155,528460,528970
[Recv] <<< 23:c9:cc:4b:a0:3a,41887,-28,6845,77.21,35.64,48,528508,529018
[Recv] <<< 23:c9:cc:4b:a0:3a,41888,-28,6846,77.21,35.64,41,528549,529059
[Recv] <<< 23:c9:cc:4b:a0:3a,41889,-28,6847,77.20,35.64,33,528582,529092
[Recv] <<< 23:c9:cc:4b:a0:3a,41890,-31,6848,77.19,35.64,43,528625,529135
[Recv] <<< 23:c9:cc:4b:a0:3a,41891,-38,6849,77.19,35.64,42,528667,529177
[Recv] <<< 23:c9:cc:4b:a0:3a,41892,-37,6850,77.18,35.64,35,528702,529212
[Recv] <<< 23:c9:cc:4b:a0:3a,41894,-27,6851,77.18,35.64,83,528785,529295
[Recv] <<< 23:c9:cc:4b:a0:3a,41895,-30,6852,77.18,35.64,44,528829,529339
[Recv] <<< 23:c9:cc:4b:a0:3a,41896,-38,6853,77.17,35.64,41,528870,529380
[Recv] <<< 23:c9:cc:4b:a0:3a,41898,-28,6854,77.17,35.64,83,528953,529463
[Recv] <<< 23:c9:cc:4b:a0:3a,41900,-31,6855,77.18,35.64,84,529037,529547
[Recv] <<< 23:c9:cc:4b:a0:3a,41901,-37,6856,77.17,35.64,38,529075,529585
[Recv] <<< 23:c9:cc:4b:a0:3a,41902,-28,6857,77.17,35.64,49,529124,529634
[Recv] <<< 23:c9:cc:4b:a0:3a,41903,-28,6858,77.16,35.64,43,529167,529677
[Recv] <<< 23:c9:cc:4b:a0:3a,41904,-31,6859,77.15,35.64,35,529202,529712
[Recv] <<< 23:c9:cc:4b:a0:3a,41906,-37,6860,77.16,35.64,86,529288,529798
[Recv] <<< 23:c9:cc:4b:a0:3a,41907,-38,6861,77.15,35.64,37,529325,529835
[Recv] <<< 23:c9:cc:4b:a0:3a,41908,-28,6862,77.14,35.64,38,529363,529873
[Recv] <<< 23:c9:cc:4b:a0:3a,41909,-28,6863,77.14,35.64,41,529404,529914
[Recv] <<< 23:c9:cc:4b:a0:3a,41911,-31,6864,77.14,35.64,73,529477,529987
[Recv] <<< 23:c9:cc:4b:a0:3a,41913,-37,6865,77.14,35.64,79,529556,530066
[Recv] <<< 23:c9:cc:4b:a0:3a,41914,-37,6866,77.13,35.64,38,529594,530104
[Recv] <<< 23:c9:cc:4b:a0:3a,41916,-31,6867,77.13,35.64,79,529673,530183
[Recv] <<< 23:c9:cc:4b:a0:3a,41917,-31,6868,77.13,35.64,45,529718,530228
[Recv] <<< 23:c9:cc:4b:a0:3a,41918,-37,6869,77.12,35.65,38,529756,530266
[Recv] <<< 23:c9:cc:4b:a0:3a,41920,-28,6870,77.12,35.65,81,529837,530347
[Recv] <<< 23:c9:cc:4b:a0:3a,41922,-31,6871,77.12,35.65,85,529922,530432
[Recv] <<< 23:c9:cc:4b:a0:3a,41936,-38,6872,77.19,35.65,562,530484,530994
[Recv] <<< 23:c9:cc:4b:a0:3a,41939,-31,6873,77.20,35.65,121,530605,531115
[Recv] <<< 23:c9:cc:4b:a0:3a,41940,-37,6874,77.20,35.65,37,530642,531152
[Recv] <<< 23:c9:cc:4b:a0:3a,41941,-37,6875,77.19,35.65,45,530687,531197
[Recv] <<< 23:c9:cc:4b:a0:3a,41942,-38,6876,77.19,35.65,40,530727,531237
[Recv] <<< 23:c9:cc:4b:a0:3a,41943,-27,6877,77.18,35.65,37,530764,531274
[Recv] <<< 23:c9:cc:4b:a0:3a,41945,-31,6878,77.18,35.65,80,530844,531354
[Recv] <<< 23:c9:cc:4b:a0:3a,41947,-37,6879,77.18,35.65,86,530930,531440
[Recv] <<< 23:c9:cc:4b:a0:3a,41948,-28,6880,77.18,35.65,43,530973,531483
[Recv] <<< 23:c9:cc:4b:a0:3a,41949,-28,6881,77.17,35.66,40,531013,531523
[Recv] <<< 23:c9:cc:4b:a0:3a,41955,-28,6882,77.19,35.66,233,531246,531756
[Recv] <<< 23:c9:cc:4b:a0:3a,41956,-28,6883,77.19,35.66,47,531293,531803
[Recv] <<< 23:c9:cc:4b:a0:3a,41957,-28,6884,77.18,35.66,37,531330,531840
[Recv] <<< 23:c9:cc:4b:a0:3a,41958,-31,6885,77.18,35.66,35,531365,531875
[Recv] <<< 23:c9:cc:4b:a0:3a,41962,-28,6886,77.19,35.66,158,531523,532033
[Recv] <<< 23:c9:cc:4b:a0:3a,41963,-31,6887,77.18,35.66,42,531565,532075
[Recv] <<< 23:c9:cc:4b:a0:3a,41964,-37,6888,77.18,35.66,46,531611,532121
[Recv] <<< 23:c9:cc:4b:a0:3a,41965,-37,6889,77.17,35.66,36,531647,532157
[Recv] <<< 23:c9:cc:4b:a0:3a,41966,-28,6890,77.17,35.66,43,531690,532200
[Recv] <<< 23:c9:cc:4b:a0:3a,41968,-31,6891,77.17,35.66,82,531772,532282
[Recv] <<< 23:c9:cc:4b:a0:3a,41969,-31,6892,77.16,35.66,38,531810,532320
[Recv] <<< 23:c9:cc:4b:a0:3a,41970,-37,6893,77.16,35.66,40,531850,532360
[Recv] <<< 23:c9:cc:4b:a0:3a,41971,-28,6894,77.15,35.66,39,531889,532399
[Recv] <<< 23:c9:cc:4b:a0:3a,41972,-31,6895,77.15,35.66,51,531940,532450
[Recv] <<< 23:c9:cc:4b:a0:3a,41973,-38,6896,77.14,35.66,40,531980,532490
[Recv] <<< 23:c9:cc:4b:a0:3a,41974,-38,6897,77.14,35.66,38,532018,532528
[Recv] <<< 23:c9:cc:4b:a0:3a,41976,-28,6898,77.14,35.66,75,532093,532603
[Recv] <<< 23:c9:cc:4b:a0:3a,41977,-31,6899,77.13,35.66,46,532139,532649
[Recv] <<< 23:c9:cc:4b:a0:3a,41978,-37,6900,77.13,35.66,45,532184,532694
[Recv] <<< 23:c9:cc:4b:a0:3a,41979,-38,6901,77.12,35.66,39,532223,532733
[Recv] <<< 23:c9:cc:4b:a0:3a,41980,-27,6902,77.12,35.67,42,532265,532775
[Recv] <<< 23:c9:cc:4b:a0:3a,41981,-28,6903,77.11,35.66,34,532299,532809
[Recv] <<< 23:c9:cc:4b:a0:3a,41982,-31,6904,77.11,35.67,40,532339,532849
[Recv] <<< 23:c9:cc:4b:a0:3a,41984,-38,6905,77.11,35.67,80,532419,532929
[Recv] <<< 23:c9:cc:4b:a0:3a,41986,-28,6906,77.11,35.67,82,532501,533011
[Recv] <<< 23:c9:cc:4b:a0:3a,41987,-30,6907,77.10,35.67,34,532535,533045
[Recv] <<< 23:c9:cc:4b:a0:3a,41988,-31,6908,77.10,35.67,42,532577,533087
[Recv] <<< 23:c9:cc:4b:a0:3a,41989,-38,6909,77.09,35.67,45,532622,533132
[Recv] <<< 23:c9:cc:4b:a0:3a,41994,-31,6910,77.11,35.67,205,532827,533337
[Recv] <<< 23:c9:cc:4b:a0:3a,41996,-37,6911,77.11,35.67,80,532907,533417
[Recv] <<< 23:c9:cc:4b:a0:3a,42012,-38,6912,77.19,35.68,662,533569,534079
[Recv] <<< 23:c9:cc:4b:a0:3a,42013,-28,6913,77.19,35.68,37,533606,534116
[Recv] <<< 23:c9:cc:4b:a0:3a,42014,-28,6914,77.18,35.68,29,533635,534145
[Recv] <<< 23:c9:cc:4b:a0:3a,42015,-28,6915,77.18,35.68,36,533671,534181
[Recv] <<< 23:c9:cc:4b:a0:3a,42016,-28,6916,77.17,35.68,36,533707,534217
[Recv] <<< 23:c9:cc:4b:a0:3a,42017,-27,6917,77.16,35.68,37,533744,534254
[Recv] <<< 23:c9:cc:4b:a0:3a,42018,-31,6918,77.16,35.68,38,533782,534292
[Recv] <<< 23:c9:cc:4b:a0:3a,42020,-37,6919,77.16,35.68,82,533864,534374
[Recv] <<< 23:c9:cc:4b:a0:3a,42021,-38,6920,77.15,35.68,36,533900,534410
[Recv] <<< 23:c9:cc:4b:a0:3a,42023,-28,6921,77.15,35.68,81,533981,534491
[Recv] <<< 23:c9:cc:4b:a0:3a,42024,-31,6922,77.15,35.68,43,534024,534534
[Recv] <<< 23:c9:cc:4b:a0:3a,42025,-37,6923,77.14,35.68,43,534067,534577
[Recv] <<< 23:c9:cc:4b:a0:3a,42026,-37,6924,77.14,35.68,39,534106,534616
[Recv] <<< 23:c9:cc:4b:a0:3a,42027,-37,6925,77.13,35.68,37,534143,534653
[Recv] <<< 23:c9:cc:4b:a0:3a,42028,-27,6926,77.13,35.68,45,534188,534698
[Recv] <<< 23:c9:cc:4b:a0:3a,42029,-27,6927,77.12,35.68,32,534220,534730
[Recv] <<< 23:c9:cc:4b:a0:3a,42031,-31,6928,77.12,35.68,87,534307,534817
[Recv] <<< 23:c9:cc:4b:a0:3a,42033,-37,6929,77.12,35.68,86,534393,534903
[Recv] <<< 23:c9:cc:4b:a0:3a,42034,-37,6930,77.12,35.68,31,534424,534934
[Recv] <<< 23:c9:cc:4b:a0:3a,42035,-37,6931,77.11,35.68,37,534461,534971
[Recv] <<< 23:c9:cc:4b:a0:3a,42036,-27,6932,77.11,35.68,41,534502,535012
[Recv] <<< 23:c9:cc:4b:a0:3a,42053,-37,6933,77.19,35.68,648,535150,535660
[Recv] <<< 23:c9:cc:4b:a0:3a,42054,-38,6934,77.18,35.68,39,535189,535699
[Recv] <<< 23:c9:cc:4b:a0:3a,42055,-28,6935,77.18,35.68,40,535229,535739
[Recv] <<< 23:c9:cc:4b:a0:3a,42056,-28,6936,77.17,35.68,37,535266,535776
[Recv] <<< 23:c9:cc:4b:a0:3a,42058,-31,6937,77.17,35.68,70,535336,535846
[Recv] <<< 23:c9:cc:4b:a0:3a,42060,-31,6938,77.17,35.68,69,535405,535915
[Recv] <<< 23:c9:cc:4b:a0:3a,42064,-30,6939,77.18,35.68,142,535547,536057
[Recv] <<< 23:c9:cc:4b:a0:3a,42065,-31,6940,77.17,35.68,32,535579,536089
[Recv] <<< 23:c9:cc:4b:a0:3a,42066,-30,6941,77.17,35.68,35,535614,536124
[Recv] <<< 23:c9:cc:4b:a0:3a,42068,-37,6942,77.17,35.68,81,535695,536205
[Recv] <<< 23:c9:cc:4b:a0:3a,42073,-27,6943,77.18,35.68,183,535878,536388
[Recv] <<< 23:c9:cc:4b:a0:3a,42076,-31,6944,77.19,35.68,105,535983,536493
[Recv] <<< 23:c9:cc:4b:a0:3a,42077,-28,6945,77.18,35.68,36,536019,536529
[Recv] <<< 23:c9:cc:4b:a0:3a,42080,-30,6946,77.19,35.68,111,536130,536640
[Recv] <<< 23:c9:cc:4b:a0:3a,42081,-31,6947,77.18,35.68,33,536163,536673
[Recv] <<< 23:c9:cc:4b:a0:3a,42082,-31,6948,77.17,35.68,38,536201,536711
[Recv] <<< 23:c9:cc:4b:a0:3a,42083,-38,6949,77.17,35.68,36,536237,536747
[Recv] <<< 23:c9:cc:4b:a0:3a,42084,-37,6950,77.16,35.69,39,536276,536786
[Recv] <<< 23:c9:cc:4b:a0:3a,42085,-37,6951,77.16,35.68,30,536306,536816
[Recv] <<< 23:c9:cc:4b:a0:3a,42086,-37,6952,77.15,35.68,38,536344,536854
[Recv] <<< 23:c9:cc:4b:a0:3a,42087,-37,6953,77.14,35.69,38,536382,536892
[Recv] <<< 23:c9:cc:4b:a0:3a,42089,-28,6954,77.14,35.69,71,536453,536963
[Recv] <<< 23:c9:cc:4b:a0:3a,42090,-28,6955,77.14,35.69,36,536489,536999
[Recv] <<< 23:c9:cc:4b:a0:3a,42112,-28,6956,77.24,35.68,784,537273,537783
[Recv] <<< 23:c9:cc:4b:a0:3a,42113,-28,6957,77.23,35.68,33,537306,537816
[Recv] <<< 23:c9:cc:4b:a0:3a,42114,-28,6958,77.23,35.68,31,537337,537847
[Recv] <<< 23:c9:cc:4b:a0:3a,42117,-31,6959,77.23,35.68,109,537446,537956
[Recv] <<< 23:c9:cc:4b:a0:3a,42118,-31,6960,77.22,35.68,33,537479,537989
[Recv] <<< 23:c9:cc:4b:a0:3a,42119,-38,6961,77.22,35.69,46,537525,538035
[Recv] <<< 23:c9:cc:4b:a0:3a,42120,-37,6962,77.21,35.68,33,537558,538068
[Recv] <<< 23:c9:cc:4b:a0:3a,42121,-38,6963,77.21,35.69,37,537595,538105
[Recv] <<< 23:c9:cc:4b:a0:3a,42123,-37,6964,77.21,35.69,71,537666,538176
[Recv] <<< 23:c9:cc:4b:a0:3a,42124,-37,6965,77.20,35.68,33,537699,538209
[Recv] <<< 23:c9:cc:4b:a0:3a,42125,-37,6966,77.19,35.68,31,537730,538240
[Recv] <<< 23:c9:cc:4b:a0:3a,42126,-28,6967,77.19,35.68,35,537765,538275
[Recv] <<< 23:c9:cc:4b:a0:3a,42128,-28,6968,77.19,35.68,79,537844,538354
[Recv] <<< 23:c9:cc:4b:a0:3a,42129,-31,6969,77.18,35.69,41,537885,538395
[Recv] <<< 23:c9:cc:4b:a0:3a,42130,-31,6970,77.18,35.69,37,537922,538432
[Recv] <<< 23:c9:cc:4b:a0:3a,42131,-31,6971,77.17,35.69,36,537958,538468
[Recv] <<< 23:c9:cc:4b:a0:3a,42133,-38,6972,77.17,35.69,77,538035,538545
[Recv] <<< 23:c9:cc:4b:a0:3a,42134,-40,6973,77.17,35.69,45,538080,538590
[Recv] <<< 23:c9:cc:4b:a0:3a,42135,-37,6974,77.16,35.69,26,538106,538616
[Recv] <<< 23:c9:cc:4b:a0:3a,42136,-28,6975,77.15,35.69,47,538153,538663
[Recv] <<< 23:c9:cc:4b:a0:3a,42137,-28,6976,77.15,35.69,33,538186,538696
[Recv] <<< 23:c9:cc:4b:a0:3a,42138,-28,6977,77.14,35.69,40,538226,538736
[Recv] <<< 23:c9:cc:4b:a0:3a,42139,-28,6978,77.14,35.69,38,538264,538774
[Recv] <<< 23:c9:cc:4b:a0:3a,42140,-31,6979,77.13,35.69,36,538300,538810
[Recv] <<< 23:c9:cc:4b:a0:3a,42141,-30,6980,77.13,35.69,35,538335,538845
[Recv] <<< 23:c9:cc:4b:a0:3a,42142,-31,6981,77.12,35.69,38,538373,538883
[Recv] <<< 23:c9:cc:4b:a0:3a,42147,-28,6982,77.14,35.69,194,538567,539077
[Recv] <<< 23:c9:cc:4b:a0:3a,42152,-31,6983,77.15,35.69,192,538759,539269
[Recv] <<< 23:c9:cc:4b:a0:3a,42153,-31,6984,77.15,35.69,41,538800,539310
[Recv] <<< 23:c9:cc:4b:a0:3a,42154,-30,6985,77.14,35.69,27,538827,539337
[Recv] <<< 23:c9:cc:4b:a0:3a,42155,-31,6986,77.14,35.69,39,538866,539376
[Recv] <<< 23:c9:cc:4b:a0:3a,42156,-31,6987,77.13,35.69,41,538907,539417
[Recv] <<< 23:c9:cc:4b:a0:3a,42157,-31,6988,77.12,35.69,35,538942,539452
[Recv] <<< 23:c9:cc:4b:a0:3a,42158,-37,6989,77.12,35.69,40,538982,539492
[Recv] <<< 23:c9:cc:4b:a0:3a,42159,-38,6990,77.11,35.69,32,539014,539524
[Recv] <<< 23:c9:cc:4b:a0:3a,42160,-37,6991,77.11,35.69,37,539051,539561
[Recv] <<< 23:c9:cc:4b:a0:3a,42161,-38,6992,77.10,35.69,33,539084,539594
[Recv] <<< 23:c9:cc:4b:a0:3a,42163,-37,6993,77.10,35.69,68,539152,539662
[Recv] <<< 23:c9:cc:4b:a0:3a,42164,-28,6994,77.09,35.69,47,539199,539709
[Recv] <<< 23:c9:cc:4b:a0:3a,42165,-28,6995,77.09,35.69,40,539239,539749
[Recv] <<< 23:c9:cc:4b:a0:3a,42166,-28,6996,77.08,35.69,35,539274,539784
[Recv] <<< 23:c9:cc:4b:a0:3a,42167,-28,6997,77.08,35.69,37,539311,539821
[Recv] <<< 23:c9:cc:4b:a0:3a,42168,-28,6998,77.07,35.69,35,539346,539856
[Recv] <<< 23:c9:cc:4b:a0:3a,42169,-28,6999,77.06,35.69,30,539376,539886
[Recv] <<< 23:c9:cc:4b:a0:3a,42170,-28,7000,77.06,35.69,40,539416,539926
[Recv] <<< 23:c9:cc:4b:a0:3a,42171,-31,7001,77.05,35.69,45,539461,539971
[Recv] <<< 23:c9:cc:4b:a0:3a,42172,-31,7002,77.05,35.69,31,539492,540002
[Recv] <<< 23:c9:cc:4b:a0:3a,42173,-30,7003,77.04,35.69,41,539533,540043
[Recv] <<< 23:c9:cc:4b:a0:3a,42174,-31,7004,77.04,35.69,32,539565,540075
[Recv] <<< 23:c9:cc:4b:a0:3a,42175,-31,7005,77.03,35.69,37,539602,540112
[Recv] <<< 23:c9:cc:4b:a0:3a,42178,-31,7006,77.03,35.69,105,539707,540217
[Recv] <<< 23:c9:cc:4b:a0:3a,42182,-37,7007,77.04,35.69,144,539851,540361
[Recv] <<< 23:c9:cc:4b:a0:3a,42184,-37,7008,77.04,35.69,71,539922,540432
[Recv] <<< 23:c9:cc:4b:a0:3a,42186,-37,7009,77.04,35.69,70,539992,540502
[Recv] <<< 23:c9:cc:4b:a0:3a,42187,-37,7010,77.04,35.69,34,540026,540536
[Recv] <<< 23:c9:cc:4b:a0:3a,42188,-38,7011,77.03,35.69,38,540064,540574
[Recv] <<< 23:c9:cc:4b:a0:3a,42189,-37,7012,77.02,35.69,30,540094,540604
[Recv] <<< 23:c9:cc:4b:a0:3a,42190,-37,7013,77.02,35.69,36,540130,540640
[Recv] <<< 23:c9:cc:4b:a0:3a,42191,-37,7014,77.01,35.69,38,540168,540678
[Recv] <<< 23:c9:cc:4b:a0:3a,42192,-40,7015,77.01,35.69,30,540198,540708
[Recv] <<< 23:c9:cc:4b:a0:3a,42193,-37,7016,77.00,35.69,40,540238,540748
[Recv] <<< 23:c9:cc:4b:a0:3a,42195,-27,7017,77.00,35.69,75,540313,540823
[Recv] <<< 23:c9:cc:4b:a0:3a,42196,-28,7018,76.99,35.69,33,540346,540856
[Recv] <<< 23:c9:cc:4b:a0:3a,42197,-28,7019,76.99,35.69,43,540389,540899
[Recv] <<< 23:c9:cc:4b:a0:3a,42201,-28,7020,77.00,35.69,128,540517,541027
[Recv] <<< 23:c9:cc:4b:a0:3a,42202,-38,7021,76.99,35.69,37,540554,541064
[Recv] <<< 23:c9:cc:4b:a0:3a,42203,-38,7022,76.99,35.69,36,540590,541100
[Recv] <<< 23:c9:cc:4b:a0:3a,42204,-37,7023,76.98,35.69,38,540628,541138
[Recv] <<< 23:c9:cc:4b:a0:3a,42205,-28,7024,76.97,35.69,41,540669,541179
[Recv] <<< 23:c9:cc:4b:a0:3a,42206,-27,7025,76.97,35.69,37,540706,541216
[Recv] <<< 23:c9:cc:4b:a0:3a,42207,-28,7026,76.96,35.69,32,540738,541248
[Recv] <<< 23:c9:cc:4b:a0:3a,42208,-28,7027,76.96,35.69,31,540769,541279
[Recv] <<< 23:c9:cc:4b:a0:3a,42209,-28,7028,76.95,35.69,35,540804,541314
[Recv] <<< 23:c9:cc:4b:a0:3a,42210,-28,7029,76.94,35.69,40,540844,541354
[Recv] <<< 23:c9:cc:4b:a0:3a,42211,-31,7030,76.94,35.69,36,540880,541390
[Recv] <<< 23:c9:cc:4b:a0:3a,42212,-31,7031,76.93,35.69,31,540911,541421
[Recv] <<< 23:c9:cc:4b:a0:3a,42213,-31,7032,76.93,35.69,39,540950,541460
[Recv] <<< 23:c9:cc:4b:a0:3a,42214,-31,7033,76.92,35.69,32,540982,541492
[Recv] <<< 23:c9:cc:4b:a0:3a,42216,-38,7034,76.92,35.69,74,541056,541566
[Recv] <<< 23:c9:cc:4b:a0:3a,42217,-38,7035,76.91,35.69,33,541089,541599
[Recv] <<< 23:c9:cc:4b:a0:3a,42218,-38,7036,76.91,35.69,35,541124,541634
[Recv] <<< 23:c9:cc:4b:a0:3a,42219,-38,7037,76.90,35.69,29,541153,541663
[Recv] <<< 23:c9:cc:4b:a0:3a,42220,-31,7038,76.90,35.69,36,541189,541699
[Recv] <<< 23:c9:cc:4b:a0:3a,42221,-30,7039,76.89,35.69,27,541216,541726
[Recv] <<< 23:c9:cc:4b:a0:3a,42222,-31,7040,76.88,35.69,37,541253,541763
[Recv] <<< 23:c9:cc:4b:a0:3a,42226,-38,7041,76.89,35.69,150,541403,541913
[Recv] <<< 23:c9:cc:4b:a0:3a,42227,-37,7042,76.89,35.69,29,541432,541942
[Recv] <<< 23:c9:cc:4b:a0:3a,42228,-37,7043,76.88,35.69,40,541472,541982
[Recv] <<< 23:c9:cc:4b:a0:3a,42229,-37,7044,76.88,35.69,39,541511,542021
[Recv] <<< 23:c9:cc:4b:a0:3a,42230,-38,7045,76.87,35.69,33,541544,542054
[Recv] <<< 23:c9:cc:4b:a0:3a,42231,-28,7046,76.86,35.69,43,541587,542097
[Recv] <<< 23:c9:cc:4b:a0:3a,42233,-37,7047,76.86,35.69,59,541646,542156
[Recv] <<< 23:c9:cc:4b:a0:3a,42234,-28,7048,76.86,35.69,42,541688,542198
[Recv] <<< 23:c9:cc:4b:a0:3a,42242,-28,7049,76.88,35.69,274,541962,542472
[Recv] <<< 23:c9:cc:4b:a0:3a,42244,-28,7050,76.88,35.69,68,542030,542540
[Recv] <<< 23:c9:cc:4b:a0:3a,42246,-28,7051,76.88,35.69,69,542099,542609
[Recv] <<< 23:c9:cc:4b:a0:3a,42247,-28,7052,76.88,35.69,26,542125,542635
[Recv] <<< 23:c9:cc:4b:a0:3a,42248,-28,7053,76.87,35.69,38,542163,542673
[Recv] <<< 23:c9:cc:4b:a0:3a,42249,-38,7054,76.86,35.69,30,542193,542703
[Recv] <<< 23:c9:cc:4b:a0:3a,42251,-37,7055,76.86,35.69,72,542265,542775
[Recv] <<< 23:c9:cc:4b:a0:3a,42252,-28,7056,76.86,35.69,41,542306,542816
[Recv] <<< 23:c9:cc:4b:a0:3a,42253,-28,7057,76.85,35.69,40,542346,542856
[Recv] <<< 23:c9:cc:4b:a0:3a,42254,-28,7058,76.85,35.69,29,542375,542885
[Recv] <<< 23:c9:cc:4b:a0:3a,42259,-37,7059,76.86,35.69,165,542540,543050
[Recv] <<< 23:c9:cc:4b:a0:3a,42260,-31,7060,76.85,35.69,27,542567,543077
[Recv] <<< 23:c9:cc:4b:a0:3a,42261,-31,7061,76.84,35.69,31,542598,543108
[Recv] <<< 23:c9:cc:4b:a0:3a,42262,-31,7062,76.84,35.69,41,542639,543149
[Recv] <<< 23:c9:cc:4b:a0:3a,42263,-31,7063,76.83,35.69,27,542666,543176
[Recv] <<< 23:c9:cc:4b:a0:3a,42264,-31,7064,76.83,35.69,34,542700,543210
[Recv] <<< 23:c9:cc:4b:a0:3a,42265,-31,7065,76.82,35.68,32,542732,543242
[Recv] <<< 23:c9:cc:4b:a0:3a,42266,-31,7066,76.81,35.69,42,542774,543284
[Recv] <<< 23:c9:cc:4b:a0:3a,42267,-31,7067,76.81,35.68,30,542804,543314
[Recv] <<< 23:c9:cc:4b:a0:3a,42269,-37,7068,76.81,35.69,74,542878,543388
[Recv] <<< 23:c9:cc:4b:a0:3a,42272,-37,7069,76.81,35.69,107,542985,543495
[Recv] <<< 23:c9:cc:4b:a0:3a,42273,-38,7070,76.81,35.68,33,543018,543528
[Recv] <<< 23:c9:cc:4b:a0:3a,42275,-38,7071,76.80,35.68,67,543085,543595
[Recv] <<< 23:c9:cc:4b:a0:3a,42276,-37,7072,76.80,35.68,38,543123,543633
[Recv] <<< 23:c9:cc:4b:a0:3a,42278,-37,7073,76.80,35.68,71,543194,543704
[Recv] <<< 23:c9:cc:4b:a0:3a,42279,-37,7074,76.79,35.68,36,543230,543740
[Recv] <<< 23:c9:cc:4b:a0:3a,42280,-37,7075,76.79,35.68,24,543254,543764
[Recv] <<< 23:c9:cc:4b:a0:3a,42281,-37,7076,76.78,35.68,38,543292,543802
[Recv] <<< 23:c9:cc:4b:a0:3a,42284,-28,7077,76.78,35.68,115,543407,543917
[Recv] <<< 23:c9:cc:4b:a0:3a,42285,-37,7078,76.78,35.68,25,543432,543942
[Recv] <<< 23:c9:cc:4b:a0:3a,42287,-37,7079,76.78,35.68,64,543496,544006
[Recv] <<< 23:c9:cc:4b:a0:3a,42288,-37,7080,76.77,35.68,40,543536,544046
[Recv] <<< 23:c9:cc:4b:a0:3a,42290,-28,7081,76.77,35.68,71,543607,544117
[Recv] <<< 23:c9:cc:4b:a0:3a,42291,-28,7082,76.76,35.68,33,543640,544150
[Recv] <<< 23:c9:cc:4b:a0:3a,42292,-27,7083,76.76,35.68,32,543672,544182
[Recv] <<< 23:c9:cc:4b:a0:3a,42293,-37,7084,76.75,35.68,32,543704,544214
[Recv] <<< 23:c9:cc:4b:a0:3a,42297,-37,7085,76.76,35.68,133,543837,544347
[Recv] <<< 23:c9:cc:4b:a0:3a,42299,-37,7086,76.76,35.68,74,543911,544421
[Recv] <<< 23:c9:cc:4b:a0:3a,42300,-38,7087,76.75,35.68,33,543944,544454
[Recv] <<< 23:c9:cc:4b:a0:3a,42301,-37,7088,76.75,35.68,31,543975,544485
[Recv] <<< 23:c9:cc:4b:a0:3a,42302,-37,7089,76.74,35.68,33,544008,544518
[Recv] <<< 23:c9:cc:4b:a0:3a,42303,-37,7090,76.73,35.68,29,544037,544547
[Recv] <<< 23:c9:cc:4b:a0:3a,42304,-37,7091,76.73,35.68,50,544087,544597
[Recv] <<< 23:c9:cc:4b:a0:3a,42305,-37,7092,76.72,35.68,26,544113,544623
[Recv] <<< 23:c9:cc:4b:a0:3a,42306,-30,7093,76.72,35.68,32,544145,544655
[Recv] <<< 23:c9:cc:4b:a0:3a,42307,-30,7094,76.71,35.68,34,544179,544689
[Recv] <<< 23:c9:cc:4b:a0:3a,42310,-31,7095,76.71,35.68,108,544287,544797
[Recv] <<< 23:c9:cc:4b:a0:3a,42320,-31,7096,76.75,35.68,338,544625,545135
[Recv] <<< 23:c9:cc:4b:a0:3a,42321,-28,7097,76.75,35.68,42,544667,545177
[Recv] <<< 23:c9:cc:4b:a0:3a,42322,-28,7098,76.74,35.68,23,544690,545200
[Recv] <<< 23:c9:cc:4b:a0:3a,42325,-37,7099,76.74,35.68,102,544792,545302
[Recv] <<< 23:c9:cc:4b:a0:3a,42331,-37,7100,76.76,35.68,211,545003,545513
[Recv] <<< 23:c9:cc:4b:a0:3a,42332,-37,7101,76.75,35.68,30,545033,545543
[Recv] <<< 23:c9:cc:4b:a0:3a,42333,-37,7102,76.75,35.68,33,545066,545576
[Recv] <<< 23:c9:cc:4b:a0:3a,42335,-30,7103,76.75,35.68,66,545132,545642
[Recv] <<< 23:c9:cc:4b:a0:3a,42336,-31,7104,76.74,35.68,37,545169,545679
[Recv] <<< 23:c9:cc:4b:a0:3a,42337,-31,7105,76.73,35.68,33,545202,545712
[Recv] <<< 23:c9:cc:4b:a0:3a,42338,-31,7106,76.73,35.68,40,545242,545752
[Recv] <<< 23:c9:cc:4b:a0:3a,42339,-37,7107,76.72,35.68,37,545279,545789
[Recv] <<< 23:c9:cc:4b:a0:3a,42340,-37,7108,76.72,35.68,33,545312,545822
[Recv] <<< 23:c9:cc:4b:a0:3a,42341,-28,7109,76.71,35.68,44,545356,545866
[Recv] <<< 23:c9:cc:4b:a0:3a,42342,-28,7110,76.71,35.68,37,545393,545903
[Recv] <<< 23:c9:cc:4b:a0:3a,42343,-28,7111,76.70,35.68,37,545430,545940
[Recv] <<< 23:c9:cc:4b:a0:3a,42344,-28,7112,76.70,35.68,36,545466,545976
[Recv] <<< 23:c9:cc:4b:a0:3a,42362,-40,7113,76.77,35.68,609,546075,546585
[Recv] <<< 23:c9:cc:4b:a0:3a,42363,-37,7114,76.77,35.68,34,546109,546619
[Recv] <<< 23:c9:cc:4b:a0:3a,42364,-38,7115,76.76,35.68,39,546148,546658
[Recv] <<< 23:c9:cc:4b:a0:3a,42373,-28,7116,76.79,35.68,312,546460,546970
[Recv] <<< 23:c9:cc:4b:a0:3a,42374,-28,7117,76.79,35.68,37,546497,547007
[Recv] <<< 23:c9:cc:4b:a0:3a,42375,-27,7118,76.78,35.68,30,546527,547037
[Recv] <<< 23:c9:cc:4b:a0:3a,42385,-37,7119,76.82,35.68,344,546871,547381
[Recv] <<< 23:c9:cc:4b:a0:3a,42388,-37,7120,76.82,35.68,105,546976,547486
[Recv] <<< 23:c9:cc:4b:a0:3a,42389,-28,7121,76.82,35.68,45,547021,547531
[Recv] <<< 23:c9:cc:4b:a0:3a,42390,-28,7122,76.81,35.68,30,547051,547561
[Recv] <<< 23:c9:cc:4b:a0:3a,42391,-28,7123,76.81,35.68,32,547083,547593
[Recv] <<< 23:c9:cc:4b:a0:3a,42392,-28,7124,76.80,35.68,36,547119,547629
[Recv] <<< 23:c9:cc:4b:a0:3a,42393,-28,7125,76.79,35.68,31,547150,547660
[Recv] <<< 23:c9:cc:4b:a0:3a,42394,-28,7126,76.79,35.68,37,547187,547697
[Recv] <<< 23:c9:cc:4b:a0:3a,42420,-31,7127,76.90,35.67,883,548070,548580
[Recv] <<< 23:c9:cc:4b:a0:3a,42422,-31,7128,76.90,35.67,69,548139,548649
[Recv] <<< 23:c9:cc:4b:a0:3a,42434,-31,7129,76.95,35.67,410,548549,549059
[Recv] <<< 23:c9:cc:4b:a0:3a,42435,-31,7130,76.94,35.67,36,548585,549095
[Recv] <<< 23:c9:cc:4b:a0:3a,42437,-28,7131,76.94,35.67,56,548641,549151
[Recv] <<< 23:c9:cc:4b:a0:3a,42438,-28,7132,76.93,35.67,39,548680,549190
[Recv] <<< 23:c9:cc:4b:a0:3a,42439,-28,7133,76.93,35.67,32,548712,549222
[Recv] <<< 23:c9:cc:4b:a0:3a,42440,-28,7134,76.92,35.67,29,548741,549251
[Recv] <<< 23:c9:cc:4b:a0:3a,42441,-28,7135,76.91,35.67,35,548776,549286
[Recv] <<< 23:c9:cc:4b:a0:3a,42442,-28,7136,76.91,35.67,38,548814,549324
[Recv] <<< 23:c9:cc:4b:a0:3a,42443,-31,7137,76.90,35.67,52,548866,549376
[Recv] <<< 23:c9:cc:4b:a0:3a,42461,-31,7138,76.98,35.67,595,549461,549971
[Recv] <<< 23:c9:cc:4b:a0:3a,42462,-31,7139,76.97,35.67,31,549492,550002
[Recv] <<< 23:c9:cc:4b:a0:3a,42464,-27,7140,76.97,35.67,64,549556,550066
[Recv] <<< 23:c9:cc:4b:a0:3a,42466,-28,7141,76.97,35.67,72,549628,550138
[Recv] <<< 23:c9:cc:4b:a0:3a,42467,-27,7142,76.96,35.67,21,549649,550159
[Recv] <<< 23:c9:cc:4b:a0:3a,42468,-37,7143,76.95,35.67,32,549681,550191
[Recv] <<< 23:c9:cc:4b:a0:3a,42469,-28,7144,76.95,35.67,43,549724,550234
[Recv] <<< 23:c9:cc:4b:a0:3a,42470,-31,7145,76.94,35.67,46,549770,550280
[Recv] <<< 23:c9:cc:4b:a0:3a,42471,-31,7146,76.94,35.67,42,549812,550322
[Recv] <<< 23:c9:cc:4b:a0:3a,42472,-31,7147,76.93,35.67,30,549842,550352
[Recv] <<< 23:c9:cc:4b:a0:3a,42473,-31,7148,76.93,35.67,30,549872,550382
[Recv] <<< 23:c9:cc:4b:a0:3a,42474,-30,7149,76.92,35.67,34,549906,550416
[Recv] <<< 23:c9:cc:4b:a0:3a,42475,-31,7150,76.92,35.67,38,549944,550454
[Recv] <<< 23:c9:cc:4b:a0:3a,42476,-31,7151,76.91,35.67,33,549977,550487
[Recv] <<< 23:c9:cc:4b:a0:3a,42477,-31,7152,76.90,35.67,37,550014,550524
[Recv] <<< 23:c9:cc:4b:a0:3a,42478,-31,7153,76.90,35.67,31,550045,550555
[Recv] <<< 23:c9:cc:4b:a0:3a,42479,-31,7154,76.89,35.67,36,550081,550591
[Recv] <<< 23:c9:cc:4b:a0:3a,42481,-31,7155,76.89,35.67,73,550154,550664
[Recv] <<< 23:c9:cc:4b:a0:3a,42482,-31,7156,76.89,35.67,36,550190,550700
[Recv] <<< 23:c9:cc:4b:a0:3a,42483,-31,7157,76.88,35.67,31,550221,550731
[Recv] <<< 23:c9:cc:4b:a0:3a,42484,-31,7158,76.87,35.67,31,550252,550762
[Recv] <<< 23:c9:cc:4b:a0:3a,42487,-31,7159,76.88,35.67,105,550357,550867
[Recv] <<< 23:c9:cc:4b:a0:3a,42488,-31,7160,76.87,35.67,37,550394,550904
[Recv] <<< 23:c9:cc:4b:a0:3a,42489,-31,7161,76.86,35.67,31,550425,550935
[Recv] <<< 23:c9:cc:4b:a0:3a,42492,-31,7162,76.87,35.67,107,550532,551042
[Recv] <<< 23:c9:cc:4b:a0:3a,42494,-38,7163,76.87,35.67,77,550609,551119
[Recv] <<< 23:c9:cc:4b:a0:3a,42495,-38,7164,76.86,35.67,33,550642,551152
[Recv] <<< 23:c9:cc:4b:a0:3a,42499,-37,7165,76.87,35.67,136,550778,551288
[Recv] <<< 23:c9:cc:4b:a0:3a,42500,-28,7166,76.87,35.67,52,550830,551340
[Recv] <<< 23:c9:cc:4b:a0:3a,42501,-28,7167,76.86,35.67,27,550857,551367
[Recv] <<< 23:c9:cc:4b:a0:3a,42502,-28,7168,76.85,35.67,39,550896,551406
[Recv] <<< 23:c9:cc:4b:a0:3a,42503,-27,7169,76.85,35.67,30,550926,551436
[Recv] <<< 23:c9:cc:4b:a0:3a,42504,-28,7170,76.84,35.67,36,550962,551472
[Recv] <<< 23:c9:cc:4b:a0:3a,42505,-27,7171,76.84,35.67,30,550992,551502
[Recv] <<< 23:c9:cc:4b:a0:3a,42506,-28,7172,76.83,35.66,27,551019,551529
[Recv] <<< 23:c9:cc:4b:a0:3a,42507,-27,7173,76.82,35.66,37,551056,551566
[Recv] <<< 23:c9:cc:4b:a0:3a,42508,-28,7174,76.82,35.66,38,551094,551604
[Recv] <<< 23:c9:cc:4b:a0:3a,42509,-28,7175,76.81,35.66,37,551131,551641
[Recv] <<< 23:c9:cc:4b:a0:3a,42510,-31,7176,76.81,35.67,36,551167,551677
[Recv] <<< 23:c9:cc:4b:a0:3a,42511,-27,7177,76.80,35.66,28,551195,551705
[Recv] <<< 23:c9:cc:4b:a0:3a,42512,-27,7178,76.79,35.66,37,551232,551742
[Recv] <<< 23:c9:cc:4b:a0:3a,42513,-28,7179,76.79,35.66,35,551267,551777
[Recv] <<< 23:c9:cc:4b:a0:3a,42514,-28,7180,76.78,35.66,31,551298,551808
[Recv] <<< 23:c9:cc:4b:a0:3a,42530,-37,7181,76.85,35.66,542,551840,552350
[Recv] <<< 23:c9:cc:4b:a0:3a,42532,-37,7182,76.85,35.66,69,551909,552419
[Recv] <<< 23:c9:cc:4b:a0:3a,42535,-31,7183,76.85,35.66,99,552008,552518
[Recv] <<< 23:c9:cc:4b:a0:3a,42536,-31,7184,76.84,35.66,33,552041,552551
[Recv] <<< 23:c9:cc:4b:a0:3a,42537,-30,7185,76.84,35.66,29,552070,552580
[Recv] <<< 23:c9:cc:4b:a0:3a,42538,-31,7186,76.83,35.66,34,552104,552614
[Recv] <<< 23:c9:cc:4b:a0:3a,42539,-28,7187,76.82,35.66,28,552132,552642
[Recv] <<< 23:c9:cc:4b:a0:3a,42540,-28,7188,76.82,35.66,31,552163,552673
[Recv] <<< 23:c9:cc:4b:a0:3a,42541,-28,7189,76.81,35.66,32,552195,552705
[Recv] <<< 23:c9:cc:4b:a0:3a,42542,-27,7190,76.81,35.66,33,552228,552738
[Recv] <<< 23:c9:cc:4b:a0:3a,42543,-28,7191,76.80,35.66,35,552263,552773
[Recv] <<< 23:c9:cc:4b:a0:3a,42544,-28,7192,76.79,35.66,31,552294,552804
[Recv] <<< 23:c9:cc:4b:a0:3a,42546,-37,7193,76.79,35.66,61,552355,552865
[Recv] <<< 23:c9:cc:4b:a0:3a,42547,-28,7194,76.79,35.66,39,552394,552904
[Recv] <<< 23:c9:cc:4b:a0:3a,42549,-37,7195,76.78,35.66,60,552454,552964
[Recv] <<< 23:c9:cc:4b:a0:3a,42550,-37,7196,76.78,35.66,41,552495,553005
[Recv] <<< 23:c9:cc:4b:a0:3a,42551,-38,7197,76.77,35.66,36,552531,553041
[Recv] <<< 23:c9:cc:4b:a0:3a,42552,-38,7198,76.77,35.66,30,552561,553071
[Recv] <<< 23:c9:cc:4b:a0:3a,42553,-38,7199,76.76,35.66,33,552594,553104
[Recv] <<< 23:c9:cc:4b:a0:3a,42554,-38,7200,76.75,35.66,35,552629,553139
[Recv] <<< 23:c9:cc:4b:a0:3a,42556,-38,7201,76.75,35.66,67,552696,553206
[Recv] <<< 23:c9:cc:4b:a0:3a,42559,-38,7202,76.76,35.66,104,552800,553310
[Recv] <<< 23:c9:cc:4b:a0:3a,42560,-38,7203,76.75,35.66,36,552836,553346
[Recv] <<< 23:c9:cc:4b:a0:3a,42561,-37,7204,76.74,35.66,30,552866,553376
[Recv] <<< 23:c9:cc:4b:a0:3a,42562,-37,7205,76.74,35.66,31,552897,553407
[Recv] <<< 23:c9:cc:4b:a0:3a,42564,-31,7206,76.74,35.66,63,552960,553470
[Recv] <<< 23:c9:cc:4b:a0:3a,42565,-37,7207,76.73,35.66,36,552996,553506
[Recv] <<< 23:c9:cc:4b:a0:3a,42568,-30,7208,76.73,35.66,103,553099,553609
[Recv] <<< 23:c9:cc:4b:a0:3a,42569,-31,7209,76.73,35.66,27,553126,553636
[Recv] <<< 23:c9:cc:4b:a0:3a,42570,-30,7210,76.72,35.66,39,553165,553675
[Recv] <<< 23:c9:cc:4b:a0:3a,42571,-30,7211,76.72,35.66,32,553197,553707
[Recv] <<< 23:c9:cc:4b:a0:3a,42572,-30,7212,76.71,35.66,39,553236,553746
[Recv] <<< 23:c9:cc:4b:a0:3a,42573,-30,7213,76.70,35.66,30,553266,553776
[Recv] <<< 23:c9:cc:4b:a0:3a,42576,-37,7214,76.71,35.66,109,553375,553885
[Recv] <<< 23:c9:cc:4b:a0:3a,42577,-37,7215,76.70,35.66,36,553411,553921
[Recv] <<< 23:c9:cc:4b:a0:3a,42581,-38,7216,76.71,35.66,138,553549,554059
[Recv] <<< 23:c9:cc:4b:a0:3a,42582,-37,7217,76.71,35.66,34,553583,554093
[Recv] <<< 23:c9:cc:4b:a0:3a,42584,-37,7218,76.70,35.66,73,553656,554166
[Recv] <<< 23:c9:cc:4b:a0:3a,42586,-40,7219,76.70,35.65,63,553719,554229
[Recv] <<< 23:c9:cc:4b:a0:3a,42588,-31,7220,76.70,35.65,68,553787,554297
[Recv] <<< 23:c9:cc:4b:a0:3a,42589,-31,7221,76.69,35.65,27,553814,554324
[Recv] <<< 23:c9:cc:4b:a0:3a,42590,-31,7222,76.69,35.65,34,553848,554358
[Recv] <<< 23:c9:cc:4b:a0:3a,42591,-31,7223,76.68,35.65,33,553881,554391
[Recv] <<< 23:c9:cc:4b:a0:3a,42592,-31,7224,76.68,35.65,32,553913,554423
[Recv] <<< 23:c9:cc:4b:a0:3a,42593,-30,7225,76.67,35.65,32,553945,554455
[Recv] <<< 23:c9:cc:4b:a0:3a,42604,-38,7226,76.71,35.65,370,554315,554825
[Recv] <<< 23:c9:cc:4b:a0:3a,42605,-28,7227,76.71,35.65,41,554356,554866
[Recv] <<< 23:c9:cc:4b:a0:3a,42606,-28,7228,76.70,35.65,34,554390,554900
[Recv] <<< 23:c9:cc:4b:a0:3a,42607,-27,7229,76.69,35.65,36,554426,554936
[Recv] <<< 23:c9:cc:4b:a0:3a,42608,-28,7230,76.69,35.65,35,554461,554971
[Recv] <<< 23:c9:cc:4b:a0:3a,42609,-28,7231,76.68,35.65,39,554500,555010
[Recv] <<< 23:c9:cc:4b:a0:3a,42610,-30,7232,76.68,35.65,38,554538,555048
[Recv] <<< 23:c9:cc:4b:a0:3a,42612,-28,7233,76.68,35.65,71,554609,555119
[Recv] <<< 23:c9:cc:4b:a0:3a,42613,-27,7234,76.67,35.65,27,554636,555146
[Recv] <<< 23:c9:cc:4b:a0:3a,42614,-37,7235,76.66,35.65,27,554663,555173
[Recv] <<< 23:c9:cc:4b:a0:3a,42622,-28,7236,76.69,35.65,279,554942,555452
[Recv] <<< 23:c9:cc:4b:a0:3a,42624,-28,7237,76.69,35.65,65,555007,555517
[Recv] <<< 23:c9:cc:4b:a0:3a,42625,-27,7238,76.68,35.65,34,555041,555551
[Recv] <<< 23:c9:cc:4b:a0:3a,42626,-28,7239,76.68,35.65,33,555074,555584
[Recv] <<< 23:c9:cc:4b:a0:3a,42628,-37,7240,76.68,35.65,70,555144,555654
[Recv] <<< 23:c9:cc:4b:a0:3a,42629,-37,7241,76.67,35.65,34,555178,555688
[Recv] <<< 23:c9:cc:4b:a0:3a,42632,-28,7242,76.68,35.65,109,555287,555797
[Recv] <<< 23:c9:cc:4b:a0:3a,42639,-31,7243,76.70,35.65,229,555516,556026
[Recv] <<< 23:c9:cc:4b:a0:3a,42648,-28,7244,76.73,35.65,306,555822,556332
[Recv] <<< 23:c9:cc:4b:a0:3a,42650,-37,7245,76.73,35.65,66,555888,556398
[Recv] <<< 23:c9:cc:4b:a0:3a,42651,-37,7246,76.72,35.65,33,555921,556431
[Recv] <<< 23:c9:cc:4b:a0:3a,42653,-37,7247,76.72,35.65,77,555998,556508
[Recv] <<< 23:c9:cc:4b:a0:3a,42656,-37,7248,76.72,35.65,97,556095,556605
[Recv] <<< 23:c9:cc:4b:a0:3a,42658,-37,7249,76.72,35.65,75,556170,556680
[Recv] <<< 23:c9:cc:4b:a0:3a,42659,-37,7250,76.72,35.65,29,556199,556709
[Recv] <<< 23:c9:cc:4b:a0:3a,42661,-37,7251,76.72,35.65,70,556269,556779
[Recv] <<< 23:c9:cc:4b:a0:3a,42662,-27,7252,76.71,35.65,36,556305,556815
[Recv] <<< 23:c9:cc:4b:a0:3a,42664,-37,7253,76.71,35.65,62,556367,556877
[Recv] <<< 23:c9:cc:4b:a0:3a,42665,-37,7254,76.70,35.65,36,556403,556913
[Recv] <<< 23:c9:cc:4b:a0:3a,42679,-37,7255,76.76,35.64,458,556861,557371
[Recv] <<< 23:c9:cc:4b:a0:3a,42680,-37,7256,76.75,35.64,39,556900,557410
[Recv] <<< 23:c9:cc:4b:a0:3a,42681,-37,7257,76.74,35.64,35,556935,557445
[Recv] <<< 23:c9:cc:4b:a0:3a,42682,-37,7258,76.74,35.64,40,556975,557485
[Recv] <<< 23:c9:cc:4b:a0:3a,42684,-37,7259,76.74,35.64,58,557033,557543
[Recv] <<< 23:c9:cc:4b:a0:3a,42685,-37,7260,76.73,35.64,40,557073,557583
[Recv] <<< 23:c9:cc:4b:a0:3a,42686,-37,7261,76.73,35.64,35,557108,557618
[Recv] <<< 23:c9:cc:4b:a0:3a,42687,-37,7262,76.72,35.64,23,557131,557641
[Recv] <<< 23:c9:cc:4b:a0:3a,42689,-37,7263,76.72,35.64,74,557205,557715
[Recv] <<< 23:c9:cc:4b:a0:3a,42690,-37,7264,76.71,35.64,30,557235,557745
[Recv] <<< 23:c9:cc:4b:a0:3a,42691,-31,7265,76.71,35.64,38,557273,557783
[Recv] <<< 23:c9:cc:4b:a0:3a,42692,-31,7266,76.70,35.64,31,557304,557814
[Recv] <<< 23:c9:cc:4b:a0:3a,42693,-31,7267,76.69,35.64,34,557338,557848
[Recv] <<< 23:c9:cc:4b:a0:3a,42703,-31,7268,76.73,35.64,333,557671,558181
[Recv] <<< 23:c9:cc:4b:a0:3a,42704,-31,7269,76.72,35.64,35,557706,558216
[Recv] <<< 23:c9:cc:4b:a0:3a,42705,-28,7270,76.72,35.64,34,557740,558250
[Recv] <<< 23:c9:cc:4b:a0:3a,42706,-27,7271,76.71,35.64,33,557773,558283
[Recv] <<< 23:c9:cc:4b:a0:3a,42707,-31,7272,76.71,35.64,37,557810,558320
[Recv] <<< 23:c9:cc:4b:a0:3a,42709,-28,7273,76.71,35.64,67,557877,558387
[Recv] <<< 23:c9:cc:4b:a0:3a,42712,-28,7274,76.71,35.64,103,557980,558490
[Recv] <<< 23:c9:cc:4b:a0:3a,42713,-28,7275,76.70,35.64,36,558016,558526
[Recv] <<< 23:c9:cc:4b:a0:3a,42714,-28,7276,76.70,35.64,26,558042,558552
[Recv] <<< 23:c9:cc:4b:a0:3a,42715,-37,7277,76.69,35.64,36,558078,558588
[Recv] <<< 23:c9:cc:4b:a0:3a,42716,-37,7278,76.68,35.64,29,558107,558617
[Recv] <<< 23:c9:cc:4b:a0:3a,42717,-37,7279,76.68,35.64,38,558145,558655
[Recv] <<< 23:c9:cc:4b:a0:3a,42719,-28,7280,76.68,35.64,81,558226,558736
[Recv] <<< 23:c9:cc:4b:a0:3a,42720,-28,7281,76.67,35.64,36,558262,558772
[Recv] <<< 23:c9:cc:4b:a0:3a,42721,-28,7282,76.67,35.64,31,558293,558803
[Recv] <<< 23:c9:cc:4b:a0:3a,42723,-28,7283,76.67,35.64,65,558358,558868
[Recv] <<< 23:c9:cc:4b:a0:3a,42724,-28,7284,76.66,35.64,35,558393,558903
[Recv] <<< 23:c9:cc:4b:a0:3a,42726,-28,7285,76.66,35.64,71,558464,558974
[Recv] <<< 23:c9:cc:4b:a0:3a,42728,-31,7286,76.66,35.64,68,558532,559042
[Recv] <<< 23:c9:cc:4b:a0:3a,42729,-28,7287,76.65,35.64,37,558569,559079
[Recv] <<< 23:c9:cc:4b:a0:3a,42730,-28,7288,76.65,35.64,34,558603,559113
[Recv] <<< 23:c9:cc:4b:a0:3a,42732,-28,7289,76.65,35.64,68,558671,559181
[Recv] <<< 23:c9:cc:4b:a0:3a,42740,-28,7290,76.67,35.64,271,558942,559452
[Recv] <<< 23:c9:cc:4b:a0:3a,42741,-28,7291,76.67,35.64,32,558974,559484
[Recv] <<< 23:c9:cc:4b:a0:3a,42742,-28,7292,76.66,35.64,31,559005,559515
[Recv] <<< 23:c9:cc:4b:a0:3a,42743,-37,7293,76.65,35.64,33,559038,559548
[Recv] <<< 23:c9:cc:4b:a0:3a,42746,-28,7294,76.66,35.64,106,559144,559654
[Recv] <<< 23:c9:cc:4b:a0:3a,42747,-28,7295,76.65,35.64,36,559180,559690
[Recv] <<< 23:c9:cc:4b:a0:3a,42748,-28,7296,76.65,35.64,35,559215,559725
[Recv] <<< 23:c9:cc:4b:a0:3a,42749,-37,7297,76.64,35.64,30,559245,559755
[Recv] <<< 23:c9:cc:4b:a0:3a,42750,-37,7298,76.63,35.64,35,559280,559790
[Recv] <<< 23:c9:cc:4b:a0:3a,42751,-37,7299,76.63,35.64,33,559313,559823
[Recv] <<< 23:c9:cc:4b:a0:3a,42752,-37,7300,76.62,35.64,35,559348,559858
[Recv] <<< 23:c9:cc:4b:a0:3a,42753,-37,7301,76.62,35.64,34,559382,559892
[Recv] <<< 23:c9:cc:4b:a0:3a,42755,-37,7302,76.62,35.64,73,559455,559965
[Recv] <<< 23:c9:cc:4b:a0:3a,42756,-37,7303,76.61,35.64,36,559491,560001
[Recv] <<< 23:c9:cc:4b:a0:3a,42758,-31,7304,76.61,35.64,62,559553,560063
[Recv] <<< 23:c9:cc:4b:a0:3a,42759,-31,7305,76.60,35.64,30,559583,560093
[Recv] <<< 23:c9:cc:4b:a0:3a,42761,-30,7306,76.60,35.64,68,559651,560161
[Recv] <<< 23:c9:cc:4b:a0:3a,42762,-31,7307,76.60,35.63,32,559683,560193
[Recv] <<< 23:c9:cc:4b:a0:3a,42763,-31,7308,76.59,35.64,42,559725,560235
[Recv] <<< 23:c9:cc:4b:a0:3a,42764,-31,7309,76.58,35.64,33,559758,560268
[Recv] <<< 23:c9:cc:4b:a0:3a,42766,-37,7310,76.58,35.64,74,559832,560342
[Recv] <<< 23:c9:cc:4b:a0:3a,42768,-37,7311,76.58,35.64,74,559906,560416
[Recv] <<< 23:c9:cc:4b:a0:3a,42778,-37,7312,76.62,35.63,342,560248,560758
[Recv] <<< 23:c9:cc:4b:a0:3a,42779,-37,7313,76.61,35.63,30,560278,560788
[Recv] <<< 23:c9:cc:4b:a0:3a,42780,-37,7314,76.61,35.63,36,560314,560824
[Recv] <<< 23:c9:cc:4b:a0:3a,42781,-37,7315,76.60,35.63,29,560343,560853
[Recv] <<< 23:c9:cc:4b:a0:3a,42782,-31,7316,76.60,35.63,34,560377,560887
[Recv] <<< 23:c9:cc:4b:a0:3a,42784,-31,7317,76.60,35.63,70,560447,560957
[Recv] <<< 23:c9:cc:4b:a0:3a,42785,-37,7318,76.59,35.63,40,560487,560997
[Recv] <<< 23:c9:cc:4b:a0:3a,42786,-37,7319,76.59,35.63,43,560530,561040
[Recv] <<< 23:c9:cc:4b:a0:3a,42787,-37,7320,76.58,35.63,26,560556,561066
[Recv] <<< 23:c9:cc:4b:a0:3a,42788,-37,7321,76.57,35.63,37,560593,561103
[Recv] <<< 23:c9:cc:4b:a0:3a,42791,-31,7322,76.58,35.63,99,560692,561202
[Recv] <<< 23:c9:cc:4b:a0:3a,42792,-31,7323,76.57,35.63,30,560722,561232
[Recv] <<< 23:c9:cc:4b:a0:3a,42802,-28,7324,76.61,35.63,352,561074,561584
[Recv] <<< 23:c9:cc:4b:a0:3a,42804,-31,7325,76.61,35.63,73,561147,561657
[Recv] <<< 23:c9:cc:4b:a0:3a,42806,-28,7326,76.60,35.63,58,561205,561715
[Recv] <<< 23:c9:cc:4b:a0:3a,42807,-31,7327,76.60,35.63,39,561244,561754
[Recv] <<< 23:c9:cc:4b:a0:3a,42809,-28,7328,76.60,35.63,67,561311,561821
[Recv] <<< 23:c9:cc:4b:a0:3a,42810,-28,7329,76.59,35.63,33,561344,561854
[Recv] <<< 23:c9:cc:4b:a0:3a,42811,-37,7330,76.59,35.63,31,561375,561885
[Recv] <<< 23:c9:cc:4b:a0:3a,42812,-28,7331,76.58,35.63,43,561418,561928
[Recv] <<< 23:c9:cc:4b:a0:3a,42813,-27,7332,76.58,35.63,40,561458,561968
[Recv] <<< 23:c9:cc:4b:a0:3a,42815,-38,7333,76.57,35.63,54,561512,562022
[Recv] <<< 23:c9:cc:4b:a0:3a,42817,-37,7334,76.57,35.63,73,561585,562095
[Recv] <<< 23:c9:cc:4b:a0:3a,42821,-31,7335,76.58,35.63,128,561713,562223
[Recv] <<< 23:c9:cc:4b:a0:3a,42822,-31,7336,76.57,35.63,31,561744,562254
[Recv] <<< 23:c9:cc:4b:a0:3a,42824,-31,7337,76.57,35.63,72,561816,562326
[Recv] <<< 23:c9:cc:4b:a0:3a,42825,-31,7338,76.57,35.63,41,561857,562367
[Recv] <<< 23:c9:cc:4b:a0:3a,42836,-37,7339,76.61,35.63,382,562239,562749
[Recv] <<< 23:c9:cc:4b:a0:3a,42840,-28,7340,76.62,35.63,127,562366,562876
[Recv] <<< 23:c9:cc:4b:a0:3a,42841,-28,7341,76.61,35.63,32,562398,562908
[Recv] <<< 23:c9:cc:4b:a0:3a,42844,-38,7342,76.61,35.63,97,562495,563005
[Recv] <<< 23:c9:cc:4b:a0:3a,42845,-31,7343,76.61,35.63,29,562524,563034
[Recv] <<< 23:c9:cc:4b:a0:3a,42847,-31,7344,76.61,35.63,73,562597,563107
[Recv] <<< 23:c9:cc:4b:a0:3a,42848,-31,7345,76.60,35.63,31,562628,563138
[Recv] <<< 23:c9:cc:4b:a0:3a,42849,-28,7346,76.59,35.63,30,562658,563168
[Recv] <<< 23:c9:cc:4b:a0:3a,42850,-28,7347,76.59,35.63,33,562691,563201
[Recv] <<< 23:c9:cc:4b:a0:3a,42851,-28,7348,76.58,35.63,37,562728,563238
[Recv] <<< 23:c9:cc:4b:a0:3a,42852,-28,7349,76.58,35.63,26,562754,563264
[Recv] <<< 23:c9:cc:4b:a0:3a,42854,-38,7350,76.57,35.63,68,562822,563332
[Recv] <<< 23:c9:cc:4b:a0:3a,42855,-37,7351,76.57,35.63,27,562849,563359
[Recv] <<< 23:c9:cc:4b:a0:3a,42857,-37,7352,76.57,35.63,73,562922,563432
[Recv] <<< 23:c9:cc:4b:a0:3a,42860,-31,7353,76.57,35.63,97,563019,563529
[Recv] <<< 23:c9:cc:4b:a0:3a,42862,-31,7354,76.57,35.63,71,563090,563600
[Recv] <<< 23:c9:cc:4b:a0:3a,42863,-31,7355,76.56,35.62,28,563118,563628
[Recv] <<< 23:c9:cc:4b:a0:3a,42864,-31,7356,76.56,35.62,34,563152,563662
[Recv] <<< 23:c9:cc:4b:a0:3a,42867,-28,7357,76.56,35.62,96,563248,563758
[Recv] <<< 23:c9:cc:4b:a0:3a,42868,-28,7358,76.55,35.62,37,563285,563795
[Recv] <<< 23:c9:cc:4b:a0:3a,42871,-28,7359,76.56,35.62,109,563394,563904
[Recv] <<< 23:c9:cc:4b:a0:3a,42872,-28,7360,76.55,35.62,29,563423,563933
[Recv] <<< 23:c9:cc:4b:a0:3a,42873,-28,7361,76.55,35.62,37,563460,563970
[Recv] <<< 23:c9:cc:4b:a0:3a,42874,-38,7362,76.54,35.62,23,563483,563993
[Recv] <<< 23:c9:cc:4b:a0:3a,42875,-40,7363,76.53,35.62,33,563516,564026
[Recv] <<< 23:c9:cc:4b:a0:3a,42877,-37,7364,76.53,35.62,67,563583,564093
[Recv] <<< 23:c9:cc:4b:a0:3a,42878,-28,7365,76.53,35.62,42,563625,564135
[Recv] <<< 23:c9:cc:4b:a0:3a,42879,-38,7366,76.52,35.62,28,563653,564163
[Recv] <<< 23:c9:cc:4b:a0:3a,42883,-38,7367,76.53,35.62,145,563798,564308
[Recv] <<< 23:c9:cc:4b:a0:3a,42884,-37,7368,76.52,35.62,36,563834,564344
[Recv] <<< 23:c9:cc:4b:a0:3a,42886,-37,7369,76.52,35.62,65,563899,564409
[Recv] <<< 23:c9:cc:4b:a0:3a,42888,-37,7370,76.52,35.62,67,563966,564476
[Recv] <<< 23:c9:cc:4b:a0:3a,42889,-37,7371,76.52,35.62,33,563999,564509
[Recv] <<< 23:c9:cc:4b:a0:3a,42890,-37,7372,76.51,35.62,37,564036,564546
[Recv] <<< 23:c9:cc:4b:a0:3a,42892,-38,7373,76.51,35.62,65,564101,564611
[Recv] <<< 23:c9:cc:4b:a0:3a,42894,-37,7374,76.51,35.62,75,564176,564686
[Recv] <<< 23:c9:cc:4b:a0:3a,42895,-28,7375,76.50,35.62,34,564210,564720
[Recv] <<< 23:c9:cc:4b:a0:3a,42896,-37,7376,76.50,35.62,33,564243,564753
[Recv] <<< 23:c9:cc:4b:a0:3a,42899,-37,7377,76.50,35.62,99,564342,564852
[Recv] <<< 23:c9:cc:4b:a0:3a,42900,-38,7378,76.49,35.62,35,564377,564887
[Recv] <<< 23:c9:cc:4b:a0:3a,42901,-37,7379,76.49,35.62,31,564408,564918
[Recv] <<< 23:c9:cc:4b:a0:3a,42902,-28,7380,76.48,35.62,48,564456,564966
[Recv] <<< 23:c9:cc:4b:a0:3a,42906,-28,7381,76.49,35.62,143,564599,565109
[Recv] <<< 23:c9:cc:4b:a0:3a,42907,-28,7382,76.49,35.62,28,564627,565137
[Recv] <<< 23:c9:cc:4b:a0:3a,42908,-38,7383,76.48,35.62,33,564660,565170
[Recv] <<< 23:c9:cc:4b:a0:3a,42909,-37,7384,76.47,35.62,30,564690,565200
[Recv] <<< 23:c9:cc:4b:a0:3a,42910,-37,7385,76.47,35.62,33,564723,565233
[Recv] <<< 23:c9:cc:4b:a0:3a,42925,-31,7386,76.53,35.62,534,565257,565767
[Recv] <<< 23:c9:cc:4b:a0:3a,42926,-31,7387,76.53,35.62,40,565297,565807
[Recv] <<< 23:c9:cc:4b:a0:3a,42927,-28,7388,76.52,35.62,26,565323,565833
[Recv] <<< 23:c9:cc:4b:a0:3a,42928,-28,7389,76.51,35.62,34,565357,565867
[Recv] <<< 23:c9:cc:4b:a0:3a,42929,-28,7390,76.51,35.62,36,565393,565903
[Recv] <<< 23:c9:cc:4b:a0:3a,42930,-28,7391,76.50,35.62,30,565423,565933
[Recv] <<< 23:c9:cc:4b:a0:3a,42931,-28,7392,76.50,35.62,35,565458,565968
[Recv] <<< 23:c9:cc:4b:a0:3a,42933,-28,7393,76.49,35.62,66,565524,566034
[Recv] <<< 23:c9:cc:4b:a0:3a,42934,-28,7394,76.49,35.62,38,565562,566072
[Recv] <<< 23:c9:cc:4b:a0:3a,42936,-37,7395,76.49,35.62,58,565620,566130
[Recv] <<< 23:c9:cc:4b:a0:3a,42937,-38,7396,76.48,35.62,36,565656,566166
[Recv] <<< 23:c9:cc:4b:a0:3a,42938,-38,7397,76.48,35.62,39,565695,566205
[Recv] <<< 23:c9:cc:4b:a0:3a,42948,-37,7398,76.51,35.62,316,566011,566521
[Recv] <<< 23:c9:cc:4b:a0:3a,42950,-28,7399,76.51,35.62,88,566099,566609
[Recv] <<< 23:c9:cc:4b:a0:3a,42952,-28,7400,76.51,35.62,64,566163,566673
[Recv] <<< 23:c9:cc:4b:a0:3a,42953,-28,7401,76.50,35.62,34,566197,566707
[Recv] <<< 23:c9:cc:4b:a0:3a,42954,-28,7402,76.50,35.62,27,566224,566734
[Recv] <<< 23:c9:cc:4b:a0:3a,42956,-37,7403,76.50,35.62,74,566298,566808
[Recv] <<< 23:c9:cc:4b:a0:3a,42957,-38,7404,76.49,35.62,35,566333,566843
[Recv] <<< 23:c9:cc:4b:a0:3a,42959,-37,7405,76.49,35.62,70,566403,566913
[Recv] <<< 23:c9:cc:4b:a0:3a,42962,-38,7406,76.49,35.62,102,566505,567015
[Recv] <<< 23:c9:cc:4b:a0:3a,42964,-38,7407,76.49,35.62,64,566569,567079
[Recv] <<< 23:c9:cc:4b:a0:3a,42965,-38,7408,76.49,35.62,38,566607,567117
[Recv] <<< 23:c9:cc:4b:a0:3a,42966,-37,7409,76.48,35.62,34,566641,567151
[Recv] <<< 23:c9:cc:4b:a0:3a,42977,-31,7410,76.52,35.62,387,567028,567538
[Recv] <<< 23:c9:cc:4b:a0:3a,42987,-31,7411,76.56,35.61,343,567371,567881
[Recv] <<< 23:c9:cc:4b:a0:3a,42997,-40,7412,76.59,35.61,344,567715,568225
[Recv] <<< 23:c9:cc:4b:a0:3a,42998,-37,7413,76.59,35.61,35,567750,568260
[Recv] <<< 23:c9:cc:4b:a0:3a,42999,-37,7414,76.58,35.61,30,567780,568290
[Recv] <<< 23:c9:cc:4b:a0:3a,43000,-38,7415,76.58,35.61,37,567817,568327
[Recv] <<< 23:c9:cc:4b:a0:3a,43001,-38,7416,76.57,35.61,33,567850,568360
[Recv] <<< 23:c9:cc:4b:a0:3a,43005,-28,7417,76.58,35.61,129,567979,568489
[Recv] <<< 23:c9:cc:4b:a0:3a,43006,-37,7418,76.57,35.61,36,568015,568525
[Recv] <<< 23:c9:cc:4b:a0:3a,43053,-31,7419,76.78,35.61,1613,569628,570138
[Recv] <<< 23:c9:cc:4b:a0:3a,43055,-31,7420,76.78,35.61,66,569694,570204
[Recv] <<< 23:c9:cc:4b:a0:3a,43056,-31,7421,76.77,35.61,32,569726,570236
[Recv] <<< 23:c9:cc:4b:a0:3a,43072,-31,7422,76.84,35.61,549,570275,570785
[Recv] <<< 23:c9:cc:4b:a0:3a,43073,-31,7423,76.83,35.61,33,570308,570818
[Recv] <<< 23:c9:cc:4b:a0:3a,43076,-28,7424,76.83,35.61,100,570408,570918
[Recv] <<< 23:c9:cc:4b:a0:3a,43077,-28,7425,76.83,35.61,28,570436,570946
[Recv] <<< 23:c9:cc:4b:a0:3a,43078,-28,7426,76.82,35.61,36,570472,570982
[Recv] <<< 23:c9:cc:4b:a0:3a,43079,-31,7427,76.82,35.61,46,570518,571028
[Recv] <<< 23:c9:cc:4b:a0:3a,43080,-28,7428,76.81,35.61,29,570547,571057
[Recv] <<< 23:c9:cc:4b:a0:3a,43082,-28,7429,76.81,35.61,68,570615,571125
[Recv] <<< 23:c9:cc:4b:a0:3a,43083,-28,7430,76.80,35.60,24,570639,571149
[Recv] <<< 23:c9:cc:4b:a0:3a,43091,-37,7431,76.83,35.60,270,570909,571419
[Recv] <<< 23:c9:cc:4b:a0:3a,43092,-37,7432,76.82,35.60,34,570943,571453
[Recv] <<< 23:c9:cc:4b:a0:3a,43093,-37,7433,76.82,35.60,28,570971,571481
[Recv] <<< 23:c9:cc:4b:a0:3a,43094,-38,7434,76.81,35.60,40,571011,571521
[Recv] <<< 23:c9:cc:4b:a0:3a,43096,-28,7435,76.81,35.60,82,571093,571603
[Recv] <<< 23:c9:cc:4b:a0:3a,43098,-28,7436,76.81,35.60,71,571164,571674
[Recv] <<< 23:c9:cc:4b:a0:3a,43099,-28,7437,76.80,35.60,26,571190,571700
[Recv] <<< 23:c9:cc:4b:a0:3a,43100,-28,7438,76.80,35.60,31,571221,571731
[Recv] <<< 23:c9:cc:4b:a0:3a,43103,-38,7439,76.80,35.60,99,571320,571830
[Recv] <<< 23:c9:cc:4b:a0:3a,43104,-37,7440,76.80,35.60,39,571359,571869
[Recv] <<< 23:c9:cc:4b:a0:3a,43105,-28,7441,76.79,35.60,35,571394,571904
[Recv] <<< 23:c9:cc:4b:a0:3a,43106,-28,7442,76.79,35.60,42,571436,571946
[Recv] <<< 23:c9:cc:4b:a0:3a,43107,-28,7443,76.78,35.60,26,571462,571972
[Recv] <<< 23:c9:cc:4b:a0:3a,43108,-28,7444,76.77,35.60,33,571495,572005
[Recv] <<< 23:c9:cc:4b:a0:3a,43109,-28,7445,76.77,35.60,34,571529,572039
[Recv] <<< 23:c9:cc:4b:a0:3a,43110,-37,7446,76.76,35.60,29,571558,572068
[Recv] <<< 23:c9:cc:4b:a0:3a,43111,-28,7447,76.75,35.60,32,571590,572100
[Recv] <<< 23:c9:cc:4b:a0:3a,43112,-28,7448,76.75,35.60,41,571631,572141
[Recv] <<< 23:c9:cc:4b:a0:3a,43113,-28,7449,76.74,35.60,39,571670,572180
[Recv] <<< 23:c9:cc:4b:a0:3a,43114,-28,7450,76.74,35.60,30,571700,572210
[Recv] <<< 23:c9:cc:4b:a0:3a,43119,-37,7451,76.75,35.60,161,571861,572371
[Recv] <<< 23:c9:cc:4b:a0:3a,43121,-38,7452,76.75,35.60,71,571932,572442
[Recv] <<< 23:c9:cc:4b:a0:3a,43122,-38,7453,76.74,35.60,25,571957,572467
[Recv] <<< 23:c9:cc:4b:a0:3a,43123,-28,7454,76.74,35.60,45,572002,572512
[Recv] <<< 23:c9:cc:4b:a0:3a,43124,-28,7455,76.73,35.60,33,572035,572545
[Recv] <<< 23:c9:cc:4b:a0:3a,43125,-28,7456,76.73,35.60,34,572069,572579
[Recv] <<< 23:c9:cc:4b:a0:3a,43126,-28,7457,76.72,35.60,40,572109,572619
[Recv] <<< 23:c9:cc:4b:a0:3a,43127,-28,7458,76.72,35.60,34,572143,572653
[Recv] <<< 23:c9:cc:4b:a0:3a,43128,-28,7459,76.71,35.60,35,572178,572688
[Recv] <<< 23:c9:cc:4b:a0:3a,43130,-37,7460,76.71,35.60,64,572242,572752
[Recv] <<< 23:c9:cc:4b:a0:3a,43131,-28,7461,76.70,35.60,34,572276,572786
[Recv] <<< 23:c9:cc:4b:a0:3a,43132,-28,7462,76.70,35.60,41,572317,572827
[Recv] <<< 23:c9:cc:4b:a0:3a,43133,-28,7463,76.69,35.60,24,572341,572851
[Recv] <<< 23:c9:cc:4b:a0:3a,43134,-28,7464,76.69,35.60,40,572381,572891
[Recv] <<< 23:c9:cc:4b:a0:3a,43135,-28,7465,76.68,35.60,30,572411,572921
[Recv] <<< 23:c9:cc:4b:a0:3a,43136,-28,7466,76.67,35.60,32,572443,572953
[Recv] <<< 23:c9:cc:4b:a0:3a,43138,-28,7467,76.67,35.60,71,572514,573024
[Recv] <<< 23:c9:cc:4b:a0:3a,43139,-37,7468,76.67,35.60,32,572546,573056
[Recv] <<< 23:c9:cc:4b:a0:3a,43140,-38,7469,76.66,35.60,27,572573,573083
[Recv] <<< 23:c9:cc:4b:a0:3a,43156,-37,7470,76.72,35.60,553,573126,573636
[Recv] <<< 23:c9:cc:4b:a0:3a,43157,-37,7471,76.72,35.60,24,573150,573660
[Recv] <<< 23:c9:cc:4b:a0:3a,43158,-28,7472,76.71,35.60,45,573195,573705
[Recv] <<< 23:c9:cc:4b:a0:3a,43160,-31,7473,76.71,35.60,74,573269,573779
[Recv] <<< 23:c9:cc:4b:a0:3a,43161,-31,7474,76.71,35.60,36,573305,573815
[Recv] <<< 23:c9:cc:4b:a0:3a,43165,-28,7475,76.71,35.60,132,573437,573947
[Recv] <<< 23:c9:cc:4b:a0:3a,43167,-28,7476,76.71,35.60,68,573505,574015
[Recv] <<< 23:c9:cc:4b:a0:3a,43168,-28,7477,76.71,35.60,24,573529,574039
[Recv] <<< 23:c9:cc:4b:a0:3a,43170,-31,7478,76.71,35.60,87,573616,574126
[Recv] <<< 23:c9:cc:4b:a0:3a,43171,-31,7479,76.70,35.60,31,573647,574157
[Recv] <<< 23:c9:cc:4b:a0:3a,43177,-31,7480,76.72,35.60,204,573851,574361
[Recv] <<< 23:c9:cc:4b:a0:3a,43178,-31,7481,76.71,35.60,34,573885,574395
[Recv] <<< 23:c9:cc:4b:a0:3a,43179,-31,7482,76.71,35.60,38,573923,574433
[Recv] <<< 23:c9:cc:4b:a0:3a,43180,-31,7483,76.70,35.60,29,573952,574462
[Recv] <<< 23:c9:cc:4b:a0:3a,43181,-31,7484,76.69,35.60,33,573985,574495
[Recv] <<< 23:c9:cc:4b:a0:3a,43182,-31,7485,76.69,35.60,37,574022,574532
[Recv] <<< 23:c9:cc:4b:a0:3a,43183,-31,7486,76.68,35.60,35,574057,574567
[Recv] <<< 23:c9:cc:4b:a0:3a,43185,-31,7487,76.68,35.60,68,574125,574635
[Recv] <<< 23:c9:cc:4b:a0:3a,43186,-31,7488,76.68,35.60,41,574166,574676
[Recv] <<< 23:c9:cc:4b:a0:3a,43187,-31,7489,76.67,35.60,30,574196,574706
[Recv] <<< 23:c9:cc:4b:a0:3a,43188,-28,7490,76.67,35.60,29,574225,574735
[Recv] <<< 23:c9:cc:4b:a0:3a,43189,-28,7491,76.66,35.60,30,574255,574765
[Recv] <<< 23:c9:cc:4b:a0:3a,43192,-28,7492,76.66,35.59,101,574356,574866
[Recv] <<< 23:c9:cc:4b:a0:3a,43203,-28,7493,76.70,35.59,354,574710,575220
[Recv] <<< 23:c9:cc:4b:a0:3a,43204,-31,7494,76.70,35.59,46,574756,575266
[Recv] <<< 23:c9:cc:4b:a0:3a,43205,-37,7495,76.69,35.59,45,574801,575311
[Recv] <<< 23:c9:cc:4b:a0:3a,43208,-38,7496,76.69,35.59,102,574903,575413
[Recv] <<< 23:c9:cc:4b:a0:3a,43209,-37,7497,76.69,35.59,38,574941,575451
[Recv] <<< 23:c9:cc:4b:a0:3a,43210,-37,7498,76.68,35.59,34,574975,575485
[Recv] <<< 23:c9:cc:4b:a0:3a,43211,-37,7499,76.68,35.59,40,575015,575525
[Recv] <<< 23:c9:cc:4b:a0:3a,43212,-37,7500,76.67,35.59,36,575051,575561
[Recv] <<< 23:c9:cc:4b:a0:3a,43213,-37,7501,76.67,35.59,29,575080,575590
[Recv] <<< 23:c9:cc:4b:a0:3a,43214,-37,7502,76.66,35.59,36,575116,575626
[Recv] <<< 23:c9:cc:4b:a0:3a,43215,-38,7503,76.66,35.59,36,575152,575662
[Recv] <<< 23:c9:cc:4b:a0:3a,43217,-31,7504,76.66,35.59,68,575220,575730
[Recv] <<< 23:c9:cc:4b:a0:3a,43218,-31,7505,76.65,35.59,28,575248,575758
[Recv] <<< 23:c9:cc:4b:a0:3a,43219,-31,7506,76.64,35.59,40,575288,575798
[Recv] <<< 23:c9:cc:4b:a0:3a,43220,-37,7507,76.64,35.59,37,575325,575835
[Recv] <<< 23:c9:cc:4b:a0:3a,43221,-38,7508,76.63,35.59,33,575358,575868
[Recv] <<< 23:c9:cc:4b:a0:3a,43231,-37,7509,76.67,35.59,340,575698,576208
[Recv] <<< 23:c9:cc:4b:a0:3a,43232,-37,7510,76.66,35.59,37,575735,576245
[Recv] <<< 23:c9:cc:4b:a0:3a,43233,-37,7511,76.66,35.59,36,575771,576281
[Recv] <<< 23:c9:cc:4b:a0:3a,43248,-28,7512,76.72,35.59,536,576307,576817
[Recv] <<< 23:c9:cc:4b:a0:3a,43249,-28,7513,76.71,35.59,30,576337,576847
[Recv] <<< 23:c9:cc:4b:a0:3a,43250,-28,7514,76.71,35.59,39,576376,576886
[Recv] <<< 23:c9:cc:4b:a0:3a,43251,-37,7515,76.70,35.59,26,576402,576912
[Recv] <<< 23:c9:cc:4b:a0:3a,43257,-31,7516,76.72,35.59,227,576629,577139
[Recv] <<< 23:c9:cc:4b:a0:3a,43258,-31,7517,76.71,35.59,31,576660,577170
[Recv] <<< 23:c9:cc:4b:a0:3a,43261,-31,7518,76.72,35.59,107,576767,577277
[Recv] <<< 23:c9:cc:4b:a0:3a,43262,-31,7519,76.71,35.59,31,576798,577308
[Recv] <<< 23:c9:cc:4b:a0:3a,43263,-31,7520,76.71,35.59,35,576833,577343
[Recv] <<< 23:c9:cc:4b:a0:3a,43282,-28,7521,76.78,35.59,650,577483,577993
[Recv] <<< 23:c9:cc:4b:a0:3a,43283,-28,7522,76.78,35.59,41,577524,578034
[Recv] <<< 23:c9:cc:4b:a0:3a,43285,-28,7523,76.78,35.59,72,577596,578106
[Recv] <<< 23:c9:cc:4b:a0:3a,43288,-37,7524,76.78,35.59,97,577693,578203
[Recv] <<< 23:c9:cc:4b:a0:3a,43289,-38,7525,76.77,35.59,36,577729,578239
[Recv] <<< 23:c9:cc:4b:a0:3a,43291,-37,7526,76.77,35.59,66,577795,578305
[Recv] <<< 23:c9:cc:4b:a0:3a,43292,-37,7527,76.77,35.59,36,577831,578341
[Recv] <<< 23:c9:cc:4b:a0:3a,43293,-37,7528,76.76,35.59,31,577862,578372
[Recv] <<< 23:c9:cc:4b:a0:3a,43294,-31,7529,76.76,35.59,34,577896,578406
[Recv] <<< 23:c9:cc:4b:a0:3a,43295,-31,7530,76.75,35.59,27,577923,578433
[Recv] <<< 23:c9:cc:4b:a0:3a,43296,-31,7531,76.74,35.59,31,577954,578464
[Recv] <<< 23:c9:cc:4b:a0:3a,43297,-31,7532,76.74,35.59,37,577991,578501
[Recv] <<< 23:c9:cc:4b:a0:3a,43298,-31,7533,76.73,35.59,35,578026,578536
[Recv] <<< 23:c9:cc:4b:a0:3a,43299,-31,7534,76.73,35.59,29,578055,578565
[Recv] <<< 23:c9:cc:4b:a0:3a,43300,-31,7535,76.72,35.59,37,578092,578602
[Recv] <<< 23:c9:cc:4b:a0:3a,43301,-31,7536,76.72,35.59,34,578126,578636
[Recv] <<< 23:c9:cc:4b:a0:3a,43305,-31,7537,76.72,35.59,126,578252,578762
[Recv] <<< 23:c9:cc:4b:a0:3a,43307,-28,7538,76.72,35.59,63,578315,578825
[Recv] <<< 23:c9:cc:4b:a0:3a,43308,-28,7539,76.71,35.59,37,578352,578862
[Recv] <<< 23:c9:cc:4b:a0:3a,43310,-31,7540,76.71,35.59,71,578423,578933
[Recv] <<< 23:c9:cc:4b:a0:3a,43311,-31,7541,76.71,35.59,40,578463,578973
[Recv] <<< 23:c9:cc:4b:a0:3a,43312,-31,7542,76.70,35.59,32,578495,579005
[Recv] <<< 23:c9:cc:4b:a0:3a,43313,-31,7543,76.70,35.59,41,578536,579046
[Recv] <<< 23:c9:cc:4b:a0:3a,43315,-31,7544,76.70,35.59,65,578601,579111
[Recv] <<< 23:c9:cc:4b:a0:3a,43316,-31,7545,76.69,35.59,31,578632,579142
[Recv] <<< 23:c9:cc:4b:a0:3a,43317,-31,7546,76.69,35.59,36,578668,579178
[Recv] <<< 23:c9:cc:4b:a0:3a,43321,-31,7547,76.69,35.59,131,578799,579309
[Recv] <<< 23:c9:cc:4b:a0:3a,43322,-31,7548,76.69,35.59,40,578839,579349
[Recv] <<< 23:c9:cc:4b:a0:3a,43323,-31,7549,76.68,35.59,27,578866,579376
[Recv] <<< 23:c9:cc:4b:a0:3a,43324,-31,7550,76.68,35.59,37,578903,579413
[Recv] <<< 23:c9:cc:4b:a0:3a,43326,-37,7551,76.68,35.59,75,578978,579488
[Recv] <<< 23:c9:cc:4b:a0:3a,43327,-37,7552,76.67,35.59,32,579010,579520
[Recv] <<< 23:c9:cc:4b:a0:3a,43328,-37,7553,76.67,35.59,41,579051,579561
[Recv] <<< 23:c9:cc:4b:a0:3a,43329,-37,7554,76.66,35.59,29,579080,579590
[Recv] <<< 23:c9:cc:4b:a0:3a,43331,-37,7555,76.66,35.59,68,579148,579658
[Recv] <<< 23:c9:cc:4b:a0:3a,43332,-37,7556,76.65,35.58,32,579180,579690
[Recv] <<< 23:c9:cc:4b:a0:3a,43341,-28,7557,76.68,35.58,321,579501,580011
[Recv] <<< 23:c9:cc:4b:a0:3a,43342,-28,7558,76.68,35.59,39,579540,580050
[Recv] <<< 23:c9:cc:4b:a0:3a,43344,-28,7559,76.68,35.59,75,579615,580125
[Recv] <<< 23:c9:cc:4b:a0:3a,43345,-28,7560,76.67,35.58,24,579639,580149
[Recv] <<< 23:c9:cc:4b:a0:3a,43346,-28,7561,76.67,35.58,31,579670,580180
[Recv] <<< 23:c9:cc:4b:a0:3a,43347,-28,7562,76.66,35.58,39,579709,580219
[Recv] <<< 23:c9:cc:4b:a0:3a,43348,-28,7563,76.66,35.58,36,579745,580255
[Recv] <<< 23:c9:cc:4b:a0:3a,43349,-28,7564,76.65,35.58,27,579772,580282
[Recv] <<< 23:c9:cc:4b:a0:3a,43350,-28,7565,76.64,35.58,33,579805,580315
[Recv] <<< 23:c9:cc:4b:a0:3a,43351,-37,7566,76.64,35.58,37,579842,580352
[Recv] <<< 23:c9:cc:4b:a0:3a,43353,-37,7567,76.64,35.58,61,579903,580413
[Recv] <<< 23:c9:cc:4b:a0:3a,43354,-28,7568,76.63,35.58,41,579944,580454
[Recv] <<< 23:c9:cc:4b:a0:3a,43355,-28,7569,76.63,35.58,41,579985,580495
[Recv] <<< 23:c9:cc:4b:a0:3a,43357,-28,7570,76.62,35.58,66,580051,580561
[Recv] <<< 23:c9:cc:4b:a0:3a,43358,-28,7571,76.62,35.58,31,580082,580592
[Recv] <<< 23:c9:cc:4b:a0:3a,43360,-28,7572,76.62,35.58,66,580148,580658
[Recv] <<< 23:c9:cc:4b:a0:3a,43361,-28,7573,76.61,35.58,35,580183,580693
[Recv] <<< 23:c9:cc:4b:a0:3a,43374,-31,7574,76.66,35.58,442,580625,581135
[Recv] <<< 23:c9:cc:4b:a0:3a,43375,-28,7575,76.65,35.58,33,580658,581168
[Recv] <<< 23:c9:cc:4b:a0:3a,43376,-28,7576,76.65,35.58,35,580693,581203
[Recv] <<< 23:c9:cc:4b:a0:3a,43379,-28,7577,76.65,35.58,112,580805,581315
[Recv] <<< 23:c9:cc:4b:a0:3a,43380,-28,7578,76.65,35.58,26,580831,581341
[Recv] <<< 23:c9:cc:4b:a0:3a,43381,-28,7579,76.64,35.58,39,580870,581380
[Recv] <<< 23:c9:cc:4b:a0:3a,43382,-28,7580,76.64,35.58,30,580900,581410
[Recv] <<< 23:c9:cc:4b:a0:3a,43383,-28,7581,76.63,35.58,31,580931,581441
[Recv] <<< 23:c9:cc:4b:a0:3a,43384,-28,7582,76.62,35.58,35,580966,581476
[Recv] <<< 23:c9:cc:4b:a0:3a,43385,-28,7583,76.62,35.58,33,580999,581509
[Recv] <<< 23:c9:cc:4b:a0:3a,43387,-38,7584,76.62,35.58,63,581062,581572
[Recv] <<< 23:c9:cc:4b:a0:3a,43388,-37,7585,76.61,35.58,36,581098,581608
[Recv] <<< 23:c9:cc:4b:a0:3a,43390,-37,7586,76.61,35.58,67,581165,581675
[Recv] <<< 23:c9:cc:4b:a0:3a,43391,-37,7587,76.60,35.58,33,581198,581708
[Recv] <<< 23:c9:cc:4b:a0:3a,43395,-31,7588,76.61,35.58,128,581326,581836
[Recv] <<< 23:c9:cc:4b:a0:3a,43396,-37,7589,76.61,35.58,43,581369,581879
[Recv] <<< 23:c9:cc:4b:a0:3a,43397,-38,7590,76.60,35.58,37,581406,581916
[Recv] <<< 23:c9:cc:4b:a0:3a,43398,-37,7591,76.60,35.58,30,581436,581946
[Recv] <<< 23:c9:cc:4b:a0:3a,43399,-37,7592,76.59,35.58,38,581474,581984
[Recv] <<< 23:c9:cc:4b:a0:3a,43400,-37,7593,76.58,35.58,32,581506,582016
[Recv] <<< 23:c9:cc:4b:a0:3a,43417,-31,7594,76.65,35.58,580,582086,582596
[Recv] <<< 23:c9:cc:4b:a0:3a,43420,-28,7595,76.65,35.58,88,582174,582684
[Recv] <<< 23:c9:cc:4b:a0:3a,43421,-28,7596,76.65,35.58,34,582208,582718
[Recv] <<< 23:c9:cc:4b:a0:3a,43422,-28,7597,76.64,35.58,35,582243,582753
[Recv] <<< 23:c9:cc:4b:a0:3a,43424,-28,7598,76.64,35.58,69,582312,582822
[Recv] <<< 23:c9:cc:4b:a0:3a,43425,-28,7599,76.63,35.58,37,582349,582859
[Recv] <<< 23:c9:cc:4b:a0:3a,43426,-28,7600,76.63,35.58,35,582384,582894
[Recv] <<< 23:c9:cc:4b:a0:3a,43427,-31,7601,76.62,35.58,33,582417,582927
[Recv] <<< 23:c9:cc:4b:a0:3a,43428,-31,7602,76.62,35.58,39,582456,582966
[Recv] <<< 23:c9:cc:4b:a0:3a,43430,-28,7603,76.62,35.58,63,582519,583029
[Recv] <<< 23:c9:cc:4b:a0:3a,43431,-28,7604,76.61,35.58,30,582549,583059
[Recv] <<< 23:c9:cc:4b:a0:3a,43432,-28,7605,76.61,35.58,37,582586,583096
[Recv] <<< 23:c9:cc:4b:a0:3a,43433,-28,7606,76.60,35.58,33,582619,583129
[Recv] <<< 23:c9:cc:4b:a0:3a,43434,-31,7607,76.60,35.58,45,582664,583174
[Recv] <<< 23:c9:cc:4b:a0:3a,43435,-37,7608,76.59,35.58,43,582707,583217
[Recv] <<< 23:c9:cc:4b:a0:3a,43436,-37,7609,76.59,35.58,36,582743,583253
[Recv] <<< 23:c9:cc:4b:a0:3a,43437,-37,7610,76.58,35.58,29,582772,583282
[Recv] <<< 23:c9:cc:4b:a0:3a,43438,-37,7611,76.57,35.58,35,582807,583317
[Recv] <<< 23:c9:cc:4b:a0:3a,43439,-37,7612,76.57,35.58,34,582841,583351
[Recv] <<< 23:c9:cc:4b:a0:3a,43441,-31,7613,76.57,35.58,68,582909,583419
[Recv] <<< 23:c9:cc:4b:a0:3a,43442,-31,7614,76.56,35.58,30,582939,583449
[Recv] <<< 23:c9:cc:4b:a0:3a,43443,-31,7615,76.56,35.58,36,582975,583485
[Recv] <<< 23:c9:cc:4b:a0:3a,43444,-31,7616,76.55,35.58,35,583010,583520
[Recv] <<< 23:c9:cc:4b:a0:3a,43445,-38,7617,76.55,35.58,37,583047,583557
[Recv] <<< 23:c9:cc:4b:a0:3a,43446,-31,7618,76.54,35.58,35,583082,583592
[Recv] <<< 23:c9:cc:4b:a0:3a,43447,-31,7619,76.53,35.58,28,583110,583620
[Recv] <<< 23:c9:cc:4b:a0:3a,43448,-31,7620,76.53,35.58,38,583148,583658
[Recv] <<< 23:c9:cc:4b:a0:3a,43449,-31,7621,76.52,35.57,31,583179,583689
[Recv] <<< 23:c9:cc:4b:a0:3a,43450,-31,7622,76.52,35.57,33,583212,583722
[Recv] <<< 23:c9:cc:4b:a0:3a,43451,-31,7623,76.51,35.57,37,583249,583759
[Recv] <<< 23:c9:cc:4b:a0:3a,43452,-31,7624,76.51,35.57,30,583279,583789
[Recv] <<< 23:c9:cc:4b:a0:3a,43453,-31,7625,76.50,35.57,37,583316,583826
[Recv] <<< 23:c9:cc:4b:a0:3a,43454,-31,7626,76.50,35.57,40,583356,583866
[Recv] <<< 23:c9:cc:4b:a0:3a,43455,-37,7627,76.49,35.57,31,583387,583897
[Recv] <<< 23:c9:cc:4b:a0:3a,43456,-37,7628,76.49,35.58,43,583430,583940
[Recv] <<< 23:c9:cc:4b:a0:3a,43465,-38,7629,76.52,35.57,310,583740,584250
[Recv] <<< 23:c9:cc:4b:a0:3a,43466,-37,7630,76.51,35.57,45,583785,584295
[Recv] <<< 23:c9:cc:4b:a0:3a,43467,-37,7631,76.51,35.57,28,583813,584323
[Recv] <<< 23:c9:cc:4b:a0:3a,43468,-37,7632,76.50,35.57,34,583847,584357
[Recv] <<< 23:c9:cc:4b:a0:3a,43469,-37,7633,76.49,35.57,37,583884,584394
[Recv] <<< 23:c9:cc:4b:a0:3a,43470,-37,7634,76.49,35.57,31,583915,584425
[Recv] <<< 23:c9:cc:4b:a0:3a,43471,-37,7635,76.48,35.57,40,583955,584465
[Recv] <<< 23:c9:cc:4b:a0:3a,43473,-28,7636,76.48,35.57,73,584028,584538
[Recv] <<< 23:c9:cc:4b:a0:3a,43474,-28,7637,76.48,35.57,31,584059,584569
[Recv] <<< 23:c9:cc:4b:a0:3a,43476,-28,7638,76.48,35.57,67,584126,584636
[Recv] <<< 23:c9:cc:4b:a0:3a,43477,-28,7639,76.47,35.57,36,584162,584672
[Recv] <<< 23:c9:cc:4b:a0:3a,43479,-31,7640,76.47,35.57,82,584244,584754
[Recv] <<< 23:c9:cc:4b:a0:3a,43480,-31,7641,76.47,35.57,28,584272,584782
[Recv] <<< 23:c9:cc:4b:a0:3a,43481,-31,7642,76.46,35.57,35,584307,584817
[Recv] <<< 23:c9:cc:4b:a0:3a,43483,-31,7643,76.46,35.57,73,584380,584890
[Recv] <<< 23:c9:cc:4b:a0:3a,43484,-31,7644,76.45,35.57,32,584412,584922
[Recv] <<< 23:c9:cc:4b:a0:3a,43485,-31,7645,76.45,35.57,31,584443,584953
[Recv] <<< 23:c9:cc:4b:a0:3a,43486,-31,7646,76.44,35.57,36,584479,584989
[Recv] <<< 23:c9:cc:4b:a0:3a,43487,-31,7647,76.44,35.57,32,584511,585021
[Recv] <<< 23:c9:cc:4b:a0:3a,43491,-28,7648,76.45,35.58,171,584682,585192
[Recv] <<< 23:c9:cc:4b:a0:3a,43492,-28,7649,76.44,35.58,32,584714,585224
[Recv] <<< 23:c9:cc:4b:a0:3a,43493,-28,7650,76.44,35.58,36,584750,585260
[Recv] <<< 23:c9:cc:4b:a0:3a,43494,-28,7651,76.43,35.58,35,584785,585295
[Recv] <<< 23:c9:cc:4b:a0:3a,43495,-28,7652,76.43,35.58,37,584822,585332
[Recv] <<< 23:c9:cc:4b:a0:3a,43496,-31,7653,76.42,35.58,38,584860,585370
[Recv] <<< 23:c9:cc:4b:a0:3a,43498,-38,7654,76.42,35.58,75,584935,585445
[Recv] <<< 23:c9:cc:4b:a0:3a,43502,-37,7655,76.43,35.58,149,585084,585594
[Recv] <<< 23:c9:cc:4b:a0:3a,43504,-28,7656,76.43,35.58,81,585165,585675
[Recv] <<< 23:c9:cc:4b:a0:3a,43506,-31,7657,76.43,35.58,77,585242,585752
[Recv] <<< 23:c9:cc:4b:a0:3a,43507,-31,7658,76.43,35.58,36,585278,585788
[Recv] <<< 23:c9:cc:4b:a0:3a,43509,-28,7659,76.43,35.58,77,585355,585865
[Recv] <<< 23:c9:cc:4b:a0:3a,43510,-28,7660,76.42,35.58,42,585397,585907
[Recv] <<< 23:c9:cc:4b:a0:3a,43511,-28,7661,76.42,35.58,33,585430,585940
[Recv] <<< 23:c9:cc:4b:a0:3a,43512,-28,7662,76.41,35.58,33,585463,585973
[Recv] <<< 23:c9:cc:4b:a0:3a,43513,-31,7663,76.41,35.58,36,585499,586009
[Recv] <<< 23:c9:cc:4b:a0:3a,43514,-31,7664,76.40,35.58,45,585544,586054
[Recv] <<< 23:c9:cc:4b:a0:3a,43515,-37,7665,76.40,35.58,37,585581,586091
[Recv] <<< 23:c9:cc:4b:a0:3a,43516,-28,7666,76.39,35.58,42,585623,586133
[Recv] <<< 23:c9:cc:4b:a0:3a,43517,-28,7667,76.39,35.58,40,585663,586173
[Recv] <<< 23:c9:cc:4b:a0:3a,43518,-28,7668,76.38,35.58,31,585694,586204
[Recv] <<< 23:c9:cc:4b:a0:3a,43519,-31,7669,76.38,35.58,41,585735,586245
[Recv] <<< 23:c9:cc:4b:a0:3a,43520,-31,7670,76.37,35.58,36,585771,586281
[Recv] <<< 23:c9:cc:4b:a0:3a,43522,-31,7671,76.37,35.58,75,585846,586356
[Recv] <<< 23:c9:cc:4b:a0:3a,43523,-37,7672,76.37,35.58,43,585889,586399
[Recv] <<< 23:c9:cc:4b:a0:3a,43524,-31,7673,76.36,35.58,49,585938,586448
[Recv] <<< 23:c9:cc:4b:a0:3a,43525,-31,7674,76.36,35.58,33,585971,586481
[Recv] <<< 23:c9:cc:4b:a0:3a,43527,-37,7675,76.36,35.58,80,586051,586561
[Recv] <<< 23:c9:cc:4b:a0:3a,43529,-37,7676,76.36,35.58,80,586131,586641
[Recv] <<< 23:c9:cc:4b:a0:3a,43530,-28,7677,76.35,35.58,41,586172,586682
[Recv] <<< 23:c9:cc:4b:a0:3a,43531,-31,7678,76.35,35.58,39,586211,586721
[Recv] <<< 23:c9:cc:4b:a0:3a,43533,-37,7679,76.35,35.58,77,586288,586798
[Recv] <<< 23:c9:cc:4b:a0:3a,43534,-38,7680,76.35,35.58,42,586330,586840
[Recv] <<< 23:c9:cc:4b:a0:3a,43535,-28,7681,76.34,35.58,38,586368,586878
[Recv] <<< 23:c9:cc:4b:a0:3a,43539,-28,7682,76.35,35.58,176,586544,587054
[Recv] <<< 23:c9:cc:4b:a0:3a,43540,-31,7683,76.35,35.58,38,586582,587092
[Recv] <<< 23:c9:cc:4b:a0:3a,43541,-37,7684,76.34,35.59,45,586627,587137
[Recv] <<< 23:c9:cc:4b:a0:3a,43543,-28,7685,76.34,35.59,84,586711,587221
[Recv] <<< 23:c9:cc:4b:a0:3a,43558,-31,7686,76.42,35.59,636,587347,587857
[Recv] <<< 23:c9:cc:4b:a0:3a,43581,-31,7687,76.53,35.60,973,588320,588830
[Recv] <<< 23:c9:cc:4b:a0:3a,43583,-37,7688,76.54,35.60,88,588408,588918
[Recv] <<< 23:c9:cc:4b:a0:3a,43584,-28,7689,76.53,35.60,36,588444,588954
[Recv] <<< 23:c9:cc:4b:a0:3a,43585,-31,7690,76.53,35.60,47,588491,589001
[Recv] <<< 23:c9:cc:4b:a0:3a,43586,-37,7691,76.52,35.60,38,588529,589039
[Recv] <<< 23:c9:cc:4b:a0:3a,43587,-37,7692,76.52,35.60,41,588570,589080
[Recv] <<< 23:c9:cc:4b:a0:3a,43589,-28,7693,76.52,35.60,86,588656,589166
[Recv] <<< 23:c9:cc:4b:a0:3a,43590,-31,7694,76.51,35.61,45,588701,589211
[Recv] <<< 23:c9:cc:4b:a0:3a,43593,-27,7695,76.52,35.61,125,588826,589336
[Recv] <<< 23:c9:cc:4b:a0:3a,43594,-30,7696,76.52,35.61,40,588866,589376
[Recv] <<< 23:c9:cc:4b:a0:3a,43595,-37,7697,76.51,35.61,43,588909,589419
[Recv] <<< 23:c9:cc:4b:a0:3a,43598,-37,7698,76.52,35.61,127,589036,589546
[Recv] <<< 23:c9:cc:4b:a0:3a,43599,-37,7699,76.51,35.61,41,589077,589587
[Recv] <<< 23:c9:cc:4b:a0:3a,43600,-28,7700,76.51,35.61,43,589120,589630
[Recv] <<< 23:c9:cc:4b:a0:3a,43601,-31,7701,76.50,35.61,44,589164,589674
[Recv] <<< 23:c9:cc:4b:a0:3a,43602,-37,7702,76.50,35.61,43,589207,589717
[Recv] <<< 23:c9:cc:4b:a0:3a,43604,-28,7703,76.50,35.61,74,589281,589791
[Recv] <<< 23:c9:cc:4b:a0:3a,43605,-28,7704,76.50,35.61,46,589327,589837
[Recv] <<< 23:c9:cc:4b:a0:3a,43606,-31,7705,76.49,35.61,37,589364,589874
[Recv] <<< 23:c9:cc:4b:a0:3a,43607,-37,7706,76.49,35.61,43,589407,589917
[Recv] <<< 23:c9:cc:4b:a0:3a,43608,-28,7707,76.48,35.61,44,589451,589961
[Recv] <<< 23:c9:cc:4b:a0:3a,43609,-28,7708,76.48,35.61,45,589496,590006
[Recv] <<< 23:c9:cc:4b:a0:3a,43610,-31,7709,76.47,35.61,37,589533,590043
[Recv] <<< 23:c9:cc:4b:a0:3a,43611,-37,7710,76.47,35.61,43,589576,590086
[Recv] <<< 23:c9:cc:4b:a0:3a,43612,-37,7711,76.46,35.61,37,589613,590123
[Recv] <<< 23:c9:cc:4b:a0:3a,43613,-28,7712,76.46,35.61,44,589657,590167
[Recv] <<< 23:c9:cc:4b:a0:3a,43615,-38,7713,76.46,35.61,82,589739,590249
[Recv] <<< 23:c9:cc:4b:a0:3a,43616,-28,7714,76.46,35.61,44,589783,590293
[Recv] <<< 23:c9:cc:4b:a0:3a,43617,-31,7715,76.45,35.62,45,589828,590338
[Recv] <<< 23:c9:cc:4b:a0:3a,43636,-37,7716,76.55,35.62,795,590623,591133
[Recv] <<< 23:c9:cc:4b:a0:3a,43637,-28,7717,76.54,35.62,44,590667,591177
[Recv] <<< 23:c9:cc:4b:a0:3a,43638,-28,7718,76.54,35.62,42,590709,591219
[Recv] <<< 23:c9:cc:4b:a0:3a,43661,-37,7719,76.65,35.63,949,591658,592168
[Recv] <<< 23:c9:cc:4b:a0:3a,43662,-27,7720,76.65,35.63,45,591703,592213
[Recv] <<< 23:c9:cc:4b:a0:3a,43663,-30,7721,76.64,35.63,45,591748,592258
[Recv] <<< 23:c9:cc:4b:a0:3a,43664,-30,7722,76.64,35.63,38,591786,592296
[Recv] <<< 23:c9:cc:4b:a0:3a,43665,-37,7723,76.63,35.63,37,591823,592333
[Recv] <<< 23:c9:cc:4b:a0:3a,43666,-27,7724,76.63,35.63,53,591876,592386
[Recv] <<< 23:c9:cc:4b:a0:3a,43667,-27,7725,76.62,35.63,31,591907,592417
[Recv] <<< 23:c9:cc:4b:a0:3a,43668,-30,7726,76.62,35.63,50,591957,592467
[Recv] <<< 23:c9:cc:4b:a0:3a,43669,-37,7727,76.61,35.63,43,592000,592510
[Recv] <<< 23:c9:cc:4b:a0:3a,43670,-27,7728,76.61,35.64,41,592041,592551
[Recv] <<< 23:c9:cc:4b:a0:3a,43678,-37,7729,76.64,35.64,328,592369,592879
[Recv] <<< 23:c9:cc:4b:a0:3a,43679,-27,7730,76.64,35.64,44,592413,592923
[Recv] <<< 23:c9:cc:4b:a0:3a,43687,-30,7731,76.67,35.64,320,592733,593243
[Recv] <<< 23:c9:cc:4b:a0:3a,43688,-30,7732,76.66,35.64,33,592766,593276
[Recv] <<< 23:c9:cc:4b:a0:3a,43690,-37,7733,76.67,35.64,89,592855,593365
[Recv] <<< 23:c9:cc:4b:a0:3a,43697,-30,7734,76.69,35.64,293,593148,593658
[Recv] <<< 23:c9:cc:4b:a0:3a,43698,-30,7735,76.69,35.64,47,593195,593705
[Recv] <<< 23:c9:cc:4b:a0:3a,43699,-37,7736,76.68,35.64,37,593232,593742
[Recv] <<< 23:c9:cc:4b:a0:3a,43701,-28,7737,76.68,35.64,77,593309,593819
[Recv] <<< 23:c9:cc:4b:a0:3a,43702,-30,7738,76.68,35.65,45,593354,593864
[Recv] <<< 23:c9:cc:4b:a0:3a,43703,-30,7739,76.68,35.65,38,593392,593902
[Recv] <<< 23:c9:cc:4b:a0:3a,43704,-31,7740,76.67,35.65,35,593427,593937
[Recv] <<< 23:c9:cc:4b:a0:3a,43747,-31,7741,76.89,35.66,1748,595175,595685
[Recv] <<< 23:c9:cc:4b:a0:3a,43748,-37,7742,76.88,35.66,41,595216,595726
[Recv] <<< 23:c9:cc:4b:a0:3a,43749,-28,7743,76.88,35.66,52,595268,595778
[Recv] <<< 23:c9:cc:4b:a0:3a,43751,-37,7744,76.88,35.66,82,595350,595860
[Recv] <<< 23:c9:cc:4b:a0:3a,43752,-28,7745,76.88,35.66,47,595397,595907
[Recv] <<< 23:c9:cc:4b:a0:3a,43753,-28,7746,76.87,35.66,36,595433,595943
[Recv] <<< 23:c9:cc:4b:a0:3a,43754,-31,7747,76.87,35.66,41,595474,595984
[Recv] <<< 23:c9:cc:4b:a0:3a,43756,-37,7748,76.87,35.66,78,595552,596062
[Recv] <<< 23:c9:cc:4b:a0:3a,43758,-27,7749,76.87,35.66,89,595641,596151
[Recv] <<< 23:c9:cc:4b:a0:3a,43759,-31,7750,76.86,35.66,37,595678,596188
[Recv] <<< 23:c9:cc:4b:a0:3a,43760,-30,7751,76.86,35.66,41,595719,596229
[Recv] <<< 23:c9:cc:4b:a0:3a,43761,-37,7752,76.85,35.66,39,595758,596268
[Recv] <<< 23:c9:cc:4b:a0:3a,43762,-37,7753,76.85,35.66,40,595798,596308
[Recv] <<< 23:c9:cc:4b:a0:3a,43763,-37,7754,76.84,35.66,33,595831,596341
[Recv] <<< 23:c9:cc:4b:a0:3a,43764,-28,7755,76.84,35.66,40,595871,596381
[Recv] <<< 23:c9:cc:4b:a0:3a,43771,-27,7756,76.86,35.67,278,596149,596659
[Recv] <<< 23:c9:cc:4b:a0:3a,43772,-31,7757,76.86,35.67,43,596192,596702
[Recv] <<< 23:c9:cc:4b:a0:3a,43773,-30,7758,76.85,35.67,35,596227,596737
[Recv] <<< 23:c9:cc:4b:a0:3a,43779,-28,7759,76.87,35.67,236,596463,596973
[Recv] <<< 23:c9:cc:4b:a0:3a,43780,-31,7760,76.87,35.67,45,596508,597018
[Recv] <<< 23:c9:cc:4b:a0:3a,43781,-37,7761,76.86,35.67,38,596546,597056
[Recv] <<< 23:c9:cc:4b:a0:3a,43796,-37,7762,76.93,35.67,599,597145,597655
[Recv] <<< 23:c9:cc:4b:a0:3a,43798,-31,7763,76.93,35.67,91,597236,597746
[Recv] <<< 23:c9:cc:4b:a0:3a,43799,-31,7764,76.93,35.67,36,597272,597782
[Recv] <<< 23:c9:cc:4b:a0:3a,43800,-31,7765,76.92,35.67,26,597298,597808
[Recv] <<< 23:c9:cc:4b:a0:3a,43801,-37,7766,76.92,35.67,44,597342,597852
[Recv] <<< 23:c9:cc:4b:a0:3a,43802,-37,7767,76.91,35.67,44,597386,597896
[Recv] <<< 23:c9:cc:4b:a0:3a,43803,-28,7768,76.91,35.67,37,597423,597933
[Recv] <<< 23:c9:cc:4b:a0:3a,43805,-30,7769,76.91,35.67,78,597501,598011
[Recv] <<< 23:c9:cc:4b:a0:3a,43806,-31,7770,76.90,35.67,40,597541,598051
[Recv] <<< 23:c9:cc:4b:a0:3a,43807,-37,7771,76.90,35.67,42,597583,598093
[Recv] <<< 23:c9:cc:4b:a0:3a,43808,-37,7772,76.89,35.67,37,597620,598130
[Recv] <<< 23:c9:cc:4b:a0:3a,43809,-37,7773,76.89,35.67,34,597654,598164
[Recv] <<< 23:c9:cc:4b:a0:3a,43811,-28,7774,76.89,35.68,83,597737,598247
[Recv] <<< 23:c9:cc:4b:a0:3a,43816,-37,7775,76.90,35.68,190,597927,598437
[Recv] <<< 23:c9:cc:4b:a0:3a,43817,-28,7776,76.90,35.68,46,597973,598483
[Recv] <<< 23:c9:cc:4b:a0:3a,43818,-28,7777,76.89,35.68,37,598010,598520
[Recv] <<< 23:c9:cc:4b:a0:3a,43819,-31,7778,76.89,35.68,38,598048,598558
[Recv] <<< 23:c9:cc:4b:a0:3a,43821,-31,7779,76.89,35.68,75,598123,598633
[Recv] <<< 23:c9:cc:4b:a0:3a,43822,-37,7780,76.88,35.68,40,598163,598673
[Recv] <<< 23:c9:cc:4b:a0:3a,43823,-37,7781,76.88,35.68,39,598202,598712
[Recv] <<< 23:c9:cc:4b:a0:3a,43826,-28,7782,76.88,35.68,113,598315,598825
[Recv] <<< 23:c9:cc:4b:a0:3a,43827,-28,7783,76.88,35.68,39,598354,598864
[Recv] <<< 23:c9:cc:4b:a0:3a,43828,-28,7784,76.87,35.68,31,598385,598895
[Recv] <<< 23:c9:cc:4b:a0:3a,43829,-28,7785,76.87,35.68,38,598423,598933
[Recv] <<< 23:c9:cc:4b:a0:3a,43830,-31,7786,76.86,35.68,37,598460,598970
[Recv] <<< 23:c9:cc:4b:a0:3a,43831,-31,7787,76.86,35.68,37,598497,599007
[Recv] <<< 23:c9:cc:4b:a0:3a,43832,-37,7788,76.85,35.68,46,598543,599053
[Recv] <<< 23:c9:cc:4b:a0:3a,43833,-37,7789,76.85,35.68,37,598580,599090
[Recv] <<< 23:c9:cc:4b:a0:3a,43835,-28,7790,76.85,35.68,73,598653,599163
[Recv] <<< 23:c9:cc:4b:a0:3a,43836,-27,7791,76.84,35.68,36,598689,599199
[Recv] <<< 23:c9:cc:4b:a0:3a,43837,-27,7792,76.84,35.68,35,598724,599234
[Recv] <<< 23:c9:cc:4b:a0:3a,43838,-28,7793,76.83,35.68,38,598762,599272
[Recv] <<< 23:c9:cc:4b:a0:3a,43841,-31,7794,76.84,35.68,109,598871,599381
[Recv] <<< 23:c9:cc:4b:a0:3a,43845,-31,7795,76.84,35.68,134,599005,599515
[Recv] <<< 23:c9:cc:4b:a0:3a,43846,-31,7796,76.84,35.68,35,599040,599550
[Recv] <<< 23:c9:cc:4b:a0:3a,43847,-30,7797,76.83,35.68,36,599076,599586
[Recv] <<< 23:c9:cc:4b:a0:3a,43849,-30,7798,76.83,35.68,70,599146,599656
[Recv] <<< 23:c9:cc:4b:a0:3a,43850,-30,7799,76.83,35.68,32,599178,599688
[Recv] <<< 23:c9:cc:4b:a0:3a,43851,-30,7800,76.82,35.68,40,599218,599728
[Recv] <<< 23:c9:cc:4b:a0:3a,43852,-30,7801,76.82,35.68,30,599248,599758
[Recv] <<< 23:c9:cc:4b:a0:3a,43853,-31,7802,76.81,35.68,37,599285,599795
[Recv] <<< 23:c9:cc:4b:a0:3a,43854,-30,7803,76.81,35.68,34,599319,599829
[Recv] <<< 23:c9:cc:4b:a0:3a,43856,-30,7804,76.81,35.68,73,599392,599902
[Recv] <<< 23:c9:cc:4b:a0:3a,43858,-31,7805,76.81,35.68,71,599463,599973
[Recv] <<< 23:c9:cc:4b:a0:3a,43859,-31,7806,76.80,35.68,36,599499,600009
[Recv] <<< 23:c9:cc:4b:a0:3a,43860,-30,7807,76.79,35.68,30,599529,600039
[Recv] <<< 23:c9:cc:4b:a0:3a,43861,-31,7808,76.79,35.68,34,599563,600073
[Recv] <<< 23:c9:cc:4b:a0:3a,43862,-30,7809,76.78,35.68,37,599600,600110
[Recv] <<< 23:c9:cc:4b:a0:3a,43863,-31,7810,76.78,35.68,37,599637,600147
[Recv] <<< 23:c9:cc:4b:a0:3a,43864,-31,7811,76.77,35.68,34,599671,600181
[Recv] <<< 23:c9:cc:4b:a0:3a,43865,-31,7812,76.77,35.68,34,599705,600215
[Recv] <<< 23:c9:cc:4b:a0:3a,43866,-31,7813,76.76,35.68,33,599738,600248
[Recv] <<< 23:c9:cc:4b:a0:3a,43867,-31,7814,76.76,35.68,36,599774,600284
[Recv] <<< 23:c9:cc:4b:a0:3a,43868,-30,7815,76.75,35.68,37,599811,600321
[Recv] <<< 23:c9:cc:4b:a0:3a,43869,-31,7816,76.75,35.68,36,599847,600357
[Recv] <<< 23:c9:cc:4b:a0:3a,43870,-37,7817,76.74,35.68,41,599888,600398
[Recv] <<< 23:c9:cc:4b:a0:3a,43871,-31,7818,76.73,35.68,26,599914,600424
[Recv] <<< 23:c9:cc:4b:a0:3a,43873,-37,7819,76.73,35.68,75,599989,600499
[Recv] <<< 23:c9:cc:4b:a0:3a,43874,-37,7820,76.73,35.68,36,600025,600535
[Recv] <<< 23:c9:cc:4b:a0:3a,43877,-28,7821,76.73,35.68,110,600135,600645
[Recv] <<< 23:c9:cc:4b:a0:3a,43879,-28,7822,76.73,35.68,70,600205,600715
[Recv] <<< 23:c9:cc:4b:a0:3a,43880,-28,7823,76.73,35.68,36,600241,600751
[Recv] <<< 23:c9:cc:4b:a0:3a,43881,-28,7824,76.72,35.68,33,600274,600784
[Recv] <<< 23:c9:cc:4b:a0:3a,43883,-27,7825,76.72,35.68,73,600347,600857
[Recv] <<< 23:c9:cc:4b:a0:3a,43884,-28,7826,76.72,35.68,36,600383,600893
[Recv] <<< 23:c9:cc:4b:a0:3a,43885,-27,7827,76.71,35.68,30,600413,600923
[Recv] <<< 23:c9:cc:4b:a0:3a,43886,-28,7828,76.71,35.68,37,600450,600960
[Recv] <<< 23:c9:cc:4b:a0:3a,43887,-28,7829,76.70,35.68,35,600485,600995
[Recv] <<< 23:c9:cc:4b:a0:3a,43888,-28,7830,76.70,35.68,37,600522,601032
[Recv] <<< 23:c9:cc:4b:a0:3a,43890,-27,7831,76.69,35.68,71,600593,601103
[Recv] <<< 23:c9:cc:4b:a0:3a,43898,-30,7832,76.72,35.68,284,600877,601387
[Recv] <<< 23:c9:cc:4b:a0:3a,43899,-30,7833,76.72,35.68,36,600913,601423
[Recv] <<< 23:c9:cc:4b:a0:3a,43900,-31,7834,76.71,35.68,34,600947,601457
[Recv] <<< 23:c9:cc:4b:a0:3a,43901,-30,7835,76.71,35.68,39,600986,601496
[Recv] <<< 23:c9:cc:4b:a0:3a,43902,-30,7836,76.70,35.68,35,601021,601531
[Recv] <<< 23:c9:cc:4b:a0:3a,43904,-37,7837,76.70,35.68,73,601094,601604
[Recv] <<< 23:c9:cc:4b:a0:3a,43905,-28,7838,76.70,35.68,45,601139,601649
[Recv] <<< 23:c9:cc:4b:a0:3a,43906,-27,7839,76.69,35.68,39,601178,601688
[Recv] <<< 23:c9:cc:4b:a0:3a,43907,-28,7840,76.68,35.68,29,601207,601717
[Recv] <<< 23:c9:cc:4b:a0:3a,43908,-31,7841,76.68,35.68,51,601258,601768
[Recv] <<< 23:c9:cc:4b:a0:3a,43918,-27,7842,76.72,35.68,373,601631,602141
[Recv] <<< 23:c9:cc:4b:a0:3a,43919,-27,7843,76.71,35.68,32,601663,602173
[Recv] <<< 23:c9:cc:4b:a0:3a,43920,-30,7844,76.71,35.68,41,601704,602214
[Recv] <<< 23:c9:cc:4b:a0:3a,43921,-31,7845,76.70,35.68,38,601742,602252
[Recv] <<< 23:c9:cc:4b:a0:3a,43922,-30,7846,76.70,35.68,35,601777,602287
[Recv] <<< 23:c9:cc:4b:a0:3a,43923,-31,7847,76.69,35.68,35,601812,602322
[Recv] <<< 23:c9:cc:4b:a0:3a,43939,-31,7848,76.76,35.68,594,602406,602916
[Recv] <<< 23:c9:cc:4b:a0:3a,43940,-37,7849,76.75,35.68,43,602449,602959
[Recv] <<< 23:c9:cc:4b:a0:3a,43941,-31,7850,76.75,35.68,33,602482,602992
[Recv] <<< 23:c9:cc:4b:a0:3a,43943,-37,7851,76.75,35.68,67,602549,603059
[Recv] <<< 23:c9:cc:4b:a0:3a,43944,-37,7852,76.74,35.68,47,602596,603106
[Recv] <<< 23:c9:cc:4b:a0:3a,43945,-27,7853,76.74,35.68,35,602631,603141
[Recv] <<< 23:c9:cc:4b:a0:3a,43947,-37,7854,76.74,35.68,66,602697,603207
[Recv] <<< 23:c9:cc:4b:a0:3a,43948,-37,7855,76.73,35.68,27,602724,603234
[Recv] <<< 23:c9:cc:4b:a0:3a,43949,-27,7856,76.73,35.68,40,602764,603274
[Recv] <<< 23:c9:cc:4b:a0:3a,43965,-37,7857,76.79,35.68,582,603346,603856
[Recv] <<< 23:c9:cc:4b:a0:3a,43966,-28,7858,76.79,35.68,42,603388,603898
[Recv] <<< 23:c9:cc:4b:a0:3a,43968,-28,7859,76.78,35.68,65,603453,603963
[Recv] <<< 23:c9:cc:4b:a0:3a,43969,-28,7860,76.78,35.68,37,603490,604000
[Recv] <<< 23:c9:cc:4b:a0:3a,43970,-28,7861,76.78,35.68,40,603530,604040
[Recv] <<< 23:c9:cc:4b:a0:3a,43973,-28,7862,76.78,35.68,98,603628,604138
[Recv] <<< 23:c9:cc:4b:a0:3a,43983,-31,7863,76.81,35.68,354,603982,604492
[Recv] <<< 23:c9:cc:4b:a0:3a,43984,-30,7864,76.81,35.68,33,604015,604525
[Recv] <<< 23:c9:cc:4b:a0:3a,43985,-37,7865,76.80,35.68,37,604052,604562
[Recv] <<< 23:c9:cc:4b:a0:3a,43986,-37,7866,76.80,35.68,34,604086,604596
[Recv] <<< 23:c9:cc:4b:a0:3a,43988,-37,7867,76.80,35.68,68,604154,604664
[Recv] <<< 23:c9:cc:4b:a0:3a,43989,-37,7868,76.79,35.68,32,604186,604696
[Recv] <<< 23:c9:cc:4b:a0:3a,43990,-37,7869,76.78,35.68,33,604219,604729
[Recv] <<< 23:c9:cc:4b:a0:3a,43991,-37,7870,76.78,35.68,35,604254,604764
[Recv] <<< 23:c9:cc:4b:a0:3a,43992,-37,7871,76.77,35.68,30,604284,604794
[Recv] <<< 23:c9:cc:4b:a0:3a,43993,-27,7872,76.77,35.68,49,604333,604843
[Recv] <<< 23:c9:cc:4b:a0:3a,43997,-28,7873,76.78,35.68,134,604467,604977
[Recv] <<< 23:c9:cc:4b:a0:3a,44004,-28,7874,76.80,35.68,249,604716,605226
[Recv] <<< 23:c9:cc:4b:a0:3a,44006,-30,7875,76.80,35.68,76,604792,605302
[Recv] <<< 23:c9:cc:4b:a0:3a,44007,-31,7876,76.79,35.68,35,604827,605337
[Recv] <<< 23:c9:cc:4b:a0:3a,44015,-31,7877,76.82,35.68,252,605079,605589
[Recv] <<< 23:c9:cc:4b:a0:3a,44016,-30,7878,76.81,35.68,33,605112,605622
[Recv] <<< 23:c9:cc:4b:a0:3a,44018,-28,7879,76.81,35.68,65,605177,605687
[Recv] <<< 23:c9:cc:4b:a0:3a,44019,-28,7880,76.80,35.68,27,605204,605714
[Recv] <<< 23:c9:cc:4b:a0:3a,44020,-28,7881,76.80,35.68,37,605241,605751
[Recv] <<< 23:c9:cc:4b:a0:3a,44022,-28,7882,76.80,35.68,70,605311,605821
[Recv] <<< 23:c9:cc:4b:a0:3a,44023,-27,7883,76.79,35.68,31,605342,605852
[Recv] <<< 23:c9:cc:4b:a0:3a,44025,-30,7884,76.79,35.68,72,605414,605924
[Recv] <<< 23:c9:cc:4b:a0:3a,44026,-27,7885,76.78,35.68,26,605440,605950
[Recv] <<< 23:c9:cc:4b:a0:3a,44028,-27,7886,76.78,35.68,74,605514,606024
[Recv] <<< 23:c9:cc:4b:a0:3a,44060,-37,7887,76.91,35.67,1095,606609,607119
[Recv] <<< 23:c9:cc:4b:a0:3a,44061,-37,7888,76.91,35.67,30,606639,607149
[Recv] <<< 23:c9:cc:4b:a0:3a,44062,-37,7889,76.90,35.67,41,606680,607190
[Recv] <<< 23:c9:cc:4b:a0:3a,44063,-37,7890,76.90,35.67,31,606711,607221
[Recv] <<< 23:c9:cc:4b:a0:3a,44064,-37,7891,76.89,35.67,33,606744,607254
[Recv] <<< 23:c9:cc:4b:a0:3a,44067,-28,7892,76.90,35.67,118,606862,607372
[Recv] <<< 23:c9:cc:4b:a0:3a,44072,-37,7893,76.91,35.67,161,607023,607533
[Recv] <<< 23:c9:cc:4b:a0:3a,44074,-37,7894,76.90,35.67,59,607082,607592
[Recv] <<< 23:c9:cc:4b:a0:3a,44075,-31,7895,76.90,35.67,30,607112,607622
[Recv] <<< 23:c9:cc:4b:a0:3a,44076,-31,7896,76.89,35.67,36,607148,607658
[Recv] <<< 23:c9:cc:4b:a0:3a,44133,-30,7897,77.13,35.67,1969,609117,609627
[Recv] <<< 23:c9:cc:4b:a0:3a,44134,-31,7898,77.13,35.67,31,609148,609658
[Recv] <<< 23:c9:cc:4b:a0:3a,44152,-27,7899,77.19,35.67,612,609760,610270
[Recv] <<< 23:c9:cc:4b:a0:3a,44153,-28,7900,77.19,35.67,38,609798,610308
[Recv] <<< 23:c9:cc:4b:a0:3a,44164,-37,7901,77.23,35.67,368,610166,610676
[Recv] <<< 23:c9:cc:4b:a0:3a,44170,-37,7902,77.24,35.66,198,610364,610874
[Recv] <<< 23:c9:cc:4b:a0:3a,44180,-31,7903,77.28,35.66,341,610705,611215
[Recv] <<< 23:c9:cc:4b:a0:3a,44182,-28,7904,77.27,35.66,59,610764,611274
[Recv] <<< 23:c9:cc:4b:a0:3a,44183,-28,7905,77.27,35.66,35,610799,611309
[Recv] <<< 23:c9:cc:4b:a0:3a,44184,-28,7906,77.26,35.66,32,610831,611341
[Recv] <<< 23:c9:cc:4b:a0:3a,44185,-28,7907,77.26,35.66,32,610863,611373
[Recv] <<< 23:c9:cc:4b:a0:3a,44187,-28,7908,77.25,35.66,68,610931,611441
[Recv] <<< 23:c9:cc:4b:a0:3a,44188,-28,7909,77.25,35.66,34,610965,611475
[Recv] <<< 23:c9:cc:4b:a0:3a,44189,-28,7910,77.24,35.66,36,611001,611511
[Recv] <<< 23:c9:cc:4b:a0:3a,44190,-28,7911,77.24,35.66,32,611033,611543
[Recv] <<< 23:c9:cc:4b:a0:3a,44191,-28,7912,77.23,35.66,35,611068,611578
[Recv] <<< 23:c9:cc:4b:a0:3a,44193,-28,7913,77.23,35.66,65,611133,611643
[Recv] <<< 23:c9:cc:4b:a0:3a,44194,-28,7914,77.23,35.66,34,611167,611677
[Recv] <<< 23:c9:cc:4b:a0:3a,44195,-28,7915,77.22,35.66,35,611202,611712
[Recv] <<< 23:c9:cc:4b:a0:3a,44207,-31,7916,77.26,35.66,403,611605,612115
[Recv] <<< 23:c9:cc:4b:a0:3a,44208,-31,7917,77.26,35.66,35,611640,612150
[Recv] <<< 23:c9:cc:4b:a0:3a,44209,-30,7918,77.25,35.66,30,611670,612180
[Recv] <<< 23:c9:cc:4b:a0:3a,44221,-28,7919,77.29,35.66,422,612092,612602
[Recv] <<< 23:c9:cc:4b:a0:3a,44225,-30,7920,77.30,35.66,152,612244,612754
[Recv] <<< 23:c9:cc:4b:a0:3a,44226,-30,7921,77.30,35.66,37,612281,612791
[Recv] <<< 23:c9:cc:4b:a0:3a,44227,-31,7922,77.29,35.66,35,612316,612826
[Recv] <<< 23:c9:cc:4b:a0:3a,44228,-30,7923,77.29,35.66,30,612346,612856
[Recv] <<< 23:c9:cc:4b:a0:3a,44229,-31,7924,77.28,35.66,36,612382,612892
[Recv] <<< 23:c9:cc:4b:a0:3a,44230,-30,7925,77.28,35.66,37,612419,612929
[Recv] <<< 23:c9:cc:4b:a0:3a,44231,-31,7926,77.27,35.66,33,612452,612962
[Recv] <<< 23:c9:cc:4b:a0:3a,44232,-30,7927,77.27,35.66,39,612491,613001
[Recv] <<< 23:c9:cc:4b:a0:3a,44234,-37,7928,77.27,35.66,69,612560,613070
[Recv] <<< 23:c9:cc:4b:a0:3a,44239,-28,7929,77.28,35.66,159,612719,613229
[Recv] <<< 23:c9:cc:4b:a0:3a,44240,-27,7930,77.27,35.66,31,612750,613260
[Recv] <<< 23:c9:cc:4b:a0:3a,44241,-28,7931,77.26,35.66,33,612783,613293
[Recv] <<< 23:c9:cc:4b:a0:3a,44242,-28,7932,77.26,35.66,34,612817,613327
[Recv] <<< 23:c9:cc:4b:a0:3a,44243,-27,7933,77.25,35.66,35,612852,613362
[Recv] <<< 23:c9:cc:4b:a0:3a,44244,-27,7934,77.25,35.66,42,612894,613404
[Recv] <<< 23:c9:cc:4b:a0:3a,44245,-28,7935,77.24,35.66,32,612926,613436
[Recv] <<< 23:c9:cc:4b:a0:3a,44246,-28,7936,77.24,35.66,37,612963,613473
[Recv] <<< 23:c9:cc:4b:a0:3a,44252,-27,7937,77.25,35.66,208,613171,613681
[Recv] <<< 23:c9:cc:4b:a0:3a,44253,-27,7938,77.25,35.66,36,613207,613717
[Recv] <<< 23:c9:cc:4b:a0:3a,44255,-28,7939,77.25,35.66,72,613279,613789
[Recv] <<< 23:c9:cc:4b:a0:3a,44256,-27,7940,77.24,35.66,33,613312,613822
[Recv] <<< 23:c9:cc:4b:a0:3a,44257,-28,7941,77.24,35.66,27,613339,613849
[Recv] <<< 23:c9:cc:4b:a0:3a,44258,-28,7942,77.23,35.66,38,613377,613887
[Recv] <<< 23:c9:cc:4b:a0:3a,44259,-28,7943,77.23,35.66,28,613405,613915
[Recv] <<< 23:c9:cc:4b:a0:3a,44261,-28,7944,77.23,35.66,73,613478,613988
[Recv] <<< 23:c9:cc:4b:a0:3a,44263,-37,7945,77.22,35.66,60,613538,614048
[Recv] <<< 23:c9:cc:4b:a0:3a,44265,-31,7946,77.22,35.66,60,613598,614108
[Recv] <<< 23:c9:cc:4b:a0:3a,44267,-31,7947,77.22,35.66,66,613664,614174
[Recv] <<< 23:c9:cc:4b:a0:3a,44268,-28,7948,77.21,35.66,33,613697,614207
[Recv] <<< 23:c9:cc:4b:a0:3a,44269,-27,7949,77.21,35.66,37,613734,614244
[Recv] <<< 23:c9:cc:4b:a0:3a,44270,-31,7950,77.20,35.66,33,613767,614277
[Recv] <<< 23:c9:cc:4b:a0:3a,44271,-28,7951,77.20,35.65,28,613795,614305
[Recv] <<< 23:c9:cc:4b:a0:3a,44272,-28,7952,77.19,35.65,31,613826,614336
[Recv] <<< 23:c9:cc:4b:a0:3a,44273,-27,7953,77.19,35.65,46,613872,614382
[Recv] <<< 23:c9:cc:4b:a0:3a,44274,-28,7954,77.18,35.66,37,613909,614419
[Recv] <<< 23:c9:cc:4b:a0:3a,44278,-31,7955,77.19,35.65,137,614046,614556
[Recv] <<< 23:c9:cc:4b:a0:3a,44280,-28,7956,77.19,35.65,69,614115,614625
[Recv] <<< 23:c9:cc:4b:a0:3a,44282,-28,7957,77.19,35.65,63,614178,614688
[Recv] <<< 23:c9:cc:4b:a0:3a,44283,-37,7958,77.18,35.65,27,614205,614715
[Recv] <<< 23:c9:cc:4b:a0:3a,44289,-37,7959,77.20,35.65,206,614411,614921
[Recv] <<< 23:c9:cc:4b:a0:3a,44290,-37,7960,77.19,35.65,34,614445,614955
[Recv] <<< 23:c9:cc:4b:a0:3a,44291,-37,7961,77.19,35.65,38,614483,614993
[Recv] <<< 23:c9:cc:4b:a0:3a,44296,-28,7962,77.20,35.65,172,614655,615165
[Recv] <<< 23:c9:cc:4b:a0:3a,44297,-28,7963,77.19,35.65,28,614683,615193
[Recv] <<< 23:c9:cc:4b:a0:3a,44298,-37,7964,77.19,35.65,38,614721,615231
[Recv] <<< 23:c9:cc:4b:a0:3a,44299,-37,7965,77.18,35.65,32,614753,615263
[Recv] <<< 23:c9:cc:4b:a0:3a,44300,-37,7966,77.18,35.65,34,614787,615297
[Recv] <<< 23:c9:cc:4b:a0:3a,44301,-37,7967,77.17,35.65,32,614819,615329
[Recv] <<< 23:c9:cc:4b:a0:3a,44302,-37,7968,77.17,35.65,37,614856,615366
[Recv] <<< 23:c9:cc:4b:a0:3a,44303,-37,7969,77.16,35.65,26,614882,615392
[Recv] <<< 23:c9:cc:4b:a0:3a,44304,-37,7970,77.15,35.65,32,614914,615424
[Recv] <<< 23:c9:cc:4b:a0:3a,44305,-31,7971,77.15,35.65,40,614954,615464
[Recv] <<< 23:c9:cc:4b:a0:3a,44306,-31,7972,77.14,35.65,27,614981,615491
[Recv] <<< 23:c9:cc:4b:a0:3a,44307,-31,7973,77.14,35.65,36,615017,615527
[Recv] <<< 23:c9:cc:4b:a0:3a,44308,-31,7974,77.13,35.65,39,615056,615566
[Recv] <<< 23:c9:cc:4b:a0:3a,44317,-28,7975,77.16,35.65,292,615348,615858
[Recv] <<< 23:c9:cc:4b:a0:3a,44318,-28,7976,77.15,35.65,33,615381,615891
[Recv] <<< 23:c9:cc:4b:a0:3a,44319,-28,7977,77.15,35.65,39,615420,615930
[Recv] <<< 23:c9:cc:4b:a0:3a,44320,-28,7978,77.14,35.65,30,615450,615960
[Recv] <<< 23:c9:cc:4b:a0:3a,44321,-28,7979,77.14,35.65,36,615486,615996
[Recv] <<< 23:c9:cc:4b:a0:3a,44322,-28,7980,77.13,35.65,36,615522,616032
[Recv] <<< 23:c9:cc:4b:a0:3a,44323,-37,7981,77.13,35.65,27,615549,616059
[Recv] <<< 23:c9:cc:4b:a0:3a,44332,-37,7982,77.16,35.65,306,615855,616365
[Recv] <<< 23:c9:cc:4b:a0:3a,44333,-40,7983,77.15,35.65,29,615884,616394
[Recv] <<< 23:c9:cc:4b:a0:3a,44334,-37,7984,77.14,35.65,36,615920,616430
[Recv] <<< 23:c9:cc:4b:a0:3a,44335,-37,7985,77.14,35.65,32,615952,616462
[Recv] <<< 23:c9:cc:4b:a0:3a,44337,-31,7986,77.14,35.65,63,616015,616525
[Recv] <<< 23:c9:cc:4b:a0:3a,44338,-30,7987,77.13,35.65,31,616046,616556
[Recv] <<< 23:c9:cc:4b:a0:3a,44339,-31,7988,77.13,35.65,36,616082,616592
[Recv] <<< 23:c9:cc:4b:a0:3a,44340,-28,7989,77.12,35.65,24,616106,616616
[Recv] <<< 23:c9:cc:4b:a0:3a,44341,-28,7990,77.11,35.65,31,616137,616647
[Recv] <<< 23:c9:cc:4b:a0:3a,44342,-28,7991,77.11,35.65,36,616173,616683
[Recv] <<< 23:c9:cc:4b:a0:3a,44343,-37,7992,77.10,35.65,31,616204,616714
[Recv] <<< 23:c9:cc:4b:a0:3a,44344,-37,7993,77.10,35.65,33,616237,616747
[Recv] <<< 23:c9:cc:4b:a0:3a,44345,-37,7994,77.09,35.65,30,616267,616777
[Recv] <<< 23:c9:cc:4b:a0:3a,44346,-37,7995,77.09,35.64,31,616298,616808
[Recv] <<< 23:c9:cc:4b:a0:3a,44347,-28,7996,77.08,35.65,42,616340,616850
[Recv] <<< 23:c9:cc:4b:a0:3a,44348,-28,7997,77.08,35.65,41,616381,616891
[Recv] <<< 23:c9:cc:4b:a0:3a,44350,-28,7998,77.07,35.64,58,616439,616949
[Recv] <<< 23:c9:cc:4b:a0:3a,44351,-28,7999,77.07,35.64,37,616476,616986
[Recv] <<< 23:c9:cc:4b:a0:3a,44352,-28,8000,77.06,35.64,28,616504,617014
[Recv] <<< 23:c9:cc:4b:a0:3a,44353,-28,8001,77.06,35.64,37,616541,617051
[Recv] <<< 23:c9:cc:4b:a0:3a,44355,-28,8002,77.06,35.64,69,616610,617120
[Recv] <<< 23:c9:cc:4b:a0:3a,44356,-27,8003,77.05,35.64,32,616642,617152
[Recv] <<< 23:c9:cc:4b:a0:3a,44359,-28,8004,77.05,35.64,101,616743,617253
[Recv] <<< 23:c9:cc:4b:a0:3a,44360,-27,8005,77.05,35.64,36,616779,617289
[Recv] <<< 23:c9:cc:4b:a0:3a,44362,-37,8006,77.05,35.64,60,616839,617349
[Recv] <<< 23:c9:cc:4b:a0:3a,44363,-37,8007,77.04,35.64,37,616876,617386
[Recv] <<< 23:c9:cc:4b:a0:3a,44364,-37,8008,77.04,35.64,39,616915,617425
[Recv] <<< 23:c9:cc:4b:a0:3a,44365,-37,8009,77.03,35.64,29,616944,617454
[Recv] <<< 23:c9:cc:4b:a0:3a,44366,-37,8010,77.03,35.64,28,616972,617482
[Recv] <<< 23:c9:cc:4b:a0:3a,44367,-40,8011,77.02,35.64,44,617016,617526
[Recv] <<< 23:c9:cc:4b:a0:3a,44368,-37,8012,77.01,35.64,27,617043,617553
[Recv] <<< 23:c9:cc:4b:a0:3a,44369,-37,8013,77.01,35.64,39,617082,617592
[Recv] <<< 23:c9:cc:4b:a0:3a,44370,-37,8014,77.00,35.64,31,617113,617623
[Recv] <<< 23:c9:cc:4b:a0:3a,44371,-37,8015,77.00,35.64,32,617145,617655
[Recv] <<< 23:c9:cc:4b:a0:3a,44372,-37,8016,76.99,35.64,35,617180,617690
[Recv] <<< 23:c9:cc:4b:a0:3a,44373,-28,8017,76.99,35.64,47,617227,617737
[Recv] <<< 23:c9:cc:4b:a0:3a,44374,-28,8018,76.98,35.64,35,617262,617772
[Recv] <<< 23:c9:cc:4b:a0:3a,44375,-28,8019,76.98,35.64,32,617294,617804
[Recv] <<< 23:c9:cc:4b:a0:3a,44376,-28,8020,76.97,35.64,33,617327,617837
[Recv] <<< 23:c9:cc:4b:a0:3a,44377,-28,8021,76.97,35.64,40,617367,617877
[Recv] <<< 23:c9:cc:4b:a0:3a,44378,-27,8022,76.96,35.64,31,617398,617908
[Recv] <<< 23:c9:cc:4b:a0:3a,44380,-37,8023,76.96,35.64,61,617459,617969
[Recv] <<< 23:c9:cc:4b:a0:3a,44381,-37,8024,76.96,35.64,32,617491,618001
[Recv] <<< 23:c9:cc:4b:a0:3a,44382,-37,8025,76.95,35.64,37,617528,618038
[Recv] <<< 23:c9:cc:4b:a0:3a,44383,-37,8026,76.95,35.64,36,617564,618074
[Recv] <<< 23:c9:cc:4b:a0:3a,44384,-37,8027,76.94,35.64,39,617603,618113
[Recv] <<< 23:c9:cc:4b:a0:3a,44391,-37,8028,76.96,35.64,232,617835,618345
[Recv] <<< 23:c9:cc:4b:a0:3a,44392,-37,8029,76.96,35.64,38,617873,618383
[Recv] <<< 23:c9:cc:4b:a0:3a,44393,-37,8030,76.95,35.64,30,617903,618413
[Recv] <<< 23:c9:cc:4b:a0:3a,44398,-31,8031,76.96,35.64,162,618065,618575
[Recv] <<< 23:c9:cc:4b:a0:3a,44399,-31,8032,76.95,35.64,33,618098,618608
[Recv] <<< 23:c9:cc:4b:a0:3a,44400,-31,8033,76.95,35.64,32,618130,618640
[Recv] <<< 23:c9:cc:4b:a0:3a,44409,-37,8034,76.98,35.64,317,618447,618957
[Recv] <<< 23:c9:cc:4b:a0:3a,44410,-37,8035,76.97,35.64,34,618481,618991
[Recv] <<< 23:c9:cc:4b:a0:3a,44411,-37,8036,76.97,35.64,32,618513,619023
[Recv] <<< 23:c9:cc:4b:a0:3a,44412,-37,8037,76.96,35.64,37,618550,619060
[Recv] <<< 23:c9:cc:4b:a0:3a,44435,-28,8038,77.05,35.64,772,619322,619832
[Recv] <<< 23:c9:cc:4b:a0:3a,44457,-37,8039,77.13,35.63,758,620080,620590
[Recv] <<< 23:c9:cc:4b:a0:3a,44458,-37,8040,77.13,35.63,25,620105,620615
[Recv] <<< 23:c9:cc:4b:a0:3a,44459,-37,8041,77.12,35.63,41,620146,620656
[Recv] <<< 23:c9:cc:4b:a0:3a,44460,-37,8042,77.12,35.63,33,620179,620689
[Recv] <<< 23:c9:cc:4b:a0:3a,44491,-30,8043,77.24,35.63,1077,621256,621766
[Recv] <<< 23:c9:cc:4b:a0:3a,44492,-31,8044,77.24,35.63,25,621281,621791
[Recv] <<< 23:c9:cc:4b:a0:3a,44494,-31,8045,77.24,35.63,76,621357,621867
[Recv] <<< 23:c9:cc:4b:a0:3a,44495,-31,8046,77.23,35.63,25,621382,621892
[Recv] <<< 23:c9:cc:4b:a0:3a,44496,-31,8047,77.22,35.63,35,621417,621927
[Recv] <<< 23:c9:cc:4b:a0:3a,44497,-30,8048,77.22,35.63,34,621451,621961
[Recv] <<< 23:c9:cc:4b:a0:3a,44498,-31,8049,77.21,35.63,36,621487,621997
[Recv] <<< 23:c9:cc:4b:a0:3a,44499,-28,8050,77.21,35.63,25,621512,622022
[Recv] <<< 23:c9:cc:4b:a0:3a,44500,-27,8051,77.20,35.63,36,621548,622058
[Recv] <<< 23:c9:cc:4b:a0:3a,44501,-27,8052,77.20,35.63,37,621585,622095
[Recv] <<< 23:c9:cc:4b:a0:3a,44502,-28,8053,77.19,35.63,37,621622,622132
[Recv] <<< 23:c9:cc:4b:a0:3a,44503,-27,8054,77.19,35.63,31,621653,622163
[Recv] <<< 23:c9:cc:4b:a0:3a,44504,-37,8055,77.18,35.63,26,621679,622189
[Recv] <<< 23:c9:cc:4b:a0:3a,44505,-30,8056,77.18,35.63,48,621727,622237
[Recv] <<< 23:c9:cc:4b:a0:3a,44506,-31,8057,77.17,35.63,38,621765,622275
[Recv] <<< 23:c9:cc:4b:a0:3a,44507,-37,8058,77.17,35.63,38,621803,622313
[Recv] <<< 23:c9:cc:4b:a0:3a,44508,-37,8059,77.16,35.63,31,621834,622344
[Recv] <<< 23:c9:cc:4b:a0:3a,44509,-37,8060,77.16,35.63,39,621873,622383
[Recv] <<< 23:c9:cc:4b:a0:3a,44511,-37,8061,77.15,35.63,64,621937,622447
[Recv] <<< 23:c9:cc:4b:a0:3a,44513,-31,8062,77.15,35.63,62,621999,622509
[Recv] <<< 23:c9:cc:4b:a0:3a,44514,-31,8063,77.15,35.63,28,622027,622537
[Recv] <<< 23:c9:cc:4b:a0:3a,44515,-31,8064,77.14,35.63,36,622063,622573
[Recv] <<< 23:c9:cc:4b:a0:3a,44516,-31,8065,77.14,35.63,31,622094,622604
[Recv] <<< 23:c9:cc:4b:a0:3a,44517,-30,8066,77.13,35.63,31,622125,622635
[Recv] <<< 23:c9:cc:4b:a0:3a,44520,-28,8067,77.13,35.63,96,622221,622731
[Recv] <<< 23:c9:cc:4b:a0:3a,44521,-27,8068,77.13,35.63,37,622258,622768
[Recv] <<< 23:c9:cc:4b:a0:3a,44529,-37,8069,77.15,35.63,259,622517,623027
[Recv] <<< 23:c9:cc:4b:a0:3a,44530,-37,8070,77.14,35.63,35,622552,623062
[Recv] <<< 23:c9:cc:4b:a0:3a,44576,-28,8071,77.33,35.63,1609,624161,624671
[Recv] <<< 23:c9:cc:4b:a0:3a,44577,-27,8072,77.33,35.63,29,624190,624700
[Recv] <<< 23:c9:cc:4b:a0:3a,44581,-27,8073,77.34,35.63,146,624336,624846
[Recv] <<< 23:c9:cc:4b:a0:3a,44583,-27,8074,77.33,35.62,63,624399,624909
[Recv] <<< 23:c9:cc:4b:a0:3a,44584,-27,8075,77.33,35.63,37,624436,624946
[Recv] <<< 23:c9:cc:4b:a0:3a,44585,-28,8076,77.32,35.62,31,624467,624977
[Recv] <<< 23:c9:cc:4b:a0:3a,44586,-28,8077,77.32,35.62,28,624495,625005
[Recv] <<< 23:c9:cc:4b:a0:3a,44587,-27,8078,77.31,35.62,30,624525,625035
[Recv] <<< 23:c9:cc:4b:a0:3a,44588,-28,8079,77.31,35.62,40,624565,625075
[Recv] <<< 23:c9:cc:4b:a0:3a,44594,-30,8080,77.32,35.62,221,624786,625296
[Recv] <<< 23:c9:cc:4b:a0:3a,44595,-31,8081,77.32,35.62,31,624817,625327
[Recv] <<< 23:c9:cc:4b:a0:3a,44596,-31,8082,77.31,35.62,35,624852,625362
[Recv] <<< 23:c9:cc:4b:a0:3a,44597,-30,8083,77.31,35.62,30,624882,625392
[Recv] <<< 23:c9:cc:4b:a0:3a,44598,-31,8084,77.30,35.62,38,624920,625430
[Recv] <<< 23:c9:cc:4b:a0:3a,44609,-37,8085,77.34,35.62,388,625308,625818
[Recv] <<< 23:c9:cc:4b:a0:3a,44610,-37,8086,77.34,35.62,35,625343,625853
[Recv] <<< 23:c9:cc:4b:a0:3a,44612,-37,8087,77.34,35.62,66,625409,625919
[Recv] <<< 23:c9:cc:4b:a0:3a,44614,-37,8088,77.33,35.62,69,625478,625988
[Recv] <<< 23:c9:cc:4b:a0:3a,44615,-37,8089,77.33,35.62,39,625517,626027
[Recv] <<< 23:c9:cc:4b:a0:3a,44679,-30,8090,77.59,35.62,2224,627741,628251
[Recv] <<< 23:c9:cc:4b:a0:3a,44680,-31,8091,77.59,35.62,43,627784,628294
[Recv] <<< 23:c9:cc:4b:a0:3a,44681,-31,8092,77.58,35.62,27,627811,628321
[Recv] <<< 23:c9:cc:4b:a0:3a,44686,-27,8093,77.59,35.62,165,627976,628486
[Recv] <<< 23:c9:cc:4b:a0:3a,44688,-31,8094,77.59,35.62,71,628047,628557
[Recv] <<< 23:c9:cc:4b:a0:3a,44689,-30,8095,77.59,35.62,32,628079,628589
[Recv] <<< 23:c9:cc:4b:a0:3a,44707,-28,8096,77.66,35.62,633,628712,629222
[Recv] <<< 23:c9:cc:4b:a0:3a,44709,-37,8097,77.65,35.62,58,628770,629280
[Recv] <<< 23:c9:cc:4b:a0:3a,44718,-31,8098,77.69,35.62,341,629111,629621
[Recv] <<< 23:c9:cc:4b:a0:3a,44719,-37,8099,77.68,35.62,36,629147,629657
[Recv] <<< 23:c9:cc:4b:a0:3a,44720,-37,8100,77.68,35.62,33,629180,629690
[Recv] <<< 23:c9:cc:4b:a0:3a,44721,-37,8101,77.67,35.62,37,629217,629727
[Recv] <<< 23:c9:cc:4b:a0:3a,44722,-37,8102,77.67,35.62,28,629245,629755
[Recv] <<< 23:c9:cc:4b:a0:3a,44723,-37,8103,77.66,35.62,35,629280,629790
[Recv] <<< 23:c9:cc:4b:a0:3a,44725,-28,8104,77.66,35.62,83,629363,629873
[Recv] <<< 23:c9:cc:4b:a0:3a,44727,-28,8105,77.66,35.62,72,629435,629945
[Recv] <<< 23:c9:cc:4b:a0:3a,44728,-31,8106,77.66,35.62,40,629475,629985
[Recv] <<< 23:c9:cc:4b:a0:3a,44744,-27,8107,77.71,35.62,552,630027,630537
[Recv] <<< 23:c9:cc:4b:a0:3a,44745,-27,8108,77.71,35.62,38,630065,630575
[Recv] <<< 23:c9:cc:4b:a0:3a,44746,-28,8109,77.70,35.62,32,630097,630607
[Recv] <<< 23:c9:cc:4b:a0:3a,44788,-37,8110,77.87,35.61,1423,631520,632030
[Recv] <<< 23:c9:cc:4b:a0:3a,44789,-37,8111,77.86,35.61,31,631551,632061
[Recv] <<< 23:c9:cc:4b:a0:3a,44790,-37,8112,77.86,35.61,32,631583,632093
[Recv] <<< 23:c9:cc:4b:a0:3a,44791,-37,8113,77.85,35.61,34,631617,632127
[Recv] <<< 23:c9:cc:4b:a0:3a,44820,-31,8114,77.97,35.61,995,632612,633122
[Recv] <<< 23:c9:cc:4b:a0:3a,44821,-31,8115,77.96,35.61,37,632649,633159
[Recv] <<< 23:c9:cc:4b:a0:3a,44822,-31,8116,77.96,35.61,35,632684,633194
[Recv] <<< 23:c9:cc:4b:a0:3a,44866,-28,8117,78.13,35.61,1468,634152,634662
[Recv] <<< 23:c9:cc:4b:a0:3a,44868,-37,8118,78.12,35.61,61,634213,634723
[Recv] <<< 23:c9:cc:4b:a0:3a,44871,-37,8119,78.13,35.61,101,634314,634824
[Recv] <<< 23:c9:cc:4b:a0:3a,44872,-37,8120,78.12,35.61,37,634351,634861
[Recv] <<< 23:c9:cc:4b:a0:3a,44873,-37,8121,78.12,35.61,25,634376,634886
[Recv] <<< 23:c9:cc:4b:a0:3a,44881,-28,8122,78.14,35.61,289,634665,635175
[Recv] <<< 23:c9:cc:4b:a0:3a,44882,-37,8123,78.14,35.61,30,634695,635205
[Recv] <<< 23:c9:cc:4b:a0:3a,44883,-37,8124,78.13,35.60,34,634729,635239
[Recv] <<< 23:c9:cc:4b:a0:3a,44884,-37,8125,78.12,35.60,34,634763,635273
[Recv] <<< 23:c9:cc:4b:a0:3a,44885,-27,8126,78.12,35.60,34,634797,635307
[Recv] <<< 23:c9:cc:4b:a0:3a,44886,-27,8127,78.11,35.61,43,634840,635350
[Recv] <<< 23:c9:cc:4b:a0:3a,44887,-31,8128,78.11,35.61,49,634889,635399
[Recv] <<< 23:c9:cc:4b:a0:3a,44888,-31,8129,78.10,35.61,24,634913,635423
[Recv] <<< 23:c9:cc:4b:a0:3a,44889,-30,8130,78.10,35.61,31,634944,635454
[Recv] <<< 23:c9:cc:4b:a0:3a,44890,-30,8131,78.09,35.60,32,634976,635486
[Recv] <<< 23:c9:cc:4b:a0:3a,44891,-30,8132,78.09,35.60,31,635007,635517
[Recv] <<< 23:c9:cc:4b:a0:3a,44892,-31,8133,78.08,35.60,40,635047,635557
[Recv] <<< 23:c9:cc:4b:a0:3a,44897,-37,8134,78.09,35.60,152,635199,635709
[Recv] <<< 23:c9:cc:4b:a0:3a,44898,-37,8135,78.09,35.60,25,635224,635734
[Recv] <<< 23:c9:cc:4b:a0:3a,44900,-31,8136,78.08,35.60,70,635294,635804
[Recv] <<< 23:c9:cc:4b:a0:3a,44901,-31,8137,78.08,35.60,39,635333,635843
[Recv] <<< 23:c9:cc:4b:a0:3a,44902,-37,8138,78.07,35.60,38,635371,635881
[Recv] <<< 23:c9:cc:4b:a0:3a,44903,-37,8139,78.07,35.60,35,635406,635916
[Recv] <<< 23:c9:cc:4b:a0:3a,44905,-37,8140,78.07,35.60,74,635480,635990
[Recv] <<< 23:c9:cc:4b:a0:3a,44906,-37,8141,78.06,35.60,25,635505,636015
[Recv] <<< 23:c9:cc:4b:a0:3a,44908,-31,8142,78.06,35.60,70,635575,636085
[Recv] <<< 23:c9:cc:4b:a0:3a,44911,-31,8143,78.06,35.60,108,635683,636193
[Recv] <<< 23:c9:cc:4b:a0:3a,44912,-31,8144,78.06,35.60,29,635712,636222
[Recv] <<< 23:c9:cc:4b:a0:3a,44913,-31,8145,78.05,35.60,35,635747,636257
[Recv] <<< 23:c9:cc:4b:a0:3a,44914,-30,8146,78.05,35.60,30,635777,636287
[Recv] <<< 23:c9:cc:4b:a0:3a,44915,-28,8147,78.04,35.60,37,635814,636324
[Recv] <<< 23:c9:cc:4b:a0:3a,44916,-27,8148,78.04,35.60,24,635838,636348
[Recv] <<< 23:c9:cc:4b:a0:3a,44918,-37,8149,78.04,35.60,70,635908,636418
[Recv] <<< 23:c9:cc:4b:a0:3a,44919,-37,8150,78.03,35.60,26,635934,636444
[Recv] <<< 23:c9:cc:4b:a0:3a,44921,-30,8151,78.03,35.60,62,635996,636506
[Recv] <<< 23:c9:cc:4b:a0:3a,44922,-30,8152,78.02,35.60,32,636028,636538
[Recv] <<< 23:c9:cc:4b:a0:3a,44923,-28,8153,78.02,35.60,33,636061,636571
[Recv] <<< 23:c9:cc:4b:a0:3a,44925,-28,8154,78.01,35.60,71,636132,636642
[Recv] <<< 23:c9:cc:4b:a0:3a,44926,-31,8155,78.01,35.60,41,636173,636683
[Recv] <<< 23:c9:cc:4b:a0:3a,44927,-30,8156,78.01,35.60,38,636211,636721
[Recv] <<< 23:c9:cc:4b:a0:3a,44928,-31,8157,78.00,35.60,40,636251,636761
[Recv] <<< 23:c9:cc:4b:a0:3a,44929,-31,8158,77.99,35.60,25,636276,636786
[Recv] <<< 23:c9:cc:4b:a0:3a,44930,-28,8159,77.99,35.60,39,636315,636825
[Recv] <<< 23:c9:cc:4b:a0:3a,44932,-28,8160,77.99,35.60,73,636388,636898
[Recv] <<< 23:c9:cc:4b:a0:3a,44933,-27,8161,77.98,35.60,28,636416,636926
[Recv] <<< 23:c9:cc:4b:a0:3a,44934,-37,8162,77.98,35.60,36,636452,636962
[Recv] <<< 23:c9:cc:4b:a0:3a,44956,-37,8163,78.06,35.60,767,637219,637729
[Recv] <<< 23:c9:cc:4b:a0:3a,44957,-30,8164,78.06,35.60,37,637256,637766
[Recv] <<< 23:c9:cc:4b:a0:3a,44958,-37,8165,78.05,35.60,45,637301,637811
[Recv] <<< 23:c9:cc:4b:a0:3a,44959,-37,8166,78.05,35.60,38,637339,637849
[Recv] <<< 23:c9:cc:4b:a0:3a,44960,-31,8167,78.04,35.60,25,637364,637874
[Recv] <<< 23:c9:cc:4b:a0:3a,44961,-30,8168,78.04,35.60,36,637400,637910
[Recv] <<< 23:c9:cc:4b:a0:3a,44963,-31,8169,78.03,35.60,66,637466,637976
[Recv] <<< 23:c9:cc:4b:a0:3a,44964,-37,8170,78.03,35.60,41,637507,638017
[Recv] <<< 23:c9:cc:4b:a0:3a,44965,-31,8171,78.02,35.60,25,637532,638042
[Recv] <<< 23:c9:cc:4b:a0:3a,44966,-30,8172,78.02,35.60,40,637572,638082
[Recv] <<< 23:c9:cc:4b:a0:3a,44968,-31,8173,78.02,35.60,62,637634,638144
[Recv] <<< 23:c9:cc:4b:a0:3a,44969,-31,8174,78.01,35.60,38,637672,638182
[Recv] <<< 23:c9:cc:4b:a0:3a,44970,-31,8175,78.01,35.60,24,637696,638206
[Recv] <<< 23:c9:cc:4b:a0:3a,44971,-31,8176,78.00,35.60,33,637729,638239
[Recv] <<< 23:c9:cc:4b:a0:3a,44972,-31,8177,77.99,35.60,29,637758,638268
[Recv] <<< 23:c9:cc:4b:a0:3a,44973,-31,8178,77.99,35.60,52,637810,638320
[Recv] <<< 23:c9:cc:4b:a0:3a,44974,-31,8179,77.98,35.60,26,637836,638346
[Recv] <<< 23:c9:cc:4b:a0:3a,44975,-30,8180,77.98,35.60,29,637865,638375
[Recv] <<< 23:c9:cc:4b:a0:3a,44977,-28,8181,77.98,35.60,66,637931,638441
[Recv] <<< 23:c9:cc:4b:a0:3a,44978,-28,8182,77.97,35.60,35,637966,638476
[Recv] <<< 23:c9:cc:4b:a0:3a,44979,-27,8183,77.97,35.60,35,638001,638511
[Recv] <<< 23:c9:cc:4b:a0:3a,44980,-28,8184,77.96,35.60,37,638038,638548
[Recv] <<< 23:c9:cc:4b:a0:3a,44981,-31,8185,77.96,35.60,35,638073,638583
[Recv] <<< 23:c9:cc:4b:a0:3a,44982,-31,8186,77.95,35.60,37,638110,638620
[Recv] <<< 23:c9:cc:4b:a0:3a,44983,-37,8187,77.95,35.60,39,638149,638659
[Recv] <<< 23:c9:cc:4b:a0:3a,44984,-37,8188,77.94,35.60,46,638195,638705
[Recv] <<< 23:c9:cc:4b:a0:3a,44985,-37,8189,77.94,35.60,31,638226,638736
[Recv] <<< 23:c9:cc:4b:a0:3a,44986,-37,8190,77.93,35.60,37,638263,638773
[Recv] <<< 23:c9:cc:4b:a0:3a,44987,-37,8191,77.93,35.60,38,638301,638811
[Recv] <<< 23:c9:cc:4b:a0:3a,44988,-37,8192,77.92,35.60,26,638327,638837
[Recv] <<< 23:c9:cc:4b:a0:3a,44989,-31,8193,77.92,35.60,32,638359,638869
[Recv] <<< 23:c9:cc:4b:a0:3a,44990,-31,8194,77.91,35.60,37,638396,638906
[Recv] <<< 23:c9:cc:4b:a0:3a,44991,-30,8195,77.90,35.60,29,638425,638935
[Recv] <<< 23:c9:cc:4b:a0:3a,44992,-31,8196,77.90,35.60,37,638462,638972
[Recv] <<< 23:c9:cc:4b:a0:3a,44993,-31,8197,77.89,35.60,29,638491,639001
[Recv] <<< 23:c9:cc:4b:a0:3a,44994,-31,8198,77.89,35.60,37,638528,639038
[Recv] <<< 23:c9:cc:4b:a0:3a,44996,-31,8199,77.89,35.60,70,638598,639108
[Recv] <<< 23:c9:cc:4b:a0:3a,44997,-31,8200,77.88,35.60,30,638628,639138
[Recv] <<< 23:c9:cc:4b:a0:3a,44998,-31,8201,77.88,35.60,35,638663,639173
[Recv] <<< 23:c9:cc:4b:a0:3a,44999,-31,8202,77.87,35.60,35,638698,639208
[Recv] <<< 23:c9:cc:4b:a0:3a,45000,-31,8203,77.86,35.60,28,638726,639236
[Recv] <<< 23:c9:cc:4b:a0:3a,45001,-30,8204,77.86,35.60,33,638759,639269
[Recv] <<< 23:c9:cc:4b:a0:3a,45002,-37,8205,77.85,35.60,41,638800,639310
[Recv] <<< 23:c9:cc:4b:a0:3a,45003,-37,8206,77.85,35.60,37,638837,639347
[Recv] <<< 23:c9:cc:4b:a0:3a,45004,-37,8207,77.84,35.60,36,638873,639383
[Recv] <<< 23:c9:cc:4b:a0:3a,45005,-37,8208,77.84,35.60,39,638912,639422
[Recv] <<< 23:c9:cc:4b:a0:3a,45006,-37,8209,77.83,35.60,30,638942,639452
[Recv] <<< 23:c9:cc:4b:a0:3a,45007,-37,8210,77.83,35.60,37,638979,639489
[Recv] <<< 23:c9:cc:4b:a0:3a,45008,-37,8211,77.82,35.60,35,639014,639524
[Recv] <<< 23:c9:cc:4b:a0:3a,45009,-37,8212,77.82,35.60,34,639048,639558
[Recv] <<< 23:c9:cc:4b:a0:3a,45010,-40,8213,77.81,35.60,37,639085,639595
[Recv] <<< 23:c9:cc:4b:a0:3a,45013,-37,8214,77.82,35.59,89,639174,639684
[Recv] <<< 23:c9:cc:4b:a0:3a,45014,-30,8215,77.81,35.59,31,639205,639715
[Recv] <<< 23:c9:cc:4b:a0:3a,45015,-37,8216,77.81,35.60,47,639252,639762
[Recv] <<< 23:c9:cc:4b:a0:3a,45016,-37,8217,77.80,35.59,30,639282,639792
[Recv] <<< 23:c9:cc:4b:a0:3a,45017,-37,8218,77.79,35.59,37,639319,639829
[Recv] <<< 23:c9:cc:4b:a0:3a,45018,-37,8219,77.79,35.59,37,639356,639866
[Recv] <<< 23:c9:cc:4b:a0:3a,45019,-37,8220,77.78,35.59,32,639388,639898
[Recv] <<< 23:c9:cc:4b:a0:3a,45020,-37,8221,77.78,35.59,33,639421,639931
[Recv] <<< 23:c9:cc:4b:a0:3a,45021,-37,8222,77.77,35.59,37,639458,639968
[Recv] <<< 23:c9:cc:4b:a0:3a,45022,-37,8223,77.77,35.59,35,639493,640003
[Recv] <<< 23:c9:cc:4b:a0:3a,45032,-31,8224,77.80,35.59,332,639825,640335
[Recv] <<< 23:c9:cc:4b:a0:3a,45034,-37,8225,77.80,35.59,77,639902,640412
[Recv] <<< 23:c9:cc:4b:a0:3a,45035,-37,8226,77.79,35.59,32,639934,640444
[Recv] <<< 23:c9:cc:4b:a0:3a,45037,-37,8227,77.79,35.59,73,640007,640517
[Recv] <<< 23:c9:cc:4b:a0:3a,45038,-37,8228,77.79,35.59,35,640042,640552
[Recv] <<< 23:c9:cc:4b:a0:3a,45048,-37,8229,77.82,35.59,330,640372,640882
[Recv] <<< 23:c9:cc:4b:a0:3a,45056,-27,8230,77.84,35.59,288,640660,641170
[Recv] <<< 23:c9:cc:4b:a0:3a,45063,-28,8231,77.87,35.59,261,640921,641431
[Recv] <<< 23:c9:cc:4b:a0:3a,45064,-28,8232,77.86,35.59,33,640954,641464
[Recv] <<< 23:c9:cc:4b:a0:3a,45065,-28,8233,77.86,35.59,35,640989,641499
[Recv] <<< 23:c9:cc:4b:a0:3a,45066,-28,8234,77.85,35.59,39,641028,641538
[Recv] <<< 23:c9:cc:4b:a0:3a,45068,-28,8235,77.85,35.59,66,641094,641604
[Recv] <<< 23:c9:cc:4b:a0:3a,45069,-28,8236,77.84,35.59,34,641128,641638
[Recv] <<< 23:c9:cc:4b:a0:3a,45070,-31,8237,77.84,35.59,43,641171,641681
[Recv] <<< 23:c9:cc:4b:a0:3a,45072,-28,8238,77.84,35.59,58,641229,641739
[Recv] <<< 23:c9:cc:4b:a0:3a,45075,-28,8239,77.84,35.59,103,641332,641842
[Recv] <<< 23:c9:cc:4b:a0:3a,45076,-37,8240,77.84,35.59,30,641362,641872
[Recv] <<< 23:c9:cc:4b:a0:3a,45077,-37,8241,77.83,35.59,36,641398,641908
[Recv] <<< 23:c9:cc:4b:a0:3a,45081,-28,8242,77.84,35.59,147,641545,642055
[Recv] <<< 23:c9:cc:4b:a0:3a,45083,-27,8243,77.84,35.59,61,641606,642116
[Recv] <<< 23:c9:cc:4b:a0:3a,45090,-30,8244,77.86,35.59,265,641871,642381
[Recv] <<< 23:c9:cc:4b:a0:3a,45091,-27,8245,77.85,35.59,31,641902,642412
[Recv] <<< 23:c9:cc:4b:a0:3a,45092,-31,8246,77.85,35.59,38,641940,642450
[Recv] <<< 23:c9:cc:4b:a0:3a,45093,-31,8247,77.84,35.59,38,641978,642488
[Recv] <<< 23:c9:cc:4b:a0:3a,45099,-28,8248,77.86,35.59,197,642175,642685
[Recv] <<< 23:c9:cc:4b:a0:3a,45100,-31,8249,77.85,35.59,39,642214,642724
[Recv] <<< 23:c9:cc:4b:a0:3a,45101,-31,8250,77.85,35.59,39,642253,642763
[Recv] <<< 23:c9:cc:4b:a0:3a,45102,-31,8251,77.84,35.59,33,642286,642796
[Recv] <<< 23:c9:cc:4b:a0:3a,45104,-31,8252,77.84,35.59,70,642356,642866
[Recv] <<< 23:c9:cc:4b:a0:3a,45105,-31,8253,77.84,35.59,30,642386,642896
[Recv] <<< 23:c9:cc:4b:a0:3a,45106,-31,8254,77.83,35.59,32,642418,642928
[Recv] <<< 23:c9:cc:4b:a0:3a,45107,-31,8255,77.83,35.59,38,642456,642966
[Recv] <<< 23:c9:cc:4b:a0:3a,45108,-31,8256,77.82,35.59,36,642492,643002
[Recv] <<< 23:c9:cc:4b:a0:3a,45109,-30,8257,77.82,35.59,39,642531,643041
[Recv] <<< 23:c9:cc:4b:a0:3a,45110,-31,8258,77.81,35.59,25,642556,643066
[Recv] <<< 23:c9:cc:4b:a0:3a,45113,-30,8259,77.81,35.59,103,642659,643169
[Recv] <<< 23:c9:cc:4b:a0:3a,45115,-30,8260,77.81,35.59,77,642736,643246
[Recv] <<< 23:c9:cc:4b:a0:3a,45118,-28,8261,77.81,35.59,92,642828,643338
[Recv] <<< 23:c9:cc:4b:a0:3a,45130,-28,8262,77.86,35.59,441,643269,643779
[Recv] <<< 23:c9:cc:4b:a0:3a,45132,-28,8263,77.86,35.59,66,643335,643845
[Recv] <<< 23:c9:cc:4b:a0:3a,45133,-28,8264,77.85,35.59,40,643375,643885
[Recv] <<< 23:c9:cc:4b:a0:3a,45134,-28,8265,77.85,35.59,29,643404,643914
[Recv] <<< 23:c9:cc:4b:a0:3a,45135,-28,8266,77.84,35.59,38,643442,643952
[Recv] <<< 23:c9:cc:4b:a0:3a,45136,-28,8267,77.84,35.59,30,643472,643982
[Recv] <<< 23:c9:cc:4b:a0:3a,45139,-38,8268,77.84,35.59,96,643568,644078
[Recv] <<< 23:c9:cc:4b:a0:3a,45140,-40,8269,77.83,35.59,26,643594,644104
[Recv] <<< 23:c9:cc:4b:a0:3a,45141,-37,8270,77.83,35.59,46,643640,644150
[Recv] <<< 23:c9:cc:4b:a0:3a,45142,-28,8271,77.82,35.59,37,643677,644187
[Recv] <<< 23:c9:cc:4b:a0:3a,45144,-28,8272,77.82,35.59,73,643750,644260
[Recv] <<< 23:c9:cc:4b:a0:3a,45145,-28,8273,77.82,35.59,34,643784,644294
[Recv] <<< 23:c9:cc:4b:a0:3a,45146,-28,8274,77.81,35.59,36,643820,644330
[Recv] <<< 23:c9:cc:4b:a0:3a,45147,-28,8275,77.81,35.59,40,643860,644370
[Recv] <<< 23:c9:cc:4b:a0:3a,45148,-28,8276,77.80,35.59,23,643883,644393
[Recv] <<< 23:c9:cc:4b:a0:3a,45149,-28,8277,77.80,35.59,35,643918,644428
[Recv] <<< 23:c9:cc:4b:a0:3a,45150,-28,8278,77.79,35.59,38,643956,644466
[Recv] <<< 23:c9:cc:4b:a0:3a,45166,-38,8279,77.85,35.59,574,644530,645040
[Recv] <<< 23:c9:cc:4b:a0:3a,45167,-37,8280,77.85,35.59,43,644573,645083
[Recv] <<< 23:c9:cc:4b:a0:3a,45168,-28,8281,77.84,35.59,33,644606,645116
[Recv] <<< 23:c9:cc:4b:a0:3a,45169,-28,8282,77.84,35.59,33,644639,645149
[Recv] <<< 23:c9:cc:4b:a0:3a,45170,-28,8283,77.83,35.59,41,644680,645190
[Recv] <<< 23:c9:cc:4b:a0:3a,45171,-28,8284,77.83,35.59,35,644715,645225
[Recv] <<< 23:c9:cc:4b:a0:3a,45173,-28,8285,77.83,35.59,67,644782,645292
[Recv] <<< 23:c9:cc:4b:a0:3a,45174,-28,8286,77.82,35.59,30,644812,645322
[Recv] <<< 23:c9:cc:4b:a0:3a,45176,-37,8287,77.82,35.59,68,644880,645390
[Recv] <<< 23:c9:cc:4b:a0:3a,45177,-28,8288,77.81,35.59,47,644927,645437
[Recv] <<< 23:c9:cc:4b:a0:3a,45178,-28,8289,77.81,35.59,31,644958,645468
[Recv] <<< 23:c9:cc:4b:a0:3a,45180,-28,8290,77.81,35.59,77,645035,645545
[Recv] <<< 23:c9:cc:4b:a0:3a,45181,-28,8291,77.80,35.59,32,645067,645577
[Recv] <<< 23:c9:cc:4b:a0:3a,45183,-28,8292,77.80,35.59,65,645132,645642
[Recv] <<< 23:c9:cc:4b:a0:3a,45184,-28,8293,77.80,35.59,40,645172,645682
[Recv] <<< 23:c9:cc:4b:a0:3a,45185,-28,8294,77.79,35.59,26,645198,645708
[Recv] <<< 23:c9:cc:4b:a0:3a,45186,-28,8295,77.79,35.59,34,645232,645742
[Recv] <<< 23:c9:cc:4b:a0:3a,45187,-28,8296,77.78,35.59,36,645268,645778
[Recv] <<< 23:c9:cc:4b:a0:3a,45188,-28,8297,77.78,35.59,34,645302,645812
[Recv] <<< 23:c9:cc:4b:a0:3a,45211,-31,8298,77.86,35.59,803,646105,646615
[Recv] <<< 23:c9:cc:4b:a0:3a,45212,-30,8299,77.86,35.59,32,646137,646647
[Recv] <<< 23:c9:cc:4b:a0:3a,45213,-31,8300,77.85,35.59,31,646168,646678
[Recv] <<< 23:c9:cc:4b:a0:3a,45214,-31,8301,77.85,35.59,37,646205,646715
[Recv] <<< 23:c9:cc:4b:a0:3a,45215,-31,8302,77.84,35.59,37,646242,646752
[Recv] <<< 23:c9:cc:4b:a0:3a,45249,-28,8303,77.97,35.58,1148,647390,647900
[Recv] <<< 23:c9:cc:4b:a0:3a,45250,-31,8304,77.97,35.58,42,647432,647942
[Recv] <<< 23:c9:cc:4b:a0:3a,45251,-31,8305,77.96,35.58,34,647466,647976
[Recv] <<< 23:c9:cc:4b:a0:3a,45252,-31,8306,77.96,35.58,36,647502,648012
[Recv] <<< 23:c9:cc:4b:a0:3a,45253,-31,8307,77.95,35.58,33,647535,648045
[Recv] <<< 23:c9:cc:4b:a0:3a,45254,-28,8308,77.94,35.58,28,647563,648073
[Recv] <<< 23:c9:cc:4b:a0:3a,45255,-27,8309,77.94,35.58,33,647596,648106
[Recv] <<< 23:c9:cc:4b:a0:3a,45256,-28,8310,77.93,35.58,36,647632,648142
[Recv] <<< 23:c9:cc:4b:a0:3a,45258,-28,8311,77.93,35.58,61,647693,648203
[Recv] <<< 23:c9:cc:4b:a0:3a,45259,-28,8312,77.93,35.58,31,647724,648234
[Recv] <<< 23:c9:cc:4b:a0:3a,45260,-37,8313,77.92,35.58,36,647760,648270
[Recv] <<< 23:c9:cc:4b:a0:3a,45265,-28,8314,77.93,35.58,179,647939,648449
[Recv] <<< 23:c9:cc:4b:a0:3a,45266,-37,8315,77.93,35.58,29,647968,648478
[Recv] <<< 23:c9:cc:4b:a0:3a,45268,-38,8316,77.93,35.58,63,648031,648541
[Recv] <<< 23:c9:cc:4b:a0:3a,45269,-38,8317,77.92,35.58,39,648070,648580
[Recv] <<< 23:c9:cc:4b:a0:3a,45270,-28,8318,77.92,35.58,36,648106,648616
[Recv] <<< 23:c9:cc:4b:a0:3a,45277,-28,8319,77.94,35.58,288,648394,648904
[Recv] <<< 23:c9:cc:4b:a0:3a,45281,-37,8320,77.95,35.59,161,648555,649065
[Recv] <<< 23:c9:cc:4b:a0:3a,45288,-31,8321,77.97,35.59,264,648819,649329
[Recv] <<< 23:c9:cc:4b:a0:3a,45289,-37,8322,77.97,35.59,42,648861,649371
[Recv] <<< 23:c9:cc:4b:a0:3a,45290,-38,8323,77.96,35.59,33,648894,649404
[Recv] <<< 23:c9:cc:4b:a0:3a,45291,-38,8324,77.96,35.59,38,648932,649442
[Recv] <<< 23:c9:cc:4b:a0:3a,45292,-28,8325,77.96,35.59,46,648978,649488
[Recv] <<< 23:c9:cc:4b:a0:3a,45293,-28,8326,77.95,35.59,35,649013,649523
[Recv] <<< 23:c9:cc:4b:a0:3a,45295,-31,8327,77.95,35.59,72,649085,649595
[Recv] <<< 23:c9:cc:4b:a0:3a,45299,-28,8328,77.96,35.59,165,649250,649760
[Recv] <<< 23:c9:cc:4b:a0:3a,45300,-28,8329,77.95,35.59,37,649287,649797
[Recv] <<< 23:c9:cc:4b:a0:3a,45301,-31,8330,77.95,35.59,43,649330,649840
[Recv] <<< 23:c9:cc:4b:a0:3a,45302,-31,8331,77.95,35.59,31,649361,649871
[Recv] <<< 23:c9:cc:4b:a0:3a,45303,-37,8332,77.94,35.59,43,649404,649914
[Recv] <<< 23:c9:cc:4b:a0:3a,45305,-43,8333,77.94,35.59,82,649486,649996
[Recv] <<< 23:c9:cc:4b:a0:3a,45306,-37,8334,77.94,35.59,35,649521,650031
[Recv] <<< 23:c9:cc:4b:a0:3a,45307,-28,8335,77.93,35.59,43,649564,650074
[Recv] <<< 23:c9:cc:4b:a0:3a,45308,-31,8336,77.93,35.59,51,649615,650125
[Recv] <<< 23:c9:cc:4b:a0:3a,45309,-31,8337,77.92,35.59,34,649649,650159
[Recv] <<< 23:c9:cc:4b:a0:3a,45310,-37,8338,77.92,35.59,41,649690,650200
[Recv] <<< 23:c9:cc:4b:a0:3a,45311,-37,8339,77.91,35.59,35,649725,650235
[Recv] <<< 23:c9:cc:4b:a0:3a,45313,-28,8340,77.91,35.59,76,649801,650311
[Recv] <<< 23:c9:cc:4b:a0:3a,45315,-31,8341,77.92,35.59,89,649890,650400
[Recv] <<< 23:c9:cc:4b:a0:3a,45316,-37,8342,77.91,35.59,38,649928,650438
[Recv] <<< 23:c9:cc:4b:a0:3a,45317,-28,8343,77.91,35.59,46,649974,650484
[Recv] <<< 23:c9:cc:4b:a0:3a,45318,-31,8344,77.90,35.59,36,650010,650520
[Recv] <<< 23:c9:cc:4b:a0:3a,45325,-38,8345,77.93,35.60,293,650303,650813
[Recv] <<< 23:c9:cc:4b:a0:3a,45326,-28,8346,77.92,35.60,52,650355,650865
[Recv] <<< 23:c9:cc:4b:a0:3a,45327,-28,8347,77.92,35.60,36,650391,650901
[Recv] <<< 23:c9:cc:4b:a0:3a,45328,-31,8348,77.92,35.60,47,650438,650948
[Recv] <<< 23:c9:cc:4b:a0:3a,45329,-37,8349,77.91,35.60,39,650477,650987
[Recv] <<< 23:c9:cc:4b:a0:3a,45330,-37,8350,77.91,35.60,43,650520,651030
[Recv] <<< 23:c9:cc:4b:a0:3a,45331,-37,8351,77.90,35.60,41,650561,651071
[Recv] <<< 23:c9:cc:4b:a0:3a,45332,-28,8352,77.90,35.60,40,650601,651111
[Recv] <<< 23:c9:cc:4b:a0:3a,45333,-31,8353,77.89,35.60,47,650648,651158
[Recv] <<< 23:c9:cc:4b:a0:3a,45334,-37,8354,77.89,35.60,42,650690,651200
[Recv] <<< 23:c9:cc:4b:a0:3a,45335,-28,8355,77.89,35.60,47,650737,651247
[Recv] <<< 23:c9:cc:4b:a0:3a,45336,-28,8356,77.88,35.60,35,650772,651282
[Recv] <<< 23:c9:cc:4b:a0:3a,45337,-31,8357,77.88,35.60,46,650818,651328
[Recv] <<< 23:c9:cc:4b:a0:3a,45338,-37,8358,77.87,35.60,43,650861,651371
[Recv] <<< 23:c9:cc:4b:a0:3a,45339,-28,8359,77.87,35.60,46,650907,651417
[Recv] <<< 23:c9:cc:4b:a0:3a,45340,-28,8360,77.86,35.60,32,650939,651449
[Recv] <<< 23:c9:cc:4b:a0:3a,45341,-31,8361,77.86,35.60,47,650986,651496
[Recv] <<< 23:c9:cc:4b:a0:3a,45342,-38,8362,77.86,35.60,44,651030,651540
[Recv] <<< 23:c9:cc:4b:a0:3a,45343,-28,8363,77.85,35.60,46,651076,651586
[Recv] <<< 23:c9:cc:4b:a0:3a,45347,-37,8364,77.86,35.60,166,651242,651752
[Recv] <<< 23:c9:cc:4b:a0:3a,45349,-31,8365,77.86,35.61,92,651334,651844
[Recv] <<< 23:c9:cc:4b:a0:3a,45350,-37,8366,77.86,35.61,42,651376,651886
[Recv] <<< 23:c9:cc:4b:a0:3a,45358,-37,8367,77.89,35.61,332,651708,652218
[Recv] <<< 23:c9:cc:4b:a0:3a,45359,-28,8368,77.89,35.61,46,651754,652264
[Recv] <<< 23:c9:cc:4b:a0:3a,45360,-28,8369,77.88,35.61,36,651790,652300
[Recv] <<< 23:c9:cc:4b:a0:3a,45361,-31,8370,77.88,35.61,43,651833,652343
[Recv] <<< 23:c9:cc:4b:a0:3a,45362,-31,8371,77.87,35.61,37,651870,652380
[Recv] <<< 23:c9:cc:4b:a0:3a,45363,-37,8372,77.87,35.61,44,651914,652424
[Recv] <<< 23:c9:cc:4b:a0:3a,45365,-28,8373,77.87,35.61,84,651998,652508
[Recv] <<< 23:c9:cc:4b:a0:3a,45367,-31,8374,77.87,35.61,86,652084,652594
[Recv] <<< 23:c9:cc:4b:a0:3a,45368,-37,8375,77.87,35.61,37,652121,652631
[Recv] <<< 23:c9:cc:4b:a0:3a,45369,-28,8376,77.86,35.61,46,652167,652677
[Recv] <<< 23:c9:cc:4b:a0:3a,45370,-37,8377,77.86,35.61,42,652209,652719
[Recv] <<< 23:c9:cc:4b:a0:3a,45372,-28,8378,77.86,35.61,85,652294,652804
[Recv] <<< 23:c9:cc:4b:a0:3a,45373,-31,8379,77.85,35.61,49,652343,652853
[Recv] <<< 23:c9:cc:4b:a0:3a,45393,-37,8380,77.95,35.62,837,653180,653690
[Recv] <<< 23:c9:cc:4b:a0:3a,45394,-28,8381,77.94,35.62,46,653226,653736
[Recv] <<< 23:c9:cc:4b:a0:3a,45395,-31,8382,77.94,35.62,42,653268,653778
[Recv] <<< 23:c9:cc:4b:a0:3a,45396,-38,8383,77.93,35.62,45,653313,653823
[Recv] <<< 23:c9:cc:4b:a0:3a,45397,-28,8384,77.93,35.62,42,653355,653865
[Recv] <<< 23:c9:cc:4b:a0:3a,45398,-30,8385,77.92,35.62,45,653400,653910
[Recv] <<< 23:c9:cc:4b:a0:3a,45399,-31,8386,77.92,35.62,40,653440,653950
[Recv] <<< 23:c9:cc:4b:a0:3a,45400,-37,8387,77.92,35.62,37,653477,653987
[Recv] <<< 23:c9:cc:4b:a0:3a,45401,-28,8388,77.91,35.62,41,653518,654028
[Recv] <<< 23:c9:cc:4b:a0:3a,45402,-31,8389,77.91,35.62,47,653565,654075
[Recv] <<< 23:c9:cc:4b:a0:3a,45406,-37,8390,77.92,35.63,163,653728,654238
[Recv] <<< 23:c9:cc:4b:a0:3a,45408,-28,8391,77.92,35.63,81,653809,654319
[Recv] <<< 23:c9:cc:4b:a0:3a,45409,-31,8392,77.91,35.63,45,653854,654364
[Recv] <<< 23:c9:cc:4b:a0:3a,45410,-37,8393,77.91,35.63,37,653891,654401
[Recv] <<< 23:c9:cc:4b:a0:3a,45411,-28,8394,77.90,35.63,42,653933,654443
[Recv] <<< 23:c9:cc:4b:a0:3a,45412,-31,8395,77.90,35.63,41,653974,654484
[Recv] <<< 23:c9:cc:4b:a0:3a,45418,-31,8396,77.92,35.63,246,654220,654730
[Recv] <<< 23:c9:cc:4b:a0:3a,45419,-38,8397,77.92,35.63,40,654260,654770
[Recv] <<< 23:c9:cc:4b:a0:3a,45420,-28,8398,77.91,35.63,46,654306,654816
[Recv] <<< 23:c9:cc:4b:a0:3a,45422,-31,8399,77.91,35.63,79,654385,654895
[Recv] <<< 23:c9:cc:4b:a0:3a,45423,-37,8400,77.91,35.63,40,654425,654935
[Recv] <<< 23:c9:cc:4b:a0:3a,45424,-37,8401,77.90,35.63,44,654469,654979
[Recv] <<< 23:c9:cc:4b:a0:3a,45425,-28,8402,77.90,35.63,40,654509,655019
[Recv] <<< 23:c9:cc:4b:a0:3a,45427,-37,8403,77.90,35.63,83,654592,655102
[Recv] <<< 23:c9:cc:4b:a0:3a,45428,-37,8404,77.90,35.63,44,654636,655146
[Recv] <<< 23:c9:cc:4b:a0:3a,45429,-28,8405,77.89,35.63,34,654670,655180
[Recv] <<< 23:c9:cc:4b:a0:3a,45451,-37,8406,77.99,35.64,897,655567,656077
[Recv] <<< 23:c9:cc:4b:a0:3a,45452,-38,8407,77.98,35.64,42,655609,656119
[Recv] <<< 23:c9:cc:4b:a0:3a,45453,-28,8408,77.98,35.64,41,655650,656160
[Recv] <<< 23:c9:cc:4b:a0:3a,45454,-31,8409,77.97,35.64,40,655690,656200
[Recv] <<< 23:c9:cc:4b:a0:3a,45455,-31,8410,77.97,35.64,43,655733,656243
[Recv] <<< 23:c9:cc:4b:a0:3a,45456,-38,8411,77.97,35.64,37,655770,656280
[Recv] <<< 23:c9:cc:4b:a0:3a,45457,-28,8412,77.96,35.64,41,655811,656321
[Recv] <<< 23:c9:cc:4b:a0:3a,45458,-28,8413,77.96,35.64,46,655857,656367
[Recv] <<< 23:c9:cc:4b:a0:3a,45459,-31,8414,77.95,35.64,45,655902,656412
[Recv] <<< 23:c9:cc:4b:a0:3a,45485,-37,8415,78.07,35.65,1032,656934,657444
[Recv] <<< 23:c9:cc:4b:a0:3a,45486,-28,8416,78.06,35.65,47,656981,657491
[Recv] <<< 23:c9:cc:4b:a0:3a,45487,-28,8417,78.06,35.65,36,657017,657527
[Recv] <<< 23:c9:cc:4b:a0:3a,45488,-31,8418,78.05,35.65,40,657057,657567
[Recv] <<< 23:c9:cc:4b:a0:3a,45586,-38,8419,78.51,35.67,3941,660998,661508
[Recv] <<< 23:c9:cc:4b:a0:3a,45588,-28,8420,78.51,35.67,79,661077,661587
[Recv] <<< 23:c9:cc:4b:a0:3a,45589,-28,8421,78.51,35.67,33,661110,661620
[Recv] <<< 23:c9:cc:4b:a0:3a,45590,-31,8422,78.50,35.67,44,661154,661664
[Recv] <<< 23:c9:cc:4b:a0:3a,45614,-38,8423,78.60,35.67,886,662040,662550
[Recv] <<< 23:c9:cc:4b:a0:3a,45615,-28,8424,78.59,35.67,41,662081,662591
[Recv] <<< 23:c9:cc:4b:a0:3a,45626,-31,8425,78.63,35.67,388,662469,662979
[Recv] <<< 23:c9:cc:4b:a0:3a,45630,-31,8426,78.64,35.67,142,662611,663121
[Recv] <<< 23:c9:cc:4b:a0:3a,45704,-31,8427,78.95,35.68,2705,665316,665826
[Recv] <<< 23:c9:cc:4b:a0:3a,45705,-37,8428,78.95,35.68,36,665352,665862
[Recv] <<< 23:c9:cc:4b:a0:3a,45713,-28,8429,78.97,35.68,288,665640,666150
[Recv] <<< 23:c9:cc:4b:a0:3a,45714,-28,8430,78.96,35.68,28,665668,666178
[Recv] <<< 23:c9:cc:4b:a0:3a,45716,-28,8431,78.96,35.68,75,665743,666253
[Recv] <<< 23:c9:cc:4b:a0:3a,45717,-28,8432,78.96,35.68,37,665780,666290
[Recv] <<< 23:c9:cc:4b:a0:3a,45718,-28,8433,78.95,35.68,39,665819,666329
[Recv] <<< 23:c9:cc:4b:a0:3a,45720,-28,8434,78.95,35.68,71,665890,666400
[Recv] <<< 23:c9:cc:4b:a0:3a,45721,-28,8435,78.95,35.68,34,665924,666434
[Recv] <<< 23:c9:cc:4b:a0:3a,45722,-31,8436,78.94,35.68,41,665965,666475
[Recv] <<< 23:c9:cc:4b:a0:3a,45723,-31,8437,78.94,35.68,40,666005,666515
[Recv] <<< 23:c9:cc:4b:a0:3a,45724,-31,8438,78.93,35.68,36,666041,666551
[Recv] <<< 23:c9:cc:4b:a0:3a,45725,-31,8439,78.93,35.68,30,666071,666581
[Recv] <<< 23:c9:cc:4b:a0:3a,45726,-31,8440,78.92,35.68,33,666104,666614
[Recv] <<< 23:c9:cc:4b:a0:3a,45727,-37,8441,78.92,35.68,50,666154,666664
[Recv] <<< 23:c9:cc:4b:a0:3a,45728,-40,8442,78.91,35.68,33,666187,666697
[Recv] <<< 23:c9:cc:4b:a0:3a,45735,-28,8443,78.93,35.68,252,666439,666949
[Recv] <<< 23:c9:cc:4b:a0:3a,45737,-28,8444,78.93,35.68,81,666520,667030
[Recv] <<< 23:c9:cc:4b:a0:3a,45738,-28,8445,78.93,35.68,29,666549,667059
[Recv] <<< 23:c9:cc:4b:a0:3a,45739,-28,8446,78.92,35.68,38,666587,667097
[Recv] <<< 23:c9:cc:4b:a0:3a,45740,-28,8447,78.92,35.68,34,666621,667131
[Recv] <<< 23:c9:cc:4b:a0:3a,45742,-28,8448,78.92,35.68,68,666689,667199
[Recv] <<< 23:c9:cc:4b:a0:3a,45743,-28,8449,78.91,35.68,46,666735,667245
[Recv] <<< 23:c9:cc:4b:a0:3a,45744,-28,8450,78.91,35.68,27,666762,667272
[Recv] <<< 23:c9:cc:4b:a0:3a,45745,-31,8451,78.90,35.68,43,666805,667315
[Recv] <<< 23:c9:cc:4b:a0:3a,45746,-31,8452,78.90,35.68,39,666844,667354
[Recv] <<< 23:c9:cc:4b:a0:3a,45747,-31,8453,78.89,35.68,36,666880,667390
[Recv] <<< 23:c9:cc:4b:a0:3a,45748,-31,8454,78.89,35.68,33,666913,667423
[Recv] <<< 23:c9:cc:4b:a0:3a,45749,-31,8455,78.88,35.68,29,666942,667452
[Recv] <<< 23:c9:cc:4b:a0:3a,45757,-31,8456,78.90,35.68,277,667219,667729
[Recv] <<< 23:c9:cc:4b:a0:3a,45758,-31,8457,78.90,35.68,29,667248,667758
[Recv] <<< 23:c9:cc:4b:a0:3a,45759,-28,8458,78.89,35.68,33,667281,667791
[Recv] <<< 23:c9:cc:4b:a0:3a,45762,-31,8459,78.90,35.68,112,667393,667903
[Recv] <<< 23:c9:cc:4b:a0:3a,45764,-31,8460,78.90,35.68,67,667460,667970
[Recv] <<< 23:c9:cc:4b:a0:3a,45765,-37,8461,78.89,35.68,49,667509,668019
[Recv] <<< 23:c9:cc:4b:a0:3a,45766,-38,8462,78.89,35.68,34,667543,668053
[Recv] <<< 23:c9:cc:4b:a0:3a,45767,-38,8463,78.88,35.68,35,667578,668088
[Recv] <<< 23:c9:cc:4b:a0:3a,45787,-31,8464,78.95,35.68,667,668245,668755
[Recv] <<< 23:c9:cc:4b:a0:3a,45789,-28,8465,78.95,35.68,64,668309,668819
[Recv] <<< 23:c9:cc:4b:a0:3a,45790,-28,8466,78.94,35.68,37,668346,668856
[Recv] <<< 23:c9:cc:4b:a0:3a,45793,-28,8467,78.95,35.68,105,668451,668961
[Recv] <<< 23:c9:cc:4b:a0:3a,45795,-28,8468,78.95,35.68,68,668519,669029
[Recv] <<< 23:c9:cc:4b:a0:3a,45797,-28,8469,78.94,35.67,64,668583,669093
[Recv] <<< 23:c9:cc:4b:a0:3a,45798,-28,8470,78.94,35.67,36,668619,669129
[Recv] <<< 23:c9:cc:4b:a0:3a,45800,-28,8471,78.94,35.67,71,668690,669200
[Recv] <<< 23:c9:cc:4b:a0:3a,45801,-28,8472,78.93,35.67,34,668724,669234
[Recv] <<< 23:c9:cc:4b:a0:3a,45803,-31,8473,78.93,35.67,65,668789,669299
[Recv] <<< 23:c9:cc:4b:a0:3a,45804,-31,8474,78.93,35.67,37,668826,669336
[Recv] <<< 23:c9:cc:4b:a0:3a,45806,-31,8475,78.93,35.67,74,668900,669410
[Recv] <<< 23:c9:cc:4b:a0:3a,45807,-31,8476,78.92,35.67,31,668931,669441
[Recv] <<< 23:c9:cc:4b:a0:3a,45808,-31,8477,78.91,35.67,31,668962,669472
[Recv] <<< 23:c9:cc:4b:a0:3a,45809,-31,8478,78.91,35.67,34,668996,669506
[Recv] <<< 23:c9:cc:4b:a0:3a,45810,-31,8479,78.90,35.67,39,669035,669545
[Recv] <<< 23:c9:cc:4b:a0:3a,45811,-37,8480,78.90,35.67,39,669074,669584
[Recv] <<< 23:c9:cc:4b:a0:3a,45812,-37,8481,78.90,35.67,35,669109,669619
[Recv] <<< 23:c9:cc:4b:a0:3a,45814,-37,8482,78.89,35.67,66,669175,669685
[Recv] <<< 23:c9:cc:4b:a0:3a,45815,-37,8483,78.89,35.67,50,669225,669735
[Recv] <<< 23:c9:cc:4b:a0:3a,45816,-37,8484,78.88,35.67,30,669255,669765
[Recv] <<< 23:c9:cc:4b:a0:3a,45820,-37,8485,78.89,35.67,133,669388,669898
[Recv] <<< 23:c9:cc:4b:a0:3a,45821,-37,8486,78.89,35.67,34,669422,669932
[Recv] <<< 23:c9:cc:4b:a0:3a,45822,-37,8487,78.88,35.67,33,669455,669965
[Recv] <<< 23:c9:cc:4b:a0:3a,45829,-31,8488,78.90,35.67,243,669698,670208
[Recv] <<< 23:c9:cc:4b:a0:3a,45830,-31,8489,78.89,35.67,26,669724,670234
[Recv] <<< 23:c9:cc:4b:a0:3a,45831,-31,8490,78.89,35.67,34,669758,670268
[Recv] <<< 23:c9:cc:4b:a0:3a,45832,-31,8491,78.88,35.67,35,669793,670303
[Recv] <<< 23:c9:cc:4b:a0:3a,45833,-31,8492,78.88,35.67,41,669834,670344
[Recv] <<< 23:c9:cc:4b:a0:3a,45834,-38,8493,78.87,35.67,38,669872,670382
[Recv] <<< 23:c9:cc:4b:a0:3a,45835,-38,8494,78.87,35.67,38,669910,670420
[Recv] <<< 23:c9:cc:4b:a0:3a,45838,-37,8495,78.87,35.67,98,670008,670518
[Recv] <<< 23:c9:cc:4b:a0:3a,45840,-28,8496,78.87,35.67,62,670070,670580
[Recv] <<< 23:c9:cc:4b:a0:3a,45843,-28,8497,78.87,35.67,100,670170,670680
[Recv] <<< 23:c9:cc:4b:a0:3a,45844,-28,8498,78.87,35.67,33,670203,670713
[Recv] <<< 23:c9:cc:4b:a0:3a,45848,-31,8499,78.87,35.67,146,670349,670859
[Recv] <<< 23:c9:cc:4b:a0:3a,45850,-31,8500,78.87,35.67,70,670419,670929
[Recv] <<< 23:c9:cc:4b:a0:3a,45851,-31,8501,78.87,35.67,31,670450,670960
[Recv] <<< 23:c9:cc:4b:a0:3a,45852,-31,8502,78.86,35.67,34,670484,670994
[Recv] <<< 23:c9:cc:4b:a0:3a,45856,-31,8503,78.87,35.67,139,670623,671133
[Recv] <<< 23:c9:cc:4b:a0:3a,45857,-31,8504,78.86,35.67,33,670656,671166
[Recv] <<< 23:c9:cc:4b:a0:3a,45859,-31,8505,78.86,35.67,65,670721,671231
[Recv] <<< 23:c9:cc:4b:a0:3a,45865,-28,8506,78.88,35.67,200,670921,671431
[Recv] <<< 23:c9:cc:4b:a0:3a,45866,-28,8507,78.87,35.67,32,670953,671463
[Recv] <<< 23:c9:cc:4b:a0:3a,45873,-37,8508,78.89,35.67,227,671180,671690
[Recv] <<< 23:c9:cc:4b:a0:3a,45874,-38,8509,78.88,35.67,35,671215,671725
[Recv] <<< 23:c9:cc:4b:a0:3a,45876,-37,8510,78.88,35.67,70,671285,671795
[Recv] <<< 23:c9:cc:4b:a0:3a,45877,-37,8511,78.88,35.67,32,671317,671827
[Recv] <<< 23:c9:cc:4b:a0:3a,45878,-31,8512,78.87,35.67,31,671348,671858
[Recv] <<< 23:c9:cc:4b:a0:3a,45879,-37,8513,78.87,35.67,50,671398,671908
[Recv] <<< 23:c9:cc:4b:a0:3a,45880,-37,8514,78.86,35.67,23,671421,671931
[Recv] <<< 23:c9:cc:4b:a0:3a,45881,-38,8515,78.86,35.67,40,671461,671971
[Recv] <<< 23:c9:cc:4b:a0:3a,45882,-37,8516,78.85,35.67,35,671496,672006
[Recv] <<< 23:c9:cc:4b:a0:3a,45883,-38,8517,78.85,35.67,29,671525,672035
[Recv] <<< 23:c9:cc:4b:a0:3a,45903,-37,8518,78.92,35.67,701,672226,672736
[Recv] <<< 23:c9:cc:4b:a0:3a,45905,-31,8519,78.92,35.67,58,672284,672794
[Recv] <<< 23:c9:cc:4b:a0:3a,45910,-31,8520,78.93,35.67,169,672453,672963
[Recv] <<< 23:c9:cc:4b:a0:3a,45911,-28,8521,78.92,35.67,31,672484,672994
[Recv] <<< 23:c9:cc:4b:a0:3a,45916,-37,8522,78.93,35.67,162,672646,673156
[Recv] <<< 23:c9:cc:4b:a0:3a,45917,-37,8523,78.92,35.66,31,672677,673187
[Recv] <<< 23:c9:cc:4b:a0:3a,45919,-37,8524,78.92,35.66,70,672747,673257
[Recv] <<< 23:c9:cc:4b:a0:3a,45920,-37,8525,78.92,35.66,31,672778,673288
[Recv] <<< 23:c9:cc:4b:a0:3a,45921,-37,8526,78.91,35.66,33,672811,673321
[Recv] <<< 23:c9:cc:4b:a0:3a,45922,-37,8527,78.91,35.66,29,672840,673350
[Recv] <<< 23:c9:cc:4b:a0:3a,45923,-37,8528,78.90,35.66,42,672882,673392
[Recv] <<< 23:c9:cc:4b:a0:3a,45924,-37,8529,78.90,35.66,35,672917,673427
[Recv] <<< 23:c9:cc:4b:a0:3a,45925,-31,8530,78.89,35.66,28,672945,673455
[Recv] <<< 23:c9:cc:4b:a0:3a,45927,-37,8531,78.89,35.66,75,673020,673530
[Recv] <<< 23:c9:cc:4b:a0:3a,45928,-38,8532,78.89,35.66,32,673052,673562
[Recv] <<< 23:c9:cc:4b:a0:3a,45930,-37,8533,78.88,35.66,66,673118,673628
[Recv] <<< 23:c9:cc:4b:a0:3a,45932,-37,8534,78.88,35.66,72,673190,673700
[Recv] <<< 23:c9:cc:4b:a0:3a,45934,-28,8535,78.88,35.66,81,673271,673781
[Recv] <<< 23:c9:cc:4b:a0:3a,45935,-28,8536,78.88,35.66,25,673296,673806
[Recv] <<< 23:c9:cc:4b:a0:3a,45937,-37,8537,78.88,35.66,68,673364,673874
[Recv] <<< 23:c9:cc:4b:a0:3a,45938,-37,8538,78.87,35.66,31,673395,673905
[Recv] <<< 23:c9:cc:4b:a0:3a,45939,-40,8539,78.87,35.66,36,673431,673941
[Recv] <<< 23:c9:cc:4b:a0:3a,45940,-28,8540,78.86,35.66,33,673464,673974
[Recv] <<< 23:c9:cc:4b:a0:3a,45941,-28,8541,78.85,35.66,27,673491,674001
[Recv] <<< 23:c9:cc:4b:a0:3a,45943,-28,8542,78.85,35.66,82,673573,674083
[Recv] <<< 23:c9:cc:4b:a0:3a,45945,-28,8543,78.85,35.66,74,673647,674157
[Recv] <<< 23:c9:cc:4b:a0:3a,45946,-28,8544,78.85,35.66,33,673680,674190
[Recv] <<< 23:c9:cc:4b:a0:3a,45947,-28,8545,78.84,35.66,32,673712,674222
[Recv] <<< 23:c9:cc:4b:a0:3a,45949,-37,8546,78.84,35.66,65,673777,674287
[Recv] <<< 23:c9:cc:4b:a0:3a,45950,-40,8547,78.84,35.66,32,673809,674319
[Recv] <<< 23:c9:cc:4b:a0:3a,45952,-31,8548,78.83,35.66,66,673875,674385
[Recv] <<< 23:c9:cc:4b:a0:3a,45953,-31,8549,78.83,35.66,29,673904,674414
[Recv] <<< 23:c9:cc:4b:a0:3a,45954,-31,8550,78.82,35.66,34,673938,674448
[Recv] <<< 23:c9:cc:4b:a0:3a,45955,-31,8551,78.82,35.66,38,673976,674486
[Recv] <<< 23:c9:cc:4b:a0:3a,45956,-31,8552,78.81,35.66,25,674001,674511
[Recv] <<< 23:c9:cc:4b:a0:3a,45957,-31,8553,78.81,35.66,37,674038,674548
[Recv] <<< 23:c9:cc:4b:a0:3a,45958,-31,8554,78.80,35.66,33,674071,674581
[Recv] <<< 23:c9:cc:4b:a0:3a,45959,-28,8555,78.80,35.66,26,674097,674607
[Recv] <<< 23:c9:cc:4b:a0:3a,45960,-31,8556,78.79,35.66,42,674139,674649
[Recv] <<< 23:c9:cc:4b:a0:3a,45961,-28,8557,78.79,35.66,34,674173,674683
[Recv] <<< 23:c9:cc:4b:a0:3a,45962,-28,8558,78.78,35.66,29,674202,674712
[Recv] <<< 23:c9:cc:4b:a0:3a,45964,-28,8559,78.78,35.66,70,674272,674782
[Recv] <<< 23:c9:cc:4b:a0:3a,45965,-28,8560,78.77,35.66,33,674305,674815
[Recv] <<< 23:c9:cc:4b:a0:3a,45966,-28,8561,78.77,35.66,34,674339,674849
[Recv] <<< 23:c9:cc:4b:a0:3a,45967,-28,8562,78.76,35.66,35,674374,674884
[Recv] <<< 23:c9:cc:4b:a0:3a,45968,-28,8563,78.76,35.66,25,674399,674909
[Recv] <<< 23:c9:cc:4b:a0:3a,45970,-37,8564,78.76,35.66,66,674465,674975
[Recv] <<< 23:c9:cc:4b:a0:3a,45971,-37,8565,78.75,35.66,27,674492,675002
[Recv] <<< 23:c9:cc:4b:a0:3a,45972,-28,8566,78.75,35.66,43,674535,675045
[Recv] <<< 23:c9:cc:4b:a0:3a,45973,-28,8567,78.74,35.66,40,674575,675085
[Recv] <<< 23:c9:cc:4b:a0:3a,45974,-28,8568,78.74,35.66,27,674602,675112
[Recv] <<< 23:c9:cc:4b:a0:3a,45975,-28,8569,78.73,35.66,35,674637,675147
[Recv] <<< 23:c9:cc:4b:a0:3a,45982,-38,8570,78.75,35.66,229,674866,675376
[Recv] <<< 23:c9:cc:4b:a0:3a,45987,-40,8571,78.76,35.66,170,675036,675546
[Recv] <<< 23:c9:cc:4b:a0:3a,45988,-37,8572,78.75,35.66,26,675062,675572
[Recv] <<< 23:c9:cc:4b:a0:3a,45989,-31,8573,78.75,35.66,32,675094,675604
[Recv] <<< 23:c9:cc:4b:a0:3a,45990,-31,8574,78.74,35.66,33,675127,675637
[Recv] <<< 23:c9:cc:4b:a0:3a,45991,-31,8575,78.74,35.66,33,675160,675670
[Recv] <<< 23:c9:cc:4b:a0:3a,45992,-31,8576,78.73,35.66,33,675193,675703
[Recv] <<< 23:c9:cc:4b:a0:3a,45993,-28,8577,78.72,35.66,29,675222,675732
[Recv] <<< 23:c9:cc:4b:a0:3a,45994,-28,8578,78.72,35.66,35,675257,675767
[Recv] <<< 23:c9:cc:4b:a0:3a,45995,-28,8579,78.71,35.66,34,675291,675801
[Recv] <<< 23:c9:cc:4b:a0:3a,45999,-31,8580,78.72,35.66,148,675439,675949
[Recv] <<< 23:c9:cc:4b:a0:3a,46000,-31,8581,78.72,35.66,34,675473,675983
[Recv] <<< 23:c9:cc:4b:a0:3a,46001,-31,8582,78.71,35.66,35,675508,676018
[Recv] <<< 23:c9:cc:4b:a0:3a,46005,-31,8583,78.72,35.66,135,675643,676153
[Recv] <<< 23:c9:cc:4b:a0:3a,46006,-31,8584,78.71,35.66,38,675681,676191
[Recv] <<< 23:c9:cc:4b:a0:3a,46007,-31,8585,78.71,35.66,26,675707,676217
[Recv] <<< 23:c9:cc:4b:a0:3a,46008,-31,8586,78.70,35.66,33,675740,676250
[Recv] <<< 23:c9:cc:4b:a0:3a,46009,-31,8587,78.70,35.66,38,675778,676288
[Recv] <<< 23:c9:cc:4b:a0:3a,46010,-31,8588,78.69,35.66,34,675812,676322
[Recv] <<< 23:c9:cc:4b:a0:3a,46013,-28,8589,78.69,35.65,97,675909,676419
[Recv] <<< 23:c9:cc:4b:a0:3a,46014,-28,8590,78.69,35.65,25,675934,676444
[Recv] <<< 23:c9:cc:4b:a0:3a,46015,-28,8591,78.68,35.65,33,675967,676477
[Recv] <<< 23:c9:cc:4b:a0:3a,46016,-37,8592,78.68,35.65,35,676002,676512
[Recv] <<< 23:c9:cc:4b:a0:3a,46017,-38,8593,78.67,35.65,26,676028,676538
[Recv] <<< 23:c9:cc:4b:a0:3a,46018,-37,8594,78.67,35.65,34,676062,676572
[Recv] <<< 23:c9:cc:4b:a0:3a,46019,-40,8595,78.66,35.65,32,676094,676604
[Recv] <<< 23:c9:cc:4b:a0:3a,46020,-31,8596,78.66,35.65,37,676131,676641
[Recv] <<< 23:c9:cc:4b:a0:3a,46021,-31,8597,78.65,35.65,32,676163,676673
[Recv] <<< 23:c9:cc:4b:a0:3a,46022,-37,8598,78.65,35.65,41,676204,676714
[Recv] <<< 23:c9:cc:4b:a0:3a,46023,-31,8599,78.64,35.65,29,676233,676743
[Recv] <<< 23:c9:cc:4b:a0:3a,46025,-37,8600,78.64,35.65,74,676307,676817
[Recv] <<< 23:c9:cc:4b:a0:3a,46026,-37,8601,78.64,35.65,35,676342,676852
[Recv] <<< 23:c9:cc:4b:a0:3a,46027,-37,8602,78.63,35.65,28,676370,676880
[Recv] <<< 23:c9:cc:4b:a0:3a,46028,-37,8603,78.62,35.65,35,676405,676915
[Recv] <<< 23:c9:cc:4b:a0:3a,46029,-37,8604,78.62,35.65,30,676435,676945
[Recv] <<< 23:c9:cc:4b:a0:3a,46032,-38,8605,78.62,35.65,109,676544,677054
[Recv] <<< 23:c9:cc:4b:a0:3a,46034,-31,8606,78.62,35.65,67,676611,677121
[Recv] <<< 23:c9:cc:4b:a0:3a,46035,-31,8607,78.62,35.65,35,676646,677156
[Recv] <<< 23:c9:cc:4b:a0:3a,46036,-31,8608,78.61,35.65,33,676679,677189
[Recv] <<< 23:c9:cc:4b:a0:3a,46038,-31,8609,78.61,35.65,70,676749,677259
[Recv] <<< 23:c9:cc:4b:a0:3a,46039,-31,8610,78.60,35.65,32,676781,677291
[Recv] <<< 23:c9:cc:4b:a0:3a,46040,-31,8611,78.60,35.65,33,676814,677324
[Recv] <<< 23:c9:cc:4b:a0:3a,46042,-31,8612,78.60,35.65,70,676884,677394
[Recv] <<< 23:c9:cc:4b:a0:3a,46043,-31,8613,78.59,35.65,37,676921,677431
[Recv] <<< 23:c9:cc:4b:a0:3a,46044,-31,8614,78.59,35.65,26,676947,677457
[Recv] <<< 23:c9:cc:4b:a0:3a,46045,-31,8615,78.58,35.65,44,676991,677501
[Recv] <<< 23:c9:cc:4b:a0:3a,46046,-31,8616,78.58,35.65,25,677016,677526
[Recv] <<< 23:c9:cc:4b:a0:3a,46047,-31,8617,78.57,35.65,38,677054,677564
[Recv] <<< 23:c9:cc:4b:a0:3a,46048,-31,8618,78.57,35.65,26,677080,677590
[Recv] <<< 23:c9:cc:4b:a0:3a,46049,-31,8619,78.56,35.65,42,677122,677632
[Recv] <<< 23:c9:cc:4b:a0:3a,46051,-31,8620,78.56,35.65,61,677183,677693
[Recv] <<< 23:c9:cc:4b:a0:3a,46052,-31,8621,78.56,35.65,41,677224,677734
[Recv] <<< 23:c9:cc:4b:a0:3a,46053,-31,8622,78.55,35.65,32,677256,677766
[Recv] <<< 23:c9:cc:4b:a0:3a,46054,-31,8623,78.55,35.65,40,677296,677806
[Recv] <<< 23:c9:cc:4b:a0:3a,46055,-31,8624,78.54,35.65,26,677322,677832
[Recv] <<< 23:c9:cc:4b:a0:3a,46056,-31,8625,78.53,35.65,31,677353,677863
[Recv] <<< 23:c9:cc:4b:a0:3a,46057,-31,8626,78.53,35.65,33,677386,677896
[Recv] <<< 23:c9:cc:4b:a0:3a,46058,-31,8627,78.52,35.65,37,677423,677933
[Recv] <<< 23:c9:cc:4b:a0:3a,46063,-31,8628,78.54,35.65,181,677604,678114
[Recv] <<< 23:c9:cc:4b:a0:3a,46064,-30,8629,78.53,35.65,29,677633,678143
[Recv] <<< 23:c9:cc:4b:a0:3a,46065,-31,8630,78.52,35.65,29,677662,678172
[Recv] <<< 23:c9:cc:4b:a0:3a,46066,-31,8631,78.52,35.65,35,677697,678207
[Recv] <<< 23:c9:cc:4b:a0:3a,46067,-31,8632,78.51,35.65,37,677734,678244
[Recv] <<< 23:c9:cc:4b:a0:3a,46068,-31,8633,78.51,35.65,27,677761,678271
[Recv] <<< 23:c9:cc:4b:a0:3a,46074,-31,8634,78.52,35.65,202,677963,678473
[Recv] <<< 23:c9:cc:4b:a0:3a,46076,-28,8635,78.52,35.65,63,678026,678536
[Recv] <<< 23:c9:cc:4b:a0:3a,46077,-28,8636,78.51,35.65,26,678052,678562
[Recv] <<< 23:c9:cc:4b:a0:3a,46078,-28,8637,78.51,35.65,34,678086,678596
[Recv] <<< 23:c9:cc:4b:a0:3a,46079,-28,8638,78.50,35.65,39,678125,678635
[Recv] <<< 23:c9:cc:4b:a0:3a,46080,-28,8639,78.50,35.65,37,678162,678672
[Recv] <<< 23:c9:cc:4b:a0:3a,46082,-28,8640,78.50,35.65,66,678228,678738
[Recv] <<< 23:c9:cc:4b:a0:3a,46083,-28,8641,78.49,35.65,36,678264,678774
[Recv] <<< 23:c9:cc:4b:a0:3a,46085,-28,8642,78.49,35.65,70,678334,678844
[Recv] <<< 23:c9:cc:4b:a0:3a,46086,-28,8643,78.49,35.65,29,678363,678873
[Recv] <<< 23:c9:cc:4b:a0:3a,46087,-28,8644,78.48,35.65,35,678398,678908
[Recv] <<< 23:c9:cc:4b:a0:3a,46088,-28,8645,78.48,35.65,34,678432,678942
[Recv] <<< 23:c9:cc:4b:a0:3a,46089,-37,8646,78.47,35.65,32,678464,678974
[Recv] <<< 23:c9:cc:4b:a0:3a,46090,-37,8647,78.47,35.65,35,678499,679009
[Recv] <<< 23:c9:cc:4b:a0:3a,46091,-37,8648,78.46,35.65,33,678532,679042
[Recv] <<< 23:c9:cc:4b:a0:3a,46092,-37,8649,78.46,35.65,30,678562,679072
[Recv] <<< 23:c9:cc:4b:a0:3a,46093,-37,8650,78.45,35.65,34,678596,679106
[Recv] <<< 23:c9:cc:4b:a0:3a,46103,-38,8651,78.48,35.65,353,678949,679459
[Recv] <<< 23:c9:cc:4b:a0:3a,46104,-37,8652,78.48,35.65,25,678974,679484
[Recv] <<< 23:c9:cc:4b:a0:3a,46105,-37,8653,78.47,35.65,42,679016,679526
[Recv] <<< 23:c9:cc:4b:a0:3a,46106,-37,8654,78.47,35.65,37,679053,679563
[Recv] <<< 23:c9:cc:4b:a0:3a,46107,-37,8655,78.46,35.65,29,679082,679592
[Recv] <<< 23:c9:cc:4b:a0:3a,46108,-37,8656,78.46,35.65,45,679127,679637
[Recv] <<< 23:c9:cc:4b:a0:3a,46109,-37,8657,78.45,35.65,34,679161,679671
[Recv] <<< 23:c9:cc:4b:a0:3a,46110,-37,8658,78.45,35.65,29,679190,679700
[Recv] <<< 23:c9:cc:4b:a0:3a,46112,-31,8659,78.45,35.65,67,679257,679767
[Recv] <<< 23:c9:cc:4b:a0:3a,46113,-31,8660,78.44,35.65,32,679289,679799
[Recv] <<< 23:c9:cc:4b:a0:3a,46114,-31,8661,78.43,35.64,32,679321,679831
[Recv] <<< 23:c9:cc:4b:a0:3a,46115,-31,8662,78.43,35.64,31,679352,679862
[Recv] <<< 23:c9:cc:4b:a0:3a,46117,-31,8663,78.43,35.64,68,679420,679930
[Recv] <<< 23:c9:cc:4b:a0:3a,46120,-31,8664,78.43,35.64,111,679531,680041
[Recv] <<< 23:c9:cc:4b:a0:3a,46122,-31,8665,78.43,35.64,67,679598,680108
[Recv] <<< 23:c9:cc:4b:a0:3a,46128,-28,8666,78.44,35.64,203,679801,680311
[Recv] <<< 23:c9:cc:4b:a0:3a,46130,-28,8667,78.44,35.64,67,679868,680378
[Recv] <<< 23:c9:cc:4b:a0:3a,46131,-28,8668,78.44,35.64,36,679904,680414
[Recv] <<< 23:c9:cc:4b:a0:3a,46133,-28,8669,78.44,35.64,62,679966,680476
[Recv] <<< 23:c9:cc:4b:a0:3a,46134,-37,8670,78.43,35.64,29,679995,680505
[Recv] <<< 23:c9:cc:4b:a0:3a,46136,-37,8671,78.43,35.64,68,680063,680573
[Recv] <<< 23:c9:cc:4b:a0:3a,46137,-28,8672,78.42,35.64,38,680101,680611
[Recv] <<< 23:c9:cc:4b:a0:3a,46138,-28,8673,78.42,35.64,33,680134,680644
[Recv] <<< 23:c9:cc:4b:a0:3a,46139,-28,8674,78.41,35.64,36,680170,680680
[Recv] <<< 23:c9:cc:4b:a0:3a,46140,-28,8675,78.41,35.64,35,680205,680715
[Recv] <<< 23:c9:cc:4b:a0:3a,46141,-28,8676,78.40,35.64,35,680240,680750
[Recv] <<< 23:c9:cc:4b:a0:3a,46143,-28,8677,78.40,35.64,68,680308,680818
[Recv] <<< 23:c9:cc:4b:a0:3a,46144,-28,8678,78.40,35.64,31,680339,680849
[Recv] <<< 23:c9:cc:4b:a0:3a,46145,-28,8679,78.39,35.64,33,680372,680882
[Recv] <<< 23:c9:cc:4b:a0:3a,46146,-28,8680,78.39,35.64,33,680405,680915
[Recv] <<< 23:c9:cc:4b:a0:3a,46149,-38,8681,78.39,35.64,97,680502,681012
[Recv] <<< 23:c9:cc:4b:a0:3a,46150,-37,8682,78.38,35.64,33,680535,681045
[Recv] <<< 23:c9:cc:4b:a0:3a,46151,-37,8683,78.38,35.64,36,680571,681081
[Recv] <<< 23:c9:cc:4b:a0:3a,46157,-37,8684,78.39,35.64,204,680775,681285
[Recv] <<< 23:c9:cc:4b:a0:3a,46159,-37,8685,78.39,35.64,65,680840,681350
[Recv] <<< 23:c9:cc:4b:a0:3a,46160,-37,8686,78.39,35.64,37,680877,681387
[Recv] <<< 23:c9:cc:4b:a0:3a,46161,-38,8687,78.38,35.64,26,680903,681413
[Recv] <<< 23:c9:cc:4b:a0:3a,46162,-38,8688,78.38,35.64,37,680940,681450
[Recv] <<< 23:c9:cc:4b:a0:3a,46163,-37,8689,78.37,35.64,32,680972,681482
[Recv] <<< 23:c9:cc:4b:a0:3a,46164,-37,8690,78.37,35.64,32,681004,681514
[Recv] <<< 23:c9:cc:4b:a0:3a,46165,-37,8691,78.36,35.64,40,681044,681554
[Recv] <<< 23:c9:cc:4b:a0:3a,46166,-37,8692,78.36,35.64,38,681082,681592
[Recv] <<< 23:c9:cc:4b:a0:3a,46175,-37,8693,78.38,35.64,313,681395,681905
[Recv] <<< 23:c9:cc:4b:a0:3a,46176,-37,8694,78.38,35.64,25,681420,681930
[Recv] <<< 23:c9:cc:4b:a0:3a,46177,-38,8695,78.37,35.64,37,681457,681967
[Recv] <<< 23:c9:cc:4b:a0:3a,46178,-37,8696,78.37,35.64,33,681490,682000
[Recv] <<< 23:c9:cc:4b:a0:3a,46179,-37,8697,78.36,35.64,27,681517,682027
[Recv] <<< 23:c9:cc:4b:a0:3a,46180,-37,8698,78.36,35.64,32,681549,682059
[Recv] <<< 23:c9:cc:4b:a0:3a,46181,-37,8699,78.35,35.64,37,681586,682096
[Recv] <<< 23:c9:cc:4b:a0:3a,46182,-38,8700,78.35,35.64,28,681614,682124
[Recv] <<< 23:c9:cc:4b:a0:3a,46183,-37,8701,78.34,35.64,41,681655,682165
[Recv] <<< 23:c9:cc:4b:a0:3a,46189,-37,8702,78.36,35.64,202,681857,682367
[Recv] <<< 23:c9:cc:4b:a0:3a,46190,-37,8703,78.35,35.64,39,681896,682406
[Recv] <<< 23:c9:cc:4b:a0:3a,46193,-37,8704,78.35,35.64,105,682001,682511
[Recv] <<< 23:c9:cc:4b:a0:3a,46194,-28,8705,78.35,35.64,37,682038,682548
[Recv] <<< 23:c9:cc:4b:a0:3a,46195,-28,8706,78.35,35.64,37,682075,682585
[Recv] <<< 23:c9:cc:4b:a0:3a,46196,-28,8707,78.34,35.64,32,682107,682617
[Recv] <<< 23:c9:cc:4b:a0:3a,46198,-28,8708,78.34,35.64,68,682175,682685
[Recv] <<< 23:c9:cc:4b:a0:3a,46199,-28,8709,78.33,35.64,38,682213,682723
[Recv] <<< 23:c9:cc:4b:a0:3a,46200,-31,8710,78.33,35.64,36,682249,682759
[Recv] <<< 23:c9:cc:4b:a0:3a,46201,-31,8711,78.33,35.64,41,682290,682800
[Recv] <<< 23:c9:cc:4b:a0:3a,46202,-38,8712,78.32,35.64,43,682333,682843
[Recv] <<< 23:c9:cc:4b:a0:3a,46203,-37,8713,78.32,35.64,39,682372,682882
[Recv] <<< 23:c9:cc:4b:a0:3a,46204,-38,8714,78.31,35.64,32,682404,682914
[Recv] <<< 23:c9:cc:4b:a0:3a,46223,-31,8715,78.38,35.64,654,683058,683568
[Recv] <<< 23:c9:cc:4b:a0:3a,46224,-31,8716,78.37,35.64,31,683089,683599
[Recv] <<< 23:c9:cc:4b:a0:3a,46226,-28,8717,78.37,35.64,68,683157,683667
[Recv] <<< 23:c9:cc:4b:a0:3a,46228,-28,8718,78.37,35.64,67,683224,683734
[Recv] <<< 23:c9:cc:4b:a0:3a,46229,-28,8719,78.36,35.64,30,683254,683764
[Recv] <<< 23:c9:cc:4b:a0:3a,46230,-28,8720,78.36,35.64,38,683292,683802
[Recv] <<< 23:c9:cc:4b:a0:3a,46234,-37,8721,78.36,35.64,120,683412,683922
[Recv] <<< 23:c9:cc:4b:a0:3a,46235,-31,8722,78.36,35.64,34,683446,683956
[Recv] <<< 23:c9:cc:4b:a0:3a,46243,-38,8723,78.38,35.64,287,683733,684243
[Recv] <<< 23:c9:cc:4b:a0:3a,46244,-37,8724,78.38,35.63,30,683763,684273
[Recv] <<< 23:c9:cc:4b:a0:3a,46262,-31,8725,78.44,35.63,605,684368,684878
[Recv] <<< 23:c9:cc:4b:a0:3a,46263,-28,8726,78.43,35.63,38,684406,684916
[Recv] <<< 23:c9:cc:4b:a0:3a,46264,-28,8727,78.43,35.63,32,684438,684948
[Recv] <<< 23:c9:cc:4b:a0:3a,46265,-28,8728,78.42,35.63,30,684468,684978
[Recv] <<< 23:c9:cc:4b:a0:3a,46266,-28,8729,78.42,35.63,40,684508,685018
[Recv] <<< 23:c9:cc:4b:a0:3a,46268,-28,8730,78.42,35.63,61,684569,685079
[Recv] <<< 23:c9:cc:4b:a0:3a,46269,-28,8731,78.41,35.63,45,684614,685124
[Recv] <<< 23:c9:cc:4b:a0:3a,46271,-28,8732,78.41,35.63,69,684683,685193
[Recv] <<< 23:c9:cc:4b:a0:3a,46272,-28,8733,78.41,35.63,30,684713,685223
[Recv] <<< 23:c9:cc:4b:a0:3a,46273,-28,8734,78.40,35.63,35,684748,685258
[Recv] <<< 23:c9:cc:4b:a0:3a,46274,-28,8735,78.40,35.63,37,684785,685295
[Recv] <<< 23:c9:cc:4b:a0:3a,46275,-28,8736,78.39,35.63,33,684818,685328
[Recv] <<< 23:c9:cc:4b:a0:3a,46276,-28,8737,78.38,35.63,31,684849,685359
[Recv] <<< 23:c9:cc:4b:a0:3a,46278,-37,8738,78.38,35.63,61,684910,685420
[Recv] <<< 23:c9:cc:4b:a0:3a,46279,-38,8739,78.38,35.63,34,684944,685454
[Recv] <<< 23:c9:cc:4b:a0:3a,46280,-28,8740,78.37,35.63,41,684985,685495
[Recv] <<< 23:c9:cc:4b:a0:3a,46281,-28,8741,78.37,35.63,34,685019,685529
[Recv] <<< 23:c9:cc:4b:a0:3a,46282,-28,8742,78.36,35.63,34,685053,685563
[Recv] <<< 23:c9:cc:4b:a0:3a,46283,-28,8743,78.36,35.63,31,685084,685594
[Recv] <<< 23:c9:cc:4b:a0:3a,46284,-31,8744,78.35,35.63,47,685131,685641
[Recv] <<< 23:c9:cc:4b:a0:3a,46285,-28,8745,78.35,35.63,27,685158,685668
[Recv] <<< 23:c9:cc:4b:a0:3a,46286,-28,8746,78.34,35.63,39,685197,685707
[Recv] <<< 23:c9:cc:4b:a0:3a,46299,-37,8747,78.38,35.63,432,685629,686139
[Recv] <<< 23:c9:cc:4b:a0:3a,46301,-28,8748,78.38,35.63,78,685707,686217
[Recv] <<< 23:c9:cc:4b:a0:3a,46303,-28,8749,78.38,35.63,67,685774,686284
[Recv] <<< 23:c9:cc:4b:a0:3a,46304,-31,8750,78.38,35.63,41,685815,686325
[Recv] <<< 23:c9:cc:4b:a0:3a,46305,-31,8751,78.37,35.63,32,685847,686357
[Recv] <<< 23:c9:cc:4b:a0:3a,46306,-31,8752,78.37,35.63,37,685884,686394
[Recv] <<< 23:c9:cc:4b:a0:3a,46307,-31,8753,78.36,35.63,31,685915,686425
[Recv] <<< 23:c9:cc:4b:a0:3a,46308,-31,8754,78.36,35.63,34,685949,686459
[Recv] <<< 23:c9:cc:4b:a0:3a,46309,-31,8755,78.35,35.63,37,685986,686496
[Recv] <<< 23:c9:cc:4b:a0:3a,46310,-37,8756,78.35,35.63,48,686034,686544
[Recv] <<< 23:c9:cc:4b:a0:3a,46311,-37,8757,78.34,35.63,30,686064,686574
[Recv] <<< 23:c9:cc:4b:a0:3a,46312,-37,8758,78.34,35.63,37,686101,686611
[Recv] <<< 23:c9:cc:4b:a0:3a,46313,-37,8759,78.33,35.63,33,686134,686644
[Recv] <<< 23:c9:cc:4b:a0:3a,46314,-40,8760,78.33,35.63,33,686167,686677
[Recv] <<< 23:c9:cc:4b:a0:3a,46315,-38,8761,78.32,35.63,31,686198,686708
[Recv] <<< 23:c9:cc:4b:a0:3a,46317,-37,8762,78.32,35.63,63,686261,686771
[Recv] <<< 23:c9:cc:4b:a0:3a,46320,-28,8763,78.33,35.63,114,686375,686885
[Recv] <<< 23:c9:cc:4b:a0:3a,46321,-28,8764,78.32,35.63,32,686407,686917
[Recv] <<< 23:c9:cc:4b:a0:3a,46322,-37,8765,78.32,35.63,31,686438,686948
[Recv] <<< 23:c9:cc:4b:a0:3a,46323,-28,8766,78.31,35.63,45,686483,686993
[Recv] <<< 23:c9:cc:4b:a0:3a,46324,-28,8767,78.31,35.63,34,686517,687027
[Recv] <<< 23:c9:cc:4b:a0:3a,46325,-28,8768,78.30,35.63,30,686547,687057
[Recv] <<< 23:c9:cc:4b:a0:3a,46326,-28,8769,78.30,35.63,32,686579,687089
[Recv] <<< 23:c9:cc:4b:a0:3a,46327,-28,8770,78.29,35.63,47,686626,687136
[Recv] <<< 23:c9:cc:4b:a0:3a,46328,-31,8771,78.29,35.63,34,686660,687170
[Recv] <<< 23:c9:cc:4b:a0:3a,46329,-31,8772,78.28,35.63,42,686702,687212
[Recv] <<< 23:c9:cc:4b:a0:3a,46330,-31,8773,78.28,35.63,39,686741,687251
[Recv] <<< 23:c9:cc:4b:a0:3a,46331,-37,8774,78.27,35.63,40,686781,687291
[Recv] <<< 23:c9:cc:4b:a0:3a,46332,-38,8775,78.27,35.63,34,686815,687325
[Recv] <<< 23:c9:cc:4b:a0:3a,46333,-38,8776,78.27,35.63,44,686859,687369
[Recv] <<< 23:c9:cc:4b:a0:3a,46334,-37,8777,78.26,35.63,30,686889,687399
[Recv] <<< 23:c9:cc:4b:a0:3a,46335,-40,8778,78.26,35.63,34,686923,687433
[Recv] <<< 23:c9:cc:4b:a0:3a,46336,-37,8779,78.25,35.63,37,686960,687470
[Recv] <<< 23:c9:cc:4b:a0:3a,46337,-37,8780,78.24,35.63,29,686989,687499
[Recv] <<< 23:c9:cc:4b:a0:3a,46338,-37,8781,78.24,35.63,40,687029,687539
[Recv] <<< 23:c9:cc:4b:a0:3a,46339,-37,8782,78.24,35.63,36,687065,687575
[Recv] <<< 23:c9:cc:4b:a0:3a,46340,-37,8783,78.23,35.63,27,687092,687602
[Recv] <<< 23:c9:cc:4b:a0:3a,46341,-37,8784,78.22,35.63,32,687124,687634
[Recv] <<< 23:c9:cc:4b:a0:3a,46349,-31,8785,78.25,35.63,304,687428,687938
[Recv] <<< 23:c9:cc:4b:a0:3a,46352,-28,8786,78.25,35.63,97,687525,688035
[Recv] <<< 23:c9:cc:4b:a0:3a,46361,-37,8787,78.28,35.63,304,687829,688339
[Recv] <<< 23:c9:cc:4b:a0:3a,46364,-38,8788,78.28,35.63,92,687921,688431
[Recv] <<< 23:c9:cc:4b:a0:3a,46365,-38,8789,78.27,35.63,37,687958,688468
[Recv] <<< 23:c9:cc:4b:a0:3a,46366,-37,8790,78.27,35.63,34,687992,688502
[Recv] <<< 23:c9:cc:4b:a0:3a,46367,-37,8791,78.27,35.63,37,688029,688539
[Recv] <<< 23:c9:cc:4b:a0:3a,46368,-37,8792,78.26,35.63,33,688062,688572
[Recv] <<< 23:c9:cc:4b:a0:3a,46369,-38,8793,78.26,35.63,40,688102,688612
[Recv] <<< 23:c9:cc:4b:a0:3a,46370,-37,8794,78.25,35.63,33,688135,688645
[Recv] <<< 23:c9:cc:4b:a0:3a,46379,-28,8795,78.28,35.63,318,688453,688963
[Recv] <<< 23:c9:cc:4b:a0:3a,46380,-28,8796,78.27,35.63,29,688482,688992
[Recv] <<< 23:c9:cc:4b:a0:3a,46381,-28,8797,78.27,35.63,38,688520,689030
[Recv] <<< 23:c9:cc:4b:a0:3a,46382,-28,8798,78.26,35.63,29,688549,689059
[Recv] <<< 23:c9:cc:4b:a0:3a,46383,-28,8799,78.26,35.63,33,688582,689092
[Recv] <<< 23:c9:cc:4b:a0:3a,46384,-28,8800,78.25,35.63,37,688619,689129
[Recv] <<< 23:c9:cc:4b:a0:3a,46386,-28,8801,78.25,35.63,71,688690,689200
[Recv] <<< 23:c9:cc:4b:a0:3a,46387,-28,8802,78.25,35.63,32,688722,689232
[Recv] <<< 23:c9:cc:4b:a0:3a,46388,-28,8803,78.24,35.63,30,688752,689262
[Recv] <<< 23:c9:cc:4b:a0:3a,46389,-28,8804,78.24,35.63,38,688790,689300
[Recv] <<< 23:c9:cc:4b:a0:3a,46390,-28,8805,78.23,35.63,29,688819,689329
[Recv] <<< 23:c9:cc:4b:a0:3a,46391,-28,8806,78.23,35.63,34,688853,689363
[Recv] <<< 23:c9:cc:4b:a0:3a,46392,-28,8807,78.22,35.63,37,688890,689400
[Recv] <<< 23:c9:cc:4b:a0:3a,46402,-37,8808,78.25,35.63,330,689220,689730
[Recv] <<< 23:c9:cc:4b:a0:3a,46403,-38,8809,78.24,35.63,34,689254,689764
[Recv] <<< 23:c9:cc:4b:a0:3a,46404,-40,8810,78.24,35.63,33,689287,689797
[Recv] <<< 23:c9:cc:4b:a0:3a,46405,-37,8811,78.23,35.63,34,689321,689831
[Recv] <<< 23:c9:cc:4b:a0:3a,46407,-31,8812,78.23,35.62,58,689379,689889
[Recv] <<< 23:c9:cc:4b:a0:3a,46408,-31,8813,78.23,35.62,31,689410,689920
[Recv] <<< 23:c9:cc:4b:a0:3a,46409,-31,8814,78.22,35.62,38,689448,689958
[Recv] <<< 23:c9:cc:4b:a0:3a,46410,-31,8815,78.22,35.62,31,689479,689989
[Recv] <<< 23:c9:cc:4b:a0:3a,46411,-31,8816,78.21,35.62,34,689513,690023
[Recv] <<< 23:c9:cc:4b:a0:3a,46412,-31,8817,78.21,35.62,33,689546,690056
[Recv] <<< 23:c9:cc:4b:a0:3a,46413,-31,8818,78.20,35.62,35,689581,690091
[Recv] <<< 23:c9:cc:4b:a0:3a,46414,-31,8819,78.20,35.62,34,689615,690125
[Recv] <<< 23:c9:cc:4b:a0:3a,46415,-31,8820,78.19,35.62,32,689647,690157
[Recv] <<< 23:c9:cc:4b:a0:3a,46416,-31,8821,78.19,35.62,43,689690,690200
[Recv] <<< 23:c9:cc:4b:a0:3a,46420,-28,8822,78.20,35.62,149,689839,690349
[Recv] <<< 23:c9:cc:4b:a0:3a,46421,-28,8823,78.19,35.62,35,689874,690384
[Recv] <<< 23:c9:cc:4b:a0:3a,46422,-28,8824,78.19,35.62,34,689908,690418
[Recv] <<< 23:c9:cc:4b:a0:3a,46423,-28,8825,78.18,35.62,30,689938,690448
[Recv] <<< 23:c9:cc:4b:a0:3a,46425,-37,8826,78.18,35.62,74,690012,690522
[Recv] <<< 23:c9:cc:4b:a0:3a,46427,-37,8827,78.18,35.62,57,690069,690579
[Recv] <<< 23:c9:cc:4b:a0:3a,46430,-37,8828,78.18,35.62,99,690168,690678
[Recv] <<< 23:c9:cc:4b:a0:3a,46431,-37,8829,78.17,35.62,39,690207,690717
[Recv] <<< 23:c9:cc:4b:a0:3a,46432,-37,8830,78.17,35.62,33,690240,690750
[Recv] <<< 23:c9:cc:4b:a0:3a,46441,-38,8831,78.20,35.62,308,690548,691058
[Recv] <<< 23:c9:cc:4b:a0:3a,46444,-28,8832,78.20,35.62,118,690666,691176
[Recv] <<< 23:c9:cc:4b:a0:3a,46446,-37,8833,78.20,35.62,64,690730,691240
[Recv] <<< 23:c9:cc:4b:a0:3a,46447,-38,8834,78.19,35.62,33,690763,691273
[Recv] <<< 23:c9:cc:4b:a0:3a,46448,-37,8835,78.19,35.62,33,690796,691306
[Recv] <<< 23:c9:cc:4b:a0:3a,46449,-37,8836,78.18,35.62,30,690826,691336
[Recv] <<< 23:c9:cc:4b:a0:3a,46450,-39,8837,78.18,35.62,32,690858,691368
[Recv] <<< 23:c9:cc:4b:a0:3a,46451,-28,8838,78.17,35.62,40,690898,691408
[Recv] <<< 23:c9:cc:4b:a0:3a,46452,-28,8839,78.17,35.62,42,690940,691450
[Recv] <<< 23:c9:cc:4b:a0:3a,46454,-28,8840,78.17,35.62,74,691014,691524
[Recv] <<< 23:c9:cc:4b:a0:3a,46455,-28,8841,78.16,35.62,34,691048,691558
[Recv] <<< 23:c9:cc:4b:a0:3a,46456,-28,8842,78.16,35.62,37,691085,691595
[Recv] <<< 23:c9:cc:4b:a0:3a,46458,-28,8843,78.16,35.62,67,691152,691662
[Recv] <<< 23:c9:cc:4b:a0:3a,46459,-28,8844,78.15,35.62,34,691186,691696
[Recv] <<< 23:c9:cc:4b:a0:3a,46460,-28,8845,78.15,35.62,35,691221,691731
[Recv] <<< 23:c9:cc:4b:a0:3a,46462,-28,8846,78.15,35.62,62,691283,691793
[Recv] <<< 23:c9:cc:4b:a0:3a,46463,-28,8847,78.14,35.62,35,691318,691828
[Recv] <<< 23:c9:cc:4b:a0:3a,46464,-28,8848,78.14,35.62,33,691351,691861
[Recv] <<< 23:c9:cc:4b:a0:3a,46465,-28,8849,78.13,35.62,33,691384,691894
[Recv] <<< 23:c9:cc:4b:a0:3a,46466,-28,8850,78.13,35.62,35,691419,691929
[Recv] <<< 23:c9:cc:4b:a0:3a,46467,-28,8851,78.12,35.62,28,691447,691957
[Recv] <<< 23:c9:cc:4b:a0:3a,46476,-28,8852,78.15,35.62,312,691759,692269
[Recv] <<< 23:c9:cc:4b:a0:3a,46477,-37,8853,78.14,35.62,25,691784,692294
[Recv] <<< 23:c9:cc:4b:a0:3a,46478,-38,8854,78.14,35.62,36,691820,692330
[Recv] <<< 23:c9:cc:4b:a0:3a,46479,-37,8855,78.13,35.62,36,691856,692366
[Recv] <<< 23:c9:cc:4b:a0:3a,46480,-38,8856,78.13,35.62,26,691882,692392
[Recv] <<< 23:c9:cc:4b:a0:3a,46484,-38,8857,78.13,35.62,137,692019,692529
[Recv] <<< 23:c9:cc:4b:a0:3a,46485,-38,8858,78.13,35.62,39,692058,692568
[Recv] <<< 23:c9:cc:4b:a0:3a,46486,-37,8859,78.12,35.62,38,692096,692606
[Recv] <<< 23:c9:cc:4b:a0:3a,46488,-31,8860,78.12,35.62,68,692164,692674
[Recv] <<< 23:c9:cc:4b:a0:3a,46489,-31,8861,78.12,35.62,37,692201,692711
[Recv] <<< 23:c9:cc:4b:a0:3a,46490,-31,8862,78.11,35.62,34,692235,692745
[Recv] <<< 23:c9:cc:4b:a0:3a,46491,-31,8863,78.11,35.62,34,692269,692779
[Recv] <<< 23:c9:cc:4b:a0:3a,46492,-31,8864,78.10,35.62,26,692295,692805
[Recv] <<< 23:c9:cc:4b:a0:3a,46493,-31,8865,78.10,35.62,33,692328,692838
[Recv] <<< 23:c9:cc:4b:a0:3a,46495,-31,8866,78.10,35.62,75,692403,692913
[Recv] <<< 23:c9:cc:4b:a0:3a,46496,-31,8867,78.09,35.62,25,692428,692938
[Recv] <<< 23:c9:cc:4b:a0:3a,46497,-31,8868,78.09,35.62,37,692465,692975
[Recv] <<< 23:c9:cc:4b:a0:3a,46498,-31,8869,78.08,35.62,30,692495,693005
[Recv] <<< 23:c9:cc:4b:a0:3a,46499,-31,8870,78.08,35.62,42,692537,693047
[Recv] <<< 23:c9:cc:4b:a0:3a,46500,-31,8871,78.07,35.62,25,692562,693072
[Recv] <<< 23:c9:cc:4b:a0:3a,46501,-31,8872,78.07,35.62,31,692593,693103
[Recv] <<< 23:c9:cc:4b:a0:3a,46502,-31,8873,78.06,35.62,33,692626,693136
[Recv] <<< 23:c9:cc:4b:a0:3a,46503,-31,8874,78.05,35.62,32,692658,693168
[Recv] <<< 23:c9:cc:4b:a0:3a,46504,-31,8875,78.05,35.62,36,692694,693204
[Recv] <<< 23:c9:cc:4b:a0:3a,46505,-31,8876,78.05,35.62,38,692732,693242
[Recv] <<< 23:c9:cc:4b:a0:3a,46506,-31,8877,78.04,35.62,34,692766,693276
[Recv] <<< 23:c9:cc:4b:a0:3a,46507,-31,8878,78.04,35.62,30,692796,693306
[Recv] <<< 23:c9:cc:4b:a0:3a,46508,-31,8879,78.03,35.62,33,692829,693339
[Recv] <<< 23:c9:cc:4b:a0:3a,46509,-31,8880,78.02,35.62,32,692861,693371
[Recv] <<< 23:c9:cc:4b:a0:3a,46510,-31,8881,78.02,35.62,39,692900,693410
[Recv] <<< 23:c9:cc:4b:a0:3a,46511,-31,8882,78.02,35.62,35,692935,693445
[Recv] <<< 23:c9:cc:4b:a0:3a,46512,-31,8883,78.01,35.62,26,692961,693471
[Recv] <<< 23:c9:cc:4b:a0:3a,46515,-28,8884,78.01,35.62,100,693061,693571
[Recv] <<< 23:c9:cc:4b:a0:3a,46518,-31,8885,78.02,35.62,113,693174,693684
[Recv] <<< 23:c9:cc:4b:a0:3a,46520,-31,8886,78.01,35.62,65,693239,693749
[Recv] <<< 23:c9:cc:4b:a0:3a,46521,-31,8887,78.01,35.62,38,693277,693787
[Recv] <<< 23:c9:cc:4b:a0:3a,46522,-31,8888,78.01,35.62,36,693313,693823
[Recv] <<< 23:c9:cc:4b:a0:3a,46523,-31,8889,78.00,35.62,33,693346,693856
[Recv] <<< 23:c9:cc:4b:a0:3a,46525,-31,8890,78.00,35.62,65,693411,693921
[Recv] <<< 23:c9:cc:4b:a0:3a,46526,-31,8891,77.99,35.62,39,693450,693960
[Recv] <<< 23:c9:cc:4b:a0:3a,46527,-31,8892,77.99,35.62,36,693486,693996
[Recv] <<< 23:c9:cc:4b:a0:3a,46528,-31,8893,77.98,35.62,30,693516,694026
[Recv] <<< 23:c9:cc:4b:a0:3a,46531,-31,8894,77.99,35.62,104,693620,694130
[Recv] <<< 23:c9:cc:4b:a0:3a,46532,-31,8895,77.98,35.62,33,693653,694163
[Recv] <<< 23:c9:cc:4b:a0:3a,46533,-31,8896,77.98,35.62,37,693690,694200
[Recv] <<< 23:c9:cc:4b:a0:3a,46535,-31,8897,77.98,35.62,75,693765,694275
[Recv] <<< 23:c9:cc:4b:a0:3a,46536,-31,8898,77.97,35.62,34,693799,694309
[Recv] <<< 23:c9:cc:4b:a0:3a,46539,-38,8899,77.97,35.62,99,693898,694408
[Recv] <<< 23:c9:cc:4b:a0:3a,46540,-31,8900,77.97,35.62,33,693931,694441
[Recv] <<< 23:c9:cc:4b:a0:3a,46541,-31,8901,77.96,35.62,32,693963,694473
[Recv] <<< 23:c9:cc:4b:a0:3a,46543,-31,8902,77.96,35.62,70,694033,694543
[Recv] <<< 23:c9:cc:4b:a0:3a,46544,-31,8903,77.96,35.62,34,694067,694577
[Recv] <<< 23:c9:cc:4b:a0:3a,46545,-31,8904,77.95,35.62,36,694103,694613
[Recv] <<< 23:c9:cc:4b:a0:3a,46546,-31,8905,77.95,35.61,29,694132,694642
[Recv] <<< 23:c9:cc:4b:a0:3a,46549,-31,8906,77.95,35.61,104,694236,694746
[Recv] <<< 23:c9:cc:4b:a0:3a,46550,-31,8907,77.95,35.61,31,694267,694777
[Recv] <<< 23:c9:cc:4b:a0:3a,46553,-31,8908,77.95,35.61,103,694370,694880
[Recv] <<< 23:c9:cc:4b:a0:3a,46554,-31,8909,77.95,35.61,44,694414,694924
[Recv] <<< 23:c9:cc:4b:a0:3a,46558,-28,8910,77.95,35.61,129,694543,695053
[Recv] <<< 23:c9:cc:4b:a0:3a,46559,-28,8911,77.95,35.61,35,694578,695088
[Recv] <<< 23:c9:cc:4b:a0:3a,46560,-31,8912,77.94,35.61,40,694618,695128
[Recv] <<< 23:c9:cc:4b:a0:3a,46561,-31,8913,77.94,35.61,37,694655,695165
[Recv] <<< 23:c9:cc:4b:a0:3a,46562,-31,8914,77.93,35.61,35,694690,695200
[Recv] <<< 23:c9:cc:4b:a0:3a,46563,-31,8915,77.93,35.61,36,694726,695236
[Recv] <<< 23:c9:cc:4b:a0:3a,46564,-31,8916,77.92,35.61,31,694757,695267
[Recv] <<< 23:c9:cc:4b:a0:3a,46565,-31,8917,77.92,35.61,31,694788,695298
[Recv] <<< 23:c9:cc:4b:a0:3a,46566,-31,8918,77.91,35.61,33,694821,695331
[Recv] <<< 23:c9:cc:4b:a0:3a,46567,-31,8919,77.91,35.61,37,694858,695368
[Recv] <<< 23:c9:cc:4b:a0:3a,46569,-31,8920,77.91,35.61,64,694922,695432
[Recv] <<< 23:c9:cc:4b:a0:3a,46570,-31,8921,77.90,35.61,40,694962,695472
[Recv] <<< 23:c9:cc:4b:a0:3a,46573,-31,8922,77.90,35.61,102,695064,695574
[Recv] <<< 23:c9:cc:4b:a0:3a,46574,-31,8923,77.90,35.61,33,695097,695607
[Recv] <<< 23:c9:cc:4b:a0:3a,46575,-31,8924,77.89,35.61,32,695129,695639
[Recv] <<< 23:c9:cc:4b:a0:3a,46576,-31,8925,77.89,35.61,31,695160,695670
[Recv] <<< 23:c9:cc:4b:a0:3a,46578,-31,8926,77.89,35.61,76,695236,695746
[Recv] <<< 23:c9:cc:4b:a0:3a,46580,-38,8927,77.89,35.61,71,695307,695817
[Recv] <<< 23:c9:cc:4b:a0:3a,46581,-37,8928,77.88,35.61,37,695344,695854
[Recv] <<< 23:c9:cc:4b:a0:3a,46583,-37,8929,77.88,35.61,78,695422,695932
[Recv] <<< 23:c9:cc:4b:a0:3a,46584,-37,8930,77.88,35.61,30,695452,695962
[Recv] <<< 23:c9:cc:4b:a0:3a,46585,-38,8931,77.87,35.61,35,695487,695997
[Recv] <<< 23:c9:cc:4b:a0:3a,46586,-38,8932,77.87,35.61,27,695514,696024
[Recv] <<< 23:c9:cc:4b:a0:3a,46591,-37,8933,77.88,35.61,174,695688,696198
[Recv] <<< 23:c9:cc:4b:a0:3a,46592,-38,8934,77.87,35.61,38,695726,696236
[Recv] <<< 23:c9:cc:4b:a0:3a,46593,-38,8935,77.87,35.61,32,695758,696268
[Recv] <<< 23:c9:cc:4b:a0:3a,46595,-31,8936,77.87,35.61,63,695821,696331
[Recv] <<< 23:c9:cc:4b:a0:3a,46597,-31,8937,77.87,35.61,66,695887,696397
[Recv] <<< 23:c9:cc:4b:a0:3a,46598,-31,8938,77.86,35.61,35,695922,696432
[Recv] <<< 23:c9:cc:4b:a0:3a,46600,-28,8939,77.86,35.61,63,695985,696495
[Recv] <<< 23:c9:cc:4b:a0:3a,46601,-28,8940,77.85,35.61,29,696014,696524
[Recv] <<< 23:c9:cc:4b:a0:3a,46602,-28,8941,77.85,35.61,34,696048,696558
[Recv] <<< 23:c9:cc:4b:a0:3a,46603,-28,8942,77.84,35.61,31,696079,696589
[Recv] <<< 23:c9:cc:4b:a0:3a,46604,-37,8943,77.84,35.61,52,696131,696641
[Recv] <<< 23:c9:cc:4b:a0:3a,46605,-31,8944,77.84,35.61,27,696158,696668
[Recv] <<< 23:c9:cc:4b:a0:3a,46606,-31,8945,77.83,35.61,31,696189,696699
[Recv] <<< 23:c9:cc:4b:a0:3a,46607,-31,8946,77.83,35.61,39,696228,696738
[Recv] <<< 23:c9:cc:4b:a0:3a,46611,-31,8947,77.83,35.61,139,696367,696877
[Recv] <<< 23:c9:cc:4b:a0:3a,46612,-31,8948,77.83,35.61,30,696397,696907
[Recv] <<< 23:c9:cc:4b:a0:3a,46613,-37,8949,77.82,35.61,43,696440,696950
[Recv] <<< 23:c9:cc:4b:a0:3a,46614,-28,8950,77.82,35.61,41,696481,696991
[Recv] <<< 23:c9:cc:4b:a0:3a,46615,-28,8951,77.81,35.61,29,696510,697020
[Recv] <<< 23:c9:cc:4b:a0:3a,46619,-37,8952,77.82,35.61,133,696643,697153
[Recv] <<< 23:c9:cc:4b:a0:3a,46620,-37,8953,77.82,35.61,37,696680,697190
[Recv] <<< 23:c9:cc:4b:a0:3a,46621,-37,8954,77.81,35.61,35,696715,697225
[Recv] <<< 23:c9:cc:4b:a0:3a,46623,-38,8955,77.81,35.61,62,696777,697287
[Recv] <<< 23:c9:cc:4b:a0:3a,46624,-37,8956,77.80,35.61,34,696811,697321
[Recv] <<< 23:c9:cc:4b:a0:3a,46625,-37,8957,77.80,35.61,35,696846,697356
[Recv] <<< 23:c9:cc:4b:a0:3a,46626,-37,8958,77.79,35.61,31,696877,697387
[Recv] <<< 23:c9:cc:4b:a0:3a,46627,-37,8959,77.79,35.61,45,696922,697432
[Recv] <<< 23:c9:cc:4b:a0:3a,46628,-37,8960,77.79,35.61,33,696955,697465
[Recv] <<< 23:c9:cc:4b:a0:3a,46629,-37,8961,77.78,35.61,33,696988,697498
[Recv] <<< 23:c9:cc:4b:a0:3a,46630,-37,8962,77.78,35.61,32,697020,697530
[Recv] <<< 23:c9:cc:4b:a0:3a,46631,-37,8963,77.77,35.61,35,697055,697565
[Recv] <<< 23:c9:cc:4b:a0:3a,46632,-37,8964,77.77,35.61,33,697088,697598
[Recv] <<< 23:c9:cc:4b:a0:3a,46633,-37,8965,77.76,35.61,37,697125,697635
[Recv] <<< 23:c9:cc:4b:a0:3a,46634,-38,8966,77.76,35.61,34,697159,697669
[Recv] <<< 23:c9:cc:4b:a0:3a,46637,-31,8967,77.76,35.61,93,697252,697762
[Recv] <<< 23:c9:cc:4b:a0:3a,46638,-31,8968,77.75,35.61,34,697286,697796
[Recv] <<< 23:c9:cc:4b:a0:3a,46640,-31,8969,77.75,35.61,69,697355,697865
[Recv] <<< 23:c9:cc:4b:a0:3a,46645,-31,8970,77.76,35.61,168,697523,698033
[Recv] <<< 23:c9:cc:4b:a0:3a,46646,-31,8971,77.76,35.61,31,697554,698064
[Recv] <<< 23:c9:cc:4b:a0:3a,46647,-37,8972,77.75,35.61,47,697601,698111
[Recv] <<< 23:c9:cc:4b:a0:3a,46648,-37,8973,77.75,35.61,25,697626,698136
[Recv] <<< 23:c9:cc:4b:a0:3a,46649,-37,8974,77.74,35.61,32,697658,698168
[Recv] <<< 23:c9:cc:4b:a0:3a,46653,-31,8975,77.75,35.61,133,697791,698301
[Recv] <<< 23:c9:cc:4b:a0:3a,46656,-37,8976,77.75,35.61,107,697898,698408
[Recv] <<< 23:c9:cc:4b:a0:3a,46657,-37,8977,77.75,35.61,35,697933,698443
[Recv] <<< 23:c9:cc:4b:a0:3a,46658,-37,8978,77.74,35.61,31,697964,698474
[Recv] <<< 23:c9:cc:4b:a0:3a,46659,-37,8979,77.74,35.61,34,697998,698508
[Recv] <<< 23:c9:cc:4b:a0:3a,46660,-37,8980,77.73,35.61,32,698030,698540
[Recv] <<< 23:c9:cc:4b:a0:3a,46661,-38,8981,77.73,35.61,36,698066,698576
[Recv] <<< 23:c9:cc:4b:a0:3a,46662,-37,8982,77.72,35.61,34,698100,698610
[Recv] <<< 23:c9:cc:4b:a0:3a,46663,-31,8983,77.72,35.61,25,698125,698635
[Recv] <<< 23:c9:cc:4b:a0:3a,46664,-37,8984,77.71,35.61,42,698167,698677
[Recv] <<< 23:c9:cc:4b:a0:3a,46665,-37,8985,77.71,35.61,36,698203,698713
[Recv] <<< 23:c9:cc:4b:a0:3a,46666,-31,8986,77.70,35.61,23,698226,698736
[Recv] <<< 23:c9:cc:4b:a0:3a,46667,-31,8987,77.70,35.61,37,698263,698773
[Recv] <<< 23:c9:cc:4b:a0:3a,46668,-31,8988,77.69,35.61,33,698296,698806
[Recv] <<< 23:c9:cc:4b:a0:3a,46669,-31,8989,77.69,35.61,33,698329,698839
[Recv] <<< 23:c9:cc:4b:a0:3a,46670,-31,8990,77.68,35.61,28,698357,698867
[Recv] <<< 23:c9:cc:4b:a0:3a,46671,-31,8991,77.68,35.61,37,698394,698904
[Recv] <<< 23:c9:cc:4b:a0:3a,46672,-31,8992,77.67,35.61,36,698430,698940
[Recv] <<< 23:c9:cc:4b:a0:3a,46673,-40,8993,77.67,35.61,47,698477,698987
[Recv] <<< 23:c9:cc:4b:a0:3a,46674,-37,8994,77.66,35.61,26,698503,699013
[Recv] <<< 23:c9:cc:4b:a0:3a,46675,-37,8995,77.66,35.61,36,698539,699049
[Recv] <<< 23:c9:cc:4b:a0:3a,46676,-31,8996,77.65,35.60,26,698565,699075
[Recv] <<< 23:c9:cc:4b:a0:3a,46677,-31,8997,77.65,35.60,33,698598,699108
[Recv] <<< 23:c9:cc:4b:a0:3a,46678,-31,8998,77.64,35.60,32,698630,699140
[Recv] <<< 23:c9:cc:4b:a0:3a,46679,-31,8999,77.64,35.60,39,698669,699179
[Recv] <<< 23:c9:cc:4b:a0:3a,46680,-28,9000,77.63,35.60,28,698697,699207
[Recv] <<< 23:c9:cc:4b:a0:3a,46681,-31,9001,77.63,35.60,36,698733,699243
[Recv] <<< 23:c9:cc:4b:a0:3a,46682,-31,9002,77.62,35.60,37,698770,699280
[Recv] <<< 23:c9:cc:4b:a0:3a,46683,-31,9003,77.62,35.60,32,698802,699312
[Recv] <<< 23:c9:cc:4b:a0:3a,46684,-31,9004,77.61,35.60,35,698837,699347
[Recv] <<< 23:c9:cc:4b:a0:3a,46685,-31,9005,77.61,35.60,26,698863,699373
[Recv] <<< 23:c9:cc:4b:a0:3a,46689,-31,9006,77.62,35.60,140,699003,699513
[Recv] <<< 23:c9:cc:4b:a0:3a,46690,-38,9007,77.61,35.60,44,699047,699557
[Recv] <<< 23:c9:cc:4b:a0:3a,46691,-37,9008,77.61,35.60,35,699082,699592
[Recv] <<< 23:c9:cc:4b:a0:3a,46692,-37,9009,77.60,35.60,34,699116,699626
[Recv] <<< 23:c9:cc:4b:a0:3a,46693,-37,9010,77.60,35.60,38,699154,699664
[Recv] <<< 23:c9:cc:4b:a0:3a,46694,-37,9011,77.59,35.60,31,699185,699695
[Recv] <<< 23:c9:cc:4b:a0:3a,46695,-31,9012,77.59,35.60,32,699217,699727
[Recv] <<< 23:c9:cc:4b:a0:3a,46696,-31,9013,77.58,35.60,33,699250,699760
[Recv] <<< 23:c9:cc:4b:a0:3a,46697,-31,9014,77.58,35.60,35,699285,699795
[Recv] <<< 23:c9:cc:4b:a0:3a,46698,-28,9015,77.57,35.60,29,699314,699824
[Recv] <<< 23:c9:cc:4b:a0:3a,46699,-28,9016,77.57,35.60,34,699348,699858
[Recv] <<< 23:c9:cc:4b:a0:3a,46700,-28,9017,77.56,35.60,27,699375,699885
[Recv] <<< 23:c9:cc:4b:a0:3a,46701,-28,9018,77.56,35.60,32,699407,699917
[Recv] <<< 23:c9:cc:4b:a0:3a,46702,-28,9019,77.55,35.60,37,699444,699954
[Recv] <<< 23:c9:cc:4b:a0:3a,46703,-28,9020,77.55,35.60,36,699480,699990
[Recv] <<< 23:c9:cc:4b:a0:3a,46704,-37,9021,77.54,35.60,26,699506,700016
[Recv] <<< 23:c9:cc:4b:a0:3a,46705,-37,9022,77.54,35.60,33,699539,700049
[Recv] <<< 23:c9:cc:4b:a0:3a,46707,-28,9023,77.54,35.60,85,699624,700134
[Recv] <<< 23:c9:cc:4b:a0:3a,46708,-28,9024,77.53,35.60,32,699656,700166
[Recv] <<< 23:c9:cc:4b:a0:3a,46709,-28,9025,77.53,35.60,38,699694,700204
[Recv] <<< 23:c9:cc:4b:a0:3a,46710,-28,9026,77.52,35.60,29,699723,700233
[Recv] <<< 23:c9:cc:4b:a0:3a,46713,-37,9027,77.53,35.60,102,699825,700335
[Recv] <<< 23:c9:cc:4b:a0:3a,46714,-37,9028,77.52,35.60,27,699852,700362
[Recv] <<< 23:c9:cc:4b:a0:3a,46716,-31,9029,77.52,35.60,61,699913,700423
[Recv] <<< 23:c9:cc:4b:a0:3a,46717,-31,9030,77.51,35.60,27,699940,700450
[Recv] <<< 23:c9:cc:4b:a0:3a,46718,-31,9031,77.51,35.60,41,699981,700491
[Recv] <<< 23:c9:cc:4b:a0:3a,46720,-31,9032,77.51,35.60,71,700052,700562
[Recv] <<< 23:c9:cc:4b:a0:3a,46721,-31,9033,77.50,35.60,36,700088,700598
[Recv] <<< 23:c9:cc:4b:a0:3a,46723,-31,9034,77.50,35.60,68,700156,700666
[Recv] <<< 23:c9:cc:4b:a0:3a,46724,-31,9035,77.50,35.60,32,700188,700698
[Recv] <<< 23:c9:cc:4b:a0:3a,46725,-31,9036,77.49,35.60,32,700220,700730
[Recv] <<< 23:c9:cc:4b:a0:3a,46726,-31,9037,77.49,35.60,37,700257,700767
[Recv] <<< 23:c9:cc:4b:a0:3a,46727,-31,9038,77.48,35.60,38,700295,700805
[Recv] <<< 23:c9:cc:4b:a0:3a,46728,-31,9039,77.48,35.60,29,700324,700834
[Recv] <<< 23:c9:cc:4b:a0:3a,46729,-31,9040,77.47,35.60,36,700360,700870
[Recv] <<< 23:c9:cc:4b:a0:3a,46730,-31,9041,77.47,35.60,33,700393,700903
[Recv] <<< 23:c9:cc:4b:a0:3a,46731,-31,9042,77.46,35.60,32,700425,700935
[Recv] <<< 23:c9:cc:4b:a0:3a,46733,-31,9043,77.46,35.60,70,700495,701005
[Recv] <<< 23:c9:cc:4b:a0:3a,46734,-28,9044,77.46,35.60,31,700526,701036
[Recv] <<< 23:c9:cc:4b:a0:3a,46735,-28,9045,77.45,35.60,33,700559,701069
[Recv] <<< 23:c9:cc:4b:a0:3a,46736,-28,9046,77.45,35.60,28,700587,701097
[Recv] <<< 23:c9:cc:4b:a0:3a,46738,-37,9047,77.45,35.60,65,700652,701162
[Recv] <<< 23:c9:cc:4b:a0:3a,46739,-37,9048,77.44,35.60,32,700684,701194
[Recv] <<< 23:c9:cc:4b:a0:3a,46741,-37,9049,77.44,35.60,67,700751,701261
[Recv] <<< 23:c9:cc:4b:a0:3a,46742,-38,9050,77.43,35.60,28,700779,701289
[Recv] <<< 23:c9:cc:4b:a0:3a,46743,-37,9051,77.43,35.60,39,700818,701328
[Recv] <<< 23:c9:cc:4b:a0:3a,46745,-37,9052,77.43,35.60,69,700887,701397
[Recv] <<< 23:c9:cc:4b:a0:3a,46746,-38,9053,77.42,35.60,31,700918,701428
[Recv] <<< 23:c9:cc:4b:a0:3a,46747,-37,9054,77.42,35.60,40,700958,701468
[Recv] <<< 23:c9:cc:4b:a0:3a,46748,-37,9055,77.41,35.60,24,700982,701492
[Recv] <<< 23:c9:cc:4b:a0:3a,46749,-28,9056,77.41,35.60,51,701033,701543
[Recv] <<< 23:c9:cc:4b:a0:3a,46750,-28,9057,77.41,35.60,34,701067,701577
[Recv] <<< 23:c9:cc:4b:a0:3a,46751,-28,9058,77.40,35.60,34,701101,701611
[Recv] <<< 23:c9:cc:4b:a0:3a,46752,-28,9059,77.40,35.60,32,701133,701643
[Recv] <<< 23:c9:cc:4b:a0:3a,46753,-28,9060,77.39,35.60,33,701166,701676
[Recv] <<< 23:c9:cc:4b:a0:3a,46754,-28,9061,77.39,35.60,31,701197,701707
[Recv] <<< 23:c9:cc:4b:a0:3a,46756,-28,9062,77.39,35.60,69,701266,701776
[Recv] <<< 23:c9:cc:4b:a0:3a,46757,-28,9063,77.38,35.60,38,701304,701814
[Recv] <<< 23:c9:cc:4b:a0:3a,46758,-28,9064,77.38,35.60,32,701336,701846
[Recv] <<< 23:c9:cc:4b:a0:3a,46759,-28,9065,77.37,35.60,38,701374,701884
[Recv] <<< 23:c9:cc:4b:a0:3a,46761,-28,9066,77.37,35.60,59,701433,701943
[Recv] <<< 23:c9:cc:4b:a0:3a,46762,-28,9067,77.37,35.60,39,701472,701982
[Recv] <<< 23:c9:cc:4b:a0:3a,46764,-37,9068,77.36,35.60,55,701527,702037
[Recv] <<< 23:c9:cc:4b:a0:3a,46765,-28,9069,77.36,35.60,40,701567,702077
[Recv] <<< 23:c9:cc:4b:a0:3a,46766,-28,9070,77.35,35.60,36,701603,702113
[Recv] <<< 23:c9:cc:4b:a0:3a,46768,-37,9071,77.35,35.60,65,701668,702178
[Recv] <<< 23:c9:cc:4b:a0:3a,46769,-38,9072,77.35,35.60,36,701704,702214
[Recv] <<< 23:c9:cc:4b:a0:3a,46770,-37,9073,77.34,35.60,34,701738,702248
[Recv] <<< 23:c9:cc:4b:a0:3a,46771,-38,9074,77.34,35.60,35,701773,702283
[Recv] <<< 23:c9:cc:4b:a0:3a,46772,-28,9075,77.33,35.60,41,701814,702324
[Recv] <<< 23:c9:cc:4b:a0:3a,46773,-28,9076,77.33,35.60,32,701846,702356
[Recv] <<< 23:c9:cc:4b:a0:3a,46774,-28,9077,77.33,35.60,43,701889,702399
[Recv] <<< 23:c9:cc:4b:a0:3a,46775,-28,9078,77.32,35.60,31,701920,702430
[Recv] <<< 23:c9:cc:4b:a0:3a,46776,-28,9079,77.32,35.60,36,701956,702466
[Recv] <<< 23:c9:cc:4b:a0:3a,46777,-28,9080,77.31,35.60,28,701984,702494
[Recv] <<< 23:c9:cc:4b:a0:3a,46778,-28,9081,77.31,35.60,37,702021,702531
[Recv] <<< 23:c9:cc:4b:a0:3a,46787,-31,9082,77.33,35.59,301,702322,702832
[Recv] <<< 23:c9:cc:4b:a0:3a,46788,-31,9083,77.33,35.59,34,702356,702866
[Recv] <<< 23:c9:cc:4b:a0:3a,46794,-31,9084,77.34,35.60,220,702576,703086
[Recv] <<< 23:c9:cc:4b:a0:3a,46795,-31,9085,77.34,35.59,30,702606,703116
[Recv] <<< 23:c9:cc:4b:a0:3a,46798,-28,9086,77.34,35.59,102,702708,703218
[Recv] <<< 23:c9:cc:4b:a0:3a,46799,-28,9087,77.33,35.59,30,702738,703248
[Recv] <<< 23:c9:cc:4b:a0:3a,46800,-28,9088,77.33,35.59,39,702777,703287
[Recv] <<< 23:c9:cc:4b:a0:3a,46805,-28,9089,77.34,35.59,169,702946,703456
[Recv] <<< 23:c9:cc:4b:a0:3a,46823,-31,9090,77.40,35.59,637,703583,704093
[Recv] <<< 23:c9:cc:4b:a0:3a,46824,-31,9091,77.40,35.59,31,703614,704124
[Recv] <<< 23:c9:cc:4b:a0:3a,46825,-31,9092,77.39,35.59,38,703652,704162
[Recv] <<< 23:c9:cc:4b:a0:3a,46826,-31,9093,77.39,35.59,37,703689,704199
[Recv] <<< 23:c9:cc:4b:a0:3a,46827,-31,9094,77.38,35.59,29,703718,704228
[Recv] <<< 23:c9:cc:4b:a0:3a,46828,-28,9095,77.38,35.59,40,703758,704268
[Recv] <<< 23:c9:cc:4b:a0:3a,46829,-28,9096,77.37,35.59,30,703788,704298
[Recv] <<< 23:c9:cc:4b:a0:3a,46830,-28,9097,77.37,35.59,35,703823,704333
[Recv] <<< 23:c9:cc:4b:a0:3a,46831,-28,9098,77.36,35.59,42,703865,704375
[Recv] <<< 23:c9:cc:4b:a0:3a,46832,-28,9099,77.36,35.59,34,703899,704409
[Recv] <<< 23:c9:cc:4b:a0:3a,46834,-31,9100,77.36,35.59,68,703967,704477
[Recv] <<< 23:c9:cc:4b:a0:3a,46835,-31,9101,77.35,35.59,37,704004,704514
[Recv] <<< 23:c9:cc:4b:a0:3a,46836,-31,9102,77.35,35.59,35,704039,704549
[Recv] <<< 23:c9:cc:4b:a0:3a,46837,-31,9103,77.35,35.59,39,704078,704588
[Recv] <<< 23:c9:cc:4b:a0:3a,46838,-31,9104,77.34,35.59,28,704106,704616
[Recv] <<< 23:c9:cc:4b:a0:3a,46839,-28,9105,77.34,35.59,31,704137,704647
[Recv] <<< 23:c9:cc:4b:a0:3a,46840,-28,9106,77.33,35.59,29,704166,704676
[Recv] <<< 23:c9:cc:4b:a0:3a,46841,-28,9107,77.33,35.59,37,704203,704713
[Recv] <<< 23:c9:cc:4b:a0:3a,46842,-28,9108,77.32,35.59,31,704234,704744
[Recv] <<< 23:c9:cc:4b:a0:3a,46843,-28,9109,77.32,35.59,34,704268,704778
[Recv] <<< 23:c9:cc:4b:a0:3a,46844,-31,9110,77.31,35.59,36,704304,704814
[Recv] <<< 23:c9:cc:4b:a0:3a,46845,-28,9111,77.31,35.59,36,704340,704850
[Recv] <<< 23:c9:cc:4b:a0:3a,46847,-28,9112,77.31,35.59,66,704406,704916
[Recv] <<< 23:c9:cc:4b:a0:3a,46848,-28,9113,77.30,35.59,35,704441,704951
[Recv] <<< 23:c9:cc:4b:a0:3a,46849,-30,9114,77.30,35.59,39,704480,704990
[Recv] <<< 23:c9:cc:4b:a0:3a,46850,-31,9115,77.29,35.59,44,704524,705034
[Recv] <<< 23:c9:cc:4b:a0:3a,46851,-31,9116,77.29,35.59,29,704553,705063
[Recv] <<< 23:c9:cc:4b:a0:3a,46853,-31,9117,77.29,35.59,63,704616,705126
[Recv] <<< 23:c9:cc:4b:a0:3a,46855,-28,9118,77.29,35.59,74,704690,705200
[Recv] <<< 23:c9:cc:4b:a0:3a,46856,-28,9119,77.28,35.59,34,704724,705234
[Recv] <<< 23:c9:cc:4b:a0:3a,46857,-28,9120,77.28,35.59,38,704762,705272
[Recv] <<< 23:c9:cc:4b:a0:3a,46859,-28,9121,77.28,35.59,69,704831,705341
[Recv] <<< 23:c9:cc:4b:a0:3a,46860,-28,9122,77.27,35.59,33,704864,705374
[Recv] <<< 23:c9:cc:4b:a0:3a,46861,-31,9123,77.27,35.59,46,704910,705420
[Recv] <<< 23:c9:cc:4b:a0:3a,46862,-31,9124,77.26,35.59,34,704944,705454
[Recv] <<< 23:c9:cc:4b:a0:3a,46863,-31,9125,77.26,35.59,32,704976,705486
[Recv] <<< 23:c9:cc:4b:a0:3a,46864,-31,9126,77.25,35.59,24,705000,705510
[Recv] <<< 23:c9:cc:4b:a0:3a,46865,-31,9127,77.25,35.59,39,705039,705549
[Recv] <<< 23:c9:cc:4b:a0:3a,46866,-31,9128,77.24,35.59,29,705068,705578
[Recv] <<< 23:c9:cc:4b:a0:3a,46869,-31,9129,77.25,35.59,111,705179,705689
[Recv] <<< 23:c9:cc:4b:a0:3a,46870,-31,9130,77.24,35.59,27,705206,705716
[Recv] <<< 23:c9:cc:4b:a0:3a,46874,-31,9131,77.25,35.59,139,705345,705855
[Recv] <<< 23:c9:cc:4b:a0:3a,46876,-31,9132,77.25,35.59,76,705421,705931
[Recv] <<< 23:c9:cc:4b:a0:3a,46880,-31,9133,77.25,35.59,132,705553,706063
[Recv] <<< 23:c9:cc:4b:a0:3a,46882,-31,9134,77.25,35.59,66,705619,706129
[Recv] <<< 23:c9:cc:4b:a0:3a,46884,-28,9135,77.25,35.59,57,705676,706186
[Recv] <<< 23:c9:cc:4b:a0:3a,46885,-28,9136,77.25,35.59,36,705712,706222
[Recv] <<< 23:c9:cc:4b:a0:3a,46886,-37,9137,77.24,35.59,33,705745,706255
[Recv] <<< 23:c9:cc:4b:a0:3a,46887,-37,9138,77.23,35.59,28,705773,706283
[Recv] <<< 23:c9:cc:4b:a0:3a,46888,-37,9139,77.23,35.59,38,705811,706321
[Recv] <<< 23:c9:cc:4b:a0:3a,46890,-37,9140,77.23,35.59,69,705880,706390
[Recv] <<< 23:c9:cc:4b:a0:3a,46892,-37,9141,77.23,35.59,64,705944,706454
[Recv] <<< 23:c9:cc:4b:a0:3a,46893,-28,9142,77.22,35.59,44,705988,706498
[Recv] <<< 23:c9:cc:4b:a0:3a,46894,-37,9143,77.22,35.59,28,706016,706526
[Recv] <<< 23:c9:cc:4b:a0:3a,46895,-28,9144,77.22,35.59,49,706065,706575
[Recv] <<< 23:c9:cc:4b:a0:3a,46896,-28,9145,77.21,35.59,38,706103,706613
[Recv] <<< 23:c9:cc:4b:a0:3a,46897,-28,9146,77.21,35.59,32,706135,706645
[Recv] <<< 23:c9:cc:4b:a0:3a,46899,-38,9147,77.21,35.59,61,706196,706706
[Recv] <<< 23:c9:cc:4b:a0:3a,46900,-37,9148,77.20,35.59,33,706229,706739
[Recv] <<< 23:c9:cc:4b:a0:3a,46901,-37,9149,77.20,35.59,30,706259,706769
[Recv] <<< 23:c9:cc:4b:a0:3a,46905,-28,9150,77.20,35.59,151,706410,706920
[Recv] <<< 23:c9:cc:4b:a0:3a,46906,-28,9151,77.20,35.59,39,706449,706959
[Recv] <<< 23:c9:cc:4b:a0:3a,46907,-28,9152,77.19,35.59,32,706481,706991
[Recv] <<< 23:c9:cc:4b:a0:3a,46908,-31,9153,77.19,35.59,45,706526,707036
[Recv] <<< 23:c9:cc:4b:a0:3a,46909,-31,9154,77.19,35.59,33,706559,707069
[Recv] <<< 23:c9:cc:4b:a0:3a,46910,-37,9155,77.18,35.59,43,706602,707112
[Recv] <<< 23:c9:cc:4b:a0:3a,46911,-28,9156,77.18,35.59,45,706647,707157
[Recv] <<< 23:c9:cc:4b:a0:3a,46912,-37,9157,77.17,35.59,27,706674,707184
[Recv] <<< 23:c9:cc:4b:a0:3a,46913,-37,9158,77.17,35.59,33,706707,707217
[Recv] <<< 23:c9:cc:4b:a0:3a,46914,-28,9159,77.16,35.59,40,706747,707257
[Recv] <<< 23:c9:cc:4b:a0:3a,46916,-37,9160,77.16,35.59,68,706815,707325
[Recv] <<< 23:c9:cc:4b:a0:3a,46917,-37,9161,77.16,35.59,32,706847,707357
[Recv] <<< 23:c9:cc:4b:a0:3a,46919,-28,9162,77.16,35.59,76,706923,707433
[Recv] <<< 23:c9:cc:4b:a0:3a,46920,-28,9163,77.15,35.59,40,706963,707473
[Recv] <<< 23:c9:cc:4b:a0:3a,46921,-28,9164,77.15,35.59,34,706997,707507
[Recv] <<< 23:c9:cc:4b:a0:3a,46928,-31,9165,77.17,35.59,228,707225,707735
[Recv] <<< 23:c9:cc:4b:a0:3a,46945,-38,9166,77.22,35.59,586,707811,708321
[Recv] <<< 23:c9:cc:4b:a0:3a,46953,-28,9167,77.24,35.59,288,708099,708609
[Recv] <<< 23:c9:cc:4b:a0:3a,46954,-28,9168,77.24,35.59,41,708140,708650
[Recv] <<< 23:c9:cc:4b:a0:3a,46955,-28,9169,77.24,35.59,39,708179,708689
[Recv] <<< 23:c9:cc:4b:a0:3a,46956,-31,9170,77.23,35.59,40,708219,708729
[Recv] <<< 23:c9:cc:4b:a0:3a,46957,-31,9171,77.23,35.59,33,708252,708762
[Recv] <<< 23:c9:cc:4b:a0:3a,46958,-37,9172,77.22,35.59,40,708292,708802
[Recv] <<< 23:c9:cc:4b:a0:3a,46959,-37,9173,77.22,35.59,30,708322,708832
[Recv] <<< 23:c9:cc:4b:a0:3a,46963,-37,9174,77.22,35.59,129,708451,708961
[Recv] <<< 23:c9:cc:4b:a0:3a,46964,-31,9175,77.22,35.59,32,708483,708993
[Recv] <<< 23:c9:cc:4b:a0:3a,46965,-31,9176,77.21,35.59,37,708520,709030
[Recv] <<< 23:c9:cc:4b:a0:3a,46967,-28,9177,77.21,35.59,82,708602,709112
[Recv] <<< 23:c9:cc:4b:a0:3a,46968,-28,9178,77.21,35.59,37,708639,709149
[Recv] <<< 23:c9:cc:4b:a0:3a,46969,-28,9179,77.21,35.59,40,708679,709189
[Recv] <<< 23:c9:cc:4b:a0:3a,46970,-28,9180,77.20,35.59,31,708710,709220
[Recv] <<< 23:c9:cc:4b:a0:3a,46971,-28,9181,77.20,35.59,37,708747,709257
[Recv] <<< 23:c9:cc:4b:a0:3a,46973,-40,9182,77.20,35.59,59,708806,709316
[Recv] <<< 23:c9:cc:4b:a0:3a,46974,-37,9183,77.19,35.59,37,708843,709353
[Recv] <<< 23:c9:cc:4b:a0:3a,46976,-31,9184,77.19,35.59,59,708902,709412
[Recv] <<< 23:c9:cc:4b:a0:3a,46977,-38,9185,77.19,35.59,47,708949,709459
[Recv] <<< 23:c9:cc:4b:a0:3a,46978,-37,9186,77.18,35.59,34,708983,709493
[Recv] <<< 23:c9:cc:4b:a0:3a,46979,-37,9187,77.18,35.59,35,709018,709528
[Recv] <<< 23:c9:cc:4b:a0:3a,46980,-37,9188,77.17,35.59,31,709049,709559
[Recv] <<< 23:c9:cc:4b:a0:3a,46981,-37,9189,77.17,35.59,41,709090,709600
[Recv] <<< 23:c9:cc:4b:a0:3a,46982,-37,9190,77.16,35.59,25,709115,709625
[Recv] <<< 23:c9:cc:4b:a0:3a,46984,-37,9191,77.16,35.59,70,709185,709695
[Recv] <<< 23:c9:cc:4b:a0:3a,46985,-37,9192,77.16,35.59,32,709217,709727
[Recv] <<< 23:c9:cc:4b:a0:3a,46986,-38,9193,77.15,35.59,44,709261,709771
[Recv] <<< 23:c9:cc:4b:a0:3a,46987,-37,9194,77.15,35.59,37,709298,709808
[Recv] <<< 23:c9:cc:4b:a0:3a,46988,-37,9195,77.14,35.59,27,709325,709835
[Recv] <<< 23:c9:cc:4b:a0:3a,46990,-31,9196,77.14,35.59,73,709398,709908
[Recv] <<< 23:c9:cc:4b:a0:3a,46993,-28,9197,77.14,35.59,101,709499,710009
[Recv] <<< 23:c9:cc:4b:a0:3a,46996,-28,9198,77.15,35.59,94,709593,710103
[Recv] <<< 23:c9:cc:4b:a0:3a,46998,-28,9199,77.15,35.59,71,709664,710174
[Recv] <<< 23:c9:cc:4b:a0:3a,46999,-28,9200,77.14,35.59,40,709704,710214
[Recv] <<< 23:c9:cc:4b:a0:3a,47002,-37,9201,77.14,35.59,98,709802,710312
[Recv] <<< 23:c9:cc:4b:a0:3a,47003,-37,9202,77.14,35.59,36,709838,710348
[Recv] <<< 23:c9:cc:4b:a0:3a,47006,-28,9203,77.14,35.59,113,709951,710461
[Recv] <<< 23:c9:cc:4b:a0:3a,47009,-28,9204,77.15,35.59,105,710056,710566
[Recv] <<< 23:c9:cc:4b:a0:3a,47013,-28,9205,77.15,35.59,141,710197,710707
[Recv] <<< 23:c9:cc:4b:a0:3a,47014,-28,9206,77.15,35.59,27,710224,710734
[Recv] <<< 23:c9:cc:4b:a0:3a,47016,-38,9207,77.15,35.59,71,710295,710805
[Recv] <<< 23:c9:cc:4b:a0:3a,47017,-37,9208,77.14,35.59,38,710333,710843
[Recv] <<< 23:c9:cc:4b:a0:3a,47019,-40,9209,77.14,35.59,70,710403,710913
[Recv] <<< 23:c9:cc:4b:a0:3a,47020,-28,9210,77.14,35.59,45,710448,710958
[Recv] <<< 23:c9:cc:4b:a0:3a,47022,-31,9211,77.14,35.59,85,710533,711043
[Recv] <<< 23:c9:cc:4b:a0:3a,47023,-31,9212,77.13,35.59,29,710562,711072
[Recv] <<< 23:c9:cc:4b:a0:3a,47025,-37,9213,77.14,35.59,85,710647,711157
[Recv] <<< 23:c9:cc:4b:a0:3a,47026,-37,9214,77.13,35.59,43,710690,711200
[Recv] <<< 23:c9:cc:4b:a0:3a,47027,-37,9215,77.13,35.59,37,710727,711237
[Recv] <<< 23:c9:cc:4b:a0:3a,47028,-37,9216,77.12,35.59,35,710762,711272
[Recv] <<< 23:c9:cc:4b:a0:3a,47033,-28,9217,77.13,35.59,184,710946,711456
[Recv] <<< 23:c9:cc:4b:a0:3a,47034,-28,9218,77.13,35.59,39,710985,711495
[Recv] <<< 23:c9:cc:4b:a0:3a,47035,-28,9219,77.13,35.59,32,711017,711527
[Recv] <<< 23:c9:cc:4b:a0:3a,47036,-28,9220,77.12,35.59,37,711054,711564
[Recv] <<< 23:c9:cc:4b:a0:3a,47037,-31,9221,77.12,35.59,37,711091,711601
[Recv] <<< 23:c9:cc:4b:a0:3a,47038,-31,9222,77.11,35.59,39,711130,711640
[Recv] <<< 23:c9:cc:4b:a0:3a,47043,-31,9223,77.12,35.59,188,711318,711828
[Recv] <<< 23:c9:cc:4b:a0:3a,47044,-37,9224,77.12,35.59,42,711360,711870
[Recv] <<< 23:c9:cc:4b:a0:3a,47046,-28,9225,77.12,35.59,78,711438,711948
[Recv] <<< 23:c9:cc:4b:a0:3a,47047,-28,9226,77.12,35.59,35,711473,711983
[Recv] <<< 23:c9:cc:4b:a0:3a,47048,-31,9227,77.11,35.59,42,711515,712025
[Recv] <<< 23:c9:cc:4b:a0:3a,47049,-31,9228,77.11,35.59,25,711540,712050
[Recv] <<< 23:c9:cc:4b:a0:3a,47050,-31,9229,77.10,35.59,41,711581,712091
[Recv] <<< 23:c9:cc:4b:a0:3a,47053,-37,9230,77.11,35.59,110,711691,712201
[Recv] <<< 23:c9:cc:4b:a0:3a,47054,-37,9231,77.10,35.59,30,711721,712231
[Recv] <<< 23:c9:cc:4b:a0:3a,47056,-37,9232,77.10,35.59,86,711807,712317
[Recv] <<< 23:c9:cc:4b:a0:3a,47058,-28,9233,77.10,35.59,75,711882,712392
[Recv] <<< 23:c9:cc:4b:a0:3a,47059,-28,9234,77.10,35.59,38,711920,712430
[Recv] <<< 23:c9:cc:4b:a0:3a,47061,-31,9235,77.10,35.59,73,711993,712503
[Recv] <<< 23:c9:cc:4b:a0:3a,47063,-31,9236,77.10,35.59,84,712077,712587
[Recv] <<< 23:c9:cc:4b:a0:3a,47068,-28,9237,77.11,35.59,198,712275,712785
[Recv] <<< 23:c9:cc:4b:a0:3a,47069,-31,9238,77.11,35.59,47,712322,712832
[Recv] <<< 23:c9:cc:4b:a0:3a,47070,-31,9239,77.10,35.59,40,712362,712872
[Recv] <<< 23:c9:cc:4b:a0:3a,47071,-31,9240,77.10,35.59,37,712399,712909
[Recv] <<< 23:c9:cc:4b:a0:3a,47072,-37,9241,77.10,35.59,43,712442,712952
[Recv] <<< 23:c9:cc:4b:a0:3a,47073,-37,9242,77.09,35.59,45,712487,712997
[Recv] <<< 23:c9:cc:4b:a0:3a,47074,-37,9243,77.09,35.59,34,712521,713031
[Recv] <<< 23:c9:cc:4b:a0:3a,47075,-37,9244,77.08,35.59,39,712560,713070
[Recv] <<< 23:c9:cc:4b:a0:3a,47076,-37,9245,77.08,35.59,43,712603,713113
[Recv] <<< 23:c9:cc:4b:a0:3a,47078,-28,9246,77.08,35.59,78,712681,713191
[Recv] <<< 23:c9:cc:4b:a0:3a,47079,-31,9247,77.08,35.60,42,712723,713233
[Recv] <<< 23:c9:cc:4b:a0:3a,47080,-31,9248,77.07,35.60,39,712762,713272
[Recv] <<< 23:c9:cc:4b:a0:3a,47081,-37,9249,77.07,35.60,42,712804,713314
[Recv] <<< 23:c9:cc:4b:a0:3a,47082,-37,9250,77.07,35.60,48,712852,713362
[Recv] <<< 23:c9:cc:4b:a0:3a,47084,-28,9251,77.07,35.60,81,712933,713443
[Recv] <<< 23:c9:cc:4b:a0:3a,47085,-31,9252,77.06,35.60,45,712978,713488
[Recv] <<< 23:c9:cc:4b:a0:3a,47086,-31,9253,77.06,35.60,40,713018,713528
[Recv] <<< 23:c9:cc:4b:a0:3a,47087,-37,9254,77.05,35.60,41,713059,713569
[Recv] <<< 23:c9:cc:4b:a0:3a,47089,-28,9255,77.06,35.60,88,713147,713657
[Recv] <<< 23:c9:cc:4b:a0:3a,47090,-31,9256,77.05,35.60,49,713196,713706
[Recv] <<< 23:c9:cc:4b:a0:3a,47092,-38,9257,77.05,35.60,81,713277,713787
[Recv] <<< 23:c9:cc:4b:a0:3a,47093,-37,9258,77.05,35.60,43,713320,713830
[Recv] <<< 23:c9:cc:4b:a0:3a,47094,-28,9259,77.05,35.60,40,713360,713870
[Recv] <<< 23:c9:cc:4b:a0:3a,47096,-31,9260,77.05,35.60,85,713445,713955
[Recv] <<< 23:c9:cc:4b:a0:3a,47097,-38,9261,77.04,35.60,48,713493,714003
[Recv] <<< 23:c9:cc:4b:a0:3a,47098,-37,9262,77.04,35.60,38,713531,714041
[Recv] <<< 23:c9:cc:4b:a0:3a,47099,-28,9263,77.04,35.60,46,713577,714087
[Recv] <<< 23:c9:cc:4b:a0:3a,47100,-31,9264,77.03,35.60,39,713616,714126
[Recv] <<< 23:c9:cc:4b:a0:3a,47102,-28,9265,77.03,35.60,90,713706,714216
[Recv] <<< 23:c9:cc:4b:a0:3a,47103,-28,9266,77.03,35.60,37,713743,714253
[Recv] <<< 23:c9:cc:4b:a0:3a,47104,-31,9267,77.02,35.60,46,713789,714299
[Recv] <<< 23:c9:cc:4b:a0:3a,47105,-40,9268,77.02,35.60,44,713833,714343
[Recv] <<< 23:c9:cc:4b:a0:3a,47106,-28,9269,77.02,35.60,41,713874,714384
[Recv] <<< 23:c9:cc:4b:a0:3a,47108,-31,9270,77.02,35.61,82,713956,714466
[Recv] <<< 23:c9:cc:4b:a0:3a,47109,-37,9271,77.01,35.61,45,714001,714511
[Recv] <<< 23:c9:cc:4b:a0:3a,47116,-28,9272,77.04,35.61,292,714293,714803
[Recv] <<< 23:c9:cc:4b:a0:3a,47118,-31,9273,77.04,35.61,85,714378,714888
[Recv] <<< 23:c9:cc:4b:a0:3a,47119,-37,9274,77.03,35.61,41,714419,714929
[Recv] <<< 23:c9:cc:4b:a0:3a,47121,-28,9275,77.04,35.61,84,714503,715013
[Recv] <<< 23:c9:cc:4b:a0:3a,47122,-31,9276,77.03,35.61,39,714542,715052
[Recv] <<< 23:c9:cc:4b:a0:3a,47123,-38,9277,77.03,35.61,44,714586,715096
[Recv] <<< 23:c9:cc:4b:a0:3a,47126,-31,9278,77.03,35.61,127,714713,715223
[Recv] <<< 23:c9:cc:4b:a0:3a,47127,-38,9279,77.03,35.61,46,714759,715269
[Recv] <<< 23:c9:cc:4b:a0:3a,47128,-28,9280,77.03,35.61,44,714803,715313
[Recv] <<< 23:c9:cc:4b:a0:3a,47129,-28,9281,77.02,35.61,37,714840,715350
[Recv] <<< 23:c9:cc:4b:a0:3a,47130,-28,9282,77.02,35.61,38,714878,715388
[Recv] <<< 23:c9:cc:4b:a0:3a,47131,-31,9283,77.01,35.61,40,714918,715428
[Recv] <<< 23:c9:cc:4b:a0:3a,47132,-37,9284,77.01,35.61,46,714964,715474
[Recv] <<< 23:c9:cc:4b:a0:3a,47133,-28,9285,77.01,35.61,42,715006,715516
[Recv] <<< 23:c9:cc:4b:a0:3a,47134,-28,9286,77.00,35.61,42,715048,715558
[Recv] <<< 23:c9:cc:4b:a0:3a,47135,-31,9287,77.00,35.61,45,715093,715603
[Recv] <<< 23:c9:cc:4b:a0:3a,47143,-28,9288,77.03,35.62,333,715426,715936
[Recv] <<< 23:c9:cc:4b:a0:3a,47152,-28,9289,77.06,35.62,388,715814,716324
[Recv] <<< 23:c9:cc:4b:a0:3a,47153,-31,9290,77.06,35.62,40,715854,716364
[Recv] <<< 23:c9:cc:4b:a0:3a,47155,-37,9291,77.06,35.62,88,715942,716452
[Recv] <<< 23:c9:cc:4b:a0:3a,47158,-31,9292,77.06,35.62,118,716060,716570
[Recv] <<< 23:c9:cc:4b:a0:3a,47159,-37,9293,77.06,35.62,44,716104,716614
[Recv] <<< 23:c9:cc:4b:a0:3a,47161,-37,9294,77.06,35.62,79,716183,716693
[Recv] <<< 23:c9:cc:4b:a0:3a,47162,-28,9295,77.05,35.62,42,716225,716735
[Recv] <<< 23:c9:cc:4b:a0:3a,47163,-28,9296,77.05,35.62,42,716267,716777
[Recv] <<< 23:c9:cc:4b:a0:3a,47165,-31,9297,77.05,35.62,83,716350,716860
[Recv] <<< 23:c9:cc:4b:a0:3a,47166,-37,9298,77.05,35.62,45,716395,716905
[Recv] <<< 23:c9:cc:4b:a0:3a,47170,-31,9299,77.06,35.62,156,716551,717061
[Recv] <<< 23:c9:cc:4b:a0:3a,47185,-31,9300,77.11,35.63,613,717164,717674
[Recv] <<< 23:c9:cc:4b:a0:3a,47186,-37,9301,77.11,35.63,44,717208,717718
[Recv] <<< 23:c9:cc:4b:a0:3a,47198,-37,9302,77.16,35.63,498,717706,718216
[Recv] <<< 23:c9:cc:4b:a0:3a,47200,-37,9303,77.16,35.63,83,717789,718299
[Recv] <<< 23:c9:cc:4b:a0:3a,47206,-37,9304,77.17,35.63,244,718033,718543
[Recv] <<< 23:c9:cc:4b:a0:3a,47207,-28,9305,77.17,35.63,43,718076,718586
[Recv] <<< 23:c9:cc:4b:a0:3a,47208,-28,9306,77.17,35.63,38,718114,718624
[Recv] <<< 23:c9:cc:4b:a0:3a,47211,-28,9307,77.17,35.64,132,718246,718756
[Recv] <<< 23:c9:cc:4b:a0:3a,47212,-31,9308,77.17,35.64,34,718280,718790
[Recv] <<< 23:c9:cc:4b:a0:3a,47216,-31,9309,77.18,35.64,164,718444,718954
[Recv] <<< 23:c9:cc:4b:a0:3a,47217,-38,9310,77.17,35.64,38,718482,718992
[Recv] <<< 23:c9:cc:4b:a0:3a,47218,-37,9311,77.17,35.64,36,718518,719028
[Recv] <<< 23:c9:cc:4b:a0:3a,47219,-28,9312,77.16,35.64,39,718557,719067
[Recv] <<< 23:c9:cc:4b:a0:3a,47220,-31,9313,77.16,35.64,43,718600,719110
[Recv] <<< 23:c9:cc:4b:a0:3a,47222,-31,9314,77.16,35.64,80,718680,719190
[Recv] <<< 23:c9:cc:4b:a0:3a,47224,-37,9315,77.16,35.64,80,718760,719270
[Recv] <<< 23:c9:cc:4b:a0:3a,47229,-31,9316,77.17,35.64,199,718959,719469
[Recv] <<< 23:c9:cc:4b:a0:3a,47230,-31,9317,77.17,35.64,35,718994,719504
[Recv] <<< 23:c9:cc:4b:a0:3a,47231,-42,9318,77.17,35.64,38,719032,719542
[Recv] <<< 23:c9:cc:4b:a0:3a,47235,-30,9319,77.18,35.64,174,719206,719716
[Recv] <<< 23:c9:cc:4b:a0:3a,47251,-28,9320,77.24,35.64,642,719848,720358
[Recv] <<< 23:c9:cc:4b:a0:3a,47252,-28,9321,77.23,35.64,36,719884,720394
[Recv] <<< 23:c9:cc:4b:a0:3a,47254,-30,9322,77.23,35.65,75,719959,720469
[Recv] <<< 23:c9:cc:4b:a0:3a,47262,-36,9323,77.26,35.65,322,720281,720791
[Recv] <<< 23:c9:cc:4b:a0:3a,47285,-36,9324,77.35,35.65,940,721221,721731
[Recv] <<< 23:c9:cc:4b:a0:3a,47286,-39,9325,77.35,35.65,35,721256,721766
[Recv] <<< 23:c9:cc:4b:a0:3a,47288,-30,9326,77.35,35.65,88,721344,721854
[Recv] <<< 23:c9:cc:4b:a0:3a,47297,-28,9327,77.38,35.66,365,721709,722219
[Recv] <<< 23:c9:cc:4b:a0:3a,47304,-39,9328,77.40,35.66,292,722001,722511
[Recv] <<< 23:c9:cc:4b:a0:3a,47305,-36,9329,77.40,35.66,35,722036,722546
[Recv] <<< 23:c9:cc:4b:a0:3a,47319,-30,9330,77.45,35.66,573,722609,723119
[Recv] <<< 23:c9:cc:4b:a0:3a,47321,-30,9331,77.45,35.66,88,722697,723207
[Recv] <<< 23:c9:cc:4b:a0:3a,47322,-39,9332,77.45,35.66,34,722731,723241
[Recv] <<< 23:c9:cc:4b:a0:3a,47323,-35,9333,77.44,35.66,42,722773,723283
[Recv] <<< 23:c9:cc:4b:a0:3a,47324,-35,9334,77.44,35.66,36,722809,723319
[Recv] <<< 23:c9:cc:4b:a0:3a,47325,-35,9335,77.43,35.66,39,722848,723358
[Recv] <<< 23:c9:cc:4b:a0:3a,47328,-30,9336,77.44,35.66,112,722960,723470
[Recv] <<< 23:c9:cc:4b:a0:3a,47329,-30,9337,77.43,35.66,40,723000,723510
[Recv] <<< 23:c9:cc:4b:a0:3a,47332,-35,9338,77.44,35.66,116,723116,723626
[Recv] <<< 23:c9:cc:4b:a0:3a,47340,-28,9339,77.46,35.67,316,723432,723942
[Recv] <<< 23:c9:cc:4b:a0:3a,47341,-28,9340,77.46,35.67,36,723468,723978
[Recv] <<< 23:c9:cc:4b:a0:3a,47358,-35,9341,77.52,35.67,648,724116,724626
[Recv] <<< 23:c9:cc:4b:a0:3a,47359,-28,9342,77.52,35.67,41,724157,724667
[Recv] <<< 23:c9:cc:4b:a0:3a,47360,-28,9343,77.51,35.67,41,724198,724708
[Recv] <<< 23:c9:cc:4b:a0:3a,47361,-28,9344,77.51,35.67,36,724234,724744
[Recv] <<< 23:c9:cc:4b:a0:3a,47362,-28,9345,77.50,35.67,34,724268,724778
[Recv] <<< 23:c9:cc:4b:a0:3a,47363,-30,9346,77.50,35.67,29,724297,724807
[Recv] <<< 23:c9:cc:4b:a0:3a,47364,-28,9347,77.49,35.67,40,724337,724847
[Recv] <<< 23:c9:cc:4b:a0:3a,47371,-30,9348,77.51,35.67,250,724587,725097
[Recv] <<< 23:c9:cc:4b:a0:3a,47372,-30,9349,77.51,35.67,33,724620,725130
[Recv] <<< 23:c9:cc:4b:a0:3a,47373,-30,9350,77.50,35.67,33,724653,725163
[Recv] <<< 23:c9:cc:4b:a0:3a,47385,-30,9351,77.54,35.67,446,725099,725609
[Recv] <<< 23:c9:cc:4b:a0:3a,47386,-30,9352,77.54,35.67,38,725137,725647
[Recv] <<< 23:c9:cc:4b:a0:3a,47388,-30,9353,77.54,35.67,73,725210,725720
[Recv] <<< 23:c9:cc:4b:a0:3a,47389,-30,9354,77.53,35.67,38,725248,725758
[Recv] <<< 23:c9:cc:4b:a0:3a,47390,-35,9355,77.53,35.67,33,725281,725791
[Recv] <<< 23:c9:cc:4b:a0:3a,47391,-35,9356,77.52,35.67,42,725323,725833
[Recv] <<< 23:c9:cc:4b:a0:3a,47392,-35,9357,77.52,35.67,33,725356,725866
[Recv] <<< 23:c9:cc:4b:a0:3a,47393,-40,9358,77.52,35.67,35,725391,725901
[Recv] <<< 23:c9:cc:4b:a0:3a,47394,-35,9359,77.51,35.67,31,725422,725932
[Recv] <<< 23:c9:cc:4b:a0:3a,47395,-27,9360,77.51,35.67,40,725462,725972
[Recv] <<< 23:c9:cc:4b:a0:3a,47396,-27,9361,77.50,35.67,35,725497,726007
[Recv] <<< 23:c9:cc:4b:a0:3a,47397,-27,9362,77.50,35.67,36,725533,726043
[Recv] <<< 23:c9:cc:4b:a0:3a,47422,-27,9363,77.58,35.67,885,726418,726928
[Recv] <<< 23:c9:cc:4b:a0:3a,47439,-30,9364,77.64,35.67,613,727031,727541
[Recv] <<< 23:c9:cc:4b:a0:3a,47440,-37,9365,77.64,35.67,39,727070,727580
[Recv] <<< 23:c9:cc:4b:a0:3a,47441,-38,9366,77.63,35.67,39,727109,727619
[Recv] <<< 23:c9:cc:4b:a0:3a,47442,-27,9367,77.63,35.67,40,727149,727659
[Recv] <<< 23:c9:cc:4b:a0:3a,47443,-27,9368,77.62,35.67,40,727189,727699
[Recv] <<< 23:c9:cc:4b:a0:3a,47444,-27,9369,77.62,35.67,42,727231,727741
[Recv] <<< 23:c9:cc:4b:a0:3a,47446,-30,9370,77.62,35.67,69,727300,727810
[Recv] <<< 23:c9:cc:4b:a0:3a,47447,-30,9371,77.62,35.67,37,727337,727847
[Recv] <<< 23:c9:cc:4b:a0:3a,47448,-38,9372,77.61,35.67,43,727380,727890
[Recv] <<< 23:c9:cc:4b:a0:3a,47449,-37,9373,77.61,35.67,40,727420,727930
[Recv] <<< 23:c9:cc:4b:a0:3a,47450,-35,9374,77.60,35.67,35,727455,727965
[Recv] <<< 23:c9:cc:4b:a0:3a,47578,-30,9375,78.08,35.67,4524,731979,732489
[Recv] <<< 23:c9:cc:4b:a0:3a,47581,-27,9376,78.08,35.67,98,732077,732587
[Recv] <<< 23:c9:cc:4b:a0:3a,47582,-27,9377,78.08,35.67,36,732113,732623
[Recv] <<< 23:c9:cc:4b:a0:3a,47583,-27,9378,78.07,35.67,33,732146,732656
[Recv] <<< 23:c9:cc:4b:a0:3a,47584,-27,9379,78.07,35.67,28,732174,732684
[Recv] <<< 23:c9:cc:4b:a0:3a,47585,-30,9380,78.06,35.67,43,732217,732727
[Recv] <<< 23:c9:cc:4b:a0:3a,47592,-35,9381,78.08,35.67,251,732468,732978
[Recv] <<< 23:c9:cc:4b:a0:3a,47593,-29,9382,78.08,35.67,42,732510,733020
[Recv] <<< 23:c9:cc:4b:a0:3a,47594,-30,9383,78.07,35.67,25,732535,733045
[Recv] <<< 23:c9:cc:4b:a0:3a,47595,-30,9384,78.07,35.67,31,732566,733076
[Recv] <<< 23:c9:cc:4b:a0:3a,47596,-30,9385,78.06,35.67,43,732609,733119
[Recv] <<< 23:c9:cc:4b:a0:3a,47597,-30,9386,78.06,35.67,31,732640,733150
[Recv] <<< 23:c9:cc:4b:a0:3a,47603,-27,9387,78.07,35.67,199,732839,733349
[Recv] <<< 23:c9:cc:4b:a0:3a,47604,-30,9388,78.07,35.67,36,732875,733385
[Recv] <<< 23:c9:cc:4b:a0:3a,47605,-27,9389,78.06,35.67,34,732909,733419
[Recv] <<< 23:c9:cc:4b:a0:3a,47607,-30,9390,78.06,35.67,72,732981,733491
[Recv] <<< 23:c9:cc:4b:a0:3a,47608,-30,9391,78.06,35.67,37,733018,733528
[Recv] <<< 23:c9:cc:4b:a0:3a,47609,-29,9392,78.05,35.67,29,733047,733557
[Recv] <<< 23:c9:cc:4b:a0:3a,47610,-35,9393,78.05,35.67,47,733094,733604
[Recv] <<< 23:c9:cc:4b:a0:3a,47611,-37,9394,78.04,35.67,31,733125,733635
[Recv] <<< 23:c9:cc:4b:a0:3a,47612,-35,9395,78.04,35.67,34,733159,733669
[Recv] <<< 23:c9:cc:4b:a0:3a,47613,-35,9396,78.03,35.67,31,733190,733700
[Recv] <<< 23:c9:cc:4b:a0:3a,47614,-35,9397,78.03,35.67,41,733231,733741
[Recv] <<< 23:c9:cc:4b:a0:3a,47615,-35,9398,78.02,35.67,34,733265,733775
[Recv] <<< 23:c9:cc:4b:a0:3a,47667,-27,9399,78.21,35.66,1791,735056,735566
[Recv] <<< 23:c9:cc:4b:a0:3a,47669,-27,9400,78.21,35.66,77,735133,735643
[Recv] <<< 23:c9:cc:4b:a0:3a,47672,-27,9401,78.21,35.66,102,735235,735745
[Recv] <<< 23:c9:cc:4b:a0:3a,47674,-30,9402,78.21,35.66,83,735318,735828
[Recv] <<< 23:c9:cc:4b:a0:3a,47675,-30,9403,78.20,35.66,25,735343,735853
[Recv] <<< 23:c9:cc:4b:a0:3a,47676,-30,9404,78.20,35.66,37,735380,735890
[Recv] <<< 23:c9:cc:4b:a0:3a,47694,-27,9405,78.26,35.66,632,736012,736522
[Recv] <<< 23:c9:cc:4b:a0:3a,47735,-37,9406,78.40,35.66,1416,737428,737938
[Recv] <<< 23:c9:cc:4b:a0:3a,47736,-34,9407,78.40,35.66,40,737468,737978
[Recv] <<< 23:c9:cc:4b:a0:3a,47737,-37,9408,78.39,35.66,27,737495,738005
[Recv] <<< 23:c9:cc:4b:a0:3a,47738,-39,9409,78.39,35.66,39,737534,738044
[Recv] <<< 23:c9:cc:4b:a0:3a,47739,-37,9410,78.38,35.66,30,737564,738074
[Recv] <<< 23:c9:cc:4b:a0:3a,47740,-34,9411,78.38,35.66,31,737595,738105
[Recv] <<< 23:c9:cc:4b:a0:3a,47767,-29,9412,78.47,35.66,927,738522,739032
[Recv] <<< 23:c9:cc:4b:a0:3a,47771,-27,9413,78.47,35.66,122,738644,739154
[Recv] <<< 23:c9:cc:4b:a0:3a,47772,-27,9414,78.47,35.66,41,738685,739195
[Recv] <<< 23:c9:cc:4b:a0:3a,47773,-27,9415,78.46,35.66,35,738720,739230
[Recv] <<< 23:c9:cc:4b:a0:3a,47775,-34,9416,78.46,35.66,58,738778,739288
[Recv] <<< 23:c9:cc:4b:a0:3a,47776,-34,9417,78.46,35.66,36,738814,739324
[Recv] <<< 23:c9:cc:4b:a0:3a,47777,-34,9418,78.45,35.66,30,738844,739354
[Recv] <<< 23:c9:cc:4b:a0:3a,47778,-29,9419,78.45,35.66,32,738876,739386
[Recv] <<< 23:c9:cc:4b:a0:3a,47779,-30,9420,78.44,35.66,28,738904,739414
[Recv] <<< 23:c9:cc:4b:a0:3a,47780,-27,9421,78.44,35.66,33,738937,739447
[Recv] <<< 23:c9:cc:4b:a0:3a,47781,-27,9422,78.43,35.66,30,738967,739477
[Recv] <<< 23:c9:cc:4b:a0:3a,47782,-27,9423,78.42,35.66,31,738998,739508
[Recv] <<< 23:c9:cc:4b:a0:3a,47791,-34,9424,78.45,35.65,303,739301,739811
[Recv] <<< 23:c9:cc:4b:a0:3a,47792,-37,9425,78.44,35.65,39,739340,739850
[Recv] <<< 23:c9:cc:4b:a0:3a,47793,-34,9426,78.44,35.65,25,739365,739875
[Recv] <<< 23:c9:cc:4b:a0:3a,47794,-34,9427,78.43,35.65,33,739398,739908
[Recv] <<< 23:c9:cc:4b:a0:3a,47795,-34,9428,78.43,35.65,30,739428,739938
[Recv] <<< 23:c9:cc:4b:a0:3a,47796,-37,9429,78.42,35.65,37,739465,739975
[Recv] <<< 23:c9:cc:4b:a0:3a,47797,-34,9430,78.42,35.65,31,739496,740006
[Recv] <<< 23:c9:cc:4b:a0:3a,47798,-34,9431,78.42,35.65,42,739538,740048
[Recv] <<< 23:c9:cc:4b:a0:3a,47799,-37,9432,78.41,35.65,37,739575,740085
[Recv] <<< 23:c9:cc:4b:a0:3a,47800,-34,9433,78.41,35.65,37,739612,740122
[Recv] <<< 23:c9:cc:4b:a0:3a,47801,-34,9434,78.40,35.65,32,739644,740154
[Recv] <<< 23:c9:cc:4b:a0:3a,47802,-37,9435,78.40,35.65,33,739677,740187
[Recv] <<< 23:c9:cc:4b:a0:3a,47805,-35,9436,78.40,35.65,109,739786,740296
[Recv] <<< 23:c9:cc:4b:a0:3a,47806,-34,9437,78.40,35.65,33,739819,740329
[Recv] <<< 23:c9:cc:4b:a0:3a,47807,-37,9438,78.39,35.65,32,739851,740361
[Recv] <<< 23:c9:cc:4b:a0:3a,47808,-34,9439,78.39,35.65,39,739890,740400
[Recv] <<< 23:c9:cc:4b:a0:3a,47809,-27,9440,78.38,35.65,33,739923,740433
[Recv] <<< 23:c9:cc:4b:a0:3a,47819,-34,9441,78.41,35.65,337,740260,740770
[Recv] <<< 23:c9:cc:4b:a0:3a,47820,-29,9442,78.40,35.65,30,740290,740800
[Recv] <<< 23:c9:cc:4b:a0:3a,47821,-29,9443,78.40,35.65,30,740320,740830
[Recv] <<< 23:c9:cc:4b:a0:3a,47822,-30,9444,78.39,35.65,37,740357,740867
[Recv] <<< 23:c9:cc:4b:a0:3a,47823,-29,9445,78.39,35.65,40,740397,740907
[Recv] <<< 23:c9:cc:4b:a0:3a,47824,-29,9446,78.39,35.65,31,740428,740938
[Recv] <<< 23:c9:cc:4b:a0:3a,47825,-30,9447,78.38,35.65,28,740456,740966
[Recv] <<< 23:c9:cc:4b:a0:3a,47831,-37,9448,78.39,35.65,193,740649,741159
[Recv] <<< 23:c9:cc:4b:a0:3a,47833,-35,9449,78.39,35.65,73,740722,741232
[Recv] <<< 23:c9:cc:4b:a0:3a,47842,-29,9450,78.41,35.65,286,741008,741518
[Recv] <<< 23:c9:cc:4b:a0:3a,47843,-30,9451,78.41,35.65,38,741046,741556
[Recv] <<< 23:c9:cc:4b:a0:3a,47844,-27,9452,78.40,35.65,35,741081,741591
[Recv] <<< 23:c9:cc:4b:a0:3a,47846,-27,9453,78.40,35.65,67,741148,741658
[Recv] <<< 23:c9:cc:4b:a0:3a,47847,-30,9454,78.40,35.65,46,741194,741704
[Recv] <<< 23:c9:cc:4b:a0:3a,47848,-30,9455,78.40,35.65,32,741226,741736
[Recv] <<< 23:c9:cc:4b:a0:3a,47856,-30,9456,78.42,35.65,269,741495,742005
[Recv] <<< 23:c9:cc:4b:a0:3a,47857,-27,9457,78.41,35.65,37,741532,742042
[Recv] <<< 23:c9:cc:4b:a0:3a,47858,-27,9458,78.41,35.65,31,741563,742073
[Recv] <<< 23:c9:cc:4b:a0:3a,47859,-27,9459,78.40,35.65,31,741594,742104
[Recv] <<< 23:c9:cc:4b:a0:3a,47860,-27,9460,78.40,35.65,32,741626,742136
[Recv] <<< 23:c9:cc:4b:a0:3a,47861,-27,9461,78.39,35.65,41,741667,742177
[Recv] <<< 23:c9:cc:4b:a0:3a,47862,-27,9462,78.39,35.65,26,741693,742203
[Recv] <<< 23:c9:cc:4b:a0:3a,47863,-27,9463,78.38,35.65,31,741724,742234
[Recv] <<< 23:c9:cc:4b:a0:3a,47864,-27,9464,78.38,35.65,32,741756,742266
[Recv] <<< 23:c9:cc:4b:a0:3a,47865,-27,9465,78.37,35.65,41,741797,742307
[Recv] <<< 23:c9:cc:4b:a0:3a,47866,-27,9466,78.37,35.65,39,741836,742346
[Recv] <<< 23:c9:cc:4b:a0:3a,47867,-30,9467,78.36,35.65,33,741869,742379
[Recv] <<< 23:c9:cc:4b:a0:3a,47869,-27,9468,78.36,35.65,71,741940,742450
[Recv] <<< 23:c9:cc:4b:a0:3a,47870,-27,9469,78.36,35.65,27,741967,742477
[Recv] <<< 23:c9:cc:4b:a0:3a,47871,-27,9470,78.35,35.65,38,742005,742515
[Recv] <<< 23:c9:cc:4b:a0:3a,47872,-27,9471,78.35,35.65,37,742042,742552
[Recv] <<< 23:c9:cc:4b:a0:3a,47873,-27,9472,78.34,35.65,25,742067,742577
[Recv] <<< 23:c9:cc:4b:a0:3a,47874,-27,9473,78.34,35.65,28,742095,742605
[Recv] <<< 23:c9:cc:4b:a0:3a,47875,-27,9474,78.33,35.65,41,742136,742646
[Recv] <<< 23:c9:cc:4b:a0:3a,47881,-27,9475,78.35,35.65,212,742348,742858
[Recv] <<< 23:c9:cc:4b:a0:3a,47882,-27,9476,78.34,35.65,27,742375,742885
[Recv] <<< 23:c9:cc:4b:a0:3a,47883,-27,9477,78.34,35.65,37,742412,742922
[Recv] <<< 23:c9:cc:4b:a0:3a,47888,-27,9478,78.35,35.65,166,742578,743088
[Recv] <<< 23:c9:cc:4b:a0:3a,47889,-27,9479,78.34,35.65,32,742610,743120
[Recv] <<< 23:c9:cc:4b:a0:3a,47890,-27,9480,78.34,35.65,31,742641,743151
[Recv] <<< 23:c9:cc:4b:a0:3a,47891,-37,9481,78.33,35.65,31,742672,743182
[Recv] <<< 23:c9:cc:4b:a0:3a,47893,-27,9482,78.33,35.65,80,742752,743262
[Recv] <<< 23:c9:cc:4b:a0:3a,47894,-27,9483,78.33,35.65,28,742780,743290
[Recv] <<< 23:c9:cc:4b:a0:3a,47895,-34,9484,78.32,35.65,38,742818,743328
[Recv] <<< 23:c9:cc:4b:a0:3a,47896,-34,9485,78.32,35.65,31,742849,743359
[Recv] <<< 23:c9:cc:4b:a0:3a,47897,-29,9486,78.31,35.64,28,742877,743387
[Recv] <<< 23:c9:cc:4b:a0:3a,47898,-34,9487,78.31,35.65,37,742914,743424
[Recv] <<< 23:c9:cc:4b:a0:3a,47902,-29,9488,78.31,35.64,137,743051,743561
[Recv] <<< 23:c9:cc:4b:a0:3a,47903,-29,9489,78.31,35.64,36,743087,743597
[Recv] <<< 23:c9:cc:4b:a0:3a,47904,-30,9490,78.31,35.64,39,743126,743636
[Recv] <<< 23:c9:cc:4b:a0:3a,47905,-29,9491,78.30,35.64,26,743152,743662
[Recv] <<< 23:c9:cc:4b:a0:3a,47907,-27,9492,78.30,35.64,62,743214,743724
[Recv] <<< 23:c9:cc:4b:a0:3a,47908,-27,9493,78.29,35.64,33,743247,743757
[Recv] <<< 23:c9:cc:4b:a0:3a,47909,-27,9494,78.29,35.64,41,743288,743798
[Recv] <<< 23:c9:cc:4b:a0:3a,47911,-27,9495,78.29,35.64,68,743356,743866
[Recv] <<< 23:c9:cc:4b:a0:3a,47912,-27,9496,78.28,35.64,30,743386,743896
[Recv] <<< 23:c9:cc:4b:a0:3a,47914,-27,9497,78.28,35.64,74,743460,743970
[Recv] <<< 23:c9:cc:4b:a0:3a,47917,-34,9498,78.28,35.64,89,743549,744059
[Recv] <<< 23:c9:cc:4b:a0:3a,47918,-34,9499,78.28,35.64,35,743584,744094
[Recv] <<< 23:c9:cc:4b:a0:3a,47921,-29,9500,78.28,35.64,99,743683,744193
[Recv] <<< 23:c9:cc:4b:a0:3a,47922,-29,9501,78.28,35.64,26,743709,744219
[Recv] <<< 23:c9:cc:4b:a0:3a,47923,-29,9502,78.27,35.64,37,743746,744256
[Recv] <<< 23:c9:cc:4b:a0:3a,47924,-30,9503,78.27,35.64,33,743779,744289
[Recv] <<< 23:c9:cc:4b:a0:3a,47925,-29,9504,78.26,35.64,32,743811,744321
[Recv] <<< 23:c9:cc:4b:a0:3a,47926,-29,9505,78.26,35.64,31,743842,744352
[Recv] <<< 23:c9:cc:4b:a0:3a,47927,-29,9506,78.25,35.64,36,743878,744388
[Recv] <<< 23:c9:cc:4b:a0:3a,47928,-29,9507,78.25,35.64,33,743911,744421
[Recv] <<< 23:c9:cc:4b:a0:3a,47929,-29,9508,78.24,35.64,32,743943,744453
[Recv] <<< 23:c9:cc:4b:a0:3a,47930,-30,9509,78.24,35.64,37,743980,744490
[Recv] <<< 23:c9:cc:4b:a0:3a,47931,-29,9510,78.23,35.64,26,744006,744516
[Recv] <<< 23:c9:cc:4b:a0:3a,47941,-34,9511,78.26,35.64,340,744346,744856
[Recv] <<< 23:c9:cc:4b:a0:3a,47942,-37,9512,78.26,35.64,29,744375,744885
[Recv] <<< 23:c9:cc:4b:a0:3a,47943,-37,9513,78.25,35.64,32,744407,744917
[Recv] <<< 23:c9:cc:4b:a0:3a,47944,-34,9514,78.25,35.64,37,744444,744954
[Recv] <<< 23:c9:cc:4b:a0:3a,47945,-34,9515,78.24,35.64,36,744480,744990
[Recv] <<< 23:c9:cc:4b:a0:3a,47950,-30,9516,78.25,35.64,162,744642,745152
[Recv] <<< 23:c9:cc:4b:a0:3a,47952,-30,9517,78.25,35.64,64,744706,745216
[Recv] <<< 23:c9:cc:4b:a0:3a,47953,-30,9518,78.25,35.64,37,744743,745253
[Recv] <<< 23:c9:cc:4b:a0:3a,47954,-30,9519,78.24,35.64,32,744775,745285
[Recv] <<< 23:c9:cc:4b:a0:3a,47955,-29,9520,78.24,35.64,34,744809,745319
[Recv] <<< 23:c9:cc:4b:a0:3a,47956,-30,9521,78.23,35.64,33,744842,745352
[Recv] <<< 23:c9:cc:4b:a0:3a,47967,-37,9522,78.26,35.64,368,745210,745720
[Recv] <<< 23:c9:cc:4b:a0:3a,47968,-27,9523,78.26,35.64,35,745245,745755
[Recv] <<< 23:c9:cc:4b:a0:3a,47969,-35,9524,78.25,35.64,32,745277,745787
[Recv] <<< 23:c9:cc:4b:a0:3a,47970,-35,9525,78.25,35.64,32,745309,745819
[Recv] <<< 23:c9:cc:4b:a0:3a,47971,-27,9526,78.24,35.64,37,745346,745856
[Recv] <<< 23:c9:cc:4b:a0:3a,47990,-29,9527,78.30,35.63,633,745979,746489
[Recv] <<< 23:c9:cc:4b:a0:3a,47991,-29,9528,78.30,35.63,35,746014,746524
[Recv] <<< 23:c9:cc:4b:a0:3a,47992,-29,9529,78.29,35.63,31,746045,746555
[Recv] <<< 23:c9:cc:4b:a0:3a,47993,-30,9530,78.29,35.63,31,746076,746586
[Recv] <<< 23:c9:cc:4b:a0:3a,47994,-30,9531,78.28,35.63,33,746109,746619
[Recv] <<< 23:c9:cc:4b:a0:3a,47995,-30,9532,78.28,35.63,36,746145,746655
[Recv] <<< 23:c9:cc:4b:a0:3a,47996,-30,9533,78.27,35.63,38,746183,746693
[Recv] <<< 23:c9:cc:4b:a0:3a,48033,-35,9534,78.40,35.63,1253,747436,747946
[Recv] <<< 23:c9:cc:4b:a0:3a,48034,-27,9535,78.39,35.63,37,747473,747983
[Recv] <<< 23:c9:cc:4b:a0:3a,48036,-35,9536,78.39,35.63,65,747538,748048
[Recv] <<< 23:c9:cc:4b:a0:3a,48037,-35,9537,78.39,35.63,33,747571,748081
[Recv] <<< 23:c9:cc:4b:a0:3a,48038,-35,9538,78.38,35.63,36,747607,748117
[Recv] <<< 23:c9:cc:4b:a0:3a,48039,-35,9539,78.38,35.63,34,747641,748151
[Recv] <<< 23:c9:cc:4b:a0:3a,48040,-27,9540,78.37,35.63,47,747688,748198
[Recv] <<< 23:c9:cc:4b:a0:3a,48044,-35,9541,78.38,35.63,125,747813,748323
[Recv] <<< 23:c9:cc:4b:a0:3a,48045,-27,9542,78.37,35.63,38,747851,748361
[Recv] <<< 23:c9:cc:4b:a0:3a,48046,-27,9543,78.37,35.63,37,747888,748398
[Recv] <<< 23:c9:cc:4b:a0:3a,48047,-30,9544,78.37,35.63,35,747923,748433
[Recv] <<< 23:c9:cc:4b:a0:3a,48049,-30,9545,78.37,35.63,71,747994,748504
[Recv] <<< 23:c9:cc:4b:a0:3a,48050,-29,9546,78.36,35.63,40,748034,748544
[Recv] <<< 23:c9:cc:4b:a0:3a,48051,-30,9547,78.36,35.63,27,748061,748571
[Recv] <<< 23:c9:cc:4b:a0:3a,48052,-29,9548,78.35,35.63,32,748093,748603
[Recv] <<< 23:c9:cc:4b:a0:3a,48053,-29,9549,78.35,35.63,34,748127,748637
[Recv] <<< 23:c9:cc:4b:a0:3a,48054,-30,9550,78.34,35.63,41,748168,748678
[Recv] <<< 23:c9:cc:4b:a0:3a,48055,-27,9551,78.34,35.63,33,748201,748711
[Recv] <<< 23:c9:cc:4b:a0:3a,48059,-27,9552,78.34,35.63,137,748338,748848
[Recv] <<< 23:c9:cc:4b:a0:3a,48060,-27,9553,78.34,35.63,30,748368,748878
[Recv] <<< 23:c9:cc:4b:a0:3a,48062,-30,9554,78.34,35.63,84,748452,748962
[Recv] <<< 23:c9:cc:4b:a0:3a,48063,-30,9555,78.33,35.63,22,748474,748984
[Recv] <<< 23:c9:cc:4b:a0:3a,48064,-27,9556,78.33,35.63,37,748511,749021
[Recv] <<< 23:c9:cc:4b:a0:3a,48066,-27,9557,78.33,35.63,63,748574,749084
[Recv] <<< 23:c9:cc:4b:a0:3a,48067,-27,9558,78.32,35.63,39,748613,749123
[Recv] <<< 23:c9:cc:4b:a0:3a,48069,-27,9559,78.32,35.63,66,748679,749189
[Recv] <<< 23:c9:cc:4b:a0:3a,48070,-27,9560,78.32,35.63,30,748709,749219
[Recv] <<< 23:c9:cc:4b:a0:3a,48071,-29,9561,78.31,35.63,47,748756,749266
[Recv] <<< 23:c9:cc:4b:a0:3a,48072,-30,9562,78.31,35.63,37,748793,749303
[Recv] <<< 23:c9:cc:4b:a0:3a,48073,-35,9563,78.31,35.63,41,748834,749344
[Recv] <<< 23:c9:cc:4b:a0:3a,48074,-27,9564,78.30,35.63,37,748871,749381
[Recv] <<< 23:c9:cc:4b:a0:3a,48075,-27,9565,78.30,35.63,38,748909,749419
[Recv] <<< 23:c9:cc:4b:a0:3a,48076,-27,9566,78.29,35.63,41,748950,749460
[Recv] <<< 23:c9:cc:4b:a0:3a,48085,-30,9567,78.32,35.63,311,749261,749771
[Recv] <<< 23:c9:cc:4b:a0:3a,48086,-29,9568,78.31,35.63,40,749301,749811
[Recv] <<< 23:c9:cc:4b:a0:3a,48087,-35,9569,78.31,35.63,37,749338,749848
[Recv] <<< 23:c9:cc:4b:a0:3a,48088,-35,9570,78.30,35.63,34,749372,749882
[Recv] <<< 23:c9:cc:4b:a0:3a,48089,-27,9571,78.30,35.63,38,749410,749920
[Recv] <<< 23:c9:cc:4b:a0:3a,48090,-27,9572,78.30,35.63,46,749456,749966
[Recv] <<< 23:c9:cc:4b:a0:3a,48091,-27,9573,78.29,35.63,34,749490,750000
[Recv] <<< 23:c9:cc:4b:a0:3a,48093,-37,9574,78.29,35.63,66,749556,750066
[Recv] <<< 23:c9:cc:4b:a0:3a,48094,-35,9575,78.29,35.63,31,749587,750097
[Recv] <<< 23:c9:cc:4b:a0:3a,48095,-35,9576,78.28,35.63,32,749619,750129
[Recv] <<< 23:c9:cc:4b:a0:3a,48097,-37,9577,78.28,35.63,77,749696,750206
[Recv] <<< 23:c9:cc:4b:a0:3a,48098,-35,9578,78.28,35.63,32,749728,750238
[Recv] <<< 23:c9:cc:4b:a0:3a,48099,-35,9579,78.27,35.63,30,749758,750268
[Recv] <<< 23:c9:cc:4b:a0:3a,48100,-35,9580,78.27,35.63,38,749796,750306
[Recv] <<< 23:c9:cc:4b:a0:3a,48101,-27,9581,78.26,35.63,45,749841,750351
[Recv] <<< 23:c9:cc:4b:a0:3a,48102,-27,9582,78.26,35.63,28,749869,750379
[Recv] <<< 23:c9:cc:4b:a0:3a,48103,-27,9583,78.25,35.63,42,749911,750421
[Recv] <<< 23:c9:cc:4b:a0:3a,48104,-27,9584,78.25,35.63,26,749937,750447
[Recv] <<< 23:c9:cc:4b:a0:3a,48105,-27,9585,78.24,35.63,34,749971,750481
[Recv] <<< 23:c9:cc:4b:a0:3a,48140,-37,9586,78.37,35.63,1245,751216,751726
[Recv] <<< 23:c9:cc:4b:a0:3a,48142,-37,9587,78.37,35.63,70,751286,751796
[Recv] <<< 23:c9:cc:4b:a0:3a,48143,-41,9588,78.36,35.63,27,751313,751823
[Recv] <<< 23:c9:cc:4b:a0:3a,48144,-35,9589,78.35,35.63,31,751344,751854
[Recv] <<< 23:c9:cc:4b:a0:3a,48145,-37,9590,78.35,35.63,36,751380,751890
[Recv] <<< 23:c9:cc:4b:a0:3a,48147,-27,9591,78.35,35.63,71,751451,751961
[Recv] <<< 23:c9:cc:4b:a0:3a,48148,-27,9592,78.35,35.63,41,751492,752002
[Recv] <<< 23:c9:cc:4b:a0:3a,48151,-27,9593,78.35,35.63,103,751595,752105
[Recv] <<< 23:c9:cc:4b:a0:3a,48152,-27,9594,78.34,35.63,34,751629,752139
[Recv] <<< 23:c9:cc:4b:a0:3a,48154,-35,9595,78.34,35.63,64,751693,752203
[Recv] <<< 23:c9:cc:4b:a0:3a,48156,-35,9596,78.34,35.63,57,751750,752260
[Recv] <<< 23:c9:cc:4b:a0:3a,48163,-27,9597,78.36,35.63,266,752016,752526
[Recv] <<< 23:c9:cc:4b:a0:3a,48164,-27,9598,78.35,35.63,33,752049,752559
[Recv] <<< 23:c9:cc:4b:a0:3a,48165,-27,9599,78.35,35.63,29,752078,752588
[Recv] <<< 23:c9:cc:4b:a0:3a,48167,-27,9600,78.35,35.63,73,752151,752661
[Recv] <<< 23:c9:cc:4b:a0:3a,48168,-27,9601,78.34,35.63,37,752188,752698
[Recv] <<< 23:c9:cc:4b:a0:3a,48172,-34,9602,78.35,35.63,134,752322,752832
[Recv] <<< 23:c9:cc:4b:a0:3a,48173,-37,9603,78.35,35.63,31,752353,752863
[Recv] <<< 23:c9:cc:4b:a0:3a,48174,-35,9604,78.34,35.63,35,752388,752898
[Recv] <<< 23:c9:cc:4b:a0:3a,48175,-37,9605,78.34,35.63,40,752428,752938
[Recv] <<< 23:c9:cc:4b:a0:3a,48176,-34,9606,78.33,35.63,34,752462,752972
[Recv] <<< 23:c9:cc:4b:a0:3a,48178,-30,9607,78.33,35.63,58,752520,753030
[Recv] <<< 23:c9:cc:4b:a0:3a,48180,-29,9608,78.33,35.63,61,752581,753091
[Recv] <<< 23:c9:cc:4b:a0:3a,48181,-29,9609,78.32,35.63,35,752616,753126
[Recv] <<< 23:c9:cc:4b:a0:3a,48183,-30,9610,78.32,35.63,67,752683,753193
[Recv] <<< 23:c9:cc:4b:a0:3a,48184,-30,9611,78.32,35.63,48,752731,753241
[Recv] <<< 23:c9:cc:4b:a0:3a,48185,-30,9612,78.31,35.63,31,752762,753272
[Recv] <<< 23:c9:cc:4b:a0:3a,48186,-30,9613,78.31,35.63,32,752794,753304
[Recv] <<< 23:c9:cc:4b:a0:3a,48187,-30,9614,78.30,35.63,30,752824,753334
[Recv] <<< 23:c9:cc:4b:a0:3a,48194,-27,9615,78.32,35.63,242,753066,753576
[Recv] <<< 23:c9:cc:4b:a0:3a,48195,-27,9616,78.32,35.63,33,753099,753609
[Recv] <<< 23:c9:cc:4b:a0:3a,48198,-29,9617,78.32,35.63,111,753210,753720
[Recv] <<< 23:c9:cc:4b:a0:3a,48200,-35,9618,78.32,35.63,77,753287,753797
[Recv] <<< 23:c9:cc:4b:a0:3a,48201,-37,9619,78.32,35.63,42,753329,753839
[Recv] <<< 23:c9:cc:4b:a0:3a,48202,-27,9620,78.31,35.63,32,753361,753871
[Recv] <<< 23:c9:cc:4b:a0:3a,48206,-29,9621,78.32,35.63,156,753517,754027
[Recv] <<< 23:c9:cc:4b:a0:3a,48207,-30,9622,78.32,35.63,39,753556,754066
[Recv] <<< 23:c9:cc:4b:a0:3a,48218,-30,9623,78.35,35.63,376,753932,754442
[Recv] <<< 23:c9:cc:4b:a0:3a,48219,-30,9624,78.34,35.63,39,753971,754481
[Recv] <<< 23:c9:cc:4b:a0:3a,48225,-30,9625,78.36,35.63,204,754175,754685
[Recv] <<< 23:c9:cc:4b:a0:3a,48226,-29,9626,78.35,35.63,29,754204,754714
[Recv] <<< 23:c9:cc:4b:a0:3a,48228,-27,9627,78.35,35.63,60,754264,754774
[Recv] <<< 23:c9:cc:4b:a0:3a,48229,-30,9628,78.35,35.63,43,754307,754817
[Recv] <<< 23:c9:cc:4b:a0:3a,48230,-29,9629,78.34,35.63,35,754342,754852
[Recv] <<< 23:c9:cc:4b:a0:3a,48231,-30,9630,78.34,35.63,31,754373,754883
[Recv] <<< 23:c9:cc:4b:a0:3a,48232,-30,9631,78.33,35.63,32,754405,754915
[Recv] <<< 23:c9:cc:4b:a0:3a,48233,-30,9632,78.33,35.63,40,754445,754955
[Recv] <<< 23:c9:cc:4b:a0:3a,48236,-37,9633,78.33,35.63,119,754564,755074
[Recv] <<< 23:c9:cc:4b:a0:3a,48237,-34,9634,78.33,35.63,31,754595,755105
[Recv] <<< 23:c9:cc:4b:a0:3a,48238,-34,9635,78.32,35.63,33,754628,755138
[Recv] <<< 23:c9:cc:4b:a0:3a,48239,-34,9636,78.32,35.63,30,754658,755168
[Recv] <<< 23:c9:cc:4b:a0:3a,48240,-34,9637,78.31,35.63,32,754690,755200
[Recv] <<< 23:c9:cc:4b:a0:3a,48241,-34,9638,78.31,35.63,38,754728,755238
[Recv] <<< 23:c9:cc:4b:a0:3a,48242,-37,9639,78.30,35.63,33,754761,755271
[Recv] <<< 23:c9:cc:4b:a0:3a,48243,-37,9640,78.30,35.63,32,754793,755303
[Recv] <<< 23:c9:cc:4b:a0:3a,48244,-37,9641,78.29,35.63,39,754832,755342
[Recv] <<< 23:c9:cc:4b:a0:3a,48245,-35,9642,78.29,35.63,33,754865,755375
[Recv] <<< 23:c9:cc:4b:a0:3a,48247,-27,9643,78.29,35.63,68,754933,755443
[Recv] <<< 23:c9:cc:4b:a0:3a,48250,-40,9644,78.29,35.62,97,755030,755540
[Recv] <<< 23:c9:cc:4b:a0:3a,48252,-35,9645,78.29,35.62,74,755104,755614
[Recv] <<< 23:c9:cc:4b:a0:3a,48253,-37,9646,78.29,35.63,43,755147,755657
[Recv] <<< 23:c9:cc:4b:a0:3a,48254,-35,9647,78.28,35.62,27,755174,755684
[Recv] <<< 23:c9:cc:4b:a0:3a,48255,-35,9648,78.28,35.63,41,755215,755725
[Recv] <<< 23:c9:cc:4b:a0:3a,48256,-40,9649,78.27,35.62,33,755248,755758
[Recv] <<< 23:c9:cc:4b:a0:3a,48257,-35,9650,78.27,35.62,32,755280,755790
[Recv] <<< 23:c9:cc:4b:a0:3a,48258,-40,9651,78.26,35.62,30,755310,755820
[Recv] <<< 23:c9:cc:4b:a0:3a,48259,-37,9652,78.26,35.62,37,755347,755857
[Recv] <<< 23:c9:cc:4b:a0:3a,48260,-30,9653,78.25,35.62,25,755372,755882
[Recv] <<< 23:c9:cc:4b:a0:3a,48261,-30,9654,78.25,35.62,30,755402,755912
[Recv] <<< 23:c9:cc:4b:a0:3a,48263,-30,9655,78.25,35.62,67,755469,755979
[Recv] <<< 23:c9:cc:4b:a0:3a,48264,-30,9656,78.24,35.62,34,755503,756013
[Recv] <<< 23:c9:cc:4b:a0:3a,48265,-30,9657,78.24,35.62,45,755548,756058
[Recv] <<< 23:c9:cc:4b:a0:3a,48267,-28,9658,78.24,35.62,62,755610,756120
[Recv] <<< 23:c9:cc:4b:a0:3a,48268,-27,9659,78.23,35.62,33,755643,756153
[Recv] <<< 23:c9:cc:4b:a0:3a,48269,-27,9660,78.23,35.62,37,755680,756190
[Recv] <<< 23:c9:cc:4b:a0:3a,48270,-27,9661,78.22,35.62,30,755710,756220
[Recv] <<< 23:c9:cc:4b:a0:3a,48272,-27,9662,78.22,35.62,73,755783,756293
[Recv] <<< 23:c9:cc:4b:a0:3a,48273,-27,9663,78.22,35.62,30,755813,756323
[Recv] <<< 23:c9:cc:4b:a0:3a,48274,-27,9664,78.21,35.62,30,755843,756353
[Recv] <<< 23:c9:cc:4b:a0:3a,48276,-41,9665,78.21,35.62,67,755910,756420
[Recv] <<< 23:c9:cc:4b:a0:3a,48277,-35,9666,78.21,35.62,32,755942,756452
[Recv] <<< 23:c9:cc:4b:a0:3a,48278,-35,9667,78.20,35.62,38,755980,756490
[Recv] <<< 23:c9:cc:4b:a0:3a,48279,-27,9668,78.20,35.62,37,756017,756527
[Recv] <<< 23:c9:cc:4b:a0:3a,48280,-27,9669,78.19,35.62,37,756054,756564
[Recv] <<< 23:c9:cc:4b:a0:3a,48281,-27,9670,78.19,35.62,30,756084,756594
[Recv] <<< 23:c9:cc:4b:a0:3a,48282,-30,9671,78.18,35.62,41,756125,756635
[Recv] <<< 23:c9:cc:4b:a0:3a,48284,-27,9672,78.18,35.62,67,756192,756702
[Recv] <<< 23:c9:cc:4b:a0:3a,48285,-28,9673,78.18,35.62,32,756224,756734
[Recv] <<< 23:c9:cc:4b:a0:3a,48288,-35,9674,78.18,35.62,124,756348,756858
[Recv] <<< 23:c9:cc:4b:a0:3a,48289,-30,9675,78.18,35.62,29,756377,756887
[Recv] <<< 23:c9:cc:4b:a0:3a,48290,-30,9676,78.17,35.62,37,756414,756924
[Recv] <<< 23:c9:cc:4b:a0:3a,48291,-30,9677,78.17,35.62,39,756453,756963
[Recv] <<< 23:c9:cc:4b:a0:3a,48293,-30,9678,78.17,35.62,66,756519,757029
[Recv] <<< 23:c9:cc:4b:a0:3a,48295,-30,9679,78.17,35.62,68,756587,757097
[Recv] <<< 23:c9:cc:4b:a0:3a,48296,-30,9680,78.16,35.62,30,756617,757127
[Recv] <<< 23:c9:cc:4b:a0:3a,48298,-30,9681,78.16,35.62,74,756691,757201
[Recv] <<< 23:c9:cc:4b:a0:3a,48315,-27,9682,78.21,35.62,582,757273,757783
[Recv] <<< 23:c9:cc:4b:a0:3a,48317,-35,9683,78.21,35.62,60,757333,757843
[Recv] <<< 23:c9:cc:4b:a0:3a,48318,-35,9684,78.21,35.62,32,757365,757875
[Recv] <<< 23:c9:cc:4b:a0:3a,48319,-37,9685,78.20,35.62,33,757398,757908
[Recv] <<< 23:c9:cc:4b:a0:3a,48320,-39,9686,78.20,35.62,42,757440,757950
[Recv] <<< 23:c9:cc:4b:a0:3a,48321,-35,9687,78.19,35.62,27,757467,757977
[Recv] <<< 23:c9:cc:4b:a0:3a,48322,-35,9688,78.19,35.62,33,757500,758010
[Recv] <<< 23:c9:cc:4b:a0:3a,48323,-35,9689,78.19,35.62,39,757539,758049
[Recv] <<< 23:c9:cc:4b:a0:3a,48324,-35,9690,78.18,35.62,27,757566,758076
[Recv] <<< 23:c9:cc:4b:a0:3a,48325,-37,9691,78.18,35.62,33,757599,758109
[Recv] <<< 23:c9:cc:4b:a0:3a,48326,-37,9692,78.17,35.62,32,757631,758141
[Recv] <<< 23:c9:cc:4b:a0:3a,48327,-29,9693,78.17,35.62,33,757664,758174
[Recv] <<< 23:c9:cc:4b:a0:3a,48329,-30,9694,78.17,35.62,69,757733,758243
[Recv] <<< 23:c9:cc:4b:a0:3a,48331,-30,9695,78.16,35.62,67,757800,758310
[Recv] <<< 23:c9:cc:4b:a0:3a,48332,-30,9696,78.16,35.62,38,757838,758348
[Recv] <<< 23:c9:cc:4b:a0:3a,48333,-30,9697,78.16,35.62,37,757875,758385
[Recv] <<< 23:c9:cc:4b:a0:3a,48335,-30,9698,78.15,35.62,66,757941,758451
[Recv] <<< 23:c9:cc:4b:a0:3a,48336,-30,9699,78.15,35.62,40,757981,758491
[Recv] <<< 23:c9:cc:4b:a0:3a,48337,-30,9700,78.14,35.62,25,758006,758516
[Recv] <<< 23:c9:cc:4b:a0:3a,48339,-27,9701,78.14,35.62,71,758077,758587
[Recv] <<< 23:c9:cc:4b:a0:3a,48340,-27,9702,78.14,35.62,32,758109,758619
[Recv] <<< 23:c9:cc:4b:a0:3a,48341,-27,9703,78.13,35.62,30,758139,758649
[Recv] <<< 23:c9:cc:4b:a0:3a,48342,-27,9704,78.13,35.62,41,758180,758690
[Recv] <<< 23:c9:cc:4b:a0:3a,48343,-27,9705,78.13,35.62,29,758209,758719
[Recv] <<< 23:c9:cc:4b:a0:3a,48344,-27,9706,78.12,35.62,36,758245,758755
[Recv] <<< 23:c9:cc:4b:a0:3a,48345,-27,9707,78.12,35.62,32,758277,758787
[Recv] <<< 23:c9:cc:4b:a0:3a,48348,-37,9708,78.12,35.62,91,758368,758878
[Recv] <<< 23:c9:cc:4b:a0:3a,48349,-27,9709,78.11,35.62,45,758413,758923
[Recv] <<< 23:c9:cc:4b:a0:3a,48350,-35,9710,78.11,35.62,26,758439,758949
[Recv] <<< 23:c9:cc:4b:a0:3a,48351,-38,9711,78.10,35.62,33,758472,758982
[Recv] <<< 23:c9:cc:4b:a0:3a,48352,-35,9712,78.10,35.62,25,758497,759007
[Recv] <<< 23:c9:cc:4b:a0:3a,48353,-39,9713,78.09,35.62,38,758535,759045
[Recv] <<< 23:c9:cc:4b:a0:3a,48354,-37,9714,78.09,35.62,31,758566,759076
[Recv] <<< 23:c9:cc:4b:a0:3a,48355,-35,9715,78.09,35.62,39,758605,759115
[Recv] <<< 23:c9:cc:4b:a0:3a,48359,-29,9716,78.09,35.62,121,758726,759236
[Recv] <<< 23:c9:cc:4b:a0:3a,48360,-35,9717,78.09,35.62,40,758766,759276
[Recv] <<< 23:c9:cc:4b:a0:3a,48362,-30,9718,78.08,35.62,63,758829,759339
[Recv] <<< 23:c9:cc:4b:a0:3a,48363,-30,9719,78.08,35.62,30,758859,759369
[Recv] <<< 23:c9:cc:4b:a0:3a,48364,-27,9720,78.08,35.62,38,758897,759407
[Recv] <<< 23:c9:cc:4b:a0:3a,48365,-27,9721,78.07,35.62,27,758924,759434
[Recv] <<< 23:c9:cc:4b:a0:3a,48366,-28,9722,78.07,35.61,31,758955,759465
[Recv] <<< 23:c9:cc:4b:a0:3a,48367,-27,9723,78.06,35.61,35,758990,759500
[Recv] <<< 23:c9:cc:4b:a0:3a,48368,-27,9724,78.06,35.62,42,759032,759542
[Recv] <<< 23:c9:cc:4b:a0:3a,48369,-27,9725,78.05,35.61,26,759058,759568
[Recv] <<< 23:c9:cc:4b:a0:3a,48370,-38,9726,78.05,35.61,30,759088,759598
[Recv] <<< 23:c9:cc:4b:a0:3a,48371,-27,9727,78.04,35.61,41,759129,759639
[Recv] <<< 23:c9:cc:4b:a0:3a,48372,-27,9728,78.04,35.61,37,759166,759676
[Recv] <<< 23:c9:cc:4b:a0:3a,48373,-35,9729,78.03,35.61,27,759193,759703
[Recv] <<< 23:c9:cc:4b:a0:3a,48374,-35,9730,78.03,35.61,33,759226,759736
[Recv] <<< 23:c9:cc:4b:a0:3a,48375,-37,9731,78.02,35.61,31,759257,759767
[Recv] <<< 23:c9:cc:4b:a0:3a,48376,-35,9732,78.02,35.61,33,759290,759800
[Recv] <<< 23:c9:cc:4b:a0:3a,48377,-35,9733,78.02,35.61,37,759327,759837
[Recv] <<< 23:c9:cc:4b:a0:3a,48378,-35,9734,78.01,35.61,33,759360,759870
[Recv] <<< 23:c9:cc:4b:a0:3a,48379,-35,9735,78.01,35.61,35,759395,759905
[Recv] <<< 23:c9:cc:4b:a0:3a,48380,-40,9736,78.00,35.61,31,759426,759936
[Recv] <<< 23:c9:cc:4b:a0:3a,48381,-35,9737,78.00,35.61,36,759462,759972
[Recv] <<< 23:c9:cc:4b:a0:3a,48382,-35,9738,77.99,35.61,31,759493,760003
[Recv] <<< 23:c9:cc:4b:a0:3a,48383,-35,9739,77.99,35.61,31,759524,760034
[Recv] <<< 23:c9:cc:4b:a0:3a,48384,-30,9740,77.98,35.61,29,759553,760063
[Recv] <<< 23:c9:cc:4b:a0:3a,48385,-29,9741,77.98,35.61,33,759586,760096
[Recv] <<< 23:c9:cc:4b:a0:3a,48386,-29,9742,77.97,35.61,39,759625,760135
[Recv] <<< 23:c9:cc:4b:a0:3a,48387,-29,9743,77.97,35.61,27,759652,760162
[Recv] <<< 23:c9:cc:4b:a0:3a,48388,-30,9744,77.96,35.61,34,759686,760196
[Recv] <<< 23:c9:cc:4b:a0:3a,48389,-27,9745,77.96,35.61,35,759721,760231
[Recv] <<< 23:c9:cc:4b:a0:3a,48390,-27,9746,77.95,35.61,28,759749,760259
[Recv] <<< 23:c9:cc:4b:a0:3a,48391,-27,9747,77.95,35.61,31,759780,760290
[Recv] <<< 23:c9:cc:4b:a0:3a,48393,-27,9748,77.95,35.61,76,759856,760366
[Recv] <<< 23:c9:cc:4b:a0:3a,48395,-34,9749,77.95,35.61,60,759916,760426
[Recv] <<< 23:c9:cc:4b:a0:3a,48408,-30,9750,77.99,35.61,441,760357,760867
[Recv] <<< 23:c9:cc:4b:a0:3a,48409,-30,9751,77.98,35.61,33,760390,760900
[Recv] <<< 23:c9:cc:4b:a0:3a,48411,-30,9752,77.98,35.61,65,760455,760965
[Recv] <<< 23:c9:cc:4b:a0:3a,48412,-27,9753,77.97,35.61,31,760486,760996
[Recv] <<< 23:c9:cc:4b:a0:3a,48413,-27,9754,77.97,35.61,45,760531,761041
[Recv] <<< 23:c9:cc:4b:a0:3a,48414,-27,9755,77.97,35.61,31,760562,761072
[Recv] <<< 23:c9:cc:4b:a0:3a,48431,-34,9756,78.02,35.61,561,761123,761633
[Recv] <<< 23:c9:cc:4b:a0:3a,48433,-34,9757,78.02,35.61,72,761195,761705
[Recv] <<< 23:c9:cc:4b:a0:3a,48434,-37,9758,78.01,35.61,33,761228,761738
[Recv] <<< 23:c9:cc:4b:a0:3a,48435,-34,9759,78.01,35.61,30,761258,761768
[Recv] <<< 23:c9:cc:4b:a0:3a,48444,-29,9760,78.03,35.61,306,761564,762074
[Recv] <<< 23:c9:cc:4b:a0:3a,48445,-29,9761,78.02,35.61,28,761592,762102
[Recv] <<< 23:c9:cc:4b:a0:3a,48446,-29,9762,78.02,35.61,32,761624,762134
[Recv] <<< 23:c9:cc:4b:a0:3a,48447,-27,9763,78.01,35.61,29,761653,762163
[Recv] <<< 23:c9:cc:4b:a0:3a,48448,-29,9764,78.01,35.61,41,761694,762204
[Recv] <<< 23:c9:cc:4b:a0:3a,48449,-27,9765,78.01,35.61,26,761720,762230
[Recv] <<< 23:c9:cc:4b:a0:3a,48453,-27,9766,78.01,35.61,137,761857,762367
[Recv] <<< 23:c9:cc:4b:a0:3a,48455,-27,9767,78.01,35.61,68,761925,762435
[Recv] <<< 23:c9:cc:4b:a0:3a,48456,-35,9768,78.01,35.61,31,761956,762466
[Recv] <<< 23:c9:cc:4b:a0:3a,48458,-27,9769,78.00,35.61,67,762023,762533
[Recv] <<< 23:c9:cc:4b:a0:3a,48459,-37,9770,78.00,35.61,37,762060,762570
[Recv] <<< 23:c9:cc:4b:a0:3a,48460,-34,9771,77.99,35.60,29,762089,762599
[Recv] <<< 23:c9:cc:4b:a0:3a,48461,-34,9772,77.99,35.60,27,762116,762626
[Recv] <<< 23:c9:cc:4b:a0:3a,48462,-30,9773,77.99,35.60,34,762150,762660
[Recv] <<< 23:c9:cc:4b:a0:3a,48463,-29,9774,77.98,35.60,31,762181,762691
[Recv] <<< 23:c9:cc:4b:a0:3a,48495,-27,9775,78.08,35.60,1066,763247,763757
[Recv] <<< 23:c9:cc:4b:a0:3a,48496,-37,9776,78.08,35.60,33,763280,763790
[Recv] <<< 23:c9:cc:4b:a0:3a,48497,-34,9777,78.07,35.60,39,763319,763829
[Recv] <<< 23:c9:cc:4b:a0:3a,48498,-27,9778,78.07,35.60,44,763363,763873
[Recv] <<< 23:c9:cc:4b:a0:3a,48499,-27,9779,78.07,35.60,35,763398,763908
[Recv] <<< 23:c9:cc:4b:a0:3a,48500,-27,9780,78.06,35.60,31,763429,763939
[Recv] <<< 23:c9:cc:4b:a0:3a,48513,-27,9781,78.10,35.60,456,763885,764395
[Recv] <<< 23:c9:cc:4b:a0:3a,48536,-27,9782,78.17,35.60,800,764685,765195
[Recv] <<< 23:c9:cc:4b:a0:3a,48545,-27,9783,78.19,35.60,296,764981,765491
[Recv] <<< 23:c9:cc:4b:a0:3a,48558,-38,9784,78.23,35.60,442,765423,765933
[Recv] <<< 23:c9:cc:4b:a0:3a,48567,-29,9785,78.26,35.60,303,765726,766236
[Recv] <<< 23:c9:cc:4b:a0:3a,48618,-30,9786,78.43,35.60,1781,767507,768017
[Recv] <<< 23:c9:cc:4b:a0:3a,48619,-30,9787,78.42,35.60,31,767538,768048
[Recv] <<< 23:c9:cc:4b:a0:3a,48621,-38,9788,78.42,35.60,79,767617,768127
[Recv] <<< 23:c9:cc:4b:a0:3a,48622,-35,9789,78.42,35.60,36,767653,768163
[Recv] <<< 23:c9:cc:4b:a0:3a,48623,-35,9790,78.41,35.60,27,767680,768190
[Recv] <<< 23:c9:cc:4b:a0:3a,48642,-30,9791,78.47,35.59,648,768328,768838
[Recv] <<< 23:c9:cc:4b:a0:3a,48643,-30,9792,78.47,35.59,38,768366,768876
[Recv] <<< 23:c9:cc:4b:a0:3a,48644,-30,9793,78.46,35.59,30,768396,768906
[Recv] <<< 23:c9:cc:4b:a0:3a,48647,-30,9794,78.47,35.59,107,768503,769013
[Recv] <<< 23:c9:cc:4b:a0:3a,48648,-30,9795,78.46,35.59,36,768539,769049
[Recv] <<< 23:c9:cc:4b:a0:3a,48649,-30,9796,78.46,35.59,32,768571,769081
[Recv] <<< 23:c9:cc:4b:a0:3a,48650,-30,9797,78.45,35.59,35,768606,769116
[Recv] <<< 23:c9:cc:4b:a0:3a,48652,-37,9798,78.45,35.59,73,768679,769189
[Recv] <<< 23:c9:cc:4b:a0:3a,48653,-30,9799,78.45,35.59,38,768717,769227
[Recv] <<< 23:c9:cc:4b:a0:3a,48654,-30,9800,78.44,35.59,32,768749,769259
[Recv] <<< 23:c9:cc:4b:a0:3a,48655,-38,9801,78.44,35.59,43,768792,769302
[Recv] <<< 23:c9:cc:4b:a0:3a,48659,-27,9802,78.45,35.59,151,768943,769453
[Recv] <<< 23:c9:cc:4b:a0:3a,48668,-27,9803,78.47,35.59,309,769252,769762
[Recv] <<< 23:c9:cc:4b:a0:3a,48669,-27,9804,78.47,35.59,31,769283,769793
[Recv] <<< 23:c9:cc:4b:a0:3a,48670,-27,9805,78.46,35.59,43,769326,769836
[Recv] <<< 23:c9:cc:4b:a0:3a,48671,-27,9806,78.46,35.59,36,769362,769872
[Recv] <<< 23:c9:cc:4b:a0:3a,48673,-27,9807,78.46,35.59,70,769432,769942
[Recv] <<< 23:c9:cc:4b:a0:3a,48674,-27,9808,78.45,35.59,37,769469,769979
[Recv] <<< 23:c9:cc:4b:a0:3a,48675,-27,9809,78.45,35.59,34,769503,770013
[Recv] <<< 23:c9:cc:4b:a0:3a,48678,-27,9810,78.45,35.59,90,769593,770103
[Recv] <<< 23:c9:cc:4b:a0:3a,48679,-27,9811,78.45,35.59,42,769635,770145
[Recv] <<< 23:c9:cc:4b:a0:3a,48680,-27,9812,78.44,35.59,35,769670,770180
[Recv] <<< 23:c9:cc:4b:a0:3a,48681,-27,9813,78.44,35.59,31,769701,770211
[Recv] <<< 23:c9:cc:4b:a0:3a,48700,-27,9814,78.49,35.59,645,770346,770856
[Recv] <<< 23:c9:cc:4b:a0:3a,48701,-27,9815,78.49,35.59,34,770380,770890
[Recv] <<< 23:c9:cc:4b:a0:3a,48702,-27,9816,78.49,35.59,42,770422,770932
[Recv] <<< 23:c9:cc:4b:a0:3a,48704,-27,9817,78.49,35.59,67,770489,770999
[Recv] <<< 23:c9:cc:4b:a0:3a,48705,-30,9818,78.48,35.59,47,770536,771046
[Recv] <<< 23:c9:cc:4b:a0:3a,48710,-30,9819,78.49,35.59,172,770708,771218
[Recv] <<< 23:c9:cc:4b:a0:3a,48711,-30,9820,78.49,35.59,34,770742,771252
[Recv] <<< 23:c9:cc:4b:a0:3a,48712,-30,9821,78.48,35.59,31,770773,771283
[Recv] <<< 23:c9:cc:4b:a0:3a,48713,-35,9822,78.48,35.59,43,770816,771326
[Recv] <<< 23:c9:cc:4b:a0:3a,48714,-38,9823,78.47,35.59,29,770845,771355
[Recv] <<< 23:c9:cc:4b:a0:3a,48715,-37,9824,78.47,35.59,38,770883,771393
[Recv] <<< 23:c9:cc:4b:a0:3a,48716,-37,9825,78.47,35.59,42,770925,771435
[Recv] <<< 23:c9:cc:4b:a0:3a,48717,-35,9826,78.46,35.59,29,770954,771464
[Recv] <<< 23:c9:cc:4b:a0:3a,48735,-37,9827,78.52,35.59,627,771581,772091
[Recv] <<< 23:c9:cc:4b:a0:3a,48861,-27,9828,79.02,35.62,5010,776591,777101
[Recv] <<< 23:c9:cc:4b:a0:3a,48862,-29,9829,79.01,35.62,38,776629,777139
[Recv] <<< 23:c9:cc:4b:a0:3a,48863,-29,9830,79.01,35.62,42,776671,777181
[Recv] <<< 23:c9:cc:4b:a0:3a,48864,-34,9831,79.01,35.62,45,776716,777226
[Recv] <<< 23:c9:cc:4b:a0:3a,48866,-27,9832,79.01,35.62,83,776799,777309
[Recv] <<< 23:c9:cc:4b:a0:3a,48868,-29,9833,79.01,35.62,81,776880,777390
[Recv] <<< 23:c9:cc:4b:a0:3a,48869,-35,9834,79.00,35.62,39,776919,777429
[Recv] <<< 23:c9:cc:4b:a0:3a,48871,-27,9835,79.00,35.62,82,777001,777511
[Recv] <<< 23:c9:cc:4b:a0:3a,48874,-34,9836,79.01,35.62,130,777131,777641
[Recv] <<< 23:c9:cc:4b:a0:3a,48875,-27,9837,79.00,35.62,38,777169,777679
[Recv] <<< 23:c9:cc:4b:a0:3a,48880,-37,9838,79.02,35.62,206,777375,777885
[Recv] <<< 23:c9:cc:4b:a0:3a,48881,-27,9839,79.01,35.62,49,777424,777934
[Recv] <<< 23:c9:cc:4b:a0:3a,48883,-29,9840,79.02,35.62,85,777509,778019
[Recv] <<< 23:c9:cc:4b:a0:3a,48888,-27,9841,79.03,35.62,207,777716,778226
[Recv] <<< 23:c9:cc:4b:a0:3a,48889,-29,9842,79.02,35.62,45,777761,778271
[Recv] <<< 23:c9:cc:4b:a0:3a,48890,-29,9843,79.02,35.62,46,777807,778317
[Recv] <<< 23:c9:cc:4b:a0:3a,48891,-35,9844,79.02,35.62,42,777849,778359
[Recv] <<< 23:c9:cc:4b:a0:3a,48897,-34,9845,79.03,35.63,238,778087,778597
[Recv] <<< 23:c9:cc:4b:a0:3a,48898,-27,9846,79.03,35.63,45,778132,778642
[Recv] <<< 23:c9:cc:4b:a0:3a,48899,-29,9847,79.03,35.63,41,778173,778683
[Recv] <<< 23:c9:cc:4b:a0:3a,48908,-27,9848,79.06,35.63,370,778543,779053
[Recv] <<< 23:c9:cc:4b:a0:3a,48909,-29,9849,79.05,35.63,36,778579,779089
[Recv] <<< 23:c9:cc:4b:a0:3a,48911,-29,9850,79.05,35.63,81,778660,779170
[Recv] <<< 23:c9:cc:4b:a0:3a,48914,-27,9851,79.06,35.63,127,778787,779297
[Recv] <<< 23:c9:cc:4b:a0:3a,48915,-29,9852,79.05,35.63,39,778826,779336
[Recv] <<< 23:c9:cc:4b:a0:3a,48916,-29,9853,79.05,35.63,47,778873,779383
[Recv] <<< 23:c9:cc:4b:a0:3a,48919,-27,9854,79.05,35.63,126,778999,779509
[Recv] <<< 23:c9:cc:4b:a0:3a,48921,-27,9855,79.05,35.63,80,779079,779589
[Recv] <<< 23:c9:cc:4b:a0:3a,48922,-29,9856,79.05,35.63,39,779118,779628
[Recv] <<< 23:c9:cc:4b:a0:3a,48961,-34,9857,79.21,35.64,1623,780741,781251
[Recv] <<< 23:c9:cc:4b:a0:3a,48962,-27,9858,79.20,35.64,43,780784,781294
[Recv] <<< 23:c9:cc:4b:a0:3a,48963,-27,9859,79.20,35.64,38,780822,781332
[Recv] <<< 23:c9:cc:4b:a0:3a,48966,-34,9860,79.20,35.64,123,780945,781455
[Recv] <<< 23:c9:cc:4b:a0:3a,48967,-27,9861,79.20,35.64,36,780981,781491
[Recv] <<< 23:c9:cc:4b:a0:3a,48968,-27,9862,79.20,35.64,46,781027,781537
[Recv] <<< 23:c9:cc:4b:a0:3a,48970,-29,9863,79.20,35.64,83,781110,781620
[Recv] <<< 23:c9:cc:4b:a0:3a,48971,-29,9864,79.19,35.64,36,781146,781656
[Recv] <<< 23:c9:cc:4b:a0:3a,48993,-29,9865,79.27,35.65,877,782023,782533
[Recv] <<< 23:c9:cc:4b:a0:3a,48994,-34,9866,79.27,35.65,43,782066,782576
[Recv] <<< 23:c9:cc:4b:a0:3a,48995,-34,9867,79.27,35.65,42,782108,782618
[Recv] <<< 23:c9:cc:4b:a0:3a,48996,-34,9868,79.26,35.65,36,782144,782654
[Recv] <<< 23:c9:cc:4b:a0:3a,48997,-27,9869,79.26,35.65,42,782186,782696
[Recv] <<< 23:c9:cc:4b:a0:3a,49011,-29,9870,79.31,35.65,564,782750,783260
[Recv] <<< 23:c9:cc:4b:a0:3a,49012,-29,9871,79.30,35.65,45,782795,783305
[Recv] <<< 23:c9:cc:4b:a0:3a,49013,-34,9872,79.30,35.65,38,782833,783343
[Recv] <<< 23:c9:cc:4b:a0:3a,49014,-27,9873,79.29,35.65,43,782876,783386
[Recv] <<< 23:c9:cc:4b:a0:3a,49017,-27,9874,79.30,35.65,125,783001,783511
[Recv] <<< 23:c9:cc:4b:a0:3a,49019,-29,9875,79.30,35.65,81,783082,783592
[Recv] <<< 23:c9:cc:4b:a0:3a,49020,-34,9876,79.30,35.65,41,783123,783633
[Recv] <<< 23:c9:cc:4b:a0:3a,49022,-27,9877,79.30,35.66,84,783207,783717
[Recv] <<< 23:c9:cc:4b:a0:3a,49024,-29,9878,79.30,35.66,77,783284,783794
[Recv] <<< 23:c9:cc:4b:a0:3a,49026,-37,9879,79.30,35.66,87,783371,783881
[Recv] <<< 23:c9:cc:4b:a0:3a,49027,-34,9880,79.29,35.66,37,783408,783918
[Recv] <<< 23:c9:cc:4b:a0:3a,49028,-27,9881,79.29,35.66,44,783452,783962
[Recv] <<< 23:c9:cc:4b:a0:3a,49032,-34,9882,79.30,35.66,165,783617,784127
[Recv] <<< 23:c9:cc:4b:a0:3a,49033,-34,9883,79.29,35.66,37,783654,784164
[Recv] <<< 23:c9:cc:4b:a0:3a,49034,-27,9884,79.29,35.66,39,783693,784203
[Recv] <<< 23:c9:cc:4b:a0:3a,49056,-27,9885,79.37,35.66,875,784568,785078
[Recv] <<< 23:c9:cc:4b:a0:3a,49057,-29,9886,79.37,35.66,39,784607,785117
[Recv] <<< 23:c9:cc:4b:a0:3a,49058,-29,9887,79.36,35.66,47,784654,785164
[Recv] <<< 23:c9:cc:4b:a0:3a,49060,-29,9888,79.36,35.66,73,784727,785237
[Recv] <<< 23:c9:cc:4b:a0:3a,49061,-29,9889,79.36,35.66,35,784762,785272
[Recv] <<< 23:c9:cc:4b:a0:3a,49063,-34,9890,79.36,35.66,73,784835,785345
[Recv] <<< 23:c9:cc:4b:a0:3a,49064,-34,9891,79.35,35.66,45,784880,785390
[Recv] <<< 23:c9:cc:4b:a0:3a,49065,-34,9892,79.35,35.66,35,784915,785425
[Recv] <<< 23:c9:cc:4b:a0:3a,49107,-34,9893,79.50,35.67,1545,786460,786970
[Recv] <<< 23:c9:cc:4b:a0:3a,49109,-34,9894,79.50,35.67,74,786534,787044
[Recv] <<< 23:c9:cc:4b:a0:3a,49110,-34,9895,79.49,35.67,30,786564,787074
[Recv] <<< 23:c9:cc:4b:a0:3a,49121,-27,9896,79.52,35.67,388,786952,787462
[Recv] <<< 23:c9:cc:4b:a0:3a,49123,-34,9897,79.52,35.67,69,787021,787531
[Recv] <<< 23:c9:cc:4b:a0:3a,49127,-34,9898,79.53,35.66,138,787159,787669
[Recv] <<< 23:c9:cc:4b:a0:3a,49130,-29,9899,79.53,35.67,115,787274,787784
[Recv] <<< 23:c9:cc:4b:a0:3a,49131,-29,9900,79.53,35.67,36,787310,787820
[Recv] <<< 23:c9:cc:4b:a0:3a,49142,-36,9901,79.56,35.67,389,787699,788209
[Recv] <<< 23:c9:cc:4b:a0:3a,49143,-34,9902,79.55,35.66,33,787732,788242
[Recv] <<< 23:c9:cc:4b:a0:3a,49154,-29,9903,79.59,35.67,403,788135,788645
[Recv] <<< 23:c9:cc:4b:a0:3a,49155,-29,9904,79.58,35.67,39,788174,788684
[Recv] <<< 23:c9:cc:4b:a0:3a,49156,-34,9905,79.58,35.67,43,788217,788727
[Recv] <<< 23:c9:cc:4b:a0:3a,49160,-34,9906,79.58,35.67,135,788352,788862
[Recv] <<< 23:c9:cc:4b:a0:3a,49161,-34,9907,79.58,35.67,41,788393,788903
[Recv] <<< 23:c9:cc:4b:a0:3a,49166,-29,9908,79.59,35.67,189,788582,789092
[Recv] <<< 23:c9:cc:4b:a0:3a,49167,-29,9909,79.59,35.67,38,788620,789130
[Recv] <<< 23:c9:cc:4b:a0:3a,49170,-34,9910,79.59,35.67,110,788730,789240
[Recv] <<< 23:c9:cc:4b:a0:3a,49171,-34,9911,79.59,35.67,38,788768,789278
[Recv] <<< 23:c9:cc:4b:a0:3a,49174,-34,9912,79.59,35.67,109,788877,789387
[Recv] <<< 23:c9:cc:4b:a0:3a,49176,-27,9913,79.59,35.67,79,788956,789466
[Recv] <<< 23:c9:cc:4b:a0:3a,49177,-27,9914,79.58,35.67,36,788992,789502
[Recv] <<< 23:c9:cc:4b:a0:3a,49178,-27,9915,79.58,35.67,34,789026,789536
[Recv] <<< 23:c9:cc:4b:a0:3a,49186,-34,9916,79.60,35.67,312,789338,789848
[Recv] <<< 23:c9:cc:4b:a0:3a,49187,-27,9917,79.60,35.67,41,789379,789889
[Recv] <<< 23:c9:cc:4b:a0:3a,49188,-29,9918,79.59,35.67,37,789416,789926
[Recv] <<< 23:c9:cc:4b:a0:3a,49189,-29,9919,79.59,35.67,37,789453,789963
[Recv] <<< 23:c9:cc:4b:a0:3a,49190,-29,9920,79.59,35.67,38,789491,790001
[Recv] <<< 23:c9:cc:4b:a0:3a,49191,-29,9921,79.58,35.67,36,789527,790037
[Recv] <<< 23:c9:cc:4b:a0:3a,49192,-29,9922,79.58,35.67,39,789566,790076
[Recv] <<< 23:c9:cc:4b:a0:3a,49193,-29,9923,79.57,35.67,40,789606,790116
[Recv] <<< 23:c9:cc:4b:a0:3a,49195,-34,9924,79.57,35.67,76,789682,790192
[Recv] <<< 23:c9:cc:4b:a0:3a,49196,-34,9925,79.57,35.67,42,789724,790234
[Recv] <<< 23:c9:cc:4b:a0:3a,49197,-34,9926,79.56,35.67,28,789752,790262
[Recv] <<< 23:c9:cc:4b:a0:3a,49198,-27,9927,79.56,35.67,37,789789,790299
[Recv] <<< 23:c9:cc:4b:a0:3a,49199,-27,9928,79.56,35.67,41,789830,790340
[Recv] <<< 23:c9:cc:4b:a0:3a,49206,-29,9929,79.57,35.67,262,790092,790602
[Recv] <<< 23:c9:cc:4b:a0:3a,49207,-29,9930,79.57,35.67,35,790127,790637
[Recv] <<< 23:c9:cc:4b:a0:3a,49208,-29,9931,79.57,35.67,35,790162,790672
[Recv] <<< 23:c9:cc:4b:a0:3a,49210,-34,9932,79.56,35.67,69,790231,790741
[Recv] <<< 23:c9:cc:4b:a0:3a,49211,-34,9933,79.56,35.67,35,790266,790776
[Recv] <<< 23:c9:cc:4b:a0:3a,49212,-34,9934,79.56,35.67,40,790306,790816
[Recv] <<< 23:c9:cc:4b:a0:3a,49213,-34,9935,79.55,35.67,35,790341,790851
[Recv] <<< 23:c9:cc:4b:a0:3a,49214,-34,9936,79.55,35.67,39,790380,790890
[Recv] <<< 23:c9:cc:4b:a0:3a,49216,-27,9937,79.55,35.67,76,790456,790966
[Recv] <<< 23:c9:cc:4b:a0:3a,49217,-27,9938,79.54,35.67,35,790491,791001
[Recv] <<< 23:c9:cc:4b:a0:3a,49218,-27,9939,79.54,35.67,40,790531,791041
[Recv] <<< 23:c9:cc:4b:a0:3a,49219,-27,9940,79.53,35.67,35,790566,791076
[Recv] <<< 23:c9:cc:4b:a0:3a,49220,-27,9941,79.53,35.67,35,790601,791111
[Recv] <<< 23:c9:cc:4b:a0:3a,49223,-34,9942,79.53,35.67,113,790714,791224
[Recv] <<< 23:c9:cc:4b:a0:3a,49225,-27,9943,79.53,35.67,76,790790,791300
[Recv] <<< 23:c9:cc:4b:a0:3a,49227,-29,9944,79.53,35.67,70,790860,791370
[Recv] <<< 23:c9:cc:4b:a0:3a,49236,-34,9945,79.56,35.67,323,791183,791693
[Recv] <<< 23:c9:cc:4b:a0:3a,49237,-34,9946,79.55,35.67,39,791222,791732
[Recv] <<< 23:c9:cc:4b:a0:3a,49238,-37,9947,79.55,35.67,34,791256,791766
[Recv] <<< 23:c9:cc:4b:a0:3a,49239,-34,9948,79.54,35.67,35,791291,791801
[Recv] <<< 23:c9:cc:4b:a0:3a,49240,-34,9949,79.54,35.67,35,791326,791836
[Recv] <<< 23:c9:cc:4b:a0:3a,49241,-34,9950,79.53,35.67,39,791365,791875
[Recv] <<< 23:c9:cc:4b:a0:3a,49265,-27,9951,79.61,35.67,859,792224,792734
[Recv] <<< 23:c9:cc:4b:a0:3a,49266,-27,9952,79.61,35.67,28,792252,792762
[Recv] <<< 23:c9:cc:4b:a0:3a,49277,-27,9953,79.64,35.67,399,792651,793161
[Recv] <<< 23:c9:cc:4b:a0:3a,49278,-27,9954,79.63,35.67,30,792681,793191
[Recv] <<< 23:c9:cc:4b:a0:3a,49279,-27,9955,79.63,35.67,36,792717,793227
[Recv] <<< 23:c9:cc:4b:a0:3a,49281,-27,9956,79.63,35.67,68,792785,793295
[Recv] <<< 23:c9:cc:4b:a0:3a,49282,-27,9957,79.62,35.67,34,792819,793329
[Recv] <<< 23:c9:cc:4b:a0:3a,49283,-34,9958,79.62,35.67,30,792849,793359
[Recv] <<< 23:c9:cc:4b:a0:3a,49284,-34,9959,79.61,35.67,35,792884,793394
[Recv] <<< 23:c9:cc:4b:a0:3a,49285,-34,9960,79.61,35.67,22,792906,793416
[Recv] <<< 23:c9:cc:4b:a0:3a,49286,-34,9961,79.61,35.67,50,792956,793466
[Recv] <<< 23:c9:cc:4b:a0:3a,49289,-29,9962,79.61,35.67,98,793054,793564
[Recv] <<< 23:c9:cc:4b:a0:3a,49290,-29,9963,79.60,35.67,36,793090,793600
[Recv] <<< 23:c9:cc:4b:a0:3a,49292,-29,9964,79.60,35.67,63,793153,793663
[Recv] <<< 23:c9:cc:4b:a0:3a,49293,-29,9965,79.60,35.67,34,793187,793697
[Recv] <<< 23:c9:cc:4b:a0:3a,49294,-29,9966,79.59,35.67,33,793220,793730
[Recv] <<< 23:c9:cc:4b:a0:3a,49295,-34,9967,79.59,35.67,42,793262,793772
[Recv] <<< 23:c9:cc:4b:a0:3a,49297,-34,9968,79.59,35.67,73,793335,793845
[Recv] <<< 23:c9:cc:4b:a0:3a,49298,-34,9969,79.58,35.67,38,793373,793883
[Recv] <<< 23:c9:cc:4b:a0:3a,49299,-34,9970,79.58,35.67,31,793404,793914
[Recv] <<< 23:c9:cc:4b:a0:3a,49301,-34,9971,79.58,35.67,67,793471,793981
[Recv] <<< 23:c9:cc:4b:a0:3a,49302,-34,9972,79.57,35.67,33,793504,794014
[Recv] <<< 23:c9:cc:4b:a0:3a,49304,-34,9973,79.57,35.67,71,793575,794085
[Recv] <<< 23:c9:cc:4b:a0:3a,49305,-36,9974,79.57,35.67,44,793619,794129
[Recv] <<< 23:c9:cc:4b:a0:3a,49306,-34,9975,79.56,35.67,30,793649,794159
[Recv] <<< 23:c9:cc:4b:a0:3a,49308,-29,9976,79.56,35.67,62,793711,794221
[Recv] <<< 23:c9:cc:4b:a0:3a,49309,-29,9977,79.56,35.67,34,793745,794255
[Recv] <<< 23:c9:cc:4b:a0:3a,49311,-29,9978,79.56,35.67,73,793818,794328
[Recv] <<< 23:c9:cc:4b:a0:3a,49312,-29,9979,79.55,35.67,31,793849,794359
[Recv] <<< 23:c9:cc:4b:a0:3a,49314,-34,9980,79.55,35.67,79,793928,794438
[Recv] <<< 23:c9:cc:4b:a0:3a,49315,-34,9981,79.55,35.67,43,793971,794481
[Recv] <<< 23:c9:cc:4b:a0:3a,49316,-34,9982,79.54,35.67,34,794005,794515
[Recv] <<< 23:c9:cc:4b:a0:3a,49317,-34,9983,79.54,35.67,36,794041,794551
[Recv] <<< 23:c9:cc:4b:a0:3a,49318,-34,9984,79.54,35.67,40,794081,794591
[Recv] <<< 23:c9:cc:4b:a0:3a,49319,-34,9985,79.53,35.67,23,794104,794614
[Recv] <<< 23:c9:cc:4b:a0:3a,49333,-37,9986,79.57,35.67,488,794592,795102
[Recv] <<< 23:c9:cc:4b:a0:3a,49334,-27,9987,79.57,35.67,37,794629,795139
[Recv] <<< 23:c9:cc:4b:a0:3a,49335,-27,9988,79.56,35.67,40,794669,795179
[Recv] <<< 23:c9:cc:4b:a0:3a,49336,-27,9989,79.56,35.67,29,794698,795208
[Recv] <<< 23:c9:cc:4b:a0:3a,49337,-27,9990,79.55,35.67,41,794739,795249
[Recv] <<< 23:c9:cc:4b:a0:3a,49346,-29,9991,79.58,35.67,315,795054,795564
[Recv] <<< 23:c9:cc:4b:a0:3a,49347,-29,9992,79.57,35.67,44,795098,795608
[Recv] <<< 23:c9:cc:4b:a0:3a,49349,-29,9993,79.57,35.67,70,795168,795678
[Recv] <<< 23:c9:cc:4b:a0:3a,49350,-29,9994,79.57,35.67,32,795200,795710
[Recv] <<< 23:c9:cc:4b:a0:3a,49351,-29,9995,79.56,35.67,34,795234,795744
[Recv] <<< 23:c9:cc:4b:a0:3a,49352,-29,9996,79.56,35.67,35,795269,795779
[Recv] <<< 23:c9:cc:4b:a0:3a,49353,-34,9997,79.55,35.67,33,795302,795812
[Recv] <<< 23:c9:cc:4b:a0:3a,49354,-34,9998,79.55,35.67,35,795337,795847
[Recv] <<< 23:c9:cc:4b:a0:3a,49355,-34,9999,79.55,35.67,38,795375,795885
[Recv] <<< 23:c9:cc:4b:a0:3a,49357,-27,10000,79.55,35.67,76,795451,795961
[Recv] <<< 23:c9:cc:4b:a0:3a,49358,-27,10001,79.54,35.67,40,795491,796001
[Recv] <<< 23:c9:cc:4b:a0:3a,49359,-27,10002,79.54,35.67,30,795521,796031
[Recv] <<< 23:c9:cc:4b:a0:3a,49362,-34,10003,79.54,35.67,100,795621,796131
[Recv] <<< 23:c9:cc:4b:a0:3a,49364,-34,10004,79.54,35.67,68,795689,796199
[Recv] <<< 23:c9:cc:4b:a0:3a,49365,-34,10005,79.53,35.67,34,795723,796233
[Recv] <<< 23:c9:cc:4b:a0:3a,49366,-34,10006,79.53,35.67,32,795755,796265
[Recv] <<< 23:c9:cc:4b:a0:3a,49367,-27,10007,79.52,35.67,36,795791,796301
[Recv] <<< 23:c9:cc:4b:a0:3a,49368,-27,10008,79.52,35.67,37,795828,796338
[Recv] <<< 23:c9:cc:4b:a0:3a,49370,-27,10009,79.52,35.67,60,795888,796398
[Recv] <<< 23:c9:cc:4b:a0:3a,49373,-27,10010,79.52,35.67,112,796000,796510
[Recv] <<< 23:c9:cc:4b:a0:3a,49374,-27,10011,79.52,35.67,29,796029,796539
[Recv] <<< 23:c9:cc:4b:a0:3a,49375,-27,10012,79.51,35.67,46,796075,796585
[Recv] <<< 23:c9:cc:4b:a0:3a,49376,-27,10013,79.51,35.67,30,796105,796615
[Recv] <<< 23:c9:cc:4b:a0:3a,49378,-27,10014,79.51,35.67,78,796183,796693
[Recv] <<< 23:c9:cc:4b:a0:3a,49379,-27,10015,79.50,35.67,34,796217,796727
[Recv] <<< 23:c9:cc:4b:a0:3a,49380,-27,10016,79.50,35.67,31,796248,796758
[Recv] <<< 23:c9:cc:4b:a0:3a,49381,-27,10017,79.49,35.67,38,796286,796796
[Recv] <<< 23:c9:cc:4b:a0:3a,49383,-27,10018,79.49,35.67,66,796352,796862
[Recv] <<< 23:c9:cc:4b:a0:3a,49384,-27,10019,79.49,35.67,38,796390,796900
[Recv] <<< 23:c9:cc:4b:a0:3a,49389,-29,10020,79.50,35.67,177,796567,797077
[Recv] <<< 23:c9:cc:4b:a0:3a,49390,-29,10021,79.49,35.67,33,796600,797110
[Recv] <<< 23:c9:cc:4b:a0:3a,49392,-29,10022,79.49,35.67,70,796670,797180
[Recv] <<< 23:c9:cc:4b:a0:3a,49393,-29,10023,79.49,35.67,33,796703,797213
[Recv] <<< 23:c9:cc:4b:a0:3a,49394,-29,10024,79.48,35.67,32,796735,797245
[Recv] <<< 23:c9:cc:4b:a0:3a,49395,-29,10025,79.48,35.67,39,796774,797284
[Recv] <<< 23:c9:cc:4b:a0:3a,49396,-29,10026,79.47,35.67,29,796803,797313
[Recv] <<< 23:c9:cc:4b:a0:3a,49398,-29,10027,79.47,35.67,73,796876,797386
[Recv] <<< 23:c9:cc:4b:a0:3a,49399,-29,10028,79.47,35.67,30,796906,797416
[Recv] <<< 23:c9:cc:4b:a0:3a,49402,-27,10029,79.47,35.67,95,797001,797511
[Recv] <<< 23:c9:cc:4b:a0:3a,49403,-27,10030,79.46,35.67,30,797031,797541
[Recv] <<< 23:c9:cc:4b:a0:3a,49404,-27,10031,79.46,35.67,36,797067,797577
[Recv] <<< 23:c9:cc:4b:a0:3a,49405,-27,10032,79.46,35.67,36,797103,797613
[Recv] <<< 23:c9:cc:4b:a0:3a,49407,-27,10033,79.46,35.67,69,797172,797682
[Recv] <<< 23:c9:cc:4b:a0:3a,49408,-27,10034,79.45,35.67,41,797213,797723
[Recv] <<< 23:c9:cc:4b:a0:3a,49409,-27,10035,79.45,35.67,25,797238,797748
[Recv] <<< 23:c9:cc:4b:a0:3a,49418,-29,10036,79.47,35.67,333,797571,798081
[Recv] <<< 23:c9:cc:4b:a0:3a,49419,-29,10037,79.47,35.67,25,797596,798106
[Recv] <<< 23:c9:cc:4b:a0:3a,49420,-27,10038,79.46,35.67,35,797631,798141
[Recv] <<< 23:c9:cc:4b:a0:3a,49423,-34,10039,79.46,35.67,100,797731,798241
[Recv] <<< 23:c9:cc:4b:a0:3a,49424,-34,10040,79.46,35.67,30,797761,798271
[Recv] <<< 23:c9:cc:4b:a0:3a,49425,-34,10041,79.45,35.67,34,797795,798305
[Recv] <<< 23:c9:cc:4b:a0:3a,49426,-34,10042,79.45,35.67,41,797836,798346
[Recv] <<< 23:c9:cc:4b:a0:3a,49429,-29,10043,79.45,35.66,89,797925,798435
[Recv] <<< 23:c9:cc:4b:a0:3a,49430,-29,10044,79.45,35.66,37,797962,798472
[Recv] <<< 23:c9:cc:4b:a0:3a,49431,-29,10045,79.44,35.66,24,797986,798496
[Recv] <<< 23:c9:cc:4b:a0:3a,49432,-29,10046,79.44,35.66,33,798019,798529
[Recv] <<< 23:c9:cc:4b:a0:3a,49434,-27,10047,79.44,35.66,66,798085,798595
[Recv] <<< 23:c9:cc:4b:a0:3a,49438,-27,10048,79.44,35.66,135,798220,798730
[Recv] <<< 23:c9:cc:4b:a0:3a,49440,-34,10049,79.44,35.66,66,798286,798796
[Recv] <<< 23:c9:cc:4b:a0:3a,49442,-34,10050,79.44,35.66,63,798349,798859
[Recv] <<< 23:c9:cc:4b:a0:3a,49449,-29,10051,79.45,35.66,236,798585,799095
[Recv] <<< 23:c9:cc:4b:a0:3a,49450,-29,10052,79.45,35.66,35,798620,799130
[Recv] <<< 23:c9:cc:4b:a0:3a,49451,-29,10053,79.44,35.66,23,798643,799153
[Recv] <<< 23:c9:cc:4b:a0:3a,49452,-29,10054,79.44,35.66,43,798686,799196
[Recv] <<< 23:c9:cc:4b:a0:3a,49453,-29,10055,79.43,35.66,31,798717,799227
[Recv] <<< 23:c9:cc:4b:a0:3a,49455,-27,10056,79.43,35.66,59,798776,799286
[Recv] <<< 23:c9:cc:4b:a0:3a,49456,-27,10057,79.43,35.66,36,798812,799322
[Recv] <<< 23:c9:cc:4b:a0:3a,49457,-27,10058,79.42,35.66,34,798846,799356
[Recv] <<< 23:c9:cc:4b:a0:3a,49458,-27,10059,79.42,35.66,29,798875,799385
[Recv] <<< 23:c9:cc:4b:a0:3a,49468,-29,10060,79.45,35.66,346,799221,799731
[Recv] <<< 23:c9:cc:4b:a0:3a,49469,-29,10061,79.44,35.66,37,799258,799768
[Recv] <<< 23:c9:cc:4b:a0:3a,49470,-29,10062,79.44,35.66,33,799291,799801
[Recv] <<< 23:c9:cc:4b:a0:3a,49471,-29,10063,79.43,35.66,32,799323,799833
[Recv] <<< 23:c9:cc:4b:a0:3a,49474,-29,10064,79.43,35.66,110,799433,799943
[Recv] <<< 23:c9:cc:4b:a0:3a,49475,-29,10065,79.43,35.66,37,799470,799980
[Recv] <<< 23:c9:cc:4b:a0:3a,49476,-29,10066,79.43,35.66,27,799497,800007
[Recv] <<< 23:c9:cc:4b:a0:3a,49477,-29,10067,79.42,35.66,28,799525,800035
[Recv] <<< 23:c9:cc:4b:a0:3a,49479,-29,10068,79.42,35.66,70,799595,800105
[Recv] <<< 23:c9:cc:4b:a0:3a,49480,-29,10069,79.42,35.66,41,799636,800146
[Recv] <<< 23:c9:cc:4b:a0:3a,49481,-29,10070,79.41,35.66,36,799672,800182
[Recv] <<< 23:c9:cc:4b:a0:3a,49482,-29,10071,79.41,35.66,28,799700,800210
[Recv] <<< 23:c9:cc:4b:a0:3a,49483,-29,10072,79.41,35.66,109,799809,800319
[Recv] <<< 23:c9:cc:4b:a0:3a,49493,-29,10073,79.43,35.66,334,800143,800653
[Recv] <<< 23:c9:cc:4b:a0:3a,49496,-29,10074,79.44,35.66,92,800235,800745
[Recv] <<< 23:c9:cc:4b:a0:3a,49497,-34,10075,79.43,35.66,26,800261,800771
[Recv] <<< 23:c9:cc:4b:a0:3a,49518,-29,10076,79.50,35.66,742,801003,801513
[Recv] <<< 23:c9:cc:4b:a0:3a,49522,-27,1,75.00,75.00,101,75,801614
[Recv] <<< 23:c9:cc:4b:a0:3a,49523,-27,2,56.00,56.00,37,112,801651
[Recv] <<< 23:c9:cc:4b:a0:3a,50143,-27,1,16044.00,16044.00,21010,16044,822661
[Recv] <<< 23:c9:cc:4b:a0:3a,50149,-29,2,8125.50,2321.57,207,16251,822868
[Recv] <<< 23:c9:cc:4b:a0:3a,50216,-34,3,6174.00,250.30,2271,18522,825139
[Recv] <<< 23:c9:cc:4b:a0:3a,50217,-34,4,4638.00,247.36,30,18552,825169
[Recv] <<< 23:c9:cc:4b:a0:3a,50228,-29,5,3784.40,220.02,370,18922,825539
[Recv] <<< 23:c9:cc:4b:a0:3a,50229,-27,6,3159.67,217.91,36,18958,825575
[Recv] <<< 23:c9:cc:4b:a0:3a,50230,-27,7,2712.86,215.80,32,18990,825607
[Recv] <<< 23:c9:cc:4b:a0:3a,50231,-27,8,2381.12,214.03,59,19049,825666
[Recv] <<< 23:c9:cc:4b:a0:3a,50232,-27,9,2118.44,211.84,17,19066,825683
[Recv] <<< 23:c9:cc:4b:a0:3a,50949,-29,10,4599.20,56.99,26926,45992,852609
[Recv] <<< 23:c9:cc:4b:a0:3a,50950,-29,11,4182.82,56.94,19,46011,852628
[Recv] <<< 23:c9:cc:4b:a0:3a,55159,-28,1,40.00,40.00,561,40,561
[Recv] <<< 23:c9:cc:4b:a0:3a,55160,-28,2,31.50,31.50,23,63,584
[Recv] <<< 23:c9:cc:4b:a0:3a,55161,-37,3,32.00,32.00,33,96,617
[Recv] <<< 23:c9:cc:4b:a0:3a,55162,-37,4,32.50,32.50,34,130,651
[Recv] <<< 23:c9:cc:4b:a0:3a,55163,-37,5,32.60,32.60,33,163,684
[Recv] <<< 23:c9:cc:4b:a0:3a,55164,-37,6,33.00,33.00,35,198,719
[Recv] <<< 23:c9:cc:4b:a0:3a,55166,-37,7,38.71,33.88,73,271,792
[Recv] <<< 23:c9:cc:4b:a0:3a,55167,-37,8,38.75,34.44,39,310,831
[Recv] <<< 23:c9:cc:4b:a0:3a,55168,-37,9,38.33,34.50,35,345,866
[Recv] <<< 23:c9:cc:4b:a0:3a,55170,-31,10,40.40,33.67,59,404,925
[Recv] <<< 23:c9:cc:4b:a0:3a,55171,-31,11,39.91,33.77,35,439,960
[Recv] <<< 23:c9:cc:4b:a0:3a,55172,-31,12,39.50,33.86,35,474,995
[Recv] <<< 23:c9:cc:4b:a0:3a,55173,-31,13,38.85,33.67,31,505,1026
[Recv] <<< 23:c9:cc:4b:a0:3a,55174,-31,14,38.57,33.75,35,540,1061
[Recv] <<< 23:c9:cc:4b:a0:3a,55175,-31,15,38.20,33.71,33,573,1094
[Recv] <<< 23:c9:cc:4b:a0:3a,55176,-31,16,38.12,33.89,37,610,1131
[Recv] <<< 23:c9:cc:4b:a0:3a,55178,-31,17,39.71,33.75,65,675,1196
[Recv] <<< 23:c9:cc:4b:a0:3a,55179,-31,18,39.33,33.71,33,708,1229
[Recv] <<< 23:c9:cc:4b:a0:3a,55180,-31,19,39.05,33.73,34,742,1263
[Recv] <<< 23:c9:cc:4b:a0:3a,55181,-31,20,38.85,33.78,35,777,1298
[Recv] <<< 23:c9:cc:4b:a0:3a,55182,-31,21,38.62,33.79,34,811,1332
[Recv] <<< 23:c9:cc:4b:a0:3a,55183,-31,22,38.09,33.52,27,838,1359
[Recv] <<< 23:c9:cc:4b:a0:3a,55184,-31,23,38.00,33.62,36,874,1395
[Recv] <<< 23:c9:cc:4b:a0:3a,55186,-31,24,39.79,34.11,81,955,1476
[Recv] <<< 23:c9:cc:4b:a0:3a,55187,-31,25,39.40,33.97,30,985,1506
[Recv] <<< 23:c9:cc:4b:a0:3a,55188,-31,26,39.27,34.03,36,1021,1542
[Recv] <<< 23:c9:cc:4b:a0:3a,55189,-31,27,38.93,33.90,30,1051,1572
[Recv] <<< 23:c9:cc:4b:a0:3a,55190,-31,28,38.79,33.94,35,1086,1607
[Recv] <<< 23:c9:cc:4b:a0:3a,55192,-31,29,39.83,33.97,69,1155,1676
[Recv] <<< 23:c9:cc:4b:a0:3a,55194,-31,30,40.77,33.97,68,1223,1744
[Recv] <<< 23:c9:cc:4b:a0:3a,55195,-31,31,40.52,33.95,33,1256,1777
[Recv] <<< 23:c9:cc:4b:a0:3a,55196,-31,32,40.38,34.00,36,1292,1813
[Recv] <<< 23:c9:cc:4b:a0:3a,55198,-31,33,41.00,33.83,61,1353,1874
[Recv] <<< 23:c9:cc:4b:a0:3a,55199,-31,34,40.82,33.85,35,1388,1909
[Recv] <<< 23:c9:cc:4b:a0:3a,55200,-31,35,40.57,33.81,32,1420,1941
[Recv] <<< 23:c9:cc:4b:a0:3a,55201,-31,36,40.39,33.81,34,1454,1975
[Recv] <<< 23:c9:cc:4b:a0:3a,55202,-31,37,40.24,33.84,35,1489,2010
[Recv] <<< 23:c9:cc:4b:a0:3a,55203,-31,38,40.11,33.87,35,1524,2045
[Recv] <<< 23:c9:cc:4b:a0:3a,55204,-31,39,39.85,33.78,30,1554,2075
[Recv] <<< 23:c9:cc:4b:a0:3a,55205,-31,40,39.62,33.72,31,1585,2106
[Recv] <<< 23:c9:cc:4b:a0:3a,55206,-31,41,39.59,33.81,38,1623,2144
[Recv] <<< 23:c9:cc:4b:a0:3a,55207,-31,42,39.43,33.80,33,1656,2177
[Recv] <<< 23:c9:cc:4b:a0:3a,55208,-28,43,39.12,33.64,26,1682,2203
[Recv] <<< 23:c9:cc:4b:a0:3a,55209,-28,44,39.07,33.71,37,1719,2240
[Recv] <<< 23:c9:cc:4b:a0:3a,55210,-31,45,39.29,34.00,49,1768,2289
[Recv] <<< 23:c9:cc:4b:a0:3a,55211,-31,46,39.09,33.92,30,1798,2319
[Recv] <<< 23:c9:cc:4b:a0:3a,55212,-31,47,39.00,33.94,35,1833,2354
[Recv] <<< 23:c9:cc:4b:a0:3a,55213,-31,48,38.83,33.89,31,1864,2385
[Recv] <<< 23:c9:cc:4b:a0:3a,55214,-31,49,38.78,33.93,36,1900,2421
[Recv] <<< 23:c9:cc:4b:a0:3a,55215,-31,50,38.66,33.91,33,1933,2454
[Recv] <<< 23:c9:cc:4b:a0:3a,55217,-31,51,39.20,33.88,66,1999,2520
[Recv] <<< 23:c9:cc:4b:a0:3a,55218,-31,52,39.06,33.85,32,2031,2552
[Recv] <<< 23:c9:cc:4b:a0:3a,55220,-37,53,39.72,33.95,74,2105,2626
[Recv] <<< 23:c9:cc:4b:a0:3a,55221,-37,54,39.61,33.95,34,2139,2660
[Recv] <<< 23:c9:cc:4b:a0:3a,55222,-37,55,39.56,34.00,37,2176,2697
[Recv] <<< 23:c9:cc:4b:a0:3a,55223,-37,56,39.50,34.03,36,2212,2733
[Recv] <<< 23:c9:cc:4b:a0:3a,55224,-37,57,39.35,33.98,31,2243,2764
[Recv] <<< 23:c9:cc:4b:a0:3a,55225,-37,58,39.24,33.97,33,2276,2797
[Recv] <<< 23:c9:cc:4b:a0:3a,55226,-37,59,39.22,34.03,38,2314,2835
[Recv] <<< 23:c9:cc:4b:a0:3a,55227,-37,60,38.93,33.86,22,2336,2857
[Recv] <<< 23:c9:cc:4b:a0:3a,55228,-38,61,39.03,34.01,45,2381,2902
[Recv] <<< 23:c9:cc:4b:a0:3a,55230,-37,62,39.50,34.01,68,2449,2970
[Recv] <<< 23:c9:cc:4b:a0:3a,55231,-37,63,39.37,33.97,31,2480,3001
[Recv] <<< 23:c9:cc:4b:a0:3a,55232,-37,64,39.33,34.01,37,2517,3038
[Recv] <<< 23:c9:cc:4b:a0:3a,55233,-37,65,39.20,33.97,31,2548,3069
[Recv] <<< 23:c9:cc:4b:a0:3a,55235,-37,66,39.58,33.92,64,2612,3133
[Recv] <<< 23:c9:cc:4b:a0:3a,55238,-31,67,40.48,33.90,100,2712,3233
[Recv] <<< 23:c9:cc:4b:a0:3a,55239,-31,68,40.34,33.86,31,2743,3264
[Recv] <<< 23:c9:cc:4b:a0:3a,55240,-31,69,40.23,33.85,33,2776,3297
[Recv] <<< 23:c9:cc:4b:a0:3a,55241,-31,70,40.11,33.83,32,2808,3329
[Recv] <<< 23:c9:cc:4b:a0:3a,55242,-31,71,39.99,33.80,31,2839,3360
[Recv] <<< 23:c9:cc:4b:a0:3a,55243,-28,72,39.97,33.86,39,2878,3399
[Recv] <<< 23:c9:cc:4b:a0:3a,55244,-31,73,39.85,33.83,31,2909,3430
[Recv] <<< 23:c9:cc:4b:a0:3a,55245,-28,74,39.80,33.85,36,2945,3466
[Recv] <<< 23:c9:cc:4b:a0:3a,55246,-28,75,39.76,33.89,37,2982,3503
[Recv] <<< 23:c9:cc:4b:a0:3a,55247,-28,76,39.62,33.83,29,3011,3532
[Recv] <<< 23:c9:cc:4b:a0:3a,55248,-28,77,39.51,33.80,31,3042,3563
[Recv] <<< 23:c9:cc:4b:a0:3a,55250,-28,78,40.01,33.92,79,3121,3642
[Recv] <<< 23:c9:cc:4b:a0:3a,55251,-28,79,39.85,33.85,27,3148,3669
[Recv] <<< 23:c9:cc:4b:a0:3a,55252,-28,80,39.83,33.89,38,3186,3707
[Recv] <<< 23:c9:cc:4b:a0:3a,55254,-28,81,40.17,33.90,68,3254,3775
[Recv] <<< 23:c9:cc:4b:a0:3a,55255,-28,82,40.02,33.84,28,3282,3803
[Recv] <<< 23:c9:cc:4b:a0:3a,55256,-28,83,40.01,33.89,39,3321,3842
[Recv] <<< 23:c9:cc:4b:a0:3a,55257,-28,84,39.94,33.89,34,3355,3876
[Recv] <<< 23:c9:cc:4b:a0:3a,55259,-28,85,40.22,33.85,64,3419,3940
[Recv] <<< 23:c9:cc:4b:a0:3a,55260,-28,86,40.21,33.90,39,3458,3979
[Recv] <<< 23:c9:cc:4b:a0:3a,55261,-28,87,40.11,33.88,32,3490,4011
[Recv] <<< 23:c9:cc:4b:a0:3a,55262,-28,88,40.11,33.94,40,3530,4051
[Recv] <<< 23:c9:cc:4b:a0:3a,55263,-28,89,40.02,33.92,32,3562,4083
[Recv] <<< 23:c9:cc:4b:a0:3a,55264,-28,90,39.88,33.86,27,3589,4110
[Recv] <<< 23:c9:cc:4b:a0:3a,55265,-28,91,39.81,33.86,34,3623,4144
[Recv] <<< 23:c9:cc:4b:a0:3a,55266,-28,92,39.75,33.86,34,3657,4178
[Recv] <<< 23:c9:cc:4b:a0:3a,55267,-28,93,39.69,33.86,34,3691,4212
[Recv] <<< 23:c9:cc:4b:a0:3a,55268,-37,94,39.60,33.84,31,3722,4243
[Recv] <<< 23:c9:cc:4b:a0:3a,55269,-37,95,39.46,33.77,27,3749,4270
[Recv] <<< 23:c9:cc:4b:a0:3a,55270,-38,96,39.39,33.76,32,3781,4302
[Recv] <<< 23:c9:cc:4b:a0:3a,55271,-37,97,39.32,33.75,33,3814,4335
[Recv] <<< 23:c9:cc:4b:a0:3a,55272,-37,98,39.29,33.77,36,3850,4371
[Recv] <<< 23:c9:cc:4b:a0:3a,55273,-37,99,39.26,33.80,37,3887,4408
[Recv] <<< 23:c9:cc:4b:a0:3a,55275,-31,100,39.44,33.71,57,3944,4465
[Recv] <<< 23:c9:cc:4b:a0:3a,55276,-31,101,39.49,33.80,44,3988,4509
[Recv] <<< 23:c9:cc:4b:a0:3a,55277,-31,102,39.42,33.79,33,4021,4542
[Recv] <<< 23:c9:cc:4b:a0:3a,55280,-31,103,39.99,33.76,98,4119,4640
[Recv] <<< 23:c9:cc:4b:a0:3a,55281,-28,104,39.86,33.70,26,4145,4666
[Recv] <<< 23:c9:cc:4b:a0:3a,55282,-28,105,39.81,33.71,35,4180,4701
[Recv] <<< 23:c9:cc:4b:a0:3a,55283,-28,106,39.73,33.69,31,4211,4732
[Recv] <<< 23:c9:cc:4b:a0:3a,55284,-28,107,39.67,33.69,34,4245,4766
[Recv] <<< 23:c9:cc:4b:a0:3a,55285,-37,108,39.60,33.68,32,4277,4798
[Recv] <<< 23:c9:cc:4b:a0:3a,55286,-37,109,39.55,33.68,34,4311,4832
[Recv] <<< 23:c9:cc:4b:a0:3a,55288,-28,110,39.88,33.75,76,4387,4908
[Recv] <<< 23:c9:cc:4b:a0:3a,55289,-28,111,39.84,33.76,35,4422,4943
[Recv] <<< 23:c9:cc:4b:a0:3a,55290,-28,112,39.75,33.73,30,4452,4973
[Recv] <<< 23:c9:cc:4b:a0:3a,55291,-28,113,39.71,33.74,35,4487,5008
[Recv] <<< 23:c9:cc:4b:a0:3a,55292,-28,114,39.59,33.68,26,4513,5034
[Recv] <<< 23:c9:cc:4b:a0:3a,55293,-37,115,39.57,33.71,38,4551,5072
[Recv] <<< 23:c9:cc:4b:a0:3a,55294,-37,116,39.50,33.69,31,4582,5103
[Recv] <<< 23:c9:cc:4b:a0:3a,55295,-31,117,39.41,33.66,29,4611,5132
[Recv] <<< 23:c9:cc:4b:a0:3a,55296,-31,118,39.32,33.62,29,4640,5161
[Recv] <<< 23:c9:cc:4b:a0:3a,55297,-37,119,39.30,33.65,37,4677,5198
[Recv] <<< 23:c9:cc:4b:a0:3a,55298,-37,120,39.28,33.67,37,4714,5235
[Recv] <<< 23:c9:cc:4b:a0:3a,55299,-38,121,39.26,33.69,36,4750,5271
[Recv] <<< 23:c9:cc:4b:a0:3a,55300,-31,122,39.16,33.64,27,4777,5298
[Recv] <<< 23:c9:cc:4b:a0:3a,55301,-31,123,39.08,33.62,30,4807,5328
[Recv] <<< 23:c9:cc:4b:a0:3a,55302,-31,124,39.03,33.61,33,4840,5361
[Recv] <<< 23:c9:cc:4b:a0:3a,55303,-31,125,39.00,33.62,35,4875,5396
[Recv] <<< 23:c9:cc:4b:a0:3a,55304,-31,126,38.92,33.59,29,4904,5425
[Recv] <<< 23:c9:cc:4b:a0:3a,55305,-28,127,38.87,33.59,33,4937,5458
[Recv] <<< 23:c9:cc:4b:a0:3a,55306,-28,128,38.83,33.58,33,4970,5491
[Recv] <<< 23:c9:cc:4b:a0:3a,55307,-28,129,38.80,33.59,35,5005,5526
[Recv] <<< 23:c9:cc:4b:a0:3a,55308,-28,130,38.78,33.61,36,5041,5562
[Recv] <<< 23:c9:cc:4b:a0:3a,55310,-37,131,38.97,33.59,64,5105,5626
[Recv] <<< 23:c9:cc:4b:a0:3a,55311,-37,132,38.90,33.56,30,5135,5656
[Recv] <<< 23:c9:cc:4b:a0:3a,55312,-37,133,38.83,33.53,29,5164,5685
[Recv] <<< 23:c9:cc:4b:a0:3a,55313,-38,134,38.83,33.57,39,5203,5724
[Recv] <<< 23:c9:cc:4b:a0:3a,55314,-28,135,38.81,33.58,36,5239,5760
[Recv] <<< 23:c9:cc:4b:a0:3a,55315,-28,136,38.85,33.66,45,5284,5805
[Recv] <<< 23:c9:cc:4b:a0:3a,55316,-28,137,38.76,33.61,26,5310,5831
[Recv] <<< 23:c9:cc:4b:a0:3a,55317,-28,138,38.71,33.60,32,5342,5863
[Recv] <<< 23:c9:cc:4b:a0:3a,55318,-28,139,38.66,33.59,32,5374,5895
[Recv] <<< 23:c9:cc:4b:a0:3a,55320,-38,140,38.86,33.59,67,5441,5962
[Recv] <<< 23:c9:cc:4b:a0:3a,55321,-37,141,38.84,33.60,35,5476,5997
[Recv] <<< 23:c9:cc:4b:a0:3a,55323,-31,142,38.97,33.54,58,5534,6055
[Recv] <<< 23:c9:cc:4b:a0:3a,55324,-31,143,38.95,33.55,36,5570,6091
[Recv] <<< 23:c9:cc:4b:a0:3a,55326,-31,144,39.15,33.56,68,5638,6159
[Recv] <<< 23:c9:cc:4b:a0:3a,55327,-31,145,39.11,33.56,33,5671,6192
[Recv] <<< 23:c9:cc:4b:a0:3a,55328,-31,146,39.07,33.55,33,5704,6225
[Recv] <<< 23:c9:cc:4b:a0:3a,55329,-31,147,39.01,33.54,31,5735,6256
[Recv] <<< 23:c9:cc:4b:a0:3a,55330,-28,148,38.93,33.50,27,5762,6283
[Recv] <<< 23:c9:cc:4b:a0:3a,55331,-31,149,38.91,33.51,35,5797,6318
[Recv] <<< 23:c9:cc:4b:a0:3a,55332,-31,150,38.91,33.55,40,5837,6358
[Recv] <<< 23:c9:cc:4b:a0:3a,55333,-28,151,38.84,33.51,28,5865,6386
[Recv] <<< 23:c9:cc:4b:a0:3a,55334,-28,152,38.76,33.48,27,5892,6413
[Recv] <<< 23:c9:cc:4b:a0:3a,55335,-28,153,38.76,33.50,38,5930,6451
[Recv] <<< 23:c9:cc:4b:a0:3a,55336,-28,154,38.75,33.53,38,5968,6489
[Recv] <<< 23:c9:cc:4b:a0:3a,55338,-28,155,38.92,33.51,64,6032,6553
[Recv] <<< 23:c9:cc:4b:a0:3a,55339,-28,156,38.87,33.50,31,6063,6584
[Recv] <<< 23:c9:cc:4b:a0:3a,55340,-28,157,38.86,33.52,38,6101,6622
[Recv] <<< 23:c9:cc:4b:a0:3a,55341,-38,158,38.80,33.50,29,6130,6651
[Recv] <<< 23:c9:cc:4b:a0:3a,55342,-37,159,38.74,33.48,30,6160,6681
[Recv] <<< 23:c9:cc:4b:a0:3a,55344,-37,160,38.94,33.50,71,6231,6752
[Recv] <<< 23:c9:cc:4b:a0:3a,55345,-38,161,38.89,33.49,31,6262,6783
[Recv] <<< 23:c9:cc:4b:a0:3a,55346,-37,162,38.83,33.46,28,6290,6811
[Recv] <<< 23:c9:cc:4b:a0:3a,55347,-37,163,38.79,33.45,32,6322,6843
[Recv] <<< 23:c9:cc:4b:a0:3a,55348,-31,164,38.75,33.45,33,6355,6876
[Recv] <<< 23:c9:cc:4b:a0:3a,55349,-31,165,38.70,33.43,30,6385,6906
[Recv] <<< 23:c9:cc:4b:a0:3a,55350,-31,166,38.69,33.45,37,6422,6943
[Recv] <<< 23:c9:cc:4b:a0:3a,55351,-31,167,38.64,33.44,31,6453,6974
[Recv] <<< 23:c9:cc:4b:a0:3a,55352,-37,168,38.67,33.49,44,6497,7018
[Recv] <<< 23:c9:cc:4b:a0:3a,55353,-37,169,38.64,33.49,34,6531,7052
[Recv] <<< 23:c9:cc:4b:a0:3a,55354,-38,170,38.60,33.48,31,6562,7083
[Recv] <<< 23:c9:cc:4b:a0:3a,55356,-37,171,38.78,33.49,69,6631,7152
[Recv] <<< 23:c9:cc:4b:a0:3a,55357,-37,172,38.73,33.48,31,6662,7183
[Recv] <<< 23:c9:cc:4b:a0:3a,55358,-37,173,38.70,33.47,33,6695,7216
[Recv] <<< 23:c9:cc:4b:a0:3a,55361,-31,174,39.07,33.49,104,6799,7320
[Recv] <<< 23:c9:cc:4b:a0:3a,55362,-31,175,39.02,33.47,29,6828,7349
[Recv] <<< 23:c9:cc:4b:a0:3a,55363,-31,176,39.02,33.50,40,6868,7389
[Recv] <<< 23:c9:cc:4b:a0:3a,55364,-31,177,38.98,33.49,31,6899,7420
[Recv] <<< 23:c9:cc:4b:a0:3a,55365,-31,178,38.96,33.50,36,6935,7456
[Recv] <<< 23:c9:cc:4b:a0:3a,55367,-28,179,39.08,33.47,60,6995,7516
[Recv] <<< 23:c9:cc:4b:a0:3a,55368,-28,180,39.02,33.45,29,7024,7545
[Recv] <<< 23:c9:cc:4b:a0:3a,55369,-31,181,39.02,33.47,39,7063,7584
[Recv] <<< 23:c9:cc:4b:a0:3a,55370,-31,182,39.01,33.49,37,7100,7621
[Recv] <<< 23:c9:cc:4b:a0:3a,55371,-28,183,38.98,33.49,33,7133,7654
[Recv] <<< 23:c9:cc:4b:a0:3a,55372,-28,184,66.56,57.23,5114,12247,12768
[Recv] <<< 23:c9:cc:4b:a0:3a,55520,-31,185,66.39,33.93,35,12282,12803
[Recv] <<< 23:c9:cc:4b:a0:3a,55522,-28,186,66.35,33.91,60,12342,12863
[Recv] <<< 23:c9:cc:4b:a0:3a,55523,-31,187,66.19,33.91,36,12378,12899
[Recv] <<< 23:c9:cc:4b:a0:3a,55524,-31,188,66.09,33.95,46,12424,12945
[Recv] <<< 23:c9:cc:4b:a0:3a,55525,-31,189,65.89,33.93,30,12454,12975
[Recv] <<< 23:c9:cc:4b:a0:3a,55526,-31,190,65.72,33.93,33,12487,13008
[Recv] <<< 23:c9:cc:4b:a0:3a,55527,-31,191,65.55,33.93,34,12521,13042
[Recv] <<< 23:c9:cc:4b:a0:3a,55529,-31,192,65.58,33.94,71,12592,13113
[Recv] <<< 23:c9:cc:4b:a0:3a,55532,-28,193,65.75,33.93,98,12690,13211
[Recv] <<< 23:c9:cc:4b:a0:3a,55533,-28,194,65.57,33.92,30,12720,13241
[Recv] <<< 23:c9:cc:4b:a0:3a,55535,-28,195,65.62,33.94,76,12796,13317
[Recv] <<< 23:c9:cc:4b:a0:3a,55536,-28,196,65.45,33.94,32,12828,13349
[Recv] <<< 23:c9:cc:4b:a0:3a,55537,-31,197,65.34,33.96,43,12871,13392
[Recv] <<< 23:c9:cc:4b:a0:3a,55539,-31,198,65.37,33.97,73,12944,13465
[Recv] <<< 23:c9:cc:4b:a0:3a,55541,-31,199,65.39,33.97,68,13012,13533
[Recv] <<< 23:c9:cc:4b:a0:3a,55542,-31,200,65.24,33.98,36,13048,13569
[Recv] <<< 23:c9:cc:4b:a0:3a,55543,-31,201,65.05,33.96,27,13075,13596
[Recv] <<< 23:c9:cc:4b:a0:3a,55544,-31,202,64.92,33.97,38,13113,13634
[Recv] <<< 23:c9:cc:4b:a0:3a,55546,-31,203,64.91,33.96,64,13177,13698
[Recv] <<< 23:c9:cc:4b:a0:3a,55548,-31,204,64.94,33.97,70,13247,13768
[Recv] <<< 23:c9:cc:4b:a0:3a,55549,-28,205,64.76,33.95,29,13276,13797
[Recv] <<< 23:c9:cc:4b:a0:3a,55550,-28,206,64.62,33.96,35,13311,13832
[Recv] <<< 23:c9:cc:4b:a0:3a,55551,-28,207,64.45,33.95,30,13341,13862
[Recv] <<< 23:c9:cc:4b:a0:3a,55552,-28,208,64.35,33.97,43,13384,13905
[Recv] <<< 23:c9:cc:4b:a0:3a,55553,-31,209,64.22,33.98,38,13422,13943
[Recv] <<< 23:c9:cc:4b:a0:3a,55556,-31,210,64.45,34.01,112,13534,14055
[Recv] <<< 23:c9:cc:4b:a0:3a,55557,-31,211,64.29,34.00,32,13566,14087
[Recv] <<< 23:c9:cc:4b:a0:3a,55558,-31,212,64.11,33.98,25,13591,14112
[Recv] <<< 23:c9:cc:4b:a0:3a,55559,-31,213,63.98,33.98,36,13627,14148
[Recv] <<< 23:c9:cc:4b:a0:3a,55560,-31,214,63.88,34.00,43,13670,14191
[Recv] <<< 23:c9:cc:4b:a0:3a,55561,-37,215,63.79,34.03,44,13714,14235
[Recv] <<< 23:c9:cc:4b:a0:3a,55562,-37,216,63.62,34.02,29,13743,14264
[Recv] <<< 23:c9:cc:4b:a0:3a,55563,-37,217,63.49,34.02,35,13778,14299
[Recv] <<< 23:c9:cc:4b:a0:3a,55564,-28,218,63.39,34.03,40,13818,14339
[Recv] <<< 23:c9:cc:4b:a0:3a,55565,-28,219,63.27,34.04,38,13856,14377
[Recv] <<< 23:c9:cc:4b:a0:3a,55567,-37,220,63.23,34.01,55,13911,14432
[Recv] <<< 23:c9:cc:4b:a0:3a,55568,-28,221,63.12,34.02,39,13950,14471
[Recv] <<< 23:c9:cc:4b:a0:3a,55569,-28,222,63.02,34.04,41,13991,14512
[Recv] <<< 23:c9:cc:4b:a0:3a,55571,-28,223,63.08,34.06,76,14067,14588
[Recv] <<< 23:c9:cc:4b:a0:3a,55572,-28,224,62.97,34.07,38,14105,14626
[Recv] <<< 23:c9:cc:4b:a0:3a,55574,-28,225,62.96,34.05,61,14166,14687
[Recv] <<< 23:c9:cc:4b:a0:3a,55575,-37,226,62.84,34.06,35,14201,14722
[Recv] <<< 23:c9:cc:4b:a0:3a,55576,-37,227,62.70,34.05,33,14234,14755
[Recv] <<< 23:c9:cc:4b:a0:3a,55578,-28,228,62.81,34.10,87,14321,14842
[Recv] <<< 23:c9:cc:4b:a0:3a,55579,-28,229,62.69,34.10,35,14356,14877
[Recv] <<< 23:c9:cc:4b:a0:3a,55580,-28,230,62.56,34.10,33,14389,14910
[Recv] <<< 23:c9:cc:4b:a0:3a,55582,-28,231,62.59,34.10,70,14459,14980
[Recv] <<< 23:c9:cc:4b:a0:3a,55584,-28,232,62.59,34.09,62,14521,15042
[Recv] <<< 23:c9:cc:4b:a0:3a,55585,-28,233,62.48,34.09,36,14557,15078
[Recv] <<< 23:c9:cc:4b:a0:3a,55586,-28,234,62.35,34.09,34,14591,15112
[Recv] <<< 23:c9:cc:4b:a0:3a,55587,-31,235,62.24,34.10,36,14627,15148
[Recv] <<< 23:c9:cc:4b:a0:3a,55588,-31,236,62.18,34.13,47,14674,15195
[Recv] <<< 23:c9:cc:4b:a0:3a,55590,-28,237,62.18,34.11,63,14737,15258
[Recv] <<< 23:c9:cc:4b:a0:3a,55592,-28,238,62.19,34.11,65,14802,15323
[Recv] <<< 23:c9:cc:4b:a0:3a,55593,-28,239,62.07,34.10,32,14834,15355
[Recv] <<< 23:c9:cc:4b:a0:3a,55595,-31,240,62.17,34.15,88,14922,15443
[Recv] <<< 23:c9:cc:4b:a0:3a,55596,-31,241,62.04,34.14,30,14952,15473
[Recv] <<< 23:c9:cc:4b:a0:3a,55597,-37,242,61.97,34.16,44,14996,15517
[Recv] <<< 23:c9:cc:4b:a0:3a,55599,-37,243,62.01,34.17,72,15068,15589
[Recv] <<< 23:c9:cc:4b:a0:3a,55600,-28,244,61.92,34.18,41,15109,15630
[Recv] <<< 23:c9:cc:4b:a0:3a,55601,-28,245,61.80,34.18,33,15142,15663
[Recv] <<< 23:c9:cc:4b:a0:3a,55604,-37,246,61.97,34.18,102,15244,15765
[Recv] <<< 23:c9:cc:4b:a0:3a,55605,-37,247,61.85,34.18,33,15277,15798
[Recv] <<< 23:c9:cc:4b:a0:3a,55606,-28,248,61.78,34.20,45,15322,15843
[Recv] <<< 23:c9:cc:4b:a0:3a,55607,-28,249,61.67,34.20,34,15356,15877
[Recv] <<< 23:c9:cc:4b:a0:3a,55608,-37,250,61.56,34.20,34,15390,15911
[Recv] <<< 23:c9:cc:4b:a0:3a,55609,-37,251,61.42,34.18,26,15416,15937
[Recv] <<< 23:c9:cc:4b:a0:3a,55610,-31,252,61.33,34.19,39,15455,15976
[Recv] <<< 23:c9:cc:4b:a0:3a,55611,-31,253,61.23,34.20,36,15491,16012
[Recv] <<< 23:c9:cc:4b:a0:3a,55612,-31,254,61.11,34.19,32,15523,16044
[Recv] <<< 23:c9:cc:4b:a0:3a,55613,-28,255,61.02,34.20,37,15560,16081
[Recv] <<< 23:c9:cc:4b:a0:3a,55614,-28,256,60.90,34.19,31,15591,16112
[Recv] <<< 23:c9:cc:4b:a0:3a,55615,-28,257,60.79,34.18,31,15622,16143
[Recv] <<< 23:c9:cc:4b:a0:3a,55618,-28,258,60.97,34.19,107,15729,16250
[Recv] <<< 23:c9:cc:4b:a0:3a,55619,-28,259,60.88,34.20,38,15767,16288
[Recv] <<< 23:c9:cc:4b:a0:3a,55620,-28,260,60.75,34.19,27,15794,16315
[Recv] <<< 23:c9:cc:4b:a0:3a,55621,-28,261,60.69,34.21,47,15841,16362
[Recv] <<< 23:c9:cc:4b:a0:3a,55623,-37,262,60.69,34.20,60,15901,16422
[Recv] <<< 23:c9:cc:4b:a0:3a,55624,-37,263,60.56,34.18,27,15928,16449
[Recv] <<< 23:c9:cc:4b:a0:3a,55625,-31,264,60.48,34.19,39,15967,16488
[Recv] <<< 23:c9:cc:4b:a0:3a,55626,-31,265,60.35,34.17,26,15993,16514
[Recv] <<< 23:c9:cc:4b:a0:3a,55628,-28,266,60.40,34.18,73,16066,16587
[Recv] <<< 23:c9:cc:4b:a0:3a,55630,-28,267,60.46,34.20,77,16143,16664
[Recv] <<< 23:c9:cc:4b:a0:3a,55632,-31,268,60.51,34.21,74,16217,16738
[Recv] <<< 23:c9:cc:4b:a0:3a,55633,-31,269,60.43,34.22,38,16255,16776
[Recv] <<< 23:c9:cc:4b:a0:3a,55634,-31,270,60.29,34.20,24,16279,16800
[Recv] <<< 23:c9:cc:4b:a0:3a,55635,-31,271,60.21,34.21,37,16316,16837
[Recv] <<< 23:c9:cc:4b:a0:3a,55636,-31,272,60.10,34.20,32,16348,16869
[Recv] <<< 23:c9:cc:4b:a0:3a,55637,-31,273,60.04,34.22,44,16392,16913
[Recv] <<< 23:c9:cc:4b:a0:3a,55638,-31,274,59.94,34.21,31,16423,16944
[Recv] <<< 23:c9:cc:4b:a0:3a,55639,-31,275,59.83,34.21,30,16453,16974
[Recv] <<< 23:c9:cc:4b:a0:3a,55640,-28,276,59.74,34.21,35,16488,17009
[Recv] <<< 23:c9:cc:4b:a0:3a,55641,-31,277,59.66,34.22,39,16527,17048
[Recv] <<< 23:c9:cc:4b:a0:3a,55642,-28,278,59.55,34.20,27,16554,17075
[Recv] <<< 23:c9:cc:4b:a0:3a,55643,-28,279,59.47,34.21,38,16592,17113
[Recv] <<< 23:c9:cc:4b:a0:3a,55645,-28,280,59.48,34.20,62,16654,17175
[Recv] <<< 23:c9:cc:4b:a0:3a,55646,-28,281,59.41,34.21,39,16693,17214
[Recv] <<< 23:c9:cc:4b:a0:3a,55648,-37,282,59.40,34.18,57,16750,17271
[Recv] <<< 23:c9:cc:4b:a0:3a,55649,-37,283,59.33,34.20,40,16790,17311
[Recv] <<< 23:c9:cc:4b:a0:3a,55652,-28,284,59.57,34.25,128,16918,17439
[Recv] <<< 23:c9:cc:4b:a0:3a,55653,-28,285,59.46,34.23,27,16945,17466
[Recv] <<< 23:c9:cc:4b:a0:3a,55654,-28,286,59.37,34.23,35,16980,17501
[Recv] <<< 23:c9:cc:4b:a0:3a,55655,-37,287,59.27,34.23,30,17010,17531
[Recv] <<< 23:c9:cc:4b:a0:3a,55656,-28,288,59.22,34.25,45,17055,17576
[Recv] <<< 23:c9:cc:4b:a0:3a,55657,-28,289,59.13,34.24,33,17088,17609
[Recv] <<< 23:c9:cc:4b:a0:3a,55658,-28,290,59.04,34.25,35,17123,17644
[Recv] <<< 23:c9:cc:4b:a0:3a,55659,-28,291,58.94,34.24,29,17152,17673
[Recv] <<< 23:c9:cc:4b:a0:3a,55660,-37,292,58.85,34.23,33,17185,17706
[Recv] <<< 23:c9:cc:4b:a0:3a,55661,-37,293,58.76,34.23,33,17218,17739
[Recv] <<< 23:c9:cc:4b:a0:3a,55662,-37,294,58.67,34.23,32,17250,17771
[Recv] <<< 23:c9:cc:4b:a0:3a,55663,-31,295,58.58,34.22,31,17281,17802
[Recv] <<< 23:c9:cc:4b:a0:3a,55664,-31,296,58.50,34.22,34,17315,17836
[Recv] <<< 23:c9:cc:4b:a0:3a,55665,-31,297,58.41,34.22,33,17348,17869
[Recv] <<< 23:c9:cc:4b:a0:3a,55666,-31,298,58.32,34.21,30,17378,17899
[Recv] <<< 23:c9:cc:4b:a0:3a,55668,-28,299,58.35,34.21,69,17447,17968
[Recv] <<< 23:c9:cc:4b:a0:3a,55669,-28,300,58.28,34.22,38,17485,18006
[Recv] <<< 23:c9:cc:4b:a0:3a,55670,-28,301,58.19,34.21,29,17514,18035
[Recv] <<< 23:c9:cc:4b:a0:3a,55672,-31,302,58.26,34.23,80,17594,18115
[Recv] <<< 23:c9:cc:4b:a0:3a,55673,-31,303,58.18,34.23,35,17629,18150
[Recv] <<< 23:c9:cc:4b:a0:3a,55674,-31,304,58.11,34.23,35,17664,18185
[Recv] <<< 23:c9:cc:4b:a0:3a,55675,-31,305,58.03,34.23,34,17698,18219
[Recv] <<< 23:c9:cc:4b:a0:3a,55676,-31,306,57.94,34.23,33,17731,18252
[Recv] <<< 23:c9:cc:4b:a0:3a,55677,-31,307,57.86,34.23,32,17763,18284
[Recv] <<< 23:c9:cc:4b:a0:3a,55678,-31,308,57.80,34.23,39,17802,18323
[Recv] <<< 23:c9:cc:4b:a0:3a,55679,-31,309,57.72,34.23,33,17835,18356
[Recv] <<< 23:c9:cc:4b:a0:3a,55680,-31,310,57.65,34.24,37,17872,18393
[Recv] <<< 23:c9:cc:4b:a0:3a,55681,-31,311,57.55,34.22,27,17899,18420
[Recv] <<< 23:c9:cc:4b:a0:3a,55682,-31,312,57.49,34.23,37,17936,18457
[Recv] <<< 23:c9:cc:4b:a0:3a,55683,-37,313,57.45,34.25,45,17981,18502
[Recv] <<< 23:c9:cc:4b:a0:3a,55684,-37,314,57.38,34.25,35,18016,18537
[Recv] <<< 23:c9:cc:4b:a0:3a,55685,-37,315,57.31,34.26,37,18053,18574
[Recv] <<< 23:c9:cc:4b:a0:3a,55686,-37,316,57.22,34.25,29,18082,18603
[Recv] <<< 23:c9:cc:4b:a0:3a,55690,-28,317,57.50,34.26,145,18227,18748
[Recv] <<< 23:c9:cc:4b:a0:3a,55694,-28,318,57.75,34.26,138,18365,18886
[Recv] <<< 23:c9:cc:4b:a0:3a,55695,-31,319,57.69,34.27,37,18402,18923
[Recv] <<< 23:c9:cc:4b:a0:3a,55696,-31,320,57.63,34.28,40,18442,18963
[Recv] <<< 23:c9:cc:4b:a0:3a,55697,-37,321,57.58,34.29,42,18484,19005
[Recv] <<< 23:c9:cc:4b:a0:3a,55698,-37,322,57.50,34.29,31,18515,19036
[Recv] <<< 23:c9:cc:4b:a0:3a,55700,-28,323,57.58,34.31,82,18597,19118
[Recv] <<< 23:c9:cc:4b:a0:3a,55701,-31,324,57.51,34.31,35,18632,19153
[Recv] <<< 23:c9:cc:4b:a0:3a,55702,-31,325,57.44,34.32,37,18669,19190
[Recv] <<< 23:c9:cc:4b:a0:3a,55703,-31,326,57.37,34.32,35,18704,19225
[Recv] <<< 23:c9:cc:4b:a0:3a,55704,-37,327,57.31,34.32,36,18740,19261
[Recv] <<< 23:c9:cc:4b:a0:3a,55705,-37,328,57.27,34.34,43,18783,19304
[Recv] <<< 23:c9:cc:4b:a0:3a,55706,-28,329,57.22,34.35,41,18824,19345
[Recv] <<< 23:c9:cc:4b:a0:3a,55707,-31,330,57.15,34.35,35,18859,19380
[Recv] <<< 23:c9:cc:4b:a0:3a,55708,-31,331,57.09,34.36,38,18897,19418
[Recv] <<< 23:c9:cc:4b:a0:3a,55709,-31,332,57.02,34.36,35,18932,19453
[Recv] <<< 23:c9:cc:4b:a0:3a,55710,-37,333,56.97,34.37,38,18970,19491
[Recv] <<< 23:c9:cc:4b:a0:3a,55711,-37,334,56.94,34.39,48,19018,19539
[Recv] <<< 23:c9:cc:4b:a0:3a,55712,-28,335,56.87,34.39,34,19052,19573
[Recv] <<< 23:c9:cc:4b:a0:3a,55714,-31,336,56.95,34.42,83,19135,19656
[Recv] <<< 23:c9:cc:4b:a0:3a,55715,-31,337,56.89,34.42,38,19173,19694
[Recv] <<< 23:c9:cc:4b:a0:3a,55716,-28,338,56.80,34.41,26,19199,19720
[Recv] <<< 23:c9:cc:4b:a0:3a,55717,-31,339,56.75,34.42,39,19238,19759
[Recv] <<< 23:c9:cc:4b:a0:3a,55718,-31,340,56.69,34.42,36,19274,19795
[Recv] <<< 23:c9:cc:4b:a0:3a,55719,-31,341,56.64,34.43,40,19314,19835
[Recv] <<< 23:c9:cc:4b:a0:3a,55720,-37,342,56.58,34.43,35,19349,19870
[Recv] <<< 23:c9:cc:4b:a0:3a,55721,-37,343,56.52,34.43,36,19385,19906
[Recv] <<< 23:c9:cc:4b:a0:3a,55722,-37,344,56.46,34.44,37,19422,19943
[Recv] <<< 23:c9:cc:4b:a0:3a,55723,-37,345,56.40,34.44,36,19458,19979
[Recv] <<< 23:c9:cc:4b:a0:3a,55724,-28,346,56.36,34.45,43,19501,20022
[Recv] <<< 23:c9:cc:4b:a0:3a,55725,-28,347,56.29,34.45,31,19532,20053
[Recv] <<< 23:c9:cc:4b:a0:3a,55726,-28,348,56.23,34.45,35,19567,20088
[Recv] <<< 23:c9:cc:4b:a0:3a,55727,-31,349,56.19,34.47,44,19611,20132
[Recv] <<< 23:c9:cc:4b:a0:3a,55728,-31,350,56.14,34.47,39,19650,20171
[Recv] <<< 23:c9:cc:4b:a0:3a,55730,-37,351,56.20,34.49,76,19726,20247
[Recv] <<< 23:c9:cc:4b:a0:3a,55733,-31,352,56.40,34.53,128,19854,20375
[Recv] <<< 23:c9:cc:4b:a0:3a,55734,-37,353,56.38,34.55,47,19901,20422
[Recv] <<< 23:c9:cc:4b:a0:3a,55735,-28,354,56.31,34.55,34,19935,20456
[Recv] <<< 23:c9:cc:4b:a0:3a,55736,-28,355,56.27,34.56,40,19975,20496
[Recv] <<< 23:c9:cc:4b:a0:3a,55737,-28,356,56.22,34.57,40,20015,20536
[Recv] <<< 23:c9:cc:4b:a0:3a,55738,-31,357,56.17,34.57,36,20051,20572
[Recv] <<< 23:c9:cc:4b:a0:3a,55739,-31,358,56.15,34.60,50,20101,20622
[Recv] <<< 23:c9:cc:4b:a0:3a,55742,-28,359,56.35,34.64,128,20229,20750
[Recv] <<< 23:c9:cc:4b:a0:3a,55745,-31,360,56.51,34.66,115,20344,20865
[Recv] <<< 23:c9:cc:4b:a0:3a,55746,-28,361,56.50,34.69,51,20395,20916
[Recv] <<< 23:c9:cc:4b:a0:3a,55749,-37,362,56.69,34.73,128,20523,21044
[Recv] <<< 23:c9:cc:4b:a0:3a,55750,-28,363,56.65,34.73,40,20563,21084
[Recv] <<< 23:c9:cc:4b:a0:3a,55751,-31,364,56.62,34.76,47,20610,21131
[Recv] <<< 23:c9:cc:4b:a0:3a,55754,-28,365,56.82,34.80,131,20741,21262
[Recv] <<< 23:c9:cc:4b:a0:3a,55756,-31,366,56.89,34.82,80,20821,21342
[Recv] <<< 23:c9:cc:4b:a0:3a,55757,-37,367,56.86,34.84,47,20868,21389
[Recv] <<< 23:c9:cc:4b:a0:3a,55758,-28,368,56.82,34.85,40,20908,21429
[Recv] <<< 23:c9:cc:4b:a0:3a,55759,-28,369,56.79,34.87,47,20955,21476
[Recv] <<< 23:c9:cc:4b:a0:3a,55760,-31,370,56.75,34.88,41,20996,21517
[Recv] <<< 23:c9:cc:4b:a0:3a,55761,-37,371,56.70,34.89,41,21037,21558
[Recv] <<< 23:c9:cc:4b:a0:3a,55763,-28,372,56.80,34.93,94,21131,21652
[Recv] <<< 23:c9:cc:4b:a0:3a,55764,-31,373,56.75,34.93,38,21169,21690
[Recv] <<< 23:c9:cc:4b:a0:3a,55765,-37,374,56.71,34.94,42,21211,21732
[Recv] <<< 23:c9:cc:4b:a0:3a,55768,-37,375,56.93,35.00,137,21348,21869
[Recv] <<< 23:c9:cc:4b:a0:3a,55769,-37,376,56.88,35.00,37,21385,21906
[Recv] <<< 23:c9:cc:4b:a0:3a,55770,-28,377,56.84,35.01,44,21429,21950
[Recv] <<< 23:c9:cc:4b:a0:3a,55771,-31,378,56.80,35.02,40,21469,21990
[Recv] <<< 23:c9:cc:4b:a0:3a,55773,-28,379,56.90,35.06,95,21564,22085
[Recv] <<< 23:c9:cc:4b:a0:3a,55774,-31,380,56.84,35.06,34,21598,22119
[Recv] <<< 23:c9:cc:4b:a0:3a,55776,-37,381,56.93,35.10,92,21690,22211
[Recv] <<< 23:c9:cc:4b:a0:3a,55777,-28,382,56.87,35.10,34,21724,22245
[Recv] <<< 23:c9:cc:4b:a0:3a,55778,-28,383,56.83,35.10,41,21765,22286
[Recv] <<< 23:c9:cc:4b:a0:3a,55779,-31,384,56.80,35.13,48,21813,22334
[Recv] <<< 23:c9:cc:4b:a0:3a,55780,-37,385,56.76,35.13,38,21851,22372
[Recv] <<< 23:c9:cc:4b:a0:3a,55784,-31,386,57.05,35.18,169,22020,22541
[Recv] <<< 23:c9:cc:4b:a0:3a,55785,-37,387,57.01,35.19,43,22063,22584
[Recv] <<< 23:c9:cc:4b:a0:3a,55786,-37,388,56.96,35.19,39,22102,22623
[Recv] <<< 23:c9:cc:4b:a0:3a,55787,-28,389,56.91,35.20,37,22139,22660
[Recv] <<< 23:c9:cc:4b:a0:3a,55789,-31,390,57.01,35.23,93,22232,22753
[Recv] <<< 23:c9:cc:4b:a0:3a,55790,-40,391,56.96,35.24,41,22273,22794
[Recv] <<< 23:c9:cc:4b:a0:3a,55791,-28,392,56.92,35.25,41,22314,22835
[Recv] <<< 23:c9:cc:4b:a0:3a,55792,-31,393,56.88,35.26,41,22355,22876
[Recv] <<< 23:c9:cc:4b:a0:3a,55794,-37,394,56.96,35.29,89,22444,22965
[Recv] <<< 23:c9:cc:4b:a0:3a,55795,-28,395,56.91,35.29,37,22481,23002
[Recv] <<< 23:c9:cc:4b:a0:3a,55796,-31,396,56.88,35.31,45,22526,23047
[Recv] <<< 23:c9:cc:4b:a0:3a,55797,-37,397,56.85,35.32,43,22569,23090
[Recv] <<< 23:c9:cc:4b:a0:3a,55798,-28,398,56.82,35.34,47,22616,23137
[Recv] <<< 23:c9:cc:4b:a0:3a,55799,-31,399,56.78,35.35,41,22657,23178
[Recv] <<< 23:c9:cc:4b:a0:3a,55800,-37,400,56.74,35.35,40,22697,23218
[Recv] <<< 23:c9:cc:4b:a0:3a,55802,-28,401,56.81,35.38,85,22782,23303
[Recv] <<< 23:c9:cc:4b:a0:3a,55803,-31,402,56.76,35.38,37,22819,23340
[Recv] <<< 23:c9:cc:4b:a0:3a,55809,-37,403,57.28,35.46,264,23083,23604
[Recv] <<< 23:c9:cc:4b:a0:3a,55811,-28,404,57.34,35.47,82,23165,23686
[Recv] <<< 23:c9:cc:4b:a0:3a,55812,-31,405,57.30,35.48,42,23207,23728
[Recv] <<< 23:c9:cc:4b:a0:3a,55813,-37,406,57.28,35.50,47,23254,23775
[Recv] <<< 23:c9:cc:4b:a0:3a,55814,-38,407,57.22,35.50,35,23289,23810
[Recv] <<< 23:c9:cc:4b:a0:3a,55815,-28,408,57.19,35.51,44,23333,23854
[Recv] <<< 23:c9:cc:4b:a0:3a,55817,-37,409,57.27,35.54,89,23422,23943
[Recv] <<< 23:c9:cc:4b:a0:3a,55819,-28,410,57.33,35.56,84,23506,24027
[Recv] <<< 23:c9:cc:4b:a0:3a,55820,-31,411,57.31,35.58,47,23553,24074
[Recv] <<< 23:c9:cc:4b:a0:3a,55821,-37,412,57.27,35.59,41,23594,24115
[Recv] <<< 23:c9:cc:4b:a0:3a,55822,-28,413,57.23,35.59,40,23634,24155
[Recv] <<< 23:c9:cc:4b:a0:3a,55823,-31,414,57.18,35.60,39,23673,24194
[Recv] <<< 23:c9:cc:4b:a0:3a,55824,-31,415,57.14,35.61,41,23714,24235
[Recv] <<< 23:c9:cc:4b:a0:3a,55825,-37,416,57.12,35.62,47,23761,24282
[Recv] <<< 23:c9:cc:4b:a0:3a,55826,-28,417,57.09,35.64,46,23807,24328
[Recv] <<< 23:c9:cc:4b:a0:3a,55833,-31,418,57.64,35.70,288,24095,24616
[Recv] <<< 23:c9:cc:4b:a0:3a,55838,-31,419,57.99,35.73,204,24299,24820
[Recv] <<< 23:c9:cc:4b:a0:3a,55839,-37,420,57.97,35.75,48,24347,24868
[Recv] <<< 23:c9:cc:4b:a0:3a,55840,-37,421,57.92,35.75,37,24384,24905
[Recv] <<< 23:c9:cc:4b:a0:3a,55841,-37,422,57.88,35.76,40,24424,24945
[Recv] <<< 23:c9:cc:4b:a0:3a,55842,-28,423,57.85,35.77,45,24469,24990
[Recv] <<< 23:c9:cc:4b:a0:3a,55843,-31,424,57.81,35.78,42,24511,25032
[Recv] <<< 23:c9:cc:4b:a0:3a,55857,-31,425,59.04,35.90,582,25093,25614
[Recv] <<< 23:c9:cc:4b:a0:3a,55858,-31,426,58.98,35.89,33,25126,25647
[Recv] <<< 23:c9:cc:4b:a0:3a,55859,-37,427,58.96,35.91,49,25175,25696
[Recv] <<< 23:c9:cc:4b:a0:3a,55860,-28,428,58.91,35.92,39,25214,25735
[Recv] <<< 23:c9:cc:4b:a0:3a,55861,-28,429,58.87,35.92,40,25254,25775
[Recv] <<< 23:c9:cc:4b:a0:3a,55868,-37,430,59.38,35.96,281,25535,26056
[Recv] <<< 23:c9:cc:4b:a0:3a,55877,-28,431,60.09,36.02,364,25899,26420
[Recv] <<< 23:c9:cc:4b:a0:3a,55878,-31,432,60.05,36.03,44,25943,26464
[Recv] <<< 23:c9:cc:4b:a0:3a,55880,-37,433,60.10,36.04,80,26023,26544
[Recv] <<< 23:c9:cc:4b:a0:3a,55884,-37,434,60.36,36.09,175,26198,26719
[Recv] <<< 23:c9:cc:4b:a0:3a,55885,-37,435,60.32,36.09,40,26238,26759
[Recv] <<< 23:c9:cc:4b:a0:3a,55886,-37,436,60.26,36.09,36,26274,26795
[Recv] <<< 23:c9:cc:4b:a0:3a,55887,-28,437,60.22,36.10,40,26314,26835
[Recv] <<< 23:c9:cc:4b:a0:3a,55888,-31,438,60.18,36.11,45,26359,26880
[Recv] <<< 23:c9:cc:4b:a0:3a,55891,-37,439,60.31,36.12,115,26474,26995
[Recv] <<< 23:c9:cc:4b:a0:3a,55892,-37,440,60.26,36.12,40,26514,27035
[Recv] <<< 23:c9:cc:4b:a0:3a,55893,-28,441,60.21,36.13,40,26554,27075
[Recv] <<< 23:c9:cc:4b:a0:3a,55894,-31,442,60.17,36.13,40,26594,27115
[Recv] <<< 23:c9:cc:4b:a0:3a,55895,-31,443,60.12,36.14,40,26634,27155
[Recv] <<< 23:c9:cc:4b:a0:3a,55896,-37,444,60.07,36.14,37,26671,27192
[Recv] <<< 23:c9:cc:4b:a0:3a,55897,-37,445,60.03,36.15,43,26714,27235
[Recv] <<< 23:c9:cc:4b:a0:3a,55898,-28,446,59.99,36.15,40,26754,27275
[Recv] <<< 23:c9:cc:4b:a0:3a,55899,-28,447,59.94,36.16,40,26794,27315
[Recv] <<< 23:c9:cc:4b:a0:3a,55904,-28,448,60.26,36.19,203,26997,27518
[Recv] <<< 23:c9:cc:4b:a0:3a,55905,-28,449,60.20,36.19,35,27032,27553
[Recv] <<< 23:c9:cc:4b:a0:3a,55906,-31,450,60.16,36.19,40,27072,27593
[Recv] <<< 23:c9:cc:4b:a0:3a,55907,-31,451,60.11,36.19,38,27110,27631
[Recv] <<< 23:c9:cc:4b:a0:3a,55908,-40,452,60.08,36.21,46,27156,27677
[Recv] <<< 23:c9:cc:4b:a0:3a,55910,-28,453,60.11,36.21,76,27232,27753
[Recv] <<< 23:c9:cc:4b:a0:3a,55911,-28,454,60.07,36.22,41,27273,27794
[Recv] <<< 23:c9:cc:4b:a0:3a,55912,-31,455,60.02,36.22,37,27310,27831
[Recv] <<< 23:c9:cc:4b:a0:3a,55913,-31,456,59.98,36.23,40,27350,27871
[Recv] <<< 23:c9:cc:4b:a0:3a,55915,-37,457,60.03,36.24,85,27435,27956
[Recv] <<< 23:c9:cc:4b:a0:3a,55916,-28,458,59.99,36.25,41,27476,27997
[Recv] <<< 23:c9:cc:4b:a0:3a,55918,-28,459,60.02,36.25,75,27551,28072
[Recv] <<< 23:c9:cc:4b:a0:3a,55919,-31,460,59.99,36.26,45,27596,28117
[Recv] <<< 23:c9:cc:4b:a0:3a,55920,-37,461,59.96,36.28,46,27642,28163
[Recv] <<< 23:c9:cc:4b:a0:3a,55921,-37,462,59.91,36.28,36,27678,28199
[Recv] <<< 23:c9:cc:4b:a0:3a,55922,-37,463,59.87,36.28,40,27718,28239
[Recv] <<< 23:c9:cc:4b:a0:3a,55924,-28,464,59.91,36.29,81,27799,28320
[Recv] <<< 23:c9:cc:4b:a0:3a,55925,-31,465,59.86,36.29,37,27836,28357
[Recv] <<< 23:c9:cc:4b:a0:3a,55926,-37,466,59.82,36.30,42,27878,28399
[Recv] <<< 23:c9:cc:4b:a0:3a,55927,-28,467,59.79,36.31,44,27922,28443
[Recv] <<< 23:c9:cc:4b:a0:3a,55928,-28,468,59.75,36.31,40,27962,28483
[Recv] <<< 23:c9:cc:4b:a0:3a,55929,-31,469,59.71,36.32,43,28005,28526
[Recv] <<< 23:c9:cc:4b:a0:3a,55930,-31,470,59.67,36.33,40,28045,28566
[Recv] <<< 23:c9:cc:4b:a0:3a,55932,-37,471,59.71,36.34,80,28125,28646
[Recv] <<< 23:c9:cc:4b:a0:3a,55934,-28,472,59.76,36.35,82,28207,28728
[Recv] <<< 23:c9:cc:4b:a0:3a,55935,-31,473,59.72,36.36,42,28249,28770
[Recv] <<< 23:c9:cc:4b:a0:3a,55937,-37,474,59.77,36.37,83,28332,28853
[Recv] <<< 23:c9:cc:4b:a0:3a,55939,-28,475,59.82,36.38,84,28416,28937
[Recv] <<< 23:c9:cc:4b:a0:3a,55940,-28,476,59.77,36.38,36,28452,28973
[Recv] <<< 23:c9:cc:4b:a0:3a,55941,-31,477,59.74,36.39,42,28494,29015
[Recv] <<< 23:c9:cc:4b:a0:3a,55944,-28,478,59.89,36.42,134,28628,29149
[Recv] <<< 23:c9:cc:4b:a0:3a,55945,-28,479,59.85,36.42,38,28666,29187
[Recv] <<< 23:c9:cc:4b:a0:3a,55947,-31,480,59.89,36.43,81,28747,29268
[Recv] <<< 23:c9:cc:4b:a0:3a,55949,-40,481,59.94,36.45,84,28831,29352
[Recv] <<< 23:c9:cc:4b:a0:3a,55950,-28,482,59.89,36.45,37,28868,29389
[Recv] <<< 23:c9:cc:4b:a0:3a,55952,-31,483,59.94,36.46,85,28953,29474
[Recv] <<< 23:c9:cc:4b:a0:3a,55953,-37,484,59.90,36.47,37,28990,29511
[Recv] <<< 23:c9:cc:4b:a0:3a,55954,-37,485,59.87,36.48,45,29035,29556
[Recv] <<< 23:c9:cc:4b:a0:3a,55956,-37,486,59.90,36.48,74,29109,29630
[Recv] <<< 23:c9:cc:4b:a0:3a,55958,-28,487,59.95,36.49,87,29196,29717
[Recv] <<< 23:c9:cc:4b:a0:3a,55959,-31,488,59.90,36.49,34,29230,29751
[Recv] <<< 23:c9:cc:4b:a0:3a,55960,-31,489,59.88,36.51,50,29280,29801
[Recv] <<< 23:c9:cc:4b:a0:3a,55961,-37,490,59.84,36.51,41,29321,29842
[Recv] <<< 23:c9:cc:4b:a0:3a,55962,-37,491,59.79,36.51,35,29356,29877
[Recv] <<< 23:c9:cc:4b:a0:3a,55963,-28,492,59.76,36.52,44,29400,29921
[Recv] <<< 23:c9:cc:4b:a0:3a,55965,-31,493,59.80,36.53,79,29479,30000
[Recv] <<< 23:c9:cc:4b:a0:3a,55967,-37,494,59.84,36.54,80,29559,30080
[Recv] <<< 23:c9:cc:4b:a0:3a,55968,-28,495,59.81,36.55,45,29604,30125
[Recv] <<< 23:c9:cc:4b:a0:3a,55970,-31,496,59.84,36.55,78,29682,30203
[Recv] <<< 23:c9:cc:4b:a0:3a,55971,-38,497,59.82,36.57,47,29729,30250
[Recv] <<< 23:c9:cc:4b:a0:3a,55972,-37,498,59.78,36.57,41,29770,30291
[Recv] <<< 23:c9:cc:4b:a0:3a,55973,-38,499,59.73,36.57,34,29804,30325
[Recv] <<< 23:c9:cc:4b:a0:3a,55975,-28,500,59.77,36.58,81,29885,30406
[Recv] <<< 23:c9:cc:4b:a0:3a,55976,-31,501,59.74,36.59,44,29929,30450
[Recv] <<< 23:c9:cc:4b:a0:3a,55977,-31,502,59.69,36.58,34,29963,30484
[Recv] <<< 23:c9:cc:4b:a0:3a,55978,-31,503,59.65,36.59,39,30002,30523
[Recv] <<< 23:c9:cc:4b:a0:3a,55979,-31,504,59.59,36.58,31,30033,30554
[Recv] <<< 23:c9:cc:4b:a0:3a,55982,-37,505,59.71,36.60,123,30156,30677
[Recv] <<< 23:c9:cc:4b:a0:3a,55983,-28,506,59.67,36.60,37,30193,30714
[Recv] <<< 23:c9:cc:4b:a0:3a,55984,-28,507,59.64,36.61,46,30239,30760
[Recv] <<< 23:c9:cc:4b:a0:3a,55985,-31,508,59.61,36.61,41,30280,30801
[Recv] <<< 23:c9:cc:4b:a0:3a,55986,-38,509,59.58,36.63,47,30327,30848
[Recv] <<< 23:c9:cc:4b:a0:3a,55988,-28,510,59.61,36.63,75,30402,30923
[Recv] <<< 23:c9:cc:4b:a0:3a,55990,-37,511,59.67,36.65,89,30491,31012
[Recv] <<< 23:c9:cc:4b:a0:3a,55991,-37,512,59.63,36.65,42,30533,31054
[Recv] <<< 23:c9:cc:4b:a0:3a,55992,-28,513,59.60,36.66,42,30575,31096
[Recv] <<< 23:c9:cc:4b:a0:3a,55993,-28,514,59.55,36.66,35,30610,31131
[Recv] <<< 23:c9:cc:4b:a0:3a,55994,-31,515,59.53,36.67,50,30660,31181
[Recv] <<< 23:c9:cc:4b:a0:3a,55995,-31,516,59.49,36.67,35,30695,31216
[Recv] <<< 23:c9:cc:4b:a0:3a,55996,-37,517,59.44,36.67,36,30731,31252
[Recv] <<< 23:c9:cc:4b:a0:3a,55998,-37,518,59.48,36.68,80,30811,31332
[Recv] <<< 23:c9:cc:4b:a0:3a,56004,-31,519,59.79,36.68,219,31030,31551
[Recv] <<< 23:c9:cc:4b:a0:3a,56005,-31,520,59.75,36.68,38,31068,31589
[Recv] <<< 23:c9:cc:4b:a0:3a,56006,-31,521,59.71,36.69,41,31109,31630
[Recv] <<< 23:c9:cc:4b:a0:3a,56007,-31,522,59.66,36.68,34,31143,31664
[Recv] <<< 23:c9:cc:4b:a0:3a,56008,-37,523,59.63,36.69,42,31185,31706
[Recv] <<< 23:c9:cc:4b:a0:3a,56009,-28,524,59.60,36.70,47,31232,31753
[Recv] <<< 23:c9:cc:4b:a0:3a,56011,-28,525,59.62,36.69,67,31299,31820
[Recv] <<< 23:c9:cc:4b:a0:3a,56012,-31,526,59.58,36.70,42,31341,31862
[Recv] <<< 23:c9:cc:4b:a0:3a,56013,-38,527,59.55,36.71,43,31384,31905
[Recv] <<< 23:c9:cc:4b:a0:3a,56014,-38,528,59.51,36.71,37,31421,31942
[Recv] <<< 23:c9:cc:4b:a0:3a,56015,-28,529,59.48,36.72,44,31465,31986
[Recv] <<< 23:c9:cc:4b:a0:3a,56016,-28,530,59.44,36.71,36,31501,32022
[Recv] <<< 23:c9:cc:4b:a0:3a,56017,-28,531,59.39,36.71,34,31535,32056
[Recv] <<< 23:c9:cc:4b:a0:3a,56018,-31,532,59.36,36.72,45,31580,32101
[Recv] <<< 23:c9:cc:4b:a0:3a,56019,-31,533,59.31,36.72,34,31614,32135
[Recv] <<< 23:c9:cc:4b:a0:3a,56022,-38,534,59.43,36.73,120,31734,32255
[Recv] <<< 23:c9:cc:4b:a0:3a,56023,-28,535,59.39,36.74,42,31776,32297
[Recv] <<< 23:c9:cc:4b:a0:3a,56024,-28,536,59.35,36.74,38,31814,32335
[Recv] <<< 23:c9:cc:4b:a0:3a,56025,-28,537,59.31,36.74,36,31850,32371
[Recv] <<< 23:c9:cc:4b:a0:3a,56026,-28,538,59.27,36.73,35,31885,32406
[Recv] <<< 23:c9:cc:4b:a0:3a,56027,-28,539,59.21,36.73,31,31916,32437
[Recv] <<< 23:c9:cc:4b:a0:3a,56028,-28,540,59.16,36.72,31,31947,32468
[Recv] <<< 23:c9:cc:4b:a0:3a,56030,-28,541,59.19,36.72,76,32023,32544
[Recv] <<< 23:c9:cc:4b:a0:3a,56031,-28,542,59.14,36.72,32,32055,32576
[Recv] <<< 23:c9:cc:4b:a0:3a,56032,-28,543,59.10,36.72,37,32092,32613
[Recv] <<< 23:c9:cc:4b:a0:3a,56033,-28,544,59.07,36.72,40,32132,32653
[Recv] <<< 23:c9:cc:4b:a0:3a,56034,-28,545,59.01,36.71,29,32161,32682
[Recv] <<< 23:c9:cc:4b:a0:3a,56035,-28,546,58.97,36.72,39,32200,32721
[Recv] <<< 23:c9:cc:4b:a0:3a,56037,-31,547,59.01,36.72,78,32278,32799
[Recv] <<< 23:c9:cc:4b:a0:3a,56041,-38,548,59.16,36.72,142,32420,32941
[Recv] <<< 23:c9:cc:4b:a0:3a,56042,-37,549,59.11,36.71,31,32451,32972
[Recv] <<< 23:c9:cc:4b:a0:3a,56043,-37,550,59.06,36.71,33,32484,33005
[Recv] <<< 23:c9:cc:4b:a0:3a,56044,-37,551,59.02,36.70,35,32519,33040
[Recv] <<< 23:c9:cc:4b:a0:3a,56045,-38,552,58.98,36.71,40,32559,33080
[Recv] <<< 23:c9:cc:4b:a0:3a,56046,-28,553,58.95,36.71,40,32599,33120
[Recv] <<< 23:c9:cc:4b:a0:3a,56047,-28,554,58.89,36.70,28,32627,33148
[Recv] <<< 23:c9:cc:4b:a0:3a,56048,-28,555,58.85,36.70,37,32664,33185
[Recv] <<< 23:c9:cc:4b:a0:3a,56049,-28,556,58.82,36.71,41,32705,33226
[Recv] <<< 23:c9:cc:4b:a0:3a,56051,-28,557,58.84,36.70,68,32773,33294
[Recv] <<< 23:c9:cc:4b:a0:3a,56054,-31,558,58.93,36.70,109,32882,33403
[Recv] <<< 23:c9:cc:4b:a0:3a,56060,-38,559,59.22,36.70,224,33106,33627
[Recv] <<< 23:c9:cc:4b:a0:3a,56062,-37,560,59.24,36.69,66,33172,33693
[Recv] <<< 23:c9:cc:4b:a0:3a,56063,-40,561,59.19,36.69,36,33208,33729
[Recv] <<< 23:c9:cc:4b:a0:3a,56064,-37,562,59.15,36.69,34,33242,33763
[Recv] <<< 23:c9:cc:4b:a0:3a,56065,-38,563,59.11,36.69,39,33281,33802
[Recv] <<< 23:c9:cc:4b:a0:3a,56066,-38,564,59.06,36.69,29,33310,33831
[Recv] <<< 23:c9:cc:4b:a0:3a,56067,-37,565,59.03,36.69,44,33354,33875
[Recv] <<< 23:c9:cc:4b:a0:3a,56068,-38,566,58.98,36.69,30,33384,33905
[Recv] <<< 23:c9:cc:4b:a0:3a,56069,-37,567,58.95,36.69,38,33422,33943
[Recv] <<< 23:c9:cc:4b:a0:3a,56070,-37,568,58.90,36.68,32,33454,33975
[Recv] <<< 23:c9:cc:4b:a0:3a,56073,-28,569,58.99,36.68,111,33565,34086
[Recv] <<< 23:c9:cc:4b:a0:3a,56074,-31,570,58.96,36.69,41,33606,34127
[Recv] <<< 23:c9:cc:4b:a0:3a,56075,-31,571,58.92,36.69,36,33642,34163
[Recv] <<< 23:c9:cc:4b:a0:3a,56076,-31,572,58.88,36.69,36,33678,34199
[Recv] <<< 23:c9:cc:4b:a0:3a,56078,-37,573,58.90,36.68,71,33749,34270
[Recv] <<< 23:c9:cc:4b:a0:3a,56080,-37,574,58.92,36.68,69,33818,34339
[Recv] <<< 23:c9:cc:4b:a0:3a,56081,-37,575,58.88,36.68,36,33854,34375
[Recv] <<< 23:c9:cc:4b:a0:3a,56082,-28,576,58.85,36.68,41,33895,34416
[Recv] <<< 23:c9:cc:4b:a0:3a,56083,-28,577,58.80,36.68,31,33926,34447
[Recv] <<< 23:c9:cc:4b:a0:3a,56084,-28,578,58.75,36.67,29,33955,34476
[Recv] <<< 23:c9:cc:4b:a0:3a,56085,-28,579,58.72,36.67,41,33996,34517
[Recv] <<< 23:c9:cc:4b:a0:3a,56086,-28,580,58.66,36.66,28,34024,34545
[Recv] <<< 23:c9:cc:4b:a0:3a,56087,-31,581,58.64,36.67,45,34069,34590
[Recv] <<< 23:c9:cc:4b:a0:3a,56088,-31,582,58.60,36.67,35,34104,34625
[Recv] <<< 23:c9:cc:4b:a0:3a,56089,-38,583,58.56,36.67,39,34143,34664
[Recv] <<< 23:c9:cc:4b:a0:3a,56090,-38,584,58.53,36.68,41,34184,34705
[Recv] <<< 23:c9:cc:4b:a0:3a,56093,-28,585,58.62,36.68,109,34293,34814
[Recv] <<< 23:c9:cc:4b:a0:3a,56094,-31,586,58.58,36.68,36,34329,34850
[Recv] <<< 23:c9:cc:4b:a0:3a,56095,-28,587,58.54,36.67,32,34361,34882
[Recv] <<< 23:c9:cc:4b:a0:3a,56097,-31,588,58.56,36.67,73,34434,34955
[Recv] <<< 23:c9:cc:4b:a0:3a,56098,-31,589,58.53,36.68,43,34477,34998
[Recv] <<< 23:c9:cc:4b:a0:3a,56099,-31,590,58.49,36.67,34,34511,35032
[Recv] <<< 23:c9:cc:4b:a0:3a,56100,-31,591,58.45,36.67,33,34544,35065
[Recv] <<< 23:c9:cc:4b:a0:3a,56101,-31,592,58.42,36.67,38,34582,35103
[Recv] <<< 23:c9:cc:4b:a0:3a,56102,-31,593,58.38,36.67,35,34617,35138
[Recv] <<< 23:c9:cc:4b:a0:3a,56104,-31,594,58.40,36.67,72,34689,35210
[Recv] <<< 23:c9:cc:4b:a0:3a,56105,-31,595,58.36,36.67,35,34724,35245
[Recv] <<< 23:c9:cc:4b:a0:3a,56106,-37,596,58.33,36.67,41,34765,35286
[Recv] <<< 23:c9:cc:4b:a0:3a,56107,-37,597,58.29,36.67,35,34800,35321
[Recv] <<< 23:c9:cc:4b:a0:3a,56108,-28,598,58.26,36.67,40,34840,35361
[Recv] <<< 23:c9:cc:4b:a0:3a,56109,-28,599,58.22,36.67,32,34872,35393
[Recv] <<< 23:c9:cc:4b:a0:3a,56156,-37,600,60.99,36.67,1724,36596,37117
[Recv] <<< 23:c9:cc:4b:a0:3a,56165,-31,601,61.43,36.66,322,36918,37439
[Recv] <<< 23:c9:cc:4b:a0:3a,56166,-38,602,61.39,36.67,41,36959,37480
[Recv] <<< 23:c9:cc:4b:a0:3a,56169,-37,603,61.47,36.66,106,37065,37586
[Recv] <<< 23:c9:cc:4b:a0:3a,56170,-40,604,61.43,36.66,39,37104,37625
[Recv] <<< 23:c9:cc:4b:a0:3a,56171,-28,605,61.40,36.67,41,37145,37666
[Recv] <<< 23:c9:cc:4b:a0:3a,56172,-28,606,61.35,36.66,31,37176,37697
[Recv] <<< 23:c9:cc:4b:a0:3a,56173,-28,607,61.29,36.66,30,37206,37727
[Recv] <<< 23:c9:cc:4b:a0:3a,56174,-28,608,61.26,36.66,40,37246,37767
[Recv] <<< 23:c9:cc:4b:a0:3a,56176,-28,609,61.26,36.65,63,37309,37830
[Recv] <<< 23:c9:cc:4b:a0:3a,56177,-28,610,61.22,36.65,36,37345,37866
[Recv] <<< 23:c9:cc:4b:a0:3a,56178,-28,611,61.19,36.66,44,37389,37910
[Recv] <<< 23:c9:cc:4b:a0:3a,56179,-28,612,61.15,36.65,32,37421,37942
[Recv] <<< 23:c9:cc:4b:a0:3a,56189,-31,613,61.63,36.64,359,37780,38301
[Recv] <<< 23:c9:cc:4b:a0:3a,56190,-31,614,61.58,36.64,28,37808,38329
[Recv] <<< 23:c9:cc:4b:a0:3a,56193,-31,615,61.65,36.63,106,37914,38435
[Recv] <<< 23:c9:cc:4b:a0:3a,56195,-31,616,61.66,36.63,67,37981,38502
[Recv] <<< 23:c9:cc:4b:a0:3a,56196,-31,617,61.61,36.62,31,38012,38533
[Recv] <<< 23:c9:cc:4b:a0:3a,56197,-28,618,61.55,36.61,27,38039,38560
[Recv] <<< 23:c9:cc:4b:a0:3a,56198,-28,619,61.51,36.61,35,38074,38595
[Recv] <<< 23:c9:cc:4b:a0:3a,56199,-31,620,61.47,36.61,40,38114,38635
[Recv] <<< 23:c9:cc:4b:a0:3a,56200,-31,621,61.44,36.62,39,38153,38674
[Recv] <<< 23:c9:cc:4b:a0:3a,56204,-37,622,61.58,36.62,150,38303,38824
[Recv] <<< 23:c9:cc:4b:a0:3a,56205,-37,623,61.54,36.62,38,38341,38862
[Recv] <<< 23:c9:cc:4b:a0:3a,56206,-28,624,61.51,36.62,42,38383,38904
[Recv] <<< 23:c9:cc:4b:a0:3a,56207,-28,625,61.47,36.62,34,38417,38938
[Recv] <<< 23:c9:cc:4b:a0:3a,56208,-28,626,61.43,36.62,39,38456,38977
[Recv] <<< 23:c9:cc:4b:a0:3a,56209,-31,627,61.39,36.62,36,38492,39013
[Recv] <<< 23:c9:cc:4b:a0:3a,56210,-31,628,61.34,36.62,32,38524,39045
[Recv] <<< 23:c9:cc:4b:a0:3a,56211,-31,629,61.29,36.61,27,38551,39072
[Recv] <<< 23:c9:cc:4b:a0:3a,56212,-31,630,61.25,36.61,37,38588,39109
[Recv] <<< 23:c9:cc:4b:a0:3a,56213,-31,631,61.20,36.60,30,38618,39139
[Recv] <<< 23:c9:cc:4b:a0:3a,56214,-31,632,61.15,36.60,31,38649,39170
[Recv] <<< 23:c9:cc:4b:a0:3a,56215,-31,633,61.11,36.60,33,38682,39203
[Recv] <<< 23:c9:cc:4b:a0:3a,56216,-31,634,61.07,36.60,39,38721,39242
[Recv] <<< 23:c9:cc:4b:a0:3a,56217,-31,635,61.03,36.60,36,38757,39278
[Recv] <<< 23:c9:cc:4b:a0:3a,56218,-31,636,60.99,36.60,34,38791,39312
[Recv] <<< 23:c9:cc:4b:a0:3a,56219,-31,637,60.95,36.59,36,38827,39348
[Recv] <<< 23:c9:cc:4b:a0:3a,56228,-28,638,61.32,36.56,297,39124,39645
[Recv] <<< 23:c9:cc:4b:a0:3a,56229,-28,639,61.28,36.56,33,39157,39678
[Recv] <<< 23:c9:cc:4b:a0:3a,56230,-28,640,61.24,36.56,35,39192,39713
[Recv] <<< 23:c9:cc:4b:a0:3a,56231,-28,641,61.19,36.55,31,39223,39744
[Recv] <<< 23:c9:cc:4b:a0:3a,56232,-28,642,61.15,36.55,33,39256,39777
[Recv] <<< 23:c9:cc:4b:a0:3a,56233,-28,643,61.11,36.55,35,39291,39812
[Recv] <<< 23:c9:cc:4b:a0:3a,56234,-28,644,61.07,36.55,36,39327,39848
[Recv] <<< 23:c9:cc:4b:a0:3a,56235,-28,645,61.02,36.55,32,39359,39880
[Recv] <<< 23:c9:cc:4b:a0:3a,56236,-28,646,60.99,36.55,43,39402,39923
[Recv] <<< 23:c9:cc:4b:a0:3a,56239,-28,647,61.05,36.54,96,39498,40019
[Recv] <<< 23:c9:cc:4b:a0:3a,56243,-28,648,61.17,36.54,143,39641,40162
[Recv] <<< 23:c9:cc:4b:a0:3a,56245,-37,649,61.19,36.53,71,39712,40233
[Recv] <<< 23:c9:cc:4b:a0:3a,56246,-40,650,61.13,36.52,23,39735,40256
[Recv] <<< 23:c9:cc:4b:a0:3a,56247,-38,651,61.09,36.52,35,39770,40291
[Recv] <<< 23:c9:cc:4b:a0:3a,56248,-37,652,61.05,36.52,32,39802,40323
[Recv] <<< 23:c9:cc:4b:a0:3a,56249,-38,653,61.01,36.52,38,39840,40361
[Recv] <<< 23:c9:cc:4b:a0:3a,56250,-38,654,60.97,36.52,37,39877,40398
[Recv] <<< 23:c9:cc:4b:a0:3a,56251,-38,655,60.93,36.52,34,39911,40432
[Recv] <<< 23:c9:cc:4b:a0:3a,56252,-38,656,60.89,36.51,35,39946,40467
[Recv] <<< 23:c9:cc:4b:a0:3a,56254,-28,657,60.91,36.52,75,40021,40542
[Recv] <<< 23:c9:cc:4b:a0:3a,56256,-37,658,60.92,36.51,64,40085,40606
[Recv] <<< 23:c9:cc:4b:a0:3a,56257,-37,659,60.88,36.50,32,40117,40638
[Recv] <<< 23:c9:cc:4b:a0:3a,56258,-37,660,60.84,36.51,39,40156,40677
[Recv] <<< 23:c9:cc:4b:a0:3a,56259,-37,661,60.80,36.50,32,40188,40709
[Recv] <<< 23:c9:cc:4b:a0:3a,56260,-38,662,60.75,36.49,29,40217,40738
[Recv] <<< 23:c9:cc:4b:a0:3a,56261,-37,663,60.72,36.50,41,40258,40779
[Recv] <<< 23:c9:cc:4b:a0:3a,56263,-31,664,60.73,36.49,65,40323,40844
[Recv] <<< 23:c9:cc:4b:a0:3a,56264,-31,665,60.70,36.49,40,40363,40884
[Recv] <<< 23:c9:cc:4b:a0:3a,56265,-31,666,60.65,36.49,28,40391,40912
[Recv] <<< 23:c9:cc:4b:a0:3a,56266,-31,667,60.62,36.49,40,40431,40952
[Recv] <<< 23:c9:cc:4b:a0:3a,56267,-31,668,60.57,36.49,32,40463,40984
[Recv] <<< 23:c9:cc:4b:a0:3a,56269,-31,669,60.58,36.48,68,40531,41052
[Recv] <<< 23:c9:cc:4b:a0:3a,56270,-31,670,60.54,36.48,32,40563,41084
[Recv] <<< 23:c9:cc:4b:a0:3a,56271,-31,671,60.50,36.47,32,40595,41116
[Recv] <<< 23:c9:cc:4b:a0:3a,56272,-37,672,60.47,36.48,43,40638,41159
[Recv] <<< 23:c9:cc:4b:a0:3a,56273,-38,673,60.44,36.48,40,40678,41199
[Recv] <<< 23:c9:cc:4b:a0:3a,56275,-38,674,60.45,36.47,64,40742,41263
[Recv] <<< 23:c9:cc:4b:a0:3a,56276,-38,675,60.41,36.47,36,40778,41299
[Recv] <<< 23:c9:cc:4b:a0:3a,56277,-37,676,60.38,36.48,40,40818,41339
[Recv] <<< 23:c9:cc:4b:a0:3a,56278,-38,677,60.33,36.47,25,40843,41364
[Recv] <<< 23:c9:cc:4b:a0:3a,56279,-37,678,60.30,36.47,43,40886,41407
[Recv] <<< 23:c9:cc:4b:a0:3a,56280,-38,679,60.25,36.46,27,40913,41434
[Recv] <<< 23:c9:cc:4b:a0:3a,56281,-28,680,60.23,36.47,41,40954,41475
[Recv] <<< 23:c9:cc:4b:a0:3a,56282,-31,681,60.19,36.47,37,40991,41512
[Recv] <<< 23:c9:cc:4b:a0:3a,56283,-31,682,60.17,36.48,47,41038,41559
[Recv] <<< 23:c9:cc:4b:a0:3a,56284,-31,683,60.13,36.48,34,41072,41593
[Recv] <<< 23:c9:cc:4b:a0:3a,56285,-37,684,60.10,36.48,38,41110,41631
[Recv] <<< 23:c9:cc:4b:a0:3a,56286,-37,685,60.07,36.48,39,41149,41670
[Recv] <<< 23:c9:cc:4b:a0:3a,56287,-37,686,60.03,36.47,31,41180,41701
[Recv] <<< 23:c9:cc:4b:a0:3a,56288,-40,687,59.99,36.47,33,41213,41734
[Recv] <<< 23:c9:cc:4b:a0:3a,56289,-37,688,59.95,36.47,31,41244,41765
[Recv] <<< 23:c9:cc:4b:a0:3a,56290,-38,689,59.92,36.47,41,41285,41806
[Recv] <<< 23:c9:cc:4b:a0:3a,56291,-28,690,59.89,36.47,41,41326,41847
[Recv] <<< 23:c9:cc:4b:a0:3a,56292,-28,691,59.87,36.48,41,41367,41888
[Recv] <<< 23:c9:cc:4b:a0:3a,56303,-28,692,60.30,36.44,361,41728,42249
[Recv] <<< 23:c9:cc:4b:a0:3a,56304,-28,693,60.27,36.45,40,41768,42289
[Recv] <<< 23:c9:cc:4b:a0:3a,56305,-28,694,60.23,36.44,32,41800,42321
[Recv] <<< 23:c9:cc:4b:a0:3a,56307,-37,695,60.23,36.43,63,41863,42384
[Recv] <<< 23:c9:cc:4b:a0:3a,56308,-37,696,60.20,36.43,35,41898,42419
[Recv] <<< 23:c9:cc:4b:a0:3a,56311,-37,697,60.25,36.42,98,41996,42517
[Recv] <<< 23:c9:cc:4b:a0:3a,56312,-37,698,60.22,36.42,36,42032,42553
[Recv] <<< 23:c9:cc:4b:a0:3a,56313,-37,699,60.17,36.42,29,42061,42582
[Recv] <<< 23:c9:cc:4b:a0:3a,56314,-40,700,60.15,36.42,41,42102,42623
[Recv] <<< 23:c9:cc:4b:a0:3a,56315,-38,701,60.11,36.42,34,42136,42657
[Recv] <<< 23:c9:cc:4b:a0:3a,56316,-37,702,60.07,36.41,31,42167,42688
[Recv] <<< 23:c9:cc:4b:a0:3a,56317,-37,703,60.03,36.41,34,42201,42722
[Recv] <<< 23:c9:cc:4b:a0:3a,56318,-38,704,60.00,36.42,42,42243,42764
[Recv] <<< 23:c9:cc:4b:a0:3a,56319,-28,705,59.97,36.42,37,42280,42801
[Recv] <<< 23:c9:cc:4b:a0:3a,56320,-28,706,59.93,36.41,31,42311,42832
[Recv] <<< 23:c9:cc:4b:a0:3a,56321,-28,707,59.89,36.41,33,42344,42865
[Recv] <<< 23:c9:cc:4b:a0:3a,56322,-28,708,59.87,36.41,41,42385,42906
[Recv] <<< 23:c9:cc:4b:a0:3a,56323,-28,709,59.82,36.41,30,42415,42936
[Recv] <<< 23:c9:cc:4b:a0:3a,56324,-28,710,59.79,36.40,33,42448,42969
[Recv] <<< 23:c9:cc:4b:a0:3a,56325,-28,711,59.75,36.40,34,42482,43003
[Recv] <<< 23:c9:cc:4b:a0:3a,56326,-28,712,59.71,36.40,34,42516,43037
[Recv] <<< 23:c9:cc:4b:a0:3a,56327,-28,713,59.67,36.40,32,42548,43069
[Recv] <<< 23:c9:cc:4b:a0:3a,56328,-28,714,59.64,36.39,32,42580,43101
[Recv] <<< 23:c9:cc:4b:a0:3a,56329,-28,715,59.61,36.39,38,42618,43139
[Recv] <<< 23:c9:cc:4b:a0:3a,56331,-28,716,59.62,36.39,67,42685,43206
[Recv] <<< 23:c9:cc:4b:a0:3a,56332,-28,717,59.58,36.39,33,42718,43239
[Recv] <<< 23:c9:cc:4b:a0:3a,56333,-28,718,59.54,36.38,33,42751,43272
[Recv] <<< 23:c9:cc:4b:a0:3a,56334,-28,719,59.51,36.38,37,42788,43309
[Recv] <<< 23:c9:cc:4b:a0:3a,56335,-28,720,59.48,36.38,35,42823,43344
[Recv] <<< 23:c9:cc:4b:a0:3a,56336,-37,721,59.43,36.37,24,42847,43368
[Recv] <<< 23:c9:cc:4b:a0:3a,56337,-28,722,59.40,36.37,38,42885,43406
[Recv] <<< 23:c9:cc:4b:a0:3a,56339,-31,723,59.42,36.38,78,42963,43484
[Recv] <<< 23:c9:cc:4b:a0:3a,56344,-28,724,59.57,36.37,167,43130,43651
[Recv] <<< 23:c9:cc:4b:a0:3a,56346,-28,725,59.58,36.36,69,43199,43720
[Recv] <<< 23:c9:cc:4b:a0:3a,56347,-28,726,59.55,36.36,35,43234,43755
[Recv] <<< 23:c9:cc:4b:a0:3a,56348,-28,727,59.51,36.36,32,43266,43787
[Recv] <<< 23:c9:cc:4b:a0:3a,56349,-38,728,59.48,36.36,33,43299,43820
[Recv] <<< 23:c9:cc:4b:a0:3a,56351,-37,729,59.50,36.36,73,43372,43893
[Recv] <<< 23:c9:cc:4b:a0:3a,56352,-37,730,59.46,36.36,36,43408,43929
[Recv] <<< 23:c9:cc:4b:a0:3a,56353,-37,731,59.43,36.35,34,43442,43963
[Recv] <<< 23:c9:cc:4b:a0:3a,56354,-37,732,59.39,36.35,31,43473,43994
[Recv] <<< 23:c9:cc:4b:a0:3a,56356,-31,733,59.40,36.34,65,43538,44059
[Recv] <<< 23:c9:cc:4b:a0:3a,56357,-38,734,59.38,36.35,46,43584,44105
[Recv] <<< 23:c9:cc:4b:a0:3a,56358,-28,735,59.35,36.35,40,43624,44145
[Recv] <<< 23:c9:cc:4b:a0:3a,56359,-31,736,59.32,36.36,39,43663,44184
[Recv] <<< 23:c9:cc:4b:a0:3a,56360,-31,737,59.29,36.35,35,43698,44219
[Recv] <<< 23:c9:cc:4b:a0:3a,56362,-28,738,59.30,36.35,67,43765,44286
[Recv] <<< 23:c9:cc:4b:a0:3a,56363,-28,739,59.26,36.34,30,43795,44316
[Recv] <<< 23:c9:cc:4b:a0:3a,56364,-28,740,59.23,36.34,35,43830,44351
[Recv] <<< 23:c9:cc:4b:a0:3a,56365,-28,741,59.20,36.34,36,43866,44387
[Recv] <<< 23:c9:cc:4b:a0:3a,56367,-31,742,59.22,36.35,77,43943,44464
[Recv] <<< 23:c9:cc:4b:a0:3a,56368,-37,743,59.19,36.35,35,43978,44499
[Recv] <<< 23:c9:cc:4b:a0:3a,56369,-37,744,59.16,36.35,37,44015,44536
[Recv] <<< 23:c9:cc:4b:a0:3a,56370,-40,745,59.12,36.34,33,44048,44569
[Recv] <<< 23:c9:cc:4b:a0:3a,56371,-31,746,59.09,36.34,32,44080,44601
[Recv] <<< 23:c9:cc:4b:a0:3a,56372,-31,747,59.06,36.34,36,44116,44637
[Recv] <<< 23:c9:cc:4b:a0:3a,56375,-28,748,59.11,36.33,95,44211,44732
[Recv] <<< 23:c9:cc:4b:a0:3a,56376,-28,749,59.07,36.33,34,44245,44766
[Recv] <<< 23:c9:cc:4b:a0:3a,56377,-28,750,59.04,36.32,35,44280,44801
[Recv] <<< 23:c9:cc:4b:a0:3a,56379,-31,751,59.06,36.33,76,44356,44877
[Recv] <<< 23:c9:cc:4b:a0:3a,56382,-28,752,59.11,36.32,94,44450,44971
[Recv] <<< 23:c9:cc:4b:a0:3a,56383,-28,753,59.07,36.31,32,44482,45003
[Recv] <<< 23:c9:cc:4b:a0:3a,56384,-28,754,59.04,36.31,35,44517,45038
[Recv] <<< 23:c9:cc:4b:a0:3a,56386,-38,755,59.05,36.31,67,44584,45105
[Recv] <<< 23:c9:cc:4b:a0:3a,56387,-38,756,59.02,36.30,33,44617,45138
[Recv] <<< 23:c9:cc:4b:a0:3a,56388,-28,757,58.99,36.30,37,44654,45175
[Recv] <<< 23:c9:cc:4b:a0:3a,56389,-28,758,58.96,36.30,34,44688,45209
[Recv] <<< 23:c9:cc:4b:a0:3a,56390,-28,759,58.92,36.30,34,44722,45243
[Recv] <<< 23:c9:cc:4b:a0:3a,56391,-28,760,58.89,36.30,32,44754,45275
[Recv] <<< 23:c9:cc:4b:a0:3a,56392,-28,761,58.85,36.29,33,44787,45308
[Recv] <<< 23:c9:cc:4b:a0:3a,56393,-28,762,58.82,36.29,37,44824,45345
[Recv] <<< 23:c9:cc:4b:a0:3a,56395,-38,763,58.83,36.29,65,44889,45410
[Recv] <<< 23:c9:cc:4b:a0:3a,56396,-37,764,58.79,36.28,26,44915,45436
[Recv] <<< 23:c9:cc:4b:a0:3a,56397,-31,765,58.76,36.28,33,44948,45469
[Recv] <<< 23:c9:cc:4b:a0:3a,56407,-31,766,59.13,36.26,345,45293,45814
[Recv] <<< 23:c9:cc:4b:a0:3a,56408,-31,767,59.10,36.26,35,45328,45849
[Recv] <<< 23:c9:cc:4b:a0:3a,56409,-31,768,59.07,36.26,36,45364,45885
[Recv] <<< 23:c9:cc:4b:a0:3a,56410,-31,769,59.04,36.26,34,45398,45919
[Recv] <<< 23:c9:cc:4b:a0:3a,56413,-31,770,59.09,36.25,101,45499,46020
[Recv] <<< 23:c9:cc:4b:a0:3a,56414,-31,771,59.06,36.26,39,45538,46059
[Recv] <<< 23:c9:cc:4b:a0:3a,56415,-31,772,59.03,36.26,35,45573,46094
[Recv] <<< 23:c9:cc:4b:a0:3a,56416,-31,773,59.00,36.26,36,45609,46130
[Recv] <<< 23:c9:cc:4b:a0:3a,56426,-28,774,59.37,36.24,341,45950,46471
[Recv] <<< 23:c9:cc:4b:a0:3a,56427,-28,775,59.33,36.23,30,45980,46501
[Recv] <<< 23:c9:cc:4b:a0:3a,56428,-28,776,59.30,36.24,40,46020,46541
[Recv] <<< 23:c9:cc:4b:a0:3a,56429,-28,777,59.25,36.22,21,46041,46562
[Recv] <<< 23:c9:cc:4b:a0:3a,56430,-28,778,59.23,36.23,41,46082,46603
[Recv] <<< 23:c9:cc:4b:a0:3a,56431,-28,779,59.20,36.23,33,46115,46636
[Recv] <<< 23:c9:cc:4b:a0:3a,56432,-28,780,59.18,36.23,43,46158,46679
[Recv] <<< 23:c9:cc:4b:a0:3a,56439,-31,781,59.41,36.22,239,46397,46918
[Recv] <<< 23:c9:cc:4b:a0:3a,56440,-37,782,59.40,36.23,51,46448,46969
[Recv] <<< 23:c9:cc:4b:a0:3a,56441,-37,783,59.36,36.23,31,46479,47000
[Recv] <<< 23:c9:cc:4b:a0:3a,56442,-38,784,59.33,36.22,33,46512,47033
[Recv] <<< 23:c9:cc:4b:a0:3a,56443,-40,785,59.29,36.22,30,46542,47063
[Recv] <<< 23:c9:cc:4b:a0:3a,56445,-31,786,59.29,36.21,63,46605,47126
[Recv] <<< 23:c9:cc:4b:a0:3a,56446,-31,787,59.26,36.21,35,46640,47161
[Recv] <<< 23:c9:cc:4b:a0:3a,56447,-31,788,59.23,36.21,33,46673,47194
[Recv] <<< 23:c9:cc:4b:a0:3a,56448,-31,789,59.19,36.20,29,46702,47223
[Recv] <<< 23:c9:cc:4b:a0:3a,56475,-37,790,60.25,36.14,893,47595,48116
[Recv] <<< 23:c9:cc:4b:a0:3a,56476,-37,791,60.21,36.14,32,47627,48148
[Recv] <<< 23:c9:cc:4b:a0:3a,56477,-28,792,60.19,36.14,40,47667,48188
[Recv] <<< 23:c9:cc:4b:a0:3a,56478,-28,793,60.15,36.13,31,47698,48219
[Recv] <<< 23:c9:cc:4b:a0:3a,56479,-28,794,60.12,36.13,35,47733,48254
[Recv] <<< 23:c9:cc:4b:a0:3a,56480,-38,795,60.07,36.13,25,47758,48279
[Recv] <<< 23:c9:cc:4b:a0:3a,56481,-28,796,60.04,36.13,37,47795,48316
[Recv] <<< 23:c9:cc:4b:a0:3a,56482,-40,797,60.01,36.12,31,47826,48347
[Recv] <<< 23:c9:cc:4b:a0:3a,56483,-37,798,59.97,36.12,30,47856,48377
[Recv] <<< 23:c9:cc:4b:a0:3a,56484,-37,799,59.94,36.12,33,47889,48410
[Recv] <<< 23:c9:cc:4b:a0:3a,56486,-31,800,59.94,36.11,61,47950,48471
[Recv] <<< 23:c9:cc:4b:a0:3a,56487,-31,801,59.91,36.11,40,47990,48511
[Recv] <<< 23:c9:cc:4b:a0:3a,56488,-31,802,59.87,36.10,27,48017,48538
[Recv] <<< 23:c9:cc:4b:a0:3a,56495,-28,803,60.09,36.09,234,48251,48772
[Recv] <<< 23:c9:cc:4b:a0:3a,56538,-38,804,61.82,36.02,1453,49704,50225
[Recv] <<< 23:c9:cc:4b:a0:3a,56539,-31,805,61.79,36.02,34,49738,50259
[Recv] <<< 23:c9:cc:4b:a0:3a,56565,-31,806,62.79,35.97,872,50610,51131
[Recv] <<< 23:c9:cc:4b:a0:3a,56566,-31,807,62.75,35.97,30,50640,51161
[Recv] <<< 23:c9:cc:4b:a0:3a,56575,-28,808,63.05,35.95,307,50947,51468
[Recv] <<< 23:c9:cc:4b:a0:3a,56576,-28,809,63.01,35.95,27,50974,51495
[Recv] <<< 23:c9:cc:4b:a0:3a,56577,-28,810,62.98,35.95,41,51015,51536
[Recv] <<< 23:c9:cc:4b:a0:3a,56578,-28,811,62.94,35.95,29,51044,51565
[Recv] <<< 23:c9:cc:4b:a0:3a,56582,-28,812,63.05,35.95,152,51196,51717
[Recv] <<< 23:c9:cc:4b:a0:3a,56583,-28,813,63.01,35.95,30,51226,51747
[Recv] <<< 23:c9:cc:4b:a0:3a,56584,-28,814,62.97,35.95,35,51261,51782
[Recv] <<< 23:c9:cc:4b:a0:3a,56585,-28,815,62.94,35.94,32,51293,51814
[Recv] <<< 23:c9:cc:4b:a0:3a,56586,-28,816,62.90,35.95,37,51330,51851
[Recv] <<< 23:c9:cc:4b:a0:3a,56592,-38,817,63.07,35.93,197,51527,52048
[Recv] <<< 23:c9:cc:4b:a0:3a,56593,-37,818,63.03,35.93,32,51559,52080
[Recv] <<< 23:c9:cc:4b:a0:3a,56596,-37,819,63.07,35.92,98,51657,52178
[Recv] <<< 23:c9:cc:4b:a0:3a,56597,-38,820,63.04,35.92,37,51694,52215
[Recv] <<< 23:c9:cc:4b:a0:3a,56598,-38,821,63.00,35.92,31,51725,52246
[Recv] <<< 23:c9:cc:4b:a0:3a,56599,-38,822,62.97,35.92,39,51764,52285
[Recv] <<< 23:c9:cc:4b:a0:3a,56601,-28,823,62.98,35.92,72,51836,52357
[Recv] <<< 23:c9:cc:4b:a0:3a,56610,-28,824,63.31,35.93,332,52168,52689
[Recv] <<< 23:c9:cc:4b:a0:3a,56612,-28,825,63.33,35.94,82,52250,52771
[Recv] <<< 23:c9:cc:4b:a0:3a,56613,-28,826,63.30,35.93,34,52284,52805
[Recv] <<< 23:c9:cc:4b:a0:3a,56614,-28,827,63.26,35.93,36,52320,52841
[Recv] <<< 23:c9:cc:4b:a0:3a,56615,-28,828,63.22,35.93,26,52346,52867
[Recv] <<< 23:c9:cc:4b:a0:3a,56616,-28,829,63.19,35.93,42,52388,52909
[Recv] <<< 23:c9:cc:4b:a0:3a,56618,-28,830,63.19,35.92,58,52446,52967
[Recv] <<< 23:c9:cc:4b:a0:3a,56619,-31,831,63.17,35.93,46,52492,53013
[Recv] <<< 23:c9:cc:4b:a0:3a,56629,-40,832,63.49,35.91,333,52825,53346
[Recv] <<< 23:c9:cc:4b:a0:3a,56630,-37,833,63.46,35.91,37,52862,53383
[Recv] <<< 23:c9:cc:4b:a0:3a,56631,-37,834,63.43,35.91,36,52898,53419
[Recv] <<< 23:c9:cc:4b:a0:3a,56632,-37,835,63.40,35.91,37,52935,53456
[Recv] <<< 23:c9:cc:4b:a0:3a,56633,-37,836,63.36,35.91,32,52967,53488
[Recv] <<< 23:c9:cc:4b:a0:3a,56672,-31,837,64.94,35.90,1388,54355,54876
[Recv] <<< 23:c9:cc:4b:a0:3a,56673,-31,838,64.89,35.90,26,54381,54902
[Recv] <<< 23:c9:cc:4b:a0:3a,56674,-31,839,64.86,35.90,38,54419,54940
[Recv] <<< 23:c9:cc:4b:a0:3a,56676,-31,840,64.86,35.89,66,54485,55006
[Recv] <<< 23:c9:cc:4b:a0:3a,56677,-31,841,64.83,35.89,39,54524,55045
[Recv] <<< 23:c9:cc:4b:a0:3a,56678,-40,842,64.80,35.90,38,54562,55083
[Recv] <<< 23:c9:cc:4b:a0:3a,56679,-40,843,64.77,35.90,38,54600,55121
[Recv] <<< 23:c9:cc:4b:a0:3a,56683,-37,844,64.85,35.89,135,54735,55256
[Recv] <<< 23:c9:cc:4b:a0:3a,56684,-28,845,64.84,35.90,51,54786,55307
[Recv] <<< 23:c9:cc:4b:a0:3a,56685,-28,846,64.79,35.90,29,54815,55336
[Recv] <<< 23:c9:cc:4b:a0:3a,56688,-28,847,64.83,35.89,100,54915,55436
[Recv] <<< 23:c9:cc:4b:a0:3a,56690,-28,848,64.85,35.89,74,54989,55510
[Recv] <<< 23:c9:cc:4b:a0:3a,56691,-28,849,64.81,35.89,33,55022,55543
[Recv] <<< 23:c9:cc:4b:a0:3a,56692,-28,850,64.78,35.89,40,55062,55583
[Recv] <<< 23:c9:cc:4b:a0:3a,56701,-28,851,65.07,35.89,312,55374,55895
[Recv] <<< 23:c9:cc:4b:a0:3a,56702,-28,852,65.03,35.89,34,55408,55929
[Recv] <<< 23:c9:cc:4b:a0:3a,56703,-28,853,65.00,35.89,37,55445,55966
[Recv] <<< 23:c9:cc:4b:a0:3a,56704,-28,854,64.96,35.88,33,55478,55999
[Recv] <<< 23:c9:cc:4b:a0:3a,56705,-28,855,64.93,35.88,33,55511,56032
[Recv] <<< 23:c9:cc:4b:a0:3a,56707,-28,856,64.94,35.89,77,55588,56109
[Recv] <<< 23:c9:cc:4b:a0:3a,56708,-28,857,64.91,35.89,37,55625,56146
[Recv] <<< 23:c9:cc:4b:a0:3a,56709,-28,858,64.87,35.88,32,55657,56178
[Recv] <<< 23:c9:cc:4b:a0:3a,56712,-38,859,64.93,35.89,119,55776,56297
[Recv] <<< 23:c9:cc:4b:a0:3a,56713,-38,860,64.90,35.89,40,55816,56337
[Recv] <<< 23:c9:cc:4b:a0:3a,56714,-37,861,64.86,35.89,31,55847,56368
[Recv] <<< 23:c9:cc:4b:a0:3a,56715,-38,862,64.83,35.89,36,55883,56404
[Recv] <<< 23:c9:cc:4b:a0:3a,56716,-31,863,64.79,35.89,27,55910,56431
[Recv] <<< 23:c9:cc:4b:a0:3a,56718,-31,864,64.79,35.88,69,55979,56500
[Recv] <<< 23:c9:cc:4b:a0:3a,56719,-31,865,64.75,35.88,30,56009,56530
[Recv] <<< 23:c9:cc:4b:a0:3a,56720,-31,866,64.72,35.88,37,56046,56567
[Recv] <<< 23:c9:cc:4b:a0:3a,56721,-31,867,64.68,35.88,34,56080,56601
[Recv] <<< 23:c9:cc:4b:a0:3a,56723,-31,868,64.69,35.88,75,56155,56676
[Recv] <<< 23:c9:cc:4b:a0:3a,56724,-31,869,64.65,35.88,30,56185,56706
[Recv] <<< 23:c9:cc:4b:a0:3a,56725,-31,870,64.62,35.88,33,56218,56739
[Recv] <<< 23:c9:cc:4b:a0:3a,56726,-31,871,64.58,35.87,30,56248,56769
[Recv] <<< 23:c9:cc:4b:a0:3a,56727,-31,872,64.54,35.87,35,56283,56804
[Recv] <<< 23:c9:cc:4b:a0:3a,56728,-31,873,64.51,35.87,35,56318,56839
[Recv] <<< 23:c9:cc:4b:a0:3a,56729,-31,874,64.48,35.87,35,56353,56874
[Recv] <<< 23:c9:cc:4b:a0:3a,56730,-31,875,64.44,35.87,32,56385,56906
[Recv] <<< 23:c9:cc:4b:a0:3a,56731,-31,876,64.41,35.87,42,56427,56948
[Recv] <<< 23:c9:cc:4b:a0:3a,56732,-37,877,64.38,35.87,36,56463,56984
[Recv] <<< 23:c9:cc:4b:a0:3a,56737,-28,878,64.52,35.87,183,56646,57167
[Recv] <<< 23:c9:cc:4b:a0:3a,56738,-28,879,64.49,35.88,39,56685,57206
[Recv] <<< 23:c9:cc:4b:a0:3a,56740,-28,880,64.49,35.87,63,56748,57269
[Recv] <<< 23:c9:cc:4b:a0:3a,56741,-28,881,64.46,35.87,39,56787,57308
[Recv] <<< 23:c9:cc:4b:a0:3a,56742,-28,882,64.41,35.87,27,56814,57335
[Recv] <<< 23:c9:cc:4b:a0:3a,56743,-28,883,64.38,35.86,31,56845,57366
[Recv] <<< 23:c9:cc:4b:a0:3a,56744,-28,884,64.35,35.87,38,56883,57404
[Recv] <<< 23:c9:cc:4b:a0:3a,56746,-28,885,64.36,35.87,72,56955,57476
[Recv] <<< 23:c9:cc:4b:a0:3a,56747,-28,886,64.32,35.86,31,56986,57507
[Recv] <<< 23:c9:cc:4b:a0:3a,56748,-28,887,64.28,35.86,26,57012,57533
[Recv] <<< 23:c9:cc:4b:a0:3a,56749,-28,888,64.25,35.86,44,57056,57577
[Recv] <<< 23:c9:cc:4b:a0:3a,56754,-37,889,64.39,35.87,185,57241,57762
[Recv] <<< 23:c9:cc:4b:a0:3a,56755,-28,890,64.37,35.87,47,57288,57809
[Recv] <<< 23:c9:cc:4b:a0:3a,56756,-28,891,64.33,35.87,33,57321,57842
[Recv] <<< 23:c9:cc:4b:a0:3a,56757,-28,892,64.30,35.87,33,57354,57875
[Recv] <<< 23:c9:cc:4b:a0:3a,56758,-28,893,64.27,35.87,36,57390,57911
[Recv] <<< 23:c9:cc:4b:a0:3a,56759,-28,894,64.24,35.87,37,57427,57948
[Recv] <<< 23:c9:cc:4b:a0:3a,56760,-28,895,64.21,35.87,37,57464,57985
[Recv] <<< 23:c9:cc:4b:a0:3a,56762,-37,896,64.20,35.86,60,57524,58045
[Recv] <<< 23:c9:cc:4b:a0:3a,56764,-37,897,64.20,35.86,66,57590,58111
[Recv] <<< 23:c9:cc:4b:a0:3a,56765,-31,898,64.16,35.85,25,57615,58136
[Recv] <<< 23:c9:cc:4b:a0:3a,56766,-31,899,64.12,35.85,31,57646,58167
[Recv] <<< 23:c9:cc:4b:a0:3a,56767,-31,900,64.09,35.85,35,57681,58202
[Recv] <<< 23:c9:cc:4b:a0:3a,56768,-31,901,64.06,35.85,36,57717,58238
[Recv] <<< 23:c9:cc:4b:a0:3a,56770,-31,902,64.07,35.85,77,57794,58315
[Recv] <<< 23:c9:cc:4b:a0:3a,56773,-31,903,64.10,35.84,91,57885,58406
[Recv] <<< 23:c9:cc:4b:a0:3a,56774,-37,904,64.08,35.85,45,57930,58451
[Recv] <<< 23:c9:cc:4b:a0:3a,56776,-31,905,64.08,35.84,62,57992,58513
[Recv] <<< 23:c9:cc:4b:a0:3a,56778,-37,906,64.09,35.84,75,58067,58588
[Recv] <<< 23:c9:cc:4b:a0:3a,56779,-37,907,64.05,35.84,30,58097,58618
[Recv] <<< 23:c9:cc:4b:a0:3a,56780,-31,908,64.02,35.84,34,58131,58652
[Recv] <<< 23:c9:cc:4b:a0:3a,56783,-31,909,64.06,35.83,98,58229,58750
[Recv] <<< 23:c9:cc:4b:a0:3a,56784,-31,910,64.03,35.83,34,58263,58784
[Recv] <<< 23:c9:cc:4b:a0:3a,56785,-31,911,63.98,35.83,25,58288,58809
[Recv] <<< 23:c9:cc:4b:a0:3a,56786,-28,912,63.95,35.82,32,58320,58841
[Recv] <<< 23:c9:cc:4b:a0:3a,56787,-28,913,63.92,35.82,38,58358,58879
[Recv] <<< 23:c9:cc:4b:a0:3a,56789,-37,914,63.92,35.82,64,58422,58943
[Recv] <<< 23:c9:cc:4b:a0:3a,56792,-37,915,63.96,35.82,100,58522,59043
[Recv] <<< 23:c9:cc:4b:a0:3a,56793,-38,916,63.92,35.81,31,58553,59074
[Recv] <<< 23:c9:cc:4b:a0:3a,56794,-31,917,63.89,35.81,32,58585,59106
[Recv] <<< 23:c9:cc:4b:a0:3a,56795,-37,918,63.86,35.81,39,58624,59145
[Recv] <<< 23:c9:cc:4b:a0:3a,56797,-31,919,63.86,35.81,63,58687,59208
[Recv] <<< 23:c9:cc:4b:a0:3a,56798,-31,920,63.83,35.81,38,58725,59246
[Recv] <<< 23:c9:cc:4b:a0:3a,56800,-31,921,63.83,35.80,65,58790,59311
[Recv] <<< 23:c9:cc:4b:a0:3a,56801,-31,922,63.80,35.80,36,58826,59347
[Recv] <<< 23:c9:cc:4b:a0:3a,56802,-31,923,63.77,35.80,35,58861,59382
[Recv] <<< 23:c9:cc:4b:a0:3a,56803,-31,924,63.74,35.80,31,58892,59413
[Recv] <<< 23:c9:cc:4b:a0:3a,56804,-28,925,63.70,35.80,29,58921,59442
[Recv] <<< 23:c9:cc:4b:a0:3a,56806,-28,926,63.70,35.79,67,58988,59509
[Recv] <<< 23:c9:cc:4b:a0:3a,56807,-28,927,63.68,35.80,40,59028,59549
[Recv] <<< 23:c9:cc:4b:a0:3a,56808,-28,928,63.63,35.79,24,59052,59573
[Recv] <<< 23:c9:cc:4b:a0:3a,56810,-37,929,63.64,35.79,66,59118,59639
[Recv] <<< 23:c9:cc:4b:a0:3a,56811,-37,930,63.61,35.79,36,59154,59675
[Recv] <<< 23:c9:cc:4b:a0:3a,56812,-38,931,63.57,35.78,30,59184,59705
[Recv] <<< 23:c9:cc:4b:a0:3a,56813,-37,932,63.54,35.78,38,59222,59743
[Recv] <<< 23:c9:cc:4b:a0:3a,56816,-37,933,63.59,35.79,110,59332,59853
[Recv] <<< 23:c9:cc:4b:a0:3a,56817,-37,934,63.56,35.78,29,59361,59882
[Recv] <<< 23:c9:cc:4b:a0:3a,56818,-37,935,63.52,35.78,31,59392,59913
[Recv] <<< 23:c9:cc:4b:a0:3a,56820,-37,936,63.53,35.78,68,59460,59981
[Recv] <<< 23:c9:cc:4b:a0:3a,56821,-28,937,63.50,35.78,43,59503,60024
[Recv] <<< 23:c9:cc:4b:a0:3a,56822,-28,938,63.48,35.78,43,59546,60067
[Recv] <<< 23:c9:cc:4b:a0:3a,56823,-28,939,63.44,35.78,26,59572,60093
[Recv] <<< 23:c9:cc:4b:a0:3a,56824,-28,940,63.41,35.78,32,59604,60125
[Recv] <<< 23:c9:cc:4b:a0:3a,56826,-37,941,63.41,35.77,67,59671,60192
[Recv] <<< 23:c9:cc:4b:a0:3a,56829,-28,942,63.46,35.78,112,59783,60304
[Recv] <<< 23:c9:cc:4b:a0:3a,56831,-28,943,63.46,35.77,61,59844,60365
[Recv] <<< 23:c9:cc:4b:a0:3a,56833,-28,944,63.47,35.77,72,59916,60437
[Recv] <<< 23:c9:cc:4b:a0:3a,56834,-28,945,63.44,35.77,33,59949,60470
[Recv] <<< 23:c9:cc:4b:a0:3a,56835,-28,946,63.41,35.77,39,59988,60509
[Recv] <<< 23:c9:cc:4b:a0:3a,56837,-28,947,63.42,35.77,67,60055,60576
[Recv] <<< 23:c9:cc:4b:a0:3a,56839,-37,948,63.43,35.77,80,60135,60656
[Recv] <<< 23:c9:cc:4b:a0:3a,56840,-37,949,63.41,35.78,42,60177,60698
[Recv] <<< 23:c9:cc:4b:a0:3a,56841,-37,950,63.39,35.78,40,60217,60738
[Recv] <<< 23:c9:cc:4b:a0:3a,56842,-37,951,63.35,35.78,30,60247,60768
[Recv] <<< 23:c9:cc:4b:a0:3a,56852,-37,952,63.63,35.76,326,60573,61094
[Recv] <<< 23:c9:cc:4b:a0:3a,56853,-37,953,63.59,35.75,30,60603,61124
[Recv] <<< 23:c9:cc:4b:a0:3a,56854,-37,954,63.56,35.76,38,60641,61162
[Recv] <<< 23:c9:cc:4b:a0:3a,56855,-37,955,63.53,35.75,30,60671,61192
[Recv] <<< 23:c9:cc:4b:a0:3a,56856,-37,956,63.50,35.75,32,60703,61224
[Recv] <<< 23:c9:cc:4b:a0:3a,56858,-37,957,63.50,35.75,70,60773,61294
[Recv] <<< 23:c9:cc:4b:a0:3a,56859,-37,958,63.48,35.75,42,60815,61336
[Recv] <<< 23:c9:cc:4b:a0:3a,56890,-31,959,64.51,35.72,1047,61862,62383
[Recv] <<< 23:c9:cc:4b:a0:3a,56895,-28,960,64.61,35.71,162,62024,62545
[Recv] <<< 23:c9:cc:4b:a0:3a,56904,-31,961,64.87,35.70,313,62337,62858
[Recv] <<< 23:c9:cc:4b:a0:3a,56905,-31,962,64.83,35.70,32,62369,62890
[Recv] <<< 23:c9:cc:4b:a0:3a,56906,-31,963,64.80,35.70,35,62404,62925
[Recv] <<< 23:c9:cc:4b:a0:3a,56908,-37,964,64.81,35.70,77,62481,63002
[Recv] <<< 23:c9:cc:4b:a0:3a,56912,-37,965,64.89,35.70,142,62623,63144
[Recv] <<< 23:c9:cc:4b:a0:3a,56913,-37,966,64.86,35.70,30,62653,63174
[Recv] <<< 23:c9:cc:4b:a0:3a,56916,-31,967,64.90,35.70,102,62755,63276
[Recv] <<< 23:c9:cc:4b:a0:3a,56917,-31,968,64.86,35.69,32,62787,63308
[Recv] <<< 23:c9:cc:4b:a0:3a,56918,-31,969,64.83,35.69,35,62822,63343
[Recv] <<< 23:c9:cc:4b:a0:3a,56919,-31,970,64.79,35.69,29,62851,63372
[Recv] <<< 23:c9:cc:4b:a0:3a,56920,-31,971,64.76,35.69,34,62885,63406
[Recv] <<< 23:c9:cc:4b:a0:3a,56921,-31,972,64.73,35.69,34,62919,63440
[Recv] <<< 23:c9:cc:4b:a0:3a,56922,-31,973,64.70,35.69,32,62951,63472
[Recv] <<< 23:c9:cc:4b:a0:3a,56923,-31,974,64.66,35.68,30,62981,63502
[Recv] <<< 23:c9:cc:4b:a0:3a,56924,-28,975,64.63,35.68,32,63013,63534
[Recv] <<< 23:c9:cc:4b:a0:3a,56925,-28,976,64.60,35.68,32,63045,63566
[Recv] <<< 23:c9:cc:4b:a0:3a,56934,-37,977,64.84,35.67,304,63349,63870
[Recv] <<< 23:c9:cc:4b:a0:3a,56935,-38,978,64.81,35.67,33,63382,63903
[Recv] <<< 23:c9:cc:4b:a0:3a,56937,-37,979,64.81,35.67,68,63450,63971
[Recv] <<< 23:c9:cc:4b:a0:3a,56938,-37,980,64.78,35.66,30,63480,64001
[Recv] <<< 23:c9:cc:4b:a0:3a,56939,-37,981,64.75,35.66,35,63515,64036
[Recv] <<< 23:c9:cc:4b:a0:3a,56946,-31,982,64.92,35.65,233,63748,64269
[Recv] <<< 23:c9:cc:4b:a0:3a,56947,-31,983,64.90,35.66,44,63792,64313
[Recv] <<< 23:c9:cc:4b:a0:3a,56948,-31,984,64.86,35.66,34,63826,64347
[Recv] <<< 23:c9:cc:4b:a0:3a,56949,-31,985,64.83,35.65,28,63854,64375
[Recv] <<< 23:c9:cc:4b:a0:3a,56950,-31,986,64.80,35.65,36,63890,64411
[Recv] <<< 23:c9:cc:4b:a0:3a,56951,-31,987,64.76,35.65,30,63920,64441
[Recv] <<< 23:c9:cc:4b:a0:3a,56952,-31,988,64.73,35.65,35,63955,64476
[Recv] <<< 23:c9:cc:4b:a0:3a,56955,-37,989,64.78,35.65,112,64067,64588
[Recv] <<< 23:c9:cc:4b:a0:3a,56956,-37,990,64.75,35.65,37,64104,64625
[Recv] <<< 23:c9:cc:4b:a0:3a,56957,-37,991,64.72,35.65,37,64141,64662
[Recv] <<< 23:c9:cc:4b:a0:3a,56958,-37,992,64.69,35.65,28,64169,64690
[Recv] <<< 23:c9:cc:4b:a0:3a,56959,-37,993,64.65,35.65,32,64201,64722
[Recv] <<< 23:c9:cc:4b:a0:3a,56960,-37,994,64.63,35.65,37,64238,64759
[Recv] <<< 23:c9:cc:4b:a0:3a,56961,-37,995,64.60,35.65,36,64274,64795
[Recv] <<< 23:c9:cc:4b:a0:3a,56964,-31,996,64.63,35.64,95,64369,64890
[Recv] <<< 23:c9:cc:4b:a0:3a,56965,-31,997,64.60,35.64,33,64402,64923
[Recv] <<< 23:c9:cc:4b:a0:3a,56966,-28,998,64.56,35.64,33,64435,64956
[Recv] <<< 23:c9:cc:4b:a0:3a,56967,-28,999,64.53,35.64,34,64469,64990
[Recv] <<< 23:c9:cc:4b:a0:3a,56968,-28,1000,64.50,35.63,30,64499,65020
[Recv] <<< 23:c9:cc:4b:a0:3a,56969,-37,1001,64.46,35.63,28,64527,65048
[Recv] <<< 23:c9:cc:4b:a0:3a,56970,-37,1002,64.43,35.63,30,64557,65078
[Recv] <<< 23:c9:cc:4b:a0:3a,56971,-37,1003,64.40,35.63,33,64590,65111
[Recv] <<< 23:c9:cc:4b:a0:3a,56972,-37,1004,64.37,35.63,38,64628,65149
[Recv] <<< 23:c9:cc:4b:a0:3a,56973,-37,1005,64.33,35.62,28,64656,65177
[Recv] <<< 23:c9:cc:4b:a0:3a,56975,-37,1006,64.33,35.62,64,64720,65241
[Recv] <<< 23:c9:cc:4b:a0:3a,56976,-40,1007,64.30,35.62,33,64753,65274
[Recv] <<< 23:c9:cc:4b:a0:3a,56977,-31,1008,64.27,35.62,31,64784,65305
[Recv] <<< 23:c9:cc:4b:a0:3a,56978,-31,1009,64.24,35.61,35,64819,65340
[Recv] <<< 23:c9:cc:4b:a0:3a,56979,-31,1010,64.21,35.62,36,64855,65376
[Recv] <<< 23:c9:cc:4b:a0:3a,56980,-31,1011,64.18,35.61,31,64886,65407
[Recv] <<< 23:c9:cc:4b:a0:3a,56981,-31,1012,64.15,35.61,35,64921,65442
[Recv] <<< 23:c9:cc:4b:a0:3a,56982,-28,1013,64.11,35.61,25,64946,65467
[Recv] <<< 23:c9:cc:4b:a0:3a,56983,-28,1014,64.09,35.61,38,64984,65505
[Recv] <<< 23:c9:cc:4b:a0:3a,56984,-28,1015,64.05,35.60,27,65011,65532
[Recv] <<< 23:c9:cc:4b:a0:3a,56986,-31,1016,64.06,35.60,73,65084,65605
[Recv] <<< 23:c9:cc:4b:a0:3a,56987,-31,1017,64.04,35.61,44,65128,65649
[Recv] <<< 23:c9:cc:4b:a0:3a,56988,-31,1018,64.01,35.61,32,65160,65681
[Recv] <<< 23:c9:cc:4b:a0:3a,56989,-31,1019,63.99,35.61,42,65202,65723
[Recv] <<< 23:c9:cc:4b:a0:3a,56990,-31,1020,63.95,35.61,31,65233,65754
[Recv] <<< 23:c9:cc:4b:a0:3a,56992,-31,1021,63.96,35.61,75,65308,65829
[Recv] <<< 23:c9:cc:4b:a0:3a,56993,-31,1022,63.92,35.60,23,65331,65852
[Recv] <<< 23:c9:cc:4b:a0:3a,56994,-31,1023,63.90,35.60,36,65367,65888
[Recv] <<< 23:c9:cc:4b:a0:3a,56995,-31,1024,63.88,35.61,43,65410,65931
[Recv] <<< 23:c9:cc:4b:a0:3a,56996,-37,1025,63.85,35.61,36,65446,65967
[Recv] <<< 23:c9:cc:4b:a0:3a,56997,-28,1026,63.84,35.62,52,65498,66019
[Recv] <<< 23:c9:cc:4b:a0:3a,56998,-28,1027,63.80,35.61,26,65524,66045
[Recv] <<< 23:c9:cc:4b:a0:3a,56999,-28,1028,63.77,35.61,28,65552,66073
[Recv] <<< 23:c9:cc:4b:a0:3a,57003,-37,1029,63.84,35.60,136,65688,66209
[Recv] <<< 23:c9:cc:4b:a0:3a,57007,-28,1030,63.91,35.60,144,65832,66353
[Recv] <<< 23:c9:cc:4b:a0:3a,57008,-28,1031,63.88,35.60,31,65863,66384
[Recv] <<< 23:c9:cc:4b:a0:3a,57009,-28,1032,63.86,35.60,36,65899,66420
[Recv] <<< 23:c9:cc:4b:a0:3a,57018,-37,1033,64.08,35.59,297,66196,66717
[Recv] <<< 23:c9:cc:4b:a0:3a,57021,-28,1034,64.11,35.58,92,66288,66809
[Recv] <<< 23:c9:cc:4b:a0:3a,57022,-28,1035,64.08,35.58,34,66322,66843
[Recv] <<< 23:c9:cc:4b:a0:3a,57027,-31,1036,64.19,35.58,178,66500,67021
[Recv] <<< 23:c9:cc:4b:a0:3a,57028,-31,1037,64.16,35.58,36,66536,67057
[Recv] <<< 23:c9:cc:4b:a0:3a,57029,-31,1038,64.13,35.58,33,66569,67090
[Recv] <<< 23:c9:cc:4b:a0:3a,57030,-28,1039,64.10,35.58,33,66602,67123
[Recv] <<< 23:c9:cc:4b:a0:3a,57031,-28,1040,64.07,35.58,33,66635,67156
[Recv] <<< 23:c9:cc:4b:a0:3a,57032,-28,1041,64.05,35.58,38,66673,67194
[Recv] <<< 23:c9:cc:4b:a0:3a,57034,-37,1042,64.04,35.57,56,66729,67250
[Recv] <<< 23:c9:cc:4b:a0:3a,57035,-37,1043,64.02,35.57,40,66769,67290
[Recv] <<< 23:c9:cc:4b:a0:3a,57036,-37,1044,63.98,35.57,31,66800,67321
[Recv] <<< 23:c9:cc:4b:a0:3a,57037,-37,1045,63.95,35.57,30,66830,67351
[Recv] <<< 23:c9:cc:4b:a0:3a,57040,-37,1046,63.99,35.57,108,66938,67459
[Recv] <<< 23:c9:cc:4b:a0:3a,57042,-37,1047,64.00,35.57,71,67009,67530
[Recv] <<< 23:c9:cc:4b:a0:3a,57043,-37,1048,63.97,35.56,27,67036,67557
[Recv] <<< 23:c9:cc:4b:a0:3a,57044,-37,1049,63.94,35.56,37,67073,67594
[Recv] <<< 23:c9:cc:4b:a0:3a,57045,-37,1050,63.91,35.56,32,67105,67626
[Recv] <<< 23:c9:cc:4b:a0:3a,57046,-37,1051,63.88,35.56,29,67134,67655
[Recv] <<< 23:c9:cc:4b:a0:3a,57047,-31,1052,63.85,35.56,40,67174,67695
[Recv] <<< 23:c9:cc:4b:a0:3a,57048,-31,1053,63.82,35.56,29,67203,67724
[Recv] <<< 23:c9:cc:4b:a0:3a,57049,-31,1054,63.79,35.56,34,67237,67758
[Recv] <<< 23:c9:cc:4b:a0:3a,57050,-31,1055,63.76,35.55,32,67269,67790
[Recv] <<< 23:c9:cc:4b:a0:3a,57051,-31,1056,63.74,35.56,38,67307,67828
[Recv] <<< 23:c9:cc:4b:a0:3a,57052,-31,1057,63.72,35.56,40,67347,67868
[Recv] <<< 23:c9:cc:4b:a0:3a,57053,-31,1058,63.68,35.55,23,67370,67891
[Recv] <<< 23:c9:cc:4b:a0:3a,57054,-31,1059,63.65,35.55,32,67402,67923
[Recv] <<< 23:c9:cc:4b:a0:3a,57058,-31,1060,63.72,35.55,142,67544,68065
[Recv] <<< 23:c9:cc:4b:a0:3a,57059,-31,1061,63.69,35.55,34,67578,68099
[Recv] <<< 23:c9:cc:4b:a0:3a,57060,-30,1062,63.66,35.55,29,67607,68128
[Recv] <<< 23:c9:cc:4b:a0:3a,57061,-31,1063,63.63,35.54,33,67640,68161
[Recv] <<< 23:c9:cc:4b:a0:3a,57062,-31,1064,63.61,35.55,40,67680,68201
[Recv] <<< 23:c9:cc:4b:a0:3a,57063,-31,1065,63.58,35.54,32,67712,68233
[Recv] <<< 23:c9:cc:4b:a0:3a,57064,-31,1066,63.55,35.54,29,67741,68262
[Recv] <<< 23:c9:cc:4b:a0:3a,57065,-31,1067,63.52,35.54,33,67774,68295
[Recv] <<< 23:c9:cc:4b:a0:3a,57066,-31,1068,63.49,35.54,31,67805,68326
[Recv] <<< 23:c9:cc:4b:a0:3a,57067,-28,1069,63.46,35.54,32,67837,68358
[Recv] <<< 23:c9:cc:4b:a0:3a,57068,-28,1070,63.43,35.53,34,67871,68392
[Recv] <<< 23:c9:cc:4b:a0:3a,57069,-28,1071,63.41,35.54,37,67908,68429
[Recv] <<< 23:c9:cc:4b:a0:3a,57070,-28,1072,63.38,35.53,33,67941,68462
[Recv] <<< 23:c9:cc:4b:a0:3a,57071,-28,1073,63.35,35.53,34,67975,68496
[Recv] <<< 23:c9:cc:4b:a0:3a,57072,-28,1074,63.32,35.53,30,68005,68526
[Recv] <<< 23:c9:cc:4b:a0:3a,57073,-28,1075,63.29,35.53,35,68040,68561
[Recv] <<< 23:c9:cc:4b:a0:3a,57074,-28,1076,63.27,35.53,37,68077,68598
[Recv] <<< 23:c9:cc:4b:a0:3a,57081,-37,1077,63.42,35.52,230,68307,68828
[Recv] <<< 23:c9:cc:4b:a0:3a,57082,-31,1078,63.39,35.52,26,68333,68854
[Recv] <<< 23:c9:cc:4b:a0:3a,57083,-31,1079,63.37,35.52,40,68373,68894
[Recv] <<< 23:c9:cc:4b:a0:3a,57084,-31,1080,63.33,35.51,26,68399,68920
[Recv] <<< 23:c9:cc:4b:a0:3a,57085,-31,1081,63.30,35.51,31,68430,68951
[Recv] <<< 23:c9:cc:4b:a0:3a,57086,-31,1082,63.28,35.51,36,68466,68987
[Recv] <<< 23:c9:cc:4b:a0:3a,57087,-31,1083,63.25,35.51,33,68499,69020
[Recv] <<< 23:c9:cc:4b:a0:3a,57088,-31,1084,63.22,35.51,34,68533,69054
[Recv] <<< 23:c9:cc:4b:a0:3a,57089,-31,1085,63.20,35.51,42,68575,69096
[Recv] <<< 23:c9:cc:4b:a0:3a,57090,-31,1086,63.17,35.51,33,68608,69129
[Recv] <<< 23:c9:cc:4b:a0:3a,57091,-31,1087,63.15,35.51,32,68640,69161
[Recv] <<< 23:c9:cc:4b:a0:3a,57092,-31,1088,63.13,35.51,41,68681,69202
[Recv] <<< 23:c9:cc:4b:a0:3a,57093,-31,1089,63.10,35.51,33,68714,69235
[Recv] <<< 23:c9:cc:4b:a0:3a,57094,-31,1090,63.07,35.51,33,68747,69268
[Recv] <<< 23:c9:cc:4b:a0:3a,57095,-31,1091,63.04,35.51,33,68780,69301
[Recv] <<< 23:c9:cc:4b:a0:3a,57099,-31,1092,63.11,35.50,135,68915,69436
[Recv] <<< 23:c9:cc:4b:a0:3a,57101,-28,1093,63.10,35.50,57,68972,69493
[Recv] <<< 23:c9:cc:4b:a0:3a,57102,-28,1094,63.08,35.50,34,69006,69527
[Recv] <<< 23:c9:cc:4b:a0:3a,57103,-28,1095,63.05,35.50,39,69045,69566
[Recv] <<< 23:c9:cc:4b:a0:3a,57105,-28,1096,63.06,35.50,66,69111,69632
[Recv] <<< 23:c9:cc:4b:a0:3a,57106,-28,1097,63.04,35.50,39,69150,69671
[Recv] <<< 23:c9:cc:4b:a0:3a,57107,-28,1098,63.01,35.50,37,69187,69708
[Recv] <<< 23:c9:cc:4b:a0:3a,57108,-28,1099,62.99,35.50,38,69225,69746
[Recv] <<< 23:c9:cc:4b:a0:3a,57109,-28,1100,62.95,35.49,23,69248,69769
[Recv] <<< 23:c9:cc:4b:a0:3a,57110,-28,1101,62.93,35.50,41,69289,69810
[Recv] <<< 23:c9:cc:4b:a0:3a,57111,-28,1102,62.90,35.49,27,69316,69837
[Recv] <<< 23:c9:cc:4b:a0:3a,57112,-28,1103,62.87,35.49,31,69347,69868
[Recv] <<< 23:c9:cc:4b:a0:3a,57113,-28,1104,62.85,35.49,35,69382,69903
[Recv] <<< 23:c9:cc:4b:a0:3a,57117,-28,1105,62.91,35.49,139,69521,70042
[Recv] <<< 23:c9:cc:4b:a0:3a,57118,-28,1106,62.89,35.49,36,69557,70078
[Recv] <<< 23:c9:cc:4b:a0:3a,57119,-28,1107,62.87,35.49,35,69592,70113
[Recv] <<< 23:c9:cc:4b:a0:3a,57120,-28,1108,62.84,35.49,34,69626,70147
[Recv] <<< 23:c9:cc:4b:a0:3a,57121,-28,1109,62.80,35.48,24,69650,70171
[Recv] <<< 23:c9:cc:4b:a0:3a,57122,-28,1110,62.78,35.48,39,69689,70210
[Recv] <<< 23:c9:cc:4b:a0:3a,57125,-37,1111,62.81,35.48,95,69784,70305
[Recv] <<< 23:c9:cc:4b:a0:3a,57126,-37,1112,62.79,35.48,35,69819,70340
[Recv] <<< 23:c9:cc:4b:a0:3a,57127,-37,1113,62.76,35.48,35,69854,70375
[Recv] <<< 23:c9:cc:4b:a0:3a,57129,-37,1114,62.77,35.48,69,69923,70444
[Recv] <<< 23:c9:cc:4b:a0:3a,57130,-37,1115,62.74,35.47,33,69956,70477
[Recv] <<< 23:c9:cc:4b:a0:3a,57131,-37,1116,62.71,35.47,31,69987,70508
[Recv] <<< 23:c9:cc:4b:a0:3a,57132,-37,1117,62.69,35.47,37,70024,70545
[Recv] <<< 23:c9:cc:4b:a0:3a,57133,-37,1118,62.67,35.47,36,70060,70581
[Recv] <<< 23:c9:cc:4b:a0:3a,57136,-31,1119,62.69,35.47,93,70153,70674
[Recv] <<< 23:c9:cc:4b:a0:3a,57137,-37,1120,62.67,35.47,35,70188,70709
[Recv] <<< 23:c9:cc:4b:a0:3a,57138,-37,1121,62.66,35.47,49,70237,70758
[Recv] <<< 23:c9:cc:4b:a0:3a,57139,-37,1122,62.63,35.47,30,70267,70788
[Recv] <<< 23:c9:cc:4b:a0:3a,57140,-37,1123,62.60,35.47,32,70299,70820
[Recv] <<< 23:c9:cc:4b:a0:3a,57141,-37,1124,62.58,35.47,38,70337,70858
[Recv] <<< 23:c9:cc:4b:a0:3a,57145,-31,1125,62.64,35.46,129,70466,70987
[Recv] <<< 23:c9:cc:4b:a0:3a,57147,-37,1126,62.64,35.46,68,70534,71055
[Recv] <<< 23:c9:cc:4b:a0:3a,57148,-40,1127,62.61,35.46,33,70567,71088
[Recv] <<< 23:c9:cc:4b:a0:3a,57149,-37,1128,62.59,35.46,39,70606,71127
[Recv] <<< 23:c9:cc:4b:a0:3a,57150,-37,1129,62.57,35.46,37,70643,71164
[Recv] <<< 23:c9:cc:4b:a0:3a,57151,-38,1130,62.55,35.46,33,70676,71197
[Recv] <<< 23:c9:cc:4b:a0:3a,57152,-37,1131,62.52,35.46,32,70708,71229
[Recv] <<< 23:c9:cc:4b:a0:3a,57153,-38,1132,62.49,35.46,31,70739,71260
[Recv] <<< 23:c9:cc:4b:a0:3a,57154,-37,1133,62.47,35.46,34,70773,71294
[Recv] <<< 23:c9:cc:4b:a0:3a,57155,-28,1134,62.44,35.46,38,70811,71332
[Recv] <<< 23:c9:cc:4b:a0:3a,57156,-28,1135,62.43,35.46,44,70855,71376
[Recv] <<< 23:c9:cc:4b:a0:3a,57157,-28,1136,62.40,35.46,26,70881,71402
[Recv] <<< 23:c9:cc:4b:a0:3a,57160,-41,1137,62.43,35.45,98,70979,71500
[Recv] <<< 23:c9:cc:4b:a0:3a,57161,-38,1138,62.40,35.45,33,71012,71533
[Recv] <<< 23:c9:cc:4b:a0:3a,57162,-41,1139,62.37,35.45,31,71043,71564
[Recv] <<< 23:c9:cc:4b:a0:3a,57163,-40,1140,62.35,35.45,39,71082,71603
[Recv] <<< 23:c9:cc:4b:a0:3a,57164,-38,1141,62.32,35.45,29,71111,71632
[Recv] <<< 23:c9:cc:4b:a0:3a,57165,-28,1142,62.31,35.46,49,71160,71681
[Recv] <<< 23:c9:cc:4b:a0:3a,57166,-28,1143,62.28,35.45,26,71186,71707
[Recv] <<< 23:c9:cc:4b:a0:3a,57168,-27,1144,62.29,35.45,73,71259,71780
[Recv] <<< 23:c9:cc:4b:a0:3a,57169,-27,1145,62.26,35.45,30,71289,71810
[Recv] <<< 23:c9:cc:4b:a0:3a,57170,-27,1146,62.24,35.45,36,71325,71846
[Recv] <<< 23:c9:cc:4b:a0:3a,57171,-27,1147,62.21,35.45,34,71359,71880
[Recv] <<< 23:c9:cc:4b:a0:3a,57172,-37,1148,62.19,35.45,31,71390,71911
[Recv] <<< 23:c9:cc:4b:a0:3a,57173,-27,1149,62.16,35.45,32,71422,71943
[Recv] <<< 23:c9:cc:4b:a0:3a,57174,-27,1150,62.15,35.45,45,71467,71988
[Recv] <<< 23:c9:cc:4b:a0:3a,57175,-27,1151,62.12,35.45,34,71501,72022
[Recv] <<< 23:c9:cc:4b:a0:3a,57179,-30,1152,62.19,35.45,140,71641,72162
[Recv] <<< 23:c9:cc:4b:a0:3a,57180,-30,1153,62.17,35.45,38,71679,72200
[Recv] <<< 23:c9:cc:4b:a0:3a,57184,-27,1154,62.22,35.44,124,71803,72324
[Recv] <<< 23:c9:cc:4b:a0:3a,57186,-28,1155,62.23,35.44,77,71880,72401
[Recv] <<< 23:c9:cc:4b:a0:3a,57188,-28,1156,62.23,35.44,63,71943,72464
[Recv] <<< 23:c9:cc:4b:a0:3a,57189,-28,1157,62.21,35.44,33,71976,72497
[Recv] <<< 23:c9:cc:4b:a0:3a,57190,-28,1158,62.19,35.44,39,72015,72536
[Recv] <<< 23:c9:cc:4b:a0:3a,57192,-27,1159,62.19,35.44,64,72079,72600
[Recv] <<< 23:c9:cc:4b:a0:3a,57194,-37,1160,62.19,35.43,62,72141,72662
[Recv] <<< 23:c9:cc:4b:a0:3a,57195,-37,1161,62.17,35.43,37,72178,72699
[Recv] <<< 23:c9:cc:4b:a0:3a,57196,-37,1162,62.14,35.43,28,72206,72727
[Recv] <<< 23:c9:cc:4b:a0:3a,57197,-37,1163,62.12,35.43,38,72244,72765
[Recv] <<< 23:c9:cc:4b:a0:3a,57198,-37,1164,62.10,35.43,43,72287,72808
[Recv] <<< 23:c9:cc:4b:a0:3a,57199,-37,1165,62.07,35.43,27,72314,72835
[Recv] <<< 23:c9:cc:4b:a0:3a,57200,-37,1166,62.04,35.43,30,72344,72865
[Recv] <<< 23:c9:cc:4b:a0:3a,57209,-37,1167,62.25,35.42,307,72651,73172
[Recv] <<< 23:c9:cc:4b:a0:3a,57210,-37,1168,62.23,35.42,34,72685,73206
[Recv] <<< 23:c9:cc:4b:a0:3a,57211,-37,1169,62.21,35.42,35,72720,73241
[Recv] <<< 23:c9:cc:4b:a0:3a,57212,-37,1170,62.18,35.42,26,72746,73267
[Recv] <<< 23:c9:cc:4b:a0:3a,57215,-37,1171,62.21,35.42,103,72849,73370
[Recv] <<< 23:c9:cc:4b:a0:3a,57216,-37,1172,62.19,35.42,41,72890,73411
[Recv] <<< 23:c9:cc:4b:a0:3a,57217,-37,1173,62.17,35.42,35,72925,73446
[Recv] <<< 23:c9:cc:4b:a0:3a,57218,-37,1174,62.14,35.42,32,72957,73478
[Recv] <<< 23:c9:cc:4b:a0:3a,57219,-37,1175,62.13,35.42,40,72997,73518
[Recv] <<< 23:c9:cc:4b:a0:3a,57220,-37,1176,62.10,35.42,36,73033,73554
[Recv] <<< 23:c9:cc:4b:a0:3a,57221,-37,1177,62.07,35.42,29,73062,73583
[Recv] <<< 23:c9:cc:4b:a0:3a,57222,-37,1178,62.05,35.42,35,73097,73618
[Recv] <<< 23:c9:cc:4b:a0:3a,57224,-37,1179,62.06,35.42,73,73170,73691
[Recv] <<< 23:c9:cc:4b:a0:3a,57227,-37,1180,62.10,35.41,103,73273,73794
[Recv] <<< 23:c9:cc:4b:a0:3a,57228,-37,1181,62.07,35.41,28,73301,73822
[Recv] <<< 23:c9:cc:4b:a0:3a,57229,-37,1182,62.04,35.41,35,73336,73857
[Recv] <<< 23:c9:cc:4b:a0:3a,57230,-37,1183,62.02,35.41,28,73364,73885
[Recv] <<< 23:c9:cc:4b:a0:3a,57231,-37,1184,62.00,35.41,40,73404,73925
[Recv] <<< 23:c9:cc:4b:a0:3a,57233,-37,1185,62.00,35.41,66,73470,73991
[Recv] <<< 23:c9:cc:4b:a0:3a,57242,-37,1186,62.21,35.40,314,73784,74305
[Recv] <<< 23:c9:cc:4b:a0:3a,57244,-31,1187,62.21,35.40,61,73845,74366
[Recv] <<< 23:c9:cc:4b:a0:3a,57245,-31,1188,62.19,35.40,37,73882,74403
[Recv] <<< 23:c9:cc:4b:a0:3a,57246,-31,1189,62.17,35.40,33,73915,74436
[Recv] <<< 23:c9:cc:4b:a0:3a,57247,-31,1190,62.14,35.40,36,73951,74472
[Recv] <<< 23:c9:cc:4b:a0:3a,57248,-31,1191,62.13,35.40,43,73994,74515
[Recv] <<< 23:c9:cc:4b:a0:3a,57249,-31,1192,62.10,35.40,28,74022,74543
[Recv] <<< 23:c9:cc:4b:a0:3a,57250,-31,1193,62.08,35.40,36,74058,74579
[Recv] <<< 23:c9:cc:4b:a0:3a,57251,-28,1194,62.05,35.40,29,74087,74608
[Recv] <<< 23:c9:cc:4b:a0:3a,57252,-28,1195,62.02,35.39,30,74117,74638
[Recv] <<< 23:c9:cc:4b:a0:3a,57253,-28,1196,62.00,35.39,35,74152,74673
[Recv] <<< 23:c9:cc:4b:a0:3a,57259,-37,1197,62.11,35.39,199,74351,74872
[Recv] <<< 23:c9:cc:4b:a0:3a,57261,-31,1198,62.12,35.39,71,74422,74943
[Recv] <<< 23:c9:cc:4b:a0:3a,57262,-31,1199,62.09,35.38,27,74449,74970
[Recv] <<< 23:c9:cc:4b:a0:3a,57263,-28,1200,62.07,35.38,32,74481,75002
[Recv] <<< 23:c9:cc:4b:a0:3a,57264,-28,1201,62.05,35.38,37,74518,75039
[Recv] <<< 23:c9:cc:4b:a0:3a,57265,-31,1202,62.03,35.39,44,74562,75083
[Recv] <<< 23:c9:cc:4b:a0:3a,57268,-37,1203,62.05,35.38,90,74652,75173
[Recv] <<< 23:c9:cc:4b:a0:3a,57270,-37,1204,62.06,35.38,68,74720,75241
[Recv] <<< 23:c9:cc:4b:a0:3a,57271,-37,1205,62.03,35.38,30,74750,75271
[Recv] <<< 23:c9:cc:4b:a0:3a,57272,-37,1206,62.01,35.37,32,74782,75303
[Recv] <<< 23:c9:cc:4b:a0:3a,57273,-37,1207,61.99,35.38,41,74823,75344
[Recv] <<< 23:c9:cc:4b:a0:3a,57274,-37,1208,61.96,35.37,27,74850,75371
[Recv] <<< 23:c9:cc:4b:a0:3a,57277,-28,1209,62.00,35.37,109,74959,75480
[Recv] <<< 23:c9:cc:4b:a0:3a,57278,-28,1210,61.98,35.37,34,74993,75514
[Recv] <<< 23:c9:cc:4b:a0:3a,57279,-28,1211,61.95,35.37,30,75023,75544
[Recv] <<< 23:c9:cc:4b:a0:3a,57280,-28,1212,61.93,35.37,34,75057,75578
[Recv] <<< 23:c9:cc:4b:a0:3a,57281,-28,1213,61.91,35.37,38,75095,75616
[Recv] <<< 23:c9:cc:4b:a0:3a,57282,-28,1214,61.89,35.37,37,75132,75653
[Recv] <<< 23:c9:cc:4b:a0:3a,57283,-28,1215,61.87,35.37,37,75169,75690
[Recv] <<< 23:c9:cc:4b:a0:3a,57284,-28,1216,61.85,35.38,39,75208,75729
[Recv] <<< 23:c9:cc:4b:a0:3a,57285,-28,1217,61.82,35.37,31,75239,75760
[Recv] <<< 23:c9:cc:4b:a0:3a,57286,-28,1218,61.80,35.37,31,75270,75791
[Recv] <<< 23:c9:cc:4b:a0:3a,57287,-28,1219,61.78,35.37,34,75304,75825
[Recv] <<< 23:c9:cc:4b:a0:3a,57292,-31,1220,61.87,35.37,179,75483,76004
[Recv] <<< 23:c9:cc:4b:a0:3a,57293,-31,1221,61.85,35.37,37,75520,76041
[Recv] <<< 23:c9:cc:4b:a0:3a,57295,-31,1222,61.86,35.37,68,75588,76109
[Recv] <<< 23:c9:cc:4b:a0:3a,57296,-30,1223,61.84,35.37,39,75627,76148
[Recv] <<< 23:c9:cc:4b:a0:3a,57297,-31,1224,61.81,35.37,31,75658,76179
[Recv] <<< 23:c9:cc:4b:a0:3a,57298,-31,1225,61.79,35.37,29,75687,76208
[Recv] <<< 23:c9:cc:4b:a0:3a,57299,-37,1226,61.77,35.37,43,75730,76251
[Recv] <<< 23:c9:cc:4b:a0:3a,57300,-37,1227,61.75,35.37,39,75769,76290
[Recv] <<< 23:c9:cc:4b:a0:3a,57301,-37,1228,61.72,35.37,23,75792,76313
[Recv] <<< 23:c9:cc:4b:a0:3a,57302,-37,1229,61.70,35.37,36,75828,76349
[Recv] <<< 23:c9:cc:4b:a0:3a,57303,-37,1230,61.68,35.37,33,75861,76382
[Recv] <<< 23:c9:cc:4b:a0:3a,57304,-37,1231,61.66,35.37,40,75901,76422
[Recv] <<< 23:c9:cc:4b:a0:3a,57305,-37,1232,61.63,35.37,32,75933,76454
[Recv] <<< 23:c9:cc:4b:a0:3a,57309,-28,1233,61.71,35.37,151,76084,76605
[Recv] <<< 23:c9:cc:4b:a0:3a,57318,-28,1234,61.91,35.37,308,76392,76913
[Recv] <<< 23:c9:cc:4b:a0:3a,57319,-28,1235,61.89,35.37,37,76429,76950
[Recv] <<< 23:c9:cc:4b:a0:3a,57320,-28,1236,61.86,35.37,33,76462,76983
[Recv] <<< 23:c9:cc:4b:a0:3a,57323,-30,1237,61.90,35.37,106,76568,77089
[Recv] <<< 23:c9:cc:4b:a0:3a,57338,-28,1238,62.26,35.36,510,77078,77599
[Recv] <<< 23:c9:cc:4b:a0:3a,57339,-28,1239,62.24,35.36,34,77112,77633
[Recv] <<< 23:c9:cc:4b:a0:3a,57340,-28,1240,62.21,35.35,26,77138,77659
[Recv] <<< 23:c9:cc:4b:a0:3a,57341,-28,1241,62.19,35.35,40,77178,77699
[Recv] <<< 23:c9:cc:4b:a0:3a,57342,-28,1242,62.17,35.35,35,77213,77734
[Recv] <<< 23:c9:cc:4b:a0:3a,57343,-28,1243,62.15,35.35,35,77248,77769
[Recv] <<< 23:c9:cc:4b:a0:3a,57345,-28,1244,62.15,35.35,64,77312,77833
[Recv] <<< 23:c9:cc:4b:a0:3a,57346,-31,1245,62.13,35.35,43,77355,77876
[Recv] <<< 23:c9:cc:4b:a0:3a,57347,-31,1246,62.11,35.35,30,77385,77906
[Recv] <<< 23:c9:cc:4b:a0:3a,57348,-28,1247,62.09,35.35,35,77420,77941
[Recv] <<< 23:c9:cc:4b:a0:3a,57349,-28,1248,62.06,35.35,27,77447,77968
[Recv] <<< 23:c9:cc:4b:a0:3a,57350,-28,1249,62.04,35.35,41,77488,78009
[Recv] <<< 23:c9:cc:4b:a0:3a,57351,-28,1250,62.01,35.35,26,77514,78035
[Recv] <<< 23:c9:cc:4b:a0:3a,57352,-28,1251,61.99,35.35,34,77548,78069
[Recv] <<< 23:c9:cc:4b:a0:3a,57353,-28,1252,61.97,35.35,38,77586,78107
[Recv] <<< 23:c9:cc:4b:a0:3a,57354,-28,1253,61.95,35.35,33,77619,78140
[Recv] <<< 23:c9:cc:4b:a0:3a,57355,-28,1254,61.92,35.34,29,77648,78169
[Recv] <<< 23:c9:cc:4b:a0:3a,57356,-28,1255,61.91,35.35,45,77693,78214
[Recv] <<< 23:c9:cc:4b:a0:3a,57357,-28,1256,61.88,35.35,31,77724,78245
[Recv] <<< 23:c9:cc:4b:a0:3a,57358,-28,1257,61.85,35.34,25,77749,78270
[Recv] <<< 23:c9:cc:4b:a0:3a,57359,-28,1258,61.84,35.34,42,77791,78312
[Recv] <<< 23:c9:cc:4b:a0:3a,57360,-28,1259,61.81,35.34,33,77824,78345
[Recv] <<< 23:c9:cc:4b:a0:3a,57361,-28,1260,61.79,35.34,37,77861,78382
[Recv] <<< 23:c9:cc:4b:a0:3a,57363,-28,1261,61.80,35.34,63,77924,78445
[Recv] <<< 23:c9:cc:4b:a0:3a,57364,-28,1262,61.77,35.34,34,77958,78479
[Recv] <<< 23:c9:cc:4b:a0:3a,57365,-28,1263,61.76,35.34,41,77999,78520
[Recv] <<< 23:c9:cc:4b:a0:3a,57366,-28,1264,61.74,35.34,39,78038,78559
[Recv] <<< 23:c9:cc:4b:a0:3a,57368,-28,1265,61.74,35.34,66,78104,78625
[Recv] <<< 23:c9:cc:4b:a0:3a,57369,-28,1266,61.72,35.34,29,78133,78654
[Recv] <<< 23:c9:cc:4b:a0:3a,57370,-28,1267,61.69,35.34,32,78165,78686
[Recv] <<< 23:c9:cc:4b:a0:3a,57371,-37,1268,61.67,35.34,37,78202,78723
[Recv] <<< 23:c9:cc:4b:a0:3a,57372,-37,1269,61.65,35.34,30,78232,78753
[Recv] <<< 23:c9:cc:4b:a0:3a,57373,-37,1270,61.63,35.33,34,78266,78787
[Recv] <<< 23:c9:cc:4b:a0:3a,57374,-37,1271,61.60,35.33,33,78299,78820
[Recv] <<< 23:c9:cc:4b:a0:3a,57375,-30,1272,61.58,35.33,30,78329,78850
[Recv] <<< 23:c9:cc:4b:a0:3a,57378,-37,1273,61.61,35.33,106,78435,78956
[Recv] <<< 23:c9:cc:4b:a0:3a,57379,-37,1274,61.59,35.33,35,78470,78991
[Recv] <<< 23:c9:cc:4b:a0:3a,57380,-37,1275,61.57,35.33,36,78506,79027
[Recv] <<< 23:c9:cc:4b:a0:3a,57381,-37,1276,61.55,35.33,26,78532,79053
[Recv] <<< 23:c9:cc:4b:a0:3a,57382,-30,1277,61.53,35.33,38,78570,79091
[Recv] <<< 23:c9:cc:4b:a0:3a,57385,-30,1278,61.56,35.33,102,78672,79193
[Recv] <<< 23:c9:cc:4b:a0:3a,57386,-30,1279,61.53,35.32,27,78699,79220
[Recv] <<< 23:c9:cc:4b:a0:3a,57390,-37,1280,61.61,35.33,157,78856,79377
[Recv] <<< 23:c9:cc:4b:a0:3a,57391,-37,1281,61.58,35.33,33,78889,79410
[Recv] <<< 23:c9:cc:4b:a0:3a,57392,-31,1282,61.56,35.33,29,78918,79439
[Recv] <<< 23:c9:cc:4b:a0:3a,57394,-30,1283,61.56,35.32,67,78985,79506
[Recv] <<< 23:c9:cc:4b:a0:3a,57397,-30,1284,61.60,35.32,104,79089,79610
[Recv] <<< 23:c9:cc:4b:a0:3a,57398,-30,1285,61.58,35.32,37,79126,79647
[Recv] <<< 23:c9:cc:4b:a0:3a,57399,-30,1286,61.55,35.32,26,79152,79673
[Recv] <<< 23:c9:cc:4b:a0:3a,57400,-31,1287,61.54,35.32,46,79198,79719
[Recv] <<< 23:c9:cc:4b:a0:3a,57401,-30,1288,61.51,35.32,30,79228,79749
[Recv] <<< 23:c9:cc:4b:a0:3a,57402,-30,1289,61.49,35.32,37,79265,79786
[Recv] <<< 23:c9:cc:4b:a0:3a,57403,-30,1290,61.47,35.32,30,79295,79816
[Recv] <<< 23:c9:cc:4b:a0:3a,57404,-30,1291,61.45,35.32,35,79330,79851
[Recv] <<< 23:c9:cc:4b:a0:3a,57405,-30,1292,61.42,35.32,25,79355,79876
[Recv] <<< 23:c9:cc:4b:a0:3a,57407,-28,1293,61.43,35.32,73,79428,79949
[Recv] <<< 23:c9:cc:4b:a0:3a,57408,-28,1294,61.40,35.31,30,79458,79979
[Recv] <<< 23:c9:cc:4b:a0:3a,57409,-28,1295,61.39,35.32,40,79498,80019
[Recv] <<< 23:c9:cc:4b:a0:3a,57410,-31,1296,61.38,35.32,46,79544,80065
[Recv] <<< 23:c9:cc:4b:a0:3a,57411,-30,1297,61.35,35.32,27,79571,80092
[Recv] <<< 23:c9:cc:4b:a0:3a,57412,-31,1298,61.33,35.32,40,79611,80132
[Recv] <<< 23:c9:cc:4b:a0:3a,57413,-30,1299,61.31,35.32,34,79645,80166
[Recv] <<< 23:c9:cc:4b:a0:3a,57414,-31,1300,61.29,35.32,32,79677,80198
[Recv] <<< 23:c9:cc:4b:a0:3a,57415,-30,1301,61.27,35.32,36,79713,80234
[Recv] <<< 23:c9:cc:4b:a0:3a,57417,-30,1302,61.27,35.32,66,79779,80300
[Recv] <<< 23:c9:cc:4b:a0:3a,57418,-28,1303,61.25,35.31,26,79805,80326
[Recv] <<< 23:c9:cc:4b:a0:3a,57419,-30,1304,61.23,35.31,40,79845,80366
[Recv] <<< 23:c9:cc:4b:a0:3a,57421,-30,1305,61.24,35.31,68,79913,80434
[Recv] <<< 23:c9:cc:4b:a0:3a,57424,-37,1306,61.27,35.32,111,80024,80545
[Recv] <<< 23:c9:cc:4b:a0:3a,57425,-37,1307,61.26,35.32,38,80062,80583
[Recv] <<< 23:c9:cc:4b:a0:3a,57426,-28,1308,61.24,35.32,46,80108,80629
[Recv] <<< 23:c9:cc:4b:a0:3a,57428,-28,1309,61.25,35.32,70,80178,80699
[Recv] <<< 23:c9:cc:4b:a0:3a,57429,-28,1310,61.23,35.32,39,80217,80738
[Recv] <<< 23:c9:cc:4b:a0:3a,57430,-28,1311,61.22,35.32,36,80253,80774
[Recv] <<< 23:c9:cc:4b:a0:3a,57431,-28,1312,61.20,35.32,35,80288,80809
[Recv] <<< 23:c9:cc:4b:a0:3a,57435,-37,1313,61.27,35.33,155,80443,80964
[Recv] <<< 23:c9:cc:4b:a0:3a,57442,-30,1314,61.43,35.34,271,80714,81235
[Recv] <<< 23:c9:cc:4b:a0:3a,57443,-31,1315,61.41,35.34,42,80756,81277
[Recv] <<< 23:c9:cc:4b:a0:3a,57444,-37,1316,61.40,35.34,40,80796,81317
[Recv] <<< 23:c9:cc:4b:a0:3a,57445,-37,1317,61.37,35.34,31,80827,81348
[Recv] <<< 23:c9:cc:4b:a0:3a,57446,-37,1318,61.35,35.34,37,80864,81385
[Recv] <<< 23:c9:cc:4b:a0:3a,57447,-28,1319,61.34,35.35,47,80911,81432
[Recv] <<< 23:c9:cc:4b:a0:3a,57448,-28,1320,61.32,35.35,30,80941,81462
[Recv] <<< 23:c9:cc:4b:a0:3a,57449,-28,1321,61.30,35.35,36,80977,81498
[Recv] <<< 23:c9:cc:4b:a0:3a,57450,-28,1322,61.28,35.35,36,81013,81534
[Recv] <<< 23:c9:cc:4b:a0:3a,57451,-30,1323,61.27,35.35,48,81061,81582
[Recv] <<< 23:c9:cc:4b:a0:3a,57452,-30,1324,61.25,35.35,29,81090,81611
[Recv] <<< 23:c9:cc:4b:a0:3a,57453,-31,1325,61.23,35.35,39,81129,81650
[Recv] <<< 23:c9:cc:4b:a0:3a,57455,-37,1326,61.24,35.35,80,81209,81730
[Recv] <<< 23:c9:cc:4b:a0:3a,57456,-28,1327,61.23,35.36,42,81251,81772
[Recv] <<< 23:c9:cc:4b:a0:3a,57460,-37,1328,61.31,35.37,166,81417,81938
[Recv] <<< 23:c9:cc:4b:a0:3a,57461,-37,1329,61.29,35.37,36,81453,81974
[Recv] <<< 23:c9:cc:4b:a0:3a,57462,-37,1330,61.27,35.37,41,81494,82015
[Recv] <<< 23:c9:cc:4b:a0:3a,57483,-31,1331,61.85,35.41,833,82327,82848
[Recv] <<< 23:c9:cc:4b:a0:3a,57484,-37,1332,61.84,35.41,47,82374,82895
[Recv] <<< 23:c9:cc:4b:a0:3a,57485,-28,1333,61.83,35.42,46,82420,82941
[Recv] <<< 23:c9:cc:4b:a0:3a,57486,-31,1334,61.81,35.42,38,82458,82979
[Recv] <<< 23:c9:cc:4b:a0:3a,57488,-37,1335,61.83,35.43,89,82547,83068
[Recv] <<< 23:c9:cc:4b:a0:3a,57489,-37,1336,61.82,35.43,47,82594,83115
[Recv] <<< 23:c9:cc:4b:a0:3a,57490,-28,1337,61.80,35.43,39,82633,83154
[Recv] <<< 23:c9:cc:4b:a0:3a,57513,-30,1338,62.48,35.50,965,83598,84119
[Recv] <<< 23:c9:cc:4b:a0:3a,57514,-37,1339,62.47,35.50,47,83645,84166
[Recv] <<< 23:c9:cc:4b:a0:3a,57515,-28,1340,62.46,35.51,46,83691,84212
[Recv] <<< 23:c9:cc:4b:a0:3a,57517,-28,1341,62.46,35.51,73,83764,84285
[Recv] <<< 23:c9:cc:4b:a0:3a,57518,-30,1342,62.45,35.51,45,83809,84330
[Recv] <<< 23:c9:cc:4b:a0:3a,57520,-37,1343,62.46,35.52,78,83887,84408
[Recv] <<< 23:c9:cc:4b:a0:3a,57521,-37,1344,62.45,35.52,40,83927,84448
[Recv] <<< 23:c9:cc:4b:a0:3a,57523,-30,1345,62.46,35.52,82,84009,84530
[Recv] <<< 23:c9:cc:4b:a0:3a,57524,-30,1346,62.45,35.53,49,84058,84579
[Recv] <<< 23:c9:cc:4b:a0:3a,57537,-37,1347,62.81,35.56,544,84602,85123
[Recv] <<< 23:c9:cc:4b:a0:3a,57538,-37,1348,62.79,35.56,39,84641,85162
[Recv] <<< 23:c9:cc:4b:a0:3a,57539,-28,1349,62.78,35.57,45,84686,85207
[Recv] <<< 23:c9:cc:4b:a0:3a,57542,-31,1350,62.83,35.58,128,84814,85335
[Recv] <<< 23:c9:cc:4b:a0:3a,57543,-30,1351,62.81,35.58,39,84853,85374
[Recv] <<< 23:c9:cc:4b:a0:3a,57545,-37,1352,62.82,35.58,83,84936,85457
[Recv] <<< 23:c9:cc:4b:a0:3a,57546,-28,1353,62.81,35.59,48,84984,85505
[Recv] <<< 23:c9:cc:4b:a0:3a,57547,-30,1354,62.79,35.59,34,85018,85539
[Recv] <<< 23:c9:cc:4b:a0:3a,57549,-31,1355,62.81,35.59,87,85105,85626
[Recv] <<< 23:c9:cc:4b:a0:3a,57550,-37,1356,62.80,35.60,46,85151,85672
[Recv] <<< 23:c9:cc:4b:a0:3a,57551,-28,1357,62.78,35.60,39,85190,85711
[Recv] <<< 23:c9:cc:4b:a0:3a,57553,-30,1358,62.79,35.60,80,85270,85791
[Recv] <<< 23:c9:cc:4b:a0:3a,57556,-28,1359,62.84,35.61,131,85401,85922
[Recv] <<< 23:c9:cc:4b:a0:3a,57557,-30,1360,62.83,35.62,43,85444,85965
[Recv] <<< 23:c9:cc:4b:a0:3a,57559,-37,1361,62.84,35.62,78,85522,86043
[Recv] <<< 23:c9:cc:4b:a0:3a,57562,-28,1362,62.89,35.63,129,85651,86172
[Recv] <<< 23:c9:cc:4b:a0:3a,57563,-30,1363,62.88,35.63,48,85699,86220
[Recv] <<< 23:c9:cc:4b:a0:3a,57564,-37,1364,62.86,35.63,36,85735,86256
[Recv] <<< 23:c9:cc:4b:a0:3a,57565,-37,1365,62.84,35.63,36,85771,86292
[Recv] <<< 23:c9:cc:4b:a0:3a,57566,-28,1366,62.82,35.64,45,85816,86337
[Recv] <<< 23:c9:cc:4b:a0:3a,57567,-30,1367,62.80,35.64,37,85853,86374
[Recv] <<< 23:c9:cc:4b:a0:3a,57575,-37,1368,63.01,35.66,341,86194,86715
[Recv] <<< 23:c9:cc:4b:a0:3a,57576,-28,1369,62.99,35.66,41,86235,86756
[Recv] <<< 23:c9:cc:4b:a0:3a,57577,-30,1370,62.98,35.67,42,86277,86798
[Recv] <<< 23:c9:cc:4b:a0:3a,57578,-30,1371,62.96,35.67,41,86318,86839
[Recv] <<< 23:c9:cc:4b:a0:3a,57579,-30,1372,62.95,35.67,43,86361,86882
[Recv] <<< 23:c9:cc:4b:a0:3a,57580,-37,1373,62.93,35.67,39,86400,86921
[Recv] <<< 23:c9:cc:4b:a0:3a,57581,-28,1374,62.91,35.67,39,86439,86960
[Recv] <<< 23:c9:cc:4b:a0:3a,57582,-28,1375,62.90,35.68,43,86482,87003
[Recv] <<< 23:c9:cc:4b:a0:3a,57583,-30,1376,62.88,35.68,43,86525,87046
[Recv] <<< 23:c9:cc:4b:a0:3a,57584,-37,1377,62.87,35.68,46,86571,87092
[Recv] <<< 23:c9:cc:4b:a0:3a,57590,-37,1378,63.00,35.70,249,86820,87341
[Recv] <<< 23:c9:cc:4b:a0:3a,57591,-28,1379,62.99,35.70,38,86858,87379
[Recv] <<< 23:c9:cc:4b:a0:3a,57592,-28,1380,62.97,35.70,45,86903,87424
[Recv] <<< 23:c9:cc:4b:a0:3a,57593,-30,1381,62.96,35.71,39,86942,87463
[Recv] <<< 23:c9:cc:4b:a0:3a,57595,-37,1382,62.98,35.71,90,87032,87553
[Recv] <<< 23:c9:cc:4b:a0:3a,57597,-28,1383,62.99,35.72,87,87119,87640
[Recv] <<< 23:c9:cc:4b:a0:3a,57599,-30,1384,63.00,35.72,73,87192,87713
[Recv] <<< 23:c9:cc:4b:a0:3a,57600,-37,1385,62.99,35.72,47,87239,87760
[Recv] <<< 23:c9:cc:4b:a0:3a,57602,-28,1386,63.00,35.73,85,87324,87845
[Recv] <<< 23:c9:cc:4b:a0:3a,57603,-31,1387,62.98,35.73,34,87358,87879
[Recv] <<< 23:c9:cc:4b:a0:3a,57605,-37,1388,63.00,35.74,89,87447,87968
[Recv] <<< 23:c9:cc:4b:a0:3a,57606,-28,1389,62.98,35.74,37,87484,88005
[Recv] <<< 23:c9:cc:4b:a0:3a,57607,-28,1390,62.97,35.74,41,87525,88046
[Recv] <<< 23:c9:cc:4b:a0:3a,57609,-31,1391,62.98,35.75,87,87612,88133
[Recv] <<< 23:c9:cc:4b:a0:3a,57611,-37,1392,63.00,35.75,79,87691,88212
[Recv] <<< 23:c9:cc:4b:a0:3a,57612,-37,1393,62.98,35.75,40,87731,88252
[Recv] <<< 23:c9:cc:4b:a0:3a,57613,-37,1394,62.97,35.75,44,87775,88296
[Recv] <<< 23:c9:cc:4b:a0:3a,57615,-28,1395,62.98,35.76,81,87856,88377
[Recv] <<< 23:c9:cc:4b:a0:3a,57616,-28,1396,62.96,35.76,33,87889,88410
[Recv] <<< 23:c9:cc:4b:a0:3a,57618,-31,1397,62.97,35.76,83,87972,88493
[Recv] <<< 23:c9:cc:4b:a0:3a,57619,-31,1398,62.95,35.76,39,88011,88532
[Recv] <<< 23:c9:cc:4b:a0:3a,57620,-37,1399,62.94,35.77,45,88056,88577
[Recv] <<< 23:c9:cc:4b:a0:3a,57621,-37,1400,62.92,35.77,37,88093,88614
[Recv] <<< 23:c9:cc:4b:a0:3a,57623,-30,1401,62.94,35.77,85,88178,88699
[Recv] <<< 23:c9:cc:4b:a0:3a,57630,-28,1402,63.09,35.78,272,88450,88971
[Recv] <<< 23:c9:cc:4b:a0:3a,57632,-31,1403,63.10,35.78,73,88523,89044
[Recv] <<< 23:c9:cc:4b:a0:3a,57633,-30,1404,63.08,35.79,46,88569,89090
[Recv] <<< 23:c9:cc:4b:a0:3a,57634,-30,1405,63.07,35.79,40,88609,89130
[Recv] <<< 23:c9:cc:4b:a0:3a,57635,-37,1406,63.06,35.79,49,88658,89179
[Recv] <<< 23:c9:cc:4b:a0:3a,57636,-37,1407,63.03,35.79,27,88685,89206
[Recv] <<< 23:c9:cc:4b:a0:3a,57637,-37,1408,63.02,35.79,44,88729,89250
[Recv] <<< 23:c9:cc:4b:a0:3a,57638,-36,1409,63.00,35.79,39,88768,89289
[Recv] <<< 23:c9:cc:4b:a0:3a,57639,-37,1410,62.98,35.79,35,88803,89324
[Recv] <<< 23:c9:cc:4b:a0:3a,57641,-28,1411,63.00,35.80,83,88886,89407
[Recv] <<< 23:c9:cc:4b:a0:3a,57642,-28,1412,62.98,35.80,41,88927,89448
[Recv] <<< 23:c9:cc:4b:a0:3a,57664,-31,1413,63.55,35.83,874,89801,90322
[Recv] <<< 23:c9:cc:4b:a0:3a,57667,-28,1414,63.60,35.84,123,89924,90445
[Recv] <<< 23:c9:cc:4b:a0:3a,57668,-28,1415,63.58,35.84,38,89962,90483
[Recv] <<< 23:c9:cc:4b:a0:3a,57669,-30,1416,63.57,35.85,47,90009,90530
[Recv] <<< 23:c9:cc:4b:a0:3a,57677,-31,1417,63.75,35.86,330,90339,90860
[Recv] <<< 23:c9:cc:4b:a0:3a,57678,-31,1418,63.74,35.87,45,90384,90905
[Recv] <<< 23:c9:cc:4b:a0:3a,57679,-37,1419,63.73,35.87,43,90427,90948
[Recv] <<< 23:c9:cc:4b:a0:3a,57682,-31,1420,63.76,35.87,119,90546,91067
[Recv] <<< 23:c9:cc:4b:a0:3a,57690,-37,1421,63.95,35.89,324,90870,91391
[Recv] <<< 23:c9:cc:4b:a0:3a,57692,-28,1422,63.95,35.89,74,90944,91465
[Recv] <<< 23:c9:cc:4b:a0:3a,57693,-31,1423,63.94,35.89,44,90988,91509
[Recv] <<< 23:c9:cc:4b:a0:3a,57694,-31,1424,63.92,35.89,36,91024,91545
[Recv] <<< 23:c9:cc:4b:a0:3a,57695,-37,1425,63.91,35.90,48,91072,91593
[Recv] <<< 23:c9:cc:4b:a0:3a,57696,-28,1426,63.89,35.90,33,91105,91626
[Recv] <<< 23:c9:cc:4b:a0:3a,57700,-37,1427,63.96,35.91,167,91272,91793
[Recv] <<< 23:c9:cc:4b:a0:3a,57701,-37,1428,63.94,35.90,32,91304,91825
[Recv] <<< 23:c9:cc:4b:a0:3a,57702,-37,1429,63.92,35.90,36,91340,91861
[Recv] <<< 23:c9:cc:4b:a0:3a,57703,-28,1430,63.90,35.91,43,91383,91904
[Recv] <<< 23:c9:cc:4b:a0:3a,57704,-30,1431,63.89,35.91,43,91426,91947
[Recv] <<< 23:c9:cc:4b:a0:3a,57705,-30,1432,63.87,35.91,36,91462,91983
[Recv] <<< 23:c9:cc:4b:a0:3a,57707,-37,1433,63.88,35.91,75,91537,92058
[Recv] <<< 23:c9:cc:4b:a0:3a,57708,-28,1434,63.86,35.91,44,91581,92102
[Recv] <<< 23:c9:cc:4b:a0:3a,57710,-30,1435,63.88,35.92,83,91664,92185
[Recv] <<< 23:c9:cc:4b:a0:3a,57711,-37,1436,63.86,35.92,40,91704,92225
[Recv] <<< 23:c9:cc:4b:a0:3a,57712,-28,1437,63.85,35.92,42,91746,92267
[Recv] <<< 23:c9:cc:4b:a0:3a,57714,-31,1438,63.86,35.93,81,91827,92348
[Recv] <<< 23:c9:cc:4b:a0:3a,57715,-37,1439,63.84,35.93,40,91867,92388
[Recv] <<< 23:c9:cc:4b:a0:3a,57716,-28,1440,63.83,35.93,42,91909,92430
[Recv] <<< 23:c9:cc:4b:a0:3a,57717,-28,1441,63.81,35.93,37,91946,92467
[Recv] <<< 23:c9:cc:4b:a0:3a,57718,-28,1442,63.79,35.93,36,91982,92503
[Recv] <<< 23:c9:cc:4b:a0:3a,57719,-28,1443,63.76,35.93,30,92012,92533
[Recv] <<< 23:c9:cc:4b:a0:3a,57720,-28,1444,63.75,35.93,40,92052,92573
[Recv] <<< 23:c9:cc:4b:a0:3a,57721,-28,1445,63.73,35.93,38,92090,92611
[Recv] <<< 23:c9:cc:4b:a0:3a,57723,-30,1446,63.75,35.94,88,92178,92699
[Recv] <<< 23:c9:cc:4b:a0:3a,57724,-30,1447,63.73,35.94,35,92213,92734
[Recv] <<< 23:c9:cc:4b:a0:3a,57725,-30,1448,63.70,35.93,26,92239,92760
[Recv] <<< 23:c9:cc:4b:a0:3a,57726,-37,1449,63.69,35.94,43,92282,92803
[Recv] <<< 23:c9:cc:4b:a0:3a,57727,-37,1450,63.67,35.93,34,92316,92837
[Recv] <<< 23:c9:cc:4b:a0:3a,57728,-31,1451,63.65,35.94,39,92355,92876
[Recv] <<< 23:c9:cc:4b:a0:3a,57730,-37,1452,63.66,35.94,81,92436,92957
[Recv] <<< 23:c9:cc:4b:a0:3a,57733,-30,1453,63.70,35.95,125,92561,93082
[Recv] <<< 23:c9:cc:4b:a0:3a,57736,-28,1454,63.75,35.96,131,92692,93213
[Recv] <<< 23:c9:cc:4b:a0:3a,57737,-28,1455,63.73,35.96,36,92728,93249
[Recv] <<< 23:c9:cc:4b:a0:3a,57740,-30,1456,63.77,35.96,116,92844,93365
[Recv] <<< 23:c9:cc:4b:a0:3a,57742,-37,1457,63.78,35.96,85,92929,93450
[Recv] <<< 23:c9:cc:4b:a0:3a,57743,-37,1458,63.77,35.97,42,92971,93492
[Recv] <<< 23:c9:cc:4b:a0:3a,57744,-28,1459,63.75,35.97,42,93013,93534
[Recv] <<< 23:c9:cc:4b:a0:3a,57745,-28,1460,63.73,35.97,38,93051,93572
[Recv] <<< 23:c9:cc:4b:a0:3a,57746,-30,1461,63.71,35.97,34,93085,93606
[Recv] <<< 23:c9:cc:4b:a0:3a,57747,-37,1462,63.70,35.97,44,93129,93650
[Recv] <<< 23:c9:cc:4b:a0:3a,57748,-37,1463,63.68,35.97,32,93161,93682
[Recv] <<< 23:c9:cc:4b:a0:3a,57749,-37,1464,63.66,35.97,41,93202,93723
[Recv] <<< 23:c9:cc:4b:a0:3a,57750,-37,1465,63.64,35.97,31,93233,93754
[Recv] <<< 23:c9:cc:4b:a0:3a,57751,-28,1466,63.63,35.97,42,93275,93796
[Recv] <<< 23:c9:cc:4b:a0:3a,57752,-28,1467,63.61,35.97,38,93313,93834
[Recv] <<< 23:c9:cc:4b:a0:3a,57753,-28,1468,63.59,35.97,37,93350,93871
[Recv] <<< 23:c9:cc:4b:a0:3a,57755,-31,1469,63.60,35.97,76,93426,93947
[Recv] <<< 23:c9:cc:4b:a0:3a,57756,-31,1470,63.58,35.97,33,93459,93980
[Recv] <<< 23:c9:cc:4b:a0:3a,57758,-37,1471,63.59,35.98,88,93547,94068
[Recv] <<< 23:c9:cc:4b:a0:3a,57759,-28,1472,63.57,35.98,33,93580,94101
[Recv] <<< 23:c9:cc:4b:a0:3a,57760,-28,1473,63.56,35.98,41,93621,94142
[Recv] <<< 23:c9:cc:4b:a0:3a,57761,-28,1474,63.54,35.98,35,93656,94177
[Recv] <<< 23:c9:cc:4b:a0:3a,57762,-28,1475,63.52,35.98,33,93689,94210
[Recv] <<< 23:c9:cc:4b:a0:3a,57763,-28,1476,63.50,35.98,36,93725,94246
[Recv] <<< 23:c9:cc:4b:a0:3a,57767,-31,1477,63.56,35.98,146,93871,94392
[Recv] <<< 23:c9:cc:4b:a0:3a,57769,-28,1478,63.57,35.98,84,93955,94476
[Recv] <<< 23:c9:cc:4b:a0:3a,57770,-28,1479,63.54,35.98,27,93982,94503
[Recv] <<< 23:c9:cc:4b:a0:3a,57771,-28,1480,63.53,35.98,39,94021,94542
[Recv] <<< 23:c9:cc:4b:a0:3a,57772,-31,1481,63.51,35.98,43,94064,94585
[Recv] <<< 23:c9:cc:4b:a0:3a,57773,-30,1482,63.50,35.99,40,94104,94625
[Recv] <<< 23:c9:cc:4b:a0:3a,57775,-31,1483,63.51,35.99,75,94179,94700
[Recv] <<< 23:c9:cc:4b:a0:3a,57776,-31,1484,63.49,35.99,35,94214,94735
[Recv] <<< 23:c9:cc:4b:a0:3a,57778,-31,1485,63.49,35.98,66,94280,94801
[Recv] <<< 23:c9:cc:4b:a0:3a,57779,-31,1486,63.47,35.98,34,94314,94835
[Recv] <<< 23:c9:cc:4b:a0:3a,57780,-31,1487,63.45,35.98,37,94351,94872
[Recv] <<< 23:c9:cc:4b:a0:3a,57781,-31,1488,63.43,35.99,40,94391,94912
[Recv] <<< 23:c9:cc:4b:a0:3a,57782,-30,1489,63.41,35.98,30,94421,94942
[Recv] <<< 23:c9:cc:4b:a0:3a,57783,-37,1490,63.40,35.99,42,94463,94984
[Recv] <<< 23:c9:cc:4b:a0:3a,57784,-37,1491,63.38,35.99,37,94500,95021
[Recv] <<< 23:c9:cc:4b:a0:3a,57786,-37,1492,63.38,35.99,70,94570,95091
[Recv] <<< 23:c9:cc:4b:a0:3a,57787,-28,1493,63.36,35.98,32,94602,95123
[Recv] <<< 23:c9:cc:4b:a0:3a,57788,-28,1494,63.35,35.99,44,94646,95167
[Recv] <<< 23:c9:cc:4b:a0:3a,57789,-28,1495,63.33,35.98,30,94676,95197
[Recv] <<< 23:c9:cc:4b:a0:3a,57791,-28,1496,63.33,35.98,71,94747,95268
[Recv] <<< 23:c9:cc:4b:a0:3a,57793,-28,1497,63.34,35.98,72,94819,95340
[Recv] <<< 23:c9:cc:4b:a0:3a,57794,-28,1498,63.32,35.98,35,94854,95375
[Recv] <<< 23:c9:cc:4b:a0:3a,57795,-28,1499,63.30,35.99,39,94893,95414
[Recv] <<< 23:c9:cc:4b:a0:3a,57796,-28,1500,63.28,35.98,34,94927,95448
[Recv] <<< 23:c9:cc:4b:a0:3a,57797,-28,1501,63.26,35.98,33,94960,95481
[Recv] <<< 23:c9:cc:4b:a0:3a,57816,-37,1502,63.67,35.98,667,95627,96148
[Recv] <<< 23:c9:cc:4b:a0:3a,57817,-37,1503,63.65,35.98,33,95660,96181
[Recv] <<< 23:c9:cc:4b:a0:3a,57818,-37,1504,63.63,35.98,38,95698,96219
[Recv] <<< 23:c9:cc:4b:a0:3a,57819,-37,1505,63.62,35.98,43,95741,96262
[Recv] <<< 23:c9:cc:4b:a0:3a,57820,-37,1506,63.60,35.98,36,95777,96298
[Recv] <<< 23:c9:cc:4b:a0:3a,57821,-37,1507,63.58,35.98,37,95814,96335
[Recv] <<< 23:c9:cc:4b:a0:3a,57822,-37,1508,63.56,35.98,36,95850,96371
[Recv] <<< 23:c9:cc:4b:a0:3a,57825,-37,1509,63.59,35.98,106,95956,96477
[Recv] <<< 23:c9:cc:4b:a0:3a,57826,-28,1510,63.57,35.98,38,95994,96515
[Recv] <<< 23:c9:cc:4b:a0:3a,57827,-37,1511,63.55,35.98,35,96029,96550
[Recv] <<< 23:c9:cc:4b:a0:3a,57829,-28,1512,63.56,35.98,70,96099,96620
[Recv] <<< 23:c9:cc:4b:a0:3a,57830,-28,1513,63.54,35.98,36,96135,96656
[Recv] <<< 23:c9:cc:4b:a0:3a,57831,-28,1514,63.52,35.98,35,96170,96691
[Recv] <<< 23:c9:cc:4b:a0:3a,57832,-28,1515,63.50,35.98,34,96204,96725
[Recv] <<< 23:c9:cc:4b:a0:3a,57835,-30,1516,63.53,35.98,110,96314,96835
[Recv] <<< 23:c9:cc:4b:a0:3a,57836,-31,1517,63.51,35.98,37,96351,96872
[Recv] <<< 23:c9:cc:4b:a0:3a,57838,-37,1518,63.52,35.98,73,96424,96945
[Recv] <<< 23:c9:cc:4b:a0:3a,57839,-37,1519,63.51,35.98,45,96469,96990
[Recv] <<< 23:c9:cc:4b:a0:3a,57840,-28,1520,63.49,35.98,37,96506,97027
[Recv] <<< 23:c9:cc:4b:a0:3a,57841,-28,1521,63.48,35.98,40,96546,97067
[Recv] <<< 23:c9:cc:4b:a0:3a,57842,-31,1522,63.46,35.99,38,96584,97105
[Recv] <<< 23:c9:cc:4b:a0:3a,57843,-30,1523,63.44,35.98,34,96618,97139
[Recv] <<< 23:c9:cc:4b:a0:3a,57846,-37,1524,63.47,35.99,115,96733,97254
[Recv] <<< 23:c9:cc:4b:a0:3a,57847,-37,1525,63.46,35.99,36,96769,97290
[Recv] <<< 23:c9:cc:4b:a0:3a,57848,-28,1526,63.44,35.99,45,96814,97335
[Recv] <<< 23:c9:cc:4b:a0:3a,57849,-28,1527,63.43,35.99,40,96854,97375
[Recv] <<< 23:c9:cc:4b:a0:3a,57851,-30,1528,63.43,35.99,72,96926,97447
[Recv] <<< 23:c9:cc:4b:a0:3a,57852,-30,1529,63.42,35.99,44,96970,97491
[Recv] <<< 23:c9:cc:4b:a0:3a,57854,-37,1530,63.43,36.00,76,97046,97567
[Recv] <<< 23:c9:cc:4b:a0:3a,57855,-37,1531,63.41,36.00,35,97081,97602
[Recv] <<< 23:c9:cc:4b:a0:3a,57857,-37,1532,63.42,36.00,74,97155,97676
[Recv] <<< 23:c9:cc:4b:a0:3a,57858,-28,1533,63.40,36.00,37,97192,97713
[Recv] <<< 23:c9:cc:4b:a0:3a,57859,-28,1534,63.38,36.00,32,97224,97745
[Recv] <<< 23:c9:cc:4b:a0:3a,57861,-31,1535,63.39,36.00,81,97305,97826
[Recv] <<< 23:c9:cc:4b:a0:3a,57862,-31,1536,63.37,36.00,35,97340,97861
[Recv] <<< 23:c9:cc:4b:a0:3a,57863,-37,1537,63.36,36.00,41,97381,97902
[Recv] <<< 23:c9:cc:4b:a0:3a,57864,-37,1538,63.34,36.00,37,97418,97939
[Recv] <<< 23:c9:cc:4b:a0:3a,57865,-37,1539,63.32,36.00,33,97451,97972
[Recv] <<< 23:c9:cc:4b:a0:3a,57866,-37,1540,63.30,36.00,30,97481,98002
[Recv] <<< 23:c9:cc:4b:a0:3a,57867,-37,1541,63.29,36.00,48,97529,98050
[Recv] <<< 23:c9:cc:4b:a0:3a,57869,-28,1542,63.30,36.00,72,97601,98122
[Recv] <<< 23:c9:cc:4b:a0:3a,57870,-28,1543,63.28,36.00,40,97641,98162
[Recv] <<< 23:c9:cc:4b:a0:3a,57872,-28,1544,63.28,36.00,69,97710,98231
[Recv] <<< 23:c9:cc:4b:a0:3a,57873,-28,1545,63.26,36.00,34,97744,98265
[Recv] <<< 23:c9:cc:4b:a0:3a,57876,-30,1546,63.29,36.00,106,97850,98371
[Recv] <<< 23:c9:cc:4b:a0:3a,57877,-30,1547,63.27,36.00,33,97883,98404
[Recv] <<< 23:c9:cc:4b:a0:3a,57878,-30,1548,63.26,36.00,41,97924,98445
[Recv] <<< 23:c9:cc:4b:a0:3a,57879,-37,1549,63.24,36.00,36,97960,98481
[Recv] <<< 23:c9:cc:4b:a0:3a,57880,-37,1550,63.22,36.00,31,97991,98512
[Recv] <<< 23:c9:cc:4b:a0:3a,57882,-37,1551,63.23,36.00,77,98068,98589
[Recv] <<< 23:c9:cc:4b:a0:3a,57883,-37,1552,63.22,36.00,43,98111,98632
[Recv] <<< 23:c9:cc:4b:a0:3a,57884,-37,1553,63.19,36.00,29,98140,98661
[Recv] <<< 23:c9:cc:4b:a0:3a,57887,-28,1554,63.22,36.00,110,98250,98771
[Recv] <<< 23:c9:cc:4b:a0:3a,57888,-28,1555,63.20,36.00,33,98283,98804
[Recv] <<< 23:c9:cc:4b:a0:3a,57889,-28,1556,63.19,36.00,35,98318,98839
[Recv] <<< 23:c9:cc:4b:a0:3a,57892,-30,1557,63.22,36.00,115,98433,98954
[Recv] <<< 23:c9:cc:4b:a0:3a,57894,-37,1558,63.23,36.00,76,98509,99030
[Recv] <<< 23:c9:cc:4b:a0:3a,57895,-37,1559,63.21,36.01,39,98548,99069
[Recv] <<< 23:c9:cc:4b:a0:3a,57896,-37,1560,63.19,36.01,34,98582,99103
[Recv] <<< 23:c9:cc:4b:a0:3a,57898,-37,1561,63.20,36.00,66,98648,99169
[Recv] <<< 23:c9:cc:4b:a0:3a,57899,-37,1562,63.17,36.00,31,98679,99200
[Recv] <<< 23:c9:cc:4b:a0:3a,57902,-37,1563,63.20,36.00,107,98786,99307
[Recv] <<< 23:c9:cc:4b:a0:3a,57904,-37,1564,63.21,36.00,76,98862,99383
[Recv] <<< 23:c9:cc:4b:a0:3a,57905,-37,1565,63.19,36.00,36,98898,99419
[Recv] <<< 23:c9:cc:4b:a0:3a,57908,-28,1566,63.22,36.00,106,99004,99525
[Recv] <<< 23:c9:cc:4b:a0:3a,57909,-28,1567,63.21,36.00,39,99043,99564
[Recv] <<< 23:c9:cc:4b:a0:3a,57910,-37,1568,63.18,36.00,24,99067,99588
[Recv] <<< 23:c9:cc:4b:a0:3a,57914,-37,1569,63.23,36.00,143,99210,99731
[Recv] <<< 23:c9:cc:4b:a0:3a,57915,-37,1570,63.21,36.00,36,99246,99767
[Recv] <<< 23:c9:cc:4b:a0:3a,57916,-37,1571,63.19,36.00,32,99278,99799
[Recv] <<< 23:c9:cc:4b:a0:3a,57917,-28,1572,63.18,36.00,41,99319,99840
[Recv] <<< 23:c9:cc:4b:a0:3a,57918,-37,1573,63.16,36.00,29,99348,99869
[Recv] <<< 23:c9:cc:4b:a0:3a,57919,-37,1574,63.14,35.99,34,99382,99903
[Recv] <<< 23:c9:cc:4b:a0:3a,57920,-37,1575,63.12,35.99,30,99412,99933
[Recv] <<< 23:c9:cc:4b:a0:3a,57922,-37,1576,63.12,35.99,63,99475,99996
[Recv] <<< 23:c9:cc:4b:a0:3a,57925,-31,1577,63.15,35.99,108,99583,100104
[Recv] <<< 23:c9:cc:4b:a0:3a,57926,-37,1578,63.13,35.99,36,99619,100140
[Recv] <<< 23:c9:cc:4b:a0:3a,57928,-37,1579,63.13,35.99,70,99689,100210
[Recv] <<< 23:c9:cc:4b:a0:3a,57929,-37,1580,63.12,35.99,38,99727,100248
[Recv] <<< 23:c9:cc:4b:a0:3a,57930,-37,1581,63.10,35.99,30,99757,100278
[Recv] <<< 23:c9:cc:4b:a0:3a,57931,-37,1582,63.08,35.99,40,99797,100318
[Recv] <<< 23:c9:cc:4b:a0:3a,57932,-37,1583,63.07,35.99,36,99833,100354
[Recv] <<< 23:c9:cc:4b:a0:3a,57933,-37,1584,63.04,35.99,28,99861,100382
[Recv] <<< 23:c9:cc:4b:a0:3a,57934,-37,1585,63.03,35.99,35,99896,100417
[Recv] <<< 23:c9:cc:4b:a0:3a,57935,-31,1586,63.00,35.98,29,99925,100446
[Recv] <<< 23:c9:cc:4b:a0:3a,57937,-30,1587,63.01,35.98,69,99994,100515
[Recv] <<< 23:c9:cc:4b:a0:3a,57939,-30,1588,63.01,35.98,68,100062,100583
[Recv] <<< 23:c9:cc:4b:a0:3a,57940,-31,1589,62.99,35.98,36,100098,100619
[Recv] <<< 23:c9:cc:4b:a0:3a,57941,-30,1590,62.97,35.98,29,100127,100648
[Recv] <<< 23:c9:cc:4b:a0:3a,57942,-31,1591,62.96,35.98,35,100162,100683
[Recv] <<< 23:c9:cc:4b:a0:3a,57943,-30,1592,62.94,35.98,36,100198,100719
[Recv] <<< 23:c9:cc:4b:a0:3a,57945,-37,1593,62.95,35.98,77,100275,100796
[Recv] <<< 23:c9:cc:4b:a0:3a,57946,-37,1594,62.93,35.98,29,100304,100825
[Recv] <<< 23:c9:cc:4b:a0:3a,57947,-37,1595,62.91,35.98,37,100341,100862
[Recv] <<< 23:c9:cc:4b:a0:3a,57948,-31,1596,62.89,35.97,26,100367,100888
[Recv] <<< 23:c9:cc:4b:a0:3a,57949,-31,1597,62.87,35.97,38,100405,100926
[Recv] <<< 23:c9:cc:4b:a0:3a,57950,-31,1598,62.85,35.97,32,100437,100958
[Recv] <<< 23:c9:cc:4b:a0:3a,57951,-30,1599,62.83,35.97,25,100462,100983
[Recv] <<< 23:c9:cc:4b:a0:3a,57952,-31,1600,62.81,35.97,42,100504,101025
[Recv] <<< 23:c9:cc:4b:a0:3a,57953,-31,1601,62.79,35.97,27,100531,101052
[Recv] <<< 23:c9:cc:4b:a0:3a,57954,-30,1602,62.78,35.97,40,100571,101092
[Recv] <<< 23:c9:cc:4b:a0:3a,57956,-31,1603,62.78,35.97,65,100636,101157
[Recv] <<< 23:c9:cc:4b:a0:3a,57957,-30,1604,62.76,35.97,35,100671,101192
[Recv] <<< 23:c9:cc:4b:a0:3a,57959,-31,1605,62.77,35.97,69,100740,101261
[Recv] <<< 23:c9:cc:4b:a0:3a,57962,-30,1606,62.79,35.97,107,100847,101368
[Recv] <<< 23:c9:cc:4b:a0:3a,57963,-37,1607,62.78,35.97,40,100887,101408
[Recv] <<< 23:c9:cc:4b:a0:3a,57964,-37,1608,62.76,35.97,31,100918,101439
[Recv] <<< 23:c9:cc:4b:a0:3a,57965,-37,1609,62.74,35.97,36,100954,101475
[Recv] <<< 23:c9:cc:4b:a0:3a,57967,-37,1610,62.74,35.96,65,101019,101540
[Recv] <<< 23:c9:cc:4b:a0:3a,57968,-37,1611,62.73,35.96,37,101056,101577
[Recv] <<< 23:c9:cc:4b:a0:3a,57970,-37,1612,62.74,35.96,73,101129,101650
[Recv] <<< 23:c9:cc:4b:a0:3a,57972,-30,1613,62.74,35.96,66,101195,101716
[Recv] <<< 23:c9:cc:4b:a0:3a,57973,-30,1614,62.72,35.96,35,101230,101751
[Recv] <<< 23:c9:cc:4b:a0:3a,57974,-31,1615,62.70,35.96,36,101266,101787
[Recv] <<< 23:c9:cc:4b:a0:3a,57976,-30,1616,62.70,35.96,62,101328,101849
[Recv] <<< 23:c9:cc:4b:a0:3a,57979,-31,1617,62.73,35.96,108,101436,101957
[Recv] <<< 23:c9:cc:4b:a0:3a,57980,-31,1618,62.71,35.96,32,101468,101989
[Recv] <<< 23:c9:cc:4b:a0:3a,57982,-31,1619,62.72,35.96,74,101542,102063
[Recv] <<< 23:c9:cc:4b:a0:3a,57983,-31,1620,62.70,35.95,27,101569,102090
[Recv] <<< 23:c9:cc:4b:a0:3a,57984,-31,1621,62.68,35.96,40,101609,102130
[Recv] <<< 23:c9:cc:4b:a0:3a,57985,-30,1622,62.67,35.96,36,101645,102166
[Recv] <<< 23:c9:cc:4b:a0:3a,57986,-30,1623,62.65,35.95,33,101678,102199
[Recv] <<< 23:c9:cc:4b:a0:3a,57988,-31,1624,62.65,35.95,61,101739,102260
[Recv] <<< 23:c9:cc:4b:a0:3a,57989,-31,1625,62.63,35.95,40,101779,102300
[Recv] <<< 23:c9:cc:4b:a0:3a,57990,-37,1626,62.62,35.95,45,101824,102345
[Recv] <<< 23:c9:cc:4b:a0:3a,57991,-31,1627,62.60,35.95,25,101849,102370
[Recv] <<< 23:c9:cc:4b:a0:3a,57992,-30,1628,62.59,35.95,40,101889,102410
[Recv] <<< 23:c9:cc:4b:a0:3a,57993,-30,1629,62.56,35.95,26,101915,102436
[Recv] <<< 23:c9:cc:4b:a0:3a,57994,-30,1630,62.55,35.95,38,101953,102474
[Recv] <<< 23:c9:cc:4b:a0:3a,57995,-30,1631,62.53,35.95,33,101986,102507
[Recv] <<< 23:c9:cc:4b:a0:3a,57996,-30,1632,62.51,35.95,33,102019,102540
[Recv] <<< 23:c9:cc:4b:a0:3a,57997,-31,1633,62.49,35.95,35,102054,102575
[Recv] <<< 23:c9:cc:4b:a0:3a,57998,-31,1634,62.48,35.95,39,102093,102614
[Recv] <<< 23:c9:cc:4b:a0:3a,57999,-30,1635,62.46,35.95,33,102126,102647
[Recv] <<< 23:c9:cc:4b:a0:3a,58000,-31,1636,62.44,35.95,34,102160,102681
[Recv] <<< 23:c9:cc:4b:a0:3a,58001,-31,1637,62.42,35.94,28,102188,102709
[Recv] <<< 23:c9:cc:4b:a0:3a,58002,-31,1638,62.41,35.95,45,102233,102754
[Recv] <<< 23:c9:cc:4b:a0:3a,58003,-31,1639,62.39,35.94,27,102260,102781
[Recv] <<< 23:c9:cc:4b:a0:3a,58004,-37,1640,62.38,35.95,42,102302,102823
[Recv] <<< 23:c9:cc:4b:a0:3a,58005,-31,1641,62.36,35.95,37,102339,102860
[Recv] <<< 23:c9:cc:4b:a0:3a,58006,-31,1642,62.34,35.94,27,102366,102887
[Recv] <<< 23:c9:cc:4b:a0:3a,58007,-37,1643,62.33,35.95,49,102415,102936
[Recv] <<< 23:c9:cc:4b:a0:3a,58008,-37,1644,62.32,35.95,43,102458,102979
[Recv] <<< 23:c9:cc:4b:a0:3a,58009,-37,1645,62.31,35.95,35,102493,103014
[Recv] <<< 23:c9:cc:4b:a0:3a,58010,-37,1646,62.29,35.95,33,102526,103047
[Recv] <<< 23:c9:cc:4b:a0:3a,58011,-37,1647,62.27,35.95,35,102561,103082
[Recv] <<< 23:c9:cc:4b:a0:3a,58012,-37,1648,62.25,35.95,28,102589,103110
[Recv] <<< 23:c9:cc:4b:a0:3a,58013,-37,1649,62.23,35.95,35,102624,103145
[Recv] <<< 23:c9:cc:4b:a0:3a,58014,-37,1650,62.22,35.94,32,102656,103177
[Recv] <<< 23:c9:cc:4b:a0:3a,58016,-37,1651,62.22,35.94,69,102725,103246
[Recv] <<< 23:c9:cc:4b:a0:3a,58017,-37,1652,62.20,35.94,36,102761,103282
[Recv] <<< 23:c9:cc:4b:a0:3a,58018,-37,1653,62.19,35.94,35,102796,103317
[Recv] <<< 23:c9:cc:4b:a0:3a,58019,-37,1654,62.17,35.94,26,102822,103343
[Recv] <<< 23:c9:cc:4b:a0:3a,58021,-37,1655,62.17,35.94,72,102894,103415
[Recv] <<< 23:c9:cc:4b:a0:3a,58022,-31,1656,62.16,35.94,35,102929,103450
[Recv] <<< 23:c9:cc:4b:a0:3a,58023,-37,1657,62.14,35.94,33,102962,103483
[Recv] <<< 23:c9:cc:4b:a0:3a,58024,-37,1658,62.12,35.94,40,103002,103523
[Recv] <<< 23:c9:cc:4b:a0:3a,58025,-37,1659,62.10,35.94,27,103029,103550
[Recv] <<< 23:c9:cc:4b:a0:3a,58026,-37,1660,62.09,35.94,42,103071,103592
[Recv] <<< 23:c9:cc:4b:a0:3a,58029,-31,1661,62.11,35.94,100,103171,103692
[Recv] <<< 23:c9:cc:4b:a0:3a,58031,-31,1662,62.11,35.93,62,103233,103754
[Recv] <<< 23:c9:cc:4b:a0:3a,58032,-28,1663,62.09,35.93,29,103262,103783
[Recv] <<< 23:c9:cc:4b:a0:3a,58033,-28,1664,62.08,35.93,35,103297,103818
[Recv] <<< 23:c9:cc:4b:a0:3a,58034,-37,1665,62.05,35.93,24,103321,103842
[Recv] <<< 23:c9:cc:4b:a0:3a,58035,-37,1666,62.04,35.93,38,103359,103880
[Recv] <<< 23:c9:cc:4b:a0:3a,58036,-37,1667,62.02,35.92,29,103388,103909
[Recv] <<< 23:c9:cc:4b:a0:3a,58037,-37,1668,62.01,35.92,37,103425,103946
[Recv] <<< 23:c9:cc:4b:a0:3a,58038,-37,1669,61.99,35.92,28,103453,103974
[Recv] <<< 23:c9:cc:4b:a0:3a,58040,-31,1670,61.99,35.92,68,103521,104042
[Recv] <<< 23:c9:cc:4b:a0:3a,58041,-31,1671,61.97,35.92,34,103555,104076
[Recv] <<< 23:c9:cc:4b:a0:3a,58042,-31,1672,61.96,35.92,37,103592,104113
[Recv] <<< 23:c9:cc:4b:a0:3a,58043,-31,1673,61.94,35.92,35,103627,104148
[Recv] <<< 23:c9:cc:4b:a0:3a,58045,-31,1674,61.95,35.92,69,103696,104217
[Recv] <<< 23:c9:cc:4b:a0:3a,58048,-28,1675,61.97,35.91,98,103794,104315
[Recv] <<< 23:c9:cc:4b:a0:3a,58049,-28,1676,61.95,35.91,35,103829,104350
[Recv] <<< 23:c9:cc:4b:a0:3a,58050,-28,1677,61.93,35.91,34,103863,104384
[Recv] <<< 23:c9:cc:4b:a0:3a,58051,-28,1678,61.91,35.91,29,103892,104413
[Recv] <<< 23:c9:cc:4b:a0:3a,58052,-28,1679,61.90,35.91,34,103926,104447
[Recv] <<< 23:c9:cc:4b:a0:3a,58053,-28,1680,61.88,35.91,34,103960,104481
[Recv] <<< 23:c9:cc:4b:a0:3a,58054,-28,1681,61.87,35.91,41,104001,104522
[Recv] <<< 23:c9:cc:4b:a0:3a,58056,-37,1682,61.87,35.91,59,104060,104581
[Recv] <<< 23:c9:cc:4b:a0:3a,58057,-37,1683,61.85,35.91,36,104096,104617
[Recv] <<< 23:c9:cc:4b:a0:3a,58058,-28,1684,61.84,35.91,38,104134,104655
[Recv] <<< 23:c9:cc:4b:a0:3a,58059,-28,1685,61.82,35.91,34,104168,104689
[Recv] <<< 23:c9:cc:4b:a0:3a,58063,-37,1686,61.86,35.90,126,104294,104815
[Recv] <<< 23:c9:cc:4b:a0:3a,58064,-37,1687,61.84,35.90,35,104329,104850
[Recv] <<< 23:c9:cc:4b:a0:3a,58065,-37,1688,61.83,35.90,35,104364,104885
[Recv] <<< 23:c9:cc:4b:a0:3a,58066,-37,1689,61.81,35.90,33,104397,104918
[Recv] <<< 23:c9:cc:4b:a0:3a,58067,-37,1690,61.79,35.90,34,104431,104952
[Recv] <<< 23:c9:cc:4b:a0:3a,58068,-37,1691,61.78,35.90,31,104462,104983
[Recv] <<< 23:c9:cc:4b:a0:3a,58069,-37,1692,61.76,35.90,42,104504,105025
[Recv] <<< 23:c9:cc:4b:a0:3a,58070,-37,1693,61.74,35.90,29,104533,105054
[Recv] <<< 23:c9:cc:4b:a0:3a,58071,-37,1694,61.72,35.89,25,104558,105079
[Recv] <<< 23:c9:cc:4b:a0:3a,58073,-28,1695,61.74,35.90,89,104647,105168
[Recv] <<< 23:c9:cc:4b:a0:3a,58074,-28,1696,61.72,35.90,29,104676,105197
[Recv] <<< 23:c9:cc:4b:a0:3a,58077,-37,1697,61.74,35.89,97,104773,105294
[Recv] <<< 23:c9:cc:4b:a0:3a,58078,-28,1698,61.72,35.89,35,104808,105329
[Recv] <<< 23:c9:cc:4b:a0:3a,58080,-37,1699,61.73,35.89,74,104882,105403
[Recv] <<< 23:c9:cc:4b:a0:3a,58081,-37,1700,61.72,35.89,35,104917,105438
[Recv] <<< 23:c9:cc:4b:a0:3a,58082,-28,1701,61.70,35.89,35,104952,105473
[Recv] <<< 23:c9:cc:4b:a0:3a,58084,-37,1702,61.70,35.89,62,105014,105535
[Recv] <<< 23:c9:cc:4b:a0:3a,58085,-37,1703,61.68,35.89,35,105049,105570
[Recv] <<< 23:c9:cc:4b:a0:3a,58086,-37,1704,61.67,35.89,32,105081,105602
[Recv] <<< 23:c9:cc:4b:a0:3a,58087,-37,1705,61.65,35.89,36,105117,105638
[Recv] <<< 23:c9:cc:4b:a0:3a,58088,-37,1706,61.63,35.89,30,105147,105668
[Recv] <<< 23:c9:cc:4b:a0:3a,58091,-28,1707,61.67,35.89,120,105267,105788
[Recv] <<< 23:c9:cc:4b:a0:3a,58092,-31,1708,61.66,35.89,41,105308,105829
[Recv] <<< 23:c9:cc:4b:a0:3a,58093,-28,1709,61.64,35.89,28,105336,105857
[Recv] <<< 23:c9:cc:4b:a0:3a,58094,-28,1710,61.62,35.89,35,105371,105892
[Recv] <<< 23:c9:cc:4b:a0:3a,58095,-28,1711,61.60,35.89,26,105397,105918
[Recv] <<< 23:c9:cc:4b:a0:3a,58096,-28,1712,61.59,35.89,38,105435,105956
[Recv] <<< 23:c9:cc:4b:a0:3a,58100,-28,1713,61.63,35.89,141,105576,106097
[Recv] <<< 23:c9:cc:4b:a0:3a,58101,-28,1714,61.61,35.88,27,105603,106124
[Recv] <<< 23:c9:cc:4b:a0:3a,58102,-28,1715,61.60,35.88,37,105640,106161
[Recv] <<< 23:c9:cc:4b:a0:3a,58103,-28,1716,61.58,35.88,36,105676,106197
[Recv] <<< 23:c9:cc:4b:a0:3a,58105,-37,1717,61.58,35.88,57,105733,106254
[Recv] <<< 23:c9:cc:4b:a0:3a,58106,-37,1718,61.56,35.88,35,105768,106289
[Recv] <<< 23:c9:cc:4b:a0:3a,58107,-37,1719,61.55,35.88,37,105805,106326
[Recv] <<< 23:c9:cc:4b:a0:3a,58109,-30,1720,61.55,35.88,65,105870,106391
[Recv] <<< 23:c9:cc:4b:a0:3a,58110,-37,1721,61.54,35.88,47,105917,106438
[Recv] <<< 23:c9:cc:4b:a0:3a,58112,-28,1722,61.55,35.88,72,105989,106510
[Recv] <<< 23:c9:cc:4b:a0:3a,58113,-28,1723,61.53,35.88,35,106024,106545
[Recv] <<< 23:c9:cc:4b:a0:3a,58114,-31,1724,61.52,35.88,37,106061,106582
[Recv] <<< 23:c9:cc:4b:a0:3a,58116,-30,1725,61.52,35.88,67,106128,106649
[Recv] <<< 23:c9:cc:4b:a0:3a,58117,-28,1726,61.50,35.88,28,106156,106677
[Recv] <<< 23:c9:cc:4b:a0:3a,58118,-28,1727,61.49,35.87,31,106187,106708
[Recv] <<< 23:c9:cc:4b:a0:3a,58119,-28,1728,61.47,35.87,30,106217,106738
[Recv] <<< 23:c9:cc:4b:a0:3a,58120,-37,1729,61.45,35.87,34,106251,106772
[Recv] <<< 23:c9:cc:4b:a0:3a,58121,-37,1730,61.43,35.87,26,106277,106798
[Recv] <<< 23:c9:cc:4b:a0:3a,58122,-37,1731,61.42,35.87,39,106316,106837
[Recv] <<< 23:c9:cc:4b:a0:3a,58123,-30,1732,61.40,35.87,26,106342,106863
[Recv] <<< 23:c9:cc:4b:a0:3a,58133,-31,1733,61.56,35.86,343,106685,107206
[Recv] <<< 23:c9:cc:4b:a0:3a,58135,-30,1734,61.56,35.86,66,106751,107272
[Recv] <<< 23:c9:cc:4b:a0:3a,58136,-30,1735,61.55,35.86,36,106787,107308
[Recv] <<< 23:c9:cc:4b:a0:3a,58137,-30,1736,61.53,35.86,33,106820,107341
[Recv] <<< 23:c9:cc:4b:a0:3a,58138,-31,1737,61.52,35.86,32,106852,107373
[Recv] <<< 23:c9:cc:4b:a0:3a,58141,-30,1738,61.54,35.85,101,106953,107474
[Recv] <<< 23:c9:cc:4b:a0:3a,58142,-30,1739,61.52,35.85,38,106991,107512
[Recv] <<< 23:c9:cc:4b:a0:3a,58143,-28,1740,61.50,35.85,27,107018,107539
[Recv] <<< 23:c9:cc:4b:a0:3a,58144,-28,1741,61.49,35.85,32,107050,107571
[Recv] <<< 23:c9:cc:4b:a0:3a,58145,-28,1742,61.47,35.85,37,107087,107608
[Recv] <<< 23:c9:cc:4b:a0:3a,58146,-37,1743,61.45,35.85,26,107113,107634
[Recv] <<< 23:c9:cc:4b:a0:3a,58147,-37,1744,61.44,35.85,39,107152,107673
[Recv] <<< 23:c9:cc:4b:a0:3a,58149,-28,1745,61.45,35.85,73,107225,107746
[Recv] <<< 23:c9:cc:4b:a0:3a,58151,-37,1746,61.45,35.85,64,107289,107810
[Recv] <<< 23:c9:cc:4b:a0:3a,58152,-37,1747,61.43,35.85,33,107322,107843
[Recv] <<< 23:c9:cc:4b:a0:3a,58154,-37,1748,61.44,35.84,68,107390,107911
[Recv] <<< 23:c9:cc:4b:a0:3a,58157,-31,1749,61.45,35.84,92,107482,108003
[Recv] <<< 23:c9:cc:4b:a0:3a,58159,-31,1750,61.46,35.84,73,107555,108076
[Recv] <<< 23:c9:cc:4b:a0:3a,58161,-37,1751,61.47,35.84,78,107633,108154
[Recv] <<< 23:c9:cc:4b:a0:3a,58164,-37,1752,61.49,35.84,93,107726,108247
[Recv] <<< 23:c9:cc:4b:a0:3a,58165,-37,1753,61.48,35.84,41,107767,108288
[Recv] <<< 23:c9:cc:4b:a0:3a,58166,-37,1754,61.46,35.84,37,107804,108325
[Recv] <<< 23:c9:cc:4b:a0:3a,58168,-37,1755,61.46,35.84,63,107867,108388
[Recv] <<< 23:c9:cc:4b:a0:3a,58169,-37,1756,61.45,35.84,42,107909,108430
[Recv] <<< 23:c9:cc:4b:a0:3a,58170,-37,1757,61.43,35.83,26,107935,108456
[Recv] <<< 23:c9:cc:4b:a0:3a,58171,-37,1758,61.42,35.84,40,107975,108496
[Recv] <<< 23:c9:cc:4b:a0:3a,58172,-37,1759,61.40,35.83,31,108006,108527
[Recv] <<< 23:c9:cc:4b:a0:3a,58174,-37,1760,61.40,35.83,66,108072,108593
[Recv] <<< 23:c9:cc:4b:a0:3a,58175,-31,1761,61.39,35.83,41,108113,108634
[Recv] <<< 23:c9:cc:4b:a0:3a,58176,-31,1762,61.37,35.83,27,108140,108661
[Recv] <<< 23:c9:cc:4b:a0:3a,58177,-31,1763,61.35,35.83,27,108167,108688
[Recv] <<< 23:c9:cc:4b:a0:3a,58178,-28,1764,61.34,35.83,36,108203,108724
[Recv] <<< 23:c9:cc:4b:a0:3a,58179,-28,1765,61.32,35.83,35,108238,108759
[Recv] <<< 23:c9:cc:4b:a0:3a,58180,-28,1766,61.31,35.83,27,108265,108786
[Recv] <<< 23:c9:cc:4b:a0:3a,58181,-28,1767,61.29,35.82,33,108298,108819
[Recv] <<< 23:c9:cc:4b:a0:3a,58183,-28,1768,61.29,35.82,71,108369,108890
[Recv] <<< 23:c9:cc:4b:a0:3a,58184,-28,1769,61.28,35.82,32,108401,108922
[Recv] <<< 23:c9:cc:4b:a0:3a,58185,-28,1770,61.26,35.82,37,108438,108959
[Recv] <<< 23:c9:cc:4b:a0:3a,58186,-28,1771,61.25,35.82,30,108468,108989
[Recv] <<< 23:c9:cc:4b:a0:3a,58187,-28,1772,61.23,35.82,38,108506,109027
[Recv] <<< 23:c9:cc:4b:a0:3a,58188,-28,1773,61.22,35.82,30,108536,109057
[Recv] <<< 23:c9:cc:4b:a0:3a,58189,-28,1774,61.20,35.82,40,108576,109097
[Recv] <<< 23:c9:cc:4b:a0:3a,58190,-28,1775,61.19,35.82,32,108608,109129
[Recv] <<< 23:c9:cc:4b:a0:3a,58191,-28,1776,61.17,35.82,23,108631,109152
[Recv] <<< 23:c9:cc:4b:a0:3a,58192,-28,1777,61.15,35.82,36,108667,109188
[Recv] <<< 23:c9:cc:4b:a0:3a,58193,-28,1778,61.14,35.82,36,108703,109224
[Recv] <<< 23:c9:cc:4b:a0:3a,58194,-28,1779,61.12,35.81,28,108731,109252
[Recv] <<< 23:c9:cc:4b:a0:3a,58196,-28,1780,61.12,35.81,66,108797,109318
[Recv] <<< 23:c9:cc:4b:a0:3a,58197,-28,1781,61.10,35.81,30,108827,109348
[Recv] <<< 23:c9:cc:4b:a0:3a,58198,-28,1782,61.09,35.81,35,108862,109383
[Recv] <<< 23:c9:cc:4b:a0:3a,58199,-28,1783,61.07,35.81,34,108896,109417
[Recv] <<< 23:c9:cc:4b:a0:3a,58200,-28,1784,61.06,35.81,31,108927,109448
[Recv] <<< 23:c9:cc:4b:a0:3a,58202,-37,1785,61.06,35.81,64,108991,109512
[Recv] <<< 23:c9:cc:4b:a0:3a,58203,-37,1786,61.04,35.80,29,109020,109541
[Recv] <<< 23:c9:cc:4b:a0:3a,58205,-31,1787,61.05,35.80,70,109090,109611
[Recv] <<< 23:c9:cc:4b:a0:3a,58207,-31,1788,61.05,35.80,72,109162,109683
[Recv] <<< 23:c9:cc:4b:a0:3a,58208,-31,1789,61.03,35.80,26,109188,109709
[Recv] <<< 23:c9:cc:4b:a0:3a,58209,-30,1790,61.02,35.80,35,109223,109744
[Recv] <<< 23:c9:cc:4b:a0:3a,58210,-31,1791,61.00,35.80,28,109251,109772
[Recv] <<< 23:c9:cc:4b:a0:3a,58211,-28,1792,60.99,35.80,36,109287,109808
[Recv] <<< 23:c9:cc:4b:a0:3a,58212,-28,1793,60.97,35.79,26,109313,109834
[Recv] <<< 23:c9:cc:4b:a0:3a,58213,-28,1794,60.95,35.79,33,109346,109867
[Recv] <<< 23:c9:cc:4b:a0:3a,58214,-28,1795,60.94,35.80,44,109390,109911
[Recv] <<< 23:c9:cc:4b:a0:3a,58215,-30,1796,60.93,35.80,45,109435,109956
[Recv] <<< 23:c9:cc:4b:a0:3a,58216,-31,1797,60.92,35.80,31,109466,109987
[Recv] <<< 23:c9:cc:4b:a0:3a,58218,-31,1798,60.92,35.80,72,109538,110059
[Recv] <<< 23:c9:cc:4b:a0:3a,58219,-31,1799,60.91,35.80,35,109573,110094
[Recv] <<< 23:c9:cc:4b:a0:3a,58220,-30,1800,60.89,35.79,29,109602,110123
[Recv] <<< 23:c9:cc:4b:a0:3a,58221,-31,1801,60.87,35.79,31,109633,110154
[Recv] <<< 23:c9:cc:4b:a0:3a,58223,-28,1802,60.88,35.79,66,109699,110220
[Recv] <<< 23:c9:cc:4b:a0:3a,58224,-31,1803,60.86,35.79,40,109739,110260
[Recv] <<< 23:c9:cc:4b:a0:3a,58225,-31,1804,60.85,35.79,31,109770,110291
[Recv] <<< 23:c9:cc:4b:a0:3a,58226,-31,1805,60.83,35.79,37,109807,110328
[Recv] <<< 23:c9:cc:4b:a0:3a,58227,-31,1806,60.82,35.79,33,109840,110361
[Recv] <<< 23:c9:cc:4b:a0:3a,58228,-31,1807,60.80,35.79,33,109873,110394
[Recv] <<< 23:c9:cc:4b:a0:3a,58229,-31,1808,60.79,35.79,34,109907,110428
[Recv] <<< 23:c9:cc:4b:a0:3a,58230,-31,1809,60.77,35.79,30,109937,110458
[Recv] <<< 23:c9:cc:4b:a0:3a,58231,-28,1810,60.76,35.79,35,109972,110493
[Recv] <<< 23:c9:cc:4b:a0:3a,58232,-28,1811,60.74,35.78,31,110003,110524
[Recv] <<< 23:c9:cc:4b:a0:3a,58233,-28,1812,60.73,35.78,34,110037,110558
[Recv] <<< 23:c9:cc:4b:a0:3a,58252,-31,1813,61.04,35.77,632,110669,111190
[Recv] <<< 23:c9:cc:4b:a0:3a,58270,-28,1814,61.33,35.75,589,111258,111779
[Recv] <<< 23:c9:cc:4b:a0:3a,58271,-28,1815,61.32,35.75,33,111291,111812
[Recv] <<< 23:c9:cc:4b:a0:3a,58274,-37,1816,61.34,35.75,95,111386,111907
[Recv] <<< 23:c9:cc:4b:a0:3a,58275,-37,1817,61.32,35.75,35,111421,111942
[Recv] <<< 23:c9:cc:4b:a0:3a,58277,-37,1818,61.32,35.74,66,111487,112008
[Recv] <<< 23:c9:cc:4b:a0:3a,58278,-37,1819,61.31,35.74,28,111515,112036
[Recv] <<< 23:c9:cc:4b:a0:3a,58279,-37,1820,61.29,35.74,32,111547,112068
[Recv] <<< 23:c9:cc:4b:a0:3a,58280,-37,1821,61.27,35.74,31,111578,112099
[Recv] <<< 23:c9:cc:4b:a0:3a,58281,-37,1822,61.26,35.74,37,111615,112136
[Recv] <<< 23:c9:cc:4b:a0:3a,58282,-37,1823,61.24,35.74,30,111645,112166
[Recv] <<< 23:c9:cc:4b:a0:3a,58283,-37,1824,61.23,35.74,32,111677,112198
[Recv] <<< 23:c9:cc:4b:a0:3a,58284,-37,1825,61.21,35.74,33,111710,112231
[Recv] <<< 23:c9:cc:4b:a0:3a,58285,-37,1826,61.20,35.73,33,111743,112264
[Recv] <<< 23:c9:cc:4b:a0:3a,58286,-37,1827,61.18,35.73,32,111775,112296
[Recv] <<< 23:c9:cc:4b:a0:3a,58287,-37,1828,61.17,35.74,40,111815,112336
[Recv] <<< 23:c9:cc:4b:a0:3a,58289,-37,1829,61.17,35.73,64,111879,112400
[Recv] <<< 23:c9:cc:4b:a0:3a,58290,-28,1830,61.16,35.73,36,111915,112436
[Recv] <<< 23:c9:cc:4b:a0:3a,58293,-37,1831,61.17,35.73,95,112010,112531
[Recv] <<< 23:c9:cc:4b:a0:3a,58294,-38,1832,61.16,35.73,27,112037,112558
[Recv] <<< 23:c9:cc:4b:a0:3a,58295,-31,1833,61.14,35.73,36,112073,112594
[Recv] <<< 23:c9:cc:4b:a0:3a,58297,-31,1834,61.15,35.73,69,112142,112663
[Recv] <<< 23:c9:cc:4b:a0:3a,58298,-31,1835,61.13,35.73,35,112177,112698
[Recv] <<< 23:c9:cc:4b:a0:3a,58299,-31,1836,61.12,35.72,31,112208,112729
[Recv] <<< 23:c9:cc:4b:a0:3a,58300,-31,1837,61.10,35.72,33,112241,112762
[Recv] <<< 23:c9:cc:4b:a0:3a,58301,-31,1838,61.08,35.72,31,112272,112793
[Recv] <<< 23:c9:cc:4b:a0:3a,58302,-30,1839,61.07,35.72,33,112305,112826
[Recv] <<< 23:c9:cc:4b:a0:3a,58304,-31,1840,61.07,35.72,62,112367,112888
[Recv] <<< 23:c9:cc:4b:a0:3a,58306,-28,1841,61.07,35.72,71,112438,112959
[Recv] <<< 23:c9:cc:4b:a0:3a,58307,-28,1842,61.06,35.72,31,112469,112990
[Recv] <<< 23:c9:cc:4b:a0:3a,58308,-28,1843,61.04,35.72,35,112504,113025
[Recv] <<< 23:c9:cc:4b:a0:3a,58309,-28,1844,61.03,35.71,30,112534,113055
[Recv] <<< 23:c9:cc:4b:a0:3a,58311,-30,1845,61.04,35.72,86,112620,113141
[Recv] <<< 23:c9:cc:4b:a0:3a,58312,-28,1846,61.02,35.72,29,112649,113170
[Recv] <<< 23:c9:cc:4b:a0:3a,58313,-28,1847,61.00,35.71,24,112673,113194
[Recv] <<< 23:c9:cc:4b:a0:3a,58314,-28,1848,60.99,35.71,37,112710,113231
[Recv] <<< 23:c9:cc:4b:a0:3a,58315,-28,1849,60.97,35.71,32,112742,113263
[Recv] <<< 23:c9:cc:4b:a0:3a,58317,-28,1850,60.98,35.71,63,112805,113326
[Recv] <<< 23:c9:cc:4b:a0:3a,58319,-37,1851,60.98,35.71,60,112865,113386
[Recv] <<< 23:c9:cc:4b:a0:3a,58320,-37,1852,60.96,35.70,34,112899,113420
[Recv] <<< 23:c9:cc:4b:a0:3a,58321,-37,1853,60.94,35.70,28,112927,113448
[Recv] <<< 23:c9:cc:4b:a0:3a,58322,-37,1854,60.93,35.70,40,112967,113488
[Recv] <<< 23:c9:cc:4b:a0:3a,58325,-30,1855,60.95,35.70,93,113060,113581
[Recv] <<< 23:c9:cc:4b:a0:3a,58326,-37,1856,60.94,35.70,42,113102,113623
[Recv] <<< 23:c9:cc:4b:a0:3a,58328,-37,1857,60.94,35.70,71,113173,113694
[Recv] <<< 23:c9:cc:4b:a0:3a,58330,-30,1858,60.94,35.70,61,113234,113755
[Recv] <<< 23:c9:cc:4b:a0:3a,58331,-30,1859,60.93,35.70,30,113264,113785
[Recv] <<< 23:c9:cc:4b:a0:3a,58333,-31,1860,60.93,35.69,64,113328,113849
[Recv] <<< 23:c9:cc:4b:a0:3a,58335,-30,1861,60.94,35.70,78,113406,113927
[Recv] <<< 23:c9:cc:4b:a0:3a,58336,-31,1862,60.92,35.70,34,113440,113961
[Recv] <<< 23:c9:cc:4b:a0:3a,58337,-31,1863,60.91,35.70,38,113478,113999
[Recv] <<< 23:c9:cc:4b:a0:3a,58338,-31,1864,60.89,35.69,29,113507,114028
[Recv] <<< 23:c9:cc:4b:a0:3a,58339,-31,1865,60.88,35.69,35,113542,114063
[Recv] <<< 23:c9:cc:4b:a0:3a,58340,-30,1866,60.87,35.69,39,113581,114102
[Recv] <<< 23:c9:cc:4b:a0:3a,58341,-30,1867,60.85,35.69,31,113612,114133
[Recv] <<< 23:c9:cc:4b:a0:3a,58342,-30,1868,60.84,35.69,31,113643,114164
[Recv] <<< 23:c9:cc:4b:a0:3a,58343,-31,1869,60.82,35.69,34,113677,114198
[Recv] <<< 23:c9:cc:4b:a0:3a,58345,-30,1870,60.83,35.69,78,113755,114276
[Recv] <<< 23:c9:cc:4b:a0:3a,58346,-30,1871,60.82,35.69,33,113788,114309
[Recv] <<< 23:c9:cc:4b:a0:3a,58347,-30,1872,60.80,35.69,34,113822,114343
[Recv] <<< 23:c9:cc:4b:a0:3a,58348,-37,1873,60.79,35.69,40,113862,114383
[Recv] <<< 23:c9:cc:4b:a0:3a,58349,-37,1874,60.78,35.69,37,113899,114420
[Recv] <<< 23:c9:cc:4b:a0:3a,58351,-30,1875,60.78,35.69,61,113960,114481
[Recv] <<< 23:c9:cc:4b:a0:3a,58353,-37,1876,60.79,35.69,81,114041,114562
[Recv] <<< 23:c9:cc:4b:a0:3a,58354,-37,1877,60.77,35.69,30,114071,114592
[Recv] <<< 23:c9:cc:4b:a0:3a,58355,-37,1878,60.76,35.69,35,114106,114627
[Recv] <<< 23:c9:cc:4b:a0:3a,58356,-37,1879,60.74,35.69,33,114139,114660
[Recv] <<< 23:c9:cc:4b:a0:3a,58357,-37,1880,60.73,35.69,33,114172,114693
[Recv] <<< 23:c9:cc:4b:a0:3a,58358,-37,1881,60.72,35.69,41,114213,114734
[Recv] <<< 23:c9:cc:4b:a0:3a,58359,-37,1882,60.70,35.69,32,114245,114766
[Recv] <<< 23:c9:cc:4b:a0:3a,58360,-37,1883,60.69,35.69,33,114278,114799
[Recv] <<< 23:c9:cc:4b:a0:3a,58361,-37,1884,60.67,35.69,31,114309,114830
[Recv] <<< 23:c9:cc:4b:a0:3a,58364,-37,1885,60.69,35.69,100,114409,114930
[Recv] <<< 23:c9:cc:4b:a0:3a,58365,-37,1886,60.68,35.69,33,114442,114963
[Recv] <<< 23:c9:cc:4b:a0:3a,58366,-37,1887,60.67,35.69,39,114481,115002
[Recv] <<< 23:c9:cc:4b:a0:3a,58369,-37,1888,60.69,35.68,101,114582,115103
[Recv] <<< 23:c9:cc:4b:a0:3a,58370,-37,1889,60.67,35.68,29,114611,115132
[Recv] <<< 23:c9:cc:4b:a0:3a,58371,-37,1890,60.66,35.68,33,114644,115165
[Recv] <<< 23:c9:cc:4b:a0:3a,58373,-37,1891,60.66,35.68,69,114713,115234
[Recv] <<< 23:c9:cc:4b:a0:3a,58374,-37,1892,60.65,35.68,40,114753,115274
[Recv] <<< 23:c9:cc:4b:a0:3a,58376,-37,1893,60.66,35.68,68,114821,115342
[Recv] <<< 23:c9:cc:4b:a0:3a,58377,-37,1894,60.64,35.68,27,114848,115369
[Recv] <<< 23:c9:cc:4b:a0:3a,58378,-30,1895,60.62,35.68,36,114884,115405
[Recv] <<< 23:c9:cc:4b:a0:3a,58379,-31,1896,60.61,35.68,33,114917,115438
[Recv] <<< 23:c9:cc:4b:a0:3a,58380,-37,1897,60.60,35.68,32,114949,115470
[Recv] <<< 23:c9:cc:4b:a0:3a,58381,-30,1898,60.58,35.68,39,114988,115509
[Recv] <<< 23:c9:cc:4b:a0:3a,58382,-31,1899,60.57,35.68,37,115025,115546
[Recv] <<< 23:c9:cc:4b:a0:3a,58383,-30,1900,60.56,35.68,30,115055,115576
[Recv] <<< 23:c9:cc:4b:a0:3a,58384,-30,1901,60.55,35.68,45,115100,115621
[Recv] <<< 23:c9:cc:4b:a0:3a,58385,-31,1902,60.53,35.68,36,115136,115657
[Recv] <<< 23:c9:cc:4b:a0:3a,58386,-30,1903,60.52,35.68,35,115171,115692
[Recv] <<< 23:c9:cc:4b:a0:3a,58389,-37,1904,60.55,35.68,116,115287,115808
[Recv] <<< 23:c9:cc:4b:a0:3a,58390,-37,1905,60.54,35.68,33,115320,115841
[Recv] <<< 23:c9:cc:4b:a0:3a,58391,-37,1906,60.52,35.68,33,115353,115874
[Recv] <<< 23:c9:cc:4b:a0:3a,58393,-30,1907,60.52,35.68,59,115412,115933
[Recv] <<< 23:c9:cc:4b:a0:3a,58410,-30,1908,60.79,35.67,581,115993,116514
[Recv] <<< 23:c9:cc:4b:a0:3a,58415,-37,1909,60.86,35.67,184,116177,116698
[Recv] <<< 23:c9:cc:4b:a0:3a,58434,-31,1910,61.17,35.66,657,116834,117355
[Recv] <<< 23:c9:cc:4b:a0:3a,58435,-37,1911,61.16,35.67,46,116880,117401
[Recv] <<< 23:c9:cc:4b:a0:3a,58436,-37,1912,61.14,35.66,26,116906,117427
[Recv] <<< 23:c9:cc:4b:a0:3a,58437,-37,1913,61.13,35.66,34,116940,117461
[Recv] <<< 23:c9:cc:4b:a0:3a,58439,-37,1914,61.13,35.66,68,117008,117529
[Recv] <<< 23:c9:cc:4b:a0:3a,58440,-37,1915,61.12,35.66,32,117040,117561
[Recv] <<< 23:c9:cc:4b:a0:3a,58441,-37,1916,61.11,35.66,45,117085,117606
[Recv] <<< 23:c9:cc:4b:a0:3a,58442,-37,1917,61.09,35.66,34,117119,117640
[Recv] <<< 23:c9:cc:4b:a0:3a,58443,-37,1918,61.08,35.66,31,117150,117671
[Recv] <<< 23:c9:cc:4b:a0:3a,58444,-28,1919,61.06,35.66,32,117182,117703
[Recv] <<< 23:c9:cc:4b:a0:3a,58445,-28,1920,61.06,35.66,48,117230,117751
[Recv] <<< 23:c9:cc:4b:a0:3a,58446,-28,1921,61.04,35.66,29,117259,117780
[Recv] <<< 23:c9:cc:4b:a0:3a,58447,-28,1922,61.03,35.66,36,117295,117816
[Recv] <<< 23:c9:cc:4b:a0:3a,58449,-28,1923,61.03,35.66,67,117362,117883
[Recv] <<< 23:c9:cc:4b:a0:3a,58450,-28,1924,61.02,35.66,34,117396,117917
[Recv] <<< 23:c9:cc:4b:a0:3a,58451,-28,1925,61.01,35.66,39,117435,117956
[Recv] <<< 23:c9:cc:4b:a0:3a,58452,-28,1926,60.99,35.66,30,117465,117986
[Recv] <<< 23:c9:cc:4b:a0:3a,58453,-28,1927,60.98,35.66,34,117499,118020
[Recv] <<< 23:c9:cc:4b:a0:3a,58454,-28,1928,60.96,35.66,33,117532,118053
[Recv] <<< 23:c9:cc:4b:a0:3a,58455,-28,1929,60.95,35.66,37,117569,118090
[Recv] <<< 23:c9:cc:4b:a0:3a,58456,-31,1930,60.94,35.66,39,117608,118129
[Recv] <<< 23:c9:cc:4b:a0:3a,58458,-31,1931,60.94,35.66,72,117680,118201
[Recv] <<< 23:c9:cc:4b:a0:3a,58459,-30,1932,60.93,35.66,30,117710,118231
[Recv] <<< 23:c9:cc:4b:a0:3a,58460,-28,1933,60.91,35.66,36,117746,118267
[Recv] <<< 23:c9:cc:4b:a0:3a,58462,-28,1934,60.92,35.66,65,117811,118332
[Recv] <<< 23:c9:cc:4b:a0:3a,58463,-28,1935,60.90,35.66,31,117842,118363
[Recv] <<< 23:c9:cc:4b:a0:3a,58464,-37,1936,60.89,35.66,35,117877,118398
[Recv] <<< 23:c9:cc:4b:a0:3a,58467,-37,1937,60.91,35.65,96,117973,118494
[Recv] <<< 23:c9:cc:4b:a0:3a,58468,-37,1938,60.89,35.65,26,117999,118520
[Recv] <<< 23:c9:cc:4b:a0:3a,58469,-37,1939,60.87,35.65,37,118036,118557
[Recv] <<< 23:c9:cc:4b:a0:3a,58470,-37,1940,60.86,35.65,31,118067,118588
[Recv] <<< 23:c9:cc:4b:a0:3a,58478,-37,1941,60.98,35.65,286,118353,118874
[Recv] <<< 23:c9:cc:4b:a0:3a,58479,-37,1942,60.96,35.65,37,118390,118911
[Recv] <<< 23:c9:cc:4b:a0:3a,58495,-37,1943,61.21,35.64,548,118938,119459
[Recv] <<< 23:c9:cc:4b:a0:3a,58497,-37,1944,61.22,35.64,70,119008,119529
[Recv] <<< 23:c9:cc:4b:a0:3a,58498,-37,1945,61.21,35.64,38,119046,119567
[Recv] <<< 23:c9:cc:4b:a0:3a,58499,-37,1946,61.19,35.64,29,119075,119596
[Recv] <<< 23:c9:cc:4b:a0:3a,58500,-37,1947,61.17,35.64,32,119107,119628
[Recv] <<< 23:c9:cc:4b:a0:3a,58501,-28,1948,61.17,35.64,52,119159,119680
[Recv] <<< 23:c9:cc:4b:a0:3a,58502,-28,1949,61.15,35.64,26,119185,119706
[Recv] <<< 23:c9:cc:4b:a0:3a,58503,-28,1950,61.14,35.64,37,119222,119743
[Recv] <<< 23:c9:cc:4b:a0:3a,58504,-28,1951,61.13,35.64,39,119261,119782
[Recv] <<< 23:c9:cc:4b:a0:3a,58505,-28,1952,61.11,35.64,35,119296,119817
[Recv] <<< 23:c9:cc:4b:a0:3a,58506,-28,1953,61.10,35.64,34,119330,119851
[Recv] <<< 23:c9:cc:4b:a0:3a,58507,-28,1954,61.09,35.64,34,119364,119885
[Recv] <<< 23:c9:cc:4b:a0:3a,58508,-28,1955,61.08,35.64,38,119402,119923
[Recv] <<< 23:c9:cc:4b:a0:3a,58511,-31,1956,61.10,35.64,111,119513,120034
[Recv] <<< 23:c9:cc:4b:a0:3a,58512,-31,1957,61.09,35.64,40,119553,120074
[Recv] <<< 23:c9:cc:4b:a0:3a,58515,-30,1958,61.11,35.64,105,119658,120179
[Recv] <<< 23:c9:cc:4b:a0:3a,58516,-37,1959,61.10,35.65,39,119697,120218
[Recv] <<< 23:c9:cc:4b:a0:3a,58517,-28,1960,61.10,35.65,53,119750,120271
[Recv] <<< 23:c9:cc:4b:a0:3a,58518,-28,1961,61.08,35.65,33,119783,120304
[Recv] <<< 23:c9:cc:4b:a0:3a,58542,-28,1962,61.47,35.64,816,120599,121120
[Recv] <<< 23:c9:cc:4b:a0:3a,58543,-28,1963,61.45,35.64,32,120631,121152
[Recv] <<< 23:c9:cc:4b:a0:3a,58552,-37,1964,61.58,35.63,312,120943,121464
[Recv] <<< 23:c9:cc:4b:a0:3a,58553,-37,1965,61.56,35.63,29,120972,121493
[Recv] <<< 23:c9:cc:4b:a0:3a,58554,-28,1966,61.55,35.63,38,121010,121531
[Recv] <<< 23:c9:cc:4b:a0:3a,58555,-28,1967,61.54,35.63,38,121048,121569
[Recv] <<< 23:c9:cc:4b:a0:3a,58557,-28,1968,61.54,35.63,70,121118,121639
[Recv] <<< 23:c9:cc:4b:a0:3a,58559,-28,1969,61.55,35.63,67,121185,121706
[Recv] <<< 23:c9:cc:4b:a0:3a,58560,-28,1970,61.53,35.63,28,121213,121734
[Recv] <<< 23:c9:cc:4b:a0:3a,58561,-28,1971,61.52,35.63,35,121248,121769
[Recv] <<< 23:c9:cc:4b:a0:3a,58562,-28,1972,61.50,35.63,37,121285,121806
[Recv] <<< 23:c9:cc:4b:a0:3a,58564,-30,1973,61.51,35.63,75,121360,121881
[Recv] <<< 23:c9:cc:4b:a0:3a,58565,-31,1974,61.50,35.63,41,121401,121922
[Recv] <<< 23:c9:cc:4b:a0:3a,58566,-30,1975,61.49,35.63,33,121434,121955
[Recv] <<< 23:c9:cc:4b:a0:3a,58568,-28,1976,61.48,35.63,60,121494,122015
[Recv] <<< 23:c9:cc:4b:a0:3a,58569,-28,1977,61.47,35.63,34,121528,122049
[Recv] <<< 23:c9:cc:4b:a0:3a,58570,-28,1978,61.46,35.63,39,121567,122088
[Recv] <<< 23:c9:cc:4b:a0:3a,58571,-28,1979,61.44,35.63,27,121594,122115
[Recv] <<< 23:c9:cc:4b:a0:3a,58572,-28,1980,61.43,35.63,30,121624,122145
[Recv] <<< 23:c9:cc:4b:a0:3a,58573,-28,1981,61.42,35.63,40,121664,122185
[Recv] <<< 23:c9:cc:4b:a0:3a,58575,-28,1982,61.42,35.62,64,121728,122249
[Recv] <<< 23:c9:cc:4b:a0:3a,58576,-28,1983,61.40,35.62,33,121761,122282
[Recv] <<< 23:c9:cc:4b:a0:3a,58577,-28,1984,61.39,35.62,40,121801,122322
[Recv] <<< 23:c9:cc:4b:a0:3a,58578,-28,1985,61.38,35.62,35,121836,122357
[Recv] <<< 23:c9:cc:4b:a0:3a,58579,-28,1986,61.36,35.62,31,121867,122388
[Recv] <<< 23:c9:cc:4b:a0:3a,58581,-28,1987,61.37,35.62,71,121938,122459
[Recv] <<< 23:c9:cc:4b:a0:3a,58583,-30,1988,61.37,35.62,75,122013,122534
[Recv] <<< 23:c9:cc:4b:a0:3a,58584,-31,1989,61.36,35.62,33,122046,122567
[Recv] <<< 23:c9:cc:4b:a0:3a,58585,-30,1990,61.35,35.62,31,122077,122598
[Recv] <<< 23:c9:cc:4b:a0:3a,58586,-31,1991,61.33,35.62,40,122117,122638
[Recv] <<< 23:c9:cc:4b:a0:3a,58587,-37,1992,61.32,35.62,33,122150,122671
[Recv] <<< 23:c9:cc:4b:a0:3a,58588,-37,1993,61.31,35.62,31,122181,122702
[Recv] <<< 23:c9:cc:4b:a0:3a,58593,-28,1994,61.37,35.62,187,122368,122889
[Recv] <<< 23:c9:cc:4b:a0:3a,58594,-28,1995,61.36,35.62,36,122404,122925
[Recv] <<< 23:c9:cc:4b:a0:3a,58600,-28,1996,61.43,35.62,201,122605,123126
[Recv] <<< 23:c9:cc:4b:a0:3a,58601,-28,1997,61.42,35.62,44,122649,123170
[Recv] <<< 23:c9:cc:4b:a0:3a,58602,-31,1998,61.40,35.62,33,122682,123203
[Recv] <<< 23:c9:cc:4b:a0:3a,58603,-28,1999,61.39,35.62,29,122711,123232
[Recv] <<< 23:c9:cc:4b:a0:3a,58604,-28,2000,61.37,35.62,34,122745,123266
[Recv] <<< 23:c9:cc:4b:a0:3a,58605,-28,2001,61.36,35.62,39,122784,123305
[Recv] <<< 23:c9:cc:4b:a0:3a,58606,-28,2002,61.35,35.62,33,122817,123338
[Recv] <<< 23:c9:cc:4b:a0:3a,58607,-28,2003,61.33,35.62,32,122849,123370
[Recv] <<< 23:c9:cc:4b:a0:3a,58608,-28,2004,61.32,35.62,27,122876,123397
[Recv] <<< 23:c9:cc:4b:a0:3a,58611,-37,2005,61.35,35.62,127,123003,123524
[Recv] <<< 23:c9:cc:4b:a0:3a,58612,-37,2006,61.33,35.62,34,123037,123558
[Recv] <<< 23:c9:cc:4b:a0:3a,58613,-30,2007,61.32,35.62,37,123074,123595
[Recv] <<< 23:c9:cc:4b:a0:3a,58614,-31,2008,61.31,35.62,34,123108,123629
[Recv] <<< 23:c9:cc:4b:a0:3a,58617,-28,2009,61.32,35.62,92,123200,123721
[Recv] <<< 23:c9:cc:4b:a0:3a,58618,-28,2010,61.31,35.62,30,123230,123751
[Recv] <<< 23:c9:cc:4b:a0:3a,58620,-28,2011,61.31,35.61,65,123295,123816
[Recv] <<< 23:c9:cc:4b:a0:3a,58694,-31,2012,62.53,35.58,2523,125818,126339
[Recv] <<< 23:c9:cc:4b:a0:3a,58695,-37,2013,62.52,35.58,39,125857,126378
[Recv] <<< 23:c9:cc:4b:a0:3a,58696,-30,2014,62.51,35.58,31,125888,126409
[Recv] <<< 23:c9:cc:4b:a0:3a,58697,-31,2015,62.49,35.58,35,125923,126444
[Recv] <<< 23:c9:cc:4b:a0:3a,58698,-30,2016,62.48,35.58,31,125954,126475
[Recv] <<< 23:c9:cc:4b:a0:3a,58699,-31,2017,62.47,35.58,40,125994,126515
[Recv] <<< 23:c9:cc:4b:a0:3a,58700,-30,2018,62.45,35.58,23,126017,126538
[Recv] <<< 23:c9:cc:4b:a0:3a,58701,-31,2019,62.43,35.58,37,126054,126575
[Recv] <<< 23:c9:cc:4b:a0:3a,58703,-28,2020,62.43,35.58,61,126115,126636
[Recv] <<< 23:c9:cc:4b:a0:3a,58704,-30,2021,62.42,35.58,36,126151,126672
[Recv] <<< 23:c9:cc:4b:a0:3a,58705,-31,2022,62.41,35.58,36,126187,126708
[Recv] <<< 23:c9:cc:4b:a0:3a,58808,-30,2023,64.09,35.52,3471,129658,130179
[Recv] <<< 23:c9:cc:4b:a0:3a,58809,-31,2024,64.08,35.52,42,129700,130221
[Recv] <<< 23:c9:cc:4b:a0:3a,58810,-31,2025,64.06,35.52,25,129725,130246
[Recv] <<< 23:c9:cc:4b:a0:3a,58811,-37,2026,64.05,35.52,47,129772,130293
[Recv] <<< 23:c9:cc:4b:a0:3a,58812,-30,2027,64.03,35.52,21,129793,130314
[Recv] <<< 23:c9:cc:4b:a0:3a,58813,-31,2028,64.02,35.52,36,129829,130350
[Recv] <<< 23:c9:cc:4b:a0:3a,58815,-28,2029,64.02,35.52,65,129894,130415
[Recv] <<< 23:c9:cc:4b:a0:3a,58818,-28,2030,64.04,35.52,98,129992,130513
[Recv] <<< 23:c9:cc:4b:a0:3a,58821,-28,2031,64.05,35.51,95,130087,130608
[Recv] <<< 23:c9:cc:4b:a0:3a,58822,-28,2032,64.04,35.51,38,130125,130646
[Recv] <<< 23:c9:cc:4b:a0:3a,58823,-28,2033,64.02,35.51,36,130161,130682
[Recv] <<< 23:c9:cc:4b:a0:3a,58825,-31,2034,64.03,35.52,75,130236,130757
[Recv] <<< 23:c9:cc:4b:a0:3a,58826,-30,2035,64.01,35.52,34,130270,130791
[Recv] <<< 23:c9:cc:4b:a0:3a,58828,-28,2036,64.01,35.51,58,130328,130849
[Recv] <<< 23:c9:cc:4b:a0:3a,58829,-28,2037,64.00,35.51,33,130361,130882
[Recv] <<< 23:c9:cc:4b:a0:3a,58830,-28,2038,63.99,35.51,43,130404,130925
[Recv] <<< 23:c9:cc:4b:a0:3a,58832,-28,2039,63.99,35.51,69,130473,130994
[Recv] <<< 23:c9:cc:4b:a0:3a,58833,-28,2040,63.98,35.51,37,130510,131031
[Recv] <<< 23:c9:cc:4b:a0:3a,58834,-28,2041,63.96,35.51,36,130546,131067
[Recv] <<< 23:c9:cc:4b:a0:3a,58835,-37,2042,63.95,35.52,49,130595,131116
[Recv] <<< 23:c9:cc:4b:a0:3a,58836,-37,2043,63.94,35.52,34,130629,131150
[Recv] <<< 23:c9:cc:4b:a0:3a,58840,-30,2044,63.97,35.51,130,130759,131280
[Recv] <<< 23:c9:cc:4b:a0:3a,58843,-37,2045,63.99,35.51,105,130864,131385
[Recv] <<< 23:c9:cc:4b:a0:3a,58844,-37,2046,63.98,35.51,41,130905,131426
[Recv] <<< 23:c9:cc:4b:a0:3a,58846,-28,2047,63.99,35.51,74,130979,131500
[Recv] <<< 23:c9:cc:4b:a0:3a,58849,-37,2048,64.00,35.51,91,131070,131591
[Recv] <<< 23:c9:cc:4b:a0:3a,58851,-30,2049,64.00,35.51,64,131134,131655
[Recv] <<< 23:c9:cc:4b:a0:3a,58852,-30,2050,63.98,35.51,30,131164,131685
[Recv] <<< 23:c9:cc:4b:a0:3a,58853,-31,2051,63.97,35.51,40,131204,131725
[Recv] <<< 23:c9:cc:4b:a0:3a,58854,-30,2052,63.96,35.51,33,131237,131758
[Recv] <<< 23:c9:cc:4b:a0:3a,58855,-37,2053,63.95,35.51,44,131281,131802
[Recv] <<< 23:c9:cc:4b:a0:3a,58856,-30,2054,63.93,35.51,26,131307,131828
[Recv] <<< 23:c9:cc:4b:a0:3a,58857,-30,2055,63.92,35.51,41,131348,131869
[Recv] <<< 23:c9:cc:4b:a0:3a,58858,-30,2056,63.90,35.51,26,131374,131895
[Recv] <<< 23:c9:cc:4b:a0:3a,58859,-37,2057,63.89,35.51,43,131417,131938
[Recv] <<< 23:c9:cc:4b:a0:3a,58862,-31,2058,63.91,35.51,105,131522,132043
[Recv] <<< 23:c9:cc:4b:a0:3a,58864,-37,2059,63.91,35.51,71,131593,132114
[Recv] <<< 23:c9:cc:4b:a0:3a,58867,-31,2060,63.93,35.51,103,131696,132217
[Recv] <<< 23:c9:cc:4b:a0:3a,58868,-31,2061,63.91,35.51,31,131727,132248
[Recv] <<< 23:c9:cc:4b:a0:3a,58870,-28,2062,63.92,35.50,66,131793,132314
[Recv] <<< 23:c9:cc:4b:a0:3a,58873,-37,2063,63.93,35.50,99,131892,132413
[Recv] <<< 23:c9:cc:4b:a0:3a,58874,-37,2064,63.92,35.50,38,131930,132451
[Recv] <<< 23:c9:cc:4b:a0:3a,58877,-30,2065,63.93,35.50,87,132017,132538
[Recv] <<< 23:c9:cc:4b:a0:3a,58878,-30,2066,63.92,35.50,35,132052,132573
[Recv] <<< 23:c9:cc:4b:a0:3a,58879,-31,2067,63.90,35.50,31,132083,132604
[Recv] <<< 23:c9:cc:4b:a0:3a,58880,-30,2068,63.89,35.50,38,132121,132642
[Recv] <<< 23:c9:cc:4b:a0:3a,58881,-30,2069,63.87,35.50,35,132156,132677
[Recv] <<< 23:c9:cc:4b:a0:3a,58882,-31,2070,63.86,35.50,32,132188,132709
[Recv] <<< 23:c9:cc:4b:a0:3a,58888,-37,2071,63.94,35.50,224,132412,132933
[Recv] <<< 23:c9:cc:4b:a0:3a,58891,-31,2072,63.95,35.50,92,132504,133025
[Recv] <<< 23:c9:cc:4b:a0:3a,58893,-31,2073,63.95,35.49,62,132566,133087
[Recv] <<< 23:c9:cc:4b:a0:3a,58899,-28,2074,64.02,35.49,204,132770,133291
[Recv] <<< 23:c9:cc:4b:a0:3a,58900,-28,2075,64.00,35.49,35,132805,133326
[Recv] <<< 23:c9:cc:4b:a0:3a,58901,-28,2076,63.99,35.49,31,132836,133357
[Recv] <<< 23:c9:cc:4b:a0:3a,58902,-28,2077,63.97,35.49,37,132873,133394
[Recv] <<< 23:c9:cc:4b:a0:3a,58904,-28,2078,63.97,35.49,65,132938,133459
[Recv] <<< 23:c9:cc:4b:a0:3a,58905,-28,2079,63.96,35.49,40,132978,133499
[Recv] <<< 23:c9:cc:4b:a0:3a,58935,-30,2080,64.42,35.47,1011,133989,134510
[Recv] <<< 23:c9:cc:4b:a0:3a,58936,-30,2081,64.40,35.48,37,134026,134547
[Recv] <<< 23:c9:cc:4b:a0:3a,58938,-31,2082,64.41,35.47,69,134095,134616
[Recv] <<< 23:c9:cc:4b:a0:3a,58939,-31,2083,64.40,35.48,42,134137,134658
[Recv] <<< 23:c9:cc:4b:a0:3a,58940,-31,2084,64.38,35.48,31,134168,134689
[Recv] <<< 23:c9:cc:4b:a0:3a,58942,-31,2085,64.38,35.47,58,134226,134747
[Recv] <<< 23:c9:cc:4b:a0:3a,58943,-28,2086,64.36,35.47,37,134263,134784
[Recv] <<< 23:c9:cc:4b:a0:3a,58944,-28,2087,64.35,35.47,31,134294,134815
[Recv] <<< 23:c9:cc:4b:a0:3a,58948,-28,2088,64.38,35.47,141,134435,134956
[Recv] <<< 23:c9:cc:4b:a0:3a,58950,-31,2089,64.39,35.47,73,134508,135029
[Recv] <<< 23:c9:cc:4b:a0:3a,58951,-31,2090,64.37,35.47,35,134543,135064
[Recv] <<< 23:c9:cc:4b:a0:3a,58952,-37,2091,64.36,35.47,43,134586,135107
[Recv] <<< 23:c9:cc:4b:a0:3a,58953,-37,2092,64.35,35.47,34,134620,135141
[Recv] <<< 23:c9:cc:4b:a0:3a,58954,-37,2093,64.34,35.47,40,134660,135181
[Recv] <<< 23:c9:cc:4b:a0:3a,58956,-37,2094,64.34,35.47,63,134723,135244
[Recv] <<< 23:c9:cc:4b:a0:3a,58957,-31,2095,64.32,35.47,27,134750,135271
[Recv] <<< 23:c9:cc:4b:a0:3a,58956,-37,2096,64.31,35.49,40,134790,135311
[Recv] <<< 23:c9:cc:4b:a0:3a,5895,6,2097,64.29,-2.74,20,134810,135331
[Recv] <<< 23:c9:cc:4b:a0:3a,59000,-28,2098,64.96,35.47,1472,136282,136803
[Recv] <<< 23:c9:cc:4b:a0:3a,59021,-31,1,1.00,1.00,640,1,137443
[Recv] <<< 23:c9:cc:4b:a0:3a,59026,-37,2,125.50,41.83,250,251,137693
[Recv] <<< 23:c9:cc:4b:a0:3a,59086,-28,3,797.67,36.26,2142,2393,139835
[Recv] <<< 23:c9:cc:4b:a0:3a,262577,-34,1,86.00,86.00,6349532,86,6349532
[Recv] <<< 23:c9:cc:4b:a0:3a,262578,-34,2,60.00,60.00,34,120,6349566
[Recv] <<< 23:c9:cc:4b:a0:3a,262579,-34,3,50.00,50.00,30,150,6349596
[Recv] <<< 23:c9:cc:4b:a0:3a,262580,-32,4,46.25,46.25,35,185,6349631
[Recv] <<< 23:c9:cc:4b:a0:3a,262581,-32,5,43.00,43.00,30,215,6349661
[Recv] <<< 23:c9:cc:4b:a0:3a,262582,-32,6,40.83,40.83,30,245,6349691
[Recv] <<< 23:c9:cc:4b:a0:3a,262583,-32,7,40.57,40.57,39,284,6349730
[Recv] <<< 23:c9:cc:4b:a0:3a,262585,-32,8,44.38,39.44,71,355,6349801
[Recv] <<< 23:c9:cc:4b:a0:3a,262586,-32,9,43.78,39.40,39,394,6349840
[Recv] <<< 23:c9:cc:4b:a0:3a,262587,-32,10,42.60,38.73,32,426,6349872
[Recv] <<< 23:c9:cc:4b:a0:3a,262588,-32,11,42.09,38.58,37,463,6349909
[Recv] <<< 23:c9:cc:4b:a0:3a,262589,-32,12,41.00,37.85,29,492,6349938
[Recv] <<< 23:c9:cc:4b:a0:3a,262590,-32,13,40.69,37.79,37,529,6349975
[Recv] <<< 23:c9:cc:4b:a0:3a,262592,-32,14,42.57,37.25,67,596,6350042
[Recv] <<< 23:c9:cc:4b:a0:3a,262593,-32,15,41.80,36.88,31,627,6350073
[Recv] <<< 23:c9:cc:4b:a0:3a,262594,-32,16,41.38,36.78,35,662,6350108
[Recv] <<< 23:c9:cc:4b:a0:3a,262595,-32,17,40.71,36.42,30,692,6350138
[Recv] <<< 23:c9:cc:4b:a0:3a,262596,-32,18,40.39,36.35,35,727,6350173
[Recv] <<< 23:c9:cc:4b:a0:3a,262600,-32,19,45.37,35.92,135,862,6350308
[Recv] <<< 23:c9:cc:4b:a0:3a,262602,-32,20,47.00,36.15,78,940,6350386
[Recv] <<< 23:c9:cc:4b:a0:3a,262603,-32,21,46.57,36.22,38,978,6350424
[Recv] <<< 23:c9:cc:4b:a0:3a,262604,-34,22,46.27,36.36,40,1018,6350464
[Recv] <<< 23:c9:cc:4b:a0:3a,262606,-34,23,47.39,36.33,72,1090,6350536
[Recv] <<< 23:c9:cc:4b:a0:3a,262608,-32,24,48.08,36.06,64,1154,6350600
[Recv] <<< 23:c9:cc:4b:a0:3a,262609,-32,25,47.32,35.85,29,1183,6350629
[Recv] <<< 23:c9:cc:4b:a0:3a,262611,-34,26,48.42,35.97,76,1259,6350705
[Recv] <<< 23:c9:cc:4b:a0:3a,262612,-35,27,47.85,35.89,33,1292,6350738
[Recv] <<< 23:c9:cc:4b:a0:3a,262614,-34,28,48.61,35.82,69,1361,6350807
[Recv] <<< 23:c9:cc:4b:a0:3a,262615,-34,29,48.07,35.74,33,1394,6350840
[Recv] <<< 23:c9:cc:4b:a0:3a,262616,-34,30,47.60,35.70,34,1428,6350874
[Recv] <<< 23:c9:cc:4b:a0:3a,262617,-34,31,47.13,35.63,33,1461,6350907
[Recv] <<< 23:c9:cc:4b:a0:3a,262619,-34,32,47.97,35.70,74,1535,6350981
[Recv] <<< 23:c9:cc:4b:a0:3a,262621,-34,33,48.42,35.51,63,1598,6351044
[Recv] <<< 23:c9:cc:4b:a0:3a,262622,-40,34,48.32,35.72,45,1643,6351089
[Recv] <<< 23:c9:cc:4b:a0:3a,262623,-40,35,48.03,35.77,38,1681,6351127
[Recv] <<< 23:c9:cc:4b:a0:3a,262626,-43,36,49.33,35.52,95,1776,6351222
[Recv] <<< 23:c9:cc:4b:a0:3a,262627,-40,37,49.08,35.61,40,1816,6351262
[Recv] <<< 23:c9:cc:4b:a0:3a,262628,-40,38,48.50,35.44,27,1843,6351289
[Recv] <<< 23:c9:cc:4b:a0:3a,262629,-40,39,48.28,35.53,40,1883,6351329
[Recv] <<< 23:c9:cc:4b:a0:3a,262632,-32,40,49.65,35.46,103,1986,6351432
[Recv] <<< 23:c9:cc:4b:a0:3a,262633,-32,41,49.41,35.54,40,2026,6351472
[Recv] <<< 23:c9:cc:4b:a0:3a,262634,-32,42,48.88,35.40,27,2053,6351499
[Recv] <<< 23:c9:cc:4b:a0:3a,262635,-32,43,48.49,35.34,32,2085,6351531
[Recv] <<< 23:c9:cc:4b:a0:3a,262636,-32,44,48.14,35.30,33,2118,6351564
[Recv] <<< 23:c9:cc:4b:a0:3a,262637,-32,45,47.91,35.34,38,2156,6351602
[Recv] <<< 23:c9:cc:4b:a0:3a,262638,-32,46,47.52,35.26,30,2186,6351632
[Recv] <<< 23:c9:cc:4b:a0:3a,262639,-32,47,47.17,35.19,31,2217,6351663
[Recv] <<< 23:c9:cc:4b:a0:3a,262640,-32,48,46.83,35.12,31,2248,6351694
[Recv] <<< 23:c9:cc:4b:a0:3a,262641,-32,49,46.53,35.08,32,2280,6351726
[Recv] <<< 23:c9:cc:4b:a0:3a,262642,-32,50,46.32,35.09,36,2316,6351762
[Recv] <<< 23:c9:cc:4b:a0:3a,262648,-34,51,49.25,34.89,196,2512,6351958
[Recv] <<< 23:c9:cc:4b:a0:3a,262661,-32,52,56.67,34.67,435,2947,6352393
[Recv] <<< 23:c9:cc:4b:a0:3a,262666,-32,53,58.96,34.72,178,3125,6352571
[Recv] <<< 23:c9:cc:4b:a0:3a,262668,-40,54,59.00,34.63,61,3186,6352632
[Recv] <<< 23:c9:cc:4b:a0:3a,262669,-40,55,58.45,34.57,29,3215,6352661
[Recv] <<< 23:c9:cc:4b:a0:3a,262672,-40,56,59.25,34.56,103,3318,6352764
[Recv] <<< 23:c9:cc:4b:a0:3a,262674,-40,57,59.39,34.54,67,3385,6352831
[Recv] <<< 23:c9:cc:4b:a0:3a,262678,-34,58,60.60,34.46,130,3515,6352961
[Recv] <<< 23:c9:cc:4b:a0:3a,262679,-34,59,60.14,34.45,33,3548,6352994
[Recv] <<< 23:c9:cc:4b:a0:3a,262680,-34,60,59.72,34.45,35,3583,6353029
[Recv] <<< 23:c9:cc:4b:a0:3a,262681,-34,61,59.28,34.44,33,3616,6353062
[Recv] <<< 23:c9:cc:4b:a0:3a,262682,-34,62,58.81,34.40,30,3646,6353092
[Recv] <<< 23:c9:cc:4b:a0:3a,262683,-34,63,58.43,34.40,35,3681,6353127
[Recv] <<< 23:c9:cc:4b:a0:3a,262687,-34,64,59.67,34.41,138,3819,6353265
[Recv] <<< 23:c9:cc:4b:a0:3a,262688,-34,65,59.22,34.37,30,3849,6353295
[Recv] <<< 23:c9:cc:4b:a0:3a,262689,-34,66,58.83,34.36,34,3883,6353329
[Recv] <<< 23:c9:cc:4b:a0:3a,262692,-32,67,59.46,34.34,101,3984,6353430
[Recv] <<< 23:c9:cc:4b:a0:3a,262694,-32,68,59.59,34.34,68,4052,6353498
[Recv] <<< 23:c9:cc:4b:a0:3a,262695,-32,69,59.16,34.30,30,4082,6353528
[Recv] <<< 23:c9:cc:4b:a0:3a,262696,-32,70,58.77,34.28,32,4114,6353560
[Recv] <<< 23:c9:cc:4b:a0:3a,262697,-32,71,58.44,34.29,35,4149,6353595
[Recv] <<< 23:c9:cc:4b:a0:3a,262729,-40,72,72.74,34.23,1088,5237,6354683
[Recv] <<< 23:c9:cc:4b:a0:3a,262730,-32,73,72.29,34.27,40,5277,6354723
[Recv] <<< 23:c9:cc:4b:a0:3a,262731,-32,74,71.92,34.34,45,5322,6354768
[Recv] <<< 23:c9:cc:4b:a0:3a,262732,-32,75,71.28,34.27,24,5346,6354792
[Recv] <<< 23:c9:cc:4b:a0:3a,262733,-32,76,70.88,34.31,41,5387,6354833
[Recv] <<< 23:c9:cc:4b:a0:3a,262734,-32,77,70.39,34.30,33,5420,6354866
[Recv] <<< 23:c9:cc:4b:a0:3a,262736,-40,78,70.28,34.26,62,5482,6354928
[Recv] <<< 23:c9:cc:4b:a0:3a,262737,-40,79,69.78,34.24,31,5513,6354959
[Recv] <<< 23:c9:cc:4b:a0:3a,262738,-40,80,69.40,34.27,39,5552,6354998
[Recv] <<< 23:c9:cc:4b:a0:3a,262739,-40,81,68.95,34.26,33,5585,6355031
[Recv] <<< 23:c9:cc:4b:a0:3a,262740,-40,82,68.51,34.26,33,5618,6355064
[Recv] <<< 23:c9:cc:4b:a0:3a,262741,-40,83,68.16,34.28,39,5657,6355103
[Recv] <<< 23:c9:cc:4b:a0:3a,262742,-40,84,67.64,34.23,25,5682,6355128
[Recv] <<< 23:c9:cc:4b:a0:3a,262744,-34,85,67.64,34.22,67,5749,6355195
[Recv] <<< 23:c9:cc:4b:a0:3a,262745,-34,86,67.27,34.23,36,5785,6355231
[Recv] <<< 23:c9:cc:4b:a0:3a,262746,-32,87,66.77,34.17,24,5809,6355255
[Recv] <<< 23:c9:cc:4b:a0:3a,262747,-32,88,66.44,34.19,38,5847,6355293
[Recv] <<< 23:c9:cc:4b:a0:3a,262748,-32,89,66.09,34.20,35,5882,6355328
[Recv] <<< 23:c9:cc:4b:a0:3a,262749,-32,90,65.70,34.18,31,5913,6355359
[Recv] <<< 23:c9:cc:4b:a0:3a,262750,-32,91,65.34,34.17,33,5946,6355392
[Recv] <<< 23:c9:cc:4b:a0:3a,262755,-32,92,66.51,34.18,173,6119,6355565
[Recv] <<< 23:c9:cc:4b:a0:3a,262756,-32,93,66.18,34.19,36,6155,6355601
[Recv] <<< 23:c9:cc:4b:a0:3a,262757,-34,94,65.83,34.19,33,6188,6355634
[Recv] <<< 23:c9:cc:4b:a0:3a,262758,-34,95,65.54,34.21,38,6226,6355672
[Recv] <<< 23:c9:cc:4b:a0:3a,262759,-34,96,65.23,34.22,36,6262,6355708
[Recv] <<< 23:c9:cc:4b:a0:3a,262761,-35,97,65.25,34.21,67,6329,6355775
[Recv] <<< 23:c9:cc:4b:a0:3a,262772,-40,98,68.27,34.13,361,6690,6356136
[Recv] <<< 23:c9:cc:4b:a0:3a,262773,-40,99,67.90,34.12,32,6722,6356168
[Recv] <<< 23:c9:cc:4b:a0:3a,262774,-40,100,67.53,34.11,31,6753,6356199
[Recv] <<< 23:c9:cc:4b:a0:3a,262776,-32,101,67.66,34.17,81,6834,6356280
[Recv] <<< 23:c9:cc:4b:a0:3a,262778,-40,102,67.63,34.15,64,6898,6356344
[Recv] <<< 23:c9:cc:4b:a0:3a,262779,-40,103,67.23,34.11,27,6925,6356371
[Recv] <<< 23:c9:cc:4b:a0:3a,262780,-40,104,66.95,34.13,38,6963,6356409
[Recv] <<< 23:c9:cc:4b:a0:3a,262781,-32,105,66.73,34.18,44,7007,6356453
[Recv] <<< 23:c9:cc:4b:a0:3a,262783,-32,106,66.68,34.14,61,7068,6356514
[Recv] <<< 23:c9:cc:4b:a0:3a,262784,-32,107,66.41,34.16,38,7106,6356552
[Recv] <<< 23:c9:cc:4b:a0:3a,262785,-32,108,66.14,34.18,37,7143,6356589
[Recv] <<< 23:c9:cc:4b:a0:3a,262786,-32,109,65.83,34.17,33,7176,6356622
[Recv] <<< 23:c9:cc:4b:a0:3a,262787,-32,110,65.54,34.17,33,7209,6356655
[Recv] <<< 23:c9:cc:4b:a0:3a,262788,-32,111,65.22,34.15,30,7239,6356685
[Recv] <<< 23:c9:cc:4b:a0:3a,262792,-40,112,65.76,34.10,126,7365,6356811
[Recv] <<< 23:c9:cc:4b:a0:3a,262793,-40,113,65.51,34.12,38,7403,6356849
[Recv] <<< 23:c9:cc:4b:a0:3a,262795,-40,114,65.55,34.12,70,7473,6356919
[Recv] <<< 23:c9:cc:4b:a0:3a,262796,-40,115,65.36,34.16,43,7516,6356962
[Recv] <<< 23:c9:cc:4b:a0:3a,262797,-40,116,65.03,34.13,27,7543,6356989
[Recv] <<< 23:c9:cc:4b:a0:3a,262798,-40,117,64.77,34.14,35,7578,6357024
[Recv] <<< 23:c9:cc:4b:a0:3a,262799,-40,118,64.48,34.12,31,7609,6357055
[Recv] <<< 23:c9:cc:4b:a0:3a,262800,-40,119,64.26,34.14,38,7647,6357093
[Recv] <<< 23:c9:cc:4b:a0:3a,262801,-40,120,63.97,34.12,29,7676,6357122
[Recv] <<< 23:c9:cc:4b:a0:3a,262802,-40,121,63.72,34.12,34,7710,6357156
[Recv] <<< 23:c9:cc:4b:a0:3a,262803,-40,122,63.48,34.12,35,7745,6357191
[Recv] <<< 23:c9:cc:4b:a0:3a,262804,-40,123,63.22,34.11,31,7776,6357222
[Recv] <<< 23:c9:cc:4b:a0:3a,262805,-40,124,63.02,34.12,38,7814,6357260
[Recv] <<< 23:c9:cc:4b:a0:3a,262806,-34,125,62.71,34.08,25,7839,6357285
[Recv] <<< 23:c9:cc:4b:a0:3a,262807,-34,126,62.48,34.08,33,7872,6357318
[Recv] <<< 23:c9:cc:4b:a0:3a,262808,-35,127,62.26,34.08,35,7907,6357353
[Recv] <<< 23:c9:cc:4b:a0:3a,262809,-34,128,62.04,34.08,34,7941,6357387
[Recv] <<< 23:c9:cc:4b:a0:3a,262814,-34,129,62.85,34.07,167,8108,6357554
[Recv] <<< 23:c9:cc:4b:a0:3a,262816,-32,130,62.92,34.08,72,8180,6357626
[Recv] <<< 23:c9:cc:4b:a0:3a,262817,-32,131,62.62,34.04,23,8203,6357649
[Recv] <<< 23:c9:cc:4b:a0:3a,262818,-32,132,62.42,34.05,36,8239,6357685
[Recv] <<< 23:c9:cc:4b:a0:3a,262828,-40,133,64.50,34.04,339,8578,6358024
[Recv] <<< 23:c9:cc:4b:a0:3a,262832,-34,134,64.96,34.00,127,8705,6358151
[Recv] <<< 23:c9:cc:4b:a0:3a,262833,-34,135,64.74,34.01,35,8740,6358186
[Recv] <<< 23:c9:cc:4b:a0:3a,262834,-32,136,64.44,33.97,24,8764,6358210
[Recv] <<< 23:c9:cc:4b:a0:3a,262835,-32,137,64.22,33.97,34,8798,6358244
[Recv] <<< 23:c9:cc:4b:a0:3a,262837,-32,138,64.24,33.97,67,8865,6358311
[Recv] <<< 23:c9:cc:4b:a0:3a,262838,-32,139,64.04,33.98,37,8902,6358348
[Recv] <<< 23:c9:cc:4b:a0:3a,262839,-40,140,63.78,33.95,27,8929,6358375
[Recv] <<< 23:c9:cc:4b:a0:3a,262840,-32,141,63.65,33.99,45,8974,6358420
[Recv] <<< 23:c9:cc:4b:a0:3a,262841,-32,142,63.42,33.98,31,9005,6358451
[Recv] <<< 23:c9:cc:4b:a0:3a,262843,-32,143,63.48,34.00,72,9077,6358523
[Recv] <<< 23:c9:cc:4b:a0:3a,262844,-32,144,63.30,34.01,38,9115,6358561
[Recv] <<< 23:c9:cc:4b:a0:3a,262846,-32,145,63.36,34.03,72,9187,6358633
[Recv] <<< 23:c9:cc:4b:a0:3a,262847,-32,146,63.14,34.01,31,9218,6358664
[Recv] <<< 23:c9:cc:4b:a0:3a,262849,-32,147,63.19,34.03,71,9289,6358735
[Recv] <<< 23:c9:cc:4b:a0:3a,262850,-40,148,62.94,34.00,26,9315,6358761
[Recv] <<< 23:c9:cc:4b:a0:3a,262851,-40,149,62.74,33.99,33,9348,6358794
[Recv] <<< 23:c9:cc:4b:a0:3a,262852,-40,150,62.56,34.00,36,9384,6358830
[Recv] <<< 23:c9:cc:4b:a0:3a,262853,-32,151,62.40,34.01,38,9422,6358868
[Recv] <<< 23:c9:cc:4b:a0:3a,262854,-40,152,62.24,34.03,39,9461,6358907
[Recv] <<< 23:c9:cc:4b:a0:3a,262855,-40,153,62.01,34.01,27,9488,6358934
[Recv] <<< 23:c9:cc:4b:a0:3a,262856,-40,154,61.82,34.00,33,9521,6358967
[Recv] <<< 23:c9:cc:4b:a0:3a,262857,-40,155,61.63,33.99,31,9552,6358998
[Recv] <<< 23:c9:cc:4b:a0:3a,262858,-40,156,61.44,33.99,32,9584,6359030
[Recv] <<< 23:c9:cc:4b:a0:3a,262859,-40,157,61.24,33.97,30,9614,6359060
[Recv] <<< 23:c9:cc:4b:a0:3a,262862,-40,158,61.55,34.00,111,9725,6359171
[Recv] <<< 23:c9:cc:4b:a0:3a,262863,-40,159,61.43,34.03,42,9767,6359213
[Recv] <<< 23:c9:cc:4b:a0:3a,262865,-40,160,61.50,34.05,73,9840,6359286
[Recv] <<< 23:c9:cc:4b:a0:3a,262867,-40,161,61.58,34.07,74,9914,6359360
[Recv] <<< 23:c9:cc:4b:a0:3a,262875,-40,162,62.96,34.11,286,10200,6359646
[Recv] <<< 23:c9:cc:4b:a0:3a,262877,-40,163,63.03,34.13,74,10274,6359720
[Recv] <<< 23:c9:cc:4b:a0:3a,262878,-40,164,62.84,34.12,31,10305,6359751
[Recv] <<< 23:c9:cc:4b:a0:3a,262879,-32,165,62.70,34.15,41,10346,6359792
[Recv] <<< 23:c9:cc:4b:a0:3a,262881,-40,166,62.71,34.13,64,10410,6359856
[Recv] <<< 23:c9:cc:4b:a0:3a,262882,-40,167,62.51,34.12,30,10440,6359886
[Recv] <<< 23:c9:cc:4b:a0:3a,262883,-40,168,62.34,34.11,33,10473,6359919
[Recv] <<< 23:c9:cc:4b:a0:3a,262885,-40,169,62.37,34.11,67,10540,6359986
[Recv] <<< 23:c9:cc:4b:a0:3a,262886,-32,170,62.25,34.14,42,10582,6360028
[Recv] <<< 23:c9:cc:4b:a0:3a,262899,-40,171,64.44,34.12,438,11020,6360466
[Recv] <<< 23:c9:cc:4b:a0:3a,262901,-40,172,64.49,34.13,73,11093,6360539
[Recv] <<< 23:c9:cc:4b:a0:3a,262904,-40,173,64.67,34.11,95,11188,6360634
[Recv] <<< 23:c9:cc:4b:a0:3a,262908,-34,174,65.09,34.11,138,11326,6360772
[Recv] <<< 23:c9:cc:4b:a0:3a,262909,-35,175,64.89,34.10,30,11356,6360802
[Recv] <<< 23:c9:cc:4b:a0:3a,262932,-34,176,68.89,34.06,769,12125,6361571
[Recv] <<< 23:c9:cc:4b:a0:3a,262933,-32,177,68.65,34.04,26,12151,6361597
[Recv] <<< 23:c9:cc:4b:a0:3a,262934,-34,178,68.49,34.06,41,12192,6361638
[Recv] <<< 23:c9:cc:4b:a0:3a,262941,-34,179,69.46,34.06,241,12433,6361879
[Recv] <<< 23:c9:cc:4b:a0:3a,262942,-32,180,69.23,34.05,28,12461,6361907
[Recv] <<< 23:c9:cc:4b:a0:3a,262943,-32,181,69.03,34.04,33,12494,6361940
[Recv] <<< 23:c9:cc:4b:a0:3a,262945,-34,182,69.06,34.06,75,12569,6362015
[Recv] <<< 23:c9:cc:4b:a0:3a,262949,-32,183,69.38,34.04,127,12696,6362142
[Recv] <<< 23:c9:cc:4b:a0:3a,262950,-32,184,69.23,34.06,42,12738,6362184
[Recv] <<< 23:c9:cc:4b:a0:3a,262951,-32,185,69.02,34.05,31,12769,6362215
[Recv] <<< 23:c9:cc:4b:a0:3a,262952,-32,186,68.81,34.04,29,12798,6362244
[Recv] <<< 23:c9:cc:4b:a0:3a,262953,-32,187,68.60,34.03,30,12828,6362274
[Recv] <<< 23:c9:cc:4b:a0:3a,262954,-34,188,68.48,34.06,46,12874,6362320
[Recv] <<< 23:c9:cc:4b:a0:3a,262955,-34,189,68.31,34.07,37,12911,6362357
[Recv] <<< 23:c9:cc:4b:a0:3a,262957,-34,190,68.28,34.05,62,12973,6362419
[Recv] <<< 23:c9:cc:4b:a0:3a,262958,-34,191,68.10,34.05,34,13007,6362453
[Recv] <<< 23:c9:cc:4b:a0:3a,262960,-32,192,68.04,34.02,56,13063,6362509
[Recv] <<< 23:c9:cc:4b:a0:3a,262963,-34,193,68.25,34.04,110,13173,6362619
[Recv] <<< 23:c9:cc:4b:a0:3a,262967,-32,194,68.54,34.01,124,13297,6362743
[Recv] <<< 23:c9:cc:4b:a0:3a,262968,-32,195,68.39,34.02,39,13336,6362782
[Recv] <<< 23:c9:cc:4b:a0:3a,262970,-32,196,68.39,34.02,68,13404,6362850
[Recv] <<< 23:c9:cc:4b:a0:3a,262971,-32,197,68.22,34.02,35,13439,6362885
[Recv] <<< 23:c9:cc:4b:a0:3a,262972,-32,198,68.03,34.01,30,13469,6362915
[Recv] <<< 23:c9:cc:4b:a0:3a,262976,-40,199,68.35,34.00,132,13601,6363047
[Recv] <<< 23:c9:cc:4b:a0:3a,262977,-40,200,68.20,34.01,39,13640,6363086
[Recv] <<< 23:c9:cc:4b:a0:3a,262979,-40,201,68.18,34.01,65,13705,6363151
[Recv] <<< 23:c9:cc:4b:a0:3a,262980,-40,202,68.03,34.02,38,13743,6363189
[Recv] <<< 23:c9:cc:4b:a0:3a,262981,-40,203,67.84,34.00,29,13772,6363218
[Recv] <<< 23:c9:cc:4b:a0:3a,262985,-40,204,68.23,34.03,146,13918,6363364
[Recv] <<< 23:c9:cc:4b:a0:3a,262986,-40,205,68.02,34.01,26,13944,6363390
[Recv] <<< 23:c9:cc:4b:a0:3a,262990,-34,206,68.35,34.01,137,14081,6363527
[Recv] <<< 23:c9:cc:4b:a0:3a,262991,-34,207,68.18,34.01,32,14113,6363559
[Recv] <<< 23:c9:cc:4b:a0:3a,262992,-34,208,68.02,34.01,36,14149,6363595
[Recv] <<< 23:c9:cc:4b:a0:3a,262993,-34,209,67.86,34.01,33,14182,6363628
[Recv] <<< 23:c9:cc:4b:a0:3a,262994,-34,210,67.70,34.01,36,14218,6363664
[Recv] <<< 23:c9:cc:4b:a0:3a,262995,-34,211,67.55,34.02,35,14253,6363699
[Recv] <<< 23:c9:cc:4b:a0:3a,262996,-34,212,67.39,34.02,34,14287,6363733
[Recv] <<< 23:c9:cc:4b:a0:3a,262997,-35,213,67.22,34.01,30,14317,6363763
[Recv] <<< 23:c9:cc:4b:a0:3a,262998,-34,214,67.08,34.02,38,14355,6363801
[Recv] <<< 23:c9:cc:4b:a0:3a,263000,-40,215,67.11,34.03,74,14429,6363875
[Recv] <<< 23:c9:cc:4b:a0:3a,263001,-40,216,66.97,34.04,37,14466,6363912
[Recv] <<< 23:c9:cc:4b:a0:3a,263002,-40,217,66.83,34.04,36,14502,6363948
[Recv] <<< 23:c9:cc:4b:a0:3a,263003,-40,218,66.67,34.04,33,14535,6363981
[Recv] <<< 23:c9:cc:4b:a0:3a,263004,-40,219,66.53,34.04,36,14571,6364017
[Recv] <<< 23:c9:cc:4b:a0:3a,263010,-34,220,67.12,34.02,195,14766,6364212
[Recv] <<< 23:c9:cc:4b:a0:3a,263011,-34,221,66.96,34.02,33,14799,6364245
[Recv] <<< 23:c9:cc:4b:a0:3a,263013,-34,222,67.00,34.04,75,14874,6364320
[Recv] <<< 23:c9:cc:4b:a0:3a,263022,-32,223,68.04,34.02,298,15172,6364618
[Recv] <<< 23:c9:cc:4b:a0:3a,263023,-32,224,67.88,34.02,34,15206,6364652
[Recv] <<< 23:c9:cc:4b:a0:3a,263024,-32,225,67.72,34.01,31,15237,6364683
[Recv] <<< 23:c9:cc:4b:a0:3a,263025,-32,226,67.60,34.02,40,15277,6364723
[Recv] <<< 23:c9:cc:4b:a0:3a,263026,-32,227,67.43,34.02,30,15307,6364753
[Recv] <<< 23:c9:cc:4b:a0:3a,263027,-32,228,67.27,34.01,31,15338,6364784
[Recv] <<< 23:c9:cc:4b:a0:3a,263028,-40,229,67.10,33.99,27,15365,6364811
[Recv] <<< 23:c9:cc:4b:a0:3a,263030,-40,230,67.13,34.01,74,15439,6364885
[Recv] <<< 23:c9:cc:4b:a0:3a,263033,-40,231,67.28,34.01,103,15542,6364988
[Recv] <<< 23:c9:cc:4b:a0:3a,263034,-40,232,67.12,34.00,30,15572,6365018
[Recv] <<< 23:c9:cc:4b:a0:3a,263035,-40,233,66.96,33.99,30,15602,6365048
[Recv] <<< 23:c9:cc:4b:a0:3a,263037,-34,234,67.05,34.03,87,15689,6365135
[Recv] <<< 23:c9:cc:4b:a0:3a,263038,-34,235,66.93,34.04,39,15728,6365174
[Recv] <<< 23:c9:cc:4b:a0:3a,263039,-34,236,66.77,34.03,29,15757,6365203
[Recv] <<< 23:c9:cc:4b:a0:3a,263040,-34,237,66.64,34.04,36,15793,6365239
[Recv] <<< 23:c9:cc:4b:a0:3a,263041,-34,238,66.48,34.03,30,15823,6365269
[Recv] <<< 23:c9:cc:4b:a0:3a,263043,-32,239,66.48,34.02,65,15888,6365334
[Recv] <<< 23:c9:cc:4b:a0:3a,263045,-32,240,66.47,34.01,64,15952,6365398
[Recv] <<< 23:c9:cc:4b:a0:3a,263047,-34,241,66.51,34.03,77,16029,6365475
[Recv] <<< 23:c9:cc:4b:a0:3a,263048,-35,242,66.38,34.03,35,16064,6365510
[Recv] <<< 23:c9:cc:4b:a0:3a,263049,-34,243,66.26,34.04,36,16100,6365546
[Recv] <<< 23:c9:cc:4b:a0:3a,263050,-35,244,66.12,34.04,34,16134,6365580
[Recv] <<< 23:c9:cc:4b:a0:3a,263051,-35,245,66.00,34.04,37,16171,6365617
[Recv] <<< 23:c9:cc:4b:a0:3a,263052,-34,246,65.88,34.05,35,16206,6365652
[Recv] <<< 23:c9:cc:4b:a0:3a,263053,-40,247,65.77,34.06,40,16246,6365692
[Recv] <<< 23:c9:cc:4b:a0:3a,263054,-34,248,65.62,34.05,28,16274,6365720
[Recv] <<< 23:c9:cc:4b:a0:3a,263055,-34,249,65.47,34.03,28,16302,6365748
[Recv] <<< 23:c9:cc:4b:a0:3a,263056,-34,250,65.36,34.04,37,16339,6365785
[Recv] <<< 23:c9:cc:4b:a0:3a,263057,-34,251,65.22,34.04,32,16371,6365817
[Recv] <<< 23:c9:cc:4b:a0:3a,263058,-34,252,65.12,34.05,39,16410,6365856
[Recv] <<< 23:c9:cc:4b:a0:3a,263060,-40,253,65.18,34.07,81,16491,6365937
[Recv] <<< 23:c9:cc:4b:a0:3a,263061,-40,254,65.06,34.07,35,16526,6365972
[Recv] <<< 23:c9:cc:4b:a0:3a,263062,-40,255,64.93,34.07,30,16556,6366002
[Recv] <<< 23:c9:cc:4b:a0:3a,263063,-40,256,64.82,34.07,37,16593,6366039
[Recv] <<< 23:c9:cc:4b:a0:3a,263064,-40,257,64.68,34.06,30,16623,6366069
[Recv] <<< 23:c9:cc:4b:a0:3a,263065,-40,258,64.59,34.08,40,16663,6366109
[Recv] <<< 23:c9:cc:4b:a0:3a,263069,-40,259,64.88,34.09,142,16805,6366251
[Recv] <<< 23:c9:cc:4b:a0:3a,263071,-32,260,64.91,34.09,72,16877,6366323
[Recv] <<< 23:c9:cc:4b:a0:3a,263074,-32,261,65.07,34.10,107,16984,6366430
[Recv] <<< 23:c9:cc:4b:a0:3a,263075,-32,262,64.95,34.10,34,17018,6366464
[Recv] <<< 23:c9:cc:4b:a0:3a,263082,-32,263,65.59,34.09,233,17251,6366697
[Recv] <<< 23:c9:cc:4b:a0:3a,263083,-34,264,65.51,34.11,43,17294,6366740
[Recv] <<< 23:c9:cc:4b:a0:3a,263086,-32,265,65.63,34.10,98,17392,6366838
[Recv] <<< 23:c9:cc:4b:a0:3a,263087,-34,266,65.53,34.11,39,17431,6366877
[Recv] <<< 23:c9:cc:4b:a0:3a,263088,-34,267,65.42,34.12,36,17467,6366913
[Recv] <<< 23:c9:cc:4b:a0:3a,263089,-40,268,65.32,34.12,39,17506,6366952
[Recv] <<< 23:c9:cc:4b:a0:3a,263090,-35,269,65.21,34.13,36,17542,6366988
[Recv] <<< 23:c9:cc:4b:a0:3a,263092,-34,270,65.20,34.12,62,17604,6367050
[Recv] <<< 23:c9:cc:4b:a0:3a,263093,-34,271,65.10,34.13,39,17643,6367089
[Recv] <<< 23:c9:cc:4b:a0:3a,263094,-34,272,64.99,34.13,34,17677,6367123
[Recv] <<< 23:c9:cc:4b:a0:3a,263095,-35,273,64.86,34.12,30,17707,6367153
[Recv] <<< 23:c9:cc:4b:a0:3a,263097,-34,274,64.88,34.12,70,17777,6367223
[Recv] <<< 23:c9:cc:4b:a0:3a,263098,-40,275,64.80,34.14,43,17820,6367266
[Recv] <<< 23:c9:cc:4b:a0:3a,263099,-40,276,64.68,34.13,31,17851,6367297
[Recv] <<< 23:c9:cc:4b:a0:3a,263101,-40,277,64.71,34.14,73,17924,6367370
[Recv] <<< 23:c9:cc:4b:a0:3a,263102,-40,278,64.58,34.13,30,17954,6367400
[Recv] <<< 23:c9:cc:4b:a0:3a,263103,-40,279,64.47,34.13,34,17988,6367434
[Recv] <<< 23:c9:cc:4b:a0:3a,263105,-34,280,64.50,34.14,71,18059,6367505
[Recv] <<< 23:c9:cc:4b:a0:3a,263107,-35,281,64.51,34.14,67,18126,6367572
[Recv] <<< 23:c9:cc:4b:a0:3a,263112,-32,282,64.84,34.11,158,18284,6367730
[Recv] <<< 23:c9:cc:4b:a0:3a,263113,-32,283,64.72,34.11,32,18316,6367762
[Recv] <<< 23:c9:cc:4b:a0:3a,263114,-32,284,64.62,34.11,36,18352,6367798
[Recv] <<< 23:c9:cc:4b:a0:3a,263115,-32,285,64.50,34.11,31,18383,6367829
[Recv] <<< 23:c9:cc:4b:a0:3a,263117,-32,286,64.51,34.11,68,18451,6367897
[Recv] <<< 23:c9:cc:4b:a0:3a,263118,-34,287,64.45,34.13,46,18497,6367943
[Recv] <<< 23:c9:cc:4b:a0:3a,263119,-34,288,64.35,34.13,35,18532,6367978
[Recv] <<< 23:c9:cc:4b:a0:3a,263123,-32,289,64.64,34.15,150,18682,6368128
[Recv] <<< 23:c9:cc:4b:a0:3a,263125,-32,290,64.66,34.15,68,18750,6368196
[Recv] <<< 23:c9:cc:4b:a0:3a,263126,-32,291,64.56,34.16,38,18788,6368234
[Recv] <<< 23:c9:cc:4b:a0:3a,263127,-32,292,64.46,34.16,33,18821,6368267
[Recv] <<< 23:c9:cc:4b:a0:3a,263128,-34,293,64.36,34.16,37,18858,6368304
[Recv] <<< 23:c9:cc:4b:a0:3a,263129,-34,294,64.27,34.17,37,18895,6368341
[Recv] <<< 23:c9:cc:4b:a0:3a,263130,-34,295,64.16,34.16,31,18926,6368372
[Recv] <<< 23:c9:cc:4b:a0:3a,263131,-34,296,64.06,34.16,35,18961,6368407
[Recv] <<< 23:c9:cc:4b:a0:3a,263132,-34,297,63.95,34.16,33,18994,6368440
[Recv] <<< 23:c9:cc:4b:a0:3a,263133,-34,298,63.86,34.17,37,19031,6368477
[Recv] <<< 23:c9:cc:4b:a0:3a,263134,-34,299,63.76,34.17,34,19065,6368511
[Recv] <<< 23:c9:cc:4b:a0:3a,263135,-34,300,63.66,34.16,32,19097,6368543
[Recv] <<< 23:c9:cc:4b:a0:3a,263136,-32,301,63.55,34.16,32,19129,6368575
[Recv] <<< 23:c9:cc:4b:a0:3a,263137,-32,302,63.47,34.17,40,19169,6368615
[Recv] <<< 23:c9:cc:4b:a0:3a,263138,-32,303,63.39,34.17,37,19206,6368652
[Recv] <<< 23:c9:cc:4b:a0:3a,263139,-32,304,63.29,34.17,33,19239,6368685
[Recv] <<< 23:c9:cc:4b:a0:3a,263140,-32,305,63.17,34.16,28,19267,6368713
[Recv] <<< 23:c9:cc:4b:a0:3a,263141,-32,306,63.09,34.17,39,19306,6368752
[Recv] <<< 23:c9:cc:4b:a0:3a,263142,-32,307,62.98,34.16,30,19336,6368782
[Recv] <<< 23:c9:cc:4b:a0:3a,263143,-32,308,62.90,34.17,37,19373,6368819
[Recv] <<< 23:c9:cc:4b:a0:3a,263144,-34,309,62.83,34.18,41,19414,6368860
[Recv] <<< 23:c9:cc:4b:a0:3a,263145,-32,310,62.74,34.18,35,19449,6368895
[Recv] <<< 23:c9:cc:4b:a0:3a,263146,-32,311,62.64,34.18,33,19482,6368928
[Recv] <<< 23:c9:cc:4b:a0:3a,263148,-34,312,62.71,34.20,83,19565,6369011
[Recv] <<< 23:c9:cc:4b:a0:3a,263149,-34,313,62.61,34.20,33,19598,6369044
[Recv] <<< 23:c9:cc:4b:a0:3a,263150,-34,314,62.53,34.20,35,19633,6369079
[Recv] <<< 23:c9:cc:4b:a0:3a,263151,-40,315,62.45,34.21,40,19673,6369119
[Recv] <<< 23:c9:cc:4b:a0:3a,263152,-40,316,62.36,34.21,33,19706,6369152
[Recv] <<< 23:c9:cc:4b:a0:3a,263153,-40,317,62.27,34.21,34,19740,6369186
[Recv] <<< 23:c9:cc:4b:a0:3a,263154,-34,318,62.17,34.21,31,19771,6369217
[Recv] <<< 23:c9:cc:4b:a0:3a,263156,-40,319,62.21,34.21,73,19844,6369290
[Recv] <<< 23:c9:cc:4b:a0:3a,263157,-40,320,62.12,34.21,33,19877,6369323
[Recv] <<< 23:c9:cc:4b:a0:3a,263158,-40,321,62.03,34.21,34,19911,6369357
[Recv] <<< 23:c9:cc:4b:a0:3a,263159,-32,322,61.97,34.23,43,19954,6369400
[Recv] <<< 23:c9:cc:4b:a0:3a,263163,-40,323,62.20,34.23,138,20092,6369538
[Recv] <<< 23:c9:cc:4b:a0:3a,263168,-32,324,62.54,34.23,172,20264,6369710
[Recv] <<< 23:c9:cc:4b:a0:3a,263169,-32,325,62.46,34.23,36,20300,6369746
[Recv] <<< 23:c9:cc:4b:a0:3a,263170,-32,326,62.37,34.23,33,20333,6369779
[Recv] <<< 23:c9:cc:4b:a0:3a,263171,-32,327,62.29,34.23,36,20369,6369815
[Recv] <<< 23:c9:cc:4b:a0:3a,263172,-32,328,62.21,34.23,35,20404,6369850
[Recv] <<< 23:c9:cc:4b:a0:3a,263173,-32,329,62.12,34.23,34,20438,6369884
[Recv] <<< 23:c9:cc:4b:a0:3a,263175,-34,330,62.18,34.25,80,20518,6369964
[Recv] <<< 23:c9:cc:4b:a0:3a,263176,-34,331,62.07,34.24,26,20544,6369990
[Recv] <<< 23:c9:cc:4b:a0:3a,263177,-34,332,61.98,34.24,34,20578,6370024
[Recv] <<< 23:c9:cc:4b:a0:3a,263180,-32,333,62.11,34.24,104,20682,6370128
[Recv] <<< 23:c9:cc:4b:a0:3a,263181,-32,334,62.02,34.24,32,20714,6370160
[Recv] <<< 23:c9:cc:4b:a0:3a,263182,-32,335,61.94,34.24,37,20751,6370197
[Recv] <<< 23:c9:cc:4b:a0:3a,263183,-32,336,61.86,34.24,33,20784,6370230
[Recv] <<< 23:c9:cc:4b:a0:3a,263184,-32,337,61.76,34.23,28,20812,6370258
[Recv] <<< 23:c9:cc:4b:a0:3a,263185,-40,338,61.66,34.22,29,20841,6370287
[Recv] <<< 23:c9:cc:4b:a0:3a,263186,-40,339,61.60,34.24,43,20884,6370330
[Recv] <<< 23:c9:cc:4b:a0:3a,263189,-32,340,61.74,34.25,109,20993,6370439
[Recv] <<< 23:c9:cc:4b:a0:3a,263190,-32,341,61.68,34.26,41,21034,6370480
[Recv] <<< 23:c9:cc:4b:a0:3a,263191,-32,342,61.59,34.25,29,21063,6370509
[Recv] <<< 23:c9:cc:4b:a0:3a,263192,-40,343,61.50,34.24,30,21093,6370539
[Recv] <<< 23:c9:cc:4b:a0:3a,263193,-32,344,61.44,34.26,44,21137,6370583
[Recv] <<< 23:c9:cc:4b:a0:3a,263195,-34,345,61.52,34.29,86,21223,6370669
[Recv] <<< 23:c9:cc:4b:a0:3a,263196,-40,346,61.44,34.29,34,21257,6370703
[Recv] <<< 23:c9:cc:4b:a0:3a,263197,-40,347,61.38,34.30,43,21300,6370746
[Recv] <<< 23:c9:cc:4b:a0:3a,263198,-40,348,61.31,34.30,36,21336,6370782
[Recv] <<< 23:c9:cc:4b:a0:3a,263200,-40,349,61.33,34.30,69,21405,6370851
[Recv] <<< 23:c9:cc:4b:a0:3a,263203,-40,350,61.54,34.35,133,21538,6370984
[Recv] <<< 23:c9:cc:4b:a0:3a,263205,-40,351,61.54,34.34,64,21602,6371048
[Recv] <<< 23:c9:cc:4b:a0:3a,263206,-32,352,61.49,34.36,43,21645,6371091
[Recv] <<< 23:c9:cc:4b:a0:3a,263207,-32,353,61.42,34.36,37,21682,6371128
[Recv] <<< 23:c9:cc:4b:a0:3a,263209,-32,354,61.45,34.37,72,21754,6371200
[Recv] <<< 23:c9:cc:4b:a0:3a,263210,-34,355,61.42,34.39,49,21803,6371249
[Recv] <<< 23:c9:cc:4b:a0:3a,263211,-40,356,61.37,34.41,46,21849,6371295
[Recv] <<< 23:c9:cc:4b:a0:3a,263214,-34,357,61.55,34.44,123,21972,6371418
[Recv] <<< 23:c9:cc:4b:a0:3a,263230,-34,358,63.15,34.57,637,22609,6372055
[Recv] <<< 23:c9:cc:4b:a0:3a,263231,-40,359,63.09,34.58,40,22649,6372095
[Recv] <<< 23:c9:cc:4b:a0:3a,263234,-32,360,63.26,34.61,125,22774,6372220
[Recv] <<< 23:c9:cc:4b:a0:3a,263235,-34,361,63.20,34.62,41,22815,6372261
[Recv] <<< 23:c9:cc:4b:a0:3a,263237,-40,362,63.26,34.64,84,22899,6372345
[Recv] <<< 23:c9:cc:4b:a0:3a,263238,-32,363,63.21,34.66,45,22944,6372390
[Recv] <<< 23:c9:cc:4b:a0:3a,263239,-34,364,63.14,34.67,40,22984,6372430
[Recv] <<< 23:c9:cc:4b:a0:3a,263241,-40,365,63.21,34.69,86,23070,6372516
[Recv] <<< 23:c9:cc:4b:a0:3a,263244,-34,366,63.39,34.73,130,23200,6372646
[Recv] <<< 23:c9:cc:4b:a0:3a,263251,-32,367,64.03,34.81,299,23499,6372945
[Recv] <<< 23:c9:cc:4b:a0:3a,263252,-34,368,63.95,34.81,33,23532,6372978
[Recv] <<< 23:c9:cc:4b:a0:3a,263253,-40,369,63.89,34.82,44,23576,6373022
[Recv] <<< 23:c9:cc:4b:a0:3a,263254,-32,370,63.84,34.84,45,23621,6373067
[Recv] <<< 23:c9:cc:4b:a0:3a,263257,-40,371,64.01,34.87,128,23749,6373195
[Recv] <<< 23:c9:cc:4b:a0:3a,263259,-32,372,64.07,34.90,86,23835,6373281
[Recv] <<< 23:c9:cc:4b:a0:3a,263260,-34,373,64.02,34.91,44,23879,6373325
[Recv] <<< 23:c9:cc:4b:a0:3a,263261,-34,374,63.95,34.92,38,23917,6373363
[Recv] <<< 23:c9:cc:4b:a0:3a,263262,-40,375,63.91,34.94,50,23967,6373413
[Recv] <<< 23:c9:cc:4b:a0:3a,263263,-32,376,63.85,34.95,41,24008,6373454
[Recv] <<< 23:c9:cc:4b:a0:3a,263264,-32,377,63.78,34.95,38,24046,6373492
[Recv] <<< 23:c9:cc:4b:a0:3a,263265,-34,378,63.72,34.96,39,24085,6373531
[Recv] <<< 23:c9:cc:4b:a0:3a,263266,-40,379,63.67,34.97,47,24132,6373578
[Recv] <<< 23:c9:cc:4b:a0:3a,263267,-32,380,63.61,34.98,38,24170,6373616
[Recv] <<< 23:c9:cc:4b:a0:3a,263269,-34,381,63.67,35.00,88,24258,6373704
[Recv] <<< 23:c9:cc:4b:a0:3a,263270,-40,382,63.62,35.02,46,24304,6373750
[Recv] <<< 23:c9:cc:4b:a0:3a,263271,-32,383,63.56,35.02,38,24342,6373788
[Recv] <<< 23:c9:cc:4b:a0:3a,263273,-34,384,63.61,35.04,83,24425,6373871
[Recv] <<< 23:c9:cc:4b:a0:3a,263274,-40,385,63.57,35.07,51,24476,6373922
[Recv] <<< 23:c9:cc:4b:a0:3a,263301,-40,386,66.39,35.35,1151,25627,6375073
[Recv] <<< 23:c9:cc:4b:a0:3a,263302,-32,387,66.32,35.35,37,25664,6375110
[Recv] <<< 23:c9:cc:4b:a0:3a,263303,-32,388,66.26,35.36,46,25710,6375156
[Recv] <<< 23:c9:cc:4b:a0:3a,263304,-34,389,66.20,35.38,43,25753,6375199
[Recv] <<< 23:c9:cc:4b:a0:3a,263312,-34,390,66.90,35.45,339,26092,6375538
[Recv] <<< 23:c9:cc:4b:a0:3a,263320,-32,391,67.59,35.52,337,26429,6375875
[Recv] <<< 23:c9:cc:4b:a0:3a,263321,-35,392,67.54,35.54,45,26474,6375920
[Recv] <<< 23:c9:cc:4b:a0:3a,263322,-40,393,67.47,35.54,41,26515,6375961
[Recv] <<< 23:c9:cc:4b:a0:3a,263324,-32,394,67.50,35.55,79,26594,6376040
[Recv] <<< 23:c9:cc:4b:a0:3a,263325,-34,395,67.45,35.57,49,26643,6376089
[Recv] <<< 23:c9:cc:4b:a0:3a,263327,-40,396,67.48,35.58,80,26723,6376169
[Recv] <<< 23:c9:cc:4b:a0:3a,263330,-34,397,67.63,35.61,126,26849,6376295
[Recv] <<< 23:c9:cc:4b:a0:3a,263332,-40,398,67.67,35.62,83,26932,6376378
[Recv] <<< 23:c9:cc:4b:a0:3a,263334,-32,399,67.68,35.63,73,27005,6376451
[Recv] <<< 23:c9:cc:4b:a0:3a,263335,-34,400,67.63,35.64,46,27051,6376497
[Recv] <<< 23:c9:cc:4b:a0:3a,263337,-40,401,67.66,35.65,82,27133,6376579
[Recv] <<< 23:c9:cc:4b:a0:3a,263338,-40,402,67.59,35.66,37,27170,6376616
[Recv] <<< 23:c9:cc:4b:a0:3a,263340,-32,403,67.63,35.67,83,27253,6376699
[Recv] <<< 23:c9:cc:4b:a0:3a,263341,-34,404,67.56,35.68,41,27294,6376740
[Recv] <<< 23:c9:cc:4b:a0:3a,263342,-40,405,67.50,35.69,42,27336,6376782
[Recv] <<< 23:c9:cc:4b:a0:3a,263343,-32,406,67.45,35.70,47,27383,6376829
[Recv] <<< 23:c9:cc:4b:a0:3a,263344,-32,407,67.38,35.71,39,27422,6376868
[Recv] <<< 23:c9:cc:4b:a0:3a,263346,-34,408,67.39,35.71,75,27497,6376943
[Recv] <<< 23:c9:cc:4b:a0:3a,263347,-40,409,67.33,35.72,42,27539,6376985
[Recv] <<< 23:c9:cc:4b:a0:3a,263348,-40,410,67.27,35.72,40,27579,6377025
[Recv] <<< 23:c9:cc:4b:a0:3a,263349,-32,411,67.20,35.73,42,27621,6377067
[Recv] <<< 23:c9:cc:4b:a0:3a,263350,-32,412,67.13,35.73,37,27658,6377104
[Recv] <<< 23:c9:cc:4b:a0:3a,263351,-34,413,67.07,35.74,40,27698,6377144
[Recv] <<< 23:c9:cc:4b:a0:3a,263352,-40,414,67.01,35.75,44,27742,6377188
[Recv] <<< 23:c9:cc:4b:a0:3a,263354,-32,415,67.04,35.76,81,27823,6377269
[Recv] <<< 23:c9:cc:4b:a0:3a,263355,-34,416,66.98,35.77,42,27865,6377311
[Recv] <<< 23:c9:cc:4b:a0:3a,263357,-40,417,67.01,35.78,77,27942,6377388
[Recv] <<< 23:c9:cc:4b:a0:3a,263358,-40,418,66.94,35.78,39,27981,6377427
[Recv] <<< 23:c9:cc:4b:a0:3a,263359,-32,419,66.90,35.80,49,28030,6377476
[Recv] <<< 23:c9:cc:4b:a0:3a,263360,-32,420,66.82,35.80,35,28065,6377511
[Recv] <<< 23:c9:cc:4b:a0:3a,263361,-34,421,66.76,35.81,43,28108,6377554
[Recv] <<< 23:c9:cc:4b:a0:3a,263362,-34,422,66.70,35.81,38,28146,6377592
[Recv] <<< 23:c9:cc:4b:a0:3a,263369,-40,423,67.23,35.86,291,28437,6377883
[Recv] <<< 23:c9:cc:4b:a0:3a,263371,-32,424,67.26,35.87,83,28520,6377966
[Recv] <<< 23:c9:cc:4b:a0:3a,263372,-34,425,67.22,35.89,50,28570,6378016
[Recv] <<< 23:c9:cc:4b:a0:3a,263420,-34,426,71.54,36.11,1908,30478,6379924
[Recv] <<< 23:c9:cc:4b:a0:3a,263421,-40,427,71.47,36.12,40,30518,6379964
[Recv] <<< 23:c9:cc:4b:a0:3a,263423,-32,428,71.51,36.13,87,30605,6380051
[Recv] <<< 23:c9:cc:4b:a0:3a,263424,-34,429,71.44,36.14,42,30647,6380093
[Recv] <<< 23:c9:cc:4b:a0:3a,263425,-40,430,71.36,36.14,38,30685,6380131
[Recv] <<< 23:c9:cc:4b:a0:3a,263426,-40,431,71.30,36.15,46,30731,6380177
[Recv] <<< 23:c9:cc:4b:a0:3a,263427,-32,432,71.22,36.15,36,30767,6380213
[Recv] <<< 23:c9:cc:4b:a0:3a,263429,-32,433,71.24,36.17,82,30849,6380295
[Recv] <<< 23:c9:cc:4b:a0:3a,263430,-34,434,71.18,36.18,45,30894,6380340
[Recv] <<< 23:c9:cc:4b:a0:3a,263431,-34,435,71.11,36.18,37,30931,6380377
[Recv] <<< 23:c9:cc:4b:a0:3a,263433,-32,436,71.14,36.19,86,31017,6380463
[Recv] <<< 23:c9:cc:4b:a0:3a,263434,-32,437,71.06,36.19,37,31054,6380500
[Recv] <<< 23:c9:cc:4b:a0:3a,263435,-34,438,71.00,36.20,44,31098,6380544
[Recv] <<< 23:c9:cc:4b:a0:3a,263436,-35,439,70.92,36.20,36,31134,6380580
[Recv] <<< 23:c9:cc:4b:a0:3a,263437,-34,440,70.83,36.20,32,31166,6380612
[Recv] <<< 23:c9:cc:4b:a0:3a,263440,-32,441,70.97,36.22,131,31297,6380743
[Recv] <<< 23:c9:cc:4b:a0:3a,263441,-34,442,70.90,36.23,43,31340,6380786
[Recv] <<< 23:c9:cc:4b:a0:3a,263442,-34,443,70.82,36.23,35,31375,6380821
[Recv] <<< 23:c9:cc:4b:a0:3a,263443,-40,444,70.75,36.23,40,31415,6380861
[Recv] <<< 23:c9:cc:4b:a0:3a,263444,-40,445,70.69,36.24,41,31456,6380902
[Recv] <<< 23:c9:cc:4b:a0:3a,263446,-32,446,70.71,36.25,81,31537,6380983
[Recv] <<< 23:c9:cc:4b:a0:3a,263448,-34,447,70.74,36.26,84,31621,6381067
[Recv] <<< 23:c9:cc:4b:a0:3a,263452,-32,448,70.92,36.27,150,31771,6381217
[Recv] <<< 23:c9:cc:4b:a0:3a,263453,-34,449,70.85,36.27,42,31813,6381259
[Recv] <<< 23:c9:cc:4b:a0:3a,263454,-34,450,70.78,36.27,36,31849,6381295
[Recv] <<< 23:c9:cc:4b:a0:3a,263455,-40,451,70.72,36.29,46,31895,6381341
[Recv] <<< 23:c9:cc:4b:a0:3a,263461,-34,452,71.07,36.30,227,32122,6381568
[Recv] <<< 23:c9:cc:4b:a0:3a,263462,-40,453,71.02,36.31,49,32171,6381617
[Recv] <<< 23:c9:cc:4b:a0:3a,263463,-40,454,70.94,36.31,35,32206,6381652
[Recv] <<< 23:c9:cc:4b:a0:3a,263464,-32,455,70.88,36.32,45,32251,6381697
[Recv] <<< 23:c9:cc:4b:a0:3a,263466,-34,456,70.89,36.32,75,32326,6381772
[Recv] <<< 23:c9:cc:4b:a0:3a,263467,-34,457,70.81,36.32,36,32362,6381808
[Recv] <<< 23:c9:cc:4b:a0:3a,263476,-40,458,71.45,36.36,361,32723,6382169
[Recv] <<< 23:c9:cc:4b:a0:3a,263500,-40,459,73.26,36.39,905,33628,6383074
[Recv] <<< 23:c9:cc:4b:a0:3a,263501,-40,460,73.18,36.39,37,33665,6383111
[Recv] <<< 23:c9:cc:4b:a0:3a,263503,-32,461,73.18,36.39,71,33736,6383182
[Recv] <<< 23:c9:cc:4b:a0:3a,263506,-32,462,73.25,36.39,106,33842,6383288
[Recv] <<< 23:c9:cc:4b:a0:3a,263507,-32,463,73.17,36.39,38,33880,6383326
[Recv] <<< 23:c9:cc:4b:a0:3a,263508,-32,464,73.09,36.39,34,33914,6383360
[Recv] <<< 23:c9:cc:4b:a0:3a,263509,-32,465,73.01,36.39,35,33949,6383395
[Recv] <<< 23:c9:cc:4b:a0:3a,263510,-32,466,72.93,36.39,37,33986,6383432
[Recv] <<< 23:c9:cc:4b:a0:3a,263511,-32,467,72.84,36.38,32,34018,6383464
[Recv] <<< 23:c9:cc:4b:a0:3a,263512,-32,468,72.76,36.38,35,34053,6383499
[Recv] <<< 23:c9:cc:4b:a0:3a,263513,-32,469,72.68,36.38,34,34087,6383533
[Recv] <<< 23:c9:cc:4b:a0:3a,263514,-32,470,72.60,36.38,34,34121,6383567
[Recv] <<< 23:c9:cc:4b:a0:3a,263523,-35,471,73.13,36.37,324,34445,6383891
[Recv] <<< 23:c9:cc:4b:a0:3a,263527,-40,472,73.28,36.37,145,34590,6384036
[Recv] <<< 23:c9:cc:4b:a0:3a,263528,-40,473,73.21,36.37,37,34627,6384073
[Recv] <<< 23:c9:cc:4b:a0:3a,263529,-40,474,73.12,36.37,34,34661,6384107
[Recv] <<< 23:c9:cc:4b:a0:3a,263530,-40,475,73.06,36.38,42,34703,6384149
[Recv] <<< 23:c9:cc:4b:a0:3a,263532,-32,476,73.05,36.37,69,34772,6384218
[Recv] <<< 23:c9:cc:4b:a0:3a,263534,-32,477,73.05,36.37,71,34843,6384289
[Recv] <<< 23:c9:cc:4b:a0:3a,263535,-32,478,72.98,36.37,40,34883,6384329
[Recv] <<< 23:c9:cc:4b:a0:3a,263536,-32,479,72.89,36.37,31,34914,6384360
[Recv] <<< 23:c9:cc:4b:a0:3a,263537,-32,480,72.81,36.37,36,34950,6384396
[Recv] <<< 23:c9:cc:4b:a0:3a,263538,-32,481,72.74,36.37,38,34988,6384434
[Recv] <<< 23:c9:cc:4b:a0:3a,263539,-34,482,72.66,36.37,36,35024,6384470
[Recv] <<< 23:c9:cc:4b:a0:3a,263540,-34,483,72.59,36.37,36,35060,6384506
[Recv] <<< 23:c9:cc:4b:a0:3a,263541,-34,484,72.51,36.37,35,35095,6384541
[Recv] <<< 23:c9:cc:4b:a0:3a,263542,-34,485,72.42,36.36,29,35124,6384570
[Recv] <<< 23:c9:cc:4b:a0:3a,263543,-34,486,72.35,36.36,40,35164,6384610
[Recv] <<< 23:c9:cc:4b:a0:3a,263549,-34,487,72.65,36.36,218,35382,6384828
[Recv] <<< 23:c9:cc:4b:a0:3a,263550,-34,488,72.57,36.36,33,35415,6384861
[Recv] <<< 23:c9:cc:4b:a0:3a,263554,-40,489,72.72,36.36,145,35560,6385006
[Recv] <<< 23:c9:cc:4b:a0:3a,263555,-40,490,72.65,36.36,39,35599,6385045
[Recv] <<< 23:c9:cc:4b:a0:3a,263556,-32,491,72.60,36.37,46,35645,6385091
[Recv] <<< 23:c9:cc:4b:a0:3a,263557,-32,492,72.51,36.36,29,35674,6385120
[Recv] <<< 23:c9:cc:4b:a0:3a,263559,-32,493,72.52,36.37,78,35752,6385198
[Recv] <<< 23:c9:cc:4b:a0:3a,263560,-32,494,72.44,36.36,31,35783,6385229
[Recv] <<< 23:c9:cc:4b:a0:3a,263562,-34,495,72.47,36.38,90,35873,6385319
[Recv] <<< 23:c9:cc:4b:a0:3a,263563,-40,496,72.40,36.39,39,35912,6385358
[Recv] <<< 23:c9:cc:4b:a0:3a,263564,-40,497,72.32,36.38,32,35944,6385390
[Recv] <<< 23:c9:cc:4b:a0:3a,263566,-40,498,72.32,36.38,71,36015,6385461
[Recv] <<< 23:c9:cc:4b:a0:3a,263568,-32,499,72.34,36.39,81,36096,6385542
[Recv] <<< 23:c9:cc:4b:a0:3a,263569,-32,500,72.25,36.38,29,36125,6385571
[Recv] <<< 23:c9:cc:4b:a0:3a,263575,-34,501,72.55,36.38,222,36347,6385793
[Recv] <<< 23:c9:cc:4b:a0:3a,263576,-34,502,72.48,36.39,40,36387,6385833
[Recv] <<< 23:c9:cc:4b:a0:3a,263579,-40,503,72.59,36.41,128,36515,6385961
[Recv] <<< 23:c9:cc:4b:a0:3a,263580,-32,504,72.52,36.40,34,36549,6385995
[Recv] <<< 23:c9:cc:4b:a0:3a,263582,-32,505,72.52,36.40,73,36622,6386068
[Recv] <<< 23:c9:cc:4b:a0:3a,263584,-32,506,72.52,36.40,71,36693,6386139
[Recv] <<< 23:c9:cc:4b:a0:3a,263585,-32,507,72.46,36.41,42,36735,6386181
[Recv] <<< 23:c9:cc:4b:a0:3a,263588,-34,508,72.54,36.41,113,36848,6386294
[Recv] <<< 23:c9:cc:4b:a0:3a,263589,-35,509,72.47,36.41,40,36888,6386334
[Recv] <<< 23:c9:cc:4b:a0:3a,263590,-34,510,72.39,36.41,30,36918,6386364
[Recv] <<< 23:c9:cc:4b:a0:3a,263591,-34,511,72.32,36.41,38,36956,6386402
[Recv] <<< 23:c9:cc:4b:a0:3a,263594,-40,512,72.41,36.42,120,37076,6386522
[Recv] <<< 23:c9:cc:4b:a0:3a,263597,-32,513,72.49,36.42,110,37186,6386632
[Recv] <<< 23:c9:cc:4b:a0:3a,263644,-40,514,75.57,36.37,1657,38843,6388289
[Recv] <<< 23:c9:cc:4b:a0:3a,263648,-40,515,75.69,36.36,136,38979,6388425
[Recv] <<< 23:c9:cc:4b:a0:3a,263649,-40,516,75.62,36.36,39,39018,6388464
[Recv] <<< 23:c9:cc:4b:a0:3a,263650,-40,517,75.53,36.36,31,39049,6388495
[Recv] <<< 23:c9:cc:4b:a0:3a,263652,-32,518,75.52,36.36,72,39121,6388567
[Recv] <<< 23:c9:cc:4b:a0:3a,263653,-32,519,75.44,36.35,33,39154,6388600
[Recv] <<< 23:c9:cc:4b:a0:3a,263654,-40,520,75.35,36.35,27,39181,6388627
[Recv] <<< 23:c9:cc:4b:a0:3a,263656,-32,521,75.35,36.35,76,39257,6388703
[Recv] <<< 23:c9:cc:4b:a0:3a,263657,-32,522,75.27,36.35,33,39290,6388736
[Recv] <<< 23:c9:cc:4b:a0:3a,263661,-40,523,75.39,36.34,137,39427,6388873
[Recv] <<< 23:c9:cc:4b:a0:3a,263662,-40,524,75.31,36.34,33,39460,6388906
[Recv] <<< 23:c9:cc:4b:a0:3a,263663,-37,525,75.23,36.33,34,39494,6388940
[Recv] <<< 23:c9:cc:4b:a0:3a,263664,-40,526,75.15,36.33,35,39529,6388975
[Recv] <<< 23:c9:cc:4b:a0:3a,263665,-40,527,75.08,36.34,40,39569,6389015
[Recv] <<< 23:c9:cc:4b:a0:3a,263666,-32,528,75.00,36.33,32,39601,6389047
[Recv] <<< 23:c9:cc:4b:a0:3a,263667,-32,529,74.94,36.34,43,39644,6389090
[Recv] <<< 23:c9:cc:4b:a0:3a,263668,-32,530,74.86,36.34,34,39678,6389124
[Recv] <<< 23:c9:cc:4b:a0:3a,263669,-32,531,74.78,36.33,32,39710,6389156
[Recv] <<< 23:c9:cc:4b:a0:3a,263671,-40,532,74.77,36.33,67,39777,6389223
[Recv] <<< 23:c9:cc:4b:a0:3a,263672,-40,533,74.70,36.33,37,39814,6389260
[Recv] <<< 23:c9:cc:4b:a0:3a,263673,-40,534,74.60,36.32,25,39839,6389285
[Recv] <<< 23:c9:cc:4b:a0:3a,263675,-34,535,74.61,36.32,75,39914,6389360
[Recv] <<< 23:c9:cc:4b:a0:3a,263677,-34,536,74.60,36.32,69,39983,6389429
[Recv] <<< 23:c9:cc:4b:a0:3a,263678,-34,537,74.51,36.31,28,40011,6389457
[Recv] <<< 23:c9:cc:4b:a0:3a,263680,-34,538,74.50,36.30,68,40079,6389525
[Recv] <<< 23:c9:cc:4b:a0:3a,263681,-34,539,74.41,36.30,27,40106,6389552
[Recv] <<< 23:c9:cc:4b:a0:3a,263682,-34,540,74.34,36.30,37,40143,6389589
[Recv] <<< 23:c9:cc:4b:a0:3a,263684,-34,541,74.34,36.30,73,40216,6389662
[Recv] <<< 23:c9:cc:4b:a0:3a,263685,-40,542,74.27,36.30,41,40257,6389703
[Recv] <<< 23:c9:cc:4b:a0:3a,263686,-40,543,74.20,36.30,32,40289,6389735
[Recv] <<< 23:c9:cc:4b:a0:3a,263687,-34,544,74.13,36.30,37,40326,6389772
[Recv] <<< 23:c9:cc:4b:a0:3a,263688,-34,545,74.06,36.30,36,40362,6389808
[Recv] <<< 23:c9:cc:4b:a0:3a,263689,-34,546,73.98,36.29,33,40395,6389841
[Recv] <<< 23:c9:cc:4b:a0:3a,263691,-34,547,73.99,36.30,77,40472,6389918
[Recv] <<< 23:c9:cc:4b:a0:3a,263692,-35,548,73.91,36.29,30,40502,6389948
[Recv] <<< 23:c9:cc:4b:a0:3a,263694,-34,549,73.90,36.29,69,40571,6390017
[Recv] <<< 23:c9:cc:4b:a0:3a,263696,-34,550,73.89,36.29,69,40640,6390086
[Recv] <<< 23:c9:cc:4b:a0:3a,263698,-32,551,73.88,36.28,67,40707,6390153
[Recv] <<< 23:c9:cc:4b:a0:3a,263700,-40,552,73.86,36.27,63,40770,6390216
[Recv] <<< 23:c9:cc:4b:a0:3a,263701,-32,553,73.79,36.27,37,40807,6390253
[Recv] <<< 23:c9:cc:4b:a0:3a,263702,-32,554,73.73,36.27,37,40844,6390290
[Recv] <<< 23:c9:cc:4b:a0:3a,263703,-32,555,73.65,36.27,33,40877,6390323
[Recv] <<< 23:c9:cc:4b:a0:3a,263704,-32,556,73.57,36.27,30,40907,6390353
[Recv] <<< 23:c9:cc:4b:a0:3a,263705,-32,557,73.50,36.26,34,40941,6390387
[Recv] <<< 23:c9:cc:4b:a0:3a,263708,-40,558,73.55,36.26,100,41041,6390487
[Recv] <<< 23:c9:cc:4b:a0:3a,263715,-40,559,73.86,36.25,249,41290,6390736
[Recv] <<< 23:c9:cc:4b:a0:3a,263718,-34,560,73.91,36.25,102,41392,6390838
[Recv] <<< 23:c9:cc:4b:a0:3a,263719,-34,561,73.84,36.24,35,41427,6390873
[Recv] <<< 23:c9:cc:4b:a0:3a,263721,-34,562,73.83,36.24,65,41492,6390938
[Recv] <<< 23:c9:cc:4b:a0:3a,263722,-34,563,73.76,36.24,36,41528,6390974
[Recv] <<< 23:c9:cc:4b:a0:3a,263724,-34,564,73.75,36.23,69,41597,6391043
[Recv] <<< 23:c9:cc:4b:a0:3a,263726,-40,565,73.76,36.24,75,41672,6391118
[Recv] <<< 23:c9:cc:4b:a0:3a,263728,-34,566,73.74,36.23,66,41738,6391184
[Recv] <<< 23:c9:cc:4b:a0:3a,263731,-35,567,73.80,36.23,106,41844,6391290
[Recv] <<< 23:c9:cc:4b:a0:3a,263732,-34,568,73.71,36.22,26,41870,6391316
[Recv] <<< 23:c9:cc:4b:a0:3a,263733,-32,569,73.64,36.22,31,41901,6391347
[Recv] <<< 23:c9:cc:4b:a0:3a,263734,-32,570,73.58,36.22,38,41939,6391385
[Recv] <<< 23:c9:cc:4b:a0:3a,263735,-40,571,73.51,36.22,37,41976,6391422
[Recv] <<< 23:c9:cc:4b:a0:3a,263736,-40,572,73.43,36.21,25,42001,6391447
[Recv] <<< 23:c9:cc:4b:a0:3a,263737,-34,573,73.36,36.21,36,42037,6391483
[Recv] <<< 23:c9:cc:4b:a0:3a,263738,-34,574,73.29,36.20,33,42070,6391516
[Recv] <<< 23:c9:cc:4b:a0:3a,263739,-32,575,73.22,36.20,32,42102,6391548
[Recv] <<< 23:c9:cc:4b:a0:3a,263740,-32,576,73.14,36.19,27,42129,6391575
[Recv] <<< 23:c9:cc:4b:a0:3a,263744,-34,577,73.28,36.20,152,42281,6391727
[Recv] <<< 23:c9:cc:4b:a0:3a,263745,-34,578,73.20,36.20,31,42312,6391758
[Recv] <<< 23:c9:cc:4b:a0:3a,263749,-32,579,73.30,36.18,127,42439,6391885
[Recv] <<< 23:c9:cc:4b:a0:3a,263759,-34,580,73.75,36.16,337,42776,6392222
[Recv] <<< 23:c9:cc:4b:a0:3a,263764,-34,581,73.91,36.15,168,42944,6392390
[Recv] <<< 23:c9:cc:4b:a0:3a,263765,-34,582,73.84,36.14,31,42975,6392421
[Recv] <<< 23:c9:cc:4b:a0:3a,263766,-34,583,73.77,36.14,34,43009,6392455
[Recv] <<< 23:c9:cc:4b:a0:3a,263767,-34,584,73.71,36.14,35,43044,6392490
[Recv] <<< 23:c9:cc:4b:a0:3a,263768,-34,585,73.64,36.14,33,43077,6392523
[Recv] <<< 23:c9:cc:4b:a0:3a,263769,-32,586,73.56,36.13,30,43107,6392553
[Recv] <<< 23:c9:cc:4b:a0:3a,263770,-32,587,73.49,36.13,34,43141,6392587
[Recv] <<< 23:c9:cc:4b:a0:3a,263771,-32,588,73.43,36.13,36,43177,6392623
[Recv] <<< 23:c9:cc:4b:a0:3a,263772,-32,589,73.36,36.13,30,43207,6392653
[Recv] <<< 23:c9:cc:4b:a0:3a,263773,-32,590,73.29,36.12,33,43240,6392686
[Recv] <<< 23:c9:cc:4b:a0:3a,263774,-32,591,73.22,36.12,34,43274,6392720
[Recv] <<< 23:c9:cc:4b:a0:3a,263775,-32,592,73.16,36.12,34,43308,6392754
[Recv] <<< 23:c9:cc:4b:a0:3a,263776,-32,593,73.09,36.12,32,43340,6392786
[Recv] <<< 23:c9:cc:4b:a0:3a,263779,-32,594,73.13,36.11,101,43441,6392887
[Recv] <<< 23:c9:cc:4b:a0:3a,263780,-32,595,73.07,36.11,37,43478,6392924
[Recv] <<< 23:c9:cc:4b:a0:3a,263781,-32,596,73.00,36.11,29,43507,6392953
[Recv] <<< 23:c9:cc:4b:a0:3a,263782,-32,597,72.93,36.10,35,43542,6392988
[Recv] <<< 23:c9:cc:4b:a0:3a,263783,-32,598,72.87,36.10,34,43576,6393022
[Recv] <<< 23:c9:cc:4b:a0:3a,263784,-32,599,72.80,36.10,34,43610,6393056
[Recv] <<< 23:c9:cc:4b:a0:3a,263795,-32,600,73.32,36.09,379,43989,6393435
[Recv] <<< 23:c9:cc:4b:a0:3a,263799,-40,601,73.40,36.07,127,44116,6393562
[Recv] <<< 23:c9:cc:4b:a0:3a,263801,-40,602,73.39,36.07,64,44180,6393626
[Recv] <<< 23:c9:cc:4b:a0:3a,263802,-40,603,73.32,36.06,33,44213,6393659
[Recv] <<< 23:c9:cc:4b:a0:3a,263844,-40,604,75.57,36.00,1434,45647,6395093
[Recv] <<< 23:c9:cc:4b:a0:3a,263845,-40,605,75.50,36.00,32,45679,6395125
[Recv] <<< 23:c9:cc:4b:a0:3a,263880,-40,606,77.30,35.92,1165,46844,6396290
[Recv] <<< 23:c9:cc:4b:a0:3a,263883,-40,607,77.34,35.92,102,46946,6396392
[Recv] <<< 23:c9:cc:4b:a0:3a,263917,-40,608,79.05,35.84,1117,48063,6397509
[Recv] <<< 23:c9:cc:4b:a0:3a,263918,-40,609,78.97,35.84,29,48092,6397538
[Recv] <<< 23:c9:cc:4b:a0:3a,263919,-40,610,78.90,35.84,37,48129,6397575
[Recv] <<< 23:c9:cc:4b:a0:3a,263921,-34,611,78.87,35.83,58,48187,6397633
[Recv] <<< 23:c9:cc:4b:a0:3a,263922,-34,612,78.79,35.82,32,48219,6397665
[Recv] <<< 23:c9:cc:4b:a0:3a,263926,-32,613,78.87,35.81,130,48349,6397795
[Recv] <<< 23:c9:cc:4b:a0:3a,263938,-34,614,79.37,35.78,387,48736,6398182
[Recv] <<< 23:c9:cc:4b:a0:3a,263939,-34,615,79.30,35.78,35,48771,6398217
[Recv] <<< 23:c9:cc:4b:a0:3a,263940,-34,616,79.23,35.78,35,48806,6398252
[Recv] <<< 23:c9:cc:4b:a0:3a,263941,-34,617,79.15,35.78,29,48835,6398281
[Recv] <<< 23:c9:cc:4b:a0:3a,263942,-34,618,79.08,35.78,35,48870,6398316
[Recv] <<< 23:c9:cc:4b:a0:3a,263947,-32,619,79.22,35.77,165,49035,6398481
[Recv] <<< 23:c9:cc:4b:a0:3a,263948,-32,620,79.14,35.76,32,49067,6398513
[Recv] <<< 23:c9:cc:4b:a0:3a,263949,-34,621,79.07,35.76,38,49105,6398551
[Recv] <<< 23:c9:cc:4b:a0:3a,263950,-40,622,79.01,35.77,39,49144,6398590
[Recv] <<< 23:c9:cc:4b:a0:3a,263951,-40,623,78.96,35.78,47,49191,6398637
[Recv] <<< 23:c9:cc:4b:a0:3a,263953,-34,624,78.93,35.77,59,49250,6398696
[Recv] <<< 23:c9:cc:4b:a0:3a,263954,-34,625,78.85,35.76,34,49284,6398730
[Recv] <<< 23:c9:cc:4b:a0:3a,263955,-34,626,78.77,35.76,27,49311,6398757
[Recv] <<< 23:c9:cc:4b:a0:3a,263956,-34,627,78.70,35.76,34,49345,6398791
[Recv] <<< 23:c9:cc:4b:a0:3a,263977,-40,628,79.68,35.72,693,50038,6399484
[Recv] <<< 23:c9:cc:4b:a0:3a,263978,-42,629,79.60,35.71,30,50068,6399514
[Recv] <<< 23:c9:cc:4b:a0:3a,263979,-40,630,79.53,35.71,36,50104,6399550
[Recv] <<< 23:c9:cc:4b:a0:3a,263983,-34,631,79.61,35.71,133,50237,6399683
[Recv] <<< 23:c9:cc:4b:a0:3a,263986,-32,632,79.65,35.70,100,50337,6399783
[Recv] <<< 23:c9:cc:4b:a0:3a,263989,-32,633,79.67,35.69,97,50434,6399880
[Recv] <<< 23:c9:cc:4b:a0:3a,263991,-32,634,79.65,35.69,66,50500,6399946
[Recv] <<< 23:c9:cc:4b:a0:3a,263994,-32,635,79.69,35.69,105,50605,6400051
[Recv] <<< 23:c9:cc:4b:a0:3a,263996,-32,636,79.67,35.68,64,50669,6400115
[Recv] <<< 23:c9:cc:4b:a0:3a,263998,-32,637,79.67,35.69,80,50749,6400195
[Recv] <<< 23:c9:cc:4b:a0:3a,263999,-32,638,79.60,35.69,33,50782,6400228
[Recv] <<< 23:c9:cc:4b:a0:3a,264000,-32,639,79.51,35.68,28,50810,6400256
[Recv] <<< 23:c9:cc:4b:a0:3a,264001,-32,640,79.45,35.68,37,50847,6400293
[Recv] <<< 23:c9:cc:4b:a0:3a,264002,-32,641,79.38,35.68,35,50882,6400328
[Recv] <<< 23:c9:cc:4b:a0:3a,264003,-32,642,79.31,35.68,33,50915,6400361
[Recv] <<< 23:c9:cc:4b:a0:3a,264005,-40,643,79.27,35.67,57,50972,6400418
[Recv] <<< 23:c9:cc:4b:a0:3a,264006,-40,644,79.22,35.67,43,51015,6400461
[Recv] <<< 23:c9:cc:4b:a0:3a,264007,-40,645,79.15,35.67,35,51050,6400496
[Recv] <<< 23:c9:cc:4b:a0:3a,264008,-40,646,79.07,35.67,31,51081,6400527
[Recv] <<< 23:c9:cc:4b:a0:3a,264009,-40,647,79.00,35.67,33,51114,6400560
[Recv] <<< 23:c9:cc:4b:a0:3a,264011,-40,648,78.98,35.67,66,51180,6400626
[Recv] <<< 23:c9:cc:4b:a0:3a,264013,-40,649,78.97,35.67,74,51254,6400700
[Recv] <<< 23:c9:cc:4b:a0:3a,264014,-40,650,78.91,35.67,38,51292,6400738
[Recv] <<< 23:c9:cc:4b:a0:3a,264016,-40,651,78.88,35.66,60,51352,6400798
[Recv] <<< 23:c9:cc:4b:a0:3a,264017,-40,652,78.83,35.67,44,51396,6400842
[Recv] <<< 23:c9:cc:4b:a0:3a,264018,-40,653,78.75,35.66,28,51424,6400870
[Recv] <<< 23:c9:cc:4b:a0:3a,264019,-40,654,78.68,35.66,34,51458,6400904
[Recv] <<< 23:c9:cc:4b:a0:3a,264021,-32,655,78.68,35.66,77,51535,6400981
[Recv] <<< 23:c9:cc:4b:a0:3a,264022,-32,656,78.61,35.66,34,51569,6401015
[Recv] <<< 23:c9:cc:4b:a0:3a,264023,-32,657,78.54,35.66,35,51604,6401050
[Recv] <<< 23:c9:cc:4b:a0:3a,264028,-40,658,78.67,35.65,161,51765,6401211
[Recv] <<< 23:c9:cc:4b:a0:3a,264029,-40,659,78.60,35.65,30,51795,6401241
[Recv] <<< 23:c9:cc:4b:a0:3a,264030,-40,660,78.53,35.65,34,51829,6401275
[Recv] <<< 23:c9:cc:4b:a0:3a,264032,-40,661,78.52,35.65,74,51903,6401349
[Recv] <<< 23:c9:cc:4b:a0:3a,264033,-40,662,78.44,35.64,24,51927,6401373
[Recv] <<< 23:c9:cc:4b:a0:3a,264034,-40,663,78.37,35.64,34,51961,6401407
[Recv] <<< 23:c9:cc:4b:a0:3a,264035,-40,664,78.30,35.64,32,51993,6401439
[Recv] <<< 23:c9:cc:4b:a0:3a,264037,-40,665,78.29,35.63,67,52060,6401506
[Recv] <<< 23:c9:cc:4b:a0:3a,264038,-40,666,78.21,35.63,29,52089,6401535
[Recv] <<< 23:c9:cc:4b:a0:3a,264039,-34,667,78.14,35.62,30,52119,6401565
[Recv] <<< 23:c9:cc:4b:a0:3a,264042,-32,668,78.20,35.63,118,52237,6401683
[Recv] <<< 23:c9:cc:4b:a0:3a,264043,-32,669,78.13,35.63,32,52269,6401715
[Recv] <<< 23:c9:cc:4b:a0:3a,264044,-32,670,78.06,35.63,32,52301,6401747
[Recv] <<< 23:c9:cc:4b:a0:3a,264045,-32,671,78.01,35.63,44,52345,6401791
[Recv] <<< 23:c9:cc:4b:a0:3a,264046,-32,672,77.93,35.63,27,52372,6401818
[Recv] <<< 23:c9:cc:4b:a0:3a,264048,-32,673,77.93,35.63,77,52449,6401895
[Recv] <<< 23:c9:cc:4b:a0:3a,264050,-32,674,77.91,35.62,62,52511,6401957
[Recv] <<< 23:c9:cc:4b:a0:3a,264051,-34,675,77.86,35.63,45,52556,6402002
[Recv] <<< 23:c9:cc:4b:a0:3a,264052,-34,676,77.80,35.63,37,52593,6402039
[Recv] <<< 23:c9:cc:4b:a0:3a,264053,-34,677,77.73,35.63,31,52624,6402070
[Recv] <<< 23:c9:cc:4b:a0:3a,264054,-34,678,77.68,35.64,46,52670,6402116
[Recv] <<< 23:c9:cc:4b:a0:3a,264055,-34,679,77.62,35.63,32,52702,6402148
[Recv] <<< 23:c9:cc:4b:a0:3a,264056,-34,680,77.55,35.63,32,52734,6402180
[Recv] <<< 23:c9:cc:4b:a0:3a,264057,-34,681,77.48,35.63,30,52764,6402210
[Recv] <<< 23:c9:cc:4b:a0:3a,264069,-34,682,77.98,35.62,421,53185,6402631
[Recv] <<< 23:c9:cc:4b:a0:3a,264070,-35,683,77.93,35.63,41,53226,6402672
[Recv] <<< 23:c9:cc:4b:a0:3a,264071,-34,684,77.86,35.62,32,53258,6402704
[Recv] <<< 23:c9:cc:4b:a0:3a,264072,-34,685,77.80,35.62,33,53291,6402737
[Recv] <<< 23:c9:cc:4b:a0:3a,264074,-34,686,77.78,35.62,67,53358,6402804
[Recv] <<< 23:c9:cc:4b:a0:3a,264082,-32,687,78.06,35.61,267,53625,6403071
[Recv] <<< 23:c9:cc:4b:a0:3a,264084,-40,688,78.04,35.60,67,53692,6403138
[Recv] <<< 23:c9:cc:4b:a0:3a,264085,-32,689,77.98,35.60,33,53725,6403171
[Recv] <<< 23:c9:cc:4b:a0:3a,264087,-32,690,77.96,35.60,70,53795,6403241
[Recv] <<< 23:c9:cc:4b:a0:3a,264088,-32,691,77.90,35.60,34,53829,6403275
[Recv] <<< 23:c9:cc:4b:a0:3a,264089,-32,692,77.84,35.60,35,53864,6403310
[Recv] <<< 23:c9:cc:4b:a0:3a,264090,-32,693,77.77,35.60,33,53897,6403343
[Recv] <<< 23:c9:cc:4b:a0:3a,264091,-32,694,77.71,35.60,34,53931,6403377
[Recv] <<< 23:c9:cc:4b:a0:3a,264092,-32,695,77.64,35.59,31,53962,6403408
[Recv] <<< 23:c9:cc:4b:a0:3a,264093,-32,696,77.58,35.59,33,53995,6403441
[Recv] <<< 23:c9:cc:4b:a0:3a,264094,-32,697,77.52,35.59,35,54030,6403476
[Recv] <<< 23:c9:cc:4b:a0:3a,264095,-32,698,77.45,35.59,30,54060,6403506
[Recv] <<< 23:c9:cc:4b:a0:3a,264098,-32,699,77.49,35.59,109,54169,6403615
[Recv] <<< 23:c9:cc:4b:a0:3a,264099,-32,700,77.43,35.59,30,54199,6403645
[Recv] <<< 23:c9:cc:4b:a0:3a,264101,-40,701,77.40,35.58,61,54260,6403706
[Recv] <<< 23:c9:cc:4b:a0:3a,264102,-40,702,77.34,35.58,35,54295,6403741
[Recv] <<< 23:c9:cc:4b:a0:3a,264103,-40,703,77.29,35.58,38,54333,6403779
[Recv] <<< 23:c9:cc:4b:a0:3a,264105,-40,704,77.28,35.58,70,54403,6403849
[Recv] <<< 23:c9:cc:4b:a0:3a,264106,-32,705,77.23,35.59,43,54446,6403892
[Recv] <<< 23:c9:cc:4b:a0:3a,264108,-32,706,77.21,35.58,62,54508,6403954
[Recv] <<< 23:c9:cc:4b:a0:3a,264109,-40,707,77.15,35.58,34,54542,6403988
[Recv] <<< 23:c9:cc:4b:a0:3a,264112,-40,708,77.17,35.57,94,54636,6404082
[Recv] <<< 23:c9:cc:4b:a0:3a,264113,-40,709,77.12,35.58,44,54680,6404126
[Recv] <<< 23:c9:cc:4b:a0:3a,264114,-40,710,77.05,35.57,27,54707,6404153
[Recv] <<< 23:c9:cc:4b:a0:3a,264115,-40,711,76.99,35.57,31,54738,6404184
[Recv] <<< 23:c9:cc:4b:a0:3a,264116,-40,712,76.93,35.57,35,54773,6404219
[Recv] <<< 23:c9:cc:4b:a0:3a,264117,-40,713,76.87,35.57,38,54811,6404257
[Recv] <<< 23:c9:cc:4b:a0:3a,264119,-40,714,76.85,35.56,61,54872,6404318
[Recv] <<< 23:c9:cc:4b:a0:3a,264120,-40,715,76.79,35.56,33,54905,6404351
[Recv] <<< 23:c9:cc:4b:a0:3a,264121,-34,716,76.72,35.55,25,54930,6404376
[Recv] <<< 23:c9:cc:4b:a0:3a,264149,-34,717,78.03,35.57,1015,55945,6405391
[Recv] <<< 23:c9:cc:4b:a0:3a,264150,-34,718,77.97,35.57,40,55985,6405431
[Recv] <<< 23:c9:cc:4b:a0:3a,264151,-34,719,77.91,35.57,30,56015,6405461
[Recv] <<< 23:c9:cc:4b:a0:3a,264155,-35,720,77.99,35.56,137,56152,6405598
[Recv] <<< 23:c9:cc:4b:a0:3a,264156,-34,721,77.93,35.56,34,56186,6405632
[Recv] <<< 23:c9:cc:4b:a0:3a,264157,-34,722,77.86,35.56,31,56217,6405663
[Recv] <<< 23:c9:cc:4b:a0:3a,264158,-34,723,77.81,35.56,43,56260,6405706
[Recv] <<< 23:c9:cc:4b:a0:3a,264159,-35,724,77.74,35.56,26,56286,6405732
[Recv] <<< 23:c9:cc:4b:a0:3a,264160,-34,725,77.68,35.55,33,56319,6405765
[Recv] <<< 23:c9:cc:4b:a0:3a,264162,-34,726,77.67,35.55,67,56386,6405832
[Recv] <<< 23:c9:cc:4b:a0:3a,264167,-35,727,77.81,35.55,180,56566,6406012
[Recv] <<< 23:c9:cc:4b:a0:3a,264168,-34,728,77.74,35.55,30,56596,6406042
[Recv] <<< 23:c9:cc:4b:a0:3a,264169,-34,729,77.68,35.55,31,56627,6406073
[Recv] <<< 23:c9:cc:4b:a0:3a,264170,-35,730,77.62,35.55,37,56664,6406110
[Recv] <<< 23:c9:cc:4b:a0:3a,264172,-32,731,77.60,35.54,63,56727,6406173
[Recv] <<< 23:c9:cc:4b:a0:3a,264177,-32,732,77.73,35.54,169,56896,6406342
[Recv] <<< 23:c9:cc:4b:a0:3a,264182,-40,733,77.87,35.54,180,57076,6406522
[Recv] <<< 23:c9:cc:4b:a0:3a,264184,-32,734,77.86,35.54,71,57147,6406593
[Recv] <<< 23:c9:cc:4b:a0:3a,264201,-32,735,78.51,35.51,560,57707,6407153
[Recv] <<< 23:c9:cc:4b:a0:3a,264202,-34,736,78.46,35.52,42,57749,6407195
[Recv] <<< 23:c9:cc:4b:a0:3a,264203,-34,737,78.40,35.52,34,57783,6407229
[Recv] <<< 23:c9:cc:4b:a0:3a,264204,-35,738,78.34,35.51,35,57818,6407264
[Recv] <<< 23:c9:cc:4b:a0:3a,264205,-34,739,78.28,35.51,31,57849,6407295
[Recv] <<< 23:c9:cc:4b:a0:3a,264206,-34,740,78.22,35.51,35,57884,6407330
[Recv] <<< 23:c9:cc:4b:a0:3a,264207,-40,741,78.18,35.52,44,57928,6407374
[Recv] <<< 23:c9:cc:4b:a0:3a,264209,-34,742,78.15,35.51,57,57985,6407431
[Recv] <<< 23:c9:cc:4b:a0:3a,264210,-34,743,78.10,35.51,41,58026,6407472
[Recv] <<< 23:c9:cc:4b:a0:3a,264212,-40,744,78.09,35.51,74,58100,6407546
[Recv] <<< 23:c9:cc:4b:a0:3a,264213,-40,745,78.02,35.51,28,58128,6407574
[Recv] <<< 23:c9:cc:4b:a0:3a,264214,-40,746,77.96,35.51,32,58160,6407606
[Recv] <<< 23:c9:cc:4b:a0:3a,264216,-34,747,77.95,35.51,71,58231,6407677
[Recv] <<< 23:c9:cc:4b:a0:3a,264217,-40,748,77.91,35.51,44,58275,6407721
[Recv] <<< 23:c9:cc:4b:a0:3a,264219,-40,749,77.89,35.51,64,58339,6407785
[Recv] <<< 23:c9:cc:4b:a0:3a,264220,-40,750,77.84,35.51,44,58383,6407829
[Recv] <<< 23:c9:cc:4b:a0:3a,264221,-40,751,77.78,35.51,33,58416,6407862
[Recv] <<< 23:c9:cc:4b:a0:3a,264222,-40,752,77.73,35.51,35,58451,6407897
[Recv] <<< 23:c9:cc:4b:a0:3a,264223,-40,753,77.68,35.51,39,58490,6407936
[Recv] <<< 23:c9:cc:4b:a0:3a,264229,-40,754,77.84,35.50,198,58688,6408134
[Recv] <<< 23:c9:cc:4b:a0:3a,264230,-40,755,77.78,35.50,36,58724,6408170
[Recv] <<< 23:c9:cc:4b:a0:3a,264231,-40,756,77.72,35.50,31,58755,6408201
[Recv] <<< 23:c9:cc:4b:a0:3a,264232,-40,757,77.66,35.50,31,58786,6408232
[Recv] <<< 23:c9:cc:4b:a0:3a,264233,-40,758,77.60,35.50,35,58821,6408267
[Recv] <<< 23:c9:cc:4b:a0:3a,264239,-32,759,77.75,35.49,194,59015,6408461
[Recv] <<< 23:c9:cc:4b:a0:3a,264240,-32,760,77.70,35.49,34,59049,6408495
[Recv] <<< 23:c9:cc:4b:a0:3a,264241,-32,761,77.64,35.49,35,59084,6408530
[Recv] <<< 23:c9:cc:4b:a0:3a,264242,-40,762,77.57,35.48,27,59111,6408557
[Recv] <<< 23:c9:cc:4b:a0:3a,264243,-40,763,77.52,35.48,33,59144,6408590
[Recv] <<< 23:c9:cc:4b:a0:3a,264244,-40,764,77.45,35.48,30,59174,6408620
[Recv] <<< 23:c9:cc:4b:a0:3a,264245,-40,765,77.39,35.47,31,59205,6408651
[Recv] <<< 23:c9:cc:4b:a0:3a,264246,-40,766,77.34,35.47,37,59242,6408688
[Recv] <<< 23:c9:cc:4b:a0:3a,264248,-32,767,77.34,35.48,79,59321,6408767
[Recv] <<< 23:c9:cc:4b:a0:3a,264249,-32,768,77.29,35.48,34,59355,6408801
[Recv] <<< 23:c9:cc:4b:a0:3a,264250,-32,769,77.23,35.48,32,59387,6408833
[Recv] <<< 23:c9:cc:4b:a0:3a,264252,-32,770,77.21,35.47,68,59455,6408901
[Recv] <<< 23:c9:cc:4b:a0:3a,264254,-40,771,77.20,35.47,67,59522,6408968
[Recv] <<< 23:c9:cc:4b:a0:3a,264255,-40,772,77.14,35.47,32,59554,6409000
[Recv] <<< 23:c9:cc:4b:a0:3a,264256,-40,773,77.08,35.47,30,59584,6409030
[Recv] <<< 23:c9:cc:4b:a0:3a,264257,-40,774,77.03,35.47,37,59621,6409067
[Recv] <<< 23:c9:cc:4b:a0:3a,264259,-40,775,77.01,35.46,65,59686,6409132
[Recv] <<< 23:c9:cc:4b:a0:3a,264263,-40,776,77.10,35.46,140,59826,6409272
[Recv] <<< 23:c9:cc:4b:a0:3a,264264,-40,777,77.04,35.46,31,59857,6409303
[Recv] <<< 23:c9:cc:4b:a0:3a,264266,-32,778,77.04,35.47,80,59937,6409383
[Recv] <<< 23:c9:cc:4b:a0:3a,264267,-40,779,76.98,35.46,28,59965,6409411
[Recv] <<< 23:c9:cc:4b:a0:3a,264269,-40,780,76.96,35.46,64,60029,6409475
[Recv] <<< 23:c9:cc:4b:a0:3a,264270,-40,781,76.90,35.45,27,60056,6409502
[Recv] <<< 23:c9:cc:4b:a0:3a,264272,-32,782,76.89,35.45,75,60131,6409577
[Recv] <<< 23:c9:cc:4b:a0:3a,264274,-40,783,76.88,35.45,64,60195,6409641
[Recv] <<< 23:c9:cc:4b:a0:3a,264275,-40,784,76.82,35.45,29,60224,6409670
[Recv] <<< 23:c9:cc:4b:a0:3a,264276,-40,785,76.75,35.44,27,60251,6409697
[Recv] <<< 23:c9:cc:4b:a0:3a,264277,-40,786,76.70,35.44,39,60290,6409736
[Recv] <<< 23:c9:cc:4b:a0:3a,264278,-40,787,76.64,35.44,28,60318,6409764
[Recv] <<< 23:c9:cc:4b:a0:3a,264279,-40,788,76.59,35.44,36,60354,6409800
[Recv] <<< 23:c9:cc:4b:a0:3a,264280,-40,789,76.54,35.44,37,60391,6409837
[Recv] <<< 23:c9:cc:4b:a0:3a,264288,-32,790,76.80,35.44,281,60672,6410118
[Recv] <<< 23:c9:cc:4b:a0:3a,264289,-32,791,76.74,35.44,31,60703,6410149
[Recv] <<< 23:c9:cc:4b:a0:3a,264290,-32,792,76.69,35.44,33,60736,6410182
[Recv] <<< 23:c9:cc:4b:a0:3a,264291,-32,793,76.64,35.44,39,60775,6410221
[Recv] <<< 23:c9:cc:4b:a0:3a,264293,-40,794,76.62,35.43,62,60837,6410283
[Recv] <<< 23:c9:cc:4b:a0:3a,264294,-40,795,76.56,35.43,28,60865,6410311
[Recv] <<< 23:c9:cc:4b:a0:3a,264296,-34,796,76.55,35.42,65,60930,6410376
[Recv] <<< 23:c9:cc:4b:a0:3a,264297,-35,797,76.50,35.43,37,60967,6410413
[Recv] <<< 23:c9:cc:4b:a0:3a,264298,-38,798,76.44,35.42,33,61000,6410446
[Recv] <<< 23:c9:cc:4b:a0:3a,264299,-34,799,76.39,35.42,32,61032,6410478
[Recv] <<< 23:c9:cc:4b:a0:3a,264300,-34,800,76.33,35.42,35,61067,6410513
[Recv] <<< 23:c9:cc:4b:a0:3a,264301,-35,801,76.28,35.42,35,61102,6410548
[Recv] <<< 23:c9:cc:4b:a0:3a,264302,-34,802,76.24,35.42,39,61141,6410587
[Recv] <<< 23:c9:cc:4b:a0:3a,264303,-34,803,76.18,35.42,34,61175,6410621
[Recv] <<< 23:c9:cc:4b:a0:3a,264304,-34,804,76.13,35.42,36,61211,6410657
[Recv] <<< 23:c9:cc:4b:a0:3a,264322,-34,805,76.80,35.41,617,61828,6411274
[Recv] <<< 23:c9:cc:4b:a0:3a,264327,-32,806,76.92,35.41,167,61995,6411441
[Recv] <<< 23:c9:cc:4b:a0:3a,264328,-32,807,76.86,35.40,33,62028,6411474
[Recv] <<< 23:c9:cc:4b:a0:3a,264329,-32,808,76.81,35.40,31,62059,6411505
[Recv] <<< 23:c9:cc:4b:a0:3a,264330,-32,809,76.75,35.40,34,62093,6411539
[Recv] <<< 23:c9:cc:4b:a0:3a,264332,-40,810,76.73,35.39,56,62149,6411595
[Recv] <<< 23:c9:cc:4b:a0:3a,264333,-40,811,76.68,35.40,41,62190,6411636
[Recv] <<< 23:c9:cc:4b:a0:3a,264334,-40,812,76.62,35.39,28,62218,6411664
[Recv] <<< 23:c9:cc:4b:a0:3a,264342,-32,813,76.85,35.38,262,62480,6411926
[Recv] <<< 23:c9:cc:4b:a0:3a,264345,-32,814,76.89,35.38,110,62590,6412036
[Recv] <<< 23:c9:cc:4b:a0:3a,264346,-32,815,76.83,35.38,26,62616,6412062
[Recv] <<< 23:c9:cc:4b:a0:3a,264347,-32,816,76.78,35.38,35,62651,6412097
[Recv] <<< 23:c9:cc:4b:a0:3a,264348,-32,817,76.72,35.37,30,62681,6412127
[Recv] <<< 23:c9:cc:4b:a0:3a,264349,-32,818,76.67,35.37,38,62719,6412165
[Recv] <<< 23:c9:cc:4b:a0:3a,264351,-40,819,76.65,35.37,58,62777,6412223
[Recv] <<< 23:c9:cc:4b:a0:3a,264352,-40,820,76.59,35.36,30,62807,6412253
[Recv] <<< 23:c9:cc:4b:a0:3a,264353,-40,821,76.55,35.37,40,62847,6412293
[Recv] <<< 23:c9:cc:4b:a0:3a,264354,-40,822,76.50,35.37,35,62882,6412328
[Recv] <<< 23:c9:cc:4b:a0:3a,264360,-34,823,76.65,35.36,200,63082,6412528
[Recv] <<< 23:c9:cc:4b:a0:3a,264362,-34,824,76.64,35.36,68,63150,6412596
[Recv] <<< 23:c9:cc:4b:a0:3a,264368,-32,825,76.79,35.35,204,63354,6412800
[Recv] <<< 23:c9:cc:4b:a0:3a,264371,-32,826,76.82,35.35,99,63453,6412899
[Recv] <<< 23:c9:cc:4b:a0:3a,264372,-32,827,76.77,35.35,32,63485,6412931
[Recv] <<< 23:c9:cc:4b:a0:3a,264373,-32,828,76.72,35.35,42,63527,6412973
[Recv] <<< 23:c9:cc:4b:a0:3a,264374,-32,829,76.67,35.35,35,63562,6413008
[Recv] <<< 23:c9:cc:4b:a0:3a,264375,-32,830,76.62,35.35,34,63596,6413042
[Recv] <<< 23:c9:cc:4b:a0:3a,264376,-32,831,76.57,35.35,34,63630,6413076
[Recv] <<< 23:c9:cc:4b:a0:3a,264377,-32,832,76.52,35.35,38,63668,6413114
[Recv] <<< 23:c9:cc:4b:a0:3a,264378,-32,833,76.47,35.35,32,63700,6413146
[Recv] <<< 23:c9:cc:4b:a0:3a,264380,-32,834,76.46,35.35,71,63771,6413217
[Recv] <<< 23:c9:cc:4b:a0:3a,264381,-32,835,76.42,35.35,38,63809,6413255
[Recv] <<< 23:c9:cc:4b:a0:3a,264383,-40,836,76.39,35.34,57,63866,6413312
[Recv] <<< 23:c9:cc:4b:a0:3a,264384,-40,837,76.34,35.34,30,63896,6413342
[Recv] <<< 23:c9:cc:4b:a0:3a,264385,-32,838,76.30,35.35,44,63940,6413386
[Recv] <<< 23:c9:cc:4b:a0:3a,264409,-40,839,77.19,35.33,819,64759,6414205
[Recv] <<< 23:c9:cc:4b:a0:3a,264414,-34,840,77.29,35.32,168,64927,6414373
[Recv] <<< 23:c9:cc:4b:a0:3a,264418,-34,841,77.37,35.32,141,65068,6414514
[Recv] <<< 23:c9:cc:4b:a0:3a,264420,-40,842,77.36,35.32,71,65139,6414585
[Recv] <<< 23:c9:cc:4b:a0:3a,264421,-35,843,77.31,35.32,32,65171,6414617
[Recv] <<< 23:c9:cc:4b:a0:3a,264423,-35,844,77.29,35.32,60,65231,6414677
[Recv] <<< 23:c9:cc:4b:a0:3a,264424,-34,845,77.24,35.32,36,65267,6414713
[Recv] <<< 23:c9:cc:4b:a0:3a,264427,-32,846,77.27,35.31,100,65367,6414813
[Recv] <<< 23:c9:cc:4b:a0:3a,264428,-32,847,77.20,35.31,24,65391,6414837
[Recv] <<< 23:c9:cc:4b:a0:3a,264430,-32,848,77.20,35.31,71,65462,6414908
[Recv] <<< 23:c9:cc:4b:a0:3a,264432,-32,849,77.19,35.31,70,65532,6414978
[Recv] <<< 23:c9:cc:4b:a0:3a,264433,-32,850,77.13,35.30,27,65559,6415005
[Recv] <<< 23:c9:cc:4b:a0:3a,264434,-32,851,77.08,35.30,33,65592,6415038
[Recv] <<< 23:c9:cc:4b:a0:3a,264435,-40,852,77.02,35.30,30,65622,6415068
[Recv] <<< 23:c9:cc:4b:a0:3a,264437,-40,853,77.01,35.30,65,65687,6415133
[Recv] <<< 23:c9:cc:4b:a0:3a,264439,-34,854,76.99,35.29,66,65753,6415199
[Recv] <<< 23:c9:cc:4b:a0:3a,264440,-34,855,76.95,35.29,35,65788,6415234
[Recv] <<< 23:c9:cc:4b:a0:3a,264441,-34,856,76.89,35.29,28,65816,6415262
[Recv] <<< 23:c9:cc:4b:a0:3a,264442,-34,857,76.83,35.29,31,65847,6415293
[Recv] <<< 23:c9:cc:4b:a0:3a,264443,-34,858,76.79,35.29,35,65882,6415328
[Recv] <<< 23:c9:cc:4b:a0:3a,264446,-34,859,76.81,35.28,97,65979,6415425
[Recv] <<< 23:c9:cc:4b:a0:3a,264447,-35,860,76.76,35.28,33,66012,6415458
[Recv] <<< 23:c9:cc:4b:a0:3a,264449,-32,861,76.75,35.28,66,66078,6415524
[Recv] <<< 23:c9:cc:4b:a0:3a,264450,-32,862,76.69,35.28,33,66111,6415557
[Recv] <<< 23:c9:cc:4b:a0:3a,264451,-32,863,76.65,35.28,36,66147,6415593
[Recv] <<< 23:c9:cc:4b:a0:3a,264452,-32,864,76.60,35.28,39,66186,6415632
[Recv] <<< 23:c9:cc:4b:a0:3a,264453,-32,865,76.55,35.28,34,66220,6415666
[Recv] <<< 23:c9:cc:4b:a0:3a,264454,-32,866,76.50,35.28,33,66253,6415699
[Recv] <<< 23:c9:cc:4b:a0:3a,264455,-32,867,76.46,35.28,39,66292,6415738
[Recv] <<< 23:c9:cc:4b:a0:3a,264456,-32,868,76.41,35.28,30,66322,6415768
[Recv] <<< 23:c9:cc:4b:a0:3a,264457,-32,869,76.36,35.28,36,66358,6415804
[Recv] <<< 23:c9:cc:4b:a0:3a,264458,-32,870,76.31,35.28,31,66389,6415835
[Recv] <<< 23:c9:cc:4b:a0:3a,264461,-40,871,76.34,35.27,103,66492,6415938
[Recv] <<< 23:c9:cc:4b:a0:3a,264473,-34,872,76.71,35.26,400,66892,6416338
[Recv] <<< 23:c9:cc:4b:a0:3a,264474,-35,873,76.66,35.26,36,66928,6416374
[Recv] <<< 23:c9:cc:4b:a0:3a,264475,-34,874,76.61,35.26,29,66957,6416403
[Recv] <<< 23:c9:cc:4b:a0:3a,264485,-32,875,76.89,35.25,326,67283,6416729
[Recv] <<< 23:c9:cc:4b:a0:3a,264486,-32,876,76.85,35.25,35,67318,6416764
[Recv] <<< 23:c9:cc:4b:a0:3a,264536,-40,877,78.68,35.21,1687,69005,6418451
[Recv] <<< 23:c9:cc:4b:a0:3a,264537,-40,878,78.63,35.21,33,69038,6418484
[Recv] <<< 23:c9:cc:4b:a0:3a,264553,-34,879,79.15,35.19,538,69576,6419022
[Recv] <<< 23:c9:cc:4b:a0:3a,16,-34,880,81.01,-0.27,1709,71285,6420731
[Recv] <<< 23:c9:cc:4b:a0:3a,17,-34,881,80.95,-0.27,32,71317,6420763
[Recv] <<< 23:c9:cc:4b:a0:3a,32,-32,882,81.44,-0.27,509,71826,6421272
[Recv] <<< 23:c9:cc:4b:a0:3a,34,-40,883,81.42,-0.27,65,71891,6421337
[Recv] <<< 23:c9:cc:4b:a0:3a,35,-32,884,81.37,-0.27,40,71931,6421377
[Recv] <<< 23:c9:cc:4b:a0:3a,36,-40,885,81.31,-0.27,28,71959,6421405
[Recv] <<< 23:c9:cc:4b:a0:3a,37,-40,886,81.25,-0.27,32,71991,6421437
[Recv] <<< 23:c9:cc:4b:a0:3a,38,-40,887,81.20,-0.27,37,72028,6421474
[Recv] <<< 23:c9:cc:4b:a0:3a,39,-40,888,81.15,-0.27,33,72061,6421507
[Recv] <<< 23:c9:cc:4b:a0:3a,40,-40,889,81.10,-0.27,34,72095,6421541
[Recv] <<< 23:c9:cc:4b:a0:3a,41,-40,890,81.04,-0.27,28,72123,6421569
[Recv] <<< 23:c9:cc:4b:a0:3a,42,-40,891,80.98,-0.27,33,72156,6421602
[Recv] <<< 23:c9:cc:4b:a0:3a,43,-40,892,80.93,-0.27,37,72193,6421639
[Recv] <<< 23:c9:cc:4b:a0:3a,46,-35,893,80.95,-0.28,92,72285,6421731
[Recv] <<< 23:c9:cc:4b:a0:3a,47,-34,894,80.89,-0.28,30,72315,6421761
[Recv] <<< 23:c9:cc:4b:a0:3a,48,-34,895,80.84,-0.28,40,72355,6421801
[Recv] <<< 23:c9:cc:4b:a0:3a,49,-34,896,80.78,-0.28,24,72379,6421825
[Recv] <<< 23:c9:cc:4b:a0:3a,50,-40,897,80.74,-0.28,44,72423,6421869
[Recv] <<< 23:c9:cc:4b:a0:3a,53,-34,898,80.76,-0.28,100,72523,6421969
[Recv] <<< 23:c9:cc:4b:a0:3a,54,-35,899,80.71,-0.28,34,72557,6422003
[Recv] <<< 23:c9:cc:4b:a0:3a,55,-34,900,80.66,-0.28,34,72591,6422037
[Recv] <<< 23:c9:cc:4b:a0:3a,56,-34,901,80.60,-0.28,33,72624,6422070
[Recv] <<< 23:c9:cc:4b:a0:3a,57,-34,902,80.56,-0.28,41,72665,6422111
[Recv] <<< 23:c9:cc:4b:a0:3a,59,-40,903,80.55,-0.28,75,72740,6422186
[Recv] <<< 23:c9:cc:4b:a0:3a,60,-34,904,80.50,-0.28,30,72770,6422216
[Recv] <<< 23:c9:cc:4b:a0:3a,64,-34,905,80.56,-0.28,133,72903,6422349
[Recv] <<< 23:c9:cc:4b:a0:3a,65,-34,906,80.51,-0.28,42,72945,6422391
[Recv] <<< 23:c9:cc:4b:a0:3a,67,-34,907,80.49,-0.28,63,73008,6422454
[Recv] <<< 23:c9:cc:4b:a0:3a,68,-34,908,80.44,-0.28,32,73040,6422486
[Recv] <<< 23:c9:cc:4b:a0:3a,69,-34,909,80.39,-0.28,32,73072,6422518
[Recv] <<< 23:c9:cc:4b:a0:3a,70,-34,910,80.34,-0.28,34,73106,6422552
[Recv] <<< 23:c9:cc:4b:a0:3a,71,-34,911,80.29,-0.28,34,73140,6422586
[Recv] <<< 23:c9:cc:4b:a0:3a,73,-34,912,80.28,-0.28,79,73219,6422665
[Recv] <<< 23:c9:cc:4b:a0:3a,74,-35,913,80.23,-0.28,31,73250,6422696
[Recv] <<< 23:c9:cc:4b:a0:3a,75,-34,914,80.18,-0.28,32,73282,6422728
[Recv] <<< 23:c9:cc:4b:a0:3a,76,-34,915,80.13,-0.28,34,73316,6422762
[Recv] <<< 23:c9:cc:4b:a0:3a,77,-34,916,80.08,-0.28,35,73351,6422797
[Recv] <<< 23:c9:cc:4b:a0:3a,78,-34,917,80.03,-0.28,32,73383,6422829
[Recv] <<< 23:c9:cc:4b:a0:3a,82,-40,918,80.08,-0.28,128,73511,6422957
[Recv] <<< 23:c9:cc:4b:a0:3a,83,-32,919,80.03,-0.28,41,73552,6422998
[Recv] <<< 23:c9:cc:4b:a0:3a,84,-32,920,79.99,-0.28,39,73591,6423037
[Recv] <<< 23:c9:cc:4b:a0:3a,86,-40,921,79.97,-0.28,57,73648,6423094
[Recv] <<< 23:c9:cc:4b:a0:3a,87,-40,922,79.92,-0.28,35,73683,6423129
[Recv] <<< 23:c9:cc:4b:a0:3a,88,-40,923,79.87,-0.28,34,73717,6423163
[Recv] <<< 23:c9:cc:4b:a0:3a,90,-32,924,79.87,-0.28,79,73796,6423242
[Recv] <<< 23:c9:cc:4b:a0:3a,93,-32,925,79.89,-0.28,103,73899,6423345
[Recv] <<< 23:c9:cc:4b:a0:3a,94,-32,926,79.84,-0.28,33,73932,6423378
[Recv] <<< 23:c9:cc:4b:a0:3a,95,-32,927,79.79,-0.28,34,73966,6423412
[Recv] <<< 23:c9:cc:4b:a0:3a,96,-35,928,79.74,-0.28,32,73998,6423444
[Recv] <<< 23:c9:cc:4b:a0:3a,97,-32,929,79.69,-0.28,37,74035,6423481
[Recv] <<< 23:c9:cc:4b:a0:3a,98,-32,930,79.64,-0.28,33,74068,6423514
[Recv] <<< 23:c9:cc:4b:a0:3a,99,-34,931,79.60,-0.28,40,74108,6423554
[Recv] <<< 23:c9:cc:4b:a0:3a,101,-34,932,79.59,-0.28,74,74182,6423628
[Recv] <<< 23:c9:cc:4b:a0:3a,102,-34,933,79.55,-0.28,34,74216,6423662
[Recv] <<< 23:c9:cc:4b:a0:3a,110,-34,934,79.75,-0.28,273,74489,6423935
[Recv] <<< 23:c9:cc:4b:a0:3a,111,-34,935,79.71,-0.28,38,74527,6423973
[Recv] <<< 23:c9:cc:4b:a0:3a,126,-32,936,80.19,-0.29,528,75055,6424501
[Recv] <<< 23:c9:cc:4b:a0:3a,133,-40,937,80.35,-0.29,231,75286,6424732
[Recv] <<< 23:c9:cc:4b:a0:3a,135,-32,938,80.34,-0.29,69,75355,6424801
[Recv] <<< 23:c9:cc:4b:a0:3a,138,-32,939,80.36,-0.29,103,75458,6424904
[Recv] <<< 23:c9:cc:4b:a0:3a,142,-34,940,80.43,-0.29,142,75600,6425046
[Recv] <<< 23:c9:cc:4b:a0:3a,143,-34,941,80.38,-0.29,35,75635,6425081
[Recv] <<< 23:c9:cc:4b:a0:3a,144,-34,942,80.32,-0.29,28,75663,6425109
[Recv] <<< 23:c9:cc:4b:a0:3a,146,-34,943,80.31,-0.29,72,75735,6425181
[Recv] <<< 23:c9:cc:4b:a0:3a,147,-34,944,80.26,-0.29,31,75766,6425212
[Recv] <<< 23:c9:cc:4b:a0:3a,148,-34,945,80.21,-0.29,33,75799,6425245
[Recv] <<< 23:c9:cc:4b:a0:3a,150,-35,946,80.21,-0.29,81,75880,6425326
[Recv] <<< 23:c9:cc:4b:a0:3a,151,-34,947,80.16,-0.29,36,75916,6425362
[Recv] <<< 23:c9:cc:4b:a0:3a,152,-40,948,80.11,-0.29,32,75948,6425394
[Recv] <<< 23:c9:cc:4b:a0:3a,153,-40,949,80.07,-0.29,39,75987,6425433
[Recv] <<< 23:c9:cc:4b:a0:3a,154,-40,950,80.02,-0.29,30,76017,6425463
[Recv] <<< 23:c9:cc:4b:a0:3a,156,-40,951,80.01,-0.29,71,76088,6425534
[Recv] <<< 23:c9:cc:4b:a0:3a,157,-40,952,79.97,-0.29,40,76128,6425574
[Recv] <<< 23:c9:cc:4b:a0:3a,158,-40,953,79.91,-0.29,27,76155,6425601
[Recv] <<< 23:c9:cc:4b:a0:3a,159,-40,954,79.86,-0.29,36,76191,6425637
[Recv] <<< 23:c9:cc:4b:a0:3a,192,-38,955,80.98,-0.29,1145,77336,6426782
[Recv] <<< 23:c9:cc:4b:a0:3a,193,-38,956,80.93,-0.29,34,77370,6426816
[Recv] <<< 23:c9:cc:4b:a0:3a,198,-49,957,81.02,-0.30,168,77538,6426984
[Recv] <<< 23:c9:cc:4b:a0:3a,201,-44,958,81.03,-0.30,89,77627,6427073
[Recv] <<< 23:c9:cc:4b:a0:3a,202,-36,959,80.99,-0.30,45,77672,6427118
[Recv] <<< 23:c9:cc:4b:a0:3a,203,-35,960,80.95,-0.30,40,77712,6427158
[Recv] <<< 23:c9:cc:4b:a0:3a,204,-36,961,80.90,-0.30,31,77743,6427189
[Recv] <<< 23:c9:cc:4b:a0:3a,205,-39,962,80.85,-0.30,34,77777,6427223
[Recv] <<< 23:c9:cc:4b:a0:3a,206,-37,963,80.80,-0.30,30,77807,6427253
[Recv] <<< 23:c9:cc:4b:a0:3a,211,-37,964,80.89,-0.30,169,77976,6427422
[Recv] <<< 23:c9:cc:4b:a0:3a,212,-37,965,80.84,-0.30,32,78008,6427454
[Recv] <<< 23:c9:cc:4b:a0:3a,213,-37,966,80.79,-0.30,37,78045,6427491
[Recv] <<< 23:c9:cc:4b:a0:3a,221,-29,967,81.00,-0.30,282,78327,6427773
[Recv] <<< 23:c9:cc:4b:a0:3a,223,-29,968,80.98,-0.30,61,78388,6427834
[Recv] <<< 23:c9:cc:4b:a0:3a,224,-29,969,80.93,-0.30,37,78425,6427871
[Recv] <<< 23:c9:cc:4b:a0:3a,225,-48,970,80.89,-0.30,36,78461,6427907
[Recv] <<< 23:c9:cc:4b:a0:3a,226,-46,971,80.84,-0.30,34,78495,6427941
[Recv] <<< 23:c9:cc:4b:a0:3a,227,-32,972,80.79,-0.30,32,78527,6427973
[Recv] <<< 23:c9:cc:4b:a0:3a,228,-30,973,80.74,-0.30,34,78561,6428007
[Recv] <<< 23:c9:cc:4b:a0:3a,229,-31,974,80.70,-0.30,36,78597,6428043
[Recv] <<< 23:c9:cc:4b:a0:3a,230,-31,975,80.65,-0.30,32,78629,6428075
[Recv] <<< 23:c9:cc:4b:a0:3a,231,-32,976,80.61,-0.30,43,78672,6428118
[Recv] <<< 23:c9:cc:4b:a0:3a,232,-33,977,80.56,-0.30,36,78708,6428154
[Recv] <<< 23:c9:cc:4b:a0:3a,233,-39,978,80.52,-0.30,39,78747,6428193
[Recv] <<< 23:c9:cc:4b:a0:3a,235,-40,979,80.51,-0.30,70,78817,6428263
[Recv] <<< 23:c9:cc:4b:a0:3a,260,-36,980,81.29,-0.30,845,79662,6429108
[Recv] <<< 23:c9:cc:4b:a0:3a,261,-42,981,81.24,-0.30,34,79696,6429142
[Recv] <<< 23:c9:cc:4b:a0:3a,262,-42,982,81.19,-0.30,31,79727,6429173
[Recv] <<< 23:c9:cc:4b:a0:3a,263,-33,983,81.14,-0.30,36,79763,6429209
