address,packet_id,rssi,count,rx_speed,tx_speed,last_time_elapsed,total_time_elapsed,timestamp
f0:91:27:6b:7a:0a,2,-18,1,270.00,270.00,32549,270,32549
f0:91:27:6b:7a:0a,3,-16,2,176.50,176.50,83,353,32632
f0:91:27:6b:7a:0a,5,-18,3,172.33,129.25,164,517,32796
f0:91:27:6b:7a:0a,6,-16,4,149.00,119.20,79,596,32875
f0:91:27:6b:7a:0a,7,-17,5,136.60,113.83,87,683,32962
f0:91:27:6b:7a:0a,9,-16,6,141.67,106.25,167,850,33129
f0:91:27:6b:7a:0a,10,-16,7,134.29,104.44,90,940,33219
f0:91:27:6b:7a:0a,11,-16,8,127.12,101.70,77,1017,33296
f0:91:27:6b:7a:0a,12,-18,9,122.44,100.18,85,1102,33381
f0:91:27:6b:7a:0a,13,-16,10,118.80,99.00,86,1188,33467
f0:91:27:6b:7a:0a,15,-16,11,123.27,96.86,168,1356,33635
f0:91:27:6b:7a:0a,16,-16,12,119.67,95.73,80,1436,33715
f0:91:27:6b:7a:0a,17,-18,13,116.85,94.94,83,1519,33798
f0:91:27:6b:7a:0a,18,-16,14,114.00,93.88,77,1596,33875
f0:91:27:6b:7a:0a,19,-17,15,112.13,93.44,86,1682,33961
f0:91:27:6b:7a:0a,20,-18,16,110.12,92.74,80,1762,34041
f0:91:27:6b:7a:0a,21,-16,17,108.59,92.30,84,1846,34125
f0:91:27:6b:7a:0a,22,-18,18,107.28,91.95,85,1931,34210
f0:91:27:6b:7a:0a,23,-16,19,105.95,91.50,82,2013,34292
f0:91:27:6b:7a:0a,24,-16,20,104.70,91.04,81,2094,34373
f0:91:27:6b:7a:0a,25,-16,21,103.62,90.67,82,2176,34455
f0:91:27:6b:7a:0a,26,-16,22,102.68,90.36,83,2259,34538
f0:91:27:6b:7a:0a,27,-16,23,102.09,90.31,89,2348,34627
f0:91:27:6b:7a:0a,28,-16,24,101.17,89.93,80,2428,34707
f0:91:27:6b:7a:0a,29,-16,25,100.56,89.79,86,2514,34793
f0:91:27:6b:7a:0a,31,-18,26,103.12,89.37,167,2681,34960
f0:91:27:6b:7a:0a,37,-16,27,118.22,88.67,511,3192,35471
f0:91:27:6b:7a:0a,38,-18,28,117.21,88.70,90,3282,35561
f0:91:27:6b:7a:0a,39,-16,29,116.03,88.55,83,3365,35644
f0:91:27:6b:7a:0a,40,-16,30,114.57,88.13,72,3437,35716
f0:91:27:6b:7a:0a,46,-18,31,126.77,87.33,493,3930,36209
f0:91:27:6b:7a:0a,52,-16,32,138.44,86.86,500,4430,36709
f0:91:27:6b:7a:0a,53,-18,33,136.91,86.88,88,4518,36797
f0:91:27:6b:7a:0a,54,-16,34,135.35,86.83,84,4602,36881
f0:91:27:6b:7a:0a,55,-18,35,134.00,86.85,88,4690,36969
f0:91:27:6b:7a:0a,57,-16,36,134.69,86.59,159,4849,37128
f0:91:27:6b:7a:0a,58,-18,37,133.16,86.44,78,4927,37206
f0:91:27:6b:7a:0a,59,-16,38,131.76,86.33,80,5007,37286
f0:91:27:6b:7a:0a,61,-16,39,132.51,86.13,161,5168,37447
f0:91:27:6b:7a:0a,62,-16,40,131.45,86.20,90,5258,37537
f0:91:27:6b:7a:0a,63,-16,41,130.15,86.06,78,5336,37615
f0:91:27:6b:7a:0a,71,-17,42,141.95,85.17,626,5962,38241
f0:91:27:6b:7a:0a,73,-16,43,142.51,85.11,166,6128,38407
f0:91:27:6b:7a:0a,75,-16,44,142.91,84.97,160,6288,38567
f0:91:27:6b:7a:0a,76,-17,45,141.38,84.83,74,6362,38641
f0:91:27:6b:7a:0a,77,-18,46,140.07,84.78,81,6443,38722
f0:91:27:6b:7a:0a,78,-18,47,138.68,84.65,75,6518,38797
f0:91:27:6b:7a:0a,79,-16,48,137.56,84.65,85,6603,38882
f0:91:27:6b:7a:0a,85,-18,49,144.61,84.36,483,7086,39365
f0:91:27:6b:7a:0a,88,-18,50,146.44,84.16,236,7322,39601
f0:91:27:6b:7a:0a,90,-16,51,146.75,84.09,162,7484,39763
f0:91:27:6b:7a:0a,91,-16,52,145.58,84.11,86,7570,39849
f0:91:27:6b:7a:0a,92,-17,53,144.47,84.14,87,7657,39936
f0:91:27:6b:7a:0a,97,-18,54,149.02,83.82,390,8047,40326
f0:91:27:6b:7a:0a,101,-18,55,152.07,83.64,317,8364,40643
f0:91:27:6b:7a:0a,104,-16,56,153.64,83.53,240,8604,40883
f0:91:27:6b:7a:0a,105,-18,57,152.33,83.49,79,8683,40962
f0:91:27:6b:7a:0a,106,-16,58,151.00,83.41,75,8758,41037
f0:91:27:6b:7a:0a,107,-16,59,149.85,83.41,83,8841,41120
f0:91:27:6b:7a:0a,108,-18,60,148.77,83.42,85,8926,41205
f0:91:27:6b:7a:0a,110,-17,61,148.98,83.38,162,9088,41367
f0:91:27:6b:7a:0a,112,-16,62,149.13,83.30,158,9246,41525
f0:91:27:6b:7a:0a,113,-17,63,148.00,83.25,78,9324,41603
f0:91:27:6b:7a:0a,114,-18,64,146.86,83.18,75,9399,41678
f0:91:27:6b:7a:0a,115,-18,65,145.91,83.19,85,9484,41763
f0:91:27:6b:7a:0a,118,-18,66,147.36,83.13,242,9726,42005
f0:91:27:6b:7a:0a,120,-16,67,147.61,83.11,164,9890,42169
f0:91:27:6b:7a:0a,122,-16,68,147.81,83.07,161,10051,42330
f0:91:27:6b:7a:0a,123,-16,69,146.77,83.01,76,10127,42406
f0:91:27:6b:7a:0a,124,-18,70,145.94,83.06,89,10216,42495
f0:91:27:6b:7a:0a,126,-16,71,146.08,82.98,156,10372,42651
f0:91:27:6b:7a:0a,127,-18,72,145.18,82.96,81,10453,42732
f0:91:27:6b:7a:0a,129,-16,73,145.29,82.86,153,10606,42885
f0:91:27:6b:7a:0a,131,-16,74,145.47,82.81,159,10765,43044
f0:91:27:6b:7a:0a,142,-16,75,154.97,82.43,858,11623,43902
f0:91:27:6b:7a:0a,145,-16,76,156.01,82.34,234,11857,44136
f0:91:27:6b:7a:0a,149,-16,77,158.06,82.24,314,12171,44450
f0:91:27:6b:7a:0a,153,-16,78,160.14,82.18,320,12491,44770
f0:91:27:6b:7a:0a,154,-17,79,159.06,82.13,75,12566,44845
f0:91:27:6b:7a:0a,155,-18,80,158.05,82.10,78,12644,44923
f0:91:27:6b:7a:0a,156,-18,81,156.99,82.04,72,12716,44995
f0:91:27:6b:7a:0a,157,-18,82,156.01,82.01,77,12793,45072
f0:91:27:6b:7a:0a,161,-16,83,157.95,81.94,317,13110,45389
f0:91:27:6b:7a:0a,164,-16,84,159.02,81.95,248,13358,45637
f0:91:27:6b:7a:0a,165,-18,85,158.11,81.95,81,13439,45718
f0:91:27:6b:7a:0a,166,-16,86,157.21,81.94,81,13520,45799
f0:91:27:6b:7a:0a,167,-17,87,156.30,81.92,78,13598,45877
f0:91:27:6b:7a:0a,168,-16,88,155.43,81.90,80,13678,45957
f0:91:27:6b:7a:0a,169,-18,89,154.56,81.88,78,13756,46035
f0:91:27:6b:7a:0a,171,-16,90,154.52,81.81,151,13907,46186
f0:91:27:6b:7a:0a,172,-16,91,153.69,81.79,79,13986,46265
f0:91:27:6b:7a:0a,173,-16,92,152.87,81.77,78,14064,46343
f0:91:27:6b:7a:0a,174,-17,93,152.06,81.75,78,14142,46421
f0:91:27:6b:7a:0a,177,-17,94,152.94,81.68,234,14376,46655
f0:91:27:6b:7a:0a,178,-16,95,152.26,81.72,89,14465,46744
f0:91:27:6b:7a:0a,180,-17,96,152.23,81.64,149,14614,46893
f0:91:27:6b:7a:0a,181,-17,97,151.51,81.64,82,14696,46975
f0:91:27:6b:7a:0a,182,-16,98,150.79,81.64,81,14777,47056
f0:91:27:6b:7a:0a,183,-16,99,150.07,81.63,80,14857,47136
f0:91:27:6b:7a:0a,185,-16,100,150.16,81.61,159,15016,47295
f0:91:27:6b:7a:0a,186,-16,101,149.37,81.55,70,15086,47365
f0:91:27:6b:7a:0a,193,-18,102,153.45,81.52,566,15652,47931
f0:91:27:6b:7a:0a,194,-16,103,152.71,81.50,77,15729,48008
f0:91:27:6b:7a:0a,195,-16,104,151.98,81.47,77,15806,48085
f0:91:27:6b:7a:0a,196,-18,105,151.26,81.45,76,15882,48161
f0:91:27:6b:7a:0a,197,-16,106,150.60,81.45,82,15964,48243
f0:91:27:6b:7a:0a,198,-16,107,149.91,81.42,76,16040,48319
f0:91:27:6b:7a:0a,199,-17,108,149.22,81.39,76,16116,48395
f0:91:27:6b:7a:0a,201,-16,109,149.33,81.39,161,16277,48556
f0:91:27:6b:7a:0a,202,-16,110,148.65,81.35,75,16352,48631
f0:91:27:6b:7a:0a,203,-16,111,148.09,81.38,86,16438,48717
f0:91:27:6b:7a:0a,204,-18,112,147.44,81.34,75,16513,48792
f0:91:27:6b:7a:0a,206,-16,113,147.54,81.33,159,16672,48951
f0:91:27:6b:7a:0a,208,-16,114,147.57,81.27,151,16823,49102
f0:91:27:6b:7a:0a,209,-18,115,146.98,81.26,80,16903,49182
f0:91:27:6b:7a:0a,210,-16,116,146.40,81.25,79,16982,49261
f0:91:27:6b:7a:0a,211,-17,117,145.85,81.26,82,17064,49343
f0:91:27:6b:7a:0a,213,-18,118,145.92,81.22,154,17218,49497
f0:91:27:6b:7a:0a,214,-16,119,145.35,81.21,79,17297,49576
f0:91:27:6b:7a:0a,217,-16,120,146.12,81.18,238,17535,49814
f0:91:27:6b:7a:0a,219,-16,121,146.18,81.14,153,17688,49967
f0:91:27:6b:7a:0a,222,-17,122,146.93,81.11,237,17925,50204
f0:91:27:6b:7a:0a,228,-16,123,149.64,81.08,481,18406,50685
f0:91:27:6b:7a:0a,229,-18,124,149.06,81.07,77,18483,50762
f0:91:27:6b:7a:0a,230,-16,125,148.50,81.06,80,18563,50842
f0:91:27:6b:7a:0a,231,-16,126,147.87,81.00,68,18631,50910
f0:91:27:6b:7a:0a,243,-16,127,154.31,80.98,966,19597,51876
f0:91:27:6b:7a:0a,245,-16,128,154.41,81.00,167,19764,52043
f0:91:27:6b:7a:0a,246,-16,129,153.77,80.96,72,19836,52115
f0:91:27:6b:7a:0a,249,-17,130,154.49,80.98,248,20084,52363
f0:91:27:6b:7a:0a,260,-16,131,160.01,80.93,877,20961,53240
f0:91:27:6b:7a:0a,267,-16,132,163.15,80.96,575,21536,53815
f0:91:27:6b:7a:0a,268,-16,133,162.48,80.94,74,21610,53889
f0:91:27:6b:7a:0a,269,-18,134,161.83,80.91,75,21685,53964
f0:91:27:6b:7a:0a,271,-18,135,161.86,80.93,166,21851,54130
f0:91:27:6b:7a:0a,277,-17,136,164.16,80.89,475,22326,54605
f0:91:27:6b:7a:0a,279,-17,137,164.15,80.90,163,22489,54768
f0:91:27:6b:7a:0a,280,-18,138,163.51,80.87,75,22564,54843
f0:91:27:6b:7a:0a,281,-18,139,162.92,80.88,82,22646,54925
f0:91:27:6b:7a:0a,282,-16,140,162.34,80.88,82,22728,55007
f0:91:27:6b:7a:0a,283,-16,141,161.84,80.92,92,22820,55099
f0:91:27:6b:7a:0a,285,-18,142,161.79,80.89,154,22974,55253
f0:91:27:6b:7a:0a,286,-18,143,161.16,80.86,72,23046,55325
f0:91:27:6b:7a:0a,287,-16,144,160.61,80.87,82,23128,55407
f0:91:27:6b:7a:0a,288,-16,145,160.06,80.86,80,23208,55487
f0:91:27:6b:7a:0a,289,-17,146,159.48,80.85,76,23284,55563
f0:91:27:6b:7a:0a,290,-18,147,158.95,80.85,81,23365,55644
f0:91:27:6b:7a:0a,292,-17,148,158.95,80.84,159,23524,55803
f0:91:27:6b:7a:0a,294,-16,149,159.07,80.89,178,23702,55981
f0:91:27:6b:7a:0a,295,-17,150,158.53,80.88,77,23779,56058
f0:91:27:6b:7a:0a,297,-18,151,158.52,80.86,157,23936,56215
f0:91:27:6b:7a:0a,298,-18,152,158.03,80.88,84,24020,56299
f0:91:27:6b:7a:0a,304,-16,153,160.07,80.83,471,24491,56770
f0:91:27:6b:7a:0a,306,-16,154,160.06,80.82,159,24650,56929
f0:91:27:6b:7a:0a,307,-18,155,159.54,80.81,78,24728,57007
f0:91:27:6b:7a:0a,310,-16,156,160.06,80.81,241,24969,57248
f0:91:27:6b:7a:0a,311,-18,157,159.50,80.78,73,25042,57321
f0:91:27:6b:7a:0a,319,-16,158,162.47,80.73,629,25671,57950
f0:91:27:6b:7a:0a,320,-17,159,161.95,80.72,79,25750,58029
f0:91:27:6b:7a:0a,322,-16,160,161.90,80.70,154,25904,58183
f0:91:27:6b:7a:0a,324,-18,161,161.96,80.73,171,26075,58354
f0:91:27:6b:7a:0a,327,-17,162,162.41,80.71,236,26311,58590
f0:91:27:6b:7a:0a,328,-16,163,161.90,80.70,78,26389,58668
f0:91:27:6b:7a:0a,332,-16,164,162.79,80.66,309,26698,58977
f0:91:27:6b:7a:0a,333,-16,165,162.30,80.66,81,26779,59058
f0:91:27:6b:7a:0a,335,-16,166,162.29,80.66,161,26940,59219
f0:91:27:6b:7a:0a,338,-18,167,162.69,80.62,230,27170,59449
f0:91:27:6b:7a:0a,342,-18,168,163.64,80.62,321,27491,59770
f0:91:27:6b:7a:0a,344,-16,169,163.62,80.62,161,27652,59931
f0:91:27:6b:7a:0a,347,-16,170,163.99,80.58,227,27879,60158
f0:91:27:6b:7a:0a,356,-16,171,167.19,80.53,710,28589,60868
f0:91:27:6b:7a:0a,358,-18,172,167.12,80.52,156,28745,61024
f0:91:27:6b:7a:0a,362,-18,173,168.01,80.51,320,29065,61344
f0:91:27:6b:7a:0a,385,-16,174,177.47,80.42,1815,30880,63159
f0:91:27:6b:7a:0a,386,-16,175,176.89,80.41,76,30956,63235
f0:91:27:6b:7a:0a,390,-17,176,177.69,80.40,318,31274,63553
f0:91:27:6b:7a:0a,392,-16,177,177.55,80.37,152,31426,63705
f0:91:27:6b:7a:0a,393,-16,178,177.02,80.38,84,31510,63789
f0:91:27:6b:7a:0a,396,-18,179,177.32,80.36,231,31741,64020
f0:91:27:6b:7a:0a,397,-16,180,176.79,80.36,81,31822,64101
f0:91:27:6b:7a:0a,403,-16,181,178.46,80.35,479,32301,64580
f0:91:27:6b:7a:0a,404,-16,182,177.91,80.35,79,32380,64659
f0:91:27:6b:7a:0a,406,-16,183,177.84,80.36,165,32545,64824
f0:91:27:6b:7a:0a,407,-16,184,177.30,80.35,78,32623,64902
f0:91:27:6b:7a:0a,410,-16,185,177.57,80.32,227,32850,65129
f0:91:27:6b:7a:0a,415,-17,186,178.69,80.28,387,33237,65516
f0:91:27:6b:7a:0a,418,-16,187,179.01,80.28,238,33475,65754
f0:91:27:6b:7a:0a,420,-16,188,178.94,80.29,165,33640,65919
f0:91:27:6b:7a:0a,422,-16,189,178.86,80.29,164,33804,66083
f0:91:27:6b:7a:0a,423,-18,190,178.32,80.28,76,33880,66159
f0:91:27:6b:7a:0a,424,-16,191,177.79,80.28,77,33957,66236
f0:91:27:6b:7a:0a,425,-16,192,177.27,80.27,79,34036,66315
f0:91:27:6b:7a:0a,426,-16,193,176.74,80.26,74,34110,66389
f0:91:27:6b:7a:0a,427,-18,194,176.26,80.27,85,34195,66474
f0:91:27:6b:7a:0a,428,-16,195,175.75,80.26,77,34272,66551
f0:91:27:6b:7a:0a,429,-17,196,175.29,80.27,84,34356,66635
f0:91:27:6b:7a:0a,431,-16,197,175.19,80.26,157,34513,66792
f0:91:27:6b:7a:0a,432,-16,198,174.71,80.26,79,34592,66871
f0:91:27:6b:7a:0a,433,-18,199,174.23,80.26,80,34672,66951
f0:91:27:6b:7a:0a,434,-16,200,173.72,80.24,72,34744,67023
f0:91:27:6b:7a:0a,435,-16,201,173.28,80.25,86,34830,67109
f0:91:27:6b:7a:0a,437,-16,202,173.21,80.25,158,34988,67267
f0:91:27:6b:7a:0a,439,-17,203,173.10,80.23,152,35140,67419
f0:91:27:6b:7a:0a,440,-18,204,172.67,80.24,85,35225,67504
f0:91:27:6b:7a:0a,441,-16,205,172.23,80.24,82,35307,67586
f0:91:27:6b:7a:0a,442,-17,206,171.79,80.25,82,35389,67668
f0:91:27:6b:7a:0a,444,-16,207,171.74,80.25,162,35551,67830
f0:91:27:6b:7a:0a,445,-16,208,171.28,80.24,75,35626,67905
f0:91:27:6b:7a:0a,448,-16,209,171.60,80.23,239,35865,68144
f0:91:27:6b:7a:0a,450,-16,210,171.57,80.24,164,36029,68308
f0:91:27:6b:7a:0a,451,-17,211,171.12,80.24,78,36107,68386
f0:91:27:6b:7a:0a,452,-18,212,170.69,80.24,79,36186,68465
f0:91:27:6b:7a:0a,453,-16,213,170.23,80.22,74,36260,68539
f0:91:27:6b:7a:0a,454,-16,214,169.81,80.22,79,36339,68618
f0:91:27:6b:7a:0a,455,-18,215,169.39,80.22,80,36419,68698
f0:91:27:6b:7a:0a,457,-16,216,169.30,80.19,149,36568,68847
f0:91:27:6b:7a:0a,469,-16,217,172.93,80.18,957,37525,69804
f0:91:27:6b:7a:0a,471,-17,218,172.88,80.19,162,37687,69966
f0:91:27:6b:7a:0a,474,-17,219,173.17,80.18,238,37925,70204
f0:91:27:6b:7a:0a,475,-18,220,172.72,80.17,74,37999,70278
f0:91:27:6b:7a:0a,478,-18,221,173.00,80.15,234,38233,70512
f0:91:27:6b:7a:0a,481,-18,222,173.30,80.15,240,38473,70752
f0:91:27:6b:7a:0a,484,-18,223,173.61,80.16,243,38716,70995
f0:91:27:6b:7a:0a,485,-16,224,173.17,80.15,75,38791,71070
f0:91:27:6b:7a:0a,486,-18,225,172.79,80.16,86,38877,71156
f0:91:27:6b:7a:0a,487,-16,226,172.38,80.16,82,38959,71238
f0:91:27:6b:7a:0a,488,-16,227,171.97,80.16,79,39038,71317
f0:91:27:6b:7a:0a,489,-18,228,171.55,80.15,75,39113,71392
f0:91:27:6b:7a:0a,490,-16,229,171.14,80.15,78,39191,71470
f0:91:27:6b:7a:0a,491,-16,230,170.77,80.16,86,39277,71556
f0:91:27:6b:7a:0a,492,-18,231,170.33,80.14,70,39347,71626
f0:91:27:6b:7a:0a,494,-16,232,170.31,80.14,164,39511,71790
f0:91:27:6b:7a:0a,509,-18,233,174.64,80.10,1180,40691,72970
f0:91:27:6b:7a:0a,510,-16,234,174.25,80.11,84,40775,73054
f0:91:27:6b:7a:0a,514,-16,235,174.83,80.09,309,41084,73363
f0:91:27:6b:7a:0a,538,-18,236,182.15,80.05,1903,42987,75266
f0:91:27:6b:7a:0a,539,-16,237,181.72,80.05,80,43067,75346
f0:91:27:6b:7a:0a,543,-18,238,182.34,80.07,330,43397,75676
f0:91:27:6b:7a:0a,557,-18,239,186.91,80.34,1274,44671,76950
f0:91:27:6b:7a:0a,559,-16,240,186.90,80.39,186,44857,77136
f0:91:27:6b:7a:0a,561,-18,241,186.90,80.44,187,45044,77323
f0:91:27:6b:7a:0a,564,-18,242,187.26,80.49,274,45318,77597
f0:91:27:6b:7a:0a,565,-16,243,186.88,80.52,95,45413,77692
f0:91:27:6b:7a:0a,567,-18,244,186.84,80.55,176,45589,77868
f0:91:27:6b:7a:0a,569,-16,245,186.82,80.58,183,45772,78051
f0:91:27:6b:7a:0a,579,-16,246,189.79,80.78,916,46688,78967
f0:91:27:6b:7a:0a,580,-18,247,189.35,80.78,82,46770,79049
f0:91:27:6b:7a:0a,583,-16,248,189.75,80.86,289,47059,79338
f0:91:27:6b:7a:0a,587,-18,249,190.46,80.93,366,47425,79704
f0:91:27:6b:7a:0a,588,-16,250,190.06,80.95,91,47516,79795
f0:91:27:6b:7a:0a,592,-16,251,190.79,81.03,373,47889,80168
f0:91:27:6b:7a:0a,597,-16,252,191.90,81.14,469,48358,80637
f0:91:27:6b:7a:0a,602,-17,253,193.00,81.24,470,48828,81107
f0:91:27:6b:7a:0a,614,-18,254,196.65,81.48,1120,49948,82227
f0:91:27:6b:7a:0a,615,-17,255,196.25,81.50,96,50044,82323
f0:91:27:6b:7a:0a,616,-16,256,195.88,81.54,102,50146,82425
f0:91:27:6b:7a:0a,617,-16,257,195.46,81.55,87,50233,82512
f0:91:27:6b:7a:0a,618,-18,258,195.05,81.56,91,50324,82603
f0:91:27:6b:7a:0a,627,-16,259,197.47,81.70,822,51146,83425
f0:91:27:6b:7a:0a,641,-16,260,201.75,81.96,1310,52456,84735
f0:91:27:6b:7a:0a,663,-16,261,208.71,82.29,2017,54473,86752
f0:91:27:6b:7a:0a,668,-17,262,209.62,82.34,447,54920,87199
f0:91:27:6b:7a:0a,678,-16,263,212.11,82.40,866,55786,88065
f0:91:27:6b:7a:0a,679,-17,264,211.65,82.41,90,55876,88155
f0:91:27:6b:7a:0a,682,-18,265,211.74,82.40,236,56112,88391
f0:91:27:6b:7a:0a,684,-17,266,211.59,82.40,170,56282,88561
f0:91:27:6b:7a:0a,686,-16,267,211.44,82.41,172,56454,88733
f0:91:27:6b:7a:0a,690,-16,268,211.88,82.42,330,56784,89063
f0:91:27:6b:7a:0a,691,-16,269,211.38,82.41,76,56860,89139
f0:91:27:6b:7a:0a,692,-16,270,210.92,82.41,88,56948,89227
f0:91:27:6b:7a:0a,708,-18,271,215.03,82.42,1326,58274,90553
f0:91:27:6b:7a:0a,709,-16,272,214.56,82.43,87,58361,90640
f0:91:27:6b:7a:0a,711,-16,273,214.42,82.45,175,58536,90815
f0:91:27:6b:7a:0a,718,-17,274,215.78,82.46,588,59124,91403
f0:91:27:6b:7a:0a,719,-18,275,215.31,82.47,87,59211,91490
f0:91:27:6b:7a:0a,722,-17,276,215.45,82.48,254,59465,91744
f0:91:27:6b:7a:0a,723,-17,277,214.96,82.47,79,59544,91823
f0:91:27:6b:7a:0a,724,-16,278,214.48,82.47,81,59625,91904
f0:91:27:6b:7a:0a,725,-16,279,214.00,82.47,82,59707,91986
f0:91:27:6b:7a:0a,732,-18,280,215.34,82.48,588,60295,92574
f0:91:27:6b:7a:0a,733,-16,281,214.85,82.48,78,60373,92652
f0:91:27:6b:7a:0a,734,-16,282,214.39,82.48,86,60459,92738
f0:91:27:6b:7a:0a,735,-18,283,213.92,82.48,80,60539,92818
f0:91:27:6b:7a:0a,736,-16,284,213.45,82.48,82,60621,92900
f0:91:27:6b:7a:0a,742,-16,285,214.39,82.46,481,61102,93381
f0:91:27:6b:7a:0a,744,-16,286,214.23,82.46,169,61271,93550
f0:91:27:6b:7a:0a,746,-18,287,214.04,82.46,159,61430,93709
f0:91:27:6b:7a:0a,747,-16,288,213.59,82.46,85,61515,93794
f0:91:27:6b:7a:0a,749,-16,289,213.42,82.46,163,61678,93957
f0:91:27:6b:7a:0a,752,-16,290,213.56,82.47,254,61932,94211
f0:91:27:6b:7a:0a,753,-16,291,213.09,82.46,78,62010,94289
f0:91:27:6b:7a:0a,754,-18,292,212.63,82.45,77,62087,94366
f0:91:27:6b:7a:0a,764,-16,293,214.62,82.42,798,62885,95164
f0:91:27:6b:7a:0a,765,-16,294,214.18,82.42,84,62969,95248
f0:91:27:6b:7a:0a,766,-16,295,213.73,82.42,82,63051,95330
f0:91:27:6b:7a:0a,767,-16,296,213.28,82.42,81,63132,95411
f0:91:27:6b:7a:0a,768,-16,297,212.80,82.40,71,63203,95482
f0:91:27:6b:7a:0a,769,-16,298,212.39,82.41,88,63291,95570
f0:91:27:6b:7a:0a,770,-17,299,211.93,82.40,77,63368,95647
f0:91:27:6b:7a:0a,772,-16,300,211.77,82.40,163,63531,95810
f0:91:27:6b:7a:0a,777,-16,301,212.37,82.38,392,63923,96202
f0:91:27:6b:7a:0a,778,-18,302,211.95,82.38,86,64009,96288
f0:91:27:6b:7a:0a,779,-16,303,211.55,82.39,92,64101,96380
f0:91:27:6b:7a:0a,780,-16,304,211.09,82.37,69,64170,96449
f0:91:27:6b:7a:0a,781,-17,305,210.67,82.38,83,64253,96532
f0:91:27:6b:7a:0a,782,-18,306,210.24,82.37,80,64333,96612
f0:91:27:6b:7a:0a,785,-16,307,210.31,82.35,231,64564,96843
f0:91:27:6b:7a:0a,787,-18,308,210.13,82.34,156,64720,96999
f0:91:27:6b:7a:0a,788,-18,309,209.70,82.34,78,64798,97077
f0:91:27:6b:7a:0a,790,-17,310,209.53,82.32,156,64954,97233
f0:91:27:6b:7a:0a,791,-18,311,209.12,82.32,82,65036,97315
f0:91:27:6b:7a:0a,794,-16,312,209.22,82.32,242,65278,97557
f0:91:27:6b:7a:0a,797,-16,313,209.30,82.30,232,65510,97789
f0:91:27:6b:7a:0a,812,-18,314,212.44,82.25,1197,66707,98986
f0:91:27:6b:7a:0a,813,-16,315,212.02,82.25,78,66785,99064
f0:91:27:6b:7a:0a,823,-17,316,213.80,82.19,777,67562,99841
f0:91:27:6b:7a:0a,828,-16,317,214.39,82.18,400,67962,100241
f0:91:27:6b:7a:0a,829,-17,318,213.94,82.17,71,68033,100312
f0:91:27:6b:7a:0a,831,-16,319,213.76,82.15,155,68188,100467
f0:91:27:6b:7a:0a,833,-17,320,213.59,82.15,161,68349,100628
f0:91:27:6b:7a:0a,835,-16,321,213.43,82.15,163,68512,100791
f0:91:27:6b:7a:0a,836,-16,322,213.02,82.15,82,68594,100873
f0:91:27:6b:7a:0a,837,-16,323,212.60,82.14,75,68669,100948
f0:91:27:6b:7a:0a,839,-16,324,212.47,82.15,172,68841,101120
f0:91:27:6b:7a:0a,841,-17,325,212.30,82.14,158,68999,101278
f0:91:27:6b:7a:0a,843,-16,326,212.13,82.13,157,69156,101435
f0:91:27:6b:7a:0a,844,-16,327,211.73,82.13,79,69235,101514
f0:91:27:6b:7a:0a,846,-18,328,211.56,82.12,157,69392,101671
f0:91:27:6b:7a:0a,848,-16,329,211.38,82.11,153,69545,101824
f0:91:27:6b:7a:0a,849,-16,330,210.97,82.10,76,69621,101900
f0:91:27:6b:7a:0a,850,-18,331,210.57,82.10,79,69700,101979
f0:91:27:6b:7a:0a,853,-16,332,210.65,82.09,237,69937,102216
f0:91:27:6b:7a:0a,856,-16,333,210.75,82.08,242,70179,102458
f0:91:27:6b:7a:0a,858,-17,334,210.58,82.07,156,70335,102614
f0:91:27:6b:7a:0a,860,-16,335,210.44,82.07,161,70496,102775
f0:91:27:6b:7a:0a,862,-17,336,210.28,82.06,158,70654,102933
f0:91:27:6b:7a:0a,863,-18,337,209.89,82.06,80,70734,103013
f0:91:27:6b:7a:0a,864,-16,338,209.52,82.06,83,70817,103096
f0:91:27:6b:7a:0a,867,-16,339,209.58,82.04,232,71049,103328
f0:91:27:6b:7a:0a,870,-18,340,209.65,82.03,232,71281,103560
f0:91:27:6b:7a:0a,871,-16,341,209.27,82.02,80,71361,103640
f0:91:27:6b:7a:0a,872,-16,342,208.90,82.03,84,71445,103724
f0:91:27:6b:7a:0a,873,-18,343,208.50,82.01,72,71517,103796
f0:91:27:6b:7a:0a,874,-16,344,208.13,82.01,79,71596,103875
f0:91:27:6b:7a:0a,879,-16,345,208.67,81.99,395,71991,104270
f0:91:27:6b:7a:0a,880,-17,346,208.28,81.99,75,72066,104345
f0:91:27:6b:7a:0a,882,-16,347,208.14,81.98,160,72226,104505
f0:91:27:6b:7a:0a,883,-17,348,207.77,81.98,78,72304,104583
f0:91:27:6b:7a:0a,885,-16,349,207.63,81.97,160,72464,104743
f0:91:27:6b:7a:0a,893,-16,350,208.85,81.95,635,73099,105378
f0:91:27:6b:7a:0a,896,-16,351,208.92,81.93,231,73330,105609
f0:91:27:6b:7a:0a,897,-16,352,208.56,81.93,82,73412,105691
f0:91:27:6b:7a:0a,904,-18,353,209.52,81.91,550,73962,106241
f0:91:27:6b:7a:0a,911,-16,354,210.51,81.89,559,74521,106800
f0:91:27:6b:7a:0a,915,-16,355,210.81,81.88,315,74836,107115
f0:91:27:6b:7a:0a,918,-16,356,210.90,81.88,245,75081,107360
f0:91:27:6b:7a:0a,925,-16,357,211.86,81.85,553,75634,107913
f0:91:27:6b:7a:0a,926,-16,358,211.47,81.85,74,75708,107987
f0:91:27:6b:7a:0a,927,-18,359,211.12,81.85,85,75793,108072
f0:91:27:6b:7a:0a,928,-16,360,210.75,81.84,76,75869,108148
f0:91:27:6b:7a:0a,929,-16,361,210.39,81.84,83,75952,108231
f0:91:27:6b:7a:0a,934,-18,362,210.91,81.83,396,76348,108627
f0:91:27:6b:7a:0a,939,-16,363,211.48,81.84,419,76767,109046
f0:91:27:6b:7a:0a,942,-17,364,211.56,81.84,240,77007,109286
f0:91:27:6b:7a:0a,943,-16,365,211.20,81.84,82,77089,109368
f0:91:27:6b:7a:0a,944,-16,366,210.83,81.83,75,77164,109443
f0:91:27:6b:7a:0a,955,-17,367,212.64,81.80,874,78038,110317
f0:91:27:6b:7a:0a,967,-17,368,214.65,81.77,955,78993,111272
f0:91:27:6b:7a:0a,968,-17,369,214.27,81.77,74,79067,111346
f0:91:27:6b:7a:0a,971,-16,370,214.32,81.75,232,79299,111578
f0:91:27:6b:7a:0a,972,-16,371,213.96,81.75,80,79379,111658
f0:91:27:6b:7a:0a,974,-16,372,213.80,81.74,155,79534,111813
f0:91:27:6b:7a:0a,978,-18,373,214.12,81.75,331,79865,112144
f0:91:27:6b:7a:0a,987,-17,374,215.45,81.72,715,80580,112859
f0:91:27:6b:7a:0a,990,-16,375,215.54,81.73,247,80827,113106
f0:91:27:6b:7a:0a,995,-16,376,216.05,81.72,407,81234,113513
f0:91:27:6b:7a:0a,998,-17,377,216.11,81.72,238,81472,113751
f0:91:27:6b:7a:0a,999,-18,378,215.74,81.71,76,81548,113827
f0:91:27:6b:7a:0a,1000,-16,379,215.38,81.71,82,81630,113909
f0:91:27:6b:7a:0a,1001,-16,380,215.02,81.71,78,81708,113987
f0:91:27:6b:7a:0a,1003,-16,381,214.87,81.70,156,81864,114143
f0:91:27:6b:7a:0a,1005,-18,382,214.72,81.70,159,82023,114302
f0:91:27:6b:7a:0a,1010,-18,383,215.23,81.70,410,82433,114712
f0:91:27:6b:7a:0a,1011,-17,384,214.86,81.69,72,82505,114784
f0:91:27:6b:7a:0a,1012,-16,385,214.50,81.69,79,82584,114863
f0:91:27:6b:7a:0a,1013,-16,386,214.15,81.68,79,82663,114942
f0:91:27:6b:7a:0a,1015,-16,387,214.03,81.69,166,82829,115108
f0:91:27:6b:7a:0a,1019,-17,388,214.32,81.69,327,83156,115435
f0:91:27:6b:7a:0a,1020,-18,389,213.96,81.68,74,83230,115509
f0:91:27:6b:7a:0a,1021,-16,390,213.61,81.67,76,83306,115585
f0:91:27:6b:7a:0a,1022,-16,391,213.28,81.68,86,83392,115671
f0:91:27:6b:7a:0a,1023,-17,392,212.92,81.67,73,83465,115744
f0:91:27:6b:7a:0a,1024,-16,393,212.59,81.67,82,83547,115826
f0:91:27:6b:7a:0a,1025,-17,394,212.26,81.67,83,83630,115909
f0:91:27:6b:7a:0a,1026,-17,395,211.92,81.67,78,83708,115987
f0:91:27:6b:7a:0a,1028,-16,396,211.78,81.66,156,83864,116143
f0:91:27:6b:7a:0a,1030,-16,397,211.66,81.66,164,84028,116307
f0:91:27:6b:7a:0a,1032,-18,398,211.55,81.66,168,84196,116475
f0:91:27:6b:7a:0a,1033,-16,399,211.21,81.66,76,84272,116551
f0:91:27:6b:7a:0a,1034,-16,400,210.88,81.66,82,84354,116633
f0:91:27:6b:7a:0a,1035,-17,401,210.56,81.66,79,84433,116712
f0:91:27:6b:7a:0a,1036,-16,402,210.22,81.65,77,84510,116789
f0:91:27:6b:7a:0a,1037,-16,403,209.90,81.65,81,84591,116870
f0:91:27:6b:7a:0a,1038,-18,404,209.57,81.65,77,84668,116947
f0:91:27:6b:7a:0a,1044,-18,405,210.26,81.65,488,85156,117435
f0:91:27:6b:7a:0a,1045,-17,406,209.96,81.65,86,85242,117521
f0:91:27:6b:7a:0a,1046,-18,407,209.63,81.65,78,85320,117599
f0:91:27:6b:7a:0a,1047,-16,408,209.32,81.65,84,85404,117683
f0:91:27:6b:7a:0a,1048,-18,409,209.03,81.65,88,85492,117771
f0:91:27:6b:7a:0a,1052,-16,410,209.31,81.65,325,85817,118096
f0:91:27:6b:7a:0a,1053,-18,411,209.00,81.65,82,85899,118178
f0:91:27:6b:7a:0a,1055,-16,412,208.86,81.64,152,86051,118330
f0:91:27:6b:7a:0a,1057,-16,413,208.75,81.64,163,86214,118493
f0:91:27:6b:7a:0a,1059,-16,414,208.62,81.63,154,86368,118647
f0:91:27:6b:7a:0a,1060,-17,415,208.31,81.63,81,86449,118728
f0:91:27:6b:7a:0a,1063,-17,416,208.41,81.64,249,86698,118977
f0:91:27:6b:7a:0a,1064,-16,417,208.10,81.63,78,86776,119055
f0:91:27:6b:7a:0a,1065,-18,418,207.80,81.64,86,86862,119141
f0:91:27:6b:7a:0a,1066,-16,419,207.50,81.64,82,86944,119223
f0:91:27:6b:7a:0a,1069,-16,420,207.56,81.63,233,87177,119456
f0:91:27:6b:7a:0a,1071,-18,421,207.48,81.63,170,87347,119626
f0:91:27:6b:7a:0a,1072,-16,422,207.19,81.64,86,87433,119712
f0:91:27:6b:7a:0a,1073,-18,423,206.87,81.63,74,87507,119786
f0:91:27:6b:7a:0a,1074,-16,424,206.58,81.63,82,87589,119868
f0:91:27:6b:7a:0a,1075,-17,425,206.28,81.63,82,87671,119950
f0:91:27:6b:7a:0a,1076,-18,426,205.99,81.63,80,87751,120030
f0:91:27:6b:7a:0a,1077,-16,427,205.69,81.63,79,87830,120109
f0:91:27:6b:7a:0a,1078,-17,428,205.40,81.63,81,87911,120190
f0:91:27:6b:7a:0a,1079,-16,429,205.09,81.62,74,87985,120264
f0:91:27:6b:7a:0a,1080,-18,430,204.80,81.62,81,88066,120345
f0:91:27:6b:7a:0a,1081,-16,431,204.50,81.61,75,88141,120420
f0:91:27:6b:7a:0a,1082,-16,432,204.22,81.61,84,88225,120504
f0:91:27:6b:7a:0a,1083,-18,433,203.94,81.61,82,88307,120586
f0:91:27:6b:7a:0a,1084,-16,434,203.64,81.61,72,88379,120658
f0:91:27:6b:7a:0a,1085,-16,435,203.34,81.60,76,88455,120734
f0:91:27:6b:7a:0a,1086,-16,436,203.07,81.60,83,88538,120817
f0:91:27:6b:7a:0a,1088,-16,437,202.97,81.60,159,88697,120976
f0:91:27:6b:7a:0a,1089,-16,438,202.67,81.59,74,88771,121050
f0:91:27:6b:7a:0a,1092,-16,439,202.75,81.58,235,89006,121285
f0:91:27:6b:7a:0a,1093,-17,440,202.46,81.58,78,89084,121363
f0:91:27:6b:7a:0a,1094,-17,441,202.20,81.58,88,89172,121451
f0:91:27:6b:7a:0a,1099,-18,442,202.61,81.56,382,89554,121833
f0:91:27:6b:7a:0a,1100,-16,443,202.33,81.56,79,89633,121912
f0:91:27:6b:7a:0a,1101,-17,444,202.05,81.56,79,89712,121991
f0:91:27:6b:7a:0a,1103,-16,445,201.96,81.55,159,89871,122150
f0:91:27:6b:7a:0a,1104,-17,446,201.69,81.55,83,89954,122233
f0:91:27:6b:7a:0a,1105,-17,447,201.43,81.56,83,90037,122316
f0:91:27:6b:7a:0a,1107,-18,448,201.35,81.56,169,90206,122485
f0:91:27:6b:7a:0a,1108,-16,449,201.08,81.56,80,90286,122565
f0:91:27:6b:7a:0a,1109,-17,450,200.82,81.56,81,90367,122646
f0:91:27:6b:7a:0a,1110,-16,451,200.55,81.56,79,90446,122725
f0:91:27:6b:7a:0a,1111,-16,452,200.28,81.55,80,90526,122805
f0:91:27:6b:7a:0a,1112,-17,453,200.00,81.55,74,90600,122879
f0:91:27:6b:7a:0a,1118,-16,454,200.64,81.55,491,91091,123370
f0:91:27:6b:7a:0a,1121,-16,455,200.73,81.55,240,91331,123610
f0:91:27:6b:7a:0a,1123,-16,456,200.64,81.54,161,91492,123771
f0:91:27:6b:7a:0a,1124,-16,457,200.37,81.54,79,91571,123850
f0:91:27:6b:7a:0a,1126,-17,458,200.29,81.54,163,91734,124013
f0:91:27:6b:7a:0a,1127,-16,459,200.02,81.54,75,91809,124088
f0:91:27:6b:7a:0a,1128,-16,460,199.75,81.53,77,91886,124165
f0:91:27:6b:7a:0a,1132,-17,461,200.00,81.52,316,92202,124481
f0:91:27:6b:7a:0a,1142,-18,462,201.31,81.51,804,93006,125285
f0:91:27:6b:7a:0a,1144,-16,463,201.21,81.50,154,93160,125439
f0:91:27:6b:7a:0a,1146,-16,464,201.12,81.50,161,93321,125600
f0:91:27:6b:7a:0a,1151,-18,465,201.56,81.50,406,93727,126006
f0:91:27:6b:7a:0a,1178,-16,466,205.79,81.47,2169,95896,128175
f0:91:27:6b:7a:0a,1179,-18,467,205.52,81.48,83,95979,128258
f0:91:27:6b:7a:0a,1184,-16,468,205.92,81.46,391,96370,128649
f0:91:27:6b:7a:0a,1186,-18,469,205.81,81.45,153,96523,128802
f0:91:27:6b:7a:0a,1187,-16,470,205.54,81.45,80,96603,128882
f0:91:27:6b:7a:0a,1188,-16,471,205.27,81.45,77,96680,128959
f0:91:27:6b:7a:0a,1189,-18,472,205.00,81.45,82,96762,129041
f0:91:27:6b:7a:0a,1190,-16,473,204.73,81.44,74,96836,129115
f0:91:27:6b:7a:0a,1192,-16,474,204.62,81.44,156,96992,129271
f0:91:27:6b:7a:0a,1194,-16,475,204.53,81.44,160,97152,129431
f0:91:27:6b:7a:0a,1195,-16,476,204.26,81.43,77,97229,129508
f0:91:27:6b:7a:0a,1196,-17,477,204.00,81.43,79,97308,129587
f0:91:27:6b:7a:0a,1197,-18,478,203.73,81.43,77,97385,129664
f0:91:27:6b:7a:0a,1198,-16,479,203.47,81.42,76,97461,129740
f0:91:27:6b:7a:0a,1199,-16,480,203.21,81.42,80,97541,129820
f0:91:27:6b:7a:0a,1200,-17,481,202.96,81.42,83,97624,129903
f0:91:27:6b:7a:0a,1201,-16,482,202.70,81.42,76,97700,129979
f0:91:27:6b:7a:0a,1202,-16,483,202.43,81.41,74,97774,130053
f0:91:27:6b:7a:0a,1203,-16,484,202.18,81.41,80,97854,130133
f0:91:27:6b:7a:0a,1204,-18,485,201.92,81.41,77,97931,130210
f0:91:27:6b:7a:0a,1209,-16,486,202.33,81.40,399,98330,130609
f0:91:27:6b:7a:0a,1214,-16,487,202.71,81.39,391,98721,131000
f0:91:27:6b:7a:0a,1216,-16,488,202.62,81.38,158,98879,131158
f0:91:27:6b:7a:0a,1217,-16,489,202.37,81.38,79,98958,131237
f0:91:27:6b:7a:0a,1218,-17,490,202.12,81.38,82,99040,131319
f0:91:27:6b:7a:0a,1219,-16,491,201.87,81.38,78,99118,131397
f0:91:27:6b:7a:0a,1220,-17,492,201.62,81.37,77,99195,131474
f0:91:27:6b:7a:0a,1222,-16,493,201.53,81.37,161,99356,131635
f0:91:27:6b:7a:0a,1223,-17,494,201.30,81.38,87,99443,131722
f0:91:27:6b:7a:0a,1224,-16,495,201.06,81.38,84,99527,131806
f0:91:27:6b:7a:0a,1225,-16,496,200.82,81.38,81,99608,131887
f0:91:27:6b:7a:0a,1227,-16,497,200.75,81.38,166,99774,132053
f0:91:27:6b:7a:0a,1234,-17,498,201.56,81.41,602,100376,132655
f0:91:27:6b:7a:0a,1235,-16,499,201.33,81.41,89,100465,132744
f0:91:27:6b:7a:0a,1236,-16,500,201.11,81.42,92,100557,132836
f0:91:27:6b:7a:0a,1240,-16,501,201.45,81.46,369,100926,133205
f0:91:27:6b:7a:0a,1242,-16,502,201.44,81.49,197,101123,133402
f0:91:27:6b:7a:0a,1252,-16,503,202.88,81.57,926,102049,134328
f0:91:27:6b:7a:0a,1253,-17,504,202.65,81.58,86,102135,134414
f0:91:27:6b:7a:0a,1255,-17,505,202.61,81.59,184,102319,134598
f0:91:27:6b:7a:0a,1256,-17,506,202.41,81.61,100,102419,134698
f0:91:27:6b:7a:0a,1261,-16,507,202.93,81.65,465,102884,135163
f0:91:27:6b:7a:0a,1263,-17,508,202.87,81.66,175,103059,135338
f0:91:27:6b:7a:0a,1265,-17,509,202.82,81.67,177,103236,135515
f0:91:27:6b:7a:0a,1271,-16,510,203.53,81.73,566,103802,136081
f0:91:27:6b:7a:0a,1273,-16,511,203.50,81.75,189,103991,136270
f0:91:27:6b:7a:0a,1276,-17,512,203.66,81.78,283,104274,136553
f0:91:27:6b:7a:0a,1283,-16,513,204.57,81.86,671,104945,137224
f0:91:27:6b:7a:0a,1284,-17,514,204.36,81.87,97,105042,137321
f0:91:27:6b:7a:0a,1285,-16,515,204.12,81.87,82,105124,137403
f0:91:27:6b:7a:0a,1287,-17,516,204.10,81.89,190,105314,137593
f0:91:27:6b:7a:0a,1290,-17,517,204.25,81.92,284,105598,137877
f0:91:27:6b:7a:0a,1292,-16,518,204.22,81.94,186,105784,138063
f0:91:27:6b:7a:0a,1293,-17,519,204.01,81.95,96,105880,138159
f0:91:27:6b:7a:0a,1294,-16,520,203.81,81.96,100,105980,138259
f0:91:27:6b:7a:0a,1295,-16,521,203.59,81.97,92,106072,138351
f0:91:27:6b:7a:0a,1306,-17,522,205.20,82.08,1044,107116,139395
f0:91:27:6b:7a:0a,1307,-17,523,205.00,82.09,99,107215,139494
f0:91:27:6b:7a:0a,1309,-16,524,204.96,82.11,182,107397,139676
f0:91:27:6b:7a:0a,1319,-17,525,206.35,82.19,935,108332,140611
f0:91:27:6b:7a:0a,1320,-17,526,206.13,82.20,92,108424,140703
f0:91:27:6b:7a:0a,1321,-16,527,205.91,82.21,92,108516,140795
f0:91:27:6b:7a:0a,1328,-16,528,206.77,82.27,657,109173,141452
f0:91:27:6b:7a:0a,1329,-17,529,206.54,82.28,89,109262,141541
f0:91:27:6b:7a:0a,1330,-17,530,206.35,82.29,103,109365,141644
f0:91:27:6b:7a:0a,1331,-17,531,206.13,82.30,92,109457,141736
f0:91:27:6b:7a:0a,1333,-17,532,206.09,82.31,182,109639,141918
f0:91:27:6b:7a:0a,1360,-16,533,210.22,82.45,2406,112045,144324
f0:91:27:6b:7a:0a,1369,-16,534,211.24,82.46,755,112800,145079
f0:91:27:6b:7a:0a,1370,-16,535,211.01,82.46,89,112889,145168
f0:91:27:6b:7a:0a,1378,-16,536,211.88,82.47,677,113566,145845
f0:91:27:6b:7a:0a,1380,-16,537,211.79,82.47,167,113733,146012
f0:91:27:6b:7a:0a,1385,-16,538,212.18,82.48,421,114154,146433
f0:91:27:6b:7a:0a,1386,-17,539,211.95,82.48,87,114241,146520
f0:91:27:6b:7a:0a,1390,-16,540,212.15,82.48,321,114562,146841
f0:91:27:6b:7a:0a,1392,-17,541,212.10,82.49,185,114747,147026
f0:91:27:6b:7a:0a,1393,-16,542,211.85,82.49,77,114824,147103
f0:91:27:6b:7a:0a,1402,-17,543,212.87,82.50,765,115589,147868
f0:91:27:6b:7a:0a,1410,-16,544,213.75,82.53,693,116282,148561
f0:91:27:6b:7a:0a,1411,-17,545,213.52,82.53,87,116369,148648
f0:91:27:6b:7a:0a,1415,-16,546,213.74,82.53,335,116704,148983
f0:91:27:6b:7a:0a,1432,-16,547,215.90,82.53,1392,118096,150375
f0:91:27:6b:7a:0a,1437,-17,548,216.21,82.51,387,118483,150762
f0:91:27:6b:7a:0a,1438,-16,549,215.96,82.51,79,118562,150841
f0:91:27:6b:7a:0a,1439,-16,550,215.71,82.50,76,118638,150917
f0:91:27:6b:7a:0a,1441,-16,551,215.60,82.50,156,118794,151073
f0:91:27:6b:7a:0a,1445,-16,552,215.76,82.48,306,119100,151379
f0:91:27:6b:7a:0a,1446,-17,553,215.51,82.48,77,119177,151456
f0:91:27:6b:7a:0a,1448,-16,554,215.40,82.47,155,119332,151611
f0:91:27:6b:7a:0a,1449,-17,555,215.18,82.48,93,119425,151704
f0:91:27:6b:7a:0a,1450,-17,556,214.92,82.47,72,119497,151776
f0:91:27:6b:7a:0a,1452,-16,557,214.82,82.46,155,119652,151931
f0:91:27:6b:7a:0a,1453,-16,558,214.57,82.46,78,119730,152009
f0:91:27:6b:7a:0a,1454,-17,559,214.33,82.46,81,119811,152090
f0:91:27:6b:7a:0a,1455,-17,560,214.08,82.45,73,119884,152163
f0:91:27:6b:7a:0a,1456,-16,561,213.84,82.45,79,119963,152242
f0:91:27:6b:7a:0a,1458,-16,562,213.73,82.44,152,120115,152394
f0:91:27:6b:7a:0a,1459,-16,563,213.51,82.45,92,120207,152486
f0:91:27:6b:7a:0a,1460,-17,564,213.30,82.45,93,120300,152579
f0:91:27:6b:7a:0a,1461,-16,565,213.06,82.45,77,120377,152656
f0:91:27:6b:7a:0a,1462,-16,566,212.83,82.45,83,120460,152739
f0:91:27:6b:7a:0a,1463,-17,567,212.59,82.45,80,120540,152819
f0:91:27:6b:7a:0a,1473,-17,568,213.62,82.43,794,121334,153613
f0:91:27:6b:7a:0a,1479,-17,569,214.09,82.42,482,121816,154095
f0:91:27:6b:7a:0a,1481,-16,570,213.98,82.41,153,121969,154248
f0:91:27:6b:7a:0a,1482,-16,571,213.75,82.41,80,122049,154328
f0:91:27:6b:7a:0a,1483,-17,572,213.51,82.41,78,122127,154406
f0:91:27:6b:7a:0a,1484,-16,573,213.29,82.41,87,122214,154493
f0:91:27:6b:7a:0a,1485,-17,574,213.05,82.40,75,122289,154568
f0:91:27:6b:7a:0a,1486,-17,575,212.81,82.40,74,122363,154642
f0:91:27:6b:7a:0a,1487,-16,576,212.57,82.39,75,122438,154717
f0:91:27:6b:7a:0a,1488,-16,577,212.35,82.40,86,122524,154803
f0:91:27:6b:7a:0a,1491,-16,578,212.37,82.38,226,122750,155029
f0:91:27:6b:7a:0a,1492,-16,579,212.15,82.38,85,122835,155114
f0:91:27:6b:7a:0a,1493,-16,580,211.93,82.39,86,122921,155200
f0:91:27:6b:7a:0a,1494,-17,581,211.72,82.39,87,123008,155287
f0:91:27:6b:7a:0a,1495,-17,582,211.49,82.39,78,123086,155365
f0:91:27:6b:7a:0a,1500,-16,583,211.82,82.38,407,123493,155772
f0:91:27:6b:7a:0a,1502,-17,584,211.72,82.38,152,123645,155924
f0:91:27:6b:7a:0a,1513,-17,585,212.89,82.37,896,124541,156820
f0:91:27:6b:7a:0a,1518,-16,586,213.21,82.36,398,124939,157218
f0:91:27:6b:7a:0a,1519,-17,587,212.98,82.36,82,125021,157300
f0:91:27:6b:7a:0a,1520,-17,588,212.75,82.36,78,125099,157378
f0:91:27:6b:7a:0a,1521,-16,589,212.53,82.35,79,125178,157457
f0:91:27:6b:7a:0a,1522,-17,590,212.29,82.35,76,125254,157533
f0:91:27:6b:7a:0a,1524,-17,591,212.19,82.34,153,125407,157686
f0:91:27:6b:7a:0a,1526,-17,592,212.12,82.34,169,125576,157855
f0:91:27:6b:7a:0a,1527,-17,593,211.89,82.34,73,125649,157928
f0:91:27:6b:7a:0a,1529,-17,594,211.80,82.34,162,125811,158090
f0:91:27:6b:7a:0a,1530,-17,595,211.57,82.33,75,125886,158165
f0:91:27:6b:7a:0a,1531,-16,596,211.36,82.33,82,125968,158247
f0:91:27:6b:7a:0a,1533,-17,597,211.26,82.33,155,126123,158402
f0:91:27:6b:7a:0a,1550,-16,598,213.19,82.30,1362,127485,159764
f0:91:27:6b:7a:0a,1552,-16,599,213.08,82.29,152,127637,159916
f0:91:27:6b:7a:0a,1553,-16,600,212.87,82.29,84,127721,160000
f0:91:27:6b:7a:0a,1558,-17,601,213.17,82.28,392,128113,160392
f0:91:27:6b:7a:0a,1559,-16,602,212.95,82.28,81,128194,160473
f0:91:27:6b:7a:0a,1560,-16,603,212.72,82.28,76,128270,160549
f0:91:27:6b:7a:0a,1561,-17,604,212.50,82.28,83,128353,160632
f0:91:27:6b:7a:0a,1563,-16,605,212.41,82.27,154,128507,160786
f0:91:27:6b:7a:0a,1564,-16,606,212.19,82.27,79,128586,160865
f0:91:27:6b:7a:0a,1567,-16,607,212.22,82.26,234,128820,161099
f0:91:27:6b:7a:0a,1592,-16,608,215.11,82.20,1966,130786,163065
f0:91:27:6b:7a:0a,1593,-17,609,214.88,82.20,78,130864,163143
f0:91:27:6b:7a:0a,1598,-16,610,215.19,82.20,403,131267,163546
f0:91:27:6b:7a:0a,1599,-17,611,214.97,82.19,80,131347,163626
f0:91:27:6b:7a:0a,1600,-16,612,214.74,82.19,76,131423,163702
f0:91:27:6b:7a:0a,1601,-16,613,214.53,82.19,84,131507,163786
f0:91:27:6b:7a:0a,1604,-16,614,214.58,82.19,243,131750,164029
f0:91:27:6b:7a:0a,1605,-16,615,214.37,82.19,88,131838,164117
f0:91:27:6b:7a:0a,1606,-16,616,214.15,82.19,79,131917,164196
f0:91:27:6b:7a:0a,1607,-17,617,213.93,82.19,77,131994,164273
f0:91:27:6b:7a:0a,1608,-16,618,213.71,82.19,80,132074,164353
f0:91:27:6b:7a:0a,1610,-17,619,213.63,82.18,160,132234,164513
f0:91:27:6b:7a:0a,1615,-17,620,213.96,82.19,423,132657,164936
f0:91:27:6b:7a:0a,1616,-16,621,213.75,82.19,83,132740,165019
f0:91:27:6b:7a:0a,1617,-16,622,213.54,82.19,80,132820,165099
f0:91:27:6b:7a:0a,1622,-16,623,213.82,82.18,390,133210,165489
f0:91:27:6b:7a:0a,1623,-16,624,213.60,82.18,79,133289,165568
f0:91:27:6b:7a:0a,1624,-17,625,213.39,82.17,79,133368,165647
f0:91:27:6b:7a:0a,1626,-16,626,213.30,82.17,157,133525,165804
f0:91:27:6b:7a:0a,1627,-16,627,213.08,82.16,74,133599,165878
f0:91:27:6b:7a:0a,1628,-17,628,212.87,82.17,86,133685,165964
f0:91:27:6b:7a:0a,1629,-17,629,212.65,82.16,72,133757,166036
f0:91:27:6b:7a:0a,1631,-16,630,212.57,82.16,161,133918,166197
f0:91:27:6b:7a:0a,1632,-17,631,212.35,82.15,76,133994,166273
f0:91:27:6b:7a:0a,1633,-16,632,212.14,82.15,77,134071,166350
f0:91:27:6b:7a:0a,1634,-16,633,211.94,82.15,84,134155,166434
f0:91:27:6b:7a:0a,1651,-17,634,213.74,82.13,1354,135509,167788
f0:91:27:6b:7a:0a,1652,-16,635,213.53,82.13,85,135594,167873
f0:91:27:6b:7a:0a,1653,-16,636,213.31,82.12,70,135664,167943
f0:91:27:6b:7a:0a,1654,-16,637,213.10,82.12,83,135747,168026
f0:91:27:6b:7a:0a,1655,-17,638,212.89,82.12,80,135827,168106
f0:91:27:6b:7a:0a,1656,-16,639,212.68,82.12,77,135904,168183
f0:91:27:6b:7a:0a,1657,-16,640,212.48,82.12,84,135988,168267
f0:91:27:6b:7a:0a,1667,-16,641,213.37,82.10,785,136773,169052
f0:91:27:6b:7a:0a,1668,-17,642,213.18,82.10,86,136859,169138
f0:91:27:6b:7a:0a,1669,-16,643,212.96,82.10,76,136935,169214
f0:91:27:6b:7a:0a,1671,-16,644,212.89,82.10,166,137101,169380
f0:91:27:6b:7a:0a,1676,-16,645,213.16,82.08,389,137490,169769
f0:91:27:6b:7a:0a,1677,-17,646,212.95,82.08,76,137566,169845
f0:91:27:6b:7a:0a,1681,-16,647,213.13,82.08,330,137896,170175
f0:91:27:6b:7a:0a,1684,-16,648,213.18,82.08,244,138140,170419
f0:91:27:6b:7a:0a,1688,-16,649,213.35,82.08,321,138461,170740
f0:91:27:6b:7a:0a,1693,-16,650,213.61,82.06,388,138849,171128
f0:91:27:6b:7a:0a,1695,-16,651,213.53,82.06,160,139009,171288
f0:91:27:6b:7a:0a,1696,-16,652,213.33,82.06,82,139091,171370
f0:91:27:6b:7a:0a,1697,-17,653,213.13,82.06,80,139171,171450
f0:91:27:6b:7a:0a,1706,-17,654,213.89,82.04,713,139884,172163
f0:91:27:6b:7a:0a,1707,-16,655,213.69,82.04,80,139964,172243
f0:91:27:6b:7a:0a,1708,-17,656,213.48,82.04,80,140044,172323
f0:91:27:6b:7a:0a,1709,-16,657,213.28,82.04,81,140125,172404
f0:91:27:6b:7a:0a,1717,-17,658,213.92,82.03,632,140757,173036
f0:91:27:6b:7a:0a,1722,-16,659,214.20,82.02,402,141159,173438
f0:91:27:6b:7a:0a,1723,-17,660,214.00,82.02,82,141241,173520
f0:91:27:6b:7a:0a,1724,-16,661,213.79,82.02,76,141317,173596
f0:91:27:6b:7a:0a,1726,-17,662,213.70,82.01,153,141470,173749
f0:91:27:6b:7a:0a,1728,-16,663,213.62,82.01,160,141630,173909
f0:91:27:6b:7a:0a,1730,-16,664,213.54,82.01,160,141790,174069
f0:91:27:6b:7a:0a,1731,-17,665,213.34,82.00,78,141868,174147
f0:91:27:6b:7a:0a,1732,-17,666,213.14,82.00,80,141948,174227
f0:91:27:6b:7a:0a,1733,-16,667,212.93,82.00,75,142023,174302
f0:91:27:6b:7a:0a,1734,-16,668,212.74,82.00,87,142110,174389
f0:91:27:6b:7a:0a,1735,-16,669,212.55,82.00,83,142193,174472
f0:91:27:6b:7a:0a,1736,-16,670,212.35,82.00,79,142272,174551
f0:91:27:6b:7a:0a,1737,-17,671,212.15,82.00,78,142350,174629
f0:91:27:6b:7a:0a,1738,-16,672,211.97,82.00,91,142441,174720
f0:91:27:6b:7a:0a,1739,-17,673,211.77,82.00,83,142524,174803
f0:91:27:6b:7a:0a,1740,-16,674,211.58,82.01,84,142608,174887
f0:91:27:6b:7a:0a,1741,-16,675,211.37,82.00,69,142677,174956
f0:91:27:6b:7a:0a,1742,-17,676,211.19,82.00,89,142766,175045
f0:91:27:6b:7a:0a,1743,-17,677,211.00,82.00,82,142848,175127
f0:91:27:6b:7a:0a,1744,-16,678,210.81,82.00,79,142927,175206
f0:91:27:6b:7a:0a,1749,-16,679,211.09,82.00,404,143331,175610
f0:91:27:6b:7a:0a,1751,-16,680,211.01,81.99,157,143488,175767
f0:91:27:6b:7a:0a,1755,-17,681,211.18,81.99,328,143816,176095
f0:91:27:6b:7a:0a,1756,-17,682,210.98,81.99,72,143888,176167
f0:91:27:6b:7a:0a,1757,-16,683,210.81,81.99,92,143980,176259
f0:91:27:6b:7a:0a,1759,-16,684,210.71,81.98,149,144129,176408
f0:91:27:6b:7a:0a,1760,-17,685,210.54,81.99,89,144218,176497
f0:91:27:6b:7a:0a,1764,-17,686,210.68,81.98,308,144526,176805
f0:91:27:6b:7a:0a,1766,-17,687,210.61,81.98,160,144686,176965
f0:91:27:6b:7a:0a,1770,-17,688,210.77,81.97,325,145011,177290
f0:91:27:6b:7a:0a,1771,-16,689,210.59,81.97,83,145094,177373
f0:91:27:6b:7a:0a,1774,-16,690,210.64,81.97,247,145341,177620
f0:91:27:6b:7a:0a,1778,-16,691,210.80,81.97,322,145663,177942
f0:91:27:6b:7a:0a,1781,-16,692,210.85,81.97,245,145908,178187
f0:91:27:6b:7a:0a,1782,-16,693,210.65,81.97,72,145980,178259
f0:91:27:6b:7a:0a,1783,-16,694,210.46,81.96,78,146058,178337
f0:91:27:6b:7a:0a,1787,-17,695,210.61,81.96,318,146376,178655
f0:91:27:6b:7a:0a,1792,-16,696,210.88,81.95,395,146771,179050
f0:91:27:6b:7a:0a,1793,-17,697,210.69,81.95,79,146850,179129
f0:91:27:6b:7a:0a,1796,-16,698,210.74,81.95,250,147100,179379
f0:91:27:6b:7a:0a,1798,-17,699,210.67,81.95,157,147257,179536
f0:91:27:6b:7a:0a,1821,-17,700,212.95,81.90,1810,149067,181346
f0:91:27:6b:7a:0a,1828,-16,701,213.44,81.89,554,149621,181900
f0:91:27:6b:7a:0a,1832,-16,702,213.58,81.89,311,149932,182211
f0:91:27:6b:7a:0a,1833,-16,703,213.39,81.89,83,150015,182294
f0:91:27:6b:7a:0a,1837,-17,704,213.53,81.88,309,150324,182603
f0:91:27:6b:7a:0a,1839,-16,705,213.45,81.87,156,150480,182759
f0:91:27:6b:7a:0a,1841,-16,706,213.37,81.87,161,150641,182920
f0:91:27:6b:7a:0a,1842,-17,707,213.20,81.87,88,150729,183008
f0:91:27:6b:7a:0a,1844,-16,708,213.12,81.87,161,150890,183169
f0:91:27:6b:7a:0a,1847,-16,709,213.16,81.87,239,151129,183408
f0:91:27:6b:7a:0a,1855,-17,710,213.79,81.87,665,151794,184073
f0:91:27:6b:7a:0a,1858,-17,711,213.82,81.87,234,152028,184307
f0:91:27:6b:7a:0a,1859,-17,712,213.64,81.87,81,152109,184388
f0:91:27:6b:7a:0a,1860,-16,713,213.45,81.87,79,152188,184467
f0:91:27:6b:7a:0a,1861,-17,714,213.27,81.87,87,152275,184554
f0:91:27:6b:7a:0a,1862,-16,715,213.08,81.86,74,152349,184628
f0:91:27:6b:7a:0a,1863,-16,716,212.89,81.86,79,152428,184707
f0:91:27:6b:7a:0a,1864,-16,717,212.70,81.86,75,152503,184782
f0:91:27:6b:7a:0a,1866,-17,718,212.63,81.86,165,152668,184947
f0:91:27:6b:7a:0a,1867,-16,719,212.43,81.85,70,152738,185017
f0:91:27:6b:7a:0a,1868,-16,720,212.25,81.85,80,152818,185097
f0:91:27:6b:7a:0a,1869,-16,721,212.06,81.85,76,152894,185173
f0:91:27:6b:7a:0a,1870,-17,722,211.87,81.85,78,152972,185251
f0:91:27:6b:7a:0a,1872,-16,723,211.80,81.84,159,153131,185410
f0:91:27:6b:7a:0a,1873,-17,724,211.61,81.84,77,153208,185487
f0:91:27:6b:7a:0a,1874,-16,725,211.44,81.85,89,153297,185576
f0:91:27:6b:7a:0a,1877,-17,726,211.47,81.84,233,153530,185809
f0:91:27:6b:7a:0a,1878,-16,727,211.30,81.84,86,153616,185895
f0:91:27:6b:7a:0a,1879,-16,728,211.11,81.84,72,153688,185967
f0:91:27:6b:7a:0a,1880,-17,729,210.93,81.84,83,153771,186050
f0:91:27:6b:7a:0a,1881,-16,730,210.76,81.84,87,153858,186137
f0:91:27:6b:7a:0a,1891,-17,731,211.57,81.83,797,154655,186934
f0:91:27:6b:7a:0a,1892,-16,732,211.38,81.82,74,154729,187008
f0:91:27:6b:7a:0a,1893,-17,733,211.20,81.82,78,154807,187086
f0:91:27:6b:7a:0a,1896,-16,734,211.23,81.82,238,155045,187324
f0:91:27:6b:7a:0a,1898,-17,735,211.16,81.81,157,155202,187481
f0:91:27:6b:7a:0a,1899,-16,736,210.98,81.81,80,155282,187561
f0:91:27:6b:7a:0a,1900,-16,737,210.81,81.81,82,155364,187643
f0:91:27:6b:7a:0a,1901,-17,738,210.63,81.81,78,155442,187721
f0:91:27:6b:7a:0a,1905,-16,739,210.80,81.82,339,155781,188060
f0:91:27:6b:7a:0a,1907,-16,740,210.73,81.82,161,155942,188221
f0:91:27:6b:7a:0a,1912,-16,741,210.97,81.80,386,156328,188607
f0:91:27:6b:7a:0a,1918,-17,742,211.37,81.81,509,156837,189116
f0:91:27:6b:7a:0a,1920,-16,743,211.32,81.82,176,157013,189292
f0:91:27:6b:7a:0a,1921,-17,744,211.16,81.83,92,157105,189384
f0:91:27:6b:7a:0a,1922,-16,745,210.99,81.83,82,157187,189466
f0:91:27:6b:7a:0a,1924,-16,746,210.95,81.83,181,157368,189647
f0:91:27:6b:7a:0a,1925,-16,747,210.77,81.83,77,157445,189724
f0:91:27:6b:7a:0a,1926,-16,748,210.62,81.84,101,157546,189825
f0:91:27:6b:7a:0a,1927,-16,749,210.46,81.85,88,157634,189913
f0:91:27:6b:7a:0a,1928,-17,750,210.31,81.85,95,157729,190008
f0:91:27:6b:7a:0a,1932,-16,751,210.51,81.87,361,158090,190369
f0:91:27:6b:7a:0a,1933,-17,752,210.35,81.87,92,158182,190461
f0:91:27:6b:7a:0a,1938,-16,753,210.69,81.91,468,158650,190929
f0:91:27:6b:7a:0a,1939,-17,754,210.55,81.92,105,158755,191034
f0:91:27:6b:7a:0a,1941,-17,755,210.51,81.93,182,158937,191216
f0:91:27:6b:7a:0a,1942,-16,756,210.36,81.93,97,159034,191313
f0:91:27:6b:7a:0a,1943,-17,757,210.20,81.94,88,159122,191401
f0:91:27:6b:7a:0a,1945,-16,758,210.17,81.95,190,159312,191591
f0:91:27:6b:7a:0a,1947,-16,759,210.14,81.96,187,159499,191778
f0:91:27:6b:7a:0a,1948,-17,760,209.99,81.97,92,159591,191870
f0:91:27:6b:7a:0a,1953,-16,761,210.32,82.00,465,160056,192335
f0:91:27:6b:7a:0a,1960,-16,762,210.90,82.03,650,160706,192985
f0:91:27:6b:7a:0a,1961,-16,763,210.74,82.04,90,160796,193075
f0:91:27:6b:7a:0a,1962,-16,764,210.59,82.05,96,160892,193171
f0:91:27:6b:7a:0a,1963,-17,765,210.44,82.05,94,160986,193265
f0:91:27:6b:7a:0a,1964,-16,766,210.28,82.06,91,161077,193356
f0:91:27:6b:7a:0a,1965,-17,767,210.14,82.06,98,161175,193454
f0:91:27:6b:7a:0a,1966,-16,768,209.99,82.07,98,161273,193552
f0:91:27:6b:7a:0a,1967,-16,769,209.85,82.08,100,161373,193652
f0:91:27:6b:7a:0a,1968,-17,770,209.69,82.08,88,161461,193740
f0:91:27:6b:7a:0a,1972,-17,771,209.91,82.11,383,161844,194123
f0:91:27:6b:7a:0a,1973,-17,772,209.77,82.12,100,161944,194223
f0:91:27:6b:7a:0a,1980,-17,773,210.36,82.17,667,162611,194890
f0:91:27:6b:7a:0a,1981,-16,774,210.22,82.18,100,162711,194990
f0:91:27:6b:7a:0a,1982,-16,775,210.06,82.18,88,162799,195078
f0:91:27:6b:7a:0a,1983,-17,776,209.91,82.19,93,162892,195171
f0:91:27:6b:7a:0a,1984,-16,777,209.76,82.19,93,162985,195264
f0:91:27:6b:7a:0a,1985,-16,778,209.62,82.20,103,163088,195367
f0:91:27:6b:7a:0a,1986,-17,779,209.46,82.20,80,163168,195447
f0:91:27:6b:7a:0a,1988,-16,780,209.43,82.21,187,163355,195634
f0:91:27:6b:7a:0a,1989,-16,781,209.29,82.22,101,163456,195735
f0:91:27:6b:7a:0a,1991,-16,782,209.26,82.23,186,163642,195921
f0:91:27:6b:7a:0a,1993,-16,783,209.24,82.24,190,163832,196111
f0:91:27:6b:7a:0a,1995,-16,784,209.23,82.27,205,164037,196316
f0:91:27:6b:7a:0a,2013,-17,785,211.11,82.37,1687,165724,198003
f0:91:27:6b:7a:0a,2019,-16,786,211.56,82.40,566,166290,198569
f0:91:27:6b:7a:0a,2021,-16,787,211.52,82.41,180,166470,198749
f0:91:27:6b:7a:0a,2023,-17,788,211.49,82.42,186,166656,198935
f0:91:27:6b:7a:0a,2029,-17,789,211.92,82.45,551,167207,199486
f0:91:27:6b:7a:0a,2044,-16,790,213.39,82.52,1372,168579,200858
f0:91:27:6b:7a:0a,2045,-17,791,213.24,82.52,92,168671,200950
f0:91:27:6b:7a:0a,2046,-16,792,213.08,82.52,89,168760,201039
f0:91:27:6b:7a:0a,2048,-16,793,213.03,82.53,169,168929,201208
f0:91:27:6b:7a:0a,2049,-17,794,212.87,82.53,91,169020,201299
f0:91:27:6b:7a:0a,2050,-17,795,212.72,82.53,89,169109,201388
f0:91:27:6b:7a:0a,2051,-16,796,212.56,82.53,85,169194,201473
f0:91:27:6b:7a:0a,2053,-17,797,212.49,82.53,164,169358,201637
f0:91:27:6b:7a:0a,2054,-16,798,212.33,82.53,84,169442,201721
f0:91:27:6b:7a:0a,2056,-16,799,212.28,82.54,172,169614,201893
f0:91:27:6b:7a:0a,2057,-17,800,212.11,82.53,76,169690,201969
f0:91:27:6b:7a:0a,2058,-16,801,211.96,82.54,86,169776,202055
f0:91:27:6b:7a:0a,2064,-17,802,212.33,82.54,509,170285,202564
f0:91:27:6b:7a:0a,2065,-16,803,212.16,82.54,79,170364,202643
f0:91:27:6b:7a:0a,2066,-16,804,212.00,82.54,82,170446,202725
f0:91:27:6b:7a:0a,2067,-17,805,211.84,82.54,82,170528,202807
f0:91:27:6b:7a:0a,2068,-17,806,211.67,82.54,78,170606,202885
f0:91:27:6b:7a:0a,2069,-16,807,211.52,82.54,90,170696,202975
f0:91:27:6b:7a:0a,2070,-17,808,211.36,82.54,79,170775,203054
f0:91:27:6b:7a:0a,2071,-16,809,211.20,82.54,89,170864,203143
f0:91:27:6b:7a:0a,2076,-16,810,211.45,82.54,413,171277,203556
f0:91:27:6b:7a:0a,2077,-17,811,211.30,82.54,85,171362,203641
f0:91:27:6b:7a:0a,2080,-17,812,211.33,82.54,242,171604,203883
f0:91:27:6b:7a:0a,2082,-17,813,211.28,82.54,167,171771,204050
f0:91:27:6b:7a:0a,2090,-17,814,211.85,82.55,671,172442,204721
f0:91:27:6b:7a:0a,2091,-17,815,211.68,82.55,79,172521,204800
f0:91:27:6b:7a:0a,2094,-16,816,211.73,82.55,251,172772,205051
f0:91:27:6b:7a:0a,2096,-17,817,211.67,82.55,165,172937,205216
f0:91:27:6b:7a:0a,2097,-17,818,211.51,82.55,79,173016,205295
f0:91:27:6b:7a:0a,2098,-16,819,211.37,82.55,96,173112,205391
f0:91:27:6b:7a:0a,2100,-16,820,211.32,82.55,167,173279,205558
f0:91:27:6b:7a:0a,2101,-17,821,211.16,82.55,85,173364,205643
f0:91:27:6b:7a:0a,2102,-16,822,211.00,82.55,82,173446,205725
f0:91:27:6b:7a:0a,2103,-16,823,210.84,82.55,79,173525,205804
f0:91:27:6b:7a:0a,2104,-16,824,210.70,82.55,88,173613,205892
f0:91:27:6b:7a:0a,2105,-16,825,210.54,82.55,82,173695,205974
f0:91:27:6b:7a:0a,2106,-17,826,210.38,82.55,83,173778,206057
f0:91:27:6b:7a:0a,2107,-16,827,210.23,82.55,79,173857,206136
f0:91:27:6b:7a:0a,2108,-16,828,210.07,82.55,80,173937,206216
f0:91:27:6b:7a:0a,2109,-17,829,209.91,82.55,76,174013,206292
f0:91:27:6b:7a:0a,2110,-16,830,209.76,82.55,85,174098,206377
f0:91:27:6b:7a:0a,2111,-17,831,209.61,82.55,92,174190,206469
f0:91:27:6b:7a:0a,2113,-16,832,209.56,82.55,162,174352,206631
f0:91:27:6b:7a:0a,2122,-16,833,210.17,82.54,720,175072,207351
f0:91:27:6b:7a:0a,2123,-16,834,210.01,82.54,75,175147,207426
f0:91:27:6b:7a:0a,2127,-17,835,210.14,82.53,319,175466,207745
f0:91:27:6b:7a:0a,2128,-17,836,209.98,82.53,74,175540,207819
f0:91:27:6b:7a:0a,2135,-16,837,210.39,82.52,558,176098,208377
f0:91:27:6b:7a:0a,2136,-16,838,210.23,82.52,74,176172,208451
f0:91:27:6b:7a:0a,2166,-17,839,212.83,82.48,2392,178564,210843
f0:91:27:6b:7a:0a,2178,-16,840,213.73,82.47,970,179534,211813
f0:91:27:6b:7a:0a,2179,-16,841,213.57,82.47,75,179609,211888
f0:91:27:6b:7a:0a,2180,-17,842,213.41,82.47,83,179692,211971
f0:91:27:6b:7a:0a,2183,-16,843,213.45,82.46,245,179937,212216
f0:91:27:6b:7a:0a,2184,-17,844,213.29,82.46,82,180019,212298
f0:91:27:6b:7a:0a,2185,-16,845,213.13,82.46,75,180094,212373
f0:91:27:6b:7a:0a,2186,-16,846,212.97,82.46,76,180170,212449
f0:91:27:6b:7a:0a,2190,-16,847,213.09,82.45,314,180484,212763
f0:91:27:6b:7a:0a,2193,-17,848,213.12,82.45,243,180727,213006
f0:91:27:6b:7a:0a,2194,-16,849,212.96,82.45,80,180807,213086
f0:91:27:6b:7a:0a,2195,-16,850,212.81,82.45,80,180887,213166
f0:91:27:6b:7a:0a,2196,-17,851,212.65,82.45,80,180967,213246
f0:91:27:6b:7a:0a,2197,-16,852,212.48,82.44,70,181037,213316
f0:91:27:6b:7a:0a,2203,-17,853,212.81,82.44,493,181530,213809
f0:91:27:6b:7a:0a,2204,-16,854,212.66,82.44,84,181614,213893
f0:91:27:6b:7a:0a,2207,-16,855,212.69,82.43,234,181848,214127
f0:91:27:6b:7a:0a,2215,-17,856,213.18,82.42,636,182484,214763
f0:91:27:6b:7a:0a,2218,-16,857,213.22,82.42,245,182729,215008
f0:91:27:6b:7a:0a,2226,-16,858,213.71,82.41,633,183362,215641
f0:91:27:6b:7a:0a,2228,-16,859,213.65,82.41,160,183522,215801
f0:91:27:6b:7a:0a,2237,-16,860,214.23,82.40,718,184240,216519
f0:91:27:6b:7a:0a,2238,-16,861,214.08,82.40,79,184319,216598
f0:91:27:6b:7a:0a,2239,-17,862,213.92,82.40,83,184402,216681
f0:91:27:6b:7a:0a,2242,-16,863,213.95,82.39,234,184636,216915
f0:91:27:6b:7a:0a,2244,-17,864,213.88,82.39,154,184790,217069
f0:91:27:6b:7a:0a,2249,-16,865,214.09,82.38,396,185186,217465
f0:91:27:6b:7a:0a,2251,-16,866,214.02,82.37,154,185340,217619
f0:91:27:6b:7a:0a,2252,-17,867,213.87,82.37,81,185421,217700
f0:91:27:6b:7a:0a,2253,-16,868,213.70,82.37,74,185495,217774
f0:91:27:6b:7a:0a,2254,-16,869,213.55,82.37,81,185576,217855
f0:91:27:6b:7a:0a,2257,-16,870,213.59,82.37,243,185819,218098
f0:91:27:6b:7a:0a,2258,-16,871,213.43,82.36,75,185894,218173
f0:91:27:6b:7a:0a,2259,-17,872,213.27,82.36,75,185969,218248
f0:91:27:6b:7a:0a,2260,-16,873,213.13,82.36,90,186059,218338
f0:91:27:6b:7a:0a,2261,-17,874,212.97,82.36,76,186135,218414
f0:91:27:6b:7a:0a,2262,-17,875,212.82,82.36,80,186215,218494
f0:91:27:6b:7a:0a,2264,-17,876,212.75,82.36,155,186370,218649
f0:91:27:6b:7a:0a,2265,-16,877,212.60,82.35,77,186447,218726
f0:91:27:6b:7a:0a,2267,-16,878,212.53,82.35,152,186599,218878
f0:91:27:6b:7a:0a,2273,-17,879,212.84,82.35,490,187089,219368
f0:91:27:6b:7a:0a,2298,-16,880,214.85,82.31,1975,189064,221343
f0:91:27:6b:7a:0a,2299,-16,881,214.69,82.31,78,189142,221421
f0:91:27:6b:7a:0a,2300,-17,882,214.54,82.31,82,189224,221503
f0:91:27:6b:7a:0a,2301,-17,883,214.38,82.30,74,189298,221577
f0:91:27:6b:7a:0a,2303,-17,884,214.32,82.30,164,189462,221741
f0:91:27:6b:7a:0a,2306,-16,885,214.34,82.30,233,189695,221974
f0:91:27:6b:7a:0a,2308,-17,886,214.28,82.29,158,189853,222132
f0:91:27:6b:7a:0a,2309,-16,887,214.13,82.29,79,189932,222211
f0:91:27:6b:7a:0a,2312,-16,888,214.16,82.29,242,190174,222453
f0:91:27:6b:7a:0a,2313,-16,889,214.01,82.29,80,190254,222533
f0:91:27:6b:7a:0a,2314,-16,890,213.85,82.29,76,190330,222609
f0:91:27:6b:7a:0a,2317,-16,891,213.88,82.28,233,190563,222842
f0:91:27:6b:7a:0a,2318,-16,892,213.73,82.28,80,190643,222922
f0:91:27:6b:7a:0a,2324,-16,893,214.02,82.27,473,191116,223395
f0:91:27:6b:7a:0a,2332,-17,894,214.49,82.26,637,191753,224032
f0:91:27:6b:7a:0a,2334,-16,895,214.43,82.26,163,191916,224195
f0:91:27:6b:7a:0a,2336,-16,896,214.37,82.26,156,192072,224351
f0:91:27:6b:7a:0a,2338,-17,897,214.31,82.26,163,192235,224514
f0:91:27:6b:7a:0a,2344,-17,898,214.61,82.25,482,192717,224996
f0:91:27:6b:7a:0a,2347,-17,899,214.65,82.25,250,192967,225246
f0:91:27:6b:7a:0a,2348,-16,900,214.50,82.26,87,193054,225333
f0:91:27:6b:7a:0a,2349,-17,901,214.36,82.26,83,193137,225416
f0:91:27:6b:7a:0a,2350,-16,902,214.21,82.26,80,193217,225496
f0:91:27:6b:7a:0a,2351,-16,903,214.06,82.25,75,193292,225571
f0:91:27:6b:7a:0a,2352,-17,904,213.91,82.25,85,193377,225656
f0:91:27:6b:7a:0a,2353,-17,905,213.76,82.25,80,193457,225736
f0:91:27:6b:7a:0a,2355,-16,906,213.70,82.25,156,193613,225892
f0:91:27:6b:7a:0a,2357,-17,907,213.65,82.25,164,193777,226056
f0:91:27:6b:7a:0a,2363,-16,908,213.94,82.24,481,194258,226537
f0:91:27:6b:7a:0a,2369,-17,909,214.23,82.24,479,194737,227016
f0:91:27:6b:7a:0a,2371,-16,910,214.17,82.23,157,194894,227173
f0:91:27:6b:7a:0a,2377,-17,911,214.48,82.24,499,195393,227672
f0:91:27:6b:7a:0a,2378,-16,912,214.34,82.24,82,195475,227754
f0:91:27:6b:7a:0a,2379,-16,913,214.19,82.23,77,195552,227831
f0:91:27:6b:7a:0a,2385,-16,914,214.48,82.23,484,196036,228315
f0:91:27:6b:7a:0a,2388,-16,915,214.51,82.23,244,196280,228559
f0:91:27:6b:7a:0a,2389,-17,916,214.36,82.23,77,196357,228636
f0:91:27:6b:7a:0a,2394,-16,917,214.56,82.22,392,196749,229028
f0:91:27:6b:7a:0a,2396,-17,918,214.51,82.22,167,196916,229195
f0:91:27:6b:7a:0a,2397,-17,919,214.35,82.22,75,196991,229270
f0:91:27:6b:7a:0a,2398,-16,920,214.20,82.21,76,197067,229346
f0:91:27:6b:7a:0a,2399,-18,921,214.06,82.21,84,197151,229430
f0:91:27:6b:7a:0a,2401,-16,922,214.00,82.21,158,197309,229588
f0:91:27:6b:7a:0a,2402,-16,923,213.85,82.21,79,197388,229667
f0:91:27:6b:7a:0a,2403,-17,924,213.71,82.21,77,197465,229744
f0:91:27:6b:7a:0a,2404,-16,925,213.57,82.21,83,197548,229827
f0:91:27:6b:7a:0a,2410,-17,926,213.84,82.20,470,198018,230297
f0:91:27:6b:7a:0a,2413,-16,927,213.87,82.20,240,198258,230537
f0:91:27:6b:7a:0a,2415,-17,928,213.82,82.20,168,198426,230705
f0:91:27:6b:7a:0a,2419,-16,929,213.93,82.19,317,198743,231022
f0:91:27:6b:7a:0a,2420,-16,930,213.78,82.19,74,198817,231096
f0:91:27:6b:7a:0a,2421,-17,931,213.64,82.19,78,198895,231174
f0:91:27:6b:7a:0a,2422,-16,932,213.50,82.19,86,198981,231260
f0:91:27:6b:7a:0a,2428,-17,933,213.78,82.18,480,199461,231740
f0:91:27:6b:7a:0a,2429,-16,934,213.64,82.18,82,199543,231822
f0:91:27:6b:7a:0a,2430,-17,935,213.50,82.18,83,199626,231905
f0:91:27:6b:7a:0a,2431,-17,936,213.36,82.18,81,199707,231986
f0:91:27:6b:7a:0a,2432,-16,937,213.22,82.18,78,199785,232064
f0:91:27:6b:7a:0a,2433,-16,938,213.07,82.18,73,199858,232137
f0:91:27:6b:7a:0a,2436,-16,939,213.10,82.18,240,200098,232377
f0:91:27:6b:7a:0a,2438,-17,940,213.04,82.17,158,200256,232535
f0:91:27:6b:7a:0a,2442,-16,941,213.16,82.17,331,200587,232866
f0:91:27:6b:7a:0a,2445,-17,942,213.20,82.17,245,200832,233111
f0:91:27:6b:7a:0a,2448,-16,943,213.22,82.17,235,201067,233346
f0:91:27:6b:7a:0a,2461,-17,944,214.09,82.16,1036,202103,234382
f0:91:27:6b:7a:0a,2465,-17,945,214.19,82.15,310,202413,234692
f0:91:27:6b:7a:0a,2468,-17,946,214.22,82.14,238,202651,234930
f0:91:27:6b:7a:0a,2469,-16,947,214.08,82.14,79,202730,235009
f0:91:27:6b:7a:0a,2470,-16,948,213.93,82.14,80,202810,235089
f0:91:27:6b:7a:0a,2471,-16,949,213.80,82.14,87,202897,235176
f0:91:27:6b:7a:0a,2479,-16,950,214.26,82.14,647,203544,235823
f0:91:27:6b:7a:0a,2480,-17,951,214.11,82.14,78,203622,235901
f0:91:27:6b:7a:0a,2485,-17,952,214.31,82.13,401,204023,236302
f0:91:27:6b:7a:0a,2486,-17,953,214.17,82.13,81,204104,236383
f0:91:27:6b:7a:0a,2487,-16,954,214.03,82.13,76,204180,236459
f0:91:27:6b:7a:0a,2493,-16,955,214.31,82.13,488,204668,236947
f0:91:27:6b:7a:0a,2494,-17,956,214.17,82.13,76,204744,237023
f0:91:27:6b:7a:0a,2495,-16,957,214.02,82.13,76,204820,237099
f0:91:27:6b:7a:0a,2499,-16,958,214.13,82.12,319,205139,237418
f0:91:27:6b:7a:0a,2500,-16,959,213.99,82.12,75,205214,237493
f0:91:27:6b:7a:0a,2501,-17,960,213.85,82.12,82,205296,237575
f0:91:27:6b:7a:0a,2502,-17,961,213.70,82.12,74,205370,237649
f0:91:27:6b:7a:0a,2505,-17,962,213.73,82.11,234,205604,237883
f0:91:27:6b:7a:0a,2507,-16,963,213.67,82.11,160,205764,238043
f0:91:27:6b:7a:0a,2509,-16,964,213.62,82.11,163,205927,238206
f0:91:27:6b:7a:0a,2511,-16,965,213.55,82.10,150,206077,238356
f0:91:27:6b:7a:0a,2512,-17,966,213.41,82.10,79,206156,238435
f0:91:27:6b:7a:0a,2514,-16,967,213.35,82.10,156,206312,238591
f0:91:27:6b:7a:0a,2516,-16,968,213.30,82.10,166,206478,238757
f0:91:27:6b:7a:0a,2518,-17,969,213.24,82.09,154,206632,238911
f0:91:27:6b:7a:0a,2520,-16,970,213.19,82.09,165,206797,239076
f0:91:27:6b:7a:0a,2522,-16,971,213.13,82.09,157,206954,239233
f0:91:27:6b:7a:0a,2523,-17,972,213.00,82.09,78,207032,239311
f0:91:27:6b:7a:0a,2525,-16,973,212.93,82.09,153,207185,239464
f0:91:27:6b:7a:0a,2526,-17,974,212.80,82.09,83,207268,239547
f0:91:27:6b:7a:0a,2527,-16,975,212.66,82.08,77,207345,239624
f0:91:27:6b:7a:0a,2532,-17,976,212.85,82.08,401,207746,240025
f0:91:27:6b:7a:0a,2534,-16,977,212.80,82.08,161,207907,240186
f0:91:27:6b:7a:0a,2535,-17,978,212.67,82.08,84,207991,240270
f0:91:27:6b:7a:0a,2536,-16,979,212.53,82.08,72,208063,240342
f0:91:27:6b:7a:0a,2544,-17,980,212.97,82.07,647,208710,240989
f0:91:27:6b:7a:0a,2545,-16,981,212.84,82.07,83,208793,241072
f0:91:27:6b:7a:0a,2552,-16,982,213.21,82.08,583,209376,241655
f0:91:27:6b:7a:0a,2556,-17,983,213.32,82.07,318,209694,241973
f0:91:27:6b:7a:0a,2557,-17,984,213.19,82.07,81,209775,242054
f0:91:27:6b:7a:0a,2558,-16,985,213.05,82.07,83,209858,242137
f0:91:27:6b:7a:0a,2559,-17,986,212.93,82.07,88,209946,242225
f0:91:27:6b:7a:0a,2560,-16,987,212.80,82.08,91,210037,242316
f0:91:27:6b:7a:0a,2561,-17,988,212.67,82.08,80,210117,242396
f0:91:27:6b:7a:0a,2562,-16,989,212.54,82.08,83,210200,242479
f0:91:27:6b:7a:0a,2563,-17,990,212.41,82.08,86,210286,242565
f0:91:27:6b:7a:0a,2565,-16,991,212.35,82.08,157,210443,242722
f0:91:27:6b:7a:0a,2566,-16,992,212.22,82.07,77,210520,242799
f0:91:27:6b:7a:0a,2567,-16,993,212.08,82.07,74,210594,242873
f0:91:27:6b:7a:0a,2568,-17,994,211.95,82.07,82,210676,242955
f0:91:27:6b:7a:0a,2569,-16,995,211.81,82.07,79,210755,243034
f0:91:27:6b:7a:0a,2572,-17,996,211.84,82.07,242,210997,243276
f0:91:27:6b:7a:0a,2574,-16,997,211.78,82.06,152,211149,243428
f0:91:27:6b:7a:0a,2576,-16,998,211.73,82.06,159,211308,243587
f0:91:27:6b:7a:0a,2579,-16,999,211.76,82.06,240,211548,243827
f0:91:27:6b:7a:0a,2580,-17,1000,211.62,82.06,77,211625,243904
f0:91:27:6b:7a:0a,2582,-16,1001,211.57,82.05,157,211782,244061
f0:91:27:6b:7a:0a,2586,-16,1002,211.68,82.05,320,212102,244381
f0:91:27:6b:7a:0a,2587,-16,1003,211.54,82.05,77,212179,244458
f0:91:27:6b:7a:0a,2588,-17,1004,211.41,82.05,80,212259,244538
f0:91:27:6b:7a:0a,2589,-16,1005,211.29,82.05,84,212343,244622
f0:91:27:6b:7a:0a,2590,-16,1006,211.15,82.05,74,212417,244696
f0:91:27:6b:7a:0a,2591,-17,1007,211.02,82.04,77,212494,244773
f0:91:27:6b:7a:0a,2592,-17,1008,210.89,82.04,80,212574,244853
f0:91:27:6b:7a:0a,2593,-16,1009,210.75,82.04,77,212651,244930
f0:91:27:6b:7a:0a,2594,-16,1010,210.62,82.04,78,212729,245008
f0:91:27:6b:7a:0a,2595,-17,1011,210.49,82.04,80,212809,245088
f0:91:27:6b:7a:0a,2596,-16,1012,210.36,82.04,74,212883,245162
f0:91:27:6b:7a:0a,2597,-18,1013,210.23,82.04,80,212963,245242
f0:91:27:6b:7a:0a,2598,-16,1014,210.10,82.03,79,213042,245321
f0:91:27:6b:7a:0a,2599,-17,1015,209.97,82.03,81,213123,245402
f0:91:27:6b:7a:0a,2600,-16,1016,209.86,82.04,90,213213,245492
f0:91:27:6b:7a:0a,2601,-17,1017,209.73,82.04,79,213292,245571
f0:91:27:6b:7a:0a,2602,-16,1018,209.59,82.03,74,213366,245645
f0:91:27:6b:7a:0a,2603,-18,1019,209.47,82.03,82,213448,245727
f0:91:27:6b:7a:0a,2604,-16,1020,209.34,82.03,79,213527,245806
f0:91:27:6b:7a:0a,2606,-16,1021,209.30,82.03,165,213692,245971
f0:91:27:6b:7a:0a,2607,-17,1022,209.18,82.03,86,213778,246057
f0:91:27:6b:7a:0a,2616,-16,1023,209.75,82.06,799,214577,246856
f0:91:27:6b:7a:0a,2619,-17,1024,209.82,82.07,282,214859,247138
f0:91:27:6b:7a:0a,2622,-16,1025,209.89,82.08,279,215138,247417
f0:91:27:6b:7a:0a,2623,-16,1026,209.78,82.09,94,215232,247511
f0:91:27:6b:7a:0a,2624,-16,1027,209.67,82.09,103,215335,247614
f0:91:27:6b:7a:0a,2627,-16,1028,209.75,82.11,284,215619,247898
f0:91:27:6b:7a:0a,2628,-16,1029,209.64,82.11,96,215715,247994
f0:91:27:6b:7a:0a,2629,-16,1030,209.52,82.12,95,215810,248089
f0:91:27:6b:7a:0a,2630,-17,1031,209.42,82.13,99,215909,248188
f0:91:27:6b:7a:0a,2638,-16,1032,209.94,82.16,749,216658,248937
f0:91:27:6b:7a:0a,2640,-17,1033,209.91,82.17,176,216834,249113
f0:91:27:6b:7a:0a,2641,-16,1034,209.80,82.17,95,216929,249208
f0:91:27:6b:7a:0a,2643,-17,1035,209.77,82.18,185,217114,249393
f0:91:27:6b:7a:0a,2645,-16,1036,209.75,82.19,185,217299,249578
f0:91:27:6b:7a:0a,2646,-17,1037,209.63,82.19,89,217388,249667
f0:91:27:6b:7a:0a,2647,-16,1038,209.52,82.19,97,217485,249764
f0:91:27:6b:7a:0a,2649,-17,1039,209.50,82.20,183,217668,249947
f0:91:27:6b:7a:0a,2650,-17,1040,209.38,82.20,86,217754,250033
f0:91:27:6b:7a:0a,2651,-16,1041,209.27,82.21,98,217852,250131
f0:91:27:6b:7a:0a,2652,-17,1042,209.17,82.22,101,217953,250232
f0:91:27:6b:7a:0a,2653,-17,1043,209.05,82.22,88,218041,250320
f0:91:27:6b:7a:0a,2655,-17,1044,209.04,82.23,193,218234,250513
f0:91:27:6b:7a:0a,2656,-17,1045,208.93,82.24,100,218334,250613
f0:91:27:6b:7a:0a,2657,-16,1046,208.82,82.24,87,218421,250700
f0:91:27:6b:7a:0a,2658,-16,1047,208.71,82.24,99,218520,250799
f0:91:27:6b:7a:0a,2659,-16,1048,208.60,82.25,98,218618,250897
f0:91:27:6b:7a:0a,2660,-17,1049,208.50,82.25,96,218714,250993
f0:91:27:6b:7a:0a,2663,-16,1050,208.56,82.26,272,218986,251265
f0:91:27:6b:7a:0a,2667,-17,1051,208.72,82.28,378,219364,251643
f0:91:27:6b:7a:0a,2668,-16,1052,208.62,82.29,99,219463,251742
f0:91:27:6b:7a:0a,2669,-16,1053,208.51,82.29,94,219557,251836
f0:91:27:6b:7a:0a,2670,-16,1054,208.40,82.30,96,219653,251932
f0:91:27:6b:7a:0a,2673,-17,1055,208.46,82.31,277,219930,252209
f0:91:27:6b:7a:0a,2674,-17,1056,208.36,82.31,97,220027,252306
f0:91:27:6b:7a:0a,2682,-16,1057,208.87,82.35,753,220780,253059
f0:91:27:6b:7a:0a,2692,-16,1058,209.55,82.39,919,221699,253978
f0:91:27:6b:7a:0a,2693,-17,1059,209.43,82.39,91,221790,254069
f0:91:27:6b:7a:0a,2694,-17,1060,209.31,82.39,82,221872,254151
f0:91:27:6b:7a:0a,2695,-17,1061,209.20,82.39,91,221963,254242
f0:91:27:6b:7a:0a,2696,-17,1062,209.10,82.40,96,222059,254338
f0:91:27:6b:7a:0a,2697,-16,1063,208.98,82.40,88,222147,254426
f0:91:27:6b:7a:0a,2698,-16,1064,208.87,82.40,95,222242,254521
f0:91:27:6b:7a:0a,2701,-16,1065,208.93,82.41,272,222514,254793
f0:91:27:6b:7a:0a,2702,-17,1066,208.83,82.42,94,222608,254887
f0:91:27:6b:7a:0a,2705,-16,1067,208.89,82.43,281,222889,255168
f0:91:27:6b:7a:0a,2706,-16,1068,208.79,82.43,97,222986,255265
f0:91:27:6b:7a:0a,2707,-17,1069,208.68,82.44,93,223079,255358
f0:91:27:6b:7a:0a,2708,-17,1070,208.58,82.45,102,223181,255460
f0:91:27:6b:7a:0a,2709,-16,1071,208.47,82.45,86,223267,255546
f0:91:27:6b:7a:0a,2710,-16,1072,208.36,82.45,92,223359,255638
f0:91:27:6b:7a:0a,2711,-16,1073,208.26,82.46,105,223464,255743
f0:91:27:6b:7a:0a,2714,-17,1074,208.33,82.47,281,223745,256024
f0:91:27:6b:7a:0a,2717,-17,1075,208.39,82.48,276,224021,256300
f0:91:27:6b:7a:0a,2719,-16,1076,208.38,82.49,193,224214,256493
f0:91:27:6b:7a:0a,2720,-16,1077,208.26,82.49,83,224297,256576
f0:91:27:6b:7a:0a,2721,-17,1078,208.16,82.50,96,224393,256672
f0:91:27:6b:7a:0a,2722,-16,1079,208.05,82.50,91,224484,256763
f0:91:27:6b:7a:0a,2723,-17,1080,207.93,82.50,79,224563,256842
f0:91:27:6b:7a:0a,2725,-17,1081,207.90,82.50,175,224738,257017
f0:91:27:6b:7a:0a,2726,-16,1082,207.79,82.51,94,224832,257111
f0:91:27:6b:7a:0a,2727,-16,1083,207.68,82.51,88,224920,257199
f0:91:27:6b:7a:0a,2729,-16,1084,207.66,82.52,184,225104,257383
f0:91:27:6b:7a:0a,2730,-16,1085,207.56,82.52,96,225200,257479
f0:91:27:6b:7a:0a,2731,-16,1086,207.44,82.52,84,225284,257563
f0:91:27:6b:7a:0a,2733,-16,1087,207.43,82.53,187,225471,257750
f0:91:27:6b:7a:0a,2736,-16,1088,207.47,82.53,261,225732,258011
f0:91:27:6b:7a:0a,2737,-16,1089,207.37,82.54,92,225824,258103
f0:91:27:6b:7a:0a,2738,-16,1090,207.25,82.54,82,225906,258185
f0:91:27:6b:7a:0a,2739,-17,1091,207.14,82.54,83,225989,258268
f0:91:27:6b:7a:0a,2740,-16,1092,207.03,82.54,84,226073,258352
f0:91:27:6b:7a:0a,2741,-16,1093,206.91,82.54,84,226157,258436
f0:91:27:6b:7a:0a,2742,-17,1094,206.80,82.54,82,226239,258518
f0:91:27:6b:7a:0a,2752,-16,1095,207.37,82.54,829,227068,259347
f0:91:27:6b:7a:0a,2756,-16,1096,207.48,82.54,334,227402,259681
f0:91:27:6b:7a:0a,2762,-16,1097,207.74,82.54,493,227895,260174
f0:91:27:6b:7a:0a,2767,-16,1098,207.94,82.54,422,228317,260596
f0:91:27:6b:7a:0a,2768,-17,1099,207.82,82.54,79,228396,260675
f0:91:27:6b:7a:0a,2769,-16,1100,207.71,82.55,90,228486,260765
f0:91:27:6b:7a:0a,2775,-17,1101,207.97,82.54,491,228977,261256
f0:91:27:6b:7a:0a,2776,-16,1102,207.87,82.55,94,229071,261350
f0:91:27:6b:7a:0a,2777,-16,1103,207.76,82.55,89,229160,261439
f0:91:27:6b:7a:0a,2779,-16,1104,207.73,82.55,174,229334,261613
f0:91:27:6b:7a:0a,2780,-16,1105,207.61,82.55,74,229408,261687
f0:91:27:6b:7a:0a,2795,-16,1106,208.59,82.57,1296,230704,262983
f0:91:27:6b:7a:0a,2802,-17,1107,208.93,82.57,579,231283,263562
f0:91:27:6b:7a:0a,2812,-16,1108,209.46,82.56,801,232084,264363
f0:91:27:6b:7a:0a,2816,-16,1109,209.56,82.56,316,232400,264679
f0:91:27:6b:7a:0a,2817,-17,1110,209.44,82.56,82,232482,264761
f0:91:27:6b:7a:0a,2819,-16,1111,209.39,82.55,151,232633,264912
f0:91:27:6b:7a:0a,2820,-17,1112,209.28,82.55,89,232722,265001
f0:91:27:6b:7a:0a,2821,-16,1113,209.16,82.55,74,232796,265075
f0:91:27:6b:7a:0a,2824,-17,1114,209.18,82.55,230,233026,265305
f0:91:27:6b:7a:0a,2825,-16,1115,209.06,82.54,80,233106,265385
f0:91:27:6b:7a:0a,2826,-16,1116,208.95,82.54,81,233187,265466
f0:91:27:6b:7a:0a,2828,-16,1117,208.91,82.54,160,233347,265626
f0:91:27:6b:7a:0a,2829,-16,1118,208.78,82.54,74,233421,265700
f0:91:27:6b:7a:0a,2830,-17,1119,208.67,82.54,86,233507,265786
f0:91:27:6b:7a:0a,2831,-16,1120,208.56,82.54,76,233583,265862
f0:91:27:6b:7a:0a,2833,-16,1121,208.53,82.54,178,233761,266040
f0:91:27:6b:7a:0a,2834,-16,1122,208.41,82.54,70,233831,266110
f0:91:27:6b:7a:0a,2835,-17,1123,208.29,82.54,80,233911,266190
f0:91:27:6b:7a:0a,2837,-16,1124,208.25,82.54,159,234070,266349
f0:91:27:6b:7a:0a,2838,-17,1125,208.13,82.53,78,234148,266427
f0:91:27:6b:7a:0a,2839,-16,1126,208.02,82.53,80,234228,266507
f0:91:27:6b:7a:0a,2843,-16,1127,208.11,82.53,314,234542,266821
f0:91:27:6b:7a:0a,2844,-17,1128,208.00,82.53,81,234623,266902
f0:91:27:6b:7a:0a,2845,-16,1129,207.89,82.53,82,234705,266984
f0:91:27:6b:7a:0a,2846,-16,1130,207.77,82.52,73,234778,267057
f0:91:27:6b:7a:0a,2848,-16,1131,207.73,82.52,162,234940,267219
f0:91:27:6b:7a:0a,2849,-17,1132,207.62,82.52,86,235026,267305
f0:91:27:6b:7a:0a,2850,-17,1133,207.50,82.52,72,235098,267377
f0:91:27:6b:7a:0a,2852,-17,1134,207.47,82.52,172,235270,267549
f0:91:27:6b:7a:0a,2853,-16,1135,207.36,82.52,82,235352,267631
f0:91:27:6b:7a:0a,2854,-16,1136,207.24,82.52,73,235425,267704
f0:91:27:6b:7a:0a,2861,-16,1137,207.57,82.52,578,236003,268282
f0:91:27:6b:7a:0a,2866,-17,1138,207.74,82.52,403,236406,268685
f0:91:27:6b:7a:0a,2868,-16,1139,207.70,82.51,164,236570,268849
f0:91:27:6b:7a:0a,2869,-17,1140,207.59,82.51,77,236647,268926
f0:91:27:6b:7a:0a,2870,-16,1141,207.47,82.51,72,236719,268998
f0:91:27:6b:7a:0a,2873,-17,1142,207.50,82.51,243,236962,269241
f0:91:27:6b:7a:0a,2874,-16,1143,207.38,82.51,76,237038,269317
f0:91:27:6b:7a:0a,2875,-16,1144,207.27,82.50,75,237113,269392
f0:91:27:6b:7a:0a,2877,-17,1145,207.22,82.50,155,237268,269547
f0:91:27:6b:7a:0a,2879,-16,1146,207.18,82.50,157,237425,269704
f0:91:27:6b:7a:0a,2884,-16,1147,207.35,82.49,404,237829,270108
f0:91:27:6b:7a:0a,2886,-17,1148,207.31,82.49,160,237989,270268
f0:91:27:6b:7a:0a,2887,-16,1149,207.20,82.49,83,238072,270351
f0:91:27:6b:7a:0a,2888,-16,1150,207.09,82.49,82,238154,270433
f0:91:27:6b:7a:0a,2890,-17,1151,207.04,82.49,147,238301,270580
f0:91:27:6b:7a:0a,2892,-16,1152,207.00,82.48,161,238462,270741
f0:91:27:6b:7a:0a,2893,-17,1153,206.89,82.48,82,238544,270823
f0:91:27:6b:7a:0a,2894,-16,1154,206.78,82.48,75,238619,270898
f0:91:27:6b:7a:0a,2895,-16,1155,206.67,82.48,83,238702,270981
f0:91:27:6b:7a:0a,2897,-17,1156,206.62,82.48,150,238852,271131
f0:91:27:6b:7a:0a,2898,-16,1157,206.51,82.48,82,238934,271213
f0:91:27:6b:7a:0a,2899,-16,1158,206.40,82.47,74,239008,271287
f0:91:27:6b:7a:0a,2900,-17,1159,206.29,82.47,87,239095,271374
f0:91:27:6b:7a:0a,2901,-16,1160,206.18,82.47,76,239171,271450
f0:91:27:6b:7a:0a,2902,-16,1161,206.08,82.47,84,239255,271534
f0:91:27:6b:7a:0a,2903,-17,1162,205.97,82.47,77,239332,271611
f0:91:27:6b:7a:0a,2905,-16,1163,205.92,82.47,156,239488,271767
f0:91:27:6b:7a:0a,2906,-17,1164,205.81,82.47,79,239567,271846
f0:91:27:6b:7a:0a,2910,-17,1165,205.90,82.46,310,239877,272156
f0:91:27:6b:7a:0a,2911,-17,1166,205.80,82.46,84,239961,272240
f0:91:27:6b:7a:0a,2913,-16,1167,205.76,82.46,156,240117,272396
f0:91:27:6b:7a:0a,2914,-17,1168,205.65,82.46,82,240199,272478
f0:91:27:6b:7a:0a,2921,-16,1169,205.95,82.45,555,240754,273033
f0:91:27:6b:7a:0a,2922,-16,1170,205.84,82.45,74,240828,273107
f0:91:27:6b:7a:0a,2923,-16,1171,205.73,82.45,81,240909,273188
f0:91:27:6b:7a:0a,2924,-16,1172,205.62,82.44,75,240984,273263
f0:91:27:6b:7a:0a,2927,-16,1173,205.64,82.44,233,241217,273496
f0:91:27:6b:7a:0a,2928,-16,1174,205.53,82.44,79,241296,273575
f0:91:27:6b:7a:0a,2930,-16,1175,205.49,82.44,157,241453,273732
f0:91:27:6b:7a:0a,2931,-16,1176,205.39,82.43,80,241533,273812
f0:91:27:6b:7a:0a,2933,-17,1177,205.35,82.43,163,241696,273975
f0:91:27:6b:7a:0a,2934,-16,1178,205.24,82.43,81,241777,274056
f0:91:27:6b:7a:0a,2935,-16,1179,205.14,82.43,79,241856,274135
f0:91:27:6b:7a:0a,2936,-17,1180,205.03,82.43,81,241937,274216
f0:91:27:6b:7a:0a,2937,-16,1181,204.92,82.43,75,242012,274291
f0:91:27:6b:7a:0a,2938,-16,1182,204.82,82.43,87,242099,274378
f0:91:27:6b:7a:0a,2940,-16,1183,204.78,82.43,161,242260,274539
f0:91:27:6b:7a:0a,2941,-17,1184,204.68,82.43,78,242338,274617
f0:91:27:6b:7a:0a,2942,-16,1185,204.57,82.43,76,242414,274693
f0:91:27:6b:7a:0a,2946,-16,1186,204.65,82.42,306,242720,274999
f0:91:27:6b:7a:0a,2948,-16,1187,204.62,82.42,167,242887,275166
f0:91:27:6b:7a:0a,2950,-17,1188,204.58,82.42,157,243044,275323
f0:91:27:6b:7a:0a,2951,-16,1189,204.48,82.42,81,243125,275404
f0:91:27:6b:7a:0a,2952,-17,1190,204.37,82.41,75,243200,275479
f0:91:27:6b:7a:0a,2953,-16,1191,204.27,82.41,85,243285,275564
f0:91:27:6b:7a:0a,2954,-16,1192,204.16,82.41,77,243362,275641
f0:91:27:6b:7a:0a,2955,-17,1193,204.06,82.41,77,243439,275718
f0:91:27:6b:7a:0a,2960,-17,1194,204.21,82.40,393,243832,276111
f0:91:27:6b:7a:0a,2961,-17,1195,204.11,82.40,80,243912,276191
f0:91:27:6b:7a:0a,2962,-16,1196,204.00,82.40,76,243988,276267
f0:91:27:6b:7a:0a,2964,-17,1197,203.97,82.40,159,244147,276426
f0:91:27:6b:7a:0a,2972,-17,1198,204.31,82.39,619,244766,277045
f0:91:27:6b:7a:0a,2973,-16,1199,204.21,82.38,80,244846,277125
f0:91:27:6b:7a:0a,2977,-17,1200,204.31,82.38,330,245176,277455
f0:91:27:6b:7a:0a,2980,-17,1201,204.34,82.38,241,245417,277696
f0:91:27:6b:7a:0a,2986,-17,1202,204.57,82.38,478,245895,278174
f0:91:27:6b:7a:0a,2987,-16,1203,204.47,82.38,86,245981,278260
f0:91:27:6b:7a:0a,2993,-16,1204,204.71,82.38,489,246470,278749
f0:91:27:6b:7a:0a,2995,-16,1205,204.67,82.37,159,246629,278908
f0:91:27:6b:7a:0a,2996,-16,1206,204.57,82.38,85,246714,278993
f0:91:27:6b:7a:0a,3006,-17,1207,205.07,82.37,806,247520,279799
f0:91:27:6b:7a:0a,3007,-16,1208,204.96,82.37,77,247597,279876
f0:91:27:6b:7a:0a,3009,-17,1209,204.93,82.37,166,247763,280042
f0:91:27:6b:7a:0a,3015,-16,1210,205.16,82.37,486,248249,280528
f0:91:27:6b:7a:0a,3016,-16,1211,205.06,82.36,80,248329,280608
f0:91:27:6b:7a:0a,3030,-16,1212,205.81,82.35,1109,249438,281717
f0:91:27:6b:7a:0a,3031,-16,1213,205.70,82.35,78,249516,281795
f0:91:27:6b:7a:0a,3033,-17,1214,205.66,82.35,156,249672,281951
f0:91:27:6b:7a:0a,3034,-16,1215,205.56,82.35,84,249756,282035
f0:91:27:6b:7a:0a,3035,-16,1216,205.47,82.35,91,249847,282126
f0:91:27:6b:7a:0a,3037,-17,1217,205.43,82.35,163,250010,282289
f0:91:27:6b:7a:0a,3038,-16,1218,205.33,82.35,78,250088,282367
f0:91:27:6b:7a:0a,3039,-16,1219,205.22,82.35,78,250166,282445
f0:91:27:6b:7a:0a,3040,-17,1220,205.12,82.34,76,250242,282521
f0:91:27:6b:7a:0a,3041,-16,1221,205.01,82.34,81,250323,282602
f0:91:27:6b:7a:0a,3044,-16,1222,205.05,82.34,244,250567,282846
f0:91:27:6b:7a:0a,3045,-17,1223,204.95,82.34,86,250653,282932
f0:91:27:6b:7a:0a,3046,-16,1224,204.85,82.34,83,250736,283015
f0:91:27:6b:7a:0a,3047,-16,1225,204.74,82.34,74,250810,283089
f0:91:27:6b:7a:0a,3052,-16,1226,204.90,82.34,400,251210,283489
f0:91:27:6b:7a:0a,3053,-17,1227,204.81,82.34,86,251296,283575
f0:91:27:6b:7a:0a,3055,-16,1228,204.76,82.33,151,251447,283726
f0:91:27:6b:7a:0a,3061,-17,1229,204.98,82.33,472,251919,284198
f0:91:27:6b:7a:0a,3065,-16,1230,205.07,82.32,317,252236,284515
f0:91:27:6b:7a:0a,3066,-16,1231,204.97,82.32,87,252323,284602
f0:91:27:6b:7a:0a,3067,-17,1232,204.87,82.32,82,252405,284684
f0:91:27:6b:7a:0a,3069,-16,1233,204.83,82.32,153,252558,284837
f0:91:27:6b:7a:0a,3070,-17,1234,204.73,82.32,83,252641,284920
f0:91:27:6b:7a:0a,3071,-16,1235,204.63,82.32,75,252716,284995
f0:91:27:6b:7a:0a,3077,-16,1236,204.86,82.32,487,253203,285482
f0:91:27:6b:7a:0a,3079,-17,1237,204.82,82.31,155,253358,285637
f0:91:27:6b:7a:0a,3082,-17,1238,204.85,82.31,241,253599,285878
f0:91:27:6b:7a:0a,3083,-16,1239,204.74,82.31,78,253677,285956
f0:91:27:6b:7a:0a,3085,-16,1240,204.70,82.31,155,253832,286111
f0:91:27:6b:7a:0a,3086,-17,1241,204.61,82.31,89,253921,286200
f0:91:27:6b:7a:0a,3089,-17,1242,204.64,82.31,238,254159,286438
f0:91:27:6b:7a:0a,3092,-16,1243,204.66,82.30,231,254390,286669
f0:91:27:6b:7a:0a,3105,-16,1244,205.31,82.28,1019,255409,287688
f0:91:27:6b:7a:0a,3115,-16,1245,205.78,82.27,789,256198,288477
f0:91:27:6b:7a:0a,3117,-17,1246,205.76,82.28,175,256373,288652
f0:91:27:6b:7a:0a,3118,-16,1247,205.65,82.27,76,256449,288728
f0:91:27:6b:7a:0a,3119,-17,1248,205.56,82.28,87,256536,288815
f0:91:27:6b:7a:0a,3120,-17,1249,205.45,82.27,76,256612,288891
f0:91:27:6b:7a:0a,3121,-17,1250,205.35,82.27,71,256683,288962
f0:91:27:6b:7a:0a,3127,-16,1251,205.56,82.26,472,257155,289434
f0:91:27:6b:7a:0a,3128,-17,1252,205.47,82.27,89,257244,289523
f0:91:27:6b:7a:0a,3129,-16,1253,205.37,82.27,82,257326,289605
f0:91:27:6b:7a:0a,3131,-17,1254,205.33,82.26,158,257484,289763
f0:91:27:6b:7a:0a,3133,-17,1255,205.30,82.26,167,257651,289930
f0:91:27:6b:7a:0a,3136,-17,1256,205.32,82.26,230,257881,290160
f0:91:27:6b:7a:0a,3138,-16,1257,205.28,82.26,158,258039,290318
f0:91:27:6b:7a:0a,3139,-17,1258,205.18,82.26,83,258122,290401
f0:91:27:6b:7a:0a,3140,-17,1259,205.08,82.25,76,258198,290477
f0:91:27:6b:7a:0a,3141,-17,1260,204.98,82.25,75,258273,290552
f0:91:27:6b:7a:0a,3142,-16,1261,204.88,82.25,80,258353,290632
f0:91:27:6b:7a:0a,3143,-16,1262,204.79,82.25,86,258439,290718
f0:91:27:6b:7a:0a,3147,-16,1263,204.87,82.25,315,258754,291033
f0:91:27:6b:7a:0a,3148,-16,1264,204.77,82.25,81,258835,291114
f0:91:27:6b:7a:0a,3149,-16,1265,204.68,82.25,83,258918,291197
f0:91:27:6b:7a:0a,3157,-16,1266,205.00,82.24,617,259535,291814
f0:91:27:6b:7a:0a,3158,-17,1267,204.91,82.24,84,259619,291898
f0:91:27:6b:7a:0a,3159,-16,1268,204.81,82.23,76,259695,291974
f0:91:27:6b:7a:0a,3167,-16,1269,205.14,82.23,633,260328,292607
f0:91:27:6b:7a:0a,3168,-17,1270,205.04,82.22,77,260405,292684
f0:91:27:6b:7a:0a,3172,-17,1271,205.13,82.22,314,260719,292998
f0:91:27:6b:7a:0a,3173,-17,1272,205.03,82.22,76,260795,293074
f0:91:27:6b:7a:0a,3180,-16,1273,205.29,82.21,544,261339,293618
f0:91:27:6b:7a:0a,3191,-16,1274,205.82,82.20,873,262212,294491
f0:91:27:6b:7a:0a,3192,-17,1275,205.72,82.20,83,262295,294574
f0:91:27:6b:7a:0a,3196,-16,1276,205.81,82.20,320,262615,294894
f0:91:27:6b:7a:0a,3201,-17,1277,205.97,82.19,405,263020,295299
f0:91:27:6b:7a:0a,3202,-16,1278,205.87,82.19,78,263098,295377
f0:91:27:6b:7a:0a,3204,-16,1279,205.82,82.19,152,263250,295529
f0:91:27:6b:7a:0a,3216,-16,1280,206.41,82.18,956,264206,296485
f0:91:27:6b:7a:0a,3218,-17,1281,206.37,82.18,160,264366,296645
f0:91:27:6b:7a:0a,3222,-16,1282,206.46,82.17,313,264679,296958
f0:91:27:6b:7a:0a,3223,-17,1283,206.36,82.17,83,264762,297041
f0:91:27:6b:7a:0a,3225,-16,1284,206.33,82.17,160,264922,297201
f0:91:27:6b:7a:0a,3226,-16,1285,206.22,82.17,77,264999,297278
f0:91:27:6b:7a:0a,3227,-17,1286,206.13,82.17,80,265079,297358
f0:91:27:6b:7a:0a,3228,-17,1287,206.03,82.17,80,265159,297438
f0:91:27:6b:7a:0a,3229,-17,1288,205.93,82.17,79,265238,297517
f0:91:27:6b:7a:0a,3230,-16,1289,205.83,82.17,78,265316,297595
f0:91:27:6b:7a:0a,3231,-16,1290,205.74,82.17,85,265401,297680
f0:91:27:6b:7a:0a,3232,-16,1291,205.63,82.16,71,265472,297751
f0:91:27:6b:7a:0a,3234,-16,1292,205.60,82.16,159,265631,297910
f0:91:27:6b:7a:0a,3241,-17,1293,205.86,82.15,549,266180,298459
f0:91:27:6b:7a:0a,3244,-16,1294,205.89,82.15,245,266425,298704
f0:91:27:6b:7a:0a,3245,-16,1295,205.80,82.15,81,266506,298785
f0:91:27:6b:7a:0a,3246,-17,1296,205.69,82.15,72,266578,298857
f0:91:27:6b:7a:0a,3247,-16,1297,205.60,82.15,84,266662,298941
f0:91:27:6b:7a:0a,3248,-16,1298,205.51,82.15,88,266750,299029
f0:91:27:6b:7a:0a,3249,-17,1299,205.41,82.15,73,266823,299102
f0:91:27:6b:7a:0a,3250,-16,1300,205.31,82.15,79,266902,299181
f0:91:27:6b:7a:0a,3254,-16,1301,205.40,82.15,320,267222,299501
f0:91:27:6b:7a:0a,3256,-16,1302,205.37,82.15,165,267387,299666
f0:91:27:6b:7a:0a,3264,-16,1303,205.70,82.14,639,268026,300305
f0:91:27:6b:7a:0a,3265,-16,1304,205.60,82.14,80,268106,300385
f0:91:27:6b:7a:0a,3270,-17,1305,205.75,82.14,399,268505,300784
f0:91:27:6b:7a:0a,3279,-16,1306,206.14,82.13,714,269219,301498
f0:91:27:6b:7a:0a,3292,-17,1307,206.76,82.11,1013,270232,302511
f0:91:27:6b:7a:0a,3294,-16,1308,206.73,82.11,172,270404,302683
f0:91:27:6b:7a:0a,3300,-17,1309,206.94,82.11,481,270885,303164
f0:91:27:6b:7a:0a,3301,-16,1310,206.84,82.11,79,270964,303243
f0:91:27:6b:7a:0a,3306,-16,1311,207.01,82.11,421,271385,303664
f0:91:27:6b:7a:0a,3308,-17,1312,206.98,82.12,172,271557,303836
f0:91:27:6b:7a:0a,3309,-16,1313,206.88,82.11,77,271634,303913
f0:91:27:6b:7a:0a,3311,-16,1314,206.86,82.12,181,271815,304094
f0:91:27:6b:7a:0a,3316,-16,1315,207.05,82.13,459,272274,304553
f0:91:27:6b:7a:0a,3318,-16,1316,207.03,82.14,180,272454,304733
f0:91:27:6b:7a:0a,3322,-17,1317,207.16,82.15,378,272832,305111
f0:91:27:6b:7a:0a,3323,-16,1318,207.07,82.16,87,272919,305198
f0:91:27:6b:7a:0a,3324,-16,1319,206.99,82.16,98,273017,305296
f0:91:27:6b:7a:0a,3327,-16,1320,207.05,82.17,284,273301,305580
f0:91:27:6b:7a:0a,3328,-16,1321,206.97,82.18,101,273402,305681
f0:91:27:6b:7a:0a,3329,-17,1322,206.88,82.18,88,273490,305769
f0:91:27:6b:7a:0a,3330,-16,1323,206.79,82.18,95,273585,305864
f0:91:27:6b:7a:0a,3332,-17,1324,206.77,82.19,184,273769,306048
f0:91:27:6b:7a:0a,3333,-16,1325,206.69,82.19,91,273860,306139
f0:91:27:6b:7a:0a,3334,-16,1326,206.60,82.19,92,273952,306231
f0:91:27:6b:7a:0a,3335,-17,1327,206.52,82.20,95,274047,306326
f0:91:27:6b:7a:0a,3336,-17,1328,206.43,82.20,91,274138,306417
f0:91:27:6b:7a:0a,3339,-16,1329,206.48,82.21,277,274415,306694
f0:91:27:6b:7a:0a,3340,-17,1330,206.40,82.21,99,274514,306793
f0:91:27:6b:7a:0a,3341,-16,1331,206.31,82.22,87,274601,306880
f0:91:27:6b:7a:0a,3343,-16,1332,206.29,82.22,177,274778,307057
f0:91:27:6b:7a:0a,3344,-16,1333,206.20,82.22,90,274868,307147
f0:91:27:6b:7a:0a,3345,-17,1334,206.12,82.23,97,274965,307244
f0:91:27:6b:7a:0a,3347,-17,1335,206.10,82.23,178,275143,307422
f0:91:27:6b:7a:0a,3348,-16,1336,206.02,82.23,95,275238,307517
f0:91:27:6b:7a:0a,3349,-16,1337,205.93,82.24,92,275330,307609
f0:91:27:6b:7a:0a,3357,-17,1338,206.33,82.26,745,276075,308354
f0:91:27:6b:7a:0a,3359,-16,1339,206.32,82.27,191,276266,308545
f0:91:27:6b:7a:0a,3361,-16,1340,206.30,82.28,182,276448,308727
f0:91:27:6b:7a:0a,3367,-17,1341,206.57,82.30,564,277012,309291
f0:91:27:6b:7a:0a,3371,-17,1342,206.70,82.31,385,277397,309676
f0:91:27:6b:7a:0a,3372,-17,1343,206.62,82.32,96,277493,309772
f0:91:27:6b:7a:0a,3375,-16,1344,206.67,82.33,277,277770,310049
f0:91:27:6b:7a:0a,3376,-16,1345,206.60,82.33,103,277873,310152
f0:91:27:6b:7a:0a,3379,-16,1346,206.65,82.34,279,278152,310431
f0:91:27:6b:7a:0a,3380,-17,1347,206.56,82.34,90,278242,310521
f0:91:27:6b:7a:0a,3381,-16,1348,206.48,82.35,93,278335,310614
f0:91:27:6b:7a:0a,3382,-16,1349,206.40,82.35,99,278434,310713
f0:91:27:6b:7a:0a,3390,-17,1350,206.79,82.38,737,279171,311450
f0:91:27:6b:7a:0a,3410,-17,1351,207.99,82.43,1829,281000,313279
f0:91:27:6b:7a:0a,3412,-16,1352,207.98,82.44,192,281192,313471
f0:91:27:6b:7a:0a,3423,-16,1353,208.58,82.47,1020,282212,314491
f0:91:27:6b:7a:0a,3424,-16,1354,208.49,82.47,90,282302,314581
f0:91:27:6b:7a:0a,3434,-16,1355,209.00,82.49,898,283200,315479
f0:91:27:6b:7a:0a,3439,-17,1356,209.17,82.50,438,283638,315917
f0:91:27:6b:7a:0a,3441,-16,1357,209.14,82.50,168,283806,316085
f0:91:27:6b:7a:0a,3442,-17,1358,209.05,82.50,79,283885,316164
f0:91:27:6b:7a:0a,3444,-17,1359,209.01,82.50,162,284047,316326
f0:91:27:6b:7a:0a,3445,-16,1360,208.92,82.50,88,284135,316414
f0:91:27:6b:7a:0a,3446,-17,1361,208.83,82.50,84,284219,316498
f0:91:27:6b:7a:0a,3447,-16,1362,208.74,82.50,81,284300,316579
f0:91:27:6b:7a:0a,3449,-17,1363,208.70,82.50,160,284460,316739
f0:91:27:6b:7a:0a,3494,-17,1364,211.31,82.52,3768,288228,320507
f0:91:27:6b:7a:0a,3509,-16,1365,212.06,82.52,1238,289466,321745
f0:91:27:6b:7a:0a,3511,-16,1366,212.04,82.52,179,289645,321924
f0:91:27:6b:7a:0a,3512,-16,1367,211.95,82.52,85,289730,322009
f0:91:27:6b:7a:0a,3521,-16,1368,212.32,82.52,728,290458,322737
f0:91:27:6b:7a:0a,3522,-16,1369,212.22,82.51,71,290529,322808
f0:91:27:6b:7a:0a,3529,-17,1370,212.48,82.51,569,291098,323377
f0:91:27:6b:7a:0a,3530,-16,1371,212.38,82.51,79,291177,323456
f0:91:27:6b:7a:0a,3531,-16,1372,212.28,82.51,78,291255,323534
f0:91:27:6b:7a:0a,3532,-17,1373,212.19,82.51,86,291341,323620
f0:91:27:6b:7a:0a,3533,-16,1374,212.09,82.51,77,291418,323697
f0:91:27:6b:7a:0a,3535,-17,1375,212.06,82.51,166,291584,323863
f0:91:27:6b:7a:0a,3536,-16,1376,211.96,82.51,78,291662,323941
f0:91:27:6b:7a:0a,3537,-16,1377,211.87,82.51,81,291743,324022
f0:91:27:6b:7a:0a,3538,-17,1378,211.78,82.51,84,291827,324106
f0:91:27:6b:7a:0a,3539,-16,1379,211.68,82.51,80,291907,324186
f0:91:27:6b:7a:0a,3540,-16,1380,211.58,82.50,77,291984,324263
f0:91:27:6b:7a:0a,3541,-17,1381,211.49,82.50,80,292064,324343
f0:91:27:6b:7a:0a,3542,-16,1382,211.40,82.51,90,292154,324433
f0:91:27:6b:7a:0a,3544,-16,1383,211.36,82.50,152,292306,324585
f0:91:27:6b:7a:0a,3545,-16,1384,211.27,82.50,89,292395,324674
f0:91:27:6b:7a:0a,3546,-17,1385,211.17,82.50,81,292476,324755
f0:91:27:6b:7a:0a,3547,-16,1386,211.08,82.50,79,292555,324834
f0:91:27:6b:7a:0a,3548,-16,1387,210.98,82.50,74,292629,324908
f0:91:27:6b:7a:0a,3549,-16,1388,210.89,82.50,87,292716,324995
f0:91:27:6b:7a:0a,3550,-16,1389,210.80,82.50,82,292798,325077
f0:91:27:6b:7a:0a,3553,-16,1390,210.82,82.50,243,293041,325320
f0:91:27:6b:7a:0a,3564,-17,1391,211.29,82.49,866,293907,326186
f0:91:27:6b:7a:0a,3565,-16,1392,211.19,82.49,74,293981,326260
f0:91:27:6b:7a:0a,3566,-16,1393,211.10,82.49,82,294063,326342
f0:91:27:6b:7a:0a,3567,-16,1394,211.00,82.48,75,294138,326417
f0:91:27:6b:7a:0a,3568,-17,1395,210.91,82.48,77,294215,326494
f0:91:27:6b:7a:0a,3569,-16,1396,210.81,82.48,79,294294,326573
f0:91:27:6b:7a:0a,3571,-17,1397,210.78,82.48,165,294459,326738
f0:91:27:6b:7a:0a,3572,-16,1398,210.68,82.48,78,294537,326816
f0:91:27:6b:7a:0a,3573,-16,1399,210.59,82.48,80,294617,326896
f0:91:27:6b:7a:0a,3574,-17,1400,210.50,82.48,77,294694,326973
f0:91:27:6b:7a:0a,3575,-16,1401,210.41,82.48,85,294779,327058
f0:91:27:6b:7a:0a,3578,-17,1402,210.42,82.47,231,295010,327289
f0:91:27:6b:7a:0a,3580,-16,1403,210.38,82.47,159,295169,327448
f0:91:27:6b:7a:0a,3583,-16,1404,210.40,82.47,230,295399,327678
f0:91:27:6b:7a:0a,3584,-16,1405,210.31,82.47,83,295482,327761
f0:91:27:6b:7a:0a,3585,-16,1406,210.22,82.47,81,295563,327842
f0:91:27:6b:7a:0a,3591,-16,1407,210.40,82.46,476,296039,328318
f0:91:27:6b:7a:0a,3592,-17,1408,210.31,82.46,77,296116,328395
f0:91:27:6b:7a:0a,3593,-16,1409,210.21,82.46,75,296191,328470
f0:91:27:6b:7a:0a,3594,-16,1410,210.13,82.46,86,296277,328556
f0:91:27:6b:7a:0a,3595,-17,1411,210.03,82.46,76,296353,328632
f0:91:27:6b:7a:0a,3598,-17,1412,210.07,82.46,260,296613,328892
f0:91:27:6b:7a:0a,3599,-16,1413,209.98,82.46,85,296698,328977
f0:91:27:6b:7a:0a,3600,-16,1414,209.88,82.46,74,296772,329051
f0:91:27:6b:7a:0a,3607,-17,1415,210.13,82.45,558,297330,329609
f0:91:27:6b:7a:0a,3609,-16,1416,210.09,82.45,161,297491,329770
f0:91:27:6b:7a:0a,3610,-17,1417,210.00,82.45,77,297568,329847
f0:91:27:6b:7a:0a,3611,-17,1418,209.91,82.45,81,297649,329928
f0:91:27:6b:7a:0a,3612,-16,1419,209.81,82.45,77,297726,330005
f0:91:27:6b:7a:0a,3614,-16,1420,209.78,82.45,160,297886,330165
f0:91:27:6b:7a:0a,3615,-17,1421,209.68,82.45,76,297962,330241
f0:91:27:6b:7a:0a,3616,-17,1422,209.59,82.44,72,298034,330313
f0:91:27:6b:7a:0a,3619,-16,1423,209.61,82.44,246,298280,330559
f0:91:27:6b:7a:0a,3620,-17,1424,209.52,82.44,80,298360,330639
f0:91:27:6b:7a:0a,3621,-17,1425,209.43,82.44,77,298437,330716
f0:91:27:6b:7a:0a,3626,-16,1426,209.57,82.44,403,298840,331119
f0:91:27:6b:7a:0a,3628,-16,1427,209.54,82.44,174,299014,331293
f0:91:27:6b:7a:0a,3631,-16,1428,209.56,82.44,238,299252,331531
f0:91:27:6b:7a:0a,3632,-16,1429,209.47,82.44,81,299333,331612
f0:91:27:6b:7a:0a,3633,-17,1430,209.38,82.44,79,299412,331691
f0:91:27:6b:7a:0a,3635,-16,1431,209.34,82.43,156,299568,331847
f0:91:27:6b:7a:0a,3636,-16,1432,209.25,82.43,77,299645,331924
f0:91:27:6b:7a:0a,3637,-17,1433,209.16,82.43,81,299726,332005
f0:91:27:6b:7a:0a,3640,-16,1434,209.19,82.43,246,299972,332251
f0:91:27:6b:7a:0a,3641,-16,1435,209.10,82.43,85,300057,332336
f0:91:27:6b:7a:0a,3647,-16,1436,209.28,82.43,472,300529,332808
f0:91:27:6b:7a:0a,3648,-16,1437,209.19,82.43,76,300605,332884
f0:91:27:6b:7a:0a,3649,-17,1438,209.10,82.43,86,300691,332970
f0:91:27:6b:7a:0a,3650,-16,1439,209.01,82.42,77,300768,333047
f0:91:27:6b:7a:0a,3655,-17,1440,209.14,82.42,395,301163,333442
f0:91:27:6b:7a:0a,3657,-16,1441,209.11,82.42,159,301322,333601
f0:91:27:6b:7a:0a,3659,-17,1442,209.07,82.42,155,301477,333756
f0:91:27:6b:7a:0a,3661,-16,1443,209.03,82.41,153,301630,333909
f0:91:27:6b:7a:0a,3662,-16,1444,208.94,82.41,79,301709,333988
f0:91:27:6b:7a:0a,3664,-17,1445,208.90,82.41,156,301865,334144
f0:91:27:6b:7a:0a,3678,-17,1446,209.54,82.40,1130,302995,335274
f0:91:27:6b:7a:0a,3679,-16,1447,209.46,82.41,92,303087,335366
f0:91:27:6b:7a:0a,3686,-16,1448,209.72,82.41,589,303676,335955
f0:91:27:6b:7a:0a,3689,-16,1449,209.74,82.41,236,303912,336191
f0:91:27:6b:7a:0a,3690,-17,1450,209.65,82.41,81,303993,336272
f0:91:27:6b:7a:0a,3691,-16,1451,209.56,82.40,77,304070,336349
f0:91:27:6b:7a:0a,3692,-16,1452,209.47,82.40,78,304148,336427
f0:91:27:6b:7a:0a,3694,-16,1453,209.44,82.40,168,304316,336595
f0:91:27:6b:7a:0a,3707,-16,1454,210.01,82.39,1032,305348,337627
f0:91:27:6b:7a:0a,3708,-17,1455,209.92,82.39,80,305428,337707
f0:91:27:6b:7a:0a,3709,-16,1456,209.82,82.39,75,305503,337782
f0:91:27:6b:7a:0a,3710,-16,1457,209.73,82.39,80,305583,337862
f0:91:27:6b:7a:0a,3719,-17,1458,210.09,82.39,727,306310,338589
f0:91:27:6b:7a:0a,3722,-16,1459,210.11,82.38,238,306548,338827
f0:91:27:6b:7a:0a,3724,-16,1460,210.08,82.38,162,306710,338989
f0:91:27:6b:7a:0a,3725,-16,1461,209.99,82.38,83,306793,339072
f0:91:27:6b:7a:0a,3727,-17,1462,209.95,82.38,149,306942,339221
f0:91:27:6b:7a:0a,3730,-17,1463,209.97,82.38,251,307193,339472
f0:91:27:6b:7a:0a,3731,-16,1464,209.88,82.38,76,307269,339548
f0:91:27:6b:7a:0a,3732,-16,1465,209.79,82.38,78,307347,339626
f0:91:27:6b:7a:0a,3733,-16,1466,209.71,82.38,84,307431,339710
f0:91:27:6b:7a:0a,3734,-17,1467,209.62,82.38,86,307517,339796
f0:91:27:6b:7a:0a,3739,-16,1468,209.76,82.38,407,307924,340203
f0:91:27:6b:7a:0a,3740,-16,1469,209.67,82.38,85,308009,340288
f0:91:27:6b:7a:0a,3742,-17,1470,209.64,82.38,157,308166,340445
f0:91:27:6b:7a:0a,3743,-16,1471,209.55,82.37,79,308245,340524
f0:91:27:6b:7a:0a,3745,-17,1472,209.51,82.37,157,308402,340681
f0:91:27:6b:7a:0a,3746,-16,1473,209.42,82.37,74,308476,340755
f0:91:27:6b:7a:0a,3747,-16,1474,209.34,82.37,87,308563,340842
f0:91:27:6b:7a:0a,3748,-17,1475,209.25,82.37,74,308637,340916
f0:91:27:6b:7a:0a,3775,-16,1476,210.56,82.35,2150,310787,343066
f0:91:27:6b:7a:0a,3780,-16,1477,210.69,82.35,404,311191,343470
f0:91:27:6b:7a:0a,3782,-16,1478,210.65,82.34,151,311342,343621
f0:91:27:6b:7a:0a,3783,-17,1479,210.57,82.34,86,311428,343707
f0:91:27:6b:7a:0a,3784,-16,1480,210.48,82.34,81,311509,343788
f0:91:27:6b:7a:0a,3785,-17,1481,210.39,82.34,81,311590,343869
f0:91:27:6b:7a:0a,3786,-16,1482,210.30,82.34,70,311660,343939
f0:91:27:6b:7a:0a,3787,-16,1483,210.21,82.34,85,311745,344024
f0:91:27:6b:7a:0a,3789,-16,1484,210.18,82.34,157,311902,344181
f0:91:27:6b:7a:0a,3790,-17,1485,210.09,82.34,79,311981,344260
f0:91:27:6b:7a:0a,3794,-17,1486,210.16,82.34,322,312303,344582
f0:91:27:6b:7a:0a,3796,-16,1487,210.13,82.33,157,312460,344739
f0:91:27:6b:7a:0a,3804,-16,1488,210.41,82.33,629,313089,345368
f0:91:27:6b:7a:0a,3807,-17,1489,210.43,82.32,239,313328,345607
f0:91:27:6b:7a:0a,3810,-17,1490,210.45,82.32,239,313567,345846
f0:91:27:6b:7a:0a,3813,-17,1491,210.47,82.32,241,313808,346087
f0:91:27:6b:7a:0a,3814,-16,1492,210.38,82.32,73,313881,346160
f0:91:27:6b:7a:0a,3815,-17,1493,210.29,82.32,81,313962,346241
f0:91:27:6b:7a:0a,3817,-16,1494,210.26,82.32,160,314122,346401
f0:91:27:6b:7a:0a,3818,-16,1495,210.17,82.32,76,314198,346477
f0:91:27:6b:7a:0a,3819,-16,1496,210.08,82.32,85,314283,346562
f0:91:27:6b:7a:0a,3820,-16,1497,209.99,82.31,74,314357,346636
f0:91:27:6b:7a:0a,3822,-17,1498,209.95,82.31,154,314511,346790
f0:91:27:6b:7a:0a,3824,-16,1499,209.93,82.31,170,314681,346960
f0:91:27:6b:7a:0a,3825,-17,1500,209.84,82.31,83,314764,347043
f0:91:27:6b:7a:0a,3826,-16,1501,209.76,82.31,84,314848,347127
f0:91:27:6b:7a:0a,3827,-17,1502,209.67,82.31,81,314929,347208
f0:91:27:6b:7a:0a,3828,-16,1503,209.59,82.31,83,315012,347291
f0:91:27:6b:7a:0a,3830,-16,1504,209.55,82.31,153,315165,347444
f0:91:27:6b:7a:0a,3831,-17,1505,209.47,82.31,85,315250,347529
f0:91:27:6b:7a:0a,3832,-16,1506,209.38,82.31,73,315323,347602
f0:91:27:6b:7a:0a,3833,-16,1507,209.29,82.31,78,315401,347680
f0:91:27:6b:7a:0a,3842,-17,1508,209.62,82.30,706,316107,348386
f0:91:27:6b:7a:0a,3844,-16,1509,209.58,82.30,154,316261,348540
f0:91:27:6b:7a:0a,3845,-17,1510,209.50,82.29,80,316341,348620
f0:91:27:6b:7a:0a,3846,-16,1511,209.41,82.29,78,316419,348698
f0:91:27:6b:7a:0a,3849,-16,1512,209.43,82.29,245,316664,348943
f0:91:27:6b:7a:0a,3850,-16,1513,209.35,82.29,76,316740,349019
f0:91:27:6b:7a:0a,3852,-16,1514,209.31,82.29,155,316895,349174
f0:91:27:6b:7a:0a,3853,-16,1515,209.22,82.29,79,316974,349253
f0:91:27:6b:7a:0a,3856,-17,1516,209.24,82.29,240,317214,349493
f0:91:27:6b:7a:0a,3857,-17,1517,209.15,82.28,72,317286,349565
f0:91:27:6b:7a:0a,3862,-16,1518,209.28,82.28,395,317681,349960
f0:91:27:6b:7a:0a,3863,-17,1519,209.19,82.28,78,317759,350038
f0:91:27:6b:7a:0a,3864,-16,1520,209.10,82.28,77,317836,350115
f0:91:27:6b:7a:0a,3866,-16,1521,209.07,82.28,164,318000,350279
f0:91:27:6b:7a:0a,3868,-16,1522,209.04,82.28,158,318158,350437
f0:91:27:6b:7a:0a,3891,-17,1523,210.11,82.26,1833,319991,352270
f0:91:27:6b:7a:0a,3892,-16,1524,210.02,82.26,75,320066,352345
f0:91:27:6b:7a:0a,3894,-16,1525,209.98,82.26,158,320224,352503
f0:91:27:6b:7a:0a,3895,-17,1526,209.90,82.26,81,320305,352584
f0:91:27:6b:7a:0a,3897,-16,1527,209.86,82.25,156,320461,352740
f0:91:27:6b:7a:0a,3898,-17,1528,209.78,82.25,78,320539,352818
f0:91:27:6b:7a:0a,3900,-16,1529,209.75,82.25,172,320711,352990
f0:91:27:6b:7a:0a,3901,-16,1530,209.66,82.25,72,320783,353062
f0:91:27:6b:7a:0a,3902,-16,1531,209.58,82.25,86,320869,353148
f0:91:27:6b:7a:0a,3907,-17,1532,209.71,82.25,402,321271,353550
f0:91:27:6b:7a:0a,3908,-16,1533,209.62,82.25,81,321352,353631
f0:91:27:6b:7a:0a,3915,-16,1534,209.84,82.24,547,321899,354178
f0:91:27:6b:7a:0a,3921,-17,1535,210.01,82.24,469,322368,354647
f0:91:27:6b:7a:0a,3925,-16,1536,210.09,82.24,324,322692,354971
f0:91:27:6b:7a:0a,3927,-17,1537,210.05,82.23,157,322849,355128
f0:91:27:6b:7a:0a,3929,-16,1538,210.02,82.23,159,323008,355287
f0:91:27:6b:7a:0a,3930,-17,1539,209.93,82.23,81,323089,355368
f0:91:27:6b:7a:0a,3938,-17,1540,210.21,82.23,639,323728,356007
f0:91:27:6b:7a:0a,3941,-16,1541,210.23,82.22,232,323960,356239
f0:91:27:6b:7a:0a,3942,-16,1542,210.15,82.22,86,324046,356325
f0:91:27:6b:7a:0a,3945,-17,1543,210.16,82.22,232,324278,356557
f0:91:27:6b:7a:0a,3946,-16,1544,210.08,82.22,78,324356,356635
f0:91:27:6b:7a:0a,3947,-16,1545,209.99,82.22,75,324431,356710
f0:91:27:6b:7a:0a,3948,-17,1546,209.90,82.22,79,324510,356789
f0:91:27:6b:7a:0a,3949,-16,1547,209.82,82.22,89,324599,356878
f0:91:27:6b:7a:0a,3950,-16,1548,209.74,82.22,75,324674,356953
f0:91:27:6b:7a:0a,3953,-17,1549,209.76,82.22,245,324919,357198
f0:91:27:6b:7a:0a,3954,-16,1550,209.68,82.22,80,324999,357278
f0:91:27:6b:7a:0a,3957,-16,1551,209.70,82.22,244,325243,357522
f0:91:27:6b:7a:0a,3958,-16,1552,209.61,82.21,77,325320,357599
f0:91:27:6b:7a:0a,3960,-16,1553,209.58,82.21,160,325480,357759
f0:91:27:6b:7a:0a,3962,-17,1554,209.55,82.21,153,325633,357912
f0:91:27:6b:7a:0a,3963,-16,1555,209.47,82.21,86,325719,357998
f0:91:27:6b:7a:0a,3965,-17,1556,209.43,82.21,159,325878,358157
f0:91:27:6b:7a:0a,3968,-17,1557,209.45,82.21,233,326111,358390
f0:91:27:6b:7a:0a,3984,-16,1558,210.13,82.19,1271,327382,359661
f0:91:27:6b:7a:0a,3985,-17,1559,210.04,82.19,78,327460,359739
f0:91:27:6b:7a:0a,3986,-16,1560,209.96,82.19,81,327541,359820
f0:91:27:6b:7a:0a,3991,-17,1561,210.09,82.19,404,327945,360224
f0:91:27:6b:7a:0a,3992,-16,1562,210.00,82.19,79,328024,360303
f0:91:27:6b:7a:0a,3993,-17,1563,209.92,82.19,78,328102,360381
f0:91:27:6b:7a:0a,3994,-17,1564,209.84,82.19,85,328187,360466
f0:91:27:6b:7a:0a,3995,-16,1565,209.76,82.19,82,328269,360548
f0:91:27:6b:7a:0a,3998,-16,1566,209.77,82.19,235,328504,360783
f0:91:27:6b:7a:0a,3999,-16,1567,209.69,82.19,84,328588,360867
f0:91:27:6b:7a:0a,4000,-17,1568,209.61,82.19,80,328668,360947
f0:91:27:6b:7a:0a,4002,-17,1569,209.58,82.19,163,328831,361110
f0:91:27:6b:7a:0a,4006,-16,1570,209.66,82.19,334,329165,361444
f0:91:27:6b:7a:0a,4007,-16,1571,209.59,82.19,97,329262,361541
f0:91:27:6b:7a:0a,4009,-16,1572,209.57,82.20,177,329439,361718
f0:91:27:6b:7a:0a,4029,-16,1573,210.61,82.25,1844,331283,363562
f0:91:27:6b:7a:0a,4030,-17,1574,210.53,82.25,93,331376,363655
f0:91:27:6b:7a:0a,4031,-16,1575,210.46,82.25,92,331468,363747
f0:91:27:6b:7a:0a,4032,-16,1576,210.38,82.25,93,331561,363840
f0:91:27:6b:7a:0a,4033,-17,1577,210.31,82.25,90,331651,363930
f0:91:27:6b:7a:0a,4034,-16,1578,210.23,82.26,94,331745,364024
f0:91:27:6b:7a:0a,4035,-16,1579,210.16,82.26,90,331835,364114
f0:91:27:6b:7a:0a,4040,-16,1580,210.33,82.28,480,332315,364594
f0:91:27:6b:7a:0a,4042,-17,1581,210.31,82.28,192,332507,364786
f0:91:27:6b:7a:0a,4043,-17,1582,210.24,82.29,95,332602,364881
f0:91:27:6b:7a:0a,4044,-16,1583,210.17,82.29,96,332698,364977
f0:91:27:6b:7a:0a,4045,-16,1584,210.10,82.29,93,332791,365070
f0:91:27:6b:7a:0a,4049,-16,1585,210.20,82.30,376,333167,365446
f0:91:27:6b:7a:0a,4051,-16,1586,210.18,82.31,175,333342,365621
f0:91:27:6b:7a:0a,4052,-17,1587,210.10,82.31,88,333430,365709
f0:91:27:6b:7a:0a,4057,-16,1588,210.27,82.32,477,333907,366186
f0:91:27:6b:7a:0a,4058,-16,1589,210.20,82.33,99,334006,366285
f0:91:27:6b:7a:0a,4059,-17,1590,210.12,82.33,92,334098,366377
f0:91:27:6b:7a:0a,4060,-16,1591,210.05,82.33,86,334184,366463
f0:91:27:6b:7a:0a,4061,-16,1592,209.98,82.34,98,334282,366561
f0:91:27:6b:7a:0a,4062,-16,1593,209.91,82.34,97,334379,366658
f0:91:27:6b:7a:0a,4063,-17,1594,209.83,82.34,90,334469,366748
f0:91:27:6b:7a:0a,4064,-17,1595,209.76,82.35,100,334569,366848
f0:91:27:6b:7a:0a,4065,-16,1596,209.69,82.35,92,334661,366940
f0:91:27:6b:7a:0a,4066,-17,1597,209.61,82.35,93,334754,367033
f0:91:27:6b:7a:0a,4067,-16,1598,209.55,82.35,100,334854,367133
f0:91:27:6b:7a:0a,4072,-17,1599,209.70,82.37,455,335309,367588
f0:91:27:6b:7a:0a,4080,-16,1600,210.03,82.39,741,336050,368329
f0:91:27:6b:7a:0a,4085,-17,1601,210.19,82.40,464,336514,368793
f0:91:27:6b:7a:0a,4086,-16,1602,210.11,82.40,89,336603,368882
f0:91:27:6b:7a:0a,4088,-17,1603,210.10,82.40,182,336785,369064
f0:91:27:6b:7a:0a,4090,-17,1604,210.09,82.41,196,336981,369260
f0:91:27:6b:7a:0a,4133,-16,1605,212.42,82.51,3951,340932,373211
f0:91:27:6b:7a:0a,4138,-17,1606,212.56,82.52,433,341365,373644
f0:91:27:6b:7a:0a,4139,-16,1607,212.48,82.52,89,341454,373733
f0:91:27:6b:7a:0a,4151,-16,1608,212.99,82.53,1029,342483,374762
f0:91:27:6b:7a:0a,4153,-16,1609,212.96,82.53,166,342649,374928
f0:91:27:6b:7a:0a,4156,-16,1610,212.99,82.53,258,342907,375186
f0:91:27:6b:7a:0a,4157,-16,1611,212.90,82.53,78,342985,375264
f0:91:27:6b:7a:0a,4160,-17,1612,212.93,82.53,256,343241,375520
f0:91:27:6b:7a:0a,4161,-16,1613,212.85,82.53,80,343321,375600
f0:91:27:6b:7a:0a,4162,-16,1614,212.76,82.53,81,343402,375681
f0:91:27:6b:7a:0a,4163,-16,1615,212.69,82.53,86,343488,375767
f0:91:27:6b:7a:0a,4173,-16,1616,213.07,82.53,833,344321,376600
f0:91:27:6b:7a:0a,4177,-16,1617,213.15,82.53,345,344666,376945
f0:91:27:6b:7a:0a,4178,-16,1618,213.07,82.54,84,344750,377029
f0:91:27:6b:7a:0a,4184,-16,1619,213.26,82.54,512,345262,377541
f0:91:27:6b:7a:0a,4186,-16,1620,213.23,82.54,163,345425,377704
f0:91:27:6b:7a:0a,4187,-17,1621,213.15,82.54,89,345514,377793
f0:91:27:6b:7a:0a,4189,-17,1622,213.12,82.54,174,345688,377967
f0:91:27:6b:7a:0a,4190,-16,1623,213.04,82.54,84,345772,378051
f0:91:27:6b:7a:0a,4191,-16,1624,212.97,82.54,84,345856,378135
f0:91:27:6b:7a:0a,4192,-17,1625,212.89,82.55,94,345950,378229
f0:91:27:6b:7a:0a,4196,-16,1626,212.97,82.55,335,346285,378564
f0:91:27:6b:7a:0a,4197,-17,1627,212.89,82.55,85,346370,378649
f0:91:27:6b:7a:0a,4201,-16,1628,212.96,82.55,331,346701,378980
f0:91:27:6b:7a:0a,4202,-16,1629,212.89,82.55,89,346790,379069
f0:91:27:6b:7a:0a,4204,-17,1630,212.85,82.55,156,346946,379225
f0:91:27:6b:7a:0a,4205,-16,1631,212.77,82.55,81,347027,379306
f0:91:27:6b:7a:0a,4206,-16,1632,212.69,82.55,79,347106,379385
f0:91:27:6b:7a:0a,4208,-17,1633,212.66,82.55,163,347269,379548
f0:91:27:6b:7a:0a,4210,-16,1634,212.62,82.54,158,347427,379706
f0:91:27:6b:7a:0a,4211,-16,1635,212.54,82.54,77,347504,379783
f0:91:27:6b:7a:0a,4212,-16,1636,212.46,82.54,77,347581,379860
f0:91:27:6b:7a:0a,4213,-16,1637,212.38,82.54,90,347671,379950
f0:91:27:6b:7a:0a,4214,-17,1638,212.30,82.54,76,347747,380026
f0:91:27:6b:7a:0a,4215,-17,1639,212.22,82.54,86,347833,380112
f0:91:27:6b:7a:0a,4218,-16,1640,212.23,82.54,232,348065,380344
f0:91:27:6b:7a:0a,4219,-17,1641,212.16,82.54,86,348151,380430
f0:91:27:6b:7a:0a,4222,-16,1642,212.17,82.54,239,348390,380669
f0:91:27:6b:7a:0a,4224,-16,1643,212.14,82.54,158,348548,380827
f0:91:27:6b:7a:0a,4225,-16,1644,212.06,82.53,79,348627,380906
f0:91:27:6b:7a:0a,4226,-16,1645,211.99,82.54,91,348718,380997
f0:91:27:6b:7a:0a,4227,-16,1646,211.90,82.53,74,348792,381071
f0:91:27:6b:7a:0a,4228,-17,1647,211.82,82.53,81,348873,381152
f0:91:27:6b:7a:0a,4229,-16,1648,211.75,82.54,88,348961,381240
f0:91:27:6b:7a:0a,4230,-16,1649,211.66,82.53,70,349031,381310
f0:91:27:6b:7a:0a,4231,-17,1650,211.58,82.53,84,349115,381394
f0:91:27:6b:7a:0a,4234,-16,1651,211.60,82.53,240,349355,381634
f0:91:27:6b:7a:0a,4236,-16,1652,211.57,82.53,160,349515,381794
f0:91:27:6b:7a:0a,4237,-16,1653,211.49,82.53,85,349600,381879
f0:91:27:6b:7a:0a,4239,-17,1654,211.46,82.53,150,349750,382029
f0:91:27:6b:7a:0a,4240,-16,1655,211.38,82.53,86,349836,382115
f0:91:27:6b:7a:0a,4241,-16,1656,211.30,82.53,80,349916,382195
f0:91:27:6b:7a:0a,4242,-17,1657,211.22,82.53,80,349996,382275
f0:91:27:6b:7a:0a,4243,-16,1658,211.14,82.53,82,350078,382357
f0:91:27:6b:7a:0a,4244,-16,1659,211.07,82.53,82,350160,382439
f0:91:27:6b:7a:0a,4245,-17,1660,210.99,82.53,82,350242,382521
f0:91:27:6b:7a:0a,4246,-16,1661,210.91,82.52,72,350314,382593
f0:91:27:6b:7a:0a,4247,-16,1662,210.83,82.53,88,350402,382681
f0:91:27:6b:7a:0a,4249,-16,1663,210.81,82.53,168,350570,382849
f0:91:27:6b:7a:0a,4250,-16,1664,210.73,82.52,77,350647,382926
f0:91:27:6b:7a:0a,4251,-16,1665,210.65,82.52,79,350726,383005
f0:91:27:6b:7a:0a,4253,-16,1666,210.62,82.52,166,350892,383171
f0:91:27:6b:7a:0a,4254,-16,1667,210.54,82.52,77,350969,383248
f0:91:27:6b:7a:0a,4255,-17,1668,210.46,82.52,81,351050,383329
f0:91:27:6b:7a:0a,4257,-16,1669,210.43,82.52,157,351207,383486
f0:91:27:6b:7a:0a,4259,-17,1670,210.40,82.52,162,351369,383648
f0:91:27:6b:7a:0a,4263,-17,1671,210.46,82.52,313,351682,383961
f0:91:27:6b:7a:0a,4266,-16,1672,210.48,82.51,235,351917,384196
f0:91:27:6b:7a:0a,4269,-16,1673,210.49,82.51,236,352153,384432
f0:91:27:6b:7a:0a,4271,-16,1674,210.46,82.51,164,352317,384596
f0:91:27:6b:7a:0a,4273,-16,1675,210.43,82.51,154,352471,384750
f0:91:27:6b:7a:0a,4274,-17,1676,210.35,82.51,80,352551,384830
f0:91:27:6b:7a:0a,4275,-16,1677,210.27,82.51,78,352629,384908
f0:91:27:6b:7a:0a,4278,-17,1678,210.29,82.50,237,352866,385145
f0:91:27:6b:7a:0a,4280,-16,1679,210.26,82.50,153,353019,385298
f0:91:27:6b:7a:0a,4281,-17,1680,210.18,82.50,79,353098,385377
f0:91:27:6b:7a:0a,4284,-17,1681,210.20,82.50,240,353338,385617
f0:91:27:6b:7a:0a,4286,-16,1682,210.16,82.50,157,353495,385774
f0:91:27:6b:7a:0a,4287,-16,1683,210.09,82.50,79,353574,385853
f0:91:27:6b:7a:0a,4288,-17,1684,210.01,82.49,81,353655,385934
f0:91:27:6b:7a:0a,4289,-16,1685,209.93,82.50,85,353740,386019
f0:91:27:6b:7a:0a,4290,-16,1686,209.86,82.49,81,353821,386100
f0:91:27:6b:7a:0a,4292,-16,1687,209.82,82.49,150,353971,386250
f0:91:27:6b:7a:0a,4298,-17,1688,209.98,82.49,477,354448,386727
f0:91:27:6b:7a:0a,4301,-17,1689,210.00,82.49,243,354691,386970
f0:91:27:6b:7a:0a,4302,-17,1690,209.92,82.48,71,354762,387041
f0:91:27:6b:7a:0a,4303,-17,1691,209.84,82.48,77,354839,387118
f0:91:27:6b:7a:0a,4304,-16,1692,209.77,82.48,89,354928,387207
f0:91:27:6b:7a:0a,4308,-16,1693,209.83,82.48,311,355239,387518
f0:91:27:6b:7a:0a,4309,-16,1694,209.75,82.48,72,355311,387590
f0:91:27:6b:7a:0a,4311,-16,1695,209.72,82.48,164,355475,387754
f0:91:27:6b:7a:0a,4312,-17,1696,209.65,82.48,90,355565,387844
f0:91:27:6b:7a:0a,4313,-16,1697,209.57,82.48,73,355638,387917
f0:91:27:6b:7a:0a,4315,-17,1698,209.54,82.48,163,355801,388080
f0:91:27:6b:7a:0a,4316,-16,1699,209.46,82.47,74,355875,388154
f0:91:27:6b:7a:0a,4340,-16,1700,210.46,82.46,1899,357774,390053
f0:91:27:6b:7a:0a,4341,-16,1701,210.38,82.45,78,357852,390131
f0:91:27:6b:7a:0a,4342,-17,1702,210.30,82.45,76,357928,390207
f0:91:27:6b:7a:0a,4343,-16,1703,210.22,82.45,80,358008,390287
f0:91:27:6b:7a:0a,4345,-17,1704,210.19,82.45,159,358167,390446
f0:91:27:6b:7a:0a,4346,-16,1705,210.12,82.45,80,358247,390526
f0:91:27:6b:7a:0a,4347,-17,1706,210.04,82.45,86,358333,390612
f0:91:27:6b:7a:0a,4349,-16,1707,210.01,82.45,160,358493,390772
f0:91:27:6b:7a:0a,4350,-16,1708,209.94,82.45,79,358572,390851
f0:91:27:6b:7a:0a,4351,-17,1709,209.86,82.45,74,358646,390925
f0:91:27:6b:7a:0a,4353,-16,1710,209.83,82.45,161,358807,391086
f0:91:27:6b:7a:0a,4354,-16,1711,209.75,82.44,74,358881,391160
f0:91:27:6b:7a:0a,4363,-16,1712,210.04,82.44,713,359594,391873
f0:91:27:6b:7a:0a,4364,-16,1713,209.97,82.44,81,359675,391954
f0:91:27:6b:7a:0a,4365,-16,1714,209.90,82.44,86,359761,392040
f0:91:27:6b:7a:0a,4366,-16,1715,209.82,82.44,80,359841,392120
f0:91:27:6b:7a:0a,4368,-16,1716,209.79,82.44,163,360004,392283
f0:91:27:6b:7a:0a,4372,-16,1717,209.85,82.43,315,360319,392598
f0:91:27:6b:7a:0a,4380,-16,1718,210.10,82.43,630,360949,393228
f0:91:27:6b:7a:0a,4381,-16,1719,210.02,82.43,79,361028,393307
f0:91:27:6b:7a:0a,4382,-17,1720,209.95,82.43,81,361109,393388
f0:91:27:6b:7a:0a,4383,-16,1721,209.87,82.42,75,361184,393463
f0:91:27:6b:7a:0a,4385,-16,1722,209.84,82.42,154,361338,393617
f0:91:27:6b:7a:0a,4386,-17,1723,209.76,82.42,77,361415,393694
f0:91:27:6b:7a:0a,4387,-16,1724,209.69,82.42,82,361497,393776
f0:91:27:6b:7a:0a,4390,-17,1725,209.70,82.42,234,361731,394010
f0:91:27:6b:7a:0a,4393,-17,1726,209.71,82.42,236,361967,394246
f0:91:27:6b:7a:0a,4394,-16,1727,209.64,82.42,83,362050,394329
f0:91:27:6b:7a:0a,4395,-16,1728,209.56,82.41,74,362124,394403
f0:91:27:6b:7a:0a,4401,-16,1729,209.71,82.41,471,362595,394874
f0:91:27:6b:7a:0a,4402,-16,1730,209.64,82.41,77,362672,394951
f0:91:27:6b:7a:0a,4403,-17,1731,209.56,82.41,84,362756,395035
f0:91:27:6b:7a:0a,4404,-16,1732,209.49,82.41,75,362831,395110
f0:91:27:6b:7a:0a,4405,-16,1733,209.41,82.40,75,362906,395185
f0:91:27:6b:7a:0a,4410,-17,1734,209.52,82.40,397,363303,395582
f0:91:27:6b:7a:0a,4412,-16,1735,209.49,82.40,160,363463,395742
f0:91:27:6b:7a:0a,4419,-17,1736,209.69,82.40,565,364028,396307
f0:91:27:6b:7a:0a,4425,-16,1737,209.85,82.39,474,364502,396781
f0:91:27:6b:7a:0a,4429,-16,1738,209.90,82.39,309,364811,397090
f0:91:27:6b:7a:0a,4441,-17,1739,210.35,82.39,980,365791,398070
f0:91:27:6b:7a:0a,4443,-16,1740,210.31,82.38,154,365945,398224
f0:91:27:6b:7a:0a,4452,-17,1741,210.60,82.38,713,366658,398937
f0:91:27:6b:7a:0a,4463,-16,1742,210.99,82.37,884,367542,399821
f0:91:27:6b:7a:0a,4466,-17,1743,211.01,82.37,242,367784,400063
f0:91:27:6b:7a:0a,4467,-16,1744,210.93,82.37,84,367868,400147
f0:91:27:6b:7a:0a,4468,-16,1745,210.86,82.37,82,367950,400229
f0:91:27:6b:7a:0a,4469,-17,1746,210.79,82.37,83,368033,400312
f0:91:27:6b:7a:0a,4475,-16,1747,210.93,82.36,467,368500,400779
f0:91:27:6b:7a:0a,4478,-16,1748,210.95,82.36,239,368739,401018
f0:91:27:6b:7a:0a,4479,-17,1749,210.88,82.36,87,368826,401105
f0:91:27:6b:7a:0a,4480,-16,1750,210.81,82.36,84,368910,401189
f0:91:27:6b:7a:0a,4482,-16,1751,210.77,82.36,156,369066,401345
f0:91:27:6b:7a:0a,4483,-17,1752,210.70,82.36,77,369143,401422
f0:91:27:6b:7a:0a,4485,-16,1753,210.67,82.36,157,369300,401579
f0:91:27:6b:7a:0a,4490,-16,1754,210.77,82.36,397,369697,401976
f0:91:27:6b:7a:0a,4495,-16,1755,210.88,82.35,401,370098,402377
f0:91:27:6b:7a:0a,4498,-17,1756,210.90,82.35,249,370347,402626
f0:91:27:6b:7a:0a,4499,-17,1757,210.83,82.35,74,370421,402700
f0:91:27:6b:7a:0a,4500,-16,1758,210.75,82.35,76,370497,402776
f0:91:27:6b:7a:0a,4505,-16,1759,210.86,82.35,401,370898,403177
f0:91:27:6b:7a:0a,4507,-16,1760,210.83,82.35,171,371069,403348
f0:91:27:6b:7a:0a,4510,-16,1761,210.85,82.35,237,371306,403585
f0:91:27:6b:7a:0a,4511,-17,1762,210.78,82.35,82,371388,403667
f0:91:27:6b:7a:0a,4513,-16,1763,210.75,82.35,157,371545,403824
f0:91:27:6b:7a:0a,4516,-16,1764,210.76,82.34,234,371779,404058
f0:91:27:6b:7a:0a,4518,-17,1765,210.73,82.34,155,371934,404213
f0:91:27:6b:7a:0a,4519,-16,1766,210.65,82.34,79,372013,404292
f0:91:27:6b:7a:0a,4522,-17,1767,210.66,82.34,232,372245,404524
f0:91:27:6b:7a:0a,4523,-16,1768,210.59,82.34,77,372322,404601
f0:91:27:6b:7a:0a,4528,-16,1769,210.70,82.33,399,372721,405000
f0:91:27:6b:7a:0a,4531,-16,1770,210.71,82.33,233,372954,405233
f0:91:27:6b:7a:0a,4532,-17,1771,210.64,82.33,82,373036,405315
f0:91:27:6b:7a:0a,4533,-16,1772,210.56,82.33,78,373114,405393
f0:91:27:6b:7a:0a,4536,-17,1773,210.58,82.33,237,373351,405630
f0:91:27:6b:7a:0a,4537,-16,1774,210.50,82.33,81,373432,405711
f0:91:27:6b:7a:0a,4540,-16,1775,210.52,82.33,244,373676,405955
f0:91:27:6b:7a:0a,4545,-16,1776,210.63,82.32,395,374071,406350
f0:91:27:6b:7a:0a,4547,-17,1777,210.59,82.32,154,374225,406504
f0:91:27:6b:7a:0a,4548,-16,1778,210.52,82.32,76,374301,406580
f0:91:27:6b:7a:0a,4549,-16,1779,210.44,82.32,80,374381,406660
f0:91:27:6b:7a:0a,4550,-16,1780,210.37,82.32,86,374467,406746
f0:91:27:6b:7a:0a,4551,-17,1781,210.30,82.32,77,374544,406823
f0:91:27:6b:7a:0a,4553,-16,1782,210.27,82.32,155,374699,406978
f0:91:27:6b:7a:0a,4554,-16,1783,210.20,82.31,80,374779,407058
f0:91:27:6b:7a:0a,4555,-17,1784,210.12,82.31,76,374855,407134
f0:91:27:6b:7a:0a,4556,-17,1785,210.05,82.31,77,374932,407211
f0:91:27:6b:7a:0a,4557,-16,1786,209.98,82.31,86,375018,407297
f0:91:27:6b:7a:0a,4558,-17,1787,209.90,82.31,80,375098,407377
f0:91:27:6b:7a:0a,4561,-17,1788,209.92,82.31,238,375336,407615
f0:91:27:6b:7a:0a,4562,-16,1789,209.85,82.31,82,375418,407697
f0:91:27:6b:7a:0a,4563,-16,1790,209.77,82.31,72,375490,407769
f0:91:27:6b:7a:0a,4566,-16,1791,209.79,82.31,244,375734,408013
f0:91:27:6b:7a:0a,4567,-16,1792,209.71,82.31,72,375806,408085
f0:91:27:6b:7a:0a,4570,-16,1793,209.73,82.30,232,376038,408317
f0:91:27:6b:7a:0a,4572,-17,1794,209.70,82.30,167,376205,408484
f0:91:27:6b:7a:0a,4579,-16,1795,209.90,82.30,560,376765,409044
f0:91:27:6b:7a:0a,4584,-17,1796,210.00,82.30,400,377165,409444
f0:91:27:6b:7a:0a,4585,-16,1797,209.93,82.30,86,377251,409530
f0:91:27:6b:7a:0a,4586,-16,1798,209.86,82.30,79,377330,409609
f0:91:27:6b:7a:0a,4587,-16,1799,209.79,82.30,77,377407,409686
f0:91:27:6b:7a:0a,4638,-16,1800,211.92,82.27,4057,381464,413743
f0:91:27:6b:7a:0a,4639,-17,1801,211.85,82.27,82,381546,413825
f0:91:27:6b:7a:0a,4640,-16,1802,211.78,82.26,75,381621,413900
f0:91:27:6b:7a:0a,4641,-16,1803,211.70,82.26,77,381698,413977
f0:91:27:6b:7a:0a,4642,-16,1804,211.63,82.26,82,381780,414059
f0:91:27:6b:7a:0a,4643,-16,1805,211.56,82.26,78,381858,414137
f0:91:27:6b:7a:0a,4649,-17,1806,211.70,82.26,480,382338,414617
f0:91:27:6b:7a:0a,4671,-16,1807,212.56,82.25,1762,384100,416379
f0:91:27:6b:7a:0a,4675,-16,1808,212.61,82.24,301,384401,416680
f0:91:27:6b:7a:0a,4677,-16,1809,212.58,82.24,157,384558,416837
f0:91:27:6b:7a:0a,4696,-16,1810,213.30,82.23,1523,386081,418360
f0:91:27:6b:7a:0a,4699,-17,1811,213.31,82.23,232,386313,418592
f0:91:27:6b:7a:0a,4701,-16,1812,213.29,82.23,161,386474,418753
f0:91:27:6b:7a:0a,4702,-17,1813,213.21,82.23,75,386549,418828
f0:91:27:6b:7a:0a,4705,-16,1814,213.23,82.23,242,386791,419070
f0:91:27:6b:7a:0a,4706,-17,1815,213.15,82.23,81,386872,419151
f0:91:27:6b:7a:0a,4707,-16,1816,213.07,82.22,69,386941,419220
f0:91:27:6b:7a:0a,4708,-16,1817,213.00,82.22,82,387023,419302
f0:91:27:6b:7a:0a,4711,-16,1818,213.02,82.22,251,387274,419553
f0:91:27:6b:7a:0a,4712,-17,1819,212.95,82.22,81,387355,419634
f0:91:27:6b:7a:0a,4713,-16,1820,212.88,82.22,81,387436,419715
f0:91:27:6b:7a:0a,4720,-16,1821,213.10,82.23,616,388052,420331
f0:91:27:6b:7a:0a,4725,-16,1822,213.24,82.24,466,388518,420797
f0:91:27:6b:7a:0a,4726,-16,1823,213.17,82.25,95,388613,420892
f0:91:27:6b:7a:0a,4727,-17,1824,213.10,82.25,87,388700,420979
f0:91:27:6b:7a:0a,4733,-16,1825,213.29,82.26,557,389257,421536
f0:91:27:6b:7a:0a,4735,-16,1826,213.27,82.26,169,389426,421705
f0:91:27:6b:7a:0a,4736,-16,1827,213.21,82.27,100,389526,421805
f0:91:27:6b:7a:0a,4738,-17,1828,213.19,82.27,182,389708,421987
f0:91:27:6b:7a:0a,4739,-16,1829,213.12,82.27,92,389800,422079
f0:91:27:6b:7a:0a,4740,-16,1830,213.06,82.27,94,389894,422173
f0:91:27:6b:7a:0a,4742,-16,1831,213.03,82.27,168,390062,422341
f0:91:27:6b:7a:0a,4752,-16,1832,213.43,82.30,948,391010,423289
f0:91:27:6b:7a:0a,4755,-17,1833,213.47,82.31,277,391287,423566
f0:91:27:6b:7a:0a,4756,-16,1834,213.40,82.31,88,391375,423654
f0:91:27:6b:7a:0a,4785,-16,1835,214.78,82.38,2751,394126,426405
f0:91:27:6b:7a:0a,4791,-16,1836,214.97,82.40,551,394677,426956
f0:91:27:6b:7a:0a,4797,-16,1837,215.15,82.41,559,395236,427515
f0:91:27:6b:7a:0a,4798,-17,1838,215.09,82.41,100,395336,427615
f0:91:27:6b:7a:0a,4799,-16,1839,215.03,82.42,102,395438,427717
f0:91:27:6b:7a:0a,4800,-16,1840,214.96,82.42,90,395528,427807
f0:91:27:6b:7a:0a,4801,-17,1841,214.89,82.42,92,395620,427899
f0:91:27:6b:7a:0a,4803,-16,1842,214.87,82.42,174,395794,428073
f0:91:27:6b:7a:0a,4805,-16,1843,214.85,82.42,173,395967,428246
f0:91:27:6b:7a:0a,4808,-16,1844,214.89,82.43,282,396249,428528
f0:91:27:6b:7a:0a,4814,-16,1845,215.07,82.44,548,396797,429076
f0:91:27:6b:7a:0a,4815,-17,1846,215.00,82.44,93,396890,429169
f0:91:27:6b:7a:0a,4817,-16,1847,214.98,82.45,183,397073,429352
f0:91:27:6b:7a:0a,4818,-16,1848,214.92,82.45,93,397166,429445
f0:91:27:6b:7a:0a,4819,-16,1849,214.85,82.45,89,397255,429534
f0:91:27:6b:7a:0a,4823,-16,1850,214.93,82.46,369,397624,429903
f0:91:27:6b:7a:0a,4824,-17,1851,214.87,82.46,100,397724,430003
f0:91:27:6b:7a:0a,4825,-16,1852,214.80,82.46,80,397804,430083
f0:91:27:6b:7a:0a,4826,-17,1853,214.73,82.46,87,397891,430170
f0:91:27:6b:7a:0a,4827,-16,1854,214.66,82.47,92,397983,430262
f0:91:27:6b:7a:0a,4829,-16,1855,214.65,82.47,194,398177,430456
f0:91:27:6b:7a:0a,4834,-17,1856,214.77,82.48,438,398615,430894
f0:91:27:6b:7a:0a,4836,-17,1857,214.75,82.48,170,398785,431064
f0:91:27:6b:7a:0a,4839,-17,1858,214.78,82.48,274,399059,431338
f0:91:27:6b:7a:0a,4854,-16,1859,215.35,82.49,1283,400342,432621
f0:91:27:6b:7a:0a,4855,-16,1860,215.28,82.49,80,400422,432701
f0:91:27:6b:7a:0a,4858,-17,1861,215.30,82.50,257,400679,432958
f0:91:27:6b:7a:0a,4862,-16,1862,215.36,82.49,327,401006,433285
f0:91:27:6b:7a:0a,4863,-16,1863,215.30,82.50,89,401095,433374
f0:91:27:6b:7a:0a,4864,-17,1864,215.22,82.50,81,401176,433455
f0:91:27:6b:7a:0a,4865,-16,1865,215.15,82.50,85,401261,433540
f0:91:27:6b:7a:0a,4866,-16,1866,215.09,82.50,89,401350,433629
f0:91:27:6b:7a:0a,4871,-17,1867,215.19,82.50,412,401762,434041
f0:91:27:6b:7a:0a,4872,-16,1868,215.12,82.50,87,401849,434128
f0:91:27:6b:7a:0a,4873,-17,1869,215.05,82.50,82,401931,434210
f0:91:27:6b:7a:0a,4874,-16,1870,214.98,82.50,88,402019,434298
f0:91:27:6b:7a:0a,4875,-17,1871,214.91,82.50,75,402094,434373
f0:91:27:6b:7a:0a,4876,-16,1872,214.84,82.50,85,402179,434458
f0:91:27:6b:7a:0a,4877,-17,1873,214.77,82.50,85,402264,434543
f0:91:27:6b:7a:0a,4879,-17,1874,214.74,82.50,160,402424,434703
f0:91:27:6b:7a:0a,4881,-16,1875,214.72,82.50,170,402594,434873
f0:91:27:6b:7a:0a,4885,-16,1876,214.78,82.50,330,402924,435203
f0:91:27:6b:7a:0a,4886,-16,1877,214.70,82.50,77,403001,435280
f0:91:27:6b:7a:0a,4887,-17,1878,214.64,82.50,89,403090,435369
f0:91:27:6b:7a:0a,4888,-16,1879,214.57,82.50,89,403179,435458
f0:91:27:6b:7a:0a,4891,-16,1880,214.59,82.50,247,403426,435705
f0:91:27:6b:7a:0a,4892,-17,1881,214.52,82.50,78,403504,435783
f0:91:27:6b:7a:0a,4894,-17,1882,214.50,82.50,177,403681,435960
f0:91:27:6b:7a:0a,4897,-16,1883,214.52,82.50,253,403934,436213
f0:91:27:6b:7a:0a,4900,-16,1884,214.54,82.50,252,404186,436465
f0:91:27:6b:7a:0a,4915,-17,1885,215.08,82.51,1247,405433,437712
f0:91:27:6b:7a:0a,4918,-16,1886,215.10,82.51,252,405685,437964
f0:91:27:6b:7a:0a,4919,-16,1887,215.03,82.51,82,405767,438046
f0:91:27:6b:7a:0a,4922,-16,1888,215.05,82.51,242,406009,438288
f0:91:27:6b:7a:0a,4923,-17,1889,214.98,82.50,79,406088,438367
f0:91:27:6b:7a:0a,4924,-16,1890,214.90,82.50,75,406163,438442
f0:91:27:6b:7a:0a,4930,-16,1891,215.04,82.50,481,406644,438923
f0:91:27:6b:7a:0a,4931,-17,1892,214.98,82.50,93,406737,439016
f0:91:27:6b:7a:0a,4932,-16,1893,214.91,82.50,83,406820,439099
f0:91:27:6b:7a:0a,4933,-16,1894,214.84,82.50,79,406899,439178
f0:91:27:6b:7a:0a,4935,-17,1895,214.80,82.50,150,407049,439328
f0:91:27:6b:7a:0a,4936,-16,1896,214.73,82.50,79,407128,439407
f0:91:27:6b:7a:0a,4937,-16,1897,214.66,82.50,80,407208,439487
f0:91:27:6b:7a:0a,4939,-16,1898,214.63,82.50,163,407371,439650
f0:91:27:6b:7a:0a,4941,-17,1899,214.60,82.50,162,407533,439812
f0:91:27:6b:7a:0a,4942,-16,1900,214.53,82.50,76,407609,439888
f0:91:27:6b:7a:0a,4943,-16,1901,214.46,82.50,84,407693,439972
f0:91:27:6b:7a:0a,4944,-17,1902,214.39,82.49,75,407768,440047
f0:91:27:6b:7a:0a,4945,-16,1903,214.32,82.49,81,407849,440128
f0:91:27:6b:7a:0a,4949,-17,1904,214.37,82.49,317,408166,440445
f0:91:27:6b:7a:0a,4953,-17,1905,214.43,82.49,316,408482,440761
f0:91:27:6b:7a:0a,4954,-17,1906,214.36,82.49,84,408566,440845
f0:91:27:6b:7a:0a,4956,-16,1907,214.33,82.49,168,408734,441013
f0:91:27:6b:7a:0a,4957,-16,1908,214.26,82.49,76,408810,441089
f0:91:27:6b:7a:0a,4958,-17,1909,214.19,82.49,85,408895,441174
f0:91:27:6b:7a:0a,4962,-17,1910,214.24,82.48,312,409207,441486
f0:91:27:6b:7a:0a,4963,-16,1911,214.18,82.48,83,409290,441569
f0:91:27:6b:7a:0a,4965,-17,1912,214.14,82.48,151,409441,441720
f0:91:27:6b:7a:0a,4971,-16,1913,214.29,82.48,496,409937,442216
f0:91:27:6b:7a:0a,4972,-17,1914,214.22,82.48,77,410014,442293
f0:91:27:6b:7a:0a,4973,-17,1915,214.15,82.48,75,410089,442368
f0:91:27:6b:7a:0a,4974,-16,1916,214.08,82.48,86,410175,442454
f0:91:27:6b:7a:0a,4976,-17,1917,214.05,82.48,157,410332,442611
f0:91:27:6b:7a:0a,4977,-17,1918,213.98,82.48,77,410409,442688
f0:91:27:6b:7a:0a,4983,-17,1919,214.12,82.47,478,410887,443166
f0:91:27:6b:7a:0a,4987,-16,1920,214.17,82.47,319,411206,443485
f0:91:27:6b:7a:0a,4988,-16,1921,214.10,82.47,77,411283,443562
f0:91:27:6b:7a:0a,4995,-16,1922,214.28,82.47,555,411838,444117
f0:91:27:6b:7a:0a,4996,-16,1923,214.21,82.47,87,411925,444204
f0:91:27:6b:7a:0a,4997,-17,1924,214.14,82.47,79,412004,444283
f0:91:27:6b:7a:0a,4999,-17,1925,214.12,82.47,169,412173,444452
f0:91:27:6b:7a:0a,5000,-17,1926,214.04,82.47,74,412247,444526
f0:91:27:6b:7a:0a,5001,-16,1927,213.98,82.47,88,412335,444614
f0:91:27:6b:7a:0a,5002,-17,1928,213.91,82.47,81,412416,444695
f0:91:27:6b:7a:0a,5004,-16,1929,213.88,82.47,166,412582,444861
f0:91:27:6b:7a:0a,5005,-16,1930,213.82,82.47,89,412671,444950
f0:91:27:6b:7a:0a,5007,-16,1931,213.79,82.47,149,412820,445099
f0:91:27:6b:7a:0a,5009,-16,1932,213.76,82.46,157,412977,445256
f0:91:27:6b:7a:0a,5010,-17,1933,213.69,82.46,84,413061,445340
f0:91:27:6b:7a:0a,5013,-16,1934,213.70,82.46,235,413296,445575
f0:91:27:6b:7a:0a,5019,-16,1935,213.84,82.46,478,413774,446053
f0:91:27:6b:7a:0a,5020,-17,1936,213.77,82.46,76,413850,446129
f0:91:27:6b:7a:0a,5026,-16,1937,213.91,82.45,486,414336,446615
f0:91:27:6b:7a:0a,5031,-17,1938,214.00,82.45,397,414733,447012
f0:91:27:6b:7a:0a,5033,-16,1939,213.97,82.45,154,414887,447166
f0:91:27:6b:7a:0a,5036,-16,1940,213.99,82.45,247,415134,447413
f0:91:27:6b:7a:0a,5038,-16,1941,213.96,82.45,161,415295,447574
f0:91:27:6b:7a:0a,5039,-16,1942,213.88,82.45,69,415364,447643
f0:91:27:6b:7a:0a,5052,-16,1943,214.32,82.44,1053,416417,448696
f0:91:27:6b:7a:0a,5053,-16,1944,214.25,82.44,79,416496,448775
f0:91:27:6b:7a:0a,5056,-16,1945,214.26,82.44,237,416733,449012
f0:91:27:6b:7a:0a,5057,-17,1946,214.19,82.44,76,416809,449088
f0:91:27:6b:7a:0a,5058,-17,1947,214.11,82.44,70,416879,449158
f0:91:27:6b:7a:0a,5066,-16,1948,214.33,82.43,632,417511,449790
f0:91:27:6b:7a:0a,5067,-17,1949,214.26,82.43,77,417588,449867
f0:91:27:6b:7a:0a,5068,-16,1950,214.19,82.43,79,417667,449946
f0:91:27:6b:7a:0a,5069,-16,1951,214.12,82.43,80,417747,450026
f0:91:27:6b:7a:0a,5070,-17,1952,214.05,82.43,78,417825,450104
f0:91:27:6b:7a:0a,5071,-17,1953,213.98,82.43,81,417906,450185
f0:91:27:6b:7a:0a,5072,-17,1954,213.91,82.43,72,417978,450257
f0:91:27:6b:7a:0a,5074,-16,1955,213.88,82.42,162,418140,450419
f0:91:27:6b:7a:0a,5075,-17,1956,213.81,82.42,73,418213,450492
f0:91:27:6b:7a:0a,5076,-16,1957,213.75,82.42,87,418300,450579
f0:91:27:6b:7a:0a,5082,-17,1958,213.87,82.42,463,418763,451042
f0:91:27:6b:7a:0a,5084,-17,1959,213.84,82.42,154,418917,451196
f0:91:27:6b:7a:0a,5085,-16,1960,213.77,82.41,78,418995,451274
f0:91:27:6b:7a:0a,5086,-16,1961,213.70,82.41,78,419073,451352
f0:91:27:6b:7a:0a,5088,-16,1962,213.68,82.41,160,419233,451512
f0:91:27:6b:7a:0a,5101,-17,1963,214.09,82.40,1029,420262,452541
f0:91:27:6b:7a:0a,5105,-16,1964,214.15,82.40,319,420581,452860
f0:91:27:6b:7a:0a,5107,-16,1965,214.12,82.40,169,420750,453029
f0:91:27:6b:7a:0a,5108,-16,1966,214.05,82.40,81,420831,453110
f0:91:27:6b:7a:0a,5109,-16,1967,213.98,82.40,71,420902,453181
f0:91:27:6b:7a:0a,5111,-16,1968,213.95,82.40,157,421059,453338
f0:91:27:6b:7a:0a,5113,-16,1969,213.92,82.40,159,421218,453497
f0:91:27:6b:7a:0a,5116,-17,1970,213.94,82.40,247,421465,453744
f0:91:27:6b:7a:0a,5118,-16,1971,213.91,82.40,158,421623,453902
f0:91:27:6b:7a:0a,5119,-16,1972,213.85,82.40,81,421704,453983
f0:91:27:6b:7a:0a,5120,-16,1973,213.78,82.40,88,421792,454071
f0:91:27:6b:7a:0a,5121,-16,1974,213.71,82.40,78,421870,454149
f0:91:27:6b:7a:0a,5124,-16,1975,213.73,82.40,241,422111,454390
f0:91:27:6b:7a:0a,5130,-16,1976,213.86,82.39,468,422579,454858
f0:91:27:6b:7a:0a,5131,-16,1977,213.79,82.39,81,422660,454939
f0:91:27:6b:7a:0a,5132,-17,1978,213.72,82.39,78,422738,455017
f0:91:27:6b:7a:0a,5133,-16,1979,213.65,82.39,80,422818,455097
f0:91:27:6b:7a:0a,5134,-16,1980,213.58,82.39,77,422895,455174
f0:91:27:6b:7a:0a,5139,-17,1981,213.67,82.38,389,423284,455563
f0:91:27:6b:7a:0a,5141,-16,1982,213.64,82.38,157,423441,455720
f0:91:27:6b:7a:0a,5144,-16,1983,213.65,82.38,236,423677,455956
f0:91:27:6b:7a:0a,5147,-16,1984,213.67,82.38,240,423917,456196
f0:91:27:6b:7a:0a,5148,-16,1985,213.60,82.38,74,423991,456270
f0:91:27:6b:7a:0a,5151,-16,1986,213.61,82.37,239,424230,456509
f0:91:27:6b:7a:0a,5152,-17,1987,213.54,82.37,78,424308,456587
f0:91:27:6b:7a:0a,5153,-16,1988,213.47,82.37,78,424386,456665
f0:91:27:6b:7a:0a,5155,-17,1989,213.44,82.37,155,424541,456820
f0:91:27:6b:7a:0a,5159,-17,1990,213.49,82.37,314,424855,457134
f0:91:27:6b:7a:0a,5162,-17,1991,213.51,82.37,243,425098,457377
f0:91:27:6b:7a:0a,5168,-16,1992,213.64,82.36,471,425569,457848
f0:91:27:6b:7a:0a,5169,-16,1993,213.58,82.36,87,425656,457935
f0:91:27:6b:7a:0a,5170,-16,1994,213.50,82.36,71,425727,458006
f0:91:27:6b:7a:0a,5171,-16,1995,213.44,82.36,82,425809,458088
f0:91:27:6b:7a:0a,5224,-16,1996,215.44,82.33,4214,430023,462302
f0:91:27:6b:7a:0a,5225,-16,1997,215.37,82.33,75,430098,462377
f0:91:27:6b:7a:0a,5228,-16,1998,215.38,82.33,232,430330,462609
f0:91:27:6b:7a:0a,5229,-17,1999,215.31,82.33,80,430410,462689
f0:91:27:6b:7a:0a,5230,-16,2000,215.24,82.33,74,430484,462763
f0:91:27:6b:7a:0a,5231,-16,2001,215.17,82.33,80,430564,462843
f0:91:27:6b:7a:0a,5232,-17,2002,215.11,82.33,85,430649,462928
f0:91:27:6b:7a:0a,5234,-17,2003,215.08,82.33,159,430808,463087
f0:91:27:6b:7a:0a,5235,-16,2004,215.01,82.33,82,430890,463169
f0:91:27:6b:7a:0a,5236,-16,2005,214.95,82.32,75,430965,463244
f0:91:27:6b:7a:0a,5237,-16,2006,214.88,82.32,83,431048,463327
f0:91:27:6b:7a:0a,5240,-16,2007,214.89,82.32,228,431276,463555
f0:91:27:6b:7a:0a,5242,-17,2008,214.86,82.32,160,431436,463715
f0:91:27:6b:7a:0a,5244,-17,2009,214.83,82.32,154,431590,463869
f0:91:27:6b:7a:0a,5245,-16,2010,214.76,82.32,84,431674,463953
f0:91:27:6b:7a:0a,5246,-17,2011,214.70,82.32,78,431752,464031
f0:91:27:6b:7a:0a,5248,-16,2012,214.67,82.32,157,431909,464188
f0:91:27:6b:7a:0a,5255,-17,2013,214.84,82.31,571,432480,464759
f0:91:27:6b:7a:0a,5269,-16,2014,215.28,82.30,1094,433574,465853
f0:91:27:6b:7a:0a,5270,-16,2015,215.21,82.30,76,433650,465929
f0:91:27:6b:7a:0a,5281,-16,2016,215.54,82.30,871,434521,466800
f0:91:27:6b:7a:0a,5296,-17,2017,216.01,82.28,1173,435694,467973
f0:91:27:6b:7a:0a,5301,-16,2018,216.11,82.28,407,436101,468380
f0:91:27:6b:7a:0a,5306,-17,2019,216.19,82.28,394,436495,468774
f0:91:27:6b:7a:0a,5314,-16,2020,216.39,82.27,620,437115,469394
f0:91:27:6b:7a:0a,5320,-16,2021,216.52,82.27,477,437592,469871
f0:91:27:6b:7a:0a,5321,-17,2022,216.45,82.27,78,437670,469949
f0:91:27:6b:7a:0a,5327,-16,2023,216.58,82.27,474,438144,470423
f0:91:27:6b:7a:0a,5328,-16,2024,216.52,82.27,83,438227,470506
f0:91:27:6b:7a:0a,5332,-16,2025,216.57,82.26,327,438554,470833
f0:91:27:6b:7a:0a,5333,-17,2026,216.50,82.26,80,438634,470913
f0:91:27:6b:7a:0a,5334,-16,2027,216.43,82.26,79,438713,470992
f0:91:27:6b:7a:0a,5337,-17,2028,216.45,82.26,253,438966,471245
f0:91:27:6b:7a:0a,5340,-16,2029,216.46,82.26,240,439206,471485
f0:91:27:6b:7a:0a,5342,-16,2030,216.44,82.26,160,439366,471645
f0:91:27:6b:7a:0a,5346,-16,2031,216.49,82.26,318,439684,471963
f0:91:27:6b:7a:0a,5347,-17,2032,216.42,82.26,77,439761,472040
f0:91:27:6b:7a:0a,5354,-17,2033,216.58,82.26,555,440316,472595
f0:91:27:6b:7a:0a,5356,-16,2034,216.56,82.26,167,440483,472762
f0:91:27:6b:7a:0a,5357,-17,2035,216.49,82.26,80,440563,472842
f0:91:27:6b:7a:0a,5358,-17,2036,216.42,82.25,74,440637,472916
f0:91:27:6b:7a:0a,5360,-16,2037,216.39,82.25,159,440796,473075
f0:91:27:6b:7a:0a,5361,-16,2038,216.32,82.25,71,440867,473146
f0:91:27:6b:7a:0a,5362,-17,2039,216.26,82.25,81,440948,473227
f0:91:27:6b:7a:0a,5363,-16,2040,216.19,82.25,84,441032,473311
f0:91:27:6b:7a:0a,5364,-17,2041,216.13,82.25,85,441117,473396
f0:91:27:6b:7a:0a,5368,-17,2042,216.18,82.25,317,441434,473713
f0:91:27:6b:7a:0a,5370,-16,2043,216.15,82.25,160,441594,473873
f0:91:27:6b:7a:0a,5371,-17,2044,216.09,82.25,84,441678,473957
f0:91:27:6b:7a:0a,5373,-16,2045,216.05,82.25,153,441831,474110
f0:91:27:6b:7a:0a,5376,-17,2046,216.06,82.25,236,442067,474346
f0:91:27:6b:7a:0a,5377,-16,2047,216.00,82.24,82,442149,474428
f0:91:27:6b:7a:0a,5378,-16,2048,215.93,82.24,81,442230,474509
f0:91:27:6b:7a:0a,5390,-16,2049,216.29,82.24,955,443185,475464
f0:91:27:6b:7a:0a,5397,-17,2050,216.46,82.24,562,443747,476026
f0:91:27:6b:7a:0a,5398,-17,2051,216.40,82.24,81,443828,476107
f0:91:27:6b:7a:0a,5399,-16,2052,216.33,82.24,81,443909,476188
f0:91:27:6b:7a:0a,5400,-16,2053,216.26,82.24,79,443988,476267
f0:91:27:6b:7a:0a,5401,-16,2054,216.20,82.23,77,444065,476344
f0:91:27:6b:7a:0a,5404,-16,2055,216.21,82.23,242,444307,476586
f0:91:27:6b:7a:0a,5407,-16,2056,216.22,82.23,239,444546,476825
f0:91:27:6b:7a:0a,5408,-17,2057,216.16,82.23,87,444633,476912
f0:91:27:6b:7a:0a,5409,-16,2058,216.09,82.23,78,444711,476990
f0:91:27:6b:7a:0a,5413,-16,2059,216.13,82.23,310,445021,477300
f0:91:27:6b:7a:0a,5414,-16,2060,216.07,82.23,75,445096,477375
f0:91:27:6b:7a:0a,5415,-16,2061,216.00,82.23,73,445169,477448
f0:91:27:6b:7a:0a,5416,-17,2062,215.93,82.22,79,445248,477527
f0:91:27:6b:7a:0a,5423,-17,2063,216.10,82.22,564,445812,478091
f0:91:27:6b:7a:0a,5425,-16,2064,216.07,82.22,166,445978,478257
f0:91:27:6b:7a:0a,5426,-16,2065,216.01,82.22,82,446060,478339
f0:91:27:6b:7a:0a,5428,-17,2066,215.99,82.23,179,446239,478518
f0:91:27:6b:7a:0a,5432,-16,2067,216.06,82.23,354,446593,478872
f0:91:27:6b:7a:0a,5433,-16,2068,216.00,82.23,87,446680,478959
f0:91:27:6b:7a:0a,5438,-17,2069,216.12,82.24,464,447144,479423
f0:91:27:6b:7a:0a,5439,-17,2070,216.06,82.24,99,447243,479522
f0:91:27:6b:7a:0a,5440,-16,2071,216.00,82.25,99,447342,479621
f0:91:27:6b:7a:0a,5441,-17,2072,215.94,82.25,93,447435,479714
f0:91:27:6b:7a:0a,5442,-17,2073,215.89,82.25,95,447530,479809
f0:91:27:6b:7a:0a,5443,-16,2074,215.82,82.25,87,447617,479896
f0:91:27:6b:7a:0a,5444,-17,2075,215.76,82.25,93,447710,479989
f0:91:27:6b:7a:0a,5447,-16,2076,215.80,82.26,283,447993,480272
f0:91:27:6b:7a:0a,5448,-17,2077,215.74,82.26,93,448086,480365
f0:91:27:6b:7a:0a,5449,-17,2078,215.68,82.27,103,448189,480468
f0:91:27:6b:7a:0a,5450,-16,2079,215.62,82.27,93,448282,480561
f0:91:27:6b:7a:0a,5451,-16,2080,215.56,82.27,92,448374,480653
f0:91:27:6b:7a:0a,5453,-16,2081,215.55,82.27,179,448553,480832
f0:91:27:6b:7a:0a,5454,-16,2082,215.49,82.28,93,448646,480925
f0:91:27:6b:7a:0a,5457,-17,2083,215.52,82.28,275,448921,481200
f0:91:27:6b:7a:0a,5458,-17,2084,215.46,82.28,96,449017,481296
f0:91:27:6b:7a:0a,5459,-16,2085,215.40,82.28,92,449109,481388
f0:91:27:6b:7a:0a,5466,-16,2086,215.61,82.30,645,449754,482033
f0:91:27:6b:7a:0a,5473,-16,2087,215.81,82.31,646,450400,482679
f0:91:27:6b:7a:0a,5474,-17,2088,215.75,82.31,94,450494,482773
f0:91:27:6b:7a:0a,5475,-16,2089,215.70,82.31,95,450589,482868
f0:91:27:6b:7a:0a,5476,-16,2090,215.64,82.32,94,450683,482962
f0:91:27:6b:7a:0a,5477,-17,2091,215.58,82.32,92,450775,483054
f0:91:27:6b:7a:0a,5479,-16,2092,215.57,82.32,195,450970,483249
f0:91:27:6b:7a:0a,5480,-16,2093,215.51,82.33,94,451064,483343
f0:91:27:6b:7a:0a,5491,-16,2094,215.90,82.35,1029,452093,484372
f0:91:27:6b:7a:0a,5493,-16,2095,215.88,82.35,186,452279,484558
f0:91:27:6b:7a:0a,5497,-17,2096,215.96,82.36,372,452651,484930
f0:91:27:6b:7a:0a,5498,-16,2097,215.90,82.36,93,452744,485023
f0:91:27:6b:7a:0a,5499,-16,2098,215.84,82.36,96,452840,485119
f0:91:27:6b:7a:0a,5500,-17,2099,215.79,82.37,96,452936,485215
f0:91:27:6b:7a:0a,5501,-17,2100,215.73,82.37,99,453035,485314
f0:91:27:6b:7a:0a,5502,-17,2101,215.67,82.37,97,453132,485411
f0:91:27:6b:7a:0a,5511,-17,2102,215.97,82.39,835,453967,486246
f0:91:27:6b:7a:0a,5512,-16,2103,215.91,82.39,96,454063,486342
f0:91:27:6b:7a:0a,5514,-17,2104,215.90,82.40,182,454245,486524
f0:91:27:6b:7a:0a,5515,-17,2105,215.84,82.40,95,454340,486619
f0:91:27:6b:7a:0a,5516,-16,2106,215.78,82.40,94,454434,486713
f0:91:27:6b:7a:0a,5517,-16,2107,215.72,82.40,95,454529,486808
f0:91:27:6b:7a:0a,5519,-17,2108,215.71,82.41,186,454715,486994
f0:91:27:6b:7a:0a,5520,-16,2109,215.65,82.41,90,454805,487084
f0:91:27:6b:7a:0a,5522,-17,2110,215.64,82.41,188,454993,487272
f0:91:27:6b:7a:0a,5523,-16,2111,215.58,82.41,93,455086,487365
f0:91:27:6b:7a:0a,5524,-16,2112,215.52,82.41,88,455174,487453
f0:91:27:6b:7a:0a,5525,-16,2113,215.46,82.42,101,455275,487554
f0:91:27:6b:7a:0a,5526,-17,2114,215.40,82.42,90,455365,487644
f0:91:27:6b:7a:0a,5528,-17,2115,215.39,82.42,180,455545,487824
f0:91:27:6b:7a:0a,5529,-17,2116,215.33,82.43,101,455646,487925
f0:91:27:6b:7a:0a,5530,-16,2117,215.27,82.43,88,455734,488013
f0:91:27:6b:7a:0a,5531,-16,2118,215.22,82.43,96,455830,488109
f0:91:27:6b:7a:0a,5532,-17,2119,215.16,82.43,94,455924,488203
f0:91:27:6b:7a:0a,5533,-17,2120,215.10,82.43,95,456019,488298
f0:91:27:6b:7a:0a,5536,-17,2121,215.14,82.44,284,456303,488582
f0:91:27:6b:7a:0a,5538,-16,2122,215.13,82.45,195,456498,488777
f0:91:27:6b:7a:0a,5540,-17,2123,215.11,82.45,180,456678,488957
f0:91:27:6b:7a:0a,5548,-16,2124,215.35,82.46,731,457409,489688
f0:91:27:6b:7a:0a,5549,-17,2125,215.29,82.46,75,457484,489763
f0:91:27:6b:7a:0a,5554,-17,2126,215.40,82.47,446,457930,490209
f0:91:27:6b:7a:0a,5556,-17,2127,215.37,82.47,170,458100,490379
f0:91:27:6b:7a:0a,5557,-17,2128,215.32,82.47,99,458199,490478
f0:91:27:6b:7a:0a,5558,-16,2129,215.26,82.47,85,458284,490563
f0:91:27:6b:7a:0a,5560,-17,2130,215.24,82.47,181,458465,490744
f0:91:27:6b:7a:0a,5563,-16,2131,215.26,82.47,251,458716,490995
f0:91:27:6b:7a:0a,5566,-16,2132,215.28,82.47,254,458970,491249
f0:91:27:6b:7a:0a,5568,-17,2133,215.26,82.48,171,459141,491420
f0:91:27:6b:7a:0a,5589,-16,2134,215.98,82.48,1758,460899,493178
f0:91:27:6b:7a:0a,5590,-16,2135,215.92,82.48,89,460988,493267
f0:91:27:6b:7a:0a,5591,-17,2136,215.85,82.48,74,461062,493341
f0:91:27:6b:7a:0a,5592,-16,2137,215.79,82.48,82,461144,493423
f0:91:27:6b:7a:0a,5594,-17,2138,215.77,82.48,163,461307,493586
f0:91:27:6b:7a:0a,5595,-16,2139,215.70,82.48,79,461386,493665
f0:91:27:6b:7a:0a,5596,-17,2140,215.64,82.48,91,461477,493756
f0:91:27:6b:7a:0a,5597,-16,2141,215.58,82.48,85,461562,493841
f0:91:27:6b:7a:0a,5598,-16,2142,215.52,82.48,83,461645,493924
f0:91:27:6b:7a:0a,5599,-17,2143,215.45,82.48,74,461719,493998
f0:91:27:6b:7a:0a,5601,-17,2144,215.44,82.48,181,461900,494179
f0:91:27:6b:7a:0a,5602,-16,2145,215.38,82.48,81,461981,494260
f0:91:27:6b:7a:0a,5607,-16,2146,215.48,82.49,430,462411,494690
f0:91:27:6b:7a:0a,5610,-17,2147,215.49,82.48,240,462651,494930
f0:91:27:6b:7a:0a,5611,-17,2148,215.43,82.49,93,462744,495023
f0:91:27:6b:7a:0a,5616,-17,2149,215.53,82.49,421,463165,495444
f0:91:27:6b:7a:0a,5617,-16,2150,215.46,82.49,84,463249,495528
f0:91:27:6b:7a:0a,5621,-17,2151,215.52,82.49,328,463577,495856
f0:91:27:6b:7a:0a,5624,-16,2152,215.53,82.49,239,463816,496095
f0:91:27:6b:7a:0a,5629,-16,2153,215.62,82.49,413,464229,496508
f0:91:27:6b:7a:0a,5630,-17,2154,215.55,82.48,76,464305,496584
f0:91:27:6b:7a:0a,5631,-16,2155,215.49,82.49,86,464391,496670
f0:91:27:6b:7a:0a,5632,-16,2156,215.44,82.49,88,464479,496758
f0:91:27:6b:7a:0a,5633,-17,2157,215.37,82.49,78,464557,496836
f0:91:27:6b:7a:0a,5637,-16,2158,215.44,82.49,352,464909,497188
f0:91:27:6b:7a:0a,5643,-17,2159,215.55,82.48,464,465373,497652
f0:91:27:6b:7a:0a,5644,-16,2160,215.49,82.48,84,465457,497736
f0:91:27:6b:7a:0a,5646,-17,2161,215.46,82.48,152,465609,497888
f0:91:27:6b:7a:0a,5651,-17,2162,215.55,82.48,408,466017,498296
f0:91:27:6b:7a:0a,5653,-16,2163,215.52,82.48,160,466177,498456
f0:91:27:6b:7a:0a,5657,-16,2164,215.58,82.48,333,466510,498789
f0:91:27:6b:7a:0a,5659,-16,2165,215.55,82.48,162,466672,498951
f0:91:27:6b:7a:0a,5660,-17,2166,215.49,82.48,79,466751,499030
f0:91:27:6b:7a:0a,5662,-17,2167,215.47,82.48,172,466923,499202
f0:91:27:6b:7a:0a,5668,-16,2168,215.60,82.48,493,467416,499695
f0:91:27:6b:7a:0a,5669,-16,2169,215.54,82.48,81,467497,499776
f0:91:27:6b:7a:0a,5671,-16,2170,215.51,82.48,164,467661,499940
f0:91:27:6b:7a:0a,5680,-16,2171,215.76,82.48,748,468409,500688
f0:91:27:6b:7a:0a,5681,-16,2172,215.69,82.48,76,468485,500764
f0:91:27:6b:7a:0a,5682,-16,2173,215.63,82.48,84,468569,500848
f0:91:27:6b:7a:0a,5683,-17,2174,215.57,82.48,80,468649,500928
f0:91:27:6b:7a:0a,5684,-16,2175,215.51,82.48,80,468729,501008
f0:91:27:6b:7a:0a,5686,-17,2176,215.48,82.48,155,468884,501163
f0:91:27:6b:7a:0a,5687,-16,2177,215.42,82.48,86,468970,501249
f0:91:27:6b:7a:0a,5688,-16,2178,215.36,82.48,80,469050,501329
f0:91:27:6b:7a:0a,5689,-17,2179,215.30,82.48,85,469135,501414
f0:91:27:6b:7a:0a,5704,-16,2180,215.74,82.47,1168,470303,502582
f0:91:27:6b:7a:0a,5705,-17,2181,215.68,82.47,86,470389,502668
f0:91:27:6b:7a:0a,5706,-17,2182,215.61,82.47,80,470469,502748
f0:91:27:6b:7a:0a,5707,-16,2183,215.55,82.47,78,470547,502826
f0:91:27:6b:7a:0a,5708,-16,2184,215.49,82.47,83,470630,502909
f0:91:27:6b:7a:0a,5709,-16,2185,215.43,82.46,78,470708,502987
f0:91:27:6b:7a:0a,5710,-17,2186,215.37,82.46,82,470790,503069
f0:91:27:6b:7a:0a,5717,-17,2187,215.52,82.46,555,471345,503624
f0:91:27:6b:7a:0a,5718,-17,2188,215.46,82.46,85,471430,503709
f0:91:27:6b:7a:0a,5719,-16,2189,215.40,82.46,77,471507,503786
f0:91:27:6b:7a:0a,5722,-17,2190,215.41,82.46,231,471738,504017
f0:91:27:6b:7a:0a,5723,-17,2191,215.34,82.46,79,471817,504096
f0:91:27:6b:7a:0a,5724,-16,2192,215.28,82.46,79,471896,504175
f0:91:27:6b:7a:0a,5725,-16,2193,215.22,82.45,74,471970,504249
f0:91:27:6b:7a:0a,5726,-16,2194,215.15,82.45,78,472048,504327
f0:91:27:6b:7a:0a,5727,-16,2195,215.09,82.45,76,472124,504403
f0:91:27:6b:7a:0a,5731,-16,2196,215.14,82.45,321,472445,504724
f0:91:27:6b:7a:0a,5733,-16,2197,215.11,82.45,157,472602,504881
f0:91:27:6b:7a:0a,5734,-16,2198,215.05,82.45,74,472676,504955
f0:91:27:6b:7a:0a,5735,-17,2199,214.99,82.45,77,472753,505032
f0:91:27:6b:7a:0a,5742,-16,2200,215.14,82.44,557,473310,505589
f0:91:27:6b:7a:0a,5745,-17,2201,215.15,82.44,232,473542,505821
f0:91:27:6b:7a:0a,5747,-16,2202,215.12,82.44,162,473704,505983
f0:91:27:6b:7a:0a,5748,-16,2203,215.06,82.44,75,473779,506058
f0:91:27:6b:7a:0a,5749,-17,2204,215.00,82.44,83,473862,506141
f0:91:27:6b:7a:0a,5752,-17,2205,215.01,82.44,239,474101,506380
f0:91:27:6b:7a:0a,5753,-16,2206,214.95,82.44,73,474174,506453
f0:91:27:6b:7a:0a,5754,-16,2207,214.89,82.44,83,474257,506536
f0:91:27:6b:7a:0a,5758,-16,2208,214.94,82.44,326,474583,506862
f0:91:27:6b:7a:0a,5765,-17,2209,215.10,82.43,565,475148,507427
f0:91:27:6b:7a:0a,5772,-17,2210,215.25,82.43,562,475710,507989
f0:91:27:6b:7a:0a,5774,-16,2211,215.22,82.43,150,475860,508139
f0:91:27:6b:7a:0a,5775,-16,2212,215.16,82.43,79,475939,508218
f0:91:27:6b:7a:0a,5776,-16,2213,215.10,82.43,77,476016,508295
f0:91:27:6b:7a:0a,5777,-17,2214,215.04,82.43,76,476092,508371
f0:91:27:6b:7a:0a,5778,-17,2215,214.98,82.43,81,476173,508452
f0:91:27:6b:7a:0a,5779,-16,2216,214.91,82.42,78,476251,508530
f0:91:27:6b:7a:0a,5781,-16,2217,214.89,82.42,155,476406,508685
f0:91:27:6b:7a:0a,5784,-16,2218,214.90,82.42,245,476651,508930
f0:91:27:6b:7a:0a,5786,-16,2219,214.87,82.42,151,476802,509081
f0:91:27:6b:7a:0a,5787,-16,2220,214.81,82.42,78,476880,509159
f0:91:27:6b:7a:0a,5788,-16,2221,214.75,82.42,78,476958,509237
f0:91:27:6b:7a:0a,5789,-17,2222,214.69,82.42,81,477039,509318
f0:91:27:6b:7a:0a,5790,-16,2223,214.63,82.42,76,477115,509394
f0:91:27:6b:7a:0a,5791,-16,2224,214.57,82.42,84,477199,509478
f0:91:27:6b:7a:0a,5792,-17,2225,214.51,82.42,84,477283,509562
f0:91:27:6b:7a:0a,5793,-16,2226,214.45,82.42,82,477365,509644
f0:91:27:6b:7a:0a,5795,-16,2227,214.42,82.42,150,477515,509794
f0:91:27:6b:7a:0a,5796,-17,2228,214.36,82.41,78,477593,509872
f0:91:27:6b:7a:0a,5797,-16,2229,214.30,82.42,86,477679,509958
f0:91:27:6b:7a:0a,5798,-16,2230,214.24,82.41,79,477758,510037
f0:91:27:6b:7a:0a,5799,-17,2231,214.18,82.41,79,477837,510116
f0:91:27:6b:7a:0a,5801,-16,2232,214.16,82.42,176,478013,510292
f0:91:27:6b:7a:0a,5807,-17,2233,214.28,82.41,471,478484,510763
f0:91:27:6b:7a:0a,5813,-16,2234,214.40,82.41,480,478964,511243
f0:91:27:6b:7a:0a,5814,-17,2235,214.34,82.41,88,479052,511331
f0:91:27:6b:7a:0a,5815,-16,2236,214.28,82.41,79,479131,511410
f0:91:27:6b:7a:0a,5819,-16,2237,214.33,82.41,317,479448,511727
f0:91:27:6b:7a:0a,5820,-17,2238,214.27,82.41,82,479530,511809
f0:91:27:6b:7a:0a,5821,-17,2239,214.20,82.41,72,479602,511881
f0:91:27:6b:7a:0a,5823,-16,2240,214.18,82.41,164,479766,512045
f0:91:27:6b:7a:0a,5831,-17,2241,214.37,82.40,628,480394,512673
f0:91:27:6b:7a:0a,5837,-17,2242,214.48,82.40,465,480859,513138
f0:91:27:6b:7a:0a,5842,-16,2243,214.56,82.39,395,481254,513533
f0:91:27:6b:7a:0a,5843,-16,2244,214.50,82.39,77,481331,513610
f0:91:27:6b:7a:0a,5845,-16,2245,214.48,82.39,166,481497,513776
f0:91:27:6b:7a:0a,5847,-17,2246,214.45,82.39,168,481665,513944
f0:91:27:6b:7a:0a,5849,-16,2247,214.43,82.39,157,481822,514101
f0:91:27:6b:7a:0a,5850,-16,2248,214.37,82.39,76,481898,514177
f0:91:27:6b:7a:0a,5851,-17,2249,214.31,82.39,79,481977,514256
f0:91:27:6b:7a:0a,5853,-17,2250,214.28,82.39,161,482138,514417
f0:91:27:6b:7a:0a,5854,-16,2251,214.23,82.39,90,482228,514507
f0:91:27:6b:7a:0a,5855,-16,2252,214.17,82.39,79,482307,514586
f0:91:27:6b:7a:0a,5858,-16,2253,214.18,82.39,234,482541,514820
f0:91:27:6b:7a:0a,5861,-16,2254,214.19,82.39,244,482785,515064
f0:91:27:6b:7a:0a,5862,-16,2255,214.13,82.39,78,482863,515142
f0:91:27:6b:7a:0a,5863,-17,2256,214.07,82.38,77,482940,515219
f0:91:27:6b:7a:0a,5867,-17,2257,214.11,82.38,313,483253,515532
f0:91:27:6b:7a:0a,5870,-16,2258,214.12,82.38,228,483481,515760
f0:91:27:6b:7a:0a,5871,-17,2259,214.06,82.38,82,483563,515842
f0:91:27:6b:7a:0a,5872,-16,2260,214.00,82.38,85,483648,515927
f0:91:27:6b:7a:0a,5873,-16,2261,213.95,82.38,84,483732,516011
f0:91:27:6b:7a:0a,5874,-17,2262,213.89,82.38,78,483810,516089
f0:91:27:6b:7a:0a,5875,-16,2263,213.83,82.38,80,483890,516169
f0:91:27:6b:7a:0a,5878,-16,2264,213.84,82.38,245,484135,516414
f0:91:27:6b:7a:0a,5879,-17,2265,213.78,82.38,85,484220,516499
f0:91:27:6b:7a:0a,5880,-16,2266,213.73,82.38,83,484303,516582
f0:91:27:6b:7a:0a,5881,-16,2267,213.66,82.38,74,484377,516656
f0:91:27:6b:7a:0a,5882,-17,2268,213.61,82.38,85,484462,516741
f0:91:27:6b:7a:0a,5883,-16,2269,213.55,82.38,77,484539,516818
f0:91:27:6b:7a:0a,5884,-16,2270,213.49,82.38,76,484615,516894
f0:91:27:6b:7a:0a,5885,-17,2271,213.43,82.38,82,484697,516976
f0:91:27:6b:7a:0a,5893,-16,2272,213.61,82.37,634,485331,517610
f0:91:27:6b:7a:0a,5896,-16,2273,213.63,82.37,249,485580,517859
f0:91:27:6b:7a:0a,5897,-17,2274,213.57,82.37,77,485657,517936
f0:91:27:6b:7a:0a,5898,-16,2275,213.51,82.37,78,485735,518014
f0:91:27:6b:7a:0a,5904,-16,2276,213.62,82.37,472,486207,518486
f0:91:27:6b:7a:0a,5905,-16,2277,213.56,82.37,80,486287,518566
f0:91:27:6b:7a:0a,5907,-17,2278,213.54,82.36,155,486442,518721
f0:91:27:6b:7a:0a,5915,-17,2279,213.72,82.36,621,487063,519342
f0:91:27:6b:7a:0a,5916,-16,2280,213.66,82.36,78,487141,519420
f0:91:27:6b:7a:0a,5918,-17,2281,213.63,82.36,156,487297,519576
f0:91:27:6b:7a:0a,5921,-17,2282,213.65,82.35,244,487541,519820
f0:91:27:6b:7a:0a,5923,-17,2283,213.62,82.35,158,487699,519978
f0:91:27:6b:7a:0a,5925,-16,2284,213.60,82.35,168,487867,520146
f0:91:27:6b:7a:0a,5926,-17,2285,213.54,82.35,78,487945,520224
f0:91:27:6b:7a:0a,5929,-17,2286,213.55,82.35,240,488185,520464
f0:91:27:6b:7a:0a,5930,-16,2287,213.50,82.35,79,488264,520543
f0:91:27:6b:7a:0a,5932,-17,2288,213.48,82.35,174,488438,520717
f0:91:27:6b:7a:0a,5933,-16,2289,213.42,82.35,88,488526,520805
f0:91:27:6b:7a:0a,5934,-17,2290,213.36,82.35,76,488602,520881
f0:91:27:6b:7a:0a,5935,-16,2291,213.31,82.35,80,488682,520961
f0:91:27:6b:7a:0a,5937,-17,2292,213.28,82.35,156,488838,521117
f0:91:27:6b:7a:0a,5938,-16,2293,213.23,82.35,88,488926,521205
f0:91:27:6b:7a:0a,5940,-17,2294,213.20,82.35,160,489086,521365
f0:91:27:6b:7a:0a,5941,-16,2295,213.14,82.35,78,489164,521443
f0:91:27:6b:7a:0a,5952,-17,2296,213.43,82.35,881,490045,522324
f0:91:27:6b:7a:0a,5953,-16,2297,213.38,82.35,82,490127,522406
f0:91:27:6b:7a:0a,5954,-17,2298,213.32,82.35,88,490215,522494
f0:91:27:6b:7a:0a,5956,-16,2299,213.30,82.35,156,490371,522650
f0:91:27:6b:7a:0a,5957,-17,2300,213.24,82.35,85,490456,522735
f0:91:27:6b:7a:0a,5959,-17,2301,213.22,82.35,164,490620,522899
f0:91:27:6b:7a:0a,5960,-16,2302,213.16,82.35,82,490702,522981
f0:91:27:6b:7a:0a,5966,-17,2303,213.28,82.35,487,491189,523468
f0:91:27:6b:7a:0a,5967,-16,2304,213.22,82.34,79,491268,523547
f0:91:27:6b:7a:0a,5968,-16,2305,213.16,82.34,76,491344,523623
f0:91:27:6b:7a:0a,5970,-16,2306,213.14,82.34,160,491504,523783
f0:91:27:6b:7a:0a,5972,-17,2307,213.12,82.34,165,491669,523948
f0:91:27:6b:7a:0a,5973,-16,2308,213.06,82.34,80,491749,524028
f0:91:27:6b:7a:0a,5980,-17,2309,213.21,82.34,543,492292,524571
f0:91:27:6b:7a:0a,5981,-16,2310,213.15,82.34,81,492373,524652
f0:91:27:6b:7a:0a,5982,-16,2311,213.09,82.33,71,492444,524723
f0:91:27:6b:7a:0a,5984,-17,2312,213.06,82.33,160,492604,524883
f0:91:27:6b:7a:0a,5989,-17,2313,213.15,82.33,405,493009,525288
f0:91:27:6b:7a:0a,5990,-16,2314,213.09,82.33,79,493088,525367
f0:91:27:6b:7a:0a,5996,-17,2315,213.20,82.33,468,493556,525835
f0:91:27:6b:7a:0a,5998,-16,2316,213.18,82.33,164,493720,525999
f0:91:27:6b:7a:0a,5999,-16,2317,213.12,82.33,84,493804,526083
f0:91:27:6b:7a:0a,6000,-16,2318,213.06,82.33,75,493879,526158
f0:91:27:6b:7a:0a,6001,-17,2319,213.01,82.33,85,493964,526243
f0:91:27:6b:7a:0a,6002,-17,2320,212.95,82.33,78,494042,526321
f0:91:27:6b:7a:0a,6007,-16,2321,213.03,82.32,390,494432,526711
f0:91:27:6b:7a:0a,6009,-17,2322,213.01,82.32,167,494599,526878
f0:91:27:6b:7a:0a,6011,-16,2323,212.98,82.32,160,494759,527038
f0:91:27:6b:7a:0a,6012,-17,2324,212.93,82.32,83,494842,527121
f0:91:27:6b:7a:0a,6013,-16,2325,212.87,82.32,76,494918,527197
f0:91:27:6b:7a:0a,6014,-17,2326,212.81,82.32,87,495005,527284
f0:91:27:6b:7a:0a,6016,-16,2327,212.79,82.32,154,495159,527438
f0:91:27:6b:7a:0a,6021,-17,2328,212.87,82.32,391,495550,527829
f0:91:27:6b:7a:0a,6022,-17,2329,212.81,82.32,83,495633,527912
f0:91:27:6b:7a:0a,6024,-16,2330,212.79,82.32,164,495797,528076
f0:91:27:6b:7a:0a,6025,-17,2331,212.73,82.32,76,495873,528152
f0:91:27:6b:7a:0a,6026,-16,2332,212.68,82.32,88,495961,528240
f0:91:27:6b:7a:0a,6030,-16,2333,212.72,82.32,317,496278,528557
f0:91:27:6b:7a:0a,6031,-16,2334,212.66,82.31,75,496353,528632
f0:91:27:6b:7a:0a,6035,-16,2335,212.70,82.31,312,496665,528944
f0:91:27:6b:7a:0a,6040,-17,2336,212.78,82.31,399,497064,529343
f0:91:27:6b:7a:0a,6041,-16,2337,212.73,82.31,78,497142,529421
f0:91:27:6b:7a:0a,6042,-16,2338,212.67,82.31,81,497223,529502
f0:91:27:6b:7a:0a,6044,-17,2339,212.64,82.31,153,497376,529655
f0:91:27:6b:7a:0a,6045,-16,2340,212.59,82.31,81,497457,529736
f0:91:27:6b:7a:0a,6046,-17,2341,212.53,82.30,76,497533,529812
f0:91:27:6b:7a:0a,6047,-17,2342,212.47,82.30,81,497614,529893
f0:91:27:6b:7a:0a,6049,-16,2343,212.45,82.30,153,497767,530046
f0:91:27:6b:7a:0a,6051,-17,2344,212.43,82.30,164,497931,530210
f0:91:27:6b:7a:0a,6055,-17,2345,212.47,82.30,313,498244,530523
f0:91:27:6b:7a:0a,6058,-16,2346,212.49,82.30,246,498490,530769
f0:91:27:6b:7a:0a,6059,-17,2347,212.43,82.30,83,498573,530852
f0:91:27:6b:7a:0a,6060,-16,2348,212.37,82.30,80,498653,530932
f0:91:27:6b:7a:0a,6061,-17,2349,212.32,82.30,75,498728,531007
f0:91:27:6b:7a:0a,6062,-16,2350,212.26,82.30,85,498813,531092
f0:91:27:6b:7a:0a,6063,-16,2351,212.20,82.30,75,498888,531167
f0:91:27:6b:7a:0a,6064,-17,2352,212.14,82.30,77,498965,531244
f0:91:27:6b:7a:0a,6071,-16,2353,212.30,82.30,573,499538,531817
f0:91:27:6b:7a:0a,6072,-17,2354,212.24,82.30,81,499619,531898
f0:91:27:6b:7a:0a,6073,-17,2355,212.18,82.29,72,499691,531970
f0:91:27:6b:7a:0a,6074,-16,2356,212.13,82.29,76,499767,532046
f0:91:27:6b:7a:0a,6075,-16,2357,212.07,82.29,79,499846,532125
f0:91:27:6b:7a:0a,6077,-17,2358,212.05,82.29,158,500004,532283
f0:91:27:6b:7a:0a,6080,-16,2359,212.06,82.29,238,500242,532521
f0:91:27:6b:7a:0a,6081,-17,2360,212.00,82.29,77,500319,532598
f0:91:27:6b:7a:0a,6083,-16,2361,211.98,82.29,154,500473,532752
f0:91:27:6b:7a:0a,6084,-16,2362,211.92,82.29,76,500549,532828
f0:91:27:6b:7a:0a,6085,-16,2363,211.87,82.29,90,500639,532918
f0:91:27:6b:7a:0a,6086,-16,2364,211.81,82.29,78,500717,532996
f0:91:27:6b:7a:0a,6088,-17,2365,211.79,82.29,156,500873,533152
f0:91:27:6b:7a:0a,6089,-16,2366,211.73,82.29,79,500952,533231
f0:91:27:6b:7a:0a,6091,-16,2367,211.71,82.28,155,501107,533386
f0:91:27:6b:7a:0a,6092,-17,2368,211.65,82.28,75,501182,533461
f0:91:27:6b:7a:0a,6095,-16,2369,211.66,82.28,238,501420,533699
f0:91:27:6b:7a:0a,6097,-17,2370,211.64,82.28,155,501575,533854
f0:91:27:6b:7a:0a,6098,-17,2371,211.58,82.28,74,501649,533928
f0:91:27:6b:7a:0a,6101,-16,2372,211.60,82.28,258,501907,534186
f0:91:27:6b:7a:0a,6102,-17,2373,211.54,82.28,73,501980,534259
f0:91:27:6b:7a:0a,6103,-17,2374,211.48,82.28,77,502057,534336
f0:91:27:6b:7a:0a,6110,-17,2375,211.63,82.27,557,502614,534893
f0:91:27:6b:7a:0a,6113,-17,2376,211.64,82.27,239,502853,535132
f0:91:27:6b:7a:0a,6114,-16,2377,211.58,82.27,81,502934,535213
f0:91:27:6b:7a:0a,6115,-16,2378,211.52,82.27,72,503006,535285
f0:91:27:6b:7a:0a,6116,-16,2379,211.47,82.27,75,503081,535360
f0:91:27:6b:7a:0a,6117,-17,2380,211.41,82.27,80,503161,535440
f0:91:27:6b:7a:0a,6118,-16,2381,211.35,82.27,75,503236,535515
f0:91:27:6b:7a:0a,6120,-17,2382,211.33,82.27,155,503391,535670
f0:91:27:6b:7a:0a,6121,-16,2383,211.28,82.27,78,503469,535748
f0:91:27:6b:7a:0a,6122,-17,2384,211.22,82.27,78,503547,535826
f0:91:27:6b:7a:0a,6123,-16,2385,211.16,82.27,81,503628,535907
f0:91:27:6b:7a:0a,6129,-16,2386,211.27,82.26,471,504099,536378
f0:91:27:6b:7a:0a,6133,-17,2387,211.33,82.26,334,504433,536712
f0:91:27:6b:7a:0a,6134,-16,2388,211.27,82.26,80,504513,536792
f0:91:27:6b:7a:0a,6136,-16,2389,211.26,82.26,176,504689,536968
f0:91:27:6b:7a:0a,6137,-16,2390,211.20,82.26,83,504772,537051
f0:91:27:6b:7a:0a,6138,-17,2391,211.15,82.26,81,504853,537132
f0:91:27:6b:7a:0a,6139,-16,2392,211.09,82.26,79,504932,537211
f0:91:27:6b:7a:0a,6140,-16,2393,211.05,82.27,102,505034,537313
f0:91:27:6b:7a:0a,6149,-16,2394,211.30,82.28,821,505855,538134
f0:91:27:6b:7a:0a,6152,-17,2395,211.33,82.28,274,506129,538408
f0:91:27:6b:7a:0a,6155,-16,2396,211.36,82.29,282,506411,538690
f0:91:27:6b:7a:0a,6156,-17,2397,211.31,82.29,96,506507,538786
f0:91:27:6b:7a:0a,6158,-16,2398,211.30,82.30,187,506694,538973
f0:91:27:6b:7a:0a,6163,-16,2399,211.40,82.30,462,507156,539435
f0:91:27:6b:7a:0a,6164,-16,2400,211.35,82.30,85,507241,539520
f0:91:27:6b:7a:0a,6165,-17,2401,211.30,82.31,92,507333,539612
f0:91:27:6b:7a:0a,6166,-16,2402,211.25,82.31,99,507432,539711
f0:91:27:6b:7a:0a,6169,-17,2403,211.28,82.31,280,507712,539991
f0:91:27:6b:7a:0a,6170,-17,2404,211.23,82.32,95,507807,540086
f0:91:27:6b:7a:0a,6172,-17,2405,211.23,82.32,193,508000,540279
f0:91:27:6b:7a:0a,6173,-16,2406,211.18,82.32,92,508092,540371
f0:91:27:6b:7a:0a,6175,-16,2407,211.17,82.33,186,508278,540557
f0:91:27:6b:7a:0a,6176,-17,2408,211.12,82.33,96,508374,540653
f0:91:27:6b:7a:0a,6178,-16,2409,211.11,82.33,190,508564,540843
f0:91:27:6b:7a:0a,6180,-16,2410,211.10,82.34,184,508748,541027
f0:91:27:6b:7a:0a,6182,-17,2411,211.09,82.34,188,508936,541215
f0:91:27:6b:7a:0a,6183,-17,2412,211.04,82.34,93,509029,541308
f0:91:27:6b:7a:0a,6185,-16,2413,211.03,82.35,194,509223,541502
f0:91:27:6b:7a:0a,6186,-16,2414,210.98,82.35,87,509310,541589
f0:91:27:6b:7a:0a,6190,-16,2415,211.05,82.35,371,509681,541960
f0:91:27:6b:7a:0a,6191,-17,2416,211.00,82.35,92,509773,542052
f0:91:27:6b:7a:0a,6201,-16,2417,211.30,82.37,946,510719,542998
f0:91:27:6b:7a:0a,6203,-16,2418,211.29,82.38,184,510903,543182
f0:91:27:6b:7a:0a,6207,-17,2419,211.36,82.38,373,511276,543555
f0:91:27:6b:7a:0a,6209,-16,2420,211.35,82.39,192,511468,543747
f0:91:27:6b:7a:0a,6212,-16,2421,211.38,82.39,273,511741,544020
f0:91:27:6b:7a:0a,6214,-16,2422,211.37,82.40,190,511931,544210
f0:91:27:6b:7a:0a,6215,-17,2423,211.32,82.40,96,512027,544306
f0:91:27:6b:7a:0a,6217,-17,2424,211.31,82.40,185,512212,544491
f0:91:27:6b:7a:0a,6218,-16,2425,211.26,82.40,90,512302,544581
f0:91:27:6b:7a:0a,6219,-17,2426,211.21,82.41,95,512397,544676
f0:91:27:6b:7a:0a,6228,-16,2427,211.47,82.42,849,513246,545525
f0:91:27:6b:7a:0a,6231,-17,2428,211.49,82.42,260,513506,545785
f0:91:27:6b:7a:0a,6233,-16,2429,211.48,82.43,186,513692,545971
f0:91:27:6b:7a:0a,6240,-17,2430,211.66,82.44,649,514341,546620
f0:91:27:6b:7a:0a,6241,-16,2431,211.61,82.44,86,514427,546706
f0:91:27:6b:7a:0a,6243,-16,2432,211.60,82.44,190,514617,546896
f0:91:27:6b:7a:0a,6244,-16,2433,211.56,82.45,97,514714,546993
f0:91:27:6b:7a:0a,6245,-17,2434,211.50,82.45,89,514803,547082
f0:91:27:6b:7a:0a,6248,-17,2435,211.54,82.45,285,515088,547367
f0:91:27:6b:7a:0a,6249,-16,2436,211.49,82.46,92,515180,547459
f0:91:27:6b:7a:0a,6250,-17,2437,211.44,82.46,91,515271,547550
f0:91:27:6b:7a:0a,6259,-16,2438,211.69,82.47,824,516095,548374
f0:91:27:6b:7a:0a,6260,-17,2439,211.64,82.47,93,516188,548467
f0:91:27:6b:7a:0a,6261,-16,2440,211.59,82.47,98,516286,548565
f0:91:27:6b:7a:0a,6262,-16,2441,211.54,82.47,87,516373,548652
f0:91:27:6b:7a:0a,6263,-17,2442,211.49,82.48,96,516469,548748
f0:91:27:6b:7a:0a,6265,-17,2443,211.47,82.48,164,516633,548912
f0:91:27:6b:7a:0a,6267,-16,2444,211.46,82.48,175,516808,549087
f0:91:27:6b:7a:0a,6269,-17,2445,211.45,82.48,177,516985,549264
f0:91:27:6b:7a:0a,6270,-16,2446,211.39,82.48,82,517067,549346
f0:91:27:6b:7a:0a,6276,-17,2447,211.52,82.48,517,517584,549863
f0:91:27:6b:7a:0a,6277,-16,2448,211.47,82.48,83,517667,549946
f0:91:27:6b:7a:0a,6281,-16,2449,211.52,82.49,342,518009,550288
f0:91:27:6b:7a:0a,6282,-16,2450,211.47,82.49,89,518098,550377
f0:91:27:6b:7a:0a,6283,-16,2451,211.42,82.49,84,518182,550461
f0:91:27:6b:7a:0a,6287,-17,2452,211.47,82.49,335,518517,550796
f0:91:27:6b:7a:0a,6289,-17,2453,211.45,82.49,173,518690,550969
f0:91:27:6b:7a:0a,6291,-16,2454,211.43,82.49,169,518859,551138
f0:91:27:6b:7a:0a,6301,-17,2455,211.69,82.49,836,519695,551974
f0:91:27:6b:7a:0a,6302,-16,2456,211.64,82.49,83,519778,552057
f0:91:27:6b:7a:0a,6305,-16,2457,211.65,82.49,240,520018,552297
f0:91:27:6b:7a:0a,6306,-16,2458,211.60,82.49,84,520102,552381
f0:91:27:6b:7a:0a,6307,-16,2459,211.55,82.49,90,520192,552471
f0:91:27:6b:7a:0a,6310,-16,2460,211.56,82.49,250,520442,552721
f0:91:27:6b:7a:0a,6311,-16,2461,211.51,82.49,86,520528,552807
f0:91:27:6b:7a:0a,6312,-17,2462,211.46,82.49,88,520616,552895
f0:91:27:6b:7a:0a,6313,-16,2463,211.41,82.49,88,520704,552983
f0:91:27:6b:7a:0a,6314,-16,2464,211.36,82.49,78,520782,553061
f0:91:27:6b:7a:0a,6315,-16,2465,211.31,82.50,93,520875,553154
f0:91:27:6b:7a:0a,6316,-16,2466,211.26,82.49,80,520955,553234
f0:91:27:6b:7a:0a,6317,-16,2467,211.20,82.49,82,521037,553316
f0:91:27:6b:7a:0a,6319,-16,2468,211.19,82.50,172,521209,553488
f0:91:27:6b:7a:0a,6321,-16,2469,211.17,82.50,168,521377,553656
f0:91:27:6b:7a:0a,6322,-17,2470,211.12,82.50,83,521460,553739
f0:91:27:6b:7a:0a,6324,-16,2471,211.10,82.50,171,521631,553910
f0:91:27:6b:7a:0a,6325,-16,2472,211.05,82.50,86,521717,553996
f0:91:27:6b:7a:0a,6326,-16,2473,211.00,82.50,81,521798,554077
f0:91:27:6b:7a:0a,6327,-16,2474,210.95,82.50,86,521884,554163
f0:91:27:6b:7a:0a,6330,-16,2475,210.97,82.50,258,522142,554421
f0:91:27:6b:7a:0a,6333,-16,2476,210.98,82.50,239,522381,554660
f0:91:27:6b:7a:0a,6334,-16,2477,210.93,82.50,88,522469,554748
f0:91:27:6b:7a:0a,6335,-17,2478,210.88,82.50,81,522550,554829
f0:91:27:6b:7a:0a,6336,-17,2479,210.82,82.50,82,522632,554911
f0:91:27:6b:7a:0a,6337,-16,2480,210.77,82.50,82,522714,554993
f0:91:27:6b:7a:0a,6339,-16,2481,210.76,82.50,173,522887,555166
f0:91:27:6b:7a:0a,6344,-17,2482,210.83,82.50,404,523291,555570
f0:91:27:6b:7a:0a,6348,-16,2483,210.88,82.50,327,523618,555897
f0:91:27:6b:7a:0a,6349,-17,2484,210.83,82.50,81,523699,555978
f0:91:27:6b:7a:0a,6364,-17,2485,211.23,82.49,1203,524902,557181
f0:91:27:6b:7a:0a,6368,-16,2486,211.27,82.49,322,525224,557503
f0:91:27:6b:7a:0a,6370,-16,2487,211.25,82.49,161,525385,557664
f0:91:27:6b:7a:0a,6371,-16,2488,211.20,82.49,77,525462,557741
f0:91:27:6b:7a:0a,6372,-16,2489,211.15,82.49,85,525547,557826
f0:91:27:6b:7a:0a,6373,-16,2490,211.10,82.49,86,525633,557912
f0:91:27:6b:7a:0a,6377,-16,2491,211.15,82.49,330,525963,558242
f0:91:27:6b:7a:0a,6378,-16,2492,211.09,82.49,78,526041,558320
f0:91:27:6b:7a:0a,6379,-17,2493,211.04,82.49,83,526124,558403
f0:91:27:6b:7a:0a,6384,-16,2494,211.11,82.49,394,526518,558797
f0:91:27:6b:7a:0a,6388,-16,2495,211.16,82.49,327,526845,559124
f0:91:27:6b:7a:0a,6389,-16,2496,211.11,82.49,77,526922,559201
f0:91:27:6b:7a:0a,6390,-16,2497,211.05,82.49,77,526999,559278
f0:91:27:6b:7a:0a,6391,-16,2498,211.00,82.49,82,527081,559360
f0:91:27:6b:7a:0a,6392,-17,2499,210.95,82.48,79,527160,559439
f0:91:27:6b:7a:0a,6393,-16,2500,210.90,82.48,79,527239,559518
f0:91:27:6b:7a:0a,6394,-16,2501,210.84,82.48,79,527318,559597
f0:91:27:6b:7a:0a,6395,-16,2502,210.79,82.48,80,527398,559677
f0:91:27:6b:7a:0a,6408,-16,2503,211.12,82.48,1032,528430,560709
f0:91:27:6b:7a:0a,6416,-16,2504,211.28,82.47,624,529054,561333
f0:91:27:6b:7a:0a,6425,-16,2505,211.48,82.47,709,529763,562042
f0:91:27:6b:7a:0a,6436,-16,2506,211.75,82.46,881,530644,562923
f0:91:27:6b:7a:0a,6437,-17,2507,211.70,82.46,80,530724,563003
f0:91:27:6b:7a:0a,6438,-17,2508,211.64,82.46,81,530805,563084
f0:91:27:6b:7a:0a,6439,-16,2509,211.60,82.46,87,530892,563171
f0:91:27:6b:7a:0a,6440,-17,2510,211.54,82.46,85,530977,563256
f0:91:27:6b:7a:0a,6441,-16,2511,211.49,82.46,80,531057,563336
f0:91:27:6b:7a:0a,6442,-17,2512,211.44,82.46,77,531134,563413
f0:91:27:6b:7a:0a,6443,-17,2513,211.39,82.46,80,531214,563493
f0:91:27:6b:7a:0a,6446,-17,2514,211.40,82.46,237,531451,563730
f0:91:27:6b:7a:0a,6447,-17,2515,211.34,82.46,70,531521,563800
f0:91:27:6b:7a:0a,6450,-17,2516,211.35,82.45,231,531752,564031
f0:91:27:6b:7a:0a,6451,-16,2517,211.30,82.46,83,531835,564114
f0:91:27:6b:7a:0a,6459,-16,2518,211.46,82.45,628,532463,564742
f0:91:27:6b:7a:0a,6460,-17,2519,211.41,82.45,80,532543,564822
f0:91:27:6b:7a:0a,6461,-16,2520,211.36,82.45,84,532627,564906
f0:91:27:6b:7a:0a,6462,-16,2521,211.31,82.45,76,532703,564982
f0:91:27:6b:7a:0a,6463,-17,2522,211.25,82.45,73,532776,565055
f0:91:27:6b:7a:0a,6470,-17,2523,211.39,82.45,569,533345,565624
f0:91:27:6b:7a:0a,6496,-17,2524,212.13,82.43,2060,535405,567684
f0:91:27:6b:7a:0a,6497,-16,2525,212.07,82.43,84,535489,567768
f0:91:27:6b:7a:0a,6498,-16,2526,212.02,82.43,74,535563,567842
f0:91:27:6b:7a:0a,6499,-17,2527,211.97,82.43,78,535641,567920
f0:91:27:6b:7a:0a,6502,-16,2528,211.98,82.43,239,535880,568159
f0:91:27:6b:7a:0a,6503,-16,2529,211.93,82.43,81,535961,568240
f0:91:27:6b:7a:0a,6504,-17,2530,211.87,82.43,81,536042,568321
f0:91:27:6b:7a:0a,6506,-16,2531,211.85,82.43,151,536193,568472
f0:91:27:6b:7a:0a,6512,-16,2532,211.95,82.43,477,536670,568949
f0:91:27:6b:7a:0a,6515,-16,2533,211.97,82.42,242,536912,569191
f0:91:27:6b:7a:0a,6527,-16,2534,212.26,82.42,961,537873,570152
f0:91:27:6b:7a:0a,6532,-17,2535,212.34,82.42,398,538271,570550
f0:91:27:6b:7a:0a,6534,-16,2536,212.31,82.42,149,538420,570699
f0:91:27:6b:7a:0a,6539,-16,2537,212.38,82.41,392,538812,571091
f0:91:27:6b:7a:0a,6541,-17,2538,212.36,82.41,157,538969,571248
f0:91:27:6b:7a:0a,6542,-16,2539,212.31,82.41,80,539049,571328
f0:91:27:6b:7a:0a,6545,-17,2540,212.32,82.41,237,539286,571565
f0:91:27:6b:7a:0a,6560,-16,2541,212.70,82.40,1197,540483,572762
f0:91:27:6b:7a:0a,6568,-17,2542,212.87,82.40,639,541122,573401
f0:91:27:6b:7a:0a,6572,-17,2543,212.91,82.40,309,541431,573710
f0:91:27:6b:7a:0a,6574,-16,2544,212.89,82.40,165,541596,573875
f0:91:27:6b:7a:0a,6578,-16,2545,212.94,82.40,327,541923,574202
f0:91:27:6b:7a:0a,6587,-17,2546,213.14,82.39,719,542642,574921
f0:91:27:6b:7a:0a,6590,-16,2547,213.15,82.39,249,542891,575170
f0:91:27:6b:7a:0a,6592,-17,2548,213.13,82.39,155,543046,575325
f0:91:27:6b:7a:0a,6597,-16,2549,213.20,82.39,406,543452,575731
f0:91:27:6b:7a:0a,6598,-17,2550,213.15,82.39,78,543530,575809
f0:91:27:6b:7a:0a,6599,-16,2551,213.10,82.39,89,543619,575898
f0:91:27:6b:7a:0a,6602,-16,2552,213.11,82.39,242,543861,576140
f0:91:27:6b:7a:0a,6603,-17,2553,213.06,82.39,81,543942,576221
f0:91:27:6b:7a:0a,6604,-16,2554,213.01,82.39,84,544026,576305
f0:91:27:6b:7a:0a,6616,-16,2555,213.30,82.39,952,544978,577257
f0:91:27:6b:7a:0a,6619,-16,2556,213.31,82.39,246,545224,577503
f0:91:27:6b:7a:0a,6621,-16,2557,213.29,82.38,163,545387,577666
f0:91:27:6b:7a:0a,6631,-16,2558,213.52,82.38,787,546174,578453
f0:91:27:6b:7a:0a,6632,-17,2559,213.46,82.38,79,546253,578532
f0:91:27:6b:7a:0a,6638,-16,2560,213.56,82.37,465,546718,578997
f0:91:27:6b:7a:0a,6639,-16,2561,213.51,82.37,81,546799,579078
f0:91:27:6b:7a:0a,6653,-16,2562,213.86,82.37,1121,547920,580199
f0:91:27:6b:7a:0a,6658,-16,2563,213.93,82.37,384,548304,580583
f0:91:27:6b:7a:0a,6662,-16,2564,213.97,82.36,325,548629,580908
f0:91:27:6b:7a:0a,6663,-16,2565,213.92,82.36,81,548710,580989
f0:91:27:6b:7a:0a,6667,-16,2566,213.96,82.36,309,549019,581298
f0:91:27:6b:7a:0a,6673,-16,2567,214.06,82.36,463,549482,581761
f0:91:27:6b:7a:0a,6674,-16,2568,214.01,82.36,89,549571,581850
f0:91:27:6b:7a:0a,6678,-16,2569,214.04,82.35,303,549874,582153
f0:91:27:6b:7a:0a,6682,-16,2570,214.09,82.35,325,550199,582478
f0:91:27:6b:7a:0a,6688,-16,2571,214.19,82.35,488,550687,582966
f0:91:27:6b:7a:0a,6690,-16,2572,214.17,82.35,153,550840,583119
f0:91:27:6b:7a:0a,6691,-17,2573,214.12,82.35,78,550918,583197
f0:91:27:6b:7a:0a,6694,-16,2574,214.13,82.35,241,551159,583438
f0:91:27:6b:7a:0a,6701,-16,2575,214.26,82.35,555,551714,583993
f0:91:27:6b:7a:0a,6702,-17,2576,214.20,82.34,74,551788,584067
f0:91:27:6b:7a:0a,6703,-16,2577,214.15,82.34,81,551869,584148
f0:91:27:6b:7a:0a,6705,-16,2578,214.13,82.34,157,552026,584305
f0:91:27:6b:7a:0a,6706,-16,2579,214.08,82.34,77,552103,584382
f0:91:27:6b:7a:0a,6708,-16,2580,214.05,82.34,158,552261,584540
f0:91:27:6b:7a:0a,6710,-17,2581,214.03,82.34,159,552420,584699
f0:91:27:6b:7a:0a,6711,-17,2582,213.98,82.34,78,552498,584777
f0:91:27:6b:7a:0a,6718,-17,2583,214.11,82.34,555,553053,585332
f0:91:27:6b:7a:0a,6719,-17,2584,214.06,82.34,87,553140,585419
f0:91:27:6b:7a:0a,6721,-16,2585,214.05,82.34,169,553309,585588
f0:91:27:6b:7a:0a,6722,-16,2586,213.99,82.34,72,553381,585660
f0:91:27:6b:7a:0a,6723,-17,2587,213.94,82.34,85,553466,585745
f0:91:27:6b:7a:0a,6724,-17,2588,213.89,82.34,82,553548,585827
f0:91:27:6b:7a:0a,6726,-16,2589,213.87,82.34,155,553703,585982
f0:91:27:6b:7a:0a,6727,-16,2590,213.81,82.33,76,553779,586058
f0:91:27:6b:7a:0a,6728,-16,2591,213.76,82.33,80,553859,586138
f0:91:27:6b:7a:0a,6729,-16,2592,213.71,82.33,80,553939,586218
f0:91:27:6b:7a:0a,6733,-17,2593,213.75,82.33,322,554261,586540
f0:91:27:6b:7a:0a,6736,-16,2594,213.76,82.33,241,554502,586781
f0:91:27:6b:7a:0a,6738,-16,2595,213.74,82.33,159,554661,586940
f0:91:27:6b:7a:0a,6739,-17,2596,213.69,82.33,78,554739,587018
f0:91:27:6b:7a:0a,6745,-16,2597,213.79,82.33,471,555210,587489
f0:91:27:6b:7a:0a,6749,-16,2598,213.83,82.32,317,555527,587806
f0:91:27:6b:7a:0a,6753,-16,2599,213.87,82.32,328,555855,588134
f0:91:27:6b:7a:0a,6791,-16,2600,214.95,82.31,3014,558869,591148
f0:91:27:6b:7a:0a,6792,-17,2601,214.90,82.31,81,558950,591229
f0:91:27:6b:7a:0a,6793,-16,2602,214.85,82.31,78,559028,591307
f0:91:27:6b:7a:0a,6794,-16,2603,214.79,82.31,74,559102,591381
f0:91:27:6b:7a:0a,6800,-17,2604,214.89,82.30,477,559579,591858
f0:91:27:6b:7a:0a,6805,-16,2605,214.96,82.30,395,559974,592253
f0:91:27:6b:7a:0a,6806,-16,2606,214.91,82.30,82,560056,592335
f0:91:27:6b:7a:0a,6807,-16,2607,214.86,82.30,73,560129,592408
f0:91:27:6b:7a:0a,6808,-17,2608,214.81,82.30,85,560214,592493
f0:91:27:6b:7a:0a,6812,-17,2609,214.84,82.30,311,560525,592804
f0:91:27:6b:7a:0a,6815,-16,2610,214.85,82.30,238,560763,593042
f0:91:27:6b:7a:0a,6818,-16,2611,214.86,82.29,236,560999,593278
f0:91:27:6b:7a:0a,6819,-17,2612,214.81,82.29,81,561080,593359
f0:91:27:6b:7a:0a,6821,-16,2613,214.79,82.29,155,561235,593514
f0:91:27:6b:7a:0a,6825,-17,2614,214.83,82.29,327,561562,593841
f0:91:27:6b:7a:0a,6826,-16,2615,214.77,82.29,71,561633,593912
f0:91:27:6b:7a:0a,6828,-17,2616,214.75,82.29,160,561793,594072
f0:91:27:6b:7a:0a,6843,-17,2617,215.12,82.28,1179,562972,595251
f0:91:27:6b:7a:0a,6844,-16,2618,215.07,82.28,81,563053,595332
f0:91:27:6b:7a:0a,6845,-16,2619,215.02,82.28,82,563135,595414
f0:91:27:6b:7a:0a,6846,-17,2620,214.97,82.28,82,563217,595496
f0:91:27:6b:7a:0a,6847,-16,2621,214.92,82.28,78,563295,595574
f0:91:27:6b:7a:0a,6848,-16,2622,214.86,82.28,76,563371,595650
f0:91:27:6b:7a:0a,6849,-16,2623,214.81,82.28,75,563446,595725
f0:91:27:6b:7a:0a,6860,-17,2624,215.09,82.29,953,564399,596678
f0:91:27:6b:7a:0a,6870,-17,2625,215.37,82.30,940,565339,597618
f0:91:27:6b:7a:0a,6873,-18,2626,215.39,82.31,276,565615,597894
f0:91:27:6b:7a:0a,6877,-16,2627,215.45,82.31,361,565976,598255
f0:91:27:6b:7a:0a,6878,-16,2628,215.40,82.31,102,566078,598357
f0:91:27:6b:7a:0a,6882,-17,2629,215.46,82.32,363,566441,598720
f0:91:27:6b:7a:0a,6883,-16,2630,215.41,82.32,94,566535,598814
f0:91:27:6b:7a:0a,6884,-16,2631,215.37,82.32,99,566634,598913
f0:91:27:6b:7a:0a,6885,-17,2632,215.32,82.33,96,566730,599009
f0:91:27:6b:7a:0a,6888,-16,2633,215.34,82.33,273,567003,599282
f0:91:27:6b:7a:0a,6891,-17,2634,215.37,82.33,282,567285,599564
f0:91:27:6b:7a:0a,6892,-16,2635,215.32,82.34,89,567374,599653
f0:91:27:6b:7a:0a,6893,-16,2636,215.28,82.34,95,567469,599748
f0:91:27:6b:7a:0a,6894,-17,2637,215.23,82.34,94,567563,599842
f0:91:27:6b:7a:0a,6897,-17,2638,215.25,82.34,275,567838,600117
f0:91:27:6b:7a:0a,6898,-16,2639,215.20,82.34,83,567921,600200
f0:91:27:6b:7a:0a,6899,-17,2640,215.16,82.34,90,568011,600290
f0:91:27:6b:7a:0a,6900,-16,2641,215.11,82.35,93,568104,600383
f0:91:27:6b:7a:0a,6902,-16,2642,215.10,82.35,192,568296,600575
f0:91:27:6b:7a:0a,6903,-17,2643,215.06,82.35,95,568391,600670
f0:91:27:6b:7a:0a,6904,-16,2644,215.01,82.35,94,568485,600764
f0:91:27:6b:7a:0a,6906,-16,2645,215.00,82.36,195,568680,600959
f0:91:27:6b:7a:0a,6907,-17,2646,214.96,82.36,93,568773,601052
f0:91:27:6b:7a:0a,6908,-17,2647,214.91,82.36,96,568869,601148
f0:91:27:6b:7a:0a,6914,-16,2648,215.04,82.37,569,569438,601717
f0:91:27:6b:7a:0a,6916,-16,2649,215.03,82.38,189,569627,601906
f0:91:27:6b:7a:0a,6919,-16,2650,215.06,82.38,274,569901,602180
f0:91:27:6b:7a:0a,6921,-16,2651,215.05,82.38,193,570094,602373
f0:91:27:6b:7a:0a,6922,-16,2652,215.00,82.38,89,570183,602462
f0:91:27:6b:7a:0a,6923,-16,2653,214.96,82.39,98,570281,602560
f0:91:27:6b:7a:0a,6924,-17,2654,214.91,82.39,91,570372,602651
f0:91:27:6b:7a:0a,6925,-16,2655,214.86,82.39,94,570466,602745
f0:91:27:6b:7a:0a,6932,-17,2656,215.03,82.40,666,571132,603411
f0:91:27:6b:7a:0a,6934,-16,2657,215.02,82.41,187,571319,603598
f0:91:27:6b:7a:0a,6935,-16,2658,214.98,82.41,100,571419,603698
f0:91:27:6b:7a:0a,6936,-17,2659,214.93,82.41,91,571510,603789
f0:91:27:6b:7a:0a,6941,-17,2660,215.02,82.41,444,571954,604233
f0:91:27:6b:7a:0a,6961,-17,2661,215.64,82.44,1863,573817,606096
f0:91:27:6b:7a:0a,6962,-16,2662,215.59,82.45,86,573903,606182
f0:91:27:6b:7a:0a,6964,-17,2663,215.58,82.45,187,574090,606369
f0:91:27:6b:7a:0a,6966,-16,2664,215.57,82.45,182,574272,606551
f0:91:27:6b:7a:0a,6970,-16,2665,215.63,82.46,379,574651,606930
f0:91:27:6b:7a:0a,6971,-17,2666,215.58,82.46,89,574740,607019
f0:91:27:6b:7a:0a,6972,-16,2667,215.53,82.46,85,574825,607104
f0:91:27:6b:7a:0a,6973,-17,2668,215.49,82.46,89,574914,607193
f0:91:27:6b:7a:0a,6974,-16,2669,215.44,82.46,89,575003,607282
f0:91:27:6b:7a:0a,6977,-17,2670,215.45,82.46,259,575262,607541
f0:91:27:6b:7a:0a,6979,-17,2671,215.44,82.47,188,575450,607729
f0:91:27:6b:7a:0a,6981,-17,2672,215.43,82.47,186,575636,607915
f0:91:27:6b:7a:0a,6982,-16,2673,215.38,82.47,85,575721,608000
f0:91:27:6b:7a:0a,6983,-16,2674,215.34,82.47,85,575806,608085
f0:91:27:6b:7a:0a,6984,-17,2675,215.29,82.47,87,575893,608172
f0:91:27:6b:7a:0a,6989,-16,2676,215.37,82.47,428,576321,608600
f0:91:27:6b:7a:0a,6990,-17,2677,215.32,82.47,91,576412,608691
f0:91:27:6b:7a:0a,6991,-16,2678,215.27,82.48,92,576504,608783
f0:91:27:6b:7a:0a,6993,-16,2679,215.26,82.48,171,576675,608954
f0:91:27:6b:7a:0a,6994,-16,2680,215.21,82.48,88,576763,609042
f0:91:27:6b:7a:0a,6995,-16,2681,215.16,82.48,83,576846,609125
f0:91:27:6b:7a:0a,7002,-17,2682,215.30,82.48,581,577427,609706
f0:91:27:6b:7a:0a,7003,-16,2683,215.25,82.48,84,577511,609790
f0:91:27:6b:7a:0a,7005,-16,2684,215.23,82.48,171,577682,609961
f0:91:27:6b:7a:0a,7014,-17,2685,215.43,82.48,736,578418,610697
f0:91:27:6b:7a:0a,7020,-17,2686,215.53,82.48,506,578924,611203
f0:91:27:6b:7a:0a,7023,-16,2687,215.55,82.48,251,579175,611454
f0:91:27:6b:7a:0a,7024,-16,2688,215.50,82.48,91,579266,611545
f0:91:27:6b:7a:0a,7027,-16,2689,215.52,82.48,258,579524,611803
f0:91:27:6b:7a:0a,7036,-16,2690,215.72,82.48,755,580279,612558
f0:91:27:6b:7a:0a,7041,-16,2691,215.79,82.49,417,580696,612975
f0:91:27:6b:7a:0a,7042,-17,2692,215.74,82.49,85,580781,613060
f0:91:27:6b:7a:0a,7043,-16,2693,215.70,82.49,90,580871,613150
f0:91:27:6b:7a:0a,7044,-17,2694,215.65,82.49,87,580958,613237
f0:91:27:6b:7a:0a,7046,-17,2695,215.63,82.49,169,581127,613406
f0:91:27:6b:7a:0a,7048,-16,2696,215.61,82.49,167,581294,613573
f0:91:27:6b:7a:0a,7049,-16,2697,215.57,82.49,94,581388,613667
f0:91:27:6b:7a:0a,7050,-17,2698,215.52,82.49,76,581464,613743
f0:91:27:6b:7a:0a,7052,-16,2699,215.50,82.49,162,581626,613905
f0:91:27:6b:7a:0a,7053,-16,2700,215.45,82.49,80,581706,613985
f0:91:27:6b:7a:0a,7058,-16,2701,215.52,82.49,416,582122,614401
f0:91:27:6b:7a:0a,7059,-16,2702,215.47,82.49,79,582201,614480
f0:91:27:6b:7a:0a,7066,-17,2703,215.61,82.49,591,582792,615071
f0:91:27:6b:7a:0a,7067,-17,2704,215.56,82.49,77,582869,615148
f0:91:27:6b:7a:0a,7068,-16,2705,215.51,82.49,75,582944,615223
f0:91:27:6b:7a:0a,7069,-16,2706,215.45,82.49,77,583021,615300
f0:91:27:6b:7a:0a,7071,-17,2707,215.43,82.49,155,583176,615455
f0:91:27:6b:7a:0a,7072,-16,2708,215.38,82.49,77,583253,615532
f0:91:27:6b:7a:0a,7074,-17,2709,215.36,82.48,160,583413,615692
f0:91:27:6b:7a:0a,7075,-16,2710,215.31,82.48,81,583494,615773
f0:91:27:6b:7a:0a,7076,-16,2711,215.26,82.48,78,583572,615851
f0:91:27:6b:7a:0a,7078,-17,2712,215.24,82.48,150,583722,616001
f0:91:27:6b:7a:0a,7079,-16,2713,215.19,82.48,80,583802,616081
f0:91:27:6b:7a:0a,7080,-16,2714,215.14,82.48,84,583886,616165
f0:91:27:6b:7a:0a,7081,-16,2715,215.09,82.48,73,583959,616238
f0:91:27:6b:7a:0a,7090,-16,2716,215.27,82.48,722,584681,616960
f0:91:27:6b:7a:0a,7094,-16,2717,215.31,82.48,315,584996,617275
f0:91:27:6b:7a:0a,7096,-16,2718,215.29,82.47,157,585153,617432
f0:91:27:6b:7a:0a,7098,-16,2719,215.27,82.47,157,585310,617589
f0:91:27:6b:7a:0a,7105,-16,2720,215.39,82.47,554,585864,618143
f0:91:27:6b:7a:0a,7106,-16,2721,215.34,82.47,75,585939,618218
f0:91:27:6b:7a:0a,7107,-17,2722,215.29,82.47,82,586021,618300
f0:91:27:6b:7a:0a,7113,-16,2723,215.39,82.47,479,586500,618779
f0:91:27:6b:7a:0a,7114,-17,2724,215.34,82.47,81,586581,618860
f0:91:27:6b:7a:0a,7115,-16,2725,215.29,82.47,76,586657,618936
f0:91:27:6b:7a:0a,7116,-16,2726,215.24,82.47,84,586741,619020
f0:91:27:6b:7a:0a,7118,-17,2727,215.22,82.46,154,586895,619174
f0:91:27:6b:7a:0a,7126,-17,2728,215.38,82.46,650,587545,619824
f0:91:27:6b:7a:0a,7127,-17,2729,215.32,82.46,75,587620,619899
f0:91:27:6b:7a:0a,7128,-16,2730,215.28,82.46,86,587706,619985
f0:91:27:6b:7a:0a,7130,-16,2731,215.25,82.46,151,587857,620136
f0:91:27:6b:7a:0a,7131,-16,2732,215.21,82.46,89,587946,620225
f0:91:27:6b:7a:0a,7133,-16,2733,215.18,82.46,153,588099,620378
f0:91:27:6b:7a:0a,7135,-16,2734,215.16,82.46,158,588257,620536
f0:91:27:6b:7a:0a,7137,-16,2735,215.15,82.46,166,588423,620702
f0:91:27:6b:7a:0a,7138,-17,2736,215.10,82.46,78,588501,620780
f0:91:27:6b:7a:0a,7141,-16,2737,215.11,82.46,242,588743,621022
f0:91:27:6b:7a:0a,7143,-16,2738,215.08,82.46,157,588900,621179
f0:91:27:6b:7a:0a,7144,-17,2739,215.04,82.46,82,588982,621261
f0:91:27:6b:7a:0a,7149,-17,2740,215.10,82.45,400,589382,621661
f0:91:27:6b:7a:0a,7152,-16,2741,215.11,82.45,239,589621,621900
f0:91:27:6b:7a:0a,7153,-17,2742,215.06,82.45,74,589695,621974
f0:91:27:6b:7a:0a,7155,-16,2743,215.04,82.45,159,589854,622133
f0:91:27:6b:7a:0a,7156,-16,2744,214.99,82.45,81,589935,622214
f0:91:27:6b:7a:0a,7158,-17,2745,214.97,82.45,150,590085,622364
f0:91:27:6b:7a:0a,7159,-16,2746,214.92,82.45,82,590167,622446
f0:91:27:6b:7a:0a,7160,-16,2747,214.87,82.45,73,590240,622519
f0:91:27:6b:7a:0a,7161,-17,2748,214.82,82.45,80,590320,622599
f0:91:27:6b:7a:0a,7163,-16,2749,214.80,82.45,159,590479,622758
f0:91:27:6b:7a:0a,7164,-16,2750,214.75,82.45,78,590557,622836
f0:91:27:6b:7a:0a,7165,-17,2751,214.70,82.45,83,590640,622919
f0:91:27:6b:7a:0a,7166,-16,2752,214.65,82.45,82,590722,623001
f0:91:27:6b:7a:0a,7167,-17,2753,214.60,82.45,81,590803,623082
f0:91:27:6b:7a:0a,7172,-17,2754,214.67,82.44,406,591209,623488
f0:91:27:6b:7a:0a,7173,-16,2755,214.62,82.44,71,591280,623559
f0:91:27:6b:7a:0a,7174,-16,2756,214.57,82.44,84,591364,623643
f0:91:27:6b:7a:0a,7175,-17,2757,214.52,82.44,74,591438,623717
f0:91:27:6b:7a:0a,7177,-16,2758,214.50,82.44,161,591599,623878
f0:91:27:6b:7a:0a,7178,-17,2759,214.45,82.44,82,591681,623960
f0:91:27:6b:7a:0a,7179,-16,2760,214.41,82.44,79,591760,624039
f0:91:27:6b:7a:0a,7180,-17,2761,214.36,82.44,79,591839,624118
f0:91:27:6b:7a:0a,7182,-16,2762,214.34,82.44,158,591997,624276
f0:91:27:6b:7a:0a,7183,-16,2763,214.29,82.44,74,592071,624350
f0:91:27:6b:7a:0a,7184,-17,2764,214.24,82.44,79,592150,624429
f0:91:27:6b:7a:0a,7185,-16,2765,214.19,82.44,76,592226,624505
f0:91:27:6b:7a:0a,7186,-17,2766,214.14,82.44,79,592305,624584
f0:91:27:6b:7a:0a,7190,-17,2767,214.17,82.43,315,592620,624899
f0:91:27:6b:7a:0a,7191,-16,2768,214.13,82.43,84,592704,624983
f0:91:27:6b:7a:0a,7196,-17,2769,214.20,82.43,403,593107,625386
f0:91:27:6b:7a:0a,7197,-16,2770,214.15,82.43,80,593187,625466
f0:91:27:6b:7a:0a,7198,-16,2771,214.10,82.43,79,593266,625545
f0:91:27:6b:7a:0a,7206,-18,2772,214.25,82.43,630,593896,626175
f0:91:27:6b:7a:0a,7214,-17,2773,214.40,82.42,626,594522,626801
f0:91:27:6b:7a:0a,7217,-16,2774,214.40,82.42,232,594754,627033
f0:91:27:6b:7a:0a,7218,-16,2775,214.35,82.42,76,594830,627109
f0:91:27:6b:7a:0a,7219,-16,2776,214.31,82.42,83,594913,627192
f0:91:27:6b:7a:0a,7220,-16,2777,214.26,82.42,75,594988,627267
f0:91:27:6b:7a:0a,7223,-16,2778,214.26,82.42,237,595225,627504
f0:91:27:6b:7a:0a,7224,-17,2779,214.21,82.42,72,595297,627576
f0:91:27:6b:7a:0a,7225,-17,2780,214.17,82.42,86,595383,627662
f0:91:27:6b:7a:0a,7226,-16,2781,214.12,82.42,76,595459,627738
f0:91:27:6b:7a:0a,7229,-17,2782,214.13,82.42,240,595699,627978
f0:91:27:6b:7a:0a,7230,-17,2783,214.08,82.42,83,595782,628061
f0:91:27:6b:7a:0a,7233,-17,2784,214.09,82.41,234,596016,628295
f0:91:27:6b:7a:0a,7236,-16,2785,214.09,82.41,235,596251,628530
f0:91:27:6b:7a:0a,7238,-16,2786,214.07,82.41,153,596404,628683
f0:91:27:6b:7a:0a,7240,-16,2787,214.05,82.41,163,596567,628846
f0:91:27:6b:7a:0a,7241,-16,2788,214.00,82.41,74,596641,628920
f0:91:27:6b:7a:0a,7242,-16,2789,213.95,82.41,79,596720,628999
f0:91:27:6b:7a:0a,7244,-17,2790,213.93,82.41,155,596875,629154
f0:91:27:6b:7a:0a,7245,-16,2791,213.88,82.41,77,596952,629231
f0:91:27:6b:7a:0a,7249,-17,2792,213.92,82.40,318,597270,629549
f0:91:27:6b:7a:0a,7250,-16,2793,213.87,82.40,82,597352,629631
f0:91:27:6b:7a:0a,7251,-16,2794,213.83,82.40,84,597436,629715
f0:91:27:6b:7a:0a,7254,-17,2795,213.84,82.40,236,597672,629951
f0:91:27:6b:7a:0a,7258,-16,2796,213.87,82.40,306,597978,630257
f0:91:27:6b:7a:0a,7259,-16,2797,213.82,82.40,89,598067,630346
f0:91:27:6b:7a:0a,7260,-17,2798,213.78,82.40,80,598147,630426
f0:91:27:6b:7a:0a,7262,-17,2799,213.76,82.40,170,598317,630596
f0:91:27:6b:7a:0a,7267,-16,2800,213.82,82.40,393,598710,630989
f0:91:27:6b:7a:0a,7268,-17,2801,213.78,82.40,75,598785,631064
f0:91:27:6b:7a:0a,7269,-17,2802,213.73,82.40,81,598866,631145
f0:91:27:6b:7a:0a,7270,-16,2803,213.68,82.40,78,598944,631223
f0:91:27:6b:7a:0a,7272,-16,2804,213.66,82.40,156,599100,631379
f0:91:27:6b:7a:0a,7276,-16,2805,213.69,82.39,314,599414,631693
f0:91:27:6b:7a:0a,7279,-16,2806,213.71,82.39,250,599664,631943
f0:91:27:6b:7a:0a,7280,-17,2807,213.66,82.39,74,599738,632017
f0:91:27:6b:7a:0a,7281,-17,2808,213.61,82.39,77,599815,632094
f0:91:27:6b:7a:0a,7282,-16,2809,213.56,82.39,89,599904,632183
f0:91:27:6b:7a:0a,7284,-16,2810,213.55,82.39,166,600070,632349
f0:91:27:6b:7a:0a,7290,-17,2811,213.64,82.39,473,600543,632822
f0:91:27:6b:7a:0a,7293,-16,2812,213.65,82.39,232,600775,633054
f0:91:27:6b:7a:0a,7299,-16,2813,213.75,82.39,491,601266,633545
f0:91:27:6b:7a:0a,7315,-16,2814,214.12,82.38,1275,602541,634820
f0:91:27:6b:7a:0a,7326,-16,2815,214.35,82.38,865,603406,635685
f0:91:27:6b:7a:0a,7338,-17,2816,214.62,82.37,965,604371,636650
f0:91:27:6b:7a:0a,7339,-16,2817,214.57,82.37,77,604448,636727
f0:91:27:6b:7a:0a,7340,-16,2818,214.52,82.37,79,604527,636806
f0:91:27:6b:7a:0a,7342,-17,2819,214.50,82.37,156,604683,636962
f0:91:27:6b:7a:0a,7349,-17,2820,214.62,82.37,550,605233,637512
f0:91:27:6b:7a:0a,7350,-17,2821,214.57,82.37,75,605308,637587
f0:91:27:6b:7a:0a,7351,-16,2822,214.53,82.37,82,605390,637669
f0:91:27:6b:7a:0a,7352,-17,2823,214.48,82.37,82,605472,637751
f0:91:27:6b:7a:0a,7353,-16,2824,214.43,82.37,81,605553,637832
f0:91:27:6b:7a:0a,7355,-16,2825,214.41,82.37,169,605722,638001
f0:91:27:6b:7a:0a,7356,-16,2826,214.37,82.37,80,605802,638081
f0:91:27:6b:7a:0a,7357,-17,2827,214.32,82.37,76,605878,638157
f0:91:27:6b:7a:0a,7359,-17,2828,214.30,82.36,160,606038,638317
f0:91:27:6b:7a:0a,7360,-16,2829,214.25,82.36,78,606116,638395
f0:91:27:6b:7a:0a,7361,-17,2830,214.20,82.36,80,606196,638475
f0:91:27:6b:7a:0a,7362,-17,2831,214.16,82.36,84,606280,638559
f0:91:27:6b:7a:0a,7363,-17,2832,214.11,82.36,69,606349,638628
f0:91:27:6b:7a:0a,7364,-16,2833,214.06,82.36,83,606432,638711
f0:91:27:6b:7a:0a,7365,-17,2834,214.01,82.36,77,606509,638788
f0:91:27:6b:7a:0a,7366,-17,2835,213.97,82.36,83,606592,638871
f0:91:27:6b:7a:0a,7367,-16,2836,213.92,82.36,76,606668,638947
f0:91:27:6b:7a:0a,7368,-16,2837,213.87,82.36,76,606744,639023
f0:91:27:6b:7a:0a,7369,-16,2838,213.82,82.36,78,606822,639101
f0:91:27:6b:7a:0a,7371,-16,2839,213.80,82.36,162,606984,639263
f0:91:27:6b:7a:0a,7372,-17,2840,213.76,82.36,86,607070,639349
f0:91:27:6b:7a:0a,7373,-16,2841,213.71,82.36,84,607154,639433
f0:91:27:6b:7a:0a,7375,-17,2842,213.69,82.36,162,607316,639595
f0:91:27:6b:7a:0a,7379,-16,2843,213.73,82.36,312,607628,639907
f0:91:27:6b:7a:0a,7380,-17,2844,213.68,82.36,81,607709,639988
f0:91:27:6b:7a:0a,7382,-16,2845,213.66,82.35,150,607859,640138
f0:91:27:6b:7a:0a,7383,-17,2846,213.61,82.35,77,607936,640215
f0:91:27:6b:7a:0a,7384,-17,2847,213.56,82.35,81,608017,640296
f0:91:27:6b:7a:0a,7386,-17,2848,213.54,82.35,154,608171,640450
f0:91:27:6b:7a:0a,7388,-16,2849,213.53,82.35,162,608333,640612
f0:91:27:6b:7a:0a,7391,-16,2850,213.53,82.35,229,608562,640841
f0:91:27:6b:7a:0a,7393,-17,2851,213.51,82.35,160,608722,641001
f0:91:27:6b:7a:0a,7398,-16,2852,213.58,82.35,398,609120,641399
f0:91:27:6b:7a:0a,7400,-17,2853,213.56,82.35,164,609284,641563
f0:91:27:6b:7a:0a,7401,-16,2854,213.51,82.35,85,609369,641648
f0:91:27:6b:7a:0a,7402,-16,2855,213.47,82.35,85,609454,641733
f0:91:27:6b:7a:0a,7404,-16,2856,213.45,82.35,160,609614,641893
f0:91:27:6b:7a:0a,7405,-17,2857,213.41,82.35,87,609701,641980
f0:91:27:6b:7a:0a,7406,-16,2858,213.36,82.35,80,609781,642060
f0:91:27:6b:7a:0a,7408,-17,2859,213.34,82.35,155,609936,642215
f0:91:27:6b:7a:0a,7409,-16,2860,213.29,82.35,77,610013,642292
f0:91:27:6b:7a:0a,7410,-16,2861,213.24,82.34,75,610088,642367
f0:91:27:6b:7a:0a,7411,-16,2862,213.20,82.34,78,610166,642445
f0:91:27:6b:7a:0a,7415,-17,2863,213.23,82.34,312,610478,642757
f0:91:27:6b:7a:0a,7417,-16,2864,213.21,82.34,164,610642,642921
f0:91:27:6b:7a:0a,7418,-17,2865,213.17,82.34,82,610724,643003
f0:91:27:6b:7a:0a,7420,-16,2866,213.15,82.34,161,610885,643164
f0:91:27:6b:7a:0a,7421,-16,2867,213.10,82.34,72,610957,643236
f0:91:27:6b:7a:0a,7422,-17,2868,213.05,82.34,82,611039,643318
f0:91:27:6b:7a:0a,7424,-16,2869,213.03,82.34,158,611197,643476
f0:91:27:6b:7a:0a,7425,-17,2870,212.99,82.34,81,611278,643557
f0:91:27:6b:7a:0a,7426,-16,2871,212.94,82.34,78,611356,643635
f0:91:27:6b:7a:0a,7429,-16,2872,212.95,82.34,232,611588,643867
f0:91:27:6b:7a:0a,7431,-17,2873,212.93,82.34,163,611751,644030
f0:91:27:6b:7a:0a,7432,-16,2874,212.89,82.34,81,611832,644111
f0:91:27:6b:7a:0a,7436,-16,2875,212.92,82.33,317,612149,644428
f0:91:27:6b:7a:0a,7437,-17,2876,212.87,82.33,79,612228,644507
f0:91:27:6b:7a:0a,7438,-16,2877,212.83,82.33,81,612309,644588
f0:91:27:6b:7a:0a,7440,-16,2878,212.81,82.33,151,612460,644739
f0:91:27:6b:7a:0a,7443,-17,2879,212.82,82.33,241,612701,644980
f0:91:27:6b:7a:0a,7451,-16,2880,212.96,82.33,633,613334,645613
f0:91:27:6b:7a:0a,7456,-17,2881,213.03,82.33,399,613733,646012
f0:91:27:6b:7a:0a,7457,-17,2882,212.98,82.32,77,613810,646089
f0:91:27:6b:7a:0a,7459,-16,2883,212.96,82.32,162,613972,646251
f0:91:27:6b:7a:0a,7461,-17,2884,212.94,82.32,155,614127,646406
f0:91:27:6b:7a:0a,7464,-16,2885,212.95,82.32,236,614363,646642
f0:91:27:6b:7a:0a,7466,-16,2886,212.93,82.32,158,614521,646800
f0:91:27:6b:7a:0a,7467,-16,2887,212.88,82.32,77,614598,646877
f0:91:27:6b:7a:0a,7468,-17,2888,212.84,82.32,80,614678,646957
f0:91:27:6b:7a:0a,7469,-16,2889,212.79,82.32,76,614754,647033
f0:91:27:6b:7a:0a,7476,-17,2890,212.91,82.32,557,615311,647590
f0:91:27:6b:7a:0a,7486,-17,2891,213.11,82.31,800,616111,648390
f0:91:27:6b:7a:0a,7488,-16,2892,213.09,82.31,155,616266,648545
f0:91:27:6b:7a:0a,7489,-17,2893,213.05,82.31,77,616343,648622
f0:91:27:6b:7a:0a,7494,-17,2894,213.11,82.31,396,616739,649018
f0:91:27:6b:7a:0a,7495,-16,2895,213.06,82.31,78,616817,649096
f0:91:27:6b:7a:0a,7496,-16,2896,213.02,82.31,76,616893,649172
f0:91:27:6b:7a:0a,7498,-16,2897,213.00,82.31,162,617055,649334
f0:91:27:6b:7a:0a,7511,-17,2898,213.28,82.30,1025,618080,650359
f0:91:27:6b:7a:0a,7515,-16,2899,213.31,82.30,316,618396,650675
f0:91:27:6b:7a:0a,7518,-17,2900,213.32,82.30,237,618633,650912
f0:91:27:6b:7a:0a,7525,-17,2901,213.44,82.29,547,619180,651459
f0:91:27:6b:7a:0a,7528,-16,2902,213.44,82.29,237,619417,651696
f0:91:27:6b:7a:0a,7529,-16,2903,213.40,82.29,83,619500,651779
f0:91:27:6b:7a:0a,7531,-17,2904,213.38,82.29,165,619665,651944
f0:91:27:6b:7a:0a,7532,-16,2905,213.34,82.29,81,619746,652025
f0:91:27:6b:7a:0a,7533,-16,2906,213.29,82.29,72,619818,652097
f0:91:27:6b:7a:0a,7534,-16,2907,213.24,82.29,76,619894,652173
f0:91:27:6b:7a:0a,7535,-17,2908,213.20,82.29,81,619975,652254
f0:91:27:6b:7a:0a,7536,-16,2909,213.15,82.29,80,620055,652334
f0:91:27:6b:7a:0a,7537,-16,2910,213.10,82.29,80,620135,652414
f0:91:27:6b:7a:0a,7538,-16,2911,213.06,82.29,83,620218,652497
f0:91:27:6b:7a:0a,7539,-16,2912,213.02,82.29,85,620303,652582
f0:91:27:6b:7a:0a,7540,-17,2913,212.97,82.29,82,620385,652664
f0:91:27:6b:7a:0a,7552,-16,2914,213.22,82.28,945,621330,653609
f0:91:27:6b:7a:0a,7581,-16,2915,213.97,82.28,2384,623714,655993
f0:91:27:6b:7a:0a,7582,-16,2916,213.93,82.29,99,623813,656092
f0:91:27:6b:7a:0a,7583,-16,2917,213.88,82.29,88,623901,656180
f0:91:27:6b:7a:0a,7584,-16,2918,213.84,82.29,87,623988,656267
f0:91:27:6b:7a:0a,7586,-16,2919,213.83,82.29,188,624176,656455
f0:91:27:6b:7a:0a,7588,-17,2920,213.82,82.29,190,624366,656645
f0:91:27:6b:7a:0a,7589,-16,2921,213.78,82.30,94,624460,656739
f0:91:27:6b:7a:0a,7591,-17,2922,213.77,82.30,179,624639,656918
f0:91:27:6b:7a:0a,7598,-17,2923,213.92,82.31,658,625297,657576
f0:91:27:6b:7a:0a,7608,-16,2924,214.16,82.32,915,626212,658491
f0:91:27:6b:7a:0a,7610,-17,2925,214.15,82.32,186,626398,658677
f0:91:27:6b:7a:0a,7611,-16,2926,214.11,82.32,89,626487,658766
f0:91:27:6b:7a:0a,7617,-16,2927,214.23,82.33,563,627050,659329
f0:91:27:6b:7a:0a,7623,-16,2928,214.35,82.34,566,627616,659895
f0:91:27:6b:7a:0a,7631,-16,2929,214.54,82.36,761,628377,660656
f0:91:27:6b:7a:0a,7633,-17,2930,214.53,82.36,185,628562,660841
f0:91:27:6b:7a:0a,7634,-16,2931,214.49,82.36,96,628658,660937
f0:91:27:6b:7a:0a,7638,-16,2932,214.54,82.37,385,629043,661322
f0:91:27:6b:7a:0a,7639,-17,2933,214.50,82.37,81,629124,661403
f0:91:27:6b:7a:0a,7640,-16,2934,214.46,82.37,89,629213,661492
f0:91:27:6b:7a:0a,7642,-16,2935,214.45,82.37,196,629409,661688
f0:91:27:6b:7a:0a,7644,-17,2936,214.44,82.38,193,629602,661881
f0:91:27:6b:7a:0a,7645,-17,2937,214.40,82.38,98,629700,661979
f0:91:27:6b:7a:0a,7646,-16,2938,214.36,82.38,91,629791,662070
f0:91:27:6b:7a:0a,7649,-16,2939,214.39,82.39,295,630086,662365
f0:91:27:6b:7a:0a,7650,-16,2940,214.34,82.39,85,630171,662450
f0:91:27:6b:7a:0a,7652,-16,2941,214.34,82.39,192,630363,662642
f0:91:27:6b:7a:0a,7655,-16,2942,214.36,82.39,281,630644,662923
f0:91:27:6b:7a:0a,7656,-17,2943,214.32,82.40,95,630739,663018
f0:91:27:6b:7a:0a,7657,-16,2944,214.28,82.40,89,630828,663107
f0:91:27:6b:7a:0a,7658,-16,2945,214.23,82.40,92,630920,663199
f0:91:27:6b:7a:0a,7674,-17,2946,214.66,82.42,1470,632390,664669
f0:91:27:6b:7a:0a,7679,-16,2947,214.74,82.42,462,632852,665131
f0:91:27:6b:7a:0a,7680,-17,2948,214.70,82.43,94,632946,665225
f0:91:27:6b:7a:0a,7682,-16,2949,214.69,82.43,188,633134,665413
f0:91:27:6b:7a:0a,7683,-16,2950,214.65,82.43,98,633232,665511
f0:91:27:6b:7a:0a,7684,-16,2951,214.61,82.43,96,633328,665607
f0:91:27:6b:7a:0a,7685,-17,2952,214.58,82.43,98,633426,665705
f0:91:27:6b:7a:0a,7687,-16,2953,214.57,82.44,194,633620,665899
f0:91:27:6b:7a:0a,7694,-17,2954,214.71,82.44,628,634248,666527
f0:91:27:6b:7a:0a,7695,-16,2955,214.67,82.45,99,634347,666626
f0:91:27:6b:7a:0a,7696,-16,2956,214.63,82.45,96,634443,666722
f0:91:27:6b:7a:0a,7697,-17,2957,214.58,82.45,81,634524,666803
f0:91:27:6b:7a:0a,7700,-16,2958,214.60,82.45,271,634795,667074
f0:91:27:6b:7a:0a,7701,-16,2959,214.56,82.45,96,634891,667170
f0:91:27:6b:7a:0a,7703,-16,2960,214.55,82.45,172,635063,667342
f0:91:27:6b:7a:0a,7705,-17,2961,214.54,82.46,177,635240,667519
f0:91:27:6b:7a:0a,7706,-16,2962,214.49,82.46,93,635333,667612
f0:91:27:6b:7a:0a,7707,-16,2963,214.45,82.46,86,635419,667698
f0:91:27:6b:7a:0a,7709,-16,2964,214.44,82.46,171,635590,667869
f0:91:27:6b:7a:0a,7711,-16,2965,214.42,82.46,177,635767,668046
f0:91:27:6b:7a:0a,7713,-16,2966,214.41,82.46,172,635939,668218
f0:91:27:6b:7a:0a,7731,-16,2967,214.85,82.47,1529,637468,669747
f0:91:27:6b:7a:0a,7732,-17,2968,214.81,82.47,81,637549,669828
f0:91:27:6b:7a:0a,7733,-16,2969,214.76,82.47,85,637634,669913
f0:91:27:6b:7a:0a,7734,-16,2970,214.72,82.47,77,637711,669990
f0:91:27:6b:7a:0a,7737,-17,2971,214.73,82.47,265,637976,670255
f0:91:27:6b:7a:0a,7741,-17,2972,214.78,82.47,346,638322,670601
f0:91:27:6b:7a:0a,7742,-16,2973,214.73,82.47,84,638406,670685
f0:91:27:6b:7a:0a,7743,-16,2974,214.69,82.47,84,638490,670769
f0:91:27:6b:7a:0a,7744,-16,2975,214.65,82.47,88,638578,670857
f0:91:27:6b:7a:0a,7746,-17,2976,214.63,82.47,168,638746,671025
f0:91:27:6b:7a:0a,7747,-17,2977,214.59,82.47,76,638822,671101
f0:91:27:6b:7a:0a,7748,-16,2978,214.54,82.47,87,638909,671188
f0:91:27:6b:7a:0a,7750,-17,2979,214.53,82.47,171,639080,671359
f0:91:27:6b:7a:0a,7751,-16,2980,214.49,82.47,91,639171,671450
f0:91:27:6b:7a:0a,7752,-16,2981,214.44,82.47,89,639260,671539
f0:91:27:6b:7a:0a,7753,-17,2982,214.40,82.47,85,639345,671624
f0:91:27:6b:7a:0a,7754,-16,2983,214.36,82.47,77,639422,671701
f0:91:27:6b:7a:0a,7755,-16,2984,214.31,82.47,89,639511,671790
f0:91:27:6b:7a:0a,7757,-16,2985,214.30,82.48,175,639686,671965
f0:91:27:6b:7a:0a,7758,-17,2986,214.26,82.48,84,639770,672049
f0:91:27:6b:7a:0a,7759,-16,2987,214.21,82.48,76,639846,672125
f0:91:27:6b:7a:0a,7760,-17,2988,214.17,82.48,91,639937,672216
f0:91:27:6b:7a:0a,7766,-16,2989,214.26,82.48,501,640438,672717
f0:91:27:6b:7a:0a,7769,-17,2990,214.27,82.48,239,640677,672956
f0:91:27:6b:7a:0a,7773,-16,2991,214.31,82.48,334,641011,673290
f0:91:27:6b:7a:0a,7777,-17,2992,214.35,82.48,323,641334,673613
f0:91:27:6b:7a:0a,7778,-16,2993,214.30,82.48,80,641414,673693
f0:91:27:6b:7a:0a,7779,-16,2994,214.26,82.48,79,641493,673772
f0:91:27:6b:7a:0a,7781,-16,2995,214.24,82.48,164,641657,673936
f0:91:27:6b:7a:0a,7785,-16,2996,214.28,82.47,317,641974,674253
f0:91:27:6b:7a:0a,7788,-17,2997,214.29,82.47,243,642217,674496
f0:91:27:6b:7a:0a,7790,-16,2998,214.27,82.47,158,642375,674654
f0:91:27:6b:7a:0a,7791,-17,2999,214.22,82.47,76,642451,674730
f0:91:27:6b:7a:0a,7792,-16,3000,214.18,82.47,79,642530,674809
f0:91:27:6b:7a:0a,7795,-17,3001,214.18,82.47,234,642764,675043
f0:91:27:6b:7a:0a,7797,-16,3002,214.17,82.47,161,642925,675204
f0:91:27:6b:7a:0a,7799,-17,3003,214.15,82.47,157,643082,675361
f0:91:27:6b:7a:0a,7800,-16,3004,214.10,82.47,76,643158,675437
f0:91:27:6b:7a:0a,7801,-17,3005,214.06,82.47,85,643243,675522
f0:91:27:6b:7a:0a,7802,-16,3006,214.01,82.47,79,643322,675601
f0:91:27:6b:7a:0a,7803,-17,3007,213.97,82.47,74,643396,675675
f0:91:27:6b:7a:0a,7804,-16,3008,213.93,82.47,91,643487,675766
f0:91:27:6b:7a:0a,7806,-17,3009,213.91,82.47,158,643645,675924
f0:91:27:6b:7a:0a,7808,-16,3010,213.89,82.46,154,643799,676078
f0:91:27:6b:7a:0a,7809,-17,3011,213.84,82.46,80,643879,676158
f0:91:27:6b:7a:0a,7815,-16,3012,213.94,82.46,500,644379,676658
f0:91:27:6b:7a:0a,7816,-16,3013,213.89,82.47,85,644464,676743
f0:91:27:6b:7a:0a,7817,-16,3014,213.85,82.46,80,644544,676823
f0:91:27:6b:7a:0a,7818,-17,3015,213.80,82.46,77,644621,676900
f0:91:27:6b:7a:0a,7819,-16,3016,213.76,82.46,85,644706,676985
f0:91:27:6b:7a:0a,7821,-17,3017,213.74,82.46,154,644860,677139
f0:91:27:6b:7a:0a,7822,-16,3018,213.70,82.46,84,644944,677223
f0:91:27:6b:7a:0a,7824,-17,3019,213.68,82.46,162,645106,677385
f0:91:27:6b:7a:0a,7826,-16,3020,213.66,82.46,159,645265,677544
f0:91:27:6b:7a:0a,7827,-16,3021,213.62,82.46,81,645346,677625
f0:91:27:6b:7a:0a,7828,-17,3022,213.58,82.46,83,645429,677708
f0:91:27:6b:7a:0a,7829,-16,3023,213.53,82.46,81,645510,677789
f0:91:27:6b:7a:0a,7830,-16,3024,213.49,82.46,72,645582,677861
f0:91:27:6b:7a:0a,7831,-16,3025,213.44,82.46,80,645662,677941
f0:91:27:6b:7a:0a,7832,-17,3026,213.40,82.46,78,645740,678019
f0:91:27:6b:7a:0a,7833,-16,3027,213.35,82.46,80,645820,678099
f0:91:27:6b:7a:0a,7834,-16,3028,213.31,82.46,77,645897,678176
f0:91:27:6b:7a:0a,7835,-17,3029,213.26,82.46,79,645976,678255
f0:91:27:6b:7a:0a,7837,-16,3030,213.25,82.46,163,646139,678418
f0:91:27:6b:7a:0a,7838,-16,3031,213.20,82.46,75,646214,678493
f0:91:27:6b:7a:0a,7839,-17,3032,213.16,82.46,82,646296,678575
f0:91:27:6b:7a:0a,7848,-16,3033,213.33,82.45,727,647023,679302
f0:91:27:6b:7a:0a,7849,-16,3034,213.28,82.45,78,647101,679380
f0:91:27:6b:7a:0a,7851,-17,3035,213.26,82.45,152,647253,679532
f0:91:27:6b:7a:0a,7852,-16,3036,213.22,82.45,83,647336,679615
f0:91:27:6b:7a:0a,7856,-16,3037,213.25,82.45,314,647650,679929
f0:91:27:6b:7a:0a,7858,-17,3038,213.24,82.45,163,647813,680092
f0:91:27:6b:7a:0a,7863,-16,3039,213.30,82.45,398,648211,680490
f0:91:27:6b:7a:0a,7866,-17,3040,213.30,82.45,231,648442,680721
f0:91:27:6b:7a:0a,7867,-16,3041,213.26,82.45,81,648523,680802
f0:91:27:6b:7a:0a,7875,-16,3042,213.40,82.44,639,649162,681441
f0:91:27:6b:7a:0a,7877,-16,3043,213.38,82.44,163,649325,681604
f0:91:27:6b:7a:0a,7878,-17,3044,213.34,82.44,74,649399,681678
f0:91:27:6b:7a:0a,7879,-17,3045,213.29,82.44,82,649481,681760
f0:91:27:6b:7a:0a,7881,-16,3046,213.28,82.44,162,649643,681922
f0:91:27:6b:7a:0a,7882,-17,3047,213.23,82.44,79,649722,682001
f0:91:27:6b:7a:0a,7884,-16,3048,213.22,82.44,161,649883,682162
f0:91:27:6b:7a:0a,7887,-16,3049,213.22,82.44,232,650115,682394
f0:91:27:6b:7a:0a,7888,-16,3050,213.18,82.44,79,650194,682473
f0:91:27:6b:7a:0a,7889,-17,3051,213.13,82.44,75,650269,682548
f0:91:27:6b:7a:0a,7891,-16,3052,213.11,82.44,153,650422,682701
f0:91:27:6b:7a:0a,7893,-16,3053,213.10,82.44,168,650590,682869
f0:91:27:6b:7a:0a,7894,-16,3054,213.05,82.44,73,650663,682942
f0:91:27:6b:7a:0a,7895,-17,3055,213.01,82.44,92,650755,683034
f0:91:27:6b:7a:0a,7900,-16,3056,213.07,82.43,391,651146,683425
f0:91:27:6b:7a:0a,7902,-16,3057,213.05,82.43,156,651302,683581
f0:91:27:6b:7a:0a,7903,-17,3058,213.01,82.43,83,651385,683664
f0:91:27:6b:7a:0a,7904,-16,3059,212.97,82.43,80,651465,683744
f0:91:27:6b:7a:0a,7905,-17,3060,212.92,82.43,79,651544,683823
f0:91:27:6b:7a:0a,7906,-17,3061,212.88,82.43,77,651621,683900
f0:91:27:6b:7a:0a,7907,-16,3062,212.83,82.43,76,651697,683976
f0:91:27:6b:7a:0a,7908,-17,3063,212.79,82.43,87,651784,684063
f0:91:27:6b:7a:0a,7909,-16,3064,212.75,82.43,80,651864,684143
f0:91:27:6b:7a:0a,7912,-17,3065,212.76,82.43,233,652097,684376
f0:91:27:6b:7a:0a,7914,-16,3066,212.74,82.43,152,652249,684528
f0:91:27:6b:7a:0a,7915,-16,3067,212.69,82.43,75,652324,684603
f0:91:27:6b:7a:0a,7917,-17,3068,212.67,82.43,154,652478,684757
f0:91:27:6b:7a:0a,7918,-16,3069,212.63,82.42,78,652556,684835
f0:91:27:6b:7a:0a,7919,-16,3070,212.59,82.42,82,652638,684917
f0:91:27:6b:7a:0a,7920,-17,3071,212.54,82.42,82,652720,684999
f0:91:27:6b:7a:0a,7921,-16,3072,212.50,82.42,73,652793,685072
f0:91:27:6b:7a:0a,7922,-16,3073,212.45,82.42,76,652869,685148
f0:91:27:6b:7a:0a,7923,-16,3074,212.41,82.42,85,652954,685233
f0:91:27:6b:7a:0a,7924,-16,3075,212.37,82.42,71,653025,685304
f0:91:27:6b:7a:0a,7925,-16,3076,212.32,82.42,76,653101,685380
f0:91:27:6b:7a:0a,7927,-16,3077,212.31,82.42,163,653264,685543
f0:91:27:6b:7a:0a,7928,-16,3078,212.26,82.42,73,653337,685616
f0:91:27:6b:7a:0a,7929,-16,3079,212.22,82.42,85,653422,685701
f0:91:27:6b:7a:0a,7931,-16,3080,212.21,82.42,170,653592,685871
f0:91:27:6b:7a:0a,7932,-17,3081,212.16,82.42,82,653674,685953
f0:91:27:6b:7a:0a,7933,-16,3082,212.12,82.42,75,653749,686028
f0:91:27:6b:7a:0a,7935,-16,3083,212.10,82.42,156,653905,686184
f0:91:27:6b:7a:0a,7936,-17,3084,212.06,82.42,80,653985,686264
f0:91:27:6b:7a:0a,7938,-17,3085,212.04,82.42,162,654147,686426
f0:91:27:6b:7a:0a,7946,-17,3086,212.18,82.41,631,654778,687057
f0:91:27:6b:7a:0a,7947,-16,3087,212.13,82.41,77,654855,687134
f0:91:27:6b:7a:0a,7962,-17,3088,212.46,82.41,1230,656085,688364
f0:91:27:6b:7a:0a,7969,-16,3089,212.58,82.41,577,656662,688941
f0:91:27:6b:7a:0a,7973,-16,3090,212.61,82.41,314,656976,689255
f0:91:27:6b:7a:0a,7974,-16,3091,212.57,82.41,85,657061,689340
f0:91:27:6b:7a:0a,7975,-16,3092,212.53,82.41,77,657138,689417
f0:91:27:6b:7a:0a,7976,-17,3093,212.49,82.41,85,657223,689502
f0:91:27:6b:7a:0a,7990,-17,3094,212.78,82.41,1127,658350,690629
f0:91:27:6b:7a:0a,7991,-17,3095,212.74,82.41,78,658428,690707
f0:91:27:6b:7a:0a,7992,-16,3096,212.70,82.41,82,658510,690789
f0:91:27:6b:7a:0a,7994,-17,3097,212.68,82.41,158,658668,690947
f0:91:27:6b:7a:0a,7995,-17,3098,212.63,82.40,72,658740,691019
f0:91:27:6b:7a:0a,7996,-16,3099,212.59,82.40,81,658821,691100
f0:91:27:6b:7a:0a,7997,-17,3100,212.55,82.40,79,658900,691179
f0:91:27:6b:7a:0a,7999,-17,3101,212.53,82.40,156,659056,691335
f0:91:27:6b:7a:0a,8000,-16,3102,212.49,82.40,75,659131,691410
f0:91:27:6b:7a:0a,8001,-16,3103,212.44,82.40,79,659210,691489
f0:91:27:6b:7a:0a,8002,-16,3104,212.40,82.40,79,659289,691568
f0:91:27:6b:7a:0a,8004,-16,3105,212.38,82.40,161,659450,691729
f0:91:27:6b:7a:0a,8005,-16,3106,212.34,82.40,79,659529,691808
f0:91:27:6b:7a:0a,8006,-16,3107,212.30,82.40,88,659617,691896
f0:91:27:6b:7a:0a,8008,-17,3108,212.28,82.40,157,659774,692053
f0:91:27:6b:7a:0a,8011,-16,3109,212.29,82.40,236,660010,692289
f0:91:27:6b:7a:0a,8012,-16,3110,212.25,82.40,97,660107,692386
f0:91:27:6b:7a:0a,8013,-16,3111,212.21,82.40,78,660185,692464
f0:91:27:6b:7a:0a,8017,-16,3112,212.24,82.40,312,660497,692776
f0:91:27:6b:7a:0a,8019,-17,3113,212.22,82.40,158,660655,692934
f0:91:27:6b:7a:0a,8020,-16,3114,212.18,82.40,81,660736,693015
f0:91:27:6b:7a:0a,8024,-16,3115,212.22,82.39,317,661053,693332
f0:91:27:6b:7a:0a,8025,-16,3116,212.17,82.39,74,661127,693406
f0:91:27:6b:7a:0a,8032,-17,3117,212.29,82.39,573,661700,693979
f0:91:27:6b:7a:0a,8033,-16,3118,212.24,82.39,77,661777,694056
f0:91:27:6b:7a:0a,8034,-16,3119,212.20,82.39,82,661859,694138
f0:91:27:6b:7a:0a,8035,-17,3120,212.16,82.39,76,661935,694214
f0:91:27:6b:7a:0a,8036,-16,3121,212.12,82.39,81,662016,694295
f0:91:27:6b:7a:0a,8043,-17,3122,212.23,82.39,562,662578,694857
f0:91:27:6b:7a:0a,8044,-17,3123,212.19,82.39,77,662655,694934
f0:91:27:6b:7a:0a,8045,-16,3124,212.14,82.39,78,662733,695012
f0:91:27:6b:7a:0a,8046,-16,3125,212.10,82.39,81,662814,695093
f0:91:27:6b:7a:0a,8048,-16,3126,212.08,82.39,159,662973,695252
f0:91:27:6b:7a:0a,8049,-16,3127,212.04,82.39,77,663050,695329
f0:91:27:6b:7a:0a,8051,-17,3128,212.02,82.39,158,663208,695487
f0:91:27:6b:7a:0a,8052,-17,3129,211.98,82.39,88,663296,695575
f0:91:27:6b:7a:0a,8053,-17,3130,211.94,82.39,85,663381,695660
f0:91:27:6b:7a:0a,8054,-16,3131,211.90,82.39,85,663466,695745
f0:91:27:6b:7a:0a,8055,-16,3132,211.86,82.39,74,663540,695819
f0:91:27:6b:7a:0a,8056,-17,3133,211.82,82.39,83,663623,695902
f0:91:27:6b:7a:0a,8057,-16,3134,211.77,82.39,76,663699,695978
f0:91:27:6b:7a:0a,8064,-16,3135,211.88,82.38,550,664249,696528
f0:91:27:6b:7a:0a,8065,-17,3136,211.84,82.38,92,664341,696620
f0:91:27:6b:7a:0a,8066,-16,3137,211.80,82.38,80,664421,696700
f0:91:27:6b:7a:0a,8067,-17,3138,211.76,82.38,84,664505,696784
f0:91:27:6b:7a:0a,8068,-16,3139,211.72,82.38,85,664590,696869
f0:91:27:6b:7a:0a,8069,-17,3140,211.68,82.38,85,664675,696954
f0:91:27:6b:7a:0a,8070,-16,3141,211.64,82.38,79,664754,697033
f0:91:27:6b:7a:0a,8077,-16,3142,211.75,82.38,565,665319,697598
f0:91:27:6b:7a:0a,8079,-17,3143,211.73,82.38,157,665476,697755
f0:91:27:6b:7a:0a,8083,-16,3144,211.76,82.38,306,665782,698061
f0:91:27:6b:7a:0a,8084,-17,3145,211.72,82.38,87,665869,698148
f0:91:27:6b:7a:0a,8085,-16,3146,211.68,82.38,72,665941,698220
f0:91:27:6b:7a:0a,8086,-16,3147,211.64,82.38,75,666016,698295
f0:91:27:6b:7a:0a,8088,-17,3148,211.62,82.38,158,666174,698453
f0:91:27:6b:7a:0a,8089,-16,3149,211.57,82.37,71,666245,698524
f0:91:27:6b:7a:0a,8092,-17,3150,211.58,82.37,246,666491,698770
f0:91:27:6b:7a:0a,8094,-17,3151,211.57,82.37,167,666658,698937
f0:91:27:6b:7a:0a,8096,-16,3152,211.55,82.37,162,666820,699099
f0:91:27:6b:7a:0a,8098,-17,3153,211.54,82.37,163,666983,699262
f0:91:27:6b:7a:0a,8099,-16,3154,211.50,82.37,81,667064,699343
f0:91:27:6b:7a:0a,8103,-16,3155,211.53,82.37,316,667380,699659
f0:91:27:6b:7a:0a,8105,-17,3156,211.51,82.37,155,667535,699814
f0:91:27:6b:7a:0a,8109,-16,3157,211.55,82.37,317,667852,700131
f0:91:27:6b:7a:0a,8115,-17,3158,211.63,82.37,474,668326,700605
f0:91:27:6b:7a:0a,8118,-17,3159,211.64,82.37,235,668561,700840
f0:91:27:6b:7a:0a,8120,-16,3160,211.62,82.37,163,668724,701003
f0:91:27:6b:7a:0a,8121,-16,3161,211.58,82.36,72,668796,701075
f0:91:27:6b:7a:0a,8122,-16,3162,211.54,82.36,79,668875,701154
f0:91:27:6b:7a:0a,8128,-16,3163,211.62,82.36,479,669354,701633
f0:91:27:6b:7a:0a,8129,-16,3164,211.58,82.36,86,669440,701719
f0:91:27:6b:7a:0a,8130,-17,3165,211.54,82.36,76,669516,701795
f0:91:27:6b:7a:0a,8131,-16,3166,211.50,82.36,82,669598,701877
f0:91:27:6b:7a:0a,8140,-17,3167,211.65,82.36,707,670305,702584
f0:91:27:6b:7a:0a,8209,-17,3168,213.32,82.34,5505,675810,708089
f0:91:27:6b:7a:0a,8218,-16,3169,213.48,82.33,709,676519,708798
f0:91:27:6b:7a:0a,8219,-17,3170,213.44,82.33,71,676590,708869
f0:91:27:6b:7a:0a,8222,-16,3171,213.44,82.33,241,676831,709110
f0:91:27:6b:7a:0a,8228,-16,3172,213.53,82.33,475,677306,709585
f0:91:27:6b:7a:0a,8229,-16,3173,213.48,82.33,76,677382,709661
f0:91:27:6b:7a:0a,8230,-16,3174,213.44,82.33,81,677463,709742
f0:91:27:6b:7a:0a,8233,-17,3175,213.45,82.32,234,677697,709976
f0:91:27:6b:7a:0a,8236,-17,3176,213.45,82.32,228,677925,710204
f0:91:27:6b:7a:0a,8237,-16,3177,213.41,82.32,79,678004,710283
f0:91:27:6b:7a:0a,8238,-16,3178,213.37,82.32,79,678083,710362
f0:91:27:6b:7a:0a,8240,-16,3179,213.35,82.32,158,678241,710520
f0:91:27:6b:7a:0a,8246,-16,3180,213.44,82.32,485,678726,711005
f0:91:27:6b:7a:0a,8248,-17,3181,213.42,82.32,159,678885,711164
f0:91:27:6b:7a:0a,8250,-16,3182,213.40,82.32,161,679046,711325
f0:91:27:6b:7a:0a,8251,-16,3183,213.36,82.32,75,679121,711400
f0:91:27:6b:7a:0a,8252,-17,3184,213.32,82.32,83,679204,711483
f0:91:27:6b:7a:0a,8253,-16,3185,213.28,82.32,78,679282,711561
f0:91:27:6b:7a:0a,8254,-16,3186,213.23,82.32,79,679361,711640
f0:91:27:6b:7a:0a,8255,-17,3187,213.19,82.32,80,679441,711720
f0:91:27:6b:7a:0a,8256,-17,3188,213.15,82.32,81,679522,711801
f0:91:27:6b:7a:0a,8258,-16,3189,213.13,82.32,159,679681,711960
f0:91:27:6b:7a:0a,8261,-17,3190,213.14,82.31,239,679920,712199
f0:91:27:6b:7a:0a,8282,-16,3191,213.60,82.31,1670,681590,713869
f0:91:27:6b:7a:0a,8284,-17,3192,213.58,82.31,160,681750,714029
f0:91:27:6b:7a:0a,8285,-17,3193,213.54,82.31,79,681829,714108
f0:91:27:6b:7a:0a,8286,-17,3194,213.50,82.31,88,681917,714196
f0:91:27:6b:7a:0a,8287,-17,3195,213.46,82.31,80,681997,714276
f0:91:27:6b:7a:0a,8288,-16,3196,213.42,82.31,85,682082,714361
f0:91:27:6b:7a:0a,8289,-16,3197,213.38,82.31,91,682173,714452
f0:91:27:6b:7a:0a,8298,-16,3198,213.55,82.31,774,682947,715226
f0:91:27:6b:7a:0a,8299,-17,3199,213.52,82.31,100,683047,715326
f0:91:27:6b:7a:0a,8302,-17,3200,213.54,82.32,272,683319,715598
f0:91:27:6b:7a:0a,8304,-16,3201,213.53,82.32,193,683512,715791
f0:91:27:6b:7a:0a,8307,-16,3202,213.55,82.33,289,683801,716080
f0:91:27:6b:7a:0a,8309,-16,3203,213.54,82.33,174,683975,716254
f0:91:27:6b:7a:0a,8320,-16,3204,213.79,82.34,1012,684987,717266
f0:91:27:6b:7a:0a,8322,-17,3205,213.78,82.34,190,685177,717456
f0:91:27:6b:7a:0a,8324,-16,3206,213.78,82.35,191,685368,717647
f0:91:27:6b:7a:0a,8326,-16,3207,213.77,82.35,182,685550,717829
f0:91:27:6b:7a:0a,8327,-17,3208,213.73,82.35,87,685637,717916
f0:91:27:6b:7a:0a,8328,-17,3209,213.69,82.35,95,685732,718011
f0:91:27:6b:7a:0a,8330,-16,3210,213.68,82.35,191,685923,718202
f0:91:27:6b:7a:0a,8332,-17,3211,213.67,82.36,180,686103,718382
f0:91:27:6b:7a:0a,8334,-16,3212,213.66,82.36,181,686284,718563
f0:91:27:6b:7a:0a,8335,-16,3213,213.62,82.36,93,686377,718656
f0:91:27:6b:7a:0a,8336,-17,3214,213.59,82.36,93,686470,718749
f0:91:27:6b:7a:0a,8337,-16,3215,213.55,82.36,90,686560,718839
f0:91:27:6b:7a:0a,8338,-16,3216,213.51,82.36,95,686655,718934
f0:91:27:6b:7a:0a,8339,-16,3217,213.48,82.36,103,686758,719037
f0:91:27:6b:7a:0a,8340,-17,3218,213.44,82.37,89,686847,719126
f0:91:27:6b:7a:0a,8341,-16,3219,213.40,82.37,97,686944,719223
f0:91:27:6b:7a:0a,8342,-16,3220,213.37,82.37,96,687040,719319
f0:91:27:6b:7a:0a,8343,-17,3221,213.33,82.37,99,687139,719418
f0:91:27:6b:7a:0a,8344,-16,3222,213.29,82.37,94,687233,719512
f0:91:27:6b:7a:0a,8346,-16,3223,213.29,82.38,196,687429,719708
f0:91:27:6b:7a:0a,8347,-17,3224,213.25,82.38,92,687521,719800
f0:91:27:6b:7a:0a,8349,-17,3225,213.24,82.38,176,687697,719976
f0:91:27:6b:7a:0a,8352,-17,3226,213.26,82.38,281,687978,720257
f0:91:27:6b:7a:0a,8356,-16,3227,213.31,82.39,370,688348,720627
f0:91:27:6b:7a:0a,8357,-16,3228,213.27,82.39,93,688441,720720
f0:91:27:6b:7a:0a,8375,-17,3229,213.74,82.42,1727,690168,722447
f0:91:27:6b:7a:0a,8377,-16,3230,213.73,82.42,190,690358,722637
f0:91:27:6b:7a:0a,8379,-17,3231,213.73,82.42,195,690553,722832
f0:91:27:6b:7a:0a,8382,-17,3232,213.75,82.43,284,690837,723116
f0:91:27:6b:7a:0a,8385,-17,3233,213.77,82.43,278,691115,723394
f0:91:27:6b:7a:0a,8390,-17,3234,213.85,82.44,471,691586,723865
f0:91:27:6b:7a:0a,8399,-17,3235,214.04,82.45,839,692425,724704
f0:91:27:6b:7a:0a,8400,-17,3236,214.00,82.45,94,692519,724798
f0:91:27:6b:7a:0a,8403,-16,3237,214.02,82.46,269,692788,725067
f0:91:27:6b:7a:0a,8405,-17,3238,214.01,82.46,182,692970,725249
f0:91:27:6b:7a:0a,8409,-16,3239,214.06,82.46,372,693342,725621
f0:91:27:6b:7a:0a,8410,-17,3240,214.02,82.46,87,693429,725708
f0:91:27:6b:7a:0a,8412,-17,3241,214.01,82.46,174,693603,725882
f0:91:27:6b:7a:0a,8413,-16,3242,213.97,82.46,90,693693,725972
f0:91:27:6b:7a:0a,8414,-16,3243,213.93,82.47,90,693783,726062
f0:91:27:6b:7a:0a,8422,-16,3244,214.09,82.47,717,694500,726779
f0:91:27:6b:7a:0a,8427,-17,3245,214.15,82.47,431,694931,727210
f0:91:27:6b:7a:0a,8428,-16,3246,214.11,82.47,85,695016,727295
f0:91:27:6b:7a:0a,8430,-16,3247,214.10,82.48,171,695187,727466
f0:91:27:6b:7a:0a,8431,-17,3248,214.06,82.48,86,695273,727552
f0:91:27:6b:7a:0a,8432,-16,3249,214.02,82.48,85,695358,727637
f0:91:27:6b:7a:0a,8433,-16,3250,213.98,82.48,79,695437,727716
f0:91:27:6b:7a:0a,8434,-16,3251,213.94,82.48,88,695525,727804
f0:91:27:6b:7a:0a,8435,-16,3252,213.90,82.48,84,695609,727888
f0:91:27:6b:7a:0a,8436,-16,3253,213.86,82.48,77,695686,727965
f0:91:27:6b:7a:0a,8440,-16,3254,213.90,82.48,330,696016,728295
f0:91:27:6b:7a:0a,8442,-17,3255,213.88,82.48,160,696176,728455
f0:91:27:6b:7a:0a,8443,-16,3256,213.84,82.48,81,696257,728536
f0:91:27:6b:7a:0a,8445,-17,3257,213.83,82.48,180,696437,728716
f0:91:27:6b:7a:0a,8446,-17,3258,213.79,82.48,82,696519,728798
f0:91:27:6b:7a:0a,8448,-17,3259,213.77,82.48,172,696691,728970
f0:91:27:6b:7a:0a,8450,-17,3260,213.76,82.48,170,696861,729140
f0:91:27:6b:7a:0a,8460,-17,3261,213.96,82.48,858,697719,729998
f0:91:27:6b:7a:0a,8463,-16,3262,213.97,82.48,257,697976,730255
f0:91:27:6b:7a:0a,8464,-16,3263,213.93,82.48,89,698065,730344
f0:91:27:6b:7a:0a,8465,-17,3264,213.89,82.48,80,698145,730424
f0:91:27:6b:7a:0a,8466,-17,3265,213.85,82.48,83,698228,730507
f0:91:27:6b:7a:0a,8467,-16,3266,213.81,82.48,84,698312,730591
f0:91:27:6b:7a:0a,8468,-17,3267,213.77,82.49,89,698401,730680
f0:91:27:6b:7a:0a,8470,-17,3268,213.76,82.49,173,698574,730853
f0:91:27:6b:7a:0a,8471,-16,3269,213.72,82.49,91,698665,730944
f0:91:27:6b:7a:0a,8472,-17,3270,213.68,82.49,80,698745,731024
f0:91:27:6b:7a:0a,8473,-16,3271,213.65,82.49,89,698834,731113
f0:91:27:6b:7a:0a,8474,-16,3272,213.61,82.49,86,698920,731199
f0:91:27:6b:7a:0a,8475,-16,3273,213.57,82.49,83,699003,731282
f0:91:27:6b:7a:0a,8485,-17,3274,213.75,82.49,809,699812,732091
f0:91:27:6b:7a:0a,8489,-17,3275,213.79,82.49,339,700151,732430
f0:91:27:6b:7a:0a,8490,-16,3276,213.74,82.49,75,700226,732505
f0:91:27:6b:7a:0a,8491,-16,3277,213.70,82.49,79,700305,732584
f0:91:27:6b:7a:0a,8492,-16,3278,213.67,82.49,93,700398,732677
f0:91:27:6b:7a:0a,8494,-17,3279,213.65,82.49,162,700560,732839
f0:91:27:6b:7a:0a,8495,-16,3280,213.61,82.49,84,700644,732923
f0:91:27:6b:7a:0a,8516,-16,3281,214.05,82.48,1665,702309,734588
f0:91:27:6b:7a:0a,8522,-16,3282,214.14,82.48,489,702798,735077
f0:91:27:6b:7a:0a,8527,-16,3283,214.20,82.48,406,703204,735483
f0:91:27:6b:7a:0a,8529,-16,3284,214.18,82.48,159,703363,735642
f0:91:27:6b:7a:0a,8530,-16,3285,214.14,82.48,75,703438,735717
f0:91:27:6b:7a:0a,8537,-16,3286,214.25,82.48,576,704014,736293
f0:91:27:6b:7a:0a,8538,-16,3287,214.21,82.48,78,704092,736371
f0:91:27:6b:7a:0a,8541,-16,3288,214.21,82.47,234,704326,736605
f0:91:27:6b:7a:0a,8542,-16,3289,214.17,82.47,81,704407,736686
f0:91:27:6b:7a:0a,8543,-17,3290,214.13,82.47,78,704485,736764
f0:91:27:6b:7a:0a,8545,-16,3291,214.11,82.47,161,704646,736925
f0:91:27:6b:7a:0a,8546,-17,3292,214.07,82.47,85,704731,737010
f0:91:27:6b:7a:0a,8547,-17,3293,214.03,82.47,73,704804,737083
f0:91:27:6b:7a:0a,8549,-16,3294,214.01,82.47,151,704955,737234
f0:91:27:6b:7a:0a,8552,-16,3295,214.02,82.47,241,705196,737475
f0:91:27:6b:7a:0a,8553,-16,3296,213.98,82.47,76,705272,737551
f0:91:27:6b:7a:0a,8554,-17,3297,213.94,82.47,87,705359,737638
f0:91:27:6b:7a:0a,8555,-16,3298,213.90,82.47,74,705433,737712
f0:91:27:6b:7a:0a,8556,-16,3299,213.86,82.47,82,705515,737794
f0:91:27:6b:7a:0a,8558,-16,3300,213.84,82.47,167,705682,737961
f0:91:27:6b:7a:0a,8559,-16,3301,213.80,82.47,77,705759,738038
f0:91:27:6b:7a:0a,8560,-18,3302,213.76,82.47,85,705844,738123
f0:91:27:6b:7a:0a,8561,-16,3303,213.72,82.47,83,705927,738206
f0:91:27:6b:7a:0a,8564,-17,3304,213.73,82.47,228,706155,738434
f0:91:27:6b:7a:0a,8565,-16,3305,213.69,82.47,83,706238,738517
f0:91:27:6b:7a:0a,8566,-16,3306,213.65,82.47,79,706317,738596
f0:91:27:6b:7a:0a,8567,-17,3307,213.61,82.47,80,706397,738676
f0:91:27:6b:7a:0a,8568,-16,3308,213.56,82.46,76,706473,738752
f0:91:27:6b:7a:0a,8569,-17,3309,213.53,82.47,93,706566,738845
f0:91:27:6b:7a:0a,8579,-17,3310,213.71,82.46,803,707369,739648
f0:91:27:6b:7a:0a,8582,-17,3311,213.71,82.46,238,707607,739886
f0:91:27:6b:7a:0a,8584,-17,3312,213.70,82.46,153,707760,740039
f0:91:27:6b:7a:0a,8585,-16,3313,213.65,82.46,78,707838,740117
f0:91:27:6b:7a:0a,8589,-16,3314,213.69,82.46,318,708156,740435
f0:91:27:6b:7a:0a,8590,-17,3315,213.65,82.46,78,708234,740513
f0:91:27:6b:7a:0a,8591,-16,3316,213.61,82.46,86,708320,740599
f0:91:27:6b:7a:0a,8592,-16,3317,213.57,82.46,78,708398,740677
f0:91:27:6b:7a:0a,8596,-17,3318,213.60,82.46,326,708724,741003
f0:91:27:6b:7a:0a,8600,-17,3319,213.63,82.45,304,709028,741307
f0:91:27:6b:7a:0a,8601,-16,3320,213.59,82.45,82,709110,741389
f0:91:27:6b:7a:0a,8602,-16,3321,213.55,82.45,78,709188,741467
f0:91:27:6b:7a:0a,8603,-16,3322,213.51,82.45,89,709277,741556
f0:91:27:6b:7a:0a,8604,-16,3323,213.47,82.45,81,709358,741637
f0:91:27:6b:7a:0a,8605,-17,3324,213.43,82.45,75,709433,741712
f0:91:27:6b:7a:0a,8606,-17,3325,213.39,82.45,78,709511,741790
f0:91:27:6b:7a:0a,8607,-16,3326,213.35,82.45,79,709590,741869
f0:91:27:6b:7a:0a,8611,-16,3327,213.38,82.45,309,709899,742178
f0:91:27:6b:7a:0a,8612,-17,3328,213.34,82.45,84,709983,742262
f0:91:27:6b:7a:0a,8613,-16,3329,213.30,82.45,77,710060,742339
f0:91:27:6b:7a:0a,8614,-16,3330,213.25,82.45,77,710137,742416
f0:91:27:6b:7a:0a,8615,-16,3331,213.22,82.45,91,710228,742507
f0:91:27:6b:7a:0a,8616,-16,3332,213.18,82.45,79,710307,742586
f0:91:27:6b:7a:0a,8618,-16,3333,213.16,82.45,167,710474,742753
f0:91:27:6b:7a:0a,8619,-17,3334,213.13,82.45,92,710566,742845
f0:91:27:6b:7a:0a,8622,-17,3335,213.13,82.45,236,710802,743081
f0:91:27:6b:7a:0a,8623,-16,3336,213.09,82.45,72,710874,743153
f0:91:27:6b:7a:0a,8624,-16,3337,213.05,82.45,84,710958,743237
f0:91:27:6b:7a:0a,8625,-16,3338,213.02,82.45,93,711051,743330
f0:91:27:6b:7a:0a,8629,-16,3339,213.05,82.45,312,711363,743642
f0:91:27:6b:7a:0a,8630,-16,3340,213.01,82.45,83,711446,743725
f0:91:27:6b:7a:0a,8631,-17,3341,212.97,82.45,77,711523,743802
f0:91:27:6b:7a:0a,8632,-16,3342,212.93,82.45,86,711609,743888
f0:91:27:6b:7a:0a,8634,-16,3343,212.91,82.45,153,711762,744041
f0:91:27:6b:7a:0a,8638,-16,3344,212.94,82.44,310,712072,744351
f0:91:27:6b:7a:0a,8644,-16,3345,213.02,82.44,486,712558,744837
f0:91:27:6b:7a:0a,8645,-16,3346,212.98,82.44,74,712632,744911
f0:91:27:6b:7a:0a,8646,-16,3347,212.94,82.44,83,712715,744994
f0:91:27:6b:7a:0a,8651,-16,3348,213.00,82.44,404,713119,745398
f0:91:27:6b:7a:0a,8656,-16,3349,213.05,82.44,390,713509,745788
f0:91:27:6b:7a:0a,8657,-16,3350,213.01,82.44,75,713584,745863
f0:91:27:6b:7a:0a,8658,-17,3351,212.97,82.44,79,713663,745942
f0:91:27:6b:7a:0a,8659,-17,3352,212.93,82.44,81,713744,746023
f0:91:27:6b:7a:0a,8661,-16,3353,212.91,82.44,152,713896,746175
f0:91:27:6b:7a:0a,8664,-17,3354,212.92,82.43,235,714131,746410
f0:91:27:6b:7a:0a,8665,-16,3355,212.88,82.43,80,714211,746490
f0:91:27:6b:7a:0a,8666,-16,3356,212.84,82.43,74,714285,746564
f0:91:27:6b:7a:0a,8667,-17,3357,212.80,82.43,78,714363,746642
f0:91:27:6b:7a:0a,8668,-16,3358,212.76,82.43,79,714442,746721
f0:91:27:6b:7a:0a,8669,-16,3359,212.72,82.43,90,714532,746811
f0:91:27:6b:7a:0a,8671,-16,3360,212.70,82.43,153,714685,746964
f0:91:27:6b:7a:0a,8672,-16,3361,212.66,82.43,81,714766,747045
f0:91:27:6b:7a:0a,8673,-17,3362,212.62,82.43,76,714842,747121
f0:91:27:6b:7a:0a,8676,-16,3363,212.63,82.43,246,715088,747367
f0:91:27:6b:7a:0a,8678,-16,3364,212.62,82.43,154,715242,747521
f0:91:27:6b:7a:0a,8679,-17,3365,212.58,82.43,81,715323,747602
f0:91:27:6b:7a:0a,8680,-16,3366,212.54,82.43,81,715404,747683
f0:91:27:6b:7a:0a,8681,-16,3367,212.50,82.43,75,715479,747758
f0:91:27:6b:7a:0a,8683,-17,3368,212.48,82.43,158,715637,747916
f0:91:27:6b:7a:0a,8684,-16,3369,212.44,82.43,76,715713,747992
f0:91:27:6b:7a:0a,8685,-16,3370,212.40,82.43,84,715797,748076
f0:91:27:6b:7a:0a,8686,-16,3371,212.36,82.43,77,715874,748153
f0:91:27:6b:7a:0a,8687,-16,3372,212.33,82.43,89,715963,748242
f0:91:27:6b:7a:0a,8690,-17,3373,212.33,82.43,233,716196,748475
f0:91:27:6b:7a:0a,8691,-16,3374,212.29,82.43,83,716279,748558
f0:91:27:6b:7a:0a,8692,-16,3375,212.25,82.43,78,716357,748636
f0:91:27:6b:7a:0a,8693,-17,3376,212.21,82.42,78,716435,748714
f0:91:27:6b:7a:0a,8694,-16,3377,212.17,82.42,79,716514,748793
f0:91:27:6b:7a:0a,8697,-16,3378,212.18,82.42,245,716759,749038
f0:91:27:6b:7a:0a,8698,-16,3379,212.14,82.42,78,716837,749116
f0:91:27:6b:7a:0a,8699,-16,3380,212.11,82.42,80,716917,749196
f0:91:27:6b:7a:0a,8700,-17,3381,212.07,82.42,79,716996,749275
f0:91:27:6b:7a:0a,8703,-16,3382,212.07,82.42,234,717230,749509
f0:91:27:6b:7a:0a,8704,-17,3383,212.03,82.42,84,717314,749593
f0:91:27:6b:7a:0a,8705,-16,3384,211.99,82.42,69,717383,749662
f0:91:27:6b:7a:0a,8706,-17,3385,211.96,82.42,89,717472,749751
f0:91:27:6b:7a:0a,8708,-16,3386,211.94,82.42,158,717630,749909
f0:91:27:6b:7a:0a,8710,-16,3387,211.93,82.42,170,717800,750079
f0:91:27:6b:7a:0a,8713,-16,3388,211.94,82.42,238,718038,750317
f0:91:27:6b:7a:0a,8714,-16,3389,211.89,82.42,72,718110,750389
f0:91:27:6b:7a:0a,8717,-17,3390,211.90,82.42,243,718353,750632
f0:91:27:6b:7a:0a,8718,-16,3391,211.87,82.42,83,718436,750715
f0:91:27:6b:7a:0a,8719,-16,3392,211.83,82.42,78,718514,750793
f0:91:27:6b:7a:0a,8722,-17,3393,211.84,82.42,246,718760,751039
f0:91:27:6b:7a:0a,8736,-17,3394,212.10,82.41,1120,719880,752159
f0:91:27:6b:7a:0a,8738,-16,3395,212.09,82.41,155,720035,752314
f0:91:27:6b:7a:0a,8740,-17,3396,212.07,82.41,161,720196,752475
f0:91:27:6b:7a:0a,8742,-16,3397,212.05,82.41,154,720350,752629
f0:91:27:6b:7a:0a,8743,-16,3398,212.02,82.41,79,720429,752708
f0:91:27:6b:7a:0a,8745,-17,3399,212.00,82.41,156,720585,752864
f0:91:27:6b:7a:0a,8747,-16,3400,211.98,82.41,157,720742,753021
f0:91:27:6b:7a:0a,8757,-16,3401,212.15,82.40,796,721538,753817
f0:91:27:6b:7a:0a,8758,-17,3402,212.11,82.40,77,721615,753894
f0:91:27:6b:7a:0a,8759,-16,3403,212.07,82.40,76,721691,753970
f0:91:27:6b:7a:0a,8760,-16,3404,212.04,82.40,78,721769,754048
f0:91:27:6b:7a:0a,8761,-17,3405,212.00,82.40,78,721847,754126
f0:91:27:6b:7a:0a,8762,-16,3406,211.96,82.40,77,721924,754203
f0:91:27:6b:7a:0a,8763,-16,3407,211.92,82.40,79,722003,754282
f0:91:27:6b:7a:0a,8768,-16,3408,211.98,82.40,409,722412,754691
f0:91:27:6b:7a:0a,8769,-16,3409,211.93,82.40,72,722484,754763
f0:91:27:6b:7a:0a,8774,-16,3410,211.99,82.40,396,722880,755159
f0:91:27:6b:7a:0a,8775,-17,3411,211.95,82.40,76,722956,755235
f0:91:27:6b:7a:0a,8776,-17,3412,211.91,82.40,84,723040,755319
f0:91:27:6b:7a:0a,8779,-17,3413,211.92,82.40,237,723277,755556
f0:91:27:6b:7a:0a,8780,-16,3414,211.88,82.40,87,723364,755643
f0:91:27:6b:7a:0a,8793,-17,3415,212.12,82.39,1034,724398,756677
f0:91:27:6b:7a:0a,8794,-16,3416,212.08,82.39,78,724476,756755
f0:91:27:6b:7a:0a,8796,-17,3417,212.07,82.39,152,724628,756907
f0:91:27:6b:7a:0a,8799,-16,3418,212.07,82.39,239,724867,757146
f0:91:27:6b:7a:0a,8800,-17,3419,212.03,82.39,75,724942,757221
f0:91:27:6b:7a:0a,8801,-16,3420,212.00,82.39,82,725024,757303
f0:91:27:6b:7a:0a,8802,-16,3421,211.96,82.39,78,725102,757381
f0:91:27:6b:7a:0a,8805,-16,3422,211.96,82.39,238,725340,757619
f0:91:27:6b:7a:0a,8812,-17,3423,212.07,82.39,576,725916,758195
f0:91:27:6b:7a:0a,8820,-16,3424,212.19,82.38,619,726535,758814
f0:91:27:6b:7a:0a,8832,-16,3425,212.40,82.38,948,727483,759762
f0:91:27:6b:7a:0a,8833,-16,3426,212.36,82.38,79,727562,759841
f0:91:27:6b:7a:0a,8834,-16,3427,212.32,82.38,75,727637,759916
f0:91:27:6b:7a:0a,8835,-17,3428,212.29,82.38,81,727718,759997
f0:91:27:6b:7a:0a,8836,-16,3429,212.25,82.38,72,727790,760069
f0:91:27:6b:7a:0a,8838,-17,3430,212.23,82.38,165,727955,760234
f0:91:27:6b:7a:0a,8839,-16,3431,212.19,82.38,85,728040,760319
f0:91:27:6b:7a:0a,8857,-17,3432,212.54,82.37,1410,729450,761729
f0:91:27:6b:7a:0a,8858,-17,3433,212.50,82.37,77,729527,761806
f0:91:27:6b:7a:0a,8859,-16,3434,212.47,82.37,84,729611,761890
f0:91:27:6b:7a:0a,8860,-16,3435,212.43,82.37,78,729689,761968
f0:91:27:6b:7a:0a,8862,-16,3436,212.41,82.37,155,729844,762123
f0:91:27:6b:7a:0a,8875,-16,3437,212.65,82.36,1043,730887,763166
f0:91:27:6b:7a:0a,8901,-16,3438,213.20,82.36,2090,732977,765256
f0:91:27:6b:7a:0a,8907,-17,3439,213.28,82.35,476,733453,765732
f0:91:27:6b:7a:0a,8924,-16,3440,213.60,82.35,1342,734795,767074
f0:91:27:6b:7a:0a,8925,-16,3441,213.56,82.35,77,734872,767151
f0:91:27:6b:7a:0a,8926,-17,3442,213.53,82.35,84,734956,767235
f0:91:27:6b:7a:0a,8933,-16,3443,213.62,82.35,553,735509,767788
f0:91:27:6b:7a:0a,8934,-16,3444,213.58,82.34,66,735575,767854
f0:91:27:6b:7a:0a,8935,-16,3445,213.54,82.34,84,735659,767938
f0:91:27:6b:7a:0a,8936,-17,3446,213.51,82.34,80,735739,768018
f0:91:27:6b:7a:0a,8937,-16,3447,213.46,82.34,74,735813,768092
f0:91:27:6b:7a:0a,8938,-17,3448,213.43,82.34,93,735906,768185
f0:91:27:6b:7a:0a,8939,-17,3449,213.39,82.34,72,735978,768257
f0:91:27:6b:7a:0a,8941,-16,3450,213.38,82.34,168,736146,768425
f0:91:27:6b:7a:0a,8947,-16,3451,213.45,82.34,476,736622,768901
f0:91:27:6b:7a:0a,8948,-16,3452,213.41,82.34,76,736698,768977
f0:91:27:6b:7a:0a,8949,-16,3453,213.37,82.34,83,736781,769060
f0:91:27:6b:7a:0a,8951,-17,3454,213.36,82.34,154,736935,769214
f0:91:27:6b:7a:0a,8952,-16,3455,213.32,82.34,70,737005,769284
f0:91:27:6b:7a:0a,8953,-16,3456,213.28,82.34,82,737087,769366
f0:91:27:6b:7a:0a,8954,-16,3457,213.24,82.34,78,737165,769444
f0:91:27:6b:7a:0a,8955,-16,3458,213.20,82.34,76,737241,769520
f0:91:27:6b:7a:0a,8957,-16,3459,213.18,82.34,156,737397,769676
f0:91:27:6b:7a:0a,8958,-16,3460,213.14,82.34,84,737481,769760
f0:91:27:6b:7a:0a,8961,-16,3461,213.15,82.34,243,737724,770003
f0:91:27:6b:7a:0a,8962,-16,3462,213.11,82.33,77,737801,770080
f0:91:27:6b:7a:0a,8966,-17,3463,213.15,82.33,326,738127,770406
f0:91:27:6b:7a:0a,8970,-16,3464,213.18,82.33,314,738441,770720
f0:91:27:6b:7a:0a,8976,-16,3465,213.25,82.33,479,738920,771199
f0:91:27:6b:7a:0a,8977,-16,3466,213.21,82.33,75,738995,771274
f0:91:27:6b:7a:0a,8978,-16,3467,213.17,82.33,82,739077,771356
f0:91:27:6b:7a:0a,8979,-17,3468,213.14,82.33,76,739153,771432
f0:91:27:6b:7a:0a,8982,-16,3469,213.14,82.33,246,739399,771678
f0:91:27:6b:7a:0a,8983,-16,3470,213.11,82.33,84,739483,771762
f0:91:27:6b:7a:0a,8984,-16,3471,213.07,82.33,73,739556,771835
f0:91:27:6b:7a:0a,8985,-17,3472,213.03,82.33,78,739634,771913
f0:91:27:6b:7a:0a,8987,-17,3473,213.01,82.33,154,739788,772067
f0:91:27:6b:7a:0a,8988,-17,3474,212.97,82.33,79,739867,772146
f0:91:27:6b:7a:0a,8989,-17,3475,212.93,82.33,76,739943,772222
f0:91:27:6b:7a:0a,8991,-16,3476,212.92,82.33,159,740102,772381
f0:91:27:6b:7a:0a,8993,-16,3477,212.90,82.32,157,740259,772538
f0:91:27:6b:7a:0a,8997,-16,3478,212.93,82.32,316,740575,772854
f0:91:27:6b:7a:0a,9004,-16,3479,213.03,82.32,565,741140,773419
f0:91:27:6b:7a:0a,9005,-16,3480,213.00,82.32,84,741224,773503
f0:91:27:6b:7a:0a,9006,-17,3481,212.96,82.32,76,741300,773579
f0:91:27:6b:7a:0a,9010,-16,3482,212.99,82.32,347,741647,773926
f0:91:27:6b:7a:0a,9018,-17,3483,213.14,82.33,716,742363,774642
f0:91:27:6b:7a:0a,9019,-16,3484,213.10,82.33,91,742454,774733
f0:91:27:6b:7a:0a,9022,-16,3485,213.12,82.33,272,742726,775005
f0:91:27:6b:7a:0a,9024,-17,3486,213.11,82.33,181,742907,775186
f0:91:27:6b:7a:0a,9025,-16,3487,213.08,82.34,89,742996,775275
f0:91:27:6b:7a:0a,9026,-16,3488,213.04,82.34,90,743086,775365
f0:91:27:6b:7a:0a,9027,-17,3489,213.01,82.34,98,743184,775463
f0:91:27:6b:7a:0a,9028,-17,3490,212.97,82.34,95,743279,775558
f0:91:27:6b:7a:0a,9029,-17,3491,212.94,82.34,90,743369,775648
f0:91:27:6b:7a:0a,9033,-16,3492,212.99,82.35,375,743744,776023
f0:91:27:6b:7a:0a,9034,-17,3493,212.95,82.35,89,743833,776112
f0:91:27:6b:7a:0a,9039,-16,3494,213.02,82.35,458,744291,776570
f0:91:27:6b:7a:0a,9040,-17,3495,212.99,82.35,95,744386,776665
f0:91:27:6b:7a:0a,9041,-16,3496,212.95,82.35,86,744472,776751
f0:91:27:6b:7a:0a,9044,-16,3497,212.97,82.36,285,744757,777036
f0:91:27:6b:7a:0a,9046,-17,3498,212.96,82.36,180,744937,777216
f0:91:27:6b:7a:0a,9048,-16,3499,212.95,82.36,186,745123,777402
f0:91:27:6b:7a:0a,9049,-17,3500,212.92,82.36,95,745218,777497
f0:91:27:6b:7a:0a,9050,-16,3501,212.88,82.36,88,745306,777585
f0:91:27:6b:7a:0a,9051,-16,3502,212.85,82.36,96,745402,777681
f0:91:27:6b:7a:0a,9052,-17,3503,212.81,82.37,85,745487,777766
f0:91:27:6b:7a:0a,9053,-16,3504,212.78,82.37,90,745577,777856
f0:91:27:6b:7a:0a,9054,-16,3505,212.75,82.37,101,745678,777957
f0:91:27:6b:7a:0a,9055,-17,3506,212.71,82.37,86,745764,778043
f0:91:27:6b:7a:0a,9056,-17,3507,212.68,82.37,102,745866,778145
f0:91:27:6b:7a:0a,9057,-16,3508,212.64,82.37,90,745956,778235
f0:91:27:6b:7a:0a,9058,-17,3509,212.61,82.37,106,746062,778341
f0:91:27:6b:7a:0a,9059,-16,3510,212.58,82.38,93,746155,778434
f0:91:27:6b:7a:0a,9061,-16,3511,212.57,82.38,191,746346,778625
f0:91:27:6b:7a:0a,9062,-17,3512,212.54,82.38,94,746440,778719
f0:91:27:6b:7a:0a,9063,-16,3513,212.51,82.38,99,746539,778818
f0:91:27:6b:7a:0a,9064,-16,3514,212.47,82.38,88,746627,778906
f0:91:27:6b:7a:0a,9065,-16,3515,212.44,82.38,101,746728,779007
f0:91:27:6b:7a:0a,9067,-16,3516,212.43,82.39,188,746916,779195
f0:91:27:6b:7a:0a,9069,-17,3517,212.43,82.39,187,747103,779382
f0:91:27:6b:7a:0a,9070,-16,3518,212.39,82.39,98,747201,779480
f0:91:27:6b:7a:0a,9071,-16,3519,212.36,82.39,94,747295,779574
f0:91:27:6b:7a:0a,9073,-17,3520,212.35,82.39,190,747485,779764
f0:91:27:6b:7a:0a,9074,-16,3521,212.32,82.40,95,747580,779859
f0:91:27:6b:7a:0a,9075,-16,3522,212.29,82.40,97,747677,779956
f0:91:27:6b:7a:0a,9076,-17,3523,212.25,82.40,93,747770,780049
f0:91:27:6b:7a:0a,9077,-17,3524,212.22,82.40,98,747868,780147
f0:91:27:6b:7a:0a,9078,-17,3525,212.19,82.40,94,747962,780241
f0:91:27:6b:7a:0a,9079,-16,3526,212.15,82.40,91,748053,780332
f0:91:27:6b:7a:0a,9080,-17,3527,212.12,82.40,91,748144,780423
f0:91:27:6b:7a:0a,9081,-16,3528,212.09,82.41,96,748240,780519
f0:91:27:6b:7a:0a,9083,-16,3529,212.08,82.41,192,748432,780711
f0:91:27:6b:7a:0a,9084,-16,3530,212.05,82.41,88,748520,780799
f0:91:27:6b:7a:0a,9085,-16,3531,212.01,82.41,94,748614,780893
f0:91:27:6b:7a:0a,9086,-16,3532,211.98,82.41,96,748710,780989
f0:91:27:6b:7a:0a,9087,-17,3533,211.95,82.41,93,748803,781082
f0:91:27:6b:7a:0a,9091,-17,3534,211.99,82.42,381,749184,781463
f0:91:27:6b:7a:0a,9092,-16,3535,211.96,82.42,87,749271,781550
f0:91:27:6b:7a:0a,9094,-17,3536,211.95,82.42,182,749453,781732
f0:91:27:6b:7a:0a,9102,-17,3537,212.10,82.43,753,750206,782485
f0:91:27:6b:7a:0a,9105,-17,3538,212.12,82.43,282,750488,782767
f0:91:27:6b:7a:0a,9106,-17,3539,212.09,82.44,108,750596,782875
f0:91:27:6b:7a:0a,9110,-17,3540,212.14,82.44,376,750972,783251
f0:91:27:6b:7a:0a,9114,-17,3541,212.19,82.45,377,751349,783628
f0:91:27:6b:7a:0a,9115,-16,3542,212.15,82.45,93,751442,783721
f0:91:27:6b:7a:0a,9119,-17,3543,212.20,82.45,376,751818,784097
f0:91:27:6b:7a:0a,9123,-16,3544,212.24,82.46,360,752178,784457
f0:91:27:6b:7a:0a,9128,-16,3545,212.31,82.46,454,752632,784911
f0:91:27:6b:7a:0a,9129,-17,3546,212.27,82.46,89,752721,785000
f0:91:27:6b:7a:0a,9131,-17,3547,212.26,82.46,179,752900,785179
f0:91:27:6b:7a:0a,9132,-16,3548,212.23,82.47,91,752991,785270
f0:91:27:6b:7a:0a,9134,-17,3549,212.22,82.47,180,753171,785450
f0:91:27:6b:7a:0a,9135,-16,3550,212.19,82.47,100,753271,785550
f0:91:27:6b:7a:0a,9136,-16,3551,212.15,82.47,81,753352,785631
f0:91:27:6b:7a:0a,9137,-17,3552,212.12,82.47,99,753451,785730
f0:91:27:6b:7a:0a,9140,-16,3553,212.13,82.47,262,753713,785992
f0:91:27:6b:7a:0a,9141,-16,3554,212.10,82.47,92,753805,786084
f0:91:27:6b:7a:0a,9144,-16,3555,212.11,82.47,261,754066,786345
f0:91:27:6b:7a:0a,9145,-16,3556,212.08,82.48,90,754156,786435
f0:91:27:6b:7a:0a,9146,-17,3557,212.04,82.48,88,754244,786523
f0:91:27:6b:7a:0a,9147,-16,3558,212.01,82.48,91,754335,786614
f0:91:27:6b:7a:0a,9154,-17,3559,212.12,82.48,589,754924,787203
f0:91:27:6b:7a:0a,9172,-16,3560,212.48,82.48,1522,756446,788725
f0:91:27:6b:7a:0a,9179,-16,3561,212.59,82.48,598,757044,789323
f0:91:27:6b:7a:0a,9196,-16,3562,212.94,82.49,1442,758486,790765
f0:91:27:6b:7a:0a,9197,-16,3563,212.90,82.49,83,758569,790848
f0:91:27:6b:7a:0a,9202,-16,3564,212.96,82.49,415,758984,791263
f0:91:27:6b:7a:0a,9233,-16,3565,213.60,82.48,2489,761473,793752
f0:91:27:6b:7a:0a,9234,-16,3566,213.56,82.48,86,761559,793838
f0:91:27:6b:7a:0a,9235,-17,3567,213.52,82.48,81,761640,793919
f0:91:27:6b:7a:0a,9243,-16,3568,213.64,82.48,637,762277,794556
f0:91:27:6b:7a:0a,9244,-16,3569,213.61,82.48,84,762361,794640
f0:91:27:6b:7a:0a,9245,-16,3570,213.57,82.48,82,762443,794722
f0:91:27:6b:7a:0a,9261,-17,3571,213.87,82.47,1275,763718,795997
f0:91:27:6b:7a:0a,9272,-16,3572,214.06,82.47,887,764605,796884
f0:91:27:6b:7a:0a,9273,-17,3573,214.02,82.47,76,764681,796960
f0:91:27:6b:7a:0a,9277,-17,3574,214.04,82.47,313,764994,797273
f0:91:27:6b:7a:0a,9280,-17,3575,214.05,82.47,235,765229,797508
f0:91:27:6b:7a:0a,9285,-16,3576,214.10,82.47,400,765629,797908
f0:91:27:6b:7a:0a,9287,-17,3577,214.08,82.47,153,765782,798061
f0:91:27:6b:7a:0a,9306,-17,3578,214.45,82.46,1509,767291,799570
f0:91:27:6b:7a:0a,9313,-16,3579,214.54,82.46,556,767847,800126
f0:91:27:6b:7a:0a,9314,-16,3580,214.51,82.46,81,767928,800207
f0:91:27:6b:7a:0a,9316,-16,3581,214.49,82.46,153,768081,800360
f0:91:27:6b:7a:0a,9320,-16,3582,214.52,82.46,321,768402,800681
f0:91:27:6b:7a:0a,9321,-16,3583,214.49,82.46,99,768501,800780
f0:91:27:6b:7a:0a,9322,-16,3584,214.45,82.46,80,768581,800860
f0:91:27:6b:7a:0a,9323,-17,3585,214.41,82.46,75,768656,800935
f0:91:27:6b:7a:0a,9336,-17,3586,214.64,82.45,1042,769698,801977
f0:91:27:6b:7a:0a,9337,-16,3587,214.60,82.45,88,769786,802065
f0:91:27:6b:7a:0a,9338,-17,3588,214.57,82.45,78,769864,802143
f0:91:27:6b:7a:0a,9339,-17,3589,214.53,82.45,82,769946,802225
f0:91:27:6b:7a:0a,9340,-16,3590,214.49,82.45,74,770020,802299
f0:91:27:6b:7a:0a,9341,-16,3591,214.45,82.45,80,770100,802379
f0:91:27:6b:7a:0a,9342,-17,3592,214.41,82.45,77,770177,802456
f0:91:27:6b:7a:0a,9364,-16,3593,214.85,82.45,1773,771950,804229
f0:91:27:6b:7a:0a,9365,-17,3594,214.81,82.45,70,772020,804299
f0:91:27:6b:7a:0a,9366,-16,3595,214.77,82.45,84,772104,804383
f0:91:27:6b:7a:0a,9367,-17,3596,214.73,82.45,80,772184,804463
f0:91:27:6b:7a:0a,9368,-17,3597,214.70,82.44,75,772259,804538
f0:91:27:6b:7a:0a,9370,-17,3598,214.68,82.45,174,772433,804712
f0:91:27:6b:7a:0a,9375,-16,3599,214.73,82.44,387,772820,805099
f0:91:27:6b:7a:0a,9376,-16,3600,214.69,82.44,80,772900,805179
f0:91:27:6b:7a:0a,9382,-16,3601,214.77,82.44,474,773374,805653
f0:91:27:6b:7a:0a,9400,-16,3602,215.11,82.44,1440,774814,807093
f0:91:27:6b:7a:0a,9403,-17,3603,215.11,82.44,242,775056,807335
f0:91:27:6b:7a:0a,9416,-16,3604,215.34,82.43,1042,776098,808377
f0:91:27:6b:7a:0a,9417,-16,3605,215.30,82.43,75,776173,808452
f0:91:27:6b:7a:0a,9421,-16,3606,215.34,82.43,334,776507,808786
f0:91:27:6b:7a:0a,9423,-17,3607,215.32,82.43,166,776673,808952
f0:91:27:6b:7a:0a,9425,-17,3608,215.31,82.43,170,776843,809122
f0:91:27:6b:7a:0a,9472,-16,3609,216.30,82.42,3789,780632,812911
f0:91:27:6b:7a:0a,9476,-16,3610,216.33,82.42,313,780945,813224
f0:91:27:6b:7a:0a,9530,-17,3611,217.46,82.41,4309,785254,817533
f0:91:27:6b:7a:0a,9703,-17,3612,221.22,82.36,13780,799034,831313
f0:91:27:6b:7a:0a,9709,-16,3613,221.29,82.36,485,799519,831798
f0:91:27:6b:7a:0a,9711,-17,3614,221.27,82.36,154,799673,831952
f0:91:27:6b:7a:0a,9712,-16,3615,221.23,82.36,84,799757,832036
f0:91:27:6b:7a:0a,9713,-17,3616,221.20,82.36,87,799844,832123
f0:91:27:6b:7a:0a,9715,-17,3617,221.18,82.36,167,800011,832290
f0:91:27:6b:7a:0a,9716,-16,3618,221.14,82.36,74,800085,832364
f0:91:27:6b:7a:0a,9718,-16,3619,221.12,82.36,159,800244,832523
f0:91:27:6b:7a:0a,9719,-16,3620,221.08,82.35,78,800322,832601
f0:91:27:6b:7a:0a,9729,-16,3621,221.26,82.36,852,801174,833453
f0:91:27:6b:7a:0a,9730,-16,3622,221.22,82.36,87,801261,833540
f0:91:27:6b:7a:0a,9731,-17,3623,221.19,82.36,96,801357,833636
f0:91:27:6b:7a:0a,9732,-16,3624,221.15,82.36,86,801443,833722
f0:91:27:6b:7a:0a,9733,-17,3625,221.11,82.36,85,801528,833807
f0:91:27:6b:7a:0a,9735,-17,3626,221.10,82.36,190,801718,833997
f0:91:27:6b:7a:0a,9739,-18,3627,221.15,82.37,384,802102,834381
f0:91:27:6b:7a:0a,9745,-16,3628,221.24,82.37,543,802645,834924
f0:91:27:6b:7a:0a,9746,-16,3629,221.20,82.37,99,802744,835023
f0:91:27:6b:7a:0a,9747,-17,3630,221.17,82.38,97,802841,835120
f0:91:27:6b:7a:0a,9750,-17,3631,221.18,82.38,273,803114,835393
f0:91:27:6b:7a:0a,9751,-16,3632,221.15,82.38,89,803203,835482
f0:91:27:6b:7a:0a,9760,-16,3633,221.32,82.39,837,804040,836319
f0:91:27:6b:7a:0a,9761,-17,3634,221.28,82.39,101,804141,836420
f0:91:27:6b:7a:0a,9762,-16,3635,221.25,82.39,93,804234,836513
f0:91:27:6b:7a:0a,9764,-17,3636,221.24,82.40,190,804424,836703
f0:91:27:6b:7a:0a,9770,-16,3637,221.33,82.40,554,804978,837257
f0:91:27:6b:7a:0a,9788,-16,3638,221.73,82.42,1691,806669,838948
f0:91:27:6b:7a:0a,9791,-16,3639,221.75,82.43,280,806949,839228
f0:91:27:6b:7a:0a,9792,-17,3640,221.71,82.43,86,807035,839314
f0:91:27:6b:7a:0a,9794,-16,3641,221.70,82.43,185,807220,839499
f0:91:27:6b:7a:0a,9831,-17,3642,222.58,82.47,3430,810650,842929
f0:91:27:6b:7a:0a,9832,-16,3643,222.55,82.47,86,810736,843015
f0:91:27:6b:7a:0a,9833,-16,3644,222.51,82.47,99,810835,843114
f0:91:27:6b:7a:0a,9849,-17,3645,222.86,82.48,1477,812312,844591
f0:91:27:6b:7a:0a,9850,-17,3646,222.82,82.49,87,812399,844678
f0:91:27:6b:7a:0a,9852,-16,3647,222.81,82.49,180,812579,844858
f0:91:27:6b:7a:0a,9853,-16,3648,222.77,82.49,78,812657,844936
f0:91:27:6b:7a:0a,9854,-16,3649,222.74,82.49,103,812760,845039
f0:91:27:6b:7a:0a,9897,-16,3650,223.68,82.50,3656,816416,848695
f0:91:27:6b:7a:0a,9905,-16,3651,223.80,82.50,680,817096,849375
f0:91:27:6b:7a:0a,9920,-17,3652,224.09,82.51,1278,818374,850653
f0:91:27:6b:7a:0a,9926,-16,3653,224.16,82.50,481,818855,851134
f0:91:27:6b:7a:0a,9936,-16,3654,224.32,82.50,804,819659,851938
f0:91:27:6b:7a:0a,9937,-17,3655,224.28,82.50,76,819735,852014
f0:91:27:6b:7a:0a,9938,-16,3656,224.24,82.50,79,819814,852093
f0:91:27:6b:7a:0a,9943,-16,3657,224.28,82.50,387,820201,852480
f0:91:27:6b:7a:0a,9959,-16,3658,224.57,82.49,1258,821459,853738
f0:91:27:6b:7a:0a,9961,-16,3659,224.55,82.49,158,821617,853896
f0:91:27:6b:7a:0a,9962,-17,3660,224.51,82.49,75,821692,853971
f0:91:27:6b:7a:0a,9964,-16,3661,224.49,82.49,157,821849,854128
f0:91:27:6b:7a:0a,9965,-16,3662,224.45,82.49,77,821926,854205
f0:91:27:6b:7a:0a,9971,-16,3663,224.51,82.49,471,822397,854676
f0:91:27:6b:7a:0a,9974,-16,3664,224.52,82.49,231,822628,854907
f0:91:27:6b:7a:0a,9975,-16,3665,224.48,82.49,81,822709,854988
f0:91:27:6b:7a:0a,9981,-16,3666,224.54,82.48,470,823179,855458
f0:91:27:6b:7a:0a,9985,-16,3667,224.57,82.48,317,823496,855775
f0:91:27:6b:7a:0a,9986,-17,3668,224.53,82.48,76,823572,855851
f0:91:27:6b:7a:0a,9987,-16,3669,224.49,82.48,86,823658,855937
f0:91:27:6b:7a:0a,9988,-17,3670,224.45,82.48,82,823740,856019
f0:91:27:6b:7a:0a,10003,-16,3671,224.72,82.48,1193,824933,857212
f0:91:27:6b:7a:0a,10006,-16,3672,224.72,82.48,238,825171,857450
f0:91:27:6b:7a:0a,10008,-17,3673,224.70,82.48,164,825335,857614
f0:91:27:6b:7a:0a,10032,-17,3674,225.16,82.47,1919,827254,859533
f0:91:27:6b:7a:0a,10033,-17,3675,225.13,82.47,82,827336,859615
f0:91:27:6b:7a:0a,10034,-17,3676,225.08,82.47,73,827409,859688
f0:91:27:6b:7a:0a,10038,-16,3677,225.11,82.47,316,827725,860004
f0:91:27:6b:7a:0a,10039,-17,3678,225.07,82.47,78,827803,860082
f0:91:27:6b:7a:0a,10040,-16,3679,225.03,82.47,79,827882,860161
f0:91:27:6b:7a:0a,10056,-17,3680,225.31,82.46,1263,829145,861424
f0:91:27:6b:7a:0a,10068,-17,3681,225.51,82.46,939,830084,862363
f0:91:27:6b:7a:0a,10070,-17,3682,225.49,82.46,169,830253,862532
f0:91:27:6b:7a:0a,10091,-16,3683,225.89,82.45,1707,831960,864239
f0:91:27:6b:7a:0a,10092,-16,3684,225.85,82.45,72,832032,864311
f0:91:27:6b:7a:0a,10102,-16,3685,226.01,82.45,800,832832,865111
f0:91:27:6b:7a:0a,10104,-16,3686,225.99,82.45,158,832990,865269
f0:91:27:6b:7a:0a,10106,-17,3687,225.97,82.45,154,833144,865423
f0:91:27:6b:7a:0a,10107,-16,3688,225.93,82.45,83,833227,865506
f0:91:27:6b:7a:0a,10108,-17,3689,225.89,82.45,74,833301,865580
f0:91:27:6b:7a:0a,10109,-17,3690,225.85,82.45,79,833380,865659
f0:91:27:6b:7a:0a,10110,-16,3691,225.81,82.45,87,833467,865746
f0:91:27:6b:7a:0a,10113,-16,3692,225.81,82.45,240,833707,865986
f0:91:27:6b:7a:0a,10114,-16,3693,225.77,82.45,78,833785,866064
f0:91:27:6b:7a:0a,10115,-17,3694,225.74,82.45,83,833868,866147
f0:91:27:6b:7a:0a,10118,-17,3695,225.74,82.45,244,834112,866391
f0:91:27:6b:7a:0a,10119,-16,3696,225.70,82.45,75,834187,866466
f0:91:27:6b:7a:0a,10120,-16,3697,225.66,82.44,71,834258,866537
f0:91:27:6b:7a:0a,10124,-17,3698,225.69,82.44,327,834585,866864
f0:91:27:6b:7a:0a,10131,-16,3699,225.78,82.44,557,835142,867421
f0:91:27:6b:7a:0a,10152,-16,3700,226.17,82.44,1704,836846,869125
f0:91:27:6b:7a:0a,10165,-16,3701,226.40,82.44,1045,837891,870170
f0:91:27:6b:7a:0a,10168,-16,3702,226.40,82.44,234,838125,870404
f0:91:27:6b:7a:0a,10169,-17,3703,226.36,82.44,86,838211,870490
f0:91:27:6b:7a:0a,10170,-16,3704,226.32,82.44,74,838285,870564
f0:91:27:6b:7a:0a,10171,-16,3705,226.28,82.44,92,838377,870656
f0:91:27:6b:7a:0a,10172,-17,3706,226.24,82.44,71,838448,870727
f0:91:27:6b:7a:0a,10173,-17,3707,226.20,82.44,83,838531,870810
f0:91:27:6b:7a:0a,10174,-16,3708,226.16,82.43,73,838604,870883
f0:91:27:6b:7a:0a,10175,-17,3709,226.12,82.43,86,838690,870969
f0:91:27:6b:7a:0a,10176,-17,3710,226.08,82.43,78,838768,871047
f0:91:27:6b:7a:0a,10184,-17,3711,226.20,82.43,648,839416,871695
f0:91:27:6b:7a:0a,10185,-16,3712,226.16,82.43,86,839502,871781
f0:91:27:6b:7a:0a,10186,-17,3713,226.12,82.43,81,839583,871862
f0:91:27:6b:7a:0a,10192,-16,3714,226.19,82.43,502,840085,872364
f0:91:27:6b:7a:0a,10193,-17,3715,226.16,82.43,82,840167,872446
f0:91:27:6b:7a:0a,10196,-17,3716,226.16,82.43,237,840404,872683
f0:91:27:6b:7a:0a,10198,-16,3717,226.14,82.43,149,840553,872832
f0:91:27:6b:7a:0a,10199,-16,3718,226.10,82.43,88,840641,872920
f0:91:27:6b:7a:0a,10200,-17,3719,226.06,82.43,80,840721,873000
f0:91:27:6b:7a:0a,10201,-17,3720,226.02,82.43,76,840797,873076
f0:91:27:6b:7a:0a,10202,-16,3721,225.98,82.43,81,840878,873157
f0:91:27:6b:7a:0a,10205,-17,3722,225.98,82.43,228,841106,873385
f0:91:27:6b:7a:0a,10209,-17,3723,226.01,82.43,333,841439,873718
f0:91:27:6b:7a:0a,10210,-16,3724,225.97,82.43,82,841521,873800
f0:91:27:6b:7a:0a,10211,-17,3725,225.93,82.43,83,841604,873883
f0:91:27:6b:7a:0a,10245,-17,3726,226.60,82.42,2700,844304,876583
f0:91:27:6b:7a:0a,10246,-16,3727,226.56,82.42,82,844386,876665
f0:91:27:6b:7a:0a,10247,-17,3728,226.52,82.42,81,844467,876746
f0:91:27:6b:7a:0a,10248,-16,3729,226.48,82.42,79,844546,876825
f0:91:27:6b:7a:0a,10249,-17,3730,226.44,82.42,81,844627,876906
f0:91:27:6b:7a:0a,10250,-17,3731,226.40,82.42,84,844711,876990
f0:91:27:6b:7a:0a,10251,-16,3732,226.36,82.42,80,844791,877070
f0:91:27:6b:7a:0a,10271,-16,3733,226.73,82.41,1586,846377,878656
f0:91:27:6b:7a:0a,10273,-17,3734,226.71,82.41,170,846547,878826
f0:91:27:6b:7a:0a,10274,-16,3735,226.67,82.41,82,846629,878908
f0:91:27:6b:7a:0a,10275,-16,3736,226.63,82.41,79,846708,878987
f0:91:27:6b:7a:0a,10277,-16,3737,226.62,82.41,164,846872,879151
f0:91:27:6b:7a:0a,10281,-16,3738,226.64,82.41,309,847181,879460
f0:91:27:6b:7a:0a,10282,-17,3739,226.60,82.41,78,847259,879538
f0:91:27:6b:7a:0a,10290,-16,3740,226.71,82.41,637,847896,880175
f0:91:27:6b:7a:0a,10291,-16,3741,226.67,82.41,82,847978,880257
f0:91:27:6b:7a:0a,10292,-17,3742,226.63,82.41,78,848056,880335
f0:91:27:6b:7a:0a,10293,-17,3743,226.60,82.41,91,848147,880426
f0:91:27:6b:7a:0a,10296,-16,3744,226.60,82.41,233,848380,880659
f0:91:27:6b:7a:0a,10299,-16,3745,226.60,82.41,246,848626,880905
f0:91:27:6b:7a:0a,10311,-17,3746,226.80,82.40,950,849576,881855
f0:91:27:6b:7a:0a,10312,-16,3747,226.75,82.40,72,849648,881927
f0:91:27:6b:7a:0a,10313,-17,3748,226.71,82.40,76,849724,882003
f0:91:27:6b:7a:0a,10380,-17,3749,228.08,82.39,5360,855084,887363
f0:91:27:6b:7a:0a,10392,-16,3750,228.27,82.38,939,856023,888302
f0:91:27:6b:7a:0a,10397,-16,3751,228.32,82.38,397,856420,888699
f0:91:27:6b:7a:0a,10402,-16,3752,228.36,82.38,390,856810,889089
f0:91:27:6b:7a:0a,10408,-17,3753,228.43,82.38,483,857293,889572
f0:91:27:6b:7a:0a,10409,-16,3754,228.39,82.38,82,857375,889654
f0:91:27:6b:7a:0a,10410,-16,3755,228.35,82.38,77,857452,889731
