address,packet_id,rssi,count,rx_speed,tx_speed,last_time_elapsed,total_time_elapsed,timestamp
f0:91:27:6b:7a:0a,4,-33,1,393.00,393.00,50198,393,400871
f0:91:27:6b:7a:0a,5,-31,2,241.50,241.50,90,483,400961
f0:91:27:6b:7a:0a,8,-31,3,240.67,144.40,239,722,401200
f0:91:27:6b:7a:0a,9,-34,4,201.75,134.50,85,807,401285
f0:91:27:6b:7a:0a,10,-37,5,176.20,125.86,74,881,401359
f0:91:27:6b:7a:0a,14,-30,6,201.67,110.00,329,1210,401688
f0:91:27:6b:7a:0a,20,-30,7,242.43,99.82,487,1697,402175
f0:91:27:6b:7a:0a,26,-36,8,271.38,94.39,474,2171,402649
f0:91:27:6b:7a:0a,27,-30,9,249.44,93.54,74,2245,402723
f0:91:27:6b:7a:0a,29,-37,10,240.60,92.54,161,2406,402884
f0:91:27:6b:7a:0a,30,-30,11,225.55,91.89,75,2481,402959
f0:91:27:6b:7a:0a,31,-33,12,213.25,91.39,78,2559,403037
f0:91:27:6b:7a:0a,32,-33,13,203.00,91.00,80,2639,403117
f0:91:27:6b:7a:0a,37,-32,14,217.43,89.53,405,3044,403522
f0:91:27:6b:7a:0a,39,-31,15,214.13,89.22,168,3212,403690
f0:91:27:6b:7a:0a,42,-33,16,215.12,88.26,230,3442,403920
f0:91:27:6b:7a:0a,43,-37,17,207.18,88.05,80,3522,404000
f0:91:27:6b:7a:0a,44,-31,18,200.22,87.90,82,3604,404082
f0:91:27:6b:7a:0a,45,-36,19,194.00,87.76,82,3686,404164
f0:91:27:6b:7a:0a,46,-36,20,188.30,87.58,80,3766,404244
f0:91:27:6b:7a:0a,48,-30,21,186.76,87.16,156,3922,404400
f0:91:27:6b:7a:0a,49,-33,22,181.55,86.83,72,3994,404472
f0:91:27:6b:7a:0a,50,-37,23,177.39,86.81,86,4080,404558
f0:91:27:6b:7a:0a,51,-30,24,172.96,86.48,71,4151,404629
f0:91:27:6b:7a:0a,53,-35,25,173.04,86.52,175,4326,404804
f0:91:27:6b:7a:0a,54,-30,26,169.42,86.37,79,4405,404883
f0:91:27:6b:7a:0a,55,-31,27,166.00,86.19,77,4482,404960
f0:91:27:6b:7a:0a,56,-33,28,162.93,86.08,80,4562,405040
f0:91:27:6b:7a:0a,57,-37,29,160.17,86.02,83,4645,405123
f0:91:27:6b:7a:0a,58,-31,30,157.33,85.82,75,4720,405198
f0:91:27:6b:7a:0a,73,-31,31,189.97,84.13,1169,5889,406367
f0:91:27:6b:7a:0a,91,-37,32,230.59,83.85,1490,7379,407857
f0:91:27:6b:7a:0a,92,-29,33,226.06,83.82,81,7460,407938
f0:91:27:6b:7a:0a,97,-33,34,232.91,84.24,459,7919,408397
f0:91:27:6b:7a:0a,99,-33,35,231.31,84.33,177,8096,408574
f0:91:27:6b:7a:0a,100,-31,36,227.56,84.45,96,8192,408670
f0:91:27:6b:7a:0a,102,-31,37,226.19,84.54,177,8369,408847
f0:91:27:6b:7a:0a,103,-36,38,222.66,84.61,92,8461,408939
f0:91:27:6b:7a:0a,108,-39,39,228.74,84.96,460,8921,409399
f0:91:27:6b:7a:0a,109,-37,40,225.38,85.05,94,9015,409493
f0:91:27:6b:7a:0a,111,-32,41,224.39,85.19,185,9200,409678
f0:91:27:6b:7a:0a,114,-33,42,225.62,85.37,276,9476,409954
f0:91:27:6b:7a:0a,115,-38,43,222.44,85.40,89,9565,410043
f0:91:27:6b:7a:0a,117,-33,44,221.66,85.55,188,9753,410231
f0:91:27:6b:7a:0a,119,-37,45,220.78,85.65,182,9935,410413
f0:91:27:6b:7a:0a,120,-33,46,217.91,85.68,89,10024,410502
f0:91:27:6b:7a:0a,128,-31,47,228.98,86.10,738,10762,411240
f0:91:27:6b:7a:0a,129,-36,48,226.08,86.13,90,10852,411330
f0:91:27:6b:7a:0a,130,-33,49,223.27,86.14,88,10940,411418
f0:91:27:6b:7a:0a,131,-31,50,220.68,86.20,94,11034,411512
f0:91:27:6b:7a:0a,133,-37,51,219.76,86.22,174,11208,411686
f0:91:27:6b:7a:0a,134,-37,52,217.46,86.32,100,11308,411786
f0:91:27:6b:7a:0a,135,-33,53,215.00,86.33,87,11395,411873
f0:91:27:6b:7a:0a,136,-30,54,212.78,86.39,95,11490,411968
f0:91:27:6b:7a:0a,141,-31,55,217.24,86.58,458,11948,412426
f0:91:27:6b:7a:0a,145,-37,56,220.02,86.77,373,12321,412799
f0:91:27:6b:7a:0a,150,-31,57,224.61,87.10,482,12803,413281
f0:91:27:6b:7a:0a,156,-33,58,230.38,87.33,559,13362,413840
f0:91:27:6b:7a:0a,162,-31,59,235.76,87.48,548,13910,414388
f0:91:27:6b:7a:0a,163,-36,60,233.33,87.50,90,14000,414478
f0:91:27:6b:7a:0a,164,-33,61,231.05,87.54,94,14094,414572
f0:91:27:6b:7a:0a,166,-32,62,230.06,87.51,170,14264,414742
f0:91:27:6b:7a:0a,167,-31,63,227.89,87.54,93,14357,414835
f0:91:27:6b:7a:0a,169,-33,64,227.14,87.57,180,14537,415015
f0:91:27:6b:7a:0a,170,-31,65,225.11,87.62,95,14632,415110
f0:91:27:6b:7a:0a,174,-36,66,227.45,87.79,380,15012,415490
f0:91:27:6b:7a:0a,176,-31,67,226.78,87.83,182,15194,415672
f0:91:27:6b:7a:0a,177,-37,68,224.76,87.84,90,15284,415762
f0:91:27:6b:7a:0a,178,-30,69,222.72,87.82,84,15368,415846
f0:91:27:6b:7a:0a,179,-31,70,220.94,87.88,98,15466,415944
f0:91:27:6b:7a:0a,180,-36,71,219.18,87.92,96,15562,416040
f0:91:27:6b:7a:0a,181,-31,72,217.29,87.89,83,15645,416123
f0:91:27:6b:7a:0a,192,-33,73,228.26,88.16,1018,16663,417141
f0:91:27:6b:7a:0a,206,-33,74,242.18,88.28,1258,17921,418399
f0:91:27:6b:7a:0a,207,-37,75,240.05,88.25,83,18004,418482
f0:91:27:6b:7a:0a,208,-33,76,238.13,88.28,94,18098,418576
f0:91:27:6b:7a:0a,212,-39,77,239.60,88.27,351,18449,418927
f0:91:27:6b:7a:0a,222,-31,78,247.77,88.25,877,19326,419804
f0:91:27:6b:7a:0a,228,-31,79,251.18,88.19,517,19843,420321
f0:91:27:6b:7a:0a,240,-33,80,260.51,87.94,998,20841,421319
f0:91:27:6b:7a:0a,241,-30,81,258.49,87.97,97,20938,421416
f0:91:27:6b:7a:0a,242,-33,82,256.28,87.93,77,21015,421493
f0:91:27:6b:7a:0a,243,-37,83,254.16,87.90,80,21095,421573
f0:91:27:6b:7a:0a,249,-31,84,257.02,87.76,495,21590,422068
f0:91:27:6b:7a:0a,250,-33,85,254.93,87.73,79,21669,422147
f0:91:27:6b:7a:0a,259,-31,86,260.79,87.61,759,22428,422906
f0:91:27:6b:7a:0a,261,-37,87,259.66,87.56,162,22590,423068
f0:91:27:6b:7a:0a,281,-37,88,275.93,87.35,1692,24282,424760
f0:91:27:6b:7a:0a,283,-32,89,274.73,87.32,169,24451,424929
f0:91:27:6b:7a:0a,284,-33,90,272.54,87.29,78,24529,425007
f0:91:27:6b:7a:0a,285,-33,91,270.44,87.27,81,24610,425088
f0:91:27:6b:7a:0a,294,-33,92,275.25,87.02,713,25323,425801
f0:91:27:6b:7a:0a,297,-36,93,274.88,86.95,241,25564,426042
f0:91:27:6b:7a:0a,303,-33,94,277.13,86.83,486,26050,426528
f0:91:27:6b:7a:0a,304,-39,95,275.09,86.82,84,26134,426612
f0:91:27:6b:7a:0a,306,-31,96,273.84,86.76,155,26289,426767
f0:91:27:6b:7a:0a,309,-33,97,273.43,86.68,234,26523,427001
f0:91:27:6b:7a:0a,314,-29,98,274.62,86.54,390,26913,427391
f0:91:27:6b:7a:0a,318,-32,99,274.99,86.43,311,27224,427702
f0:91:27:6b:7a:0a,322,-32,100,275.37,86.32,313,27537,428015
f0:91:27:6b:7a:0a,323,-33,101,273.42,86.30,78,27615,428093
f0:91:27:6b:7a:0a,325,-31,102,272.41,86.29,171,27786,428264
f0:91:27:6b:7a:0a,333,-37,103,275.82,86.09,623,28409,428887
f0:91:27:6b:7a:0a,336,-33,104,275.52,86.05,245,28654,429132
f0:91:27:6b:7a:0a,338,-36,105,274.37,86.00,155,28809,429287
f0:91:27:6b:7a:0a,339,-31,106,272.58,85.99,84,28893,429371
f0:91:27:6b:7a:0a,342,-37,107,272.30,85.95,243,29136,429614
f0:91:27:6b:7a:0a,348,-37,108,274.16,85.82,473,29609,430087
f0:91:27:6b:7a:0a,350,-31,109,273.04,85.77,152,29761,430239
f0:91:27:6b:7a:0a,355,-33,110,274.17,85.68,398,30159,430637
f0:91:27:6b:7a:0a,358,-33,111,273.95,85.66,249,30408,430886
f0:91:27:6b:7a:0a,360,-36,112,272.91,85.62,158,30566,431044
f0:91:27:6b:7a:0a,364,-36,113,273.23,85.53,309,30875,431353
f0:91:27:6b:7a:0a,369,-37,114,274.22,85.41,386,31261,431739
f0:91:27:6b:7a:0a,370,-37,115,272.51,85.39,78,31339,431817
f0:91:27:6b:7a:0a,371,-31,116,270.87,85.38,82,31421,431899
f0:91:27:6b:7a:0a,372,-33,117,269.16,85.34,71,31492,431970
f0:91:27:6b:7a:0a,373,-37,118,267.60,85.34,85,31577,432055
f0:91:27:6b:7a:0a,374,-31,119,266.03,85.33,80,31657,432135
f0:91:27:6b:7a:0a,375,-32,120,264.40,85.29,71,31728,432206
f0:91:27:6b:7a:0a,376,-33,121,262.87,85.27,79,31807,432285
f0:91:27:6b:7a:0a,381,-36,122,264.03,85.22,405,32212,432690
f0:91:27:6b:7a:0a,383,-32,123,263.20,85.19,161,32373,432851
f0:91:27:6b:7a:0a,384,-32,124,261.66,85.16,73,32446,432924
f0:91:27:6b:7a:0a,385,-31,125,260.26,85.16,87,32533,433011
f0:91:27:6b:7a:0a,386,-33,126,258.82,85.15,78,32611,433089
f0:91:27:6b:7a:0a,387,-42,127,257.42,85.14,81,32692,433170
f0:91:27:6b:7a:0a,388,-37,128,256.01,85.11,77,32769,433247
f0:91:27:6b:7a:0a,389,-33,129,254.68,85.11,85,32854,433332
f0:91:27:6b:7a:0a,390,-33,130,253.28,85.08,73,32927,433405
f0:91:27:6b:7a:0a,391,-37,131,251.97,85.07,81,33008,433486
f0:91:27:6b:7a:0a,392,-37,132,250.62,85.04,74,33082,433560
f0:91:27:6b:7a:0a,394,-33,133,249.91,85.01,156,33238,433716
f0:91:27:6b:7a:0a,395,-33,134,248.61,84.98,76,33314,433792
f0:91:27:6b:7a:0a,396,-37,135,247.35,84.97,78,33392,433870
f0:91:27:6b:7a:0a,397,-31,136,246.10,84.95,78,33470,433948
f0:91:27:6b:7a:0a,407,-29,137,250.18,84.84,804,34274,434752
f0:91:27:6b:7a:0a,415,-33,138,252.91,84.71,628,34902,435380
f0:91:27:6b:7a:0a,417,-37,139,252.27,84.70,164,35066,435544
f0:91:27:6b:7a:0a,419,-31,140,251.56,84.66,153,35219,435697
f0:91:27:6b:7a:0a,420,-33,141,250.33,84.64,77,35296,435774
f0:91:27:6b:7a:0a,421,-37,142,249.11,84.63,78,35374,435852
f0:91:27:6b:7a:0a,422,-31,143,247.95,84.62,83,35457,435935
f0:91:27:6b:7a:0a,423,-32,144,246.78,84.61,79,35536,436014
f0:91:27:6b:7a:0a,424,-37,145,245.61,84.59,78,35614,436092
f0:91:27:6b:7a:0a,425,-31,146,244.50,84.59,83,35697,436175
f0:91:27:6b:7a:0a,426,-32,147,243.38,84.58,80,35777,436255
f0:91:27:6b:7a:0a,427,-37,148,242.27,84.57,79,35856,436334
f0:91:27:6b:7a:0a,428,-29,149,241.19,84.56,82,35938,436416
f0:91:27:6b:7a:0a,432,-33,150,241.73,84.52,321,36259,436737
f0:91:27:6b:7a:0a,435,-37,151,241.61,84.45,224,36483,436961
f0:91:27:6b:7a:0a,436,-31,152,240.54,84.44,79,36562,437040
f0:91:27:6b:7a:0a,439,-37,153,240.48,84.39,232,36794,437272
f0:91:27:6b:7a:0a,440,-37,154,239.43,84.38,78,36872,437350
f0:91:27:6b:7a:0a,444,-33,155,239.96,84.34,322,37194,437672
f0:91:27:6b:7a:0a,445,-36,156,238.96,84.34,83,37277,437755
f0:91:27:6b:7a:0a,446,-29,157,237.97,84.34,85,37362,437840
f0:91:27:6b:7a:0a,447,-31,158,236.96,84.32,77,37439,437917
f0:91:27:6b:7a:0a,448,-33,159,235.94,84.30,75,37514,437992
f0:91:27:6b:7a:0a,449,-37,160,234.95,84.29,78,37592,438070
f0:91:27:6b:7a:0a,450,-29,161,233.98,84.28,79,37671,438149
f0:91:27:6b:7a:0a,451,-31,162,233.02,84.26,78,37749,438227
f0:91:27:6b:7a:0a,454,-30,163,233.02,84.22,233,37982,438460
f0:91:27:6b:7a:0a,455,-33,164,232.07,84.20,78,38060,438538
f0:91:27:6b:7a:0a,456,-33,165,231.16,84.20,81,38141,438619
f0:91:27:6b:7a:0a,459,-33,166,231.17,84.15,233,38374,438852
f0:91:27:6b:7a:0a,461,-31,167,230.72,84.13,156,38530,439008
f0:91:27:6b:7a:0a,462,-33,168,229.85,84.13,84,38614,439092
f0:91:27:6b:7a:0a,463,-30,169,229.01,84.13,88,38702,439180
f0:91:27:6b:7a:0a,465,-37,170,228.62,84.13,164,38866,439344
f0:91:27:6b:7a:0a,467,-37,171,228.22,84.11,160,39026,439504
f0:91:27:6b:7a:0a,468,-37,172,227.35,84.10,79,39105,439583
f0:91:27:6b:7a:0a,469,-29,173,226.51,84.09,82,39187,439665
f0:91:27:6b:7a:0a,470,-33,174,225.66,84.08,77,39264,439742
f0:91:27:6b:7a:0a,471,-37,175,224.81,84.06,78,39342,439820
f0:91:27:6b:7a:0a,472,-30,176,224.01,84.06,84,39426,439904
f0:91:27:6b:7a:0a,473,-30,177,223.15,84.04,72,39498,439976
f0:91:27:6b:7a:0a,474,-31,178,222.36,84.03,82,39580,440058
f0:91:27:6b:7a:0a,480,-29,179,223.76,83.97,473,40053,440531
f0:91:27:6b:7a:0a,482,-31,180,223.36,83.93,151,40204,440682
f0:91:27:6b:7a:0a,483,-37,181,222.56,83.92,79,40283,440761
f0:91:27:6b:7a:0a,486,-37,182,222.62,83.89,234,40517,440995
f0:91:27:6b:7a:0a,487,-37,183,221.82,83.87,76,40593,441071
f0:91:27:6b:7a:0a,491,-30,184,222.32,83.83,314,40907,441385
f0:91:27:6b:7a:0a,498,-32,185,224.17,83.78,564,41471,441949
f0:91:27:6b:7a:0a,500,-31,186,223.83,83.77,162,41633,442111
f0:91:27:6b:7a:0a,501,-33,187,223.06,83.76,80,41713,442191
f0:91:27:6b:7a:0a,502,-37,188,222.26,83.74,72,41785,442263
f0:91:27:6b:7a:0a,503,-31,189,221.53,83.74,85,41870,442348
f0:91:27:6b:7a:0a,504,-29,190,220.76,83.72,74,41944,442422
f0:91:27:6b:7a:0a,512,-33,191,222.92,83.65,633,42577,443055
f0:91:27:6b:7a:0a,513,-37,192,222.18,83.65,82,42659,443137
f0:91:27:6b:7a:0a,516,-32,193,222.26,83.62,237,42896,443374
f0:91:27:6b:7a:0a,518,-29,194,221.94,83.61,161,43057,443535
f0:91:27:6b:7a:0a,521,-31,195,222.03,83.58,239,43296,443774
f0:91:27:6b:7a:0a,523,-32,196,221.66,83.55,150,43446,443924
f0:91:27:6b:7a:0a,524,-39,197,220.94,83.54,79,43525,444003
f0:91:27:6b:7a:0a,529,-31,198,221.83,83.50,398,43923,444401
f0:91:27:6b:7a:0a,531,-37,199,221.51,83.48,157,44080,444558
f0:91:27:6b:7a:0a,532,-29,200,220.82,83.48,83,44163,444641
f0:91:27:6b:7a:0a,533,-31,201,220.08,83.47,74,44237,444715
f0:91:27:6b:7a:0a,534,-37,202,219.39,83.46,80,44317,444795
f0:91:27:6b:7a:0a,535,-30,203,218.71,83.45,81,44398,444876
f0:91:27:6b:7a:0a,536,-33,204,217.99,83.43,72,44470,444948
f0:91:27:6b:7a:0a,537,-37,205,217.34,83.44,85,44555,445033
f0:91:27:6b:7a:0a,538,-41,206,216.65,83.42,74,44629,445107
f0:91:27:6b:7a:0a,539,-31,207,215.99,83.41,81,44710,445188
f0:91:27:6b:7a:0a,541,-37,208,215.71,83.40,157,44867,445345
f0:91:27:6b:7a:0a,542,-29,209,215.05,83.39,79,44946,445424
f0:91:27:6b:7a:0a,544,-37,210,214.80,83.38,163,45109,445587
f0:91:27:6b:7a:0a,548,-37,211,215.29,83.35,317,45426,445904
f0:91:27:6b:7a:0a,549,-31,212,214.64,83.34,78,45504,445982
f0:91:27:6b:7a:0a,550,-36,213,214.01,83.33,80,45584,446062
f0:91:27:6b:7a:0a,551,-33,214,213.42,83.34,87,45671,446149
f0:91:27:6b:7a:0a,555,-33,215,213.87,83.30,312,45983,446461
f0:91:27:6b:7a:0a,558,-31,216,214.00,83.28,240,46223,446701
f0:91:27:6b:7a:0a,560,-30,217,213.77,83.28,165,46388,446866
f0:91:27:6b:7a:0a,561,-33,218,213.14,83.27,77,46465,446943
f0:91:27:6b:7a:0a,565,-37,219,213.58,83.23,310,46775,447253
f0:91:27:6b:7a:0a,566,-31,220,212.97,83.22,78,46853,447331
f0:91:27:6b:7a:0a,572,-29,221,214.13,83.17,469,47322,447800
f0:91:27:6b:7a:0a,573,-33,222,213.52,83.16,79,47401,447879
f0:91:27:6b:7a:0a,576,-36,223,213.61,83.13,235,47636,448114
f0:91:27:6b:7a:0a,577,-33,224,213.04,83.14,86,47722,448200
f0:91:27:6b:7a:0a,578,-37,225,212.46,83.14,81,47803,448281
f0:91:27:6b:7a:0a,579,-31,226,211.87,83.13,79,47882,448360
f0:91:27:6b:7a:0a,580,-37,227,211.31,83.13,86,47968,448446
f0:91:27:6b:7a:0a,581,-31,228,210.75,83.13,83,48051,448529
f0:91:27:6b:7a:0a,583,-36,229,210.52,83.12,159,48210,448688
f0:91:27:6b:7a:0a,585,-31,230,210.27,83.10,153,48363,448841
f0:91:27:6b:7a:0a,586,-33,231,209.71,83.09,79,48442,448920
f0:91:27:6b:7a:0a,590,-31,232,210.15,83.06,313,48755,449233
f0:91:27:6b:7a:0a,591,-30,233,209.61,83.06,84,48839,449317
f0:91:27:6b:7a:0a,593,-37,234,209.37,83.04,154,48993,449471
f0:91:27:6b:7a:0a,594,-31,235,208.82,83.03,80,49073,449551
f0:91:27:6b:7a:0a,595,-33,236,208.26,83.02,76,49149,449627
f0:91:27:6b:7a:0a,598,-33,237,208.38,83.00,237,49386,449864
f0:91:27:6b:7a:0a,601,-37,238,208.54,83.00,247,49633,450111
f0:91:27:6b:7a:0a,602,-29,239,207.97,82.98,72,49705,450183
f0:91:27:6b:7a:0a,606,-32,240,208.46,82.97,326,50031,450509
f0:91:27:6b:7a:0a,607,-33,241,207.93,82.97,80,50111,450589
f0:91:27:6b:7a:0a,608,-37,242,207.36,82.95,71,50182,450660
f0:91:27:6b:7a:0a,610,-34,243,207.17,82.94,160,50342,450820
f0:91:27:6b:7a:0a,614,-30,244,207.59,82.90,310,50652,451130
f0:91:27:6b:7a:0a,616,-37,245,207.39,82.89,159,50811,451289
f0:91:27:6b:7a:0a,617,-30,246,206.88,82.89,81,50892,451370
f0:91:27:6b:7a:0a,618,-33,247,206.36,82.88,78,50970,451448
f0:91:27:6b:7a:0a,628,-30,248,208.72,82.82,793,51763,452241
f0:91:27:6b:7a:0a,629,-32,249,208.22,82.82,83,51846,452324
f0:91:27:6b:7a:0a,635,-30,250,209.28,82.78,473,52319,452797
f0:91:27:6b:7a:0a,639,-31,251,209.75,82.78,327,52646,453124
f0:91:27:6b:7a:0a,647,-37,252,211.42,82.73,633,53279,453757
f0:91:27:6b:7a:0a,648,-30,253,210.90,82.72,78,53357,453835
f0:91:27:6b:7a:0a,650,-40,254,210.66,82.70,151,53508,453986
f0:91:27:6b:7a:0a,652,-31,255,210.44,82.69,155,53663,454141
f0:91:27:6b:7a:0a,653,-34,256,209.96,82.69,87,53750,454228
f0:91:27:6b:7a:0a,655,-37,257,209.74,82.67,154,53904,454382
f0:91:27:6b:7a:0a,656,-31,258,209.25,82.67,82,53986,454464
f0:91:27:6b:7a:0a,658,-32,259,209.03,82.65,153,54139,454617
f0:91:27:6b:7a:0a,661,-32,260,209.17,82.65,244,54383,454861
f0:91:27:6b:7a:0a,662,-32,261,208.64,82.63,72,54455,454933
f0:91:27:6b:7a:0a,663,-39,262,208.15,82.63,80,54535,455013
f0:91:27:6b:7a:0a,664,-30,263,207.65,82.62,76,54611,455089
f0:91:27:6b:7a:0a,672,-30,264,209.22,82.56,622,55233,455711
f0:91:27:6b:7a:0a,674,-30,265,209.06,82.56,167,55400,455878
f0:91:27:6b:7a:0a,675,-30,266,208.59,82.57,84,55484,455962
f0:91:27:6b:7a:0a,676,-32,267,208.09,82.55,75,55559,456037
f0:91:27:6b:7a:0a,678,-30,268,207.92,82.55,163,55722,456200
f0:91:27:6b:7a:0a,679,-32,269,207.45,82.55,82,55804,456282
f0:91:27:6b:7a:0a,681,-30,270,207.29,82.55,165,55969,456447
f0:91:27:6b:7a:0a,684,-36,271,207.41,82.54,239,56208,456686
f0:91:27:6b:7a:0a,685,-38,272,206.92,82.52,73,56281,456759
f0:91:27:6b:7a:0a,686,-30,273,206.45,82.52,81,56362,456840
f0:91:27:6b:7a:0a,688,-32,274,206.28,82.51,158,56520,456998
f0:91:27:6b:7a:0a,689,-38,275,205.80,82.50,74,56594,457072
f0:91:27:6b:7a:0a,695,-39,276,206.75,82.46,469,57063,457541
f0:91:27:6b:7a:0a,696,-30,277,206.30,82.46,83,57146,457624
f0:91:27:6b:7a:0a,697,-30,278,205.86,82.46,82,57228,457706
f0:91:27:6b:7a:0a,698,-36,279,205.41,82.46,81,57309,457787
f0:91:27:6b:7a:0a,702,-32,280,205.88,82.47,338,57647,458125
f0:91:27:6b:7a:0a,704,-36,281,205.66,82.44,143,57790,458268
f0:91:27:6b:7a:0a,705,-36,282,205.23,82.44,85,57875,458353
f0:91:27:6b:7a:0a,707,-30,283,205.08,82.44,162,58037,458515
f0:91:27:6b:7a:0a,709,-37,284,204.88,82.42,150,58187,458665
f0:91:27:6b:7a:0a,712,-35,285,204.99,82.40,235,58422,458900
f0:91:27:6b:7a:0a,731,-36,286,209.61,82.35,1527,59949,460427
f0:91:27:6b:7a:0a,732,-37,287,209.15,82.34,76,60025,460503
f0:91:27:6b:7a:0a,733,-37,288,208.69,82.33,77,60102,460580
f0:91:27:6b:7a:0a,734,-28,289,208.23,82.32,77,60179,460657
f0:91:27:6b:7a:0a,735,-32,290,207.80,82.33,83,60262,460740
f0:91:27:6b:7a:0a,740,-32,291,208.42,82.29,389,60651,461129
f0:91:27:6b:7a:0a,741,-30,292,208.00,82.30,85,60736,461214
f0:91:27:6b:7a:0a,748,-30,293,209.16,82.26,549,61285,461763
f0:91:27:6b:7a:0a,749,-32,294,208.72,82.26,78,61363,461841
f0:91:27:6b:7a:0a,750,-36,295,208.26,82.25,75,61438,461916
f0:91:27:6b:7a:0a,751,-30,296,207.83,82.24,81,61519,461997
f0:91:27:6b:7a:0a,752,-32,297,207.41,82.24,81,61600,462078
f0:91:27:6b:7a:0a,753,-40,298,207.00,82.25,85,61685,462163
f0:91:27:6b:7a:0a,754,-28,299,206.58,82.25,82,61767,462245
f0:91:27:6b:7a:0a,755,-32,300,206.15,82.24,79,61846,462324
f0:91:27:6b:7a:0a,756,-36,301,205.76,82.25,88,61934,462412
f0:91:27:6b:7a:0a,758,-32,302,205.59,82.23,153,62087,462565
f0:91:27:6b:7a:0a,760,-28,303,205.45,82.24,165,62252,462730
f0:91:27:6b:7a:0a,764,-30,304,205.85,82.23,326,62578,463056
f0:91:27:6b:7a:0a,766,-32,305,205.68,82.22,155,62733,463211
f0:91:27:6b:7a:0a,767,-37,306,205.26,82.21,77,62810,463288
f0:91:27:6b:7a:0a,768,-30,307,204.86,82.21,83,62893,463371
f0:91:27:6b:7a:0a,770,-42,308,204.72,82.21,162,63055,463533
f0:91:27:6b:7a:0a,771,-30,309,204.35,82.22,88,63143,463621
f0:91:27:6b:7a:0a,772,-36,310,203.93,82.21,76,63219,463697
f0:91:27:6b:7a:0a,773,-30,311,203.54,82.21,81,63300,463778
f0:91:27:6b:7a:0a,774,-30,312,203.13,82.20,77,63377,463855
f0:91:27:6b:7a:0a,777,-30,313,203.27,82.20,248,63625,464103
f0:91:27:6b:7a:0a,780,-28,314,203.41,82.20,246,63871,464349
f0:91:27:6b:7a:0a,781,-31,315,203.00,82.19,74,63945,464423
f0:91:27:6b:7a:0a,783,-39,316,202.87,82.19,162,64107,464585
f0:91:27:6b:7a:0a,784,-28,317,202.48,82.19,80,64187,464665
f0:91:27:6b:7a:0a,787,-28,318,202.59,82.17,237,64424,464902
f0:91:27:6b:7a:0a,795,-36,319,203.98,82.16,647,65071,465549
f0:91:27:6b:7a:0a,796,-30,320,203.60,82.16,82,65153,465631
f0:91:27:6b:7a:0a,797,-36,321,203.26,82.18,95,65248,465726
f0:91:27:6b:7a:0a,798,-30,322,202.87,82.17,75,65323,465801
f0:91:27:6b:7a:0a,799,-32,323,202.51,82.17,88,65411,465889
f0:91:27:6b:7a:0a,802,-36,324,202.64,82.17,243,65654,466132
f0:91:27:6b:7a:0a,805,-32,325,202.77,82.17,245,65899,466377
f0:91:27:6b:7a:0a,806,-37,326,202.39,82.17,81,65980,466458
f0:91:27:6b:7a:0a,807,-31,327,202.05,82.18,91,66071,466549
f0:91:27:6b:7a:0a,809,-36,328,201.92,82.17,160,66231,466709
f0:91:27:6b:7a:0a,810,-32,329,201.58,82.18,90,66321,466799
f0:91:27:6b:7a:0a,811,-30,330,201.22,82.18,80,66401,466879
f0:91:27:6b:7a:0a,813,-32,331,201.15,82.20,180,66581,467059
f0:91:27:6b:7a:0a,815,-32,332,201.10,82.22,184,66765,467243
f0:91:27:6b:7a:0a,820,-36,333,201.88,82.29,462,67227,467705
f0:91:27:6b:7a:0a,821,-37,334,201.56,82.30,93,67320,467798
f0:91:27:6b:7a:0a,822,-32,335,201.26,82.32,101,67421,467899
f0:91:27:6b:7a:0a,828,-32,336,202.29,82.39,549,67970,468448
f0:91:27:6b:7a:0a,832,-32,337,202.83,82.45,383,68353,468831
f0:91:27:6b:7a:0a,833,-30,338,202.49,82.46,88,68441,468919
f0:91:27:6b:7a:0a,841,-30,339,204.06,82.55,737,69178,469656
f0:91:27:6b:7a:0a,844,-32,340,204.29,82.59,279,69457,469935
f0:91:27:6b:7a:0a,852,-30,341,205.87,82.69,743,70200,470678
f0:91:27:6b:7a:0a,857,-36,342,206.61,82.74,460,70660,471138
f0:91:27:6b:7a:0a,863,-31,343,207.67,82.83,570,71230,471708
f0:91:27:6b:7a:0a,872,-36,344,209.55,82.95,856,72086,472564
f0:91:27:6b:7a:0a,876,-36,345,210.03,83.00,376,72462,472940
f0:91:27:6b:7a:0a,877,-32,346,209.71,83.02,99,72561,473039
f0:91:27:6b:7a:0a,878,-28,347,209.36,83.03,87,72648,473126
f0:91:27:6b:7a:0a,879,-36,348,209.02,83.03,90,72738,473216
f0:91:27:6b:7a:0a,881,-32,349,208.97,83.06,192,72930,473408
f0:91:27:6b:7a:0a,882,-30,350,208.64,83.08,93,73023,473501
f0:91:27:6b:7a:0a,883,-35,351,208.30,83.09,92,73115,473593
f0:91:27:6b:7a:0a,884,-37,352,207.99,83.10,97,73212,473690
f0:91:27:6b:7a:0a,886,-30,353,207.93,83.12,186,73398,473876
f0:91:27:6b:7a:0a,887,-38,354,207.61,83.14,96,73494,473972
f0:91:27:6b:7a:0a,888,-30,355,207.27,83.14,87,73581,474059
f0:91:27:6b:7a:0a,889,-30,356,206.95,83.15,94,73675,474153
f0:91:27:6b:7a:0a,890,-28,357,206.66,83.17,101,73776,474254
f0:91:27:6b:7a:0a,894,-36,358,207.11,83.21,368,74144,474622
f0:91:27:6b:7a:0a,899,-36,359,207.86,83.28,479,74623,475101
f0:91:27:6b:7a:0a,900,-32,360,207.53,83.29,88,74711,475189
f0:91:27:6b:7a:0a,902,-32,361,207.44,83.30,174,74885,475363
f0:91:27:6b:7a:0a,903,-30,362,207.14,83.31,98,74983,475461
f0:91:27:6b:7a:0a,905,-38,363,207.09,83.34,189,75172,475650
f0:91:27:6b:7a:0a,908,-28,364,207.28,83.37,278,75450,475928
f0:91:27:6b:7a:0a,912,-35,365,207.72,83.41,368,75818,476296
f0:91:27:6b:7a:0a,913,-31,366,207.42,83.42,96,75914,476392
f0:91:27:6b:7a:0a,926,-32,367,210.13,83.55,1205,77119,477597
f0:91:27:6b:7a:0a,928,-32,368,210.01,83.55,164,77283,477761
f0:91:27:6b:7a:0a,938,-36,369,211.90,83.63,907,78190,478668
f0:91:27:6b:7a:0a,940,-36,370,211.81,83.64,180,78370,478848
f0:91:27:6b:7a:0a,946,-37,371,212.62,83.65,512,78882,479360
f0:91:27:6b:7a:0a,947,-30,372,212.27,83.65,83,78965,479443
f0:91:27:6b:7a:0a,948,-39,373,211.94,83.66,90,79055,479533
f0:91:27:6b:7a:0a,949,-32,374,211.63,83.67,95,79150,479628
f0:91:27:6b:7a:0a,950,-35,375,211.29,83.67,85,79235,479713
f0:91:27:6b:7a:0a,968,-35,376,214.73,83.67,1505,80740,481218
f0:91:27:6b:7a:0a,972,-32,377,215.06,83.67,339,81079,481557
f0:91:27:6b:7a:0a,976,-30,378,215.38,83.67,334,81413,481891
f0:91:27:6b:7a:0a,977,-30,379,215.02,83.67,79,81492,481970
f0:91:27:6b:7a:0a,978,-38,380,214.67,83.66,81,81573,482051
f0:91:27:6b:7a:0a,979,-30,381,214.33,83.67,86,81659,482137
f0:91:27:6b:7a:0a,980,-32,382,213.98,83.66,81,81740,482218
f0:91:27:6b:7a:0a,981,-39,383,213.65,83.67,89,81829,482307
f0:91:27:6b:7a:0a,982,-30,384,213.32,83.67,85,81914,482392
f0:91:27:6b:7a:0a,985,-32,385,213.43,83.68,257,82171,482649
f0:91:27:6b:7a:0a,986,-30,386,213.12,83.69,95,82266,482744
f0:91:27:6b:7a:0a,987,-39,387,212.77,83.68,75,82341,482819
f0:91:27:6b:7a:0a,989,-30,388,212.65,83.68,167,82508,482986
f0:91:27:6b:7a:0a,990,-32,389,212.31,83.67,79,82587,483065
f0:91:27:6b:7a:0a,1002,-30,390,214.33,83.67,1003,83590,484068
f0:91:27:6b:7a:0a,1005,-30,391,214.45,83.68,258,83848,484326
f0:91:27:6b:7a:0a,1006,-33,392,214.10,83.68,81,83929,484407
f0:91:27:6b:7a:0a,1008,-32,393,213.96,83.67,159,84088,484566
f0:91:27:6b:7a:0a,1015,-30,394,214.89,83.66,578,84666,485144
f0:91:27:6b:7a:0a,1016,-32,395,214.54,83.65,76,84742,485220
f0:91:27:6b:7a:0a,1017,-38,396,214.21,83.66,85,84827,485305
f0:91:27:6b:7a:0a,1020,-39,397,214.25,83.64,232,85059,485537
f0:91:27:6b:7a:0a,1021,-32,398,213.95,83.65,93,85152,485630
f0:91:27:6b:7a:0a,1025,-39,399,214.18,83.62,306,85458,485936
f0:91:27:6b:7a:0a,1027,-32,400,214.04,83.61,160,85618,486096
f0:91:27:6b:7a:0a,1028,-32,401,213.71,83.61,81,85699,486177
f0:91:27:6b:7a:0a,1030,-38,402,213.57,83.60,157,85856,486334
f0:91:27:6b:7a:0a,1031,-32,403,213.25,83.60,85,85941,486419
f0:91:27:6b:7a:0a,1032,-36,404,212.93,83.60,82,86023,486501
f0:91:27:6b:7a:0a,1037,-42,405,213.43,83.60,417,86440,486918
f0:91:27:6b:7a:0a,1039,-32,406,213.31,83.59,162,86602,487080
f0:91:27:6b:7a:0a,1040,-36,407,212.99,83.59,86,86688,487166
f0:91:27:6b:7a:0a,1043,-30,408,213.04,83.58,232,86920,487398
f0:91:27:6b:7a:0a,1045,-35,409,212.90,83.57,157,87077,487555
f0:91:27:6b:7a:0a,1046,-36,410,212.56,83.56,74,87151,487629
f0:91:27:6b:7a:0a,1047,-30,411,212.24,83.55,79,87230,487708
f0:91:27:6b:7a:0a,1049,-36,412,212.13,83.55,167,87397,487875
f0:91:27:6b:7a:0a,1060,-39,413,213.75,83.52,880,88277,488755
f0:91:27:6b:7a:0a,1064,-32,414,214.01,83.51,323,88600,489078
f0:91:27:6b:7a:0a,1069,-36,415,214.46,83.49,401,89001,489479
f0:91:27:6b:7a:0a,1070,-37,416,214.14,83.49,80,89081,489559
f0:91:27:6b:7a:0a,1077,-32,417,214.96,83.46,558,89639,490117
f0:91:27:6b:7a:0a,1078,-36,418,214.65,83.46,84,89723,490201
f0:91:27:6b:7a:0a,1079,-30,419,214.33,83.46,82,89805,490283
f0:91:27:6b:7a:0a,1080,-32,420,214.02,83.46,85,89890,490368
f0:91:27:6b:7a:0a,1081,-37,421,213.69,83.46,75,89965,490443
f0:91:27:6b:7a:0a,1083,-28,422,213.56,83.45,159,90124,490602
f0:91:27:6b:7a:0a,1084,-32,423,213.26,83.45,84,90208,490686
f0:91:27:6b:7a:0a,1085,-37,424,212.93,83.44,75,90283,490761
f0:91:27:6b:7a:0a,1086,-30,425,212.62,83.44,82,90365,490843
f0:91:27:6b:7a:0a,1089,-36,426,212.67,83.42,231,90596,491074
f0:91:27:6b:7a:0a,1090,-30,427,212.34,83.41,73,90669,491147
f0:91:27:6b:7a:0a,1091,-32,428,212.04,83.41,84,90753,491231
f0:91:27:6b:7a:0a,1093,-30,429,211.90,83.40,153,90906,491384
f0:91:27:6b:7a:0a,1094,-30,430,211.60,83.40,80,90986,491464
f0:91:27:6b:7a:0a,1095,-38,431,211.30,83.40,83,91069,491547
f0:91:27:6b:7a:0a,1098,-32,432,211.35,83.38,236,91305,491783
f0:91:27:6b:7a:0a,1099,-35,433,211.04,83.38,77,91382,491860
f0:91:27:6b:7a:0a,1100,-36,434,210.72,83.37,71,91453,491931
f0:91:27:6b:7a:0a,1101,-30,435,210.43,83.37,85,91538,492016
f0:91:27:6b:7a:0a,1102,-32,436,210.12,83.36,76,91614,492092
f0:91:27:6b:7a:0a,1107,-32,437,210.54,83.34,392,92006,492484
f0:91:27:6b:7a:0a,1109,-30,438,210.42,83.33,158,92164,492642
f0:91:27:6b:7a:0a,1110,-32,439,210.12,83.33,78,92242,492720
f0:91:27:6b:7a:0a,1112,-35,440,210.00,83.32,157,92399,492877
f0:91:27:6b:7a:0a,1113,-28,441,209.70,83.31,80,92479,492957
f0:91:27:6b:7a:0a,1114,-32,442,209.40,83.31,76,92555,493033
f0:91:27:6b:7a:0a,1115,-32,443,209.10,83.30,76,92631,493109
f0:91:27:6b:7a:0a,1116,-36,444,208.82,83.30,84,92715,493193
f0:91:27:6b:7a:0a,1118,-35,445,208.73,83.30,170,92885,493363
f0:91:27:6b:7a:0a,1120,-30,446,208.61,83.29,153,93038,493516
f0:91:27:6b:7a:0a,1121,-32,447,208.33,83.30,87,93125,493603
f0:91:27:6b:7a:0a,1122,-36,448,208.05,83.30,83,93208,493686
f0:91:27:6b:7a:0a,1126,-32,449,208.27,83.27,306,93514,493992
f0:91:27:6b:7a:0a,1127,-43,450,207.97,83.26,74,93588,494066
f0:91:27:6b:7a:0a,1128,-30,451,207.70,83.26,83,93671,494149
f0:91:27:6b:7a:0a,1133,-29,452,208.09,83.24,387,94058,494536
f0:91:27:6b:7a:0a,1134,-28,453,207.81,83.23,80,94138,494616
f0:91:27:6b:7a:0a,1135,-32,454,207.51,83.23,73,94211,494689
f0:91:27:6b:7a:0a,1137,-28,455,207.40,83.21,154,94365,494843
f0:91:27:6b:7a:0a,1138,-30,456,207.12,83.21,82,94447,494925
f0:91:27:6b:7a:0a,1157,-38,457,209.95,83.14,1500,95947,496425
f0:91:27:6b:7a:0a,1158,-32,458,209.69,83.15,90,96037,496515
f0:91:27:6b:7a:0a,1159,-37,459,209.39,83.14,71,96108,496586
f0:91:27:6b:7a:0a,1164,-30,460,209.79,83.12,395,96503,496981
f0:91:27:6b:7a:0a,1167,-36,461,209.83,83.10,230,96733,497211
f0:91:27:6b:7a:0a,1186,-36,462,212.65,83.04,1509,98242,498720
f0:91:27:6b:7a:0a,1187,-30,463,212.36,83.04,80,98322,498800
f0:91:27:6b:7a:0a,1189,-38,464,212.23,83.03,155,98477,498955
f0:91:27:6b:7a:0a,1200,-30,465,213.65,83.00,870,99347,499825
f0:91:27:6b:7a:0a,1208,-30,466,214.58,82.98,649,99996,500474
f0:91:27:6b:7a:0a,1212,-42,467,214.82,82.98,325,100321,500799
f0:91:27:6b:7a:0a,1213,-36,468,214.54,82.98,83,100404,500882
f0:91:27:6b:7a:0a,1217,-31,469,214.75,82.97,316,100720,501198
f0:91:27:6b:7a:0a,1218,-37,470,214.47,82.96,81,100801,501279
f0:91:27:6b:7a:0a,1221,-37,471,214.52,82.95,238,101039,501517
f0:91:27:6b:7a:0a,1222,-30,472,214.24,82.95,81,101120,501598
f0:91:27:6b:7a:0a,1226,-30,473,214.45,82.94,317,101437,501915
f0:91:27:6b:7a:0a,1227,-32,474,214.16,82.94,76,101513,501991
f0:91:27:6b:7a:0a,1241,-32,475,216.06,82.90,1115,102628,503106
f0:91:27:6b:7a:0a,1242,-36,476,215.78,82.90,84,102712,503190
f0:91:27:6b:7a:0a,1248,-32,477,216.32,82.88,475,103187,503665
f0:91:27:6b:7a:0a,1250,-30,478,216.20,82.87,158,103345,503823
f0:91:27:6b:7a:0a,1251,-32,479,215.92,82.87,81,103426,503904
f0:91:27:6b:7a:0a,1252,-38,480,215.62,82.87,74,103500,503978
f0:91:27:6b:7a:0a,1257,-36,481,216.04,82.87,413,103913,504391
f0:91:27:6b:7a:0a,1260,-32,482,216.08,82.86,239,104152,504630
f0:91:27:6b:7a:0a,1272,-32,483,217.64,82.84,969,105121,505599
f0:91:27:6b:7a:0a,1274,-36,484,217.51,82.83,153,105274,505752
f0:91:27:6b:7a:0a,1276,-32,485,217.38,82.82,155,105429,505907
f0:91:27:6b:7a:0a,1280,-30,486,217.62,82.82,333,105762,506240
f0:91:27:6b:7a:0a,1282,-32,487,217.48,82.81,150,105912,506390
f0:91:27:6b:7a:0a,1283,-30,488,217.22,82.81,90,106002,506480
f0:91:27:6b:7a:0a,1285,-36,489,217.10,82.81,158,106160,506638
f0:91:27:6b:7a:0a,1286,-30,490,216.82,82.81,80,106240,506718
f0:91:27:6b:7a:0a,1288,-36,491,216.69,82.80,157,106397,506875
f0:91:27:6b:7a:0a,1290,-30,492,216.57,82.79,156,106553,507031
f0:91:27:6b:7a:0a,1292,-39,493,216.46,82.79,162,106715,507193
f0:91:27:6b:7a:0a,1296,-29,494,216.66,82.78,317,107032,507510
f0:91:27:6b:7a:0a,1297,-31,495,216.38,82.77,78,107110,507588
f0:91:27:6b:7a:0a,1299,-36,496,216.26,82.76,153,107263,507741
f0:91:27:6b:7a:0a,1304,-30,497,216.60,82.74,386,107649,508127
f0:91:27:6b:7a:0a,1315,-35,498,217.92,82.72,875,108524,509002
f0:91:27:6b:7a:0a,1316,-30,499,217.66,82.72,89,108613,509091
f0:91:27:6b:7a:0a,1321,-30,500,218.02,82.71,397,109010,509488
f0:91:27:6b:7a:0a,1336,-30,501,219.91,82.65,1167,110177,510655
f0:91:27:6b:7a:0a,1338,-37,502,219.80,82.65,163,110340,510818
f0:91:27:6b:7a:0a,1341,-36,503,219.84,82.65,241,110581,511059
f0:91:27:6b:7a:0a,1348,-36,504,220.50,82.62,549,111130,511608
f0:91:27:6b:7a:0a,1358,-32,505,221.66,82.61,806,111936,512414
f0:91:27:6b:7a:0a,1360,-36,506,221.52,82.60,154,112090,512568
f0:91:27:6b:7a:0a,1361,-30,507,221.24,82.60,79,112169,512647
f0:91:27:6b:7a:0a,1363,-36,508,221.12,82.59,158,112327,512805
f0:91:27:6b:7a:0a,1364,-30,509,220.86,82.60,90,112417,512895
f0:91:27:6b:7a:0a,1365,-38,510,220.58,82.60,80,112497,512975
f0:91:27:6b:7a:0a,1367,-32,511,220.46,82.59,159,112656,513134
f0:91:27:6b:7a:0a,1369,-36,512,220.33,82.58,154,112810,513288
f0:91:27:6b:7a:0a,1373,-30,513,220.54,82.58,325,113135,513613
f0:91:27:6b:7a:0a,1374,-32,514,220.27,82.58,83,113218,513696
f0:91:27:6b:7a:0a,1375,-38,515,219.99,82.58,77,113295,513773
f0:91:27:6b:7a:0a,1376,-30,516,219.73,82.58,84,113379,513857
f0:91:27:6b:7a:0a,1384,-30,517,220.52,82.55,628,114007,514485
f0:91:27:6b:7a:0a,1386,-30,518,220.41,82.55,166,114173,514651
f0:91:27:6b:7a:0a,1387,-31,519,220.14,82.55,78,114251,514729
f0:91:27:6b:7a:0a,1388,-36,520,219.87,82.55,80,114331,514809
f0:91:27:6b:7a:0a,1390,-30,521,219.74,82.54,154,114485,514963
f0:91:27:6b:7a:0a,1392,-38,522,219.62,82.54,158,114643,515121
f0:91:27:6b:7a:0a,1393,-30,523,219.37,82.54,85,114728,515206
f0:91:27:6b:7a:0a,1395,-39,524,219.25,82.53,157,114885,515363
f0:91:27:6b:7a:0a,1401,-32,525,219.73,82.52,471,115356,515834
f0:91:27:6b:7a:0a,1403,-30,526,219.63,82.52,171,115527,516005
f0:91:27:6b:7a:0a,1405,-36,527,219.52,82.52,160,115687,516165
f0:91:27:6b:7a:0a,1407,-32,528,219.41,82.51,160,115847,516325
f0:91:27:6b:7a:0a,1408,-36,529,219.15,82.51,81,115928,516406
f0:91:27:6b:7a:0a,1409,-30,530,218.89,82.51,84,116012,516490
f0:91:27:6b:7a:0a,1410,-32,531,218.62,82.51,73,116085,516563
f0:91:27:6b:7a:0a,1412,-30,532,218.50,82.50,155,116240,516718
f0:91:27:6b:7a:0a,1413,-31,533,218.23,82.50,78,116318,516796
f0:91:27:6b:7a:0a,1424,-32,534,219.50,82.49,896,117214,517692
f0:91:27:6b:7a:0a,1429,-29,535,219.85,82.48,406,117620,518098
f0:91:27:6b:7a:0a,1451,-31,536,222.75,82.45,1773,119393,519871
f0:91:27:6b:7a:0a,1474,-30,537,225.70,82.39,1810,121203,521681
f0:91:27:6b:7a:0a,1524,-30,538,232.65,82.29,3963,125166,525644
f0:91:27:6b:7a:0a,1525,-32,539,232.36,82.29,78,125244,525722
f0:91:27:6b:7a:0a,1532,-32,540,233.02,82.30,588,125832,526310
f0:91:27:6b:7a:0a,1533,-30,541,232.75,82.30,87,125919,526397
f0:91:27:6b:7a:0a,1540,-32,542,233.50,82.34,637,126556,527034
f0:91:27:6b:7a:0a,1541,-32,543,233.25,82.35,98,126654,527132
f0:91:27:6b:7a:0a,1542,-30,544,232.99,82.36,95,126749,527227
f0:91:27:6b:7a:0a,1549,-32,545,233.76,82.40,648,127397,527875
f0:91:27:6b:7a:0a,1551,-30,546,233.68,82.42,190,127587,528065
f0:91:27:6b:7a:0a,1559,-28,547,234.60,82.47,741,128328,528806
f0:91:27:6b:7a:0a,1585,-38,548,238.63,82.66,2440,130768,531246
f0:91:27:6b:7a:0a,1587,-32,549,238.55,82.68,197,130965,531443
f0:91:27:6b:7a:0a,1615,-32,550,242.87,82.87,2614,133579,534057
f0:91:27:6b:7a:0a,1621,-28,551,243.45,82.91,563,134142,534620
f0:91:27:6b:7a:0a,1623,-28,552,243.33,82.91,177,134319,534797
f0:91:27:6b:7a:0a,1624,-30,553,243.06,82.92,94,134413,534891
f0:91:27:6b:7a:0a,1629,-30,554,243.46,82.95,466,134879,535357
f0:91:27:6b:7a:0a,1634,-31,555,243.86,82.98,466,135345,535823
f0:91:27:6b:7a:0a,1635,-30,556,243.60,82.99,98,135443,535921
f0:91:27:6b:7a:0a,1637,-32,557,243.49,83.00,181,135624,536102
f0:91:27:6b:7a:0a,1641,-32,558,243.72,83.02,370,135994,536472
f0:91:27:6b:7a:0a,1642,-30,559,243.45,83.03,96,136090,536568
f0:91:27:6b:7a:0a,1644,-32,560,243.34,83.04,180,136270,536748
f0:91:27:6b:7a:0a,1645,-36,561,243.06,83.04,87,136357,536835
f0:91:27:6b:7a:0a,1646,-32,562,242.80,83.05,94,136451,536929
f0:91:27:6b:7a:0a,1648,-32,563,242.67,83.05,171,136622,537100
f0:91:27:6b:7a:0a,1649,-32,564,242.43,83.07,106,136728,537206
f0:91:27:6b:7a:0a,1655,-30,565,242.96,83.09,542,137270,537748
f0:91:27:6b:7a:0a,1656,-36,566,242.69,83.10,90,137360,537838
f0:91:27:6b:7a:0a,1660,-30,567,242.88,83.11,351,137711,538189
f0:91:27:6b:7a:0a,1661,-32,568,242.60,83.11,86,137797,538275
f0:91:27:6b:7a:0a,1667,-28,569,243.08,83.12,516,138313,538791
f0:91:27:6b:7a:0a,1670,-31,570,243.09,83.12,250,138563,539041
f0:91:27:6b:7a:0a,1673,-40,571,243.11,83.12,251,138814,539292
f0:91:27:6b:7a:0a,1679,-37,572,243.59,83.13,520,139334,539812
f0:91:27:6b:7a:0a,1699,-35,573,246.07,83.14,1665,140999,541477
f0:91:27:6b:7a:0a,1702,-30,574,246.09,83.14,256,141255,541733
f0:91:27:6b:7a:0a,1711,-30,575,247.00,83.15,768,142023,542501
f0:91:27:6b:7a:0a,1712,-37,576,246.72,83.15,87,142110,542588
f0:91:27:6b:7a:0a,1751,-32,577,251.89,83.15,3230,145340,545818
f0:91:27:6b:7a:0a,1752,-32,578,251.58,83.14,73,145413,545891
f0:91:27:6b:7a:0a,1753,-36,579,251.28,83.14,77,145490,545968
f0:91:27:6b:7a:0a,1754,-30,580,250.99,83.14,82,145572,546050
f0:91:27:6b:7a:0a,1785,-32,581,254.92,83.12,2539,148111,548589
f0:91:27:6b:7a:0a,1795,-32,582,255.85,83.09,791,148902,549380
f0:91:27:6b:7a:0a,1796,-36,583,255.54,83.09,77,148979,549457
f0:91:27:6b:7a:0a,1797,-28,584,255.23,83.09,77,149056,549534
f0:91:27:6b:7a:0a,1798,-32,585,254.94,83.09,85,149141,549619
f0:91:27:6b:7a:0a,1799,-39,586,254.65,83.09,83,149224,549702
f0:91:27:6b:7a:0a,1802,-32,587,254.62,83.08,238,149462,549940
f0:91:27:6b:7a:0a,1803,-36,588,254.33,83.08,85,149547,550025
f0:91:27:6b:7a:0a,1804,-28,589,254.03,83.08,79,149626,550104
f0:91:27:6b:7a:0a,1806,-36,590,253.87,83.07,156,149782,550260
f0:91:27:6b:7a:0a,1807,-30,591,253.57,83.07,76,149858,550336
f0:91:27:6b:7a:0a,1808,-30,592,253.27,83.07,78,149936,550414
f0:91:27:6b:7a:0a,1811,-36,593,253.25,83.06,240,150176,550654
f0:91:27:6b:7a:0a,1812,-30,594,252.94,83.06,73,150249,550727
f0:91:27:6b:7a:0a,1813,-32,595,252.67,83.06,87,150336,550814
f0:91:27:6b:7a:0a,1814,-37,596,252.37,83.05,74,150410,550888
f0:91:27:6b:7a:0a,1817,-37,597,252.36,83.05,246,150656,551134
f0:91:27:6b:7a:0a,1818,-30,598,252.07,83.05,80,150736,551214
f0:91:27:6b:7a:0a,1819,-28,599,251.78,83.05,78,150814,551292
f0:91:27:6b:7a:0a,1825,-28,600,252.15,83.04,477,151291,551769
f0:91:27:6b:7a:0a,1827,-28,601,252.00,83.03,161,151452,551930
f0:91:27:6b:7a:0a,1828,-30,602,251.71,83.03,80,151532,552010
f0:91:27:6b:7a:0a,1864,-36,603,256.01,82.95,2845,154377,554855
f0:91:27:6b:7a:0a,1865,-30,604,255.73,82.95,83,154460,554938
f0:91:27:6b:7a:0a,1871,-35,605,256.09,82.94,476,154936,555414
f0:91:27:6b:7a:0a,1876,-30,606,256.32,82.93,395,155331,555809
f0:91:27:6b:7a:0a,1907,-30,607,259.97,82.88,2472,157803,558281
f0:91:27:6b:7a:0a,1915,-30,608,260.63,82.88,658,158461,558939
f0:91:27:6b:7a:0a,1918,-30,609,260.59,82.87,241,158702,559180
f0:91:27:6b:7a:0a,1924,-30,610,260.96,82.86,481,159183,559661
f0:91:27:6b:7a:0a,1927,-30,611,260.93,82.86,245,159428,559906
f0:91:27:6b:7a:0a,1928,-32,612,260.65,82.87,88,159516,559994
f0:91:27:6b:7a:0a,1929,-38,613,260.36,82.87,84,159600,560078
f0:91:27:6b:7a:0a,1930,-30,614,260.06,82.86,79,159679,560157
f0:91:27:6b:7a:0a,1931,-32,615,259.77,82.86,79,159758,560236
f0:91:27:6b:7a:0a,1932,-37,616,259.46,82.86,72,159830,560308
f0:91:27:6b:7a:0a,1934,-30,617,259.30,82.85,161,159991,560469
f0:91:27:6b:7a:0a,1939,-39,618,259.55,82.85,410,160401,560879
f0:91:27:6b:7a:0a,1940,-30,619,259.25,82.85,74,160475,560953
f0:91:27:6b:7a:0a,1941,-32,620,258.97,82.85,89,160564,561042
f0:91:27:6b:7a:0a,1943,-39,621,258.81,82.84,154,160718,561196
f0:91:27:6b:7a:0a,1944,-30,622,258.51,82.84,76,160794,561272
f0:91:27:6b:7a:0a,1945,-31,623,258.22,82.84,78,160872,561350
f0:91:27:6b:7a:0a,1946,-32,624,257.94,82.84,80,160952,561430
f0:91:27:6b:7a:0a,1947,-30,625,257.66,82.84,85,161037,561515
f0:91:27:6b:7a:0a,1955,-32,626,258.28,82.83,645,161682,562160
f0:91:27:6b:7a:0a,1956,-30,627,258.00,82.83,87,161769,562247
f0:91:27:6b:7a:0a,1957,-32,628,257.72,82.83,77,161846,562324
f0:91:27:6b:7a:0a,1958,-31,629,257.44,82.83,81,161927,562405
f0:91:27:6b:7a:0a,1962,-39,630,257.54,82.82,325,162252,562730
f0:91:27:6b:7a:0a,1963,-28,631,257.25,82.82,75,162327,562805
f0:91:27:6b:7a:0a,1966,-36,632,257.21,82.81,229,162556,563034
f0:91:27:6b:7a:0a,1968,-30,633,257.05,82.81,156,162712,563190
f0:91:27:6b:7a:0a,1969,-32,634,256.76,82.80,77,162789,563267
f0:91:27:6b:7a:0a,1974,-39,635,256.98,82.79,395,163184,563662
f0:91:27:6b:7a:0a,1981,-28,636,257.45,82.78,557,163741,564219
f0:91:27:6b:7a:0a,1982,-31,637,257.18,82.78,80,163821,564299
f0:91:27:6b:7a:0a,1988,-30,638,257.52,82.77,474,164295,564773
f0:91:27:6b:7a:0a,2020,-32,639,261.10,82.72,2546,166841,567319
f0:91:27:6b:7a:0a,2021,-36,640,260.82,82.72,84,166925,567403
f0:91:27:6b:7a:0a,2022,-30,641,260.54,82.72,79,167004,567482
f0:91:27:6b:7a:0a,2024,-32,642,260.37,82.71,152,167156,567634
f0:91:27:6b:7a:0a,2026,-37,643,260.20,82.70,151,167307,567785
f0:91:27:6b:7a:0a,2027,-30,644,259.92,82.70,79,167386,567864
f0:91:27:6b:7a:0a,2028,-32,645,259.64,82.70,80,167466,567944
f0:91:27:6b:7a:0a,2030,-30,646,259.47,82.69,154,167620,568098
f0:91:27:6b:7a:0a,2034,-30,647,259.56,82.69,317,167937,568415
f0:91:27:6b:7a:0a,2035,-32,648,259.29,82.69,84,168021,568499
f0:91:27:6b:7a:0a,2036,-36,649,259.01,82.68,76,168097,568575
f0:91:27:6b:7a:0a,2039,-36,650,259.00,82.69,250,168347,568825
f0:91:27:6b:7a:0a,2040,-30,651,258.71,82.68,75,168422,568900
f0:91:27:6b:7a:0a,2041,-37,652,258.45,82.68,89,168511,568989
f0:91:27:6b:7a:0a,2042,-30,653,258.17,82.68,73,168584,569062
f0:91:27:6b:7a:0a,2043,-32,654,257.90,82.68,83,168667,569145
f0:91:27:6b:7a:0a,2050,-30,655,258.38,82.68,571,169238,569716
f0:91:27:6b:7a:0a,2052,-42,656,258.23,82.67,158,169396,569874
f0:91:27:6b:7a:0a,2054,-32,657,258.07,82.67,154,169550,570028
f0:91:27:6b:7a:0a,2055,-36,658,257.78,82.66,72,169622,570100
f0:91:27:6b:7a:0a,2056,-30,659,257.52,82.66,85,169707,570185
f0:91:27:6b:7a:0a,2057,-30,660,257.24,82.66,71,169778,570256
f0:91:27:6b:7a:0a,2059,-36,661,257.09,82.65,160,169938,570416
f0:91:27:6b:7a:0a,2060,-30,662,256.83,82.65,82,170020,570498
f0:91:27:6b:7a:0a,2061,-30,663,256.56,82.65,77,170097,570575
f0:91:27:6b:7a:0a,2064,-36,664,256.51,82.64,228,170325,570803
f0:91:27:6b:7a:0a,2065,-36,665,256.25,82.64,78,170403,570881
f0:91:27:6b:7a:0a,2066,-30,666,255.98,82.64,78,170481,570959
f0:91:27:6b:7a:0a,2067,-32,667,255.72,82.64,84,170565,571043
f0:91:27:6b:7a:0a,2068,-36,668,255.45,82.64,78,170643,571121
f0:91:27:6b:7a:0a,2072,-36,669,255.54,82.63,312,170955,571433
f0:91:27:6b:7a:0a,2074,-30,670,255.39,82.62,155,171110,571588
f0:91:27:6b:7a:0a,2076,-39,671,255.24,82.62,159,171269,571747
f0:91:27:6b:7a:0a,2087,-36,672,256.14,82.60,860,172129,572607
f0:91:27:6b:7a:0a,2088,-28,673,255.89,82.60,82,172211,572689
f0:91:27:6b:7a:0a,2089,-30,674,255.62,82.59,74,172285,572763
f0:91:27:6b:7a:0a,2090,-32,675,255.36,82.59,80,172365,572843
f0:91:27:6b:7a:0a,2091,-39,676,255.10,82.59,82,172447,572925
f0:91:27:6b:7a:0a,2098,-36,677,255.53,82.57,546,172993,573471
f0:91:27:6b:7a:0a,2101,-31,678,255.49,82.57,232,173225,573703
f0:91:27:6b:7a:0a,2102,-39,679,255.24,82.57,82,173307,573785
f0:91:27:6b:7a:0a,2103,-30,680,254.98,82.56,77,173384,573862
f0:91:27:6b:7a:0a,2105,-32,681,254.83,82.56,156,173540,574018
f0:91:27:6b:7a:0a,2106,-36,682,254.57,82.56,75,173615,574093
f0:91:27:6b:7a:0a,2107,-30,683,254.32,82.56,88,173703,574181
f0:91:27:6b:7a:0a,2109,-36,684,254.18,82.56,159,173862,574340
f0:91:27:6b:7a:0a,2110,-30,685,253.93,82.55,81,173943,574421
f0:91:27:6b:7a:0a,2114,-32,686,254.02,82.55,316,174259,574737
f0:91:27:6b:7a:0a,2121,-30,687,254.46,82.54,552,174811,575289
f0:91:27:6b:7a:0a,2124,-36,688,254.42,82.53,230,175041,575519
f0:91:27:6b:7a:0a,2125,-28,689,254.17,82.53,83,175124,575602
f0:91:27:6b:7a:0a,2126,-32,690,253.91,82.52,74,175198,575676
f0:91:27:6b:7a:0a,2130,-39,691,254.00,82.52,319,175517,575995
f0:91:27:6b:7a:0a,2133,-32,692,253.98,82.51,238,175755,576233
f0:91:27:6b:7a:0a,2135,-29,693,253.85,82.51,166,175921,576399
f0:91:27:6b:7a:0a,2136,-32,694,253.61,82.51,83,176004,576482
f0:91:27:6b:7a:0a,2137,-36,695,253.36,82.51,82,176086,576564
f0:91:27:6b:7a:0a,2138,-32,696,253.11,82.51,82,176168,576646
f0:91:27:6b:7a:0a,2142,-31,697,253.22,82.51,329,176497,576975
f0:91:27:6b:7a:0a,2147,-32,698,253.45,82.51,414,176911,577389
f0:91:27:6b:7a:0a,2148,-35,699,253.21,82.51,82,176993,577471
f0:91:27:6b:7a:0a,2150,-35,700,253.09,82.52,170,177163,577641
f0:91:27:6b:7a:0a,2151,-31,701,252.85,82.52,84,177247,577725
f0:91:27:6b:7a:0a,2152,-36,702,252.61,82.52,83,177330,577808
f0:91:27:6b:7a:0a,2153,-36,703,252.34,82.51,68,177398,577876
f0:91:27:6b:7a:0a,2154,-32,704,252.12,82.51,91,177489,577967
f0:91:27:6b:7a:0a,2161,-39,705,252.55,82.51,560,178049,578527
f0:91:27:6b:7a:0a,2166,-30,706,252.75,82.50,396,178445,578923
f0:91:27:6b:7a:0a,2167,-32,707,252.51,82.50,78,178523,579001
f0:91:27:6b:7a:0a,2180,-32,708,253.61,82.48,1030,179553,580031
f0:91:27:6b:7a:0a,2182,-28,709,253.47,82.47,156,179709,580187
f0:91:27:6b:7a:0a,2185,-32,710,253.47,82.48,252,179961,580439
f0:91:27:6b:7a:0a,2190,-35,711,253.66,82.47,391,180352,580830
f0:91:27:6b:7a:0a,2191,-30,712,253.42,82.47,82,180434,580912
f0:91:27:6b:7a:0a,2192,-31,713,253.17,82.46,77,180511,580989
f0:91:27:6b:7a:0a,2199,-36,714,253.60,82.45,560,181071,581549
f0:91:27:6b:7a:0a,2201,-29,715,253.46,82.45,152,181223,581701
f0:91:27:6b:7a:0a,2202,-32,716,253.22,82.45,82,181305,581783
f0:91:27:6b:7a:0a,2204,-36,717,253.08,82.44,156,181461,581939
f0:91:27:6b:7a:0a,2205,-30,718,252.84,82.44,79,181540,582018
f0:91:27:6b:7a:0a,2206,-30,719,252.59,82.44,74,181614,582092
f0:91:27:6b:7a:0a,2207,-32,720,252.35,82.44,76,181690,582168
f0:91:27:6b:7a:0a,2209,-36,721,252.21,82.43,153,181843,582321
f0:91:27:6b:7a:0a,2219,-30,722,252.97,82.42,798,182641,583119
f0:91:27:6b:7a:0a,2220,-32,723,252.73,82.42,83,182724,583202
f0:91:27:6b:7a:0a,2221,-42,724,252.49,82.42,82,182806,583284
f0:91:27:6b:7a:0a,2237,-30,725,253.91,82.40,1279,184085,584563
f0:91:27:6b:7a:0a,2238,-32,726,253.68,82.40,85,184170,584648
f0:91:27:6b:7a:0a,2239,-36,727,253.44,82.40,84,184254,584732
f0:91:27:6b:7a:0a,2240,-30,728,253.21,82.40,81,184335,584813
f0:91:27:6b:7a:0a,2243,-30,729,253.19,82.40,239,184574,585052
f0:91:27:6b:7a:0a,2246,-32,730,253.18,82.40,251,184825,585303
f0:91:27:6b:7a:0a,2250,-31,731,253.30,82.40,337,185162,585640
f0:91:27:6b:7a:0a,2253,-30,732,253.33,82.42,274,185436,585914
f0:91:27:6b:7a:0a,2255,-32,733,253.23,82.42,182,185618,586096
f0:91:27:6b:7a:0a,2257,-40,734,253.13,82.43,177,185795,586273
f0:91:27:6b:7a:0a,2260,-35,735,253.15,82.44,271,186066,586544
f0:91:27:6b:7a:0a,2262,-32,736,253.06,82.45,187,186253,586731
f0:91:27:6b:7a:0a,2263,-30,737,252.85,82.46,96,186349,586827
f0:91:27:6b:7a:0a,2265,-32,738,252.75,82.46,181,186530,587008
f0:91:27:6b:7a:0a,2277,-32,739,253.90,82.51,1102,187632,588110
f0:91:27:6b:7a:0a,2279,-39,740,253.82,82.52,192,187824,588302
f0:91:27:6b:7a:0a,2289,-30,741,254.71,82.56,918,188742,589220
f0:91:27:6b:7a:0a,2291,-30,742,254.62,82.57,184,188926,589404
f0:91:27:6b:7a:0a,2293,-32,743,254.52,82.58,180,189106,589584
f0:91:27:6b:7a:0a,2294,-30,744,254.30,82.58,90,189196,589674
f0:91:27:6b:7a:0a,2304,-37,745,255.22,82.63,941,190137,590615
f0:91:27:6b:7a:0a,2306,-37,746,255.12,82.64,183,190320,590798
f0:91:27:6b:7a:0a,2308,-30,747,255.02,82.65,179,190499,590977
f0:91:27:6b:7a:0a,2309,-30,748,254.82,82.65,103,190602,591080
f0:91:27:6b:7a:0a,2311,-32,749,254.72,82.66,184,190786,591264
f0:91:27:6b:7a:0a,2312,-32,750,254.51,82.67,100,190886,591364
f0:91:27:6b:7a:0a,2313,-30,751,254.30,82.67,92,190978,591456
f0:91:27:6b:7a:0a,2314,-38,752,254.08,82.68,92,191070,591548
f0:91:27:6b:7a:0a,2316,-32,753,254.01,82.69,196,191266,591744
f0:91:27:6b:7a:0a,2323,-30,754,254.56,82.73,674,191940,592418
f0:91:27:6b:7a:0a,2324,-38,755,254.35,82.74,92,192032,592510
f0:91:27:6b:7a:0a,2326,-30,756,254.26,82.75,189,192221,592699
f0:91:27:6b:7a:0a,2328,-32,757,254.17,82.76,189,192410,592888
f0:91:27:6b:7a:0a,2330,-35,758,254.08,82.76,182,192592,593070
f0:91:27:6b:7a:0a,2331,-32,759,253.87,82.77,95,192687,593165
f0:91:27:6b:7a:0a,2333,-30,760,253.78,82.78,188,192875,593353
f0:91:27:6b:7a:0a,2338,-32,761,254.07,82.80,472,193347,593825
f0:91:27:6b:7a:0a,2339,-32,762,253.86,82.81,96,193443,593921
f0:91:27:6b:7a:0a,2340,-30,763,253.65,82.81,94,193537,594015
f0:91:27:6b:7a:0a,2343,-39,764,253.69,82.83,279,193816,594294
f0:91:27:6b:7a:0a,2348,-32,765,253.97,82.85,471,194287,594765
f0:91:27:6b:7a:0a,2350,-36,766,253.88,82.86,182,194469,594947
f0:91:27:6b:7a:0a,2352,-31,767,253.80,82.87,199,194668,595146
f0:91:27:6b:7a:0a,2354,-32,768,253.69,82.87,169,194837,595315
f0:91:27:6b:7a:0a,2357,-30,769,253.71,82.88,268,195105,595583
f0:91:27:6b:7a:0a,2361,-32,770,253.85,82.89,361,195466,595944
f0:91:27:6b:7a:0a,2362,-30,771,253.64,82.90,89,195555,596033
f0:91:27:6b:7a:0a,2363,-36,772,253.42,82.90,88,195643,596121
f0:91:27:6b:7a:0a,2367,-30,773,253.55,82.91,355,195998,596476
f0:91:27:6b:7a:0a,2368,-32,774,253.33,82.91,82,196080,596558
f0:91:27:6b:7a:0a,2369,-36,775,253.12,82.91,86,196166,596644
f0:91:27:6b:7a:0a,2372,-32,776,253.13,82.92,265,196431,596909
f0:91:27:6b:7a:0a,2375,-28,777,253.16,82.93,278,196709,597187
f0:91:27:6b:7a:0a,2376,-36,778,252.96,82.93,92,196801,597279
f0:91:27:6b:7a:0a,2380,-32,779,253.11,82.95,374,197175,597653
f0:91:27:6b:7a:0a,2383,-36,780,253.11,82.95,250,197425,597903
f0:91:27:6b:7a:0a,2384,-30,781,252.89,82.95,84,197509,597987
f0:91:27:6b:7a:0a,2387,-32,782,252.90,82.95,255,197764,598242
f0:91:27:6b:7a:0a,2388,-37,783,252.68,82.96,84,197848,598326
f0:91:27:6b:7a:0a,2389,-30,784,252.47,82.96,85,197933,598411
f0:91:27:6b:7a:0a,2393,-30,785,252.57,82.96,334,198267,598745
f0:91:27:6b:7a:0a,2398,-36,786,252.77,82.96,412,198679,599157
f0:91:27:6b:7a:0a,2399,-29,787,252.56,82.96,82,198761,599239
f0:91:27:6b:7a:0a,2445,-36,788,257.16,82.98,3879,202640,603118
f0:91:27:6b:7a:0a,2452,-32,789,257.55,82.98,570,203210,603688
f0:91:27:6b:7a:0a,2455,-30,790,257.54,82.98,247,203457,603935
f0:91:27:6b:7a:0a,2461,-30,791,257.84,82.97,492,203949,604427
f0:91:27:6b:7a:0a,2466,-30,792,258.01,82.97,395,204344,604822
f0:91:27:6b:7a:0a,2468,-36,793,257.89,82.97,166,204510,604988
f0:91:27:6b:7a:0a,2469,-37,794,257.67,82.96,77,204587,605065
f0:91:27:6b:7a:0a,2470,-28,795,257.45,82.96,83,204670,605148
f0:91:27:6b:7a:0a,2471,-32,796,257.22,82.96,79,204749,605227
f0:91:27:6b:7a:0a,2472,-36,797,256.99,82.96,76,204825,605303
f0:91:27:6b:7a:0a,2474,-31,798,256.88,82.96,165,204990,605468
f0:91:27:6b:7a:0a,2476,-32,799,256.77,82.96,169,205159,605637
f0:91:27:6b:7a:0a,2484,-35,800,257.26,82.95,645,205804,606282
f0:91:27:6b:7a:0a,2485,-36,801,257.03,82.95,75,205879,606357
f0:91:27:6b:7a:0a,2487,-30,802,256.90,82.94,155,206034,606512
f0:91:27:6b:7a:0a,2488,-30,803,256.67,82.94,76,206110,606588
f0:91:27:6b:7a:0a,2489,-31,804,256.46,82.94,80,206190,606668
f0:91:27:6b:7a:0a,2490,-36,805,256.24,82.94,83,206273,606751
f0:91:27:6b:7a:0a,2506,-37,806,257.52,82.92,1288,207561,608039
f0:91:27:6b:7a:0a,2507,-36,807,257.30,82.92,81,207642,608120
f0:91:27:6b:7a:0a,2509,-32,808,257.18,82.92,159,207801,608279
f0:91:27:6b:7a:0a,2510,-29,809,256.97,82.92,84,207885,608363
f0:91:27:6b:7a:0a,2512,-36,810,256.85,82.92,167,208052,608530
f0:91:27:6b:7a:0a,2519,-36,811,257.23,82.91,560,208612,609090
f0:91:27:6b:7a:0a,2520,-30,812,257.00,82.91,76,208688,609166
f0:91:27:6b:7a:0a,2522,-31,813,256.88,82.91,159,208847,609325
f0:91:27:6b:7a:0a,2523,-39,814,256.67,82.91,79,208926,609404
f0:91:27:6b:7a:0a,2524,-30,815,256.45,82.91,78,209004,609482
f0:91:27:6b:7a:0a,2525,-32,816,256.23,82.90,76,209080,609558
f0:91:27:6b:7a:0a,2531,-36,817,256.48,82.89,468,209548,610026
f0:91:27:6b:7a:0a,2532,-39,818,256.27,82.89,78,209626,610104
f0:91:27:6b:7a:0a,2533,-30,819,256.05,82.89,76,209702,610180
f0:91:27:6b:7a:0a,2534,-32,820,255.84,82.89,86,209788,610266
f0:91:27:6b:7a:0a,2536,-30,821,255.71,82.88,153,209941,610419
f0:91:27:6b:7a:0a,2542,-32,822,255.98,82.87,475,210416,610894
f0:91:27:6b:7a:0a,2543,-35,823,255.76,82.87,75,210491,610969
f0:91:27:6b:7a:0a,2544,-30,824,255.55,82.87,80,210571,611049
f0:91:27:6b:7a:0a,2550,-32,825,255.81,82.86,474,211045,611523
f0:91:27:6b:7a:0a,2551,-40,826,255.60,82.86,79,211124,611602
f0:91:27:6b:7a:0a,2552,-30,827,255.38,82.86,78,211202,611680
f0:91:27:6b:7a:0a,2553,-32,828,255.18,82.86,84,211286,611764
f0:91:27:6b:7a:0a,2557,-32,829,255.25,82.85,315,211601,612079
f0:91:27:6b:7a:0a,2560,-32,830,255.23,82.85,236,211837,612315
f0:91:27:6b:7a:0a,2561,-36,831,255.01,82.84,74,211911,612389
f0:91:27:6b:7a:0a,2562,-30,832,254.80,82.84,79,211990,612468
f0:91:27:6b:7a:0a,2563,-32,833,254.59,82.84,82,212072,612550
f0:91:27:6b:7a:0a,2564,-36,834,254.38,82.84,82,212154,612632
f0:91:27:6b:7a:0a,2569,-28,835,254.55,82.83,392,212546,613024
f0:91:27:6b:7a:0a,2577,-36,836,255.01,82.83,646,213192,613670
f0:91:27:6b:7a:0a,2579,-30,837,254.89,82.82,150,213342,613820
f0:91:27:6b:7a:0a,2581,-30,838,254.78,82.82,166,213508,613986
f0:91:27:6b:7a:0a,2582,-31,839,254.58,82.82,83,213591,614069
f0:91:27:6b:7a:0a,2596,-31,840,255.59,82.80,1106,214697,615175
f0:91:27:6b:7a:0a,2597,-36,841,255.38,82.80,74,214771,615249
f0:91:27:6b:7a:0a,2598,-30,842,255.17,82.79,79,214850,615328
f0:91:27:6b:7a:0a,2600,-32,843,255.05,82.79,155,215005,615483
f0:91:27:6b:7a:0a,2602,-32,844,254.94,82.79,161,215166,615644
f0:91:27:6b:7a:0a,2603,-39,845,254.73,82.79,82,215248,615726
f0:91:27:6b:7a:0a,2604,-28,846,254.54,82.79,91,215339,615817
f0:91:27:6b:7a:0a,2605,-32,847,254.33,82.79,79,215418,615896
f0:91:27:6b:7a:0a,2609,-32,848,254.40,82.78,315,215733,616211
f0:91:27:6b:7a:0a,2610,-40,849,254.20,82.78,84,215817,616295
f0:91:27:6b:7a:0a,2611,-30,850,254.00,82.78,81,215898,616376
f0:91:27:6b:7a:0a,2612,-30,851,253.79,82.78,75,215973,616451
f0:91:27:6b:7a:0a,2614,-31,852,253.68,82.78,165,216138,616616
f0:91:27:6b:7a:0a,2620,-32,853,253.96,82.78,493,216631,617109
f0:91:27:6b:7a:0a,2622,-30,854,253.86,82.78,164,216795,617273
f0:91:27:6b:7a:0a,2626,-32,855,253.93,82.77,316,217111,617589
f0:91:27:6b:7a:0a,2627,-31,856,253.73,82.77,85,217196,617674
f0:91:27:6b:7a:0a,2630,-32,857,253.71,82.77,234,217430,617908
f0:91:27:6b:7a:0a,2636,-30,858,253.97,82.76,478,217908,618386
f0:91:27:6b:7a:0a,2637,-30,859,253.77,82.76,80,217988,618466
f0:91:27:6b:7a:0a,2640,-28,860,253.76,82.76,246,218234,618712
f0:91:27:6b:7a:0a,2651,-36,861,254.46,82.74,860,219094,619572
f0:91:27:6b:7a:0a,2653,-30,862,254.35,82.74,160,219254,619732
f0:91:27:6b:7a:0a,2654,-32,863,254.14,82.73,73,219327,619805
f0:91:27:6b:7a:0a,2655,-35,864,253.94,82.73,81,219408,619886
f0:91:27:6b:7a:0a,2665,-32,865,254.59,82.73,809,220217,620695
f0:91:27:6b:7a:0a,2667,-30,866,254.47,82.72,151,220368,620846
f0:91:27:6b:7a:0a,2669,-35,867,254.36,82.72,159,220527,621005
f0:91:27:6b:7a:0a,2688,-39,868,255.80,82.69,1506,222033,622511
f0:91:27:6b:7a:0a,2691,-31,869,255.77,82.69,233,222266,622744
f0:91:27:6b:7a:0a,2695,-35,870,255.84,82.68,313,222579,623057
f0:91:27:6b:7a:0a,2697,-32,871,255.73,82.68,164,222743,623221
f0:91:27:6b:7a:0a,2698,-36,872,255.53,82.68,76,222819,623297
f0:91:27:6b:7a:0a,2699,-30,873,255.32,82.68,77,222896,623374
f0:91:27:6b:7a:0a,2701,-32,874,255.21,82.67,156,223052,623530
f0:91:27:6b:7a:0a,2702,-36,875,255.00,82.67,77,223129,623607
f0:91:27:6b:7a:0a,2707,-30,876,255.17,82.67,398,223527,624005
f0:91:27:6b:7a:0a,2708,-30,877,254.97,82.66,81,223608,624086
f0:91:27:6b:7a:0a,2709,-30,878,254.76,82.66,73,223681,624159
f0:91:27:6b:7a:0a,2715,-30,879,255.01,82.65,474,224155,624633
f0:91:27:6b:7a:0a,2718,-30,880,255.00,82.65,241,224396,624874
f0:91:27:6b:7a:0a,2733,-36,881,256.05,82.63,1183,225579,626057
f0:91:27:6b:7a:0a,2740,-36,882,256.38,82.62,550,226129,626607
f0:91:27:6b:7a:0a,2744,-28,883,256.45,82.61,314,226443,626921
f0:91:27:6b:7a:0a,2746,-36,884,256.34,82.61,160,226603,627081
f0:91:27:6b:7a:0a,2747,-32,885,256.15,82.61,87,226690,627168
f0:91:27:6b:7a:0a,2748,-35,886,255.95,82.61,81,226771,627249
f0:91:27:6b:7a:0a,2753,-32,887,256.10,82.61,393,227164,627642
f0:91:27:6b:7a:0a,2754,-30,888,255.92,82.61,92,227256,627734
f0:91:27:6b:7a:0a,2756,-36,889,255.80,82.60,154,227410,627888
f0:91:27:6b:7a:0a,2757,-36,890,255.60,82.60,76,227486,627964
f0:91:27:6b:7a:0a,2759,-28,891,255.49,82.60,157,227643,628121
f0:91:27:6b:7a:0a,2760,-31,892,255.30,82.60,81,227724,628202
f0:91:27:6b:7a:0a,2764,-36,893,255.37,82.59,318,228042,628520
f0:91:27:6b:7a:0a,2770,-32,894,255.61,82.58,470,228512,628990
f0:91:27:6b:7a:0a,2771,-36,895,255.41,82.58,81,228593,629071
f0:91:27:6b:7a:0a,2774,-31,896,255.40,82.58,242,228835,629313
f0:91:27:6b:7a:0a,2776,-30,897,255.29,82.58,156,228991,629469
f0:91:27:6b:7a:0a,2777,-30,898,255.09,82.58,76,229067,629545
f0:91:27:6b:7a:0a,2782,-35,899,255.25,82.57,399,229466,629944
f0:91:27:6b:7a:0a,2784,-32,900,255.14,82.57,158,229624,630102
f0:91:27:6b:7a:0a,2785,-36,901,254.93,82.56,70,229694,630172
f0:91:27:6b:7a:0a,2787,-32,902,254.82,82.56,157,229851,630329
f0:91:27:6b:7a:0a,2789,-30,903,254.73,82.56,167,230018,630496
f0:91:27:6b:7a:0a,2791,-32,904,254.62,82.56,155,230173,630651
f0:91:27:6b:7a:0a,2792,-36,905,254.42,82.56,80,230253,630731
f0:91:27:6b:7a:0a,2793,-30,906,254.22,82.55,70,230323,630801
f0:91:27:6b:7a:0a,2794,-30,907,254.03,82.55,82,230405,630883
f0:91:27:6b:7a:0a,2796,-39,908,253.92,82.55,153,230558,631036
f0:91:27:6b:7a:0a,2797,-30,909,253.73,82.55,80,230638,631116
f0:91:27:6b:7a:0a,2798,-31,910,253.54,82.55,80,230718,631196
f0:91:27:6b:7a:0a,2800,-28,911,253.44,82.55,163,230881,631359
f0:91:27:6b:7a:0a,2801,-32,912,253.25,82.55,80,230961,631439
f0:91:27:6b:7a:0a,2802,-36,913,253.05,82.54,77,231038,631516
f0:91:27:6b:7a:0a,2803,-30,914,252.86,82.54,76,231114,631592
f0:91:27:6b:7a:0a,2806,-30,915,252.85,82.54,242,231356,631834
f0:91:27:6b:7a:0a,2808,-30,916,252.74,82.54,156,231512,631990
f0:91:27:6b:7a:0a,2809,-35,917,252.55,82.53,78,231590,632068
f0:91:27:6b:7a:0a,2810,-30,918,252.36,82.53,79,231669,632147
f0:91:27:6b:7a:0a,2812,-36,919,252.26,82.53,160,231829,632307
f0:91:27:6b:7a:0a,2813,-30,920,252.07,82.53,74,231903,632381
f0:91:27:6b:7a:0a,2815,-32,921,251.97,82.53,158,232061,632539
f0:91:27:6b:7a:0a,2817,-30,922,251.87,82.52,159,232220,632698
f0:91:27:6b:7a:0a,2818,-29,923,251.67,82.52,73,232293,632771
f0:91:27:6b:7a:0a,2819,-32,924,251.49,82.52,82,232375,632853
f0:91:27:6b:7a:0a,2822,-30,925,251.47,82.51,234,232609,633087
f0:91:27:6b:7a:0a,2827,-32,926,251.62,82.51,388,232997,633475
f0:91:27:6b:7a:0a,2828,-35,927,251.43,82.50,75,233072,633550
f0:91:27:6b:7a:0a,2842,-37,928,252.36,82.49,1117,234189,634667
f0:91:27:6b:7a:0a,2843,-30,929,252.17,82.49,81,234270,634748
f0:91:27:6b:7a:0a,2849,-38,930,252.40,82.48,465,234735,635213
f0:91:27:6b:7a:0a,2862,-36,931,253.25,82.47,1040,235775,636253
f0:91:27:6b:7a:0a,2888,-30,932,255.17,82.43,2039,237814,638292
f0:91:27:6b:7a:0a,2913,-28,933,257.01,82.40,1975,239789,640267
f0:91:27:6b:7a:0a,2916,-30,934,256.99,82.40,238,240027,640505
f0:91:27:6b:7a:0a,2917,-30,935,256.80,82.40,79,240106,640584
f0:91:27:6b:7a:0a,2920,-30,936,256.78,82.40,241,240347,640825
f0:91:27:6b:7a:0a,2927,-39,937,257.09,82.39,551,240898,641376
f0:91:27:6b:7a:0a,2935,-32,938,257.50,82.38,641,241539,642017
f0:91:27:6b:7a:0a,2947,-31,939,258.24,82.37,953,242492,642970
f0:91:27:6b:7a:0a,2949,-36,940,258.13,82.36,153,242645,643123
f0:91:27:6b:7a:0a,2950,-30,941,257.95,82.36,83,242728,643206
f0:91:27:6b:7a:0a,2951,-30,942,257.76,82.36,83,242811,643289
f0:91:27:6b:7a:0a,2954,-32,943,257.74,82.36,236,243047,643525
f0:91:27:6b:7a:0a,2955,-36,944,257.56,82.36,87,243134,643612
f0:91:27:6b:7a:0a,2956,-28,945,257.37,82.36,78,243212,643690
f0:91:27:6b:7a:0a,2957,-39,946,257.19,82.36,86,243298,643776
f0:91:27:6b:7a:0a,2959,-32,947,257.08,82.36,158,243456,643934
f0:91:27:6b:7a:0a,2960,-36,948,256.89,82.36,79,243535,644013
f0:91:27:6b:7a:0a,2963,-32,949,256.87,82.35,230,243765,644243
f0:91:27:6b:7a:0a,2967,-31,950,256.96,82.36,346,244111,644589
f0:91:27:6b:7a:0a,2972,-28,951,257.15,82.37,440,244551,645029
f0:91:27:6b:7a:0a,2973,-32,952,256.97,82.37,85,244636,645114
f0:91:27:6b:7a:0a,2975,-32,953,256.89,82.37,180,244816,645294
f0:91:27:6b:7a:0a,2976,-41,954,256.71,82.37,83,244899,645377
f0:91:27:6b:7a:0a,2977,-32,955,256.54,82.38,96,244995,645473
f0:91:27:6b:7a:0a,2994,-30,956,257.92,82.44,1572,246567,647045
f0:91:27:6b:7a:0a,3000,-31,957,258.22,82.46,554,247121,647599
f0:91:27:6b:7a:0a,3001,-30,958,258.06,82.46,96,247217,647695
f0:91:27:6b:7a:0a,3002,-36,959,257.88,82.46,93,247310,647788
f0:91:27:6b:7a:0a,3005,-30,960,257.91,82.48,281,247591,648069
f0:91:27:6b:7a:0a,3006,-42,961,257.73,82.48,91,247682,648160
f0:91:27:6b:7a:0a,3007,-32,962,257.57,82.48,97,247779,648257
f0:91:27:6b:7a:0a,3008,-32,963,257.40,82.49,95,247874,648352
f0:91:27:6b:7a:0a,3010,-36,964,257.32,82.49,183,248057,648535
f0:91:27:6b:7a:0a,3014,-32,965,257.44,82.51,368,248425,648903
f0:91:27:6b:7a:0a,3015,-30,966,257.27,82.51,97,248522,649000
f0:91:27:6b:7a:0a,3016,-36,967,257.10,82.52,97,248619,649097
f0:91:27:6b:7a:0a,3018,-32,968,257.04,82.52,192,248811,649289
f0:91:27:6b:7a:0a,3019,-30,969,256.87,82.53,93,248904,649382
f0:91:27:6b:7a:0a,3022,-30,970,256.89,82.54,276,249180,649658
f0:91:27:6b:7a:0a,3024,-32,971,256.82,82.55,189,249369,649847
f0:91:27:6b:7a:0a,3041,-32,972,258.23,82.62,1626,250995,651473
f0:91:27:6b:7a:0a,3043,-30,973,258.16,82.63,196,251191,651669
f0:91:27:6b:7a:0a,3048,-39,974,258.38,82.65,467,251658,652136
f0:91:27:6b:7a:0a,3049,-30,975,258.20,82.65,89,251747,652225
f0:91:27:6b:7a:0a,3052,-32,976,258.23,82.66,282,252029,652507
f0:91:27:6b:7a:0a,3053,-32,977,258.06,82.66,99,252128,652606
f0:91:27:6b:7a:0a,3054,-30,978,257.89,82.67,92,252220,652698
f0:91:27:6b:7a:0a,3055,-36,979,257.73,82.67,95,252315,652793
f0:91:27:6b:7a:0a,3056,-28,980,257.55,82.67,86,252401,652879
f0:91:27:6b:7a:0a,3057,-30,981,257.39,82.68,100,252501,652979
f0:91:27:6b:7a:0a,3058,-37,982,257.22,82.68,93,252594,653072
f0:91:27:6b:7a:0a,3059,-30,983,257.06,82.69,96,252690,653168
f0:91:27:6b:7a:0a,3061,-30,984,256.99,82.69,185,252875,653353
f0:91:27:6b:7a:0a,3062,-36,985,256.82,82.70,93,252968,653446
f0:91:27:6b:7a:0a,3064,-30,986,256.74,82.70,182,253150,653628
f0:91:27:6b:7a:0a,3090,-32,987,258.87,82.77,2356,255506,655984
f0:91:27:6b:7a:0a,3091,-30,988,258.70,82.77,91,255597,656075
f0:91:27:6b:7a:0a,3093,-28,989,258.62,82.77,176,255773,656251
f0:91:27:6b:7a:0a,3094,-35,990,258.45,82.78,90,255863,656341
f0:91:27:6b:7a:0a,3096,-30,991,258.37,82.78,185,256048,656526
f0:91:27:6b:7a:0a,3099,-32,992,258.37,82.79,259,256307,656785
f0:91:27:6b:7a:0a,3102,-31,993,258.36,82.79,244,256551,657029
f0:91:27:6b:7a:0a,3107,-32,994,258.52,82.79,419,256970,657448
f0:91:27:6b:7a:0a,3118,-28,995,259.21,82.80,945,257915,658393
f0:91:27:6b:7a:0a,3120,-32,996,259.11,82.80,160,258075,658553
f0:91:27:6b:7a:0a,3125,-40,997,259.29,82.80,435,258510,658988
f0:91:27:6b:7a:0a,3128,-28,998,259.28,82.80,248,258758,659236
f0:91:27:6b:7a:0a,3129,-37,999,259.11,82.81,94,258852,659330
f0:91:27:6b:7a:0a,3130,-30,1000,258.93,82.80,79,258931,659409
f0:91:27:6b:7a:0a,3137,-30,1001,259.26,82.81,593,259524,660002
f0:91:27:6b:7a:0a,3138,-32,1002,259.09,82.81,81,259605,660083
f0:91:27:6b:7a:0a,3140,-29,1003,259.00,82.81,172,259777,660255
f0:91:27:6b:7a:0a,3141,-32,1004,258.81,82.81,73,259850,660328
f0:91:27:6b:7a:0a,3142,-28,1005,258.65,82.81,95,259945,660423
f0:91:27:6b:7a:0a,3145,-32,1006,258.65,82.81,254,260199,660677
f0:91:27:6b:7a:0a,3146,-36,1007,258.47,82.81,85,260284,660762
f0:91:27:6b:7a:0a,3147,-30,1008,258.30,82.81,79,260363,660841
f0:91:27:6b:7a:0a,3148,-31,1009,258.12,82.81,78,260441,660919
f0:91:27:6b:7a:0a,3149,-30,1010,257.95,82.81,87,260528,661006
f0:91:27:6b:7a:0a,3230,-32,1011,264.18,82.77,6563,267091,667569
f0:91:27:6b:7a:0a,3244,-30,1012,265.03,82.75,1115,268206,668684
f0:91:27:6b:7a:0a,3245,-32,1013,264.85,82.75,84,268290,668768
f0:91:27:6b:7a:0a,3249,-32,1014,264.89,82.75,312,268602,669080
f0:91:27:6b:7a:0a,3250,-38,1015,264.72,82.75,84,268686,669164
f0:91:27:6b:7a:0a,3252,-31,1016,264.61,82.75,156,268842,669320
f0:91:27:6b:7a:0a,3259,-30,1017,264.89,82.74,549,269391,669869
f0:91:27:6b:7a:0a,3281,-32,1018,266.35,82.72,1749,271140,671618
f0:91:27:6b:7a:0a,3282,-35,1019,266.16,82.71,80,271220,671698
f0:91:27:6b:7a:0a,3283,-32,1020,265.99,82.72,91,271311,671789
f0:91:27:6b:7a:0a,3285,-36,1021,265.88,82.71,152,271463,671941
f0:91:27:6b:7a:0a,3287,-32,1022,265.77,82.71,153,271616,672094
f0:91:27:6b:7a:0a,3288,-32,1023,265.59,82.71,82,271698,672176
f0:91:27:6b:7a:0a,3289,-37,1024,265.40,82.71,76,271774,672252
f0:91:27:6b:7a:0a,3290,-36,1025,265.22,82.71,79,271853,672331
f0:91:27:6b:7a:0a,3291,-28,1026,265.04,82.70,76,271929,672407
f0:91:27:6b:7a:0a,3292,-30,1027,264.85,82.70,76,272005,672483
f0:91:27:6b:7a:0a,3298,-30,1028,265.07,82.70,483,272488,672966
f0:91:27:6b:7a:0a,3299,-32,1029,264.88,82.70,77,272565,673043
f0:91:27:6b:7a:0a,3300,-36,1030,264.71,82.70,83,272648,673126
f0:91:27:6b:7a:0a,3301,-32,1031,264.53,82.70,87,272735,673213
f0:91:27:6b:7a:0a,3307,-30,1032,264.74,82.69,474,273209,673687
f0:91:27:6b:7a:0a,3314,-32,1033,265.03,82.69,571,273780,674258
f0:91:27:6b:7a:0a,3315,-32,1034,264.85,82.69,75,273855,674333
f0:91:27:6b:7a:0a,3316,-36,1035,264.67,82.68,78,273933,674411
f0:91:27:6b:7a:0a,3317,-30,1036,264.49,82.68,78,274011,674489
f0:91:27:6b:7a:0a,3318,-32,1037,264.31,82.68,80,274091,674569
f0:91:27:6b:7a:0a,3320,-29,1038,264.21,82.68,163,274254,674732
f0:91:27:6b:7a:0a,3321,-32,1039,264.03,82.68,73,274327,674805
f0:91:27:6b:7a:0a,3326,-38,1040,264.16,82.68,403,274730,675208
f0:91:27:6b:7a:0a,3333,-30,1041,264.45,82.67,558,275288,675766
f0:91:27:6b:7a:0a,3342,-32,1042,264.90,82.67,736,276024,676502
f0:91:27:6b:7a:0a,3353,-28,1043,265.50,82.66,890,276914,677392
f0:91:27:6b:7a:0a,3354,-32,1044,265.32,82.66,81,276995,677473
f0:91:27:6b:7a:0a,3355,-35,1045,265.14,82.66,77,277072,677550
f0:91:27:6b:7a:0a,3356,-28,1046,264.96,82.66,78,277150,677628
f0:91:27:6b:7a:0a,3364,-36,1047,265.33,82.65,650,277800,678278
f0:91:27:6b:7a:0a,3368,-38,1048,265.38,82.65,318,278118,678596
f0:91:27:6b:7a:0a,3370,-32,1049,265.27,82.65,154,278272,678750
f0:91:27:6b:7a:0a,3372,-29,1050,265.18,82.65,163,278435,678913
f0:91:27:6b:7a:0a,3373,-32,1051,265.00,82.65,84,278519,678997
f0:91:27:6b:7a:0a,3387,-31,1052,265.80,82.63,1107,279626,680104
f0:91:27:6b:7a:0a,3388,-38,1053,265.62,82.63,75,279701,680179
f0:91:27:6b:7a:0a,3389,-30,1054,265.45,82.63,80,279781,680259
f0:91:27:6b:7a:0a,3390,-30,1055,265.27,82.63,78,279859,680337
f0:91:27:6b:7a:0a,3391,-36,1056,265.09,82.63,80,279939,680417
f0:91:27:6b:7a:0a,3398,-36,1057,265.37,82.62,552,280491,680969
f0:91:27:6b:7a:0a,3422,-30,1058,266.95,82.61,1940,282431,682909
f0:91:27:6b:7a:0a,3443,-35,1059,268.27,82.59,1662,284093,684571
f0:91:27:6b:7a:0a,3448,-32,1060,268.40,82.58,409,284502,684980
f0:91:27:6b:7a:0a,3449,-41,1061,268.22,82.58,81,284583,685061
f0:91:27:6b:7a:0a,3451,-32,1062,268.12,82.58,159,284742,685220
f0:91:27:6b:7a:0a,3454,-30,1063,268.08,82.58,231,284973,685451
f0:91:27:6b:7a:0a,3460,-35,1064,268.27,82.57,467,285440,685918
f0:91:27:6b:7a:0a,3461,-30,1065,268.10,82.57,86,285526,686004
f0:91:27:6b:7a:0a,3462,-32,1066,267.92,82.57,79,285605,686083
f0:91:27:6b:7a:0a,3463,-40,1067,267.74,82.57,78,285683,686161
f0:91:27:6b:7a:0a,3464,-28,1068,267.56,82.56,73,285756,686234
f0:91:27:6b:7a:0a,3466,-32,1069,267.46,82.56,161,285917,686395
f0:91:27:6b:7a:0a,3467,-36,1070,267.29,82.56,80,285997,686475
f0:91:27:6b:7a:0a,3470,-32,1071,267.25,82.56,231,286228,686706
f0:91:27:6b:7a:0a,3500,-30,1072,269.26,82.54,2415,288643,689121
f0:91:27:6b:7a:0a,3501,-36,1073,269.09,82.54,89,288732,689210
f0:91:27:6b:7a:0a,3502,-30,1074,268.91,82.54,76,288808,689286
f0:91:27:6b:7a:0a,3503,-32,1075,268.73,82.54,80,288888,689366
f0:91:27:6b:7a:0a,3505,-36,1076,268.63,82.54,158,289046,689524
f0:91:27:6b:7a:0a,3510,-30,1077,268.75,82.53,396,289442,689920
f0:91:27:6b:7a:0a,3512,-30,1078,268.65,82.53,168,289610,690088
f0:91:27:6b:7a:0a,3513,-31,1079,268.48,82.53,78,289688,690166
f0:91:27:6b:7a:0a,3515,-30,1080,268.38,82.53,162,289850,690328
f0:91:27:6b:7a:0a,3521,-30,1081,268.58,82.53,484,290334,690812
f0:91:27:6b:7a:0a,3522,-32,1082,268.41,82.53,83,290417,690895
f0:91:27:6b:7a:0a,3523,-36,1083,268.23,82.53,74,290491,690969
f0:91:27:6b:7a:0a,3527,-36,1084,268.27,82.52,314,290805,691283
f0:91:27:6b:7a:0a,3532,-32,1085,268.40,82.52,413,291218,691696
f0:91:27:6b:7a:0a,3540,-38,1086,268.75,82.52,647,291865,692343
f0:91:27:6b:7a:0a,3541,-30,1087,268.58,82.52,81,291946,692424
f0:91:27:6b:7a:0a,3556,-30,1088,269.44,82.51,1201,293147,693625
f0:91:27:6b:7a:0a,3558,-42,1089,269.33,82.50,154,293301,693779
f0:91:27:6b:7a:0a,3561,-36,1090,269.30,82.50,241,293542,694020
f0:91:27:6b:7a:0a,3562,-30,1091,269.13,82.50,77,293619,694097
f0:91:27:6b:7a:0a,3563,-32,1092,268.96,82.50,87,293706,694184
f0:91:27:6b:7a:0a,3568,-30,1093,269.08,82.50,395,294101,694579
f0:91:27:6b:7a:0a,3571,-36,1094,269.04,82.49,228,294329,694807
f0:91:27:6b:7a:0a,3572,-30,1095,268.86,82.49,78,294407,694885
f0:91:27:6b:7a:0a,3576,-32,1096,268.92,82.49,326,294733,695211
f0:91:27:6b:7a:0a,3577,-38,1097,268.74,82.49,74,294807,695285
f0:91:27:6b:7a:0a,3578,-30,1098,268.57,82.49,86,294893,695371
f0:91:27:6b:7a:0a,3579,-35,1099,268.41,82.49,86,294979,695457
f0:91:27:6b:7a:0a,3580,-30,1100,268.23,82.49,79,295058,695536
f0:91:27:6b:7a:0a,3581,-30,1101,268.07,82.49,82,295140,695618
f0:91:27:6b:7a:0a,3582,-31,1102,267.89,82.49,75,295215,695693
f0:91:27:6b:7a:0a,3584,-36,1103,267.79,82.48,153,295368,695846
f0:91:27:6b:7a:0a,3593,-30,1104,268.19,82.47,710,296078,696556
f0:91:27:6b:7a:0a,3594,-32,1105,268.02,82.47,82,296160,696638
f0:91:27:6b:7a:0a,3595,-35,1106,267.85,82.47,81,296241,696719
f0:91:27:6b:7a:0a,3600,-30,1107,267.95,82.46,385,296626,697104
f0:91:27:6b:7a:0a,3601,-32,1108,267.79,82.47,86,296712,697190
f0:91:27:6b:7a:0a,3602,-40,1109,267.62,82.46,76,296788,697266
f0:91:27:6b:7a:0a,3603,-30,1110,267.45,82.46,79,296867,697345
f0:91:27:6b:7a:0a,3605,-32,1111,267.34,82.46,152,297019,697497
f0:91:27:6b:7a:0a,3606,-30,1112,267.18,82.46,85,297104,697582
f0:91:27:6b:7a:0a,3607,-32,1113,267.02,82.46,84,297188,697666
f0:91:27:6b:7a:0a,3608,-32,1114,266.84,82.46,72,297260,697738
f0:91:27:6b:7a:0a,3609,-38,1115,266.68,82.46,83,297343,697821
f0:91:27:6b:7a:0a,3612,-36,1116,266.64,82.45,230,297573,698051
f0:91:27:6b:7a:0a,3613,-30,1117,266.48,82.45,81,297654,698132
f0:91:27:6b:7a:0a,3614,-32,1118,266.31,82.45,85,297739,698217
f0:91:27:6b:7a:0a,3615,-36,1119,266.15,82.45,84,297823,698301
f0:91:27:6b:7a:0a,3619,-38,1120,266.19,82.45,313,298136,698614
f0:91:27:6b:7a:0a,3620,-28,1121,266.02,82.45,76,298212,698690
f0:91:27:6b:7a:0a,3621,-32,1122,265.85,82.45,75,298287,698765
f0:91:27:6b:7a:0a,3622,-36,1123,265.70,82.45,89,298376,698854
f0:91:27:6b:7a:0a,3624,-42,1124,265.61,82.45,165,298541,699019
f0:91:27:6b:7a:0a,3625,-30,1125,265.45,82.45,89,298630,699108
f0:91:27:6b:7a:0a,3627,-36,1126,265.35,82.45,159,298789,699267
f0:91:27:6b:7a:0a,3631,-39,1127,265.40,82.44,318,299107,699585
f0:91:27:6b:7a:0a,3633,-32,1128,265.31,82.44,162,299269,699747
f0:91:27:6b:7a:0a,3636,-32,1129,265.29,82.44,238,299507,699985
f0:91:27:6b:7a:0a,3637,-37,1130,265.13,82.44,85,299592,700070
f0:91:27:6b:7a:0a,3639,-32,1131,265.04,82.44,166,299758,700236
f0:91:27:6b:7a:0a,3640,-31,1132,264.86,82.44,69,299827,700305
f0:91:27:6b:7a:0a,3646,-30,1133,265.04,82.43,468,300295,700773
f0:91:27:6b:7a:0a,3647,-36,1134,264.89,82.43,85,300380,700858
f0:91:27:6b:7a:0a,3648,-30,1135,264.72,82.43,81,300461,700939
f0:91:27:6b:7a:0a,3656,-31,1136,265.04,82.42,628,301089,701567
f0:91:27:6b:7a:0a,3657,-39,1137,264.88,82.42,77,301166,701644
f0:91:27:6b:7a:0a,3672,-32,1138,265.70,82.41,1199,302365,702843
f0:91:27:6b:7a:0a,3680,-30,1139,266.04,82.41,650,303015,703493
f0:91:27:6b:7a:0a,3682,-32,1140,265.96,82.41,175,303190,703668
f0:91:27:6b:7a:0a,3692,-36,1141,266.51,82.43,899,304089,704567
f0:91:27:6b:7a:0a,3706,-32,1142,267.41,82.47,1292,305381,705859
f0:91:27:6b:7a:0a,3707,-36,1143,267.25,82.47,90,305471,705949
f0:91:27:6b:7a:0a,3720,-32,1144,268.05,82.50,1182,306653,707131
f0:91:27:6b:7a:0a,3734,-32,1145,268.96,82.54,1303,307956,708434
f0:91:27:6b:7a:0a,3742,-32,1146,269.37,82.56,739,308695,709173
f0:91:27:6b:7a:0a,3744,-30,1147,269.30,82.57,193,308888,709366
f0:91:27:6b:7a:0a,3745,-36,1148,269.15,82.57,94,308982,709460
f0:91:27:6b:7a:0a,3746,-31,1149,269.00,82.57,95,309077,709555
f0:91:27:6b:7a:0a,3749,-36,1150,269.01,82.58,284,309361,709839
f0:91:27:6b:7a:0a,3752,-36,1151,269.01,82.59,272,309633,710111
f0:91:27:6b:7a:0a,3754,-30,1152,268.94,82.60,190,309823,710301
f0:91:27:6b:7a:0a,3755,-38,1153,268.79,82.60,95,309918,710396
f0:91:27:6b:7a:0a,3756,-32,1154,268.64,82.60,87,310005,710483
f0:91:27:6b:7a:0a,3761,-28,1155,268.81,82.62,470,310475,710953
f0:91:27:6b:7a:0a,3763,-39,1156,268.75,82.62,195,310670,711148
f0:91:27:6b:7a:0a,3764,-32,1157,268.59,82.63,93,310763,711241
f0:91:27:6b:7a:0a,3768,-32,1158,268.69,82.64,378,311141,711619
f0:91:27:6b:7a:0a,3769,-32,1159,268.54,82.64,99,311240,711718
f0:91:27:6b:7a:0a,3771,-36,1160,268.47,82.65,188,311428,711906
f0:91:27:6b:7a:0a,3776,-32,1161,268.65,82.67,475,311903,712381
f0:91:27:6b:7a:0a,3777,-28,1162,268.50,82.67,91,311994,712472
f0:91:27:6b:7a:0a,3778,-30,1163,268.36,82.67,104,312098,712576
f0:91:27:6b:7a:0a,3779,-36,1164,268.20,82.68,88,312186,712664
f0:91:27:6b:7a:0a,3780,-32,1165,268.05,82.68,89,312275,712753
f0:91:27:6b:7a:0a,3781,-29,1166,267.90,82.68,91,312366,712844
f0:91:27:6b:7a:0a,3785,-32,1167,267.97,82.69,353,312719,713197
f0:91:27:6b:7a:0a,3790,-36,1168,268.14,82.70,463,313182,713660
f0:91:27:6b:7a:0a,3791,-32,1169,267.99,82.70,94,313276,713754
f0:91:27:6b:7a:0a,3792,-29,1170,267.84,82.70,91,313367,713845
f0:91:27:6b:7a:0a,3795,-32,1171,267.85,82.71,282,313649,714127
f0:91:27:6b:7a:0a,3799,-32,1172,267.92,82.72,354,314003,714481
f0:91:27:6b:7a:0a,3814,-36,1173,268.85,82.75,1354,315357,715835
f0:91:27:6b:7a:0a,3816,-30,1174,268.77,82.75,175,315532,716010
f0:91:27:6b:7a:0a,3820,-30,1175,268.83,82.76,349,315881,716359
f0:91:27:6b:7a:0a,3821,-32,1176,268.68,82.76,88,315969,716447
f0:91:27:6b:7a:0a,3825,-32,1177,268.74,82.76,342,316311,716789
f0:91:27:6b:7a:0a,3832,-30,1178,269.03,82.77,609,316920,717398
f0:91:27:6b:7a:0a,3835,-32,1179,269.02,82.77,253,317173,717651
f0:91:27:6b:7a:0a,3845,-32,1180,269.49,82.77,828,318001,718479
f0:91:27:6b:7a:0a,3847,-30,1181,269.40,82.77,163,318164,718642
f0:91:27:6b:7a:0a,3850,-36,1182,269.39,82.77,254,318418,718896
f0:91:27:6b:7a:0a,3851,-30,1183,269.23,82.77,79,318497,718975
f0:91:27:6b:7a:0a,3854,-28,1184,269.22,82.77,255,318752,719230
f0:91:27:6b:7a:0a,3856,-36,1185,269.13,82.77,163,318915,719393
f0:91:27:6b:7a:0a,3857,-28,1186,268.97,82.77,79,318994,719472
f0:91:27:6b:7a:0a,3858,-38,1187,268.81,82.77,82,319076,719554
f0:91:27:6b:7a:0a,3859,-30,1188,268.65,82.77,82,319158,719636
f0:91:27:6b:7a:0a,3860,-36,1189,268.50,82.77,92,319250,719728
f0:91:27:6b:7a:0a,3863,-30,1190,268.49,82.77,253,319503,719981
f0:91:27:6b:7a:0a,3865,-36,1191,268.41,82.77,168,319671,720149
f0:91:27:6b:7a:0a,3866,-37,1192,268.24,82.77,74,319745,720223
f0:91:27:6b:7a:0a,3889,-37,1193,269.62,82.77,1917,321662,722140
f0:91:27:6b:7a:0a,3895,-28,1194,269.80,82.77,479,322141,722619
f0:91:27:6b:7a:0a,3896,-31,1195,269.64,82.77,77,322218,722696
f0:91:27:6b:7a:0a,3899,-32,1196,269.62,82.77,245,322463,722941
f0:91:27:6b:7a:0a,3900,-36,1197,269.46,82.77,76,322539,723017
f0:91:27:6b:7a:0a,3902,-32,1198,269.37,82.77,163,322702,723180
f0:91:27:6b:7a:0a,3907,-31,1199,269.46,82.76,386,323088,723566
f0:91:27:6b:7a:0a,3908,-32,1200,269.30,82.76,75,323163,723641
f0:91:27:6b:7a:0a,3909,-39,1201,269.15,82.76,81,323244,723722
f0:91:27:6b:7a:0a,3912,-32,1202,269.12,82.75,237,323481,723959
f0:91:27:6b:7a:0a,3916,-37,1203,269.16,82.75,317,323798,724276
f0:91:27:6b:7a:0a,3920,-37,1204,269.20,82.75,315,324113,724591
f0:91:27:6b:7a:0a,3925,-30,1205,269.31,82.74,409,324522,725000
f0:91:27:6b:7a:0a,3927,-31,1206,269.22,82.74,152,324674,725152
f0:91:27:6b:7a:0a,3928,-36,1207,269.05,82.74,73,324747,725225
f0:91:27:6b:7a:0a,3965,-36,1208,271.29,82.72,2975,327722,728200
f0:91:27:6b:7a:0a,3968,-32,1209,271.27,82.71,241,327963,728441
f0:91:27:6b:7a:0a,3969,-36,1210,271.11,82.71,84,328047,728525
f0:91:27:6b:7a:0a,3979,-28,1211,271.55,82.71,804,328851,729329
f0:91:27:6b:7a:0a,3980,-32,1212,271.40,82.71,80,328931,729409
f0:91:27:6b:7a:0a,3982,-36,1213,271.30,82.71,156,329087,729565
f0:91:27:6b:7a:0a,3986,-32,1214,271.34,82.70,319,329406,729884
f0:91:27:6b:7a:0a,3987,-32,1215,271.18,82.70,77,329483,729961
f0:91:27:6b:7a:0a,3988,-36,1216,271.02,82.70,76,329559,730037
f0:91:27:6b:7a:0a,3989,-30,1217,270.87,82.70,84,329643,730121
f0:91:27:6b:7a:0a,3990,-29,1218,270.71,82.70,78,329721,730199
f0:91:27:6b:7a:0a,3991,-31,1219,270.55,82.70,75,329796,730274
f0:91:27:6b:7a:0a,3998,-30,1220,270.77,82.69,546,330342,730820
f0:91:27:6b:7a:0a,4000,-38,1221,270.69,82.69,165,330507,730985
f0:91:27:6b:7a:0a,4001,-30,1222,270.52,82.69,72,330579,731057
f0:91:27:6b:7a:0a,4003,-40,1223,270.43,82.69,162,330741,731219
f0:91:27:6b:7a:0a,4006,-31,1224,270.41,82.68,238,330979,731457
f0:91:27:6b:7a:0a,4007,-38,1225,270.25,82.68,82,331061,731539
f0:91:27:6b:7a:0a,4009,-30,1226,270.17,82.68,162,331223,731701
f0:91:27:6b:7a:0a,4010,-32,1227,270.01,82.68,77,331300,731778
f0:91:27:6b:7a:0a,4014,-30,1228,270.05,82.68,327,331627,732105
f0:91:27:6b:7a:0a,4015,-31,1229,269.90,82.68,76,331703,732181
f0:91:27:6b:7a:0a,4018,-32,1230,269.87,82.68,241,331944,732422
f0:91:27:6b:7a:0a,4020,-38,1231,269.78,82.67,158,332102,732580
f0:91:27:6b:7a:0a,4021,-30,1232,269.63,82.67,79,332181,732659
f0:91:27:6b:7a:0a,4022,-32,1233,269.47,82.67,75,332256,732734
f0:91:27:6b:7a:0a,4023,-36,1234,269.32,82.67,83,332339,732817
f0:91:27:6b:7a:0a,4028,-30,1235,269.41,82.66,385,332724,733202
f0:91:27:6b:7a:0a,4036,-35,1236,269.72,82.66,651,333375,733853
f0:91:27:6b:7a:0a,4037,-30,1237,269.56,82.66,73,333448,733926
f0:91:27:6b:7a:0a,4066,-32,1238,271.21,82.64,2312,335760,736238
f0:91:27:6b:7a:0a,4070,-32,1239,271.25,82.64,318,336078,736556
f0:91:27:6b:7a:0a,4075,-29,1240,271.36,82.63,404,336482,736960
f0:91:27:6b:7a:0a,4077,-38,1241,271.26,82.63,156,336638,737116
f0:91:27:6b:7a:0a,4093,-39,1242,272.06,82.61,1256,337894,738372
f0:91:27:6b:7a:0a,4095,-31,1243,271.97,82.61,163,338057,738535
f0:91:27:6b:7a:0a,4096,-36,1244,271.82,82.61,82,338139,738617
f0:91:27:6b:7a:0a,4104,-30,1245,272.11,82.61,635,338774,739252
f0:91:27:6b:7a:0a,4105,-31,1246,271.96,82.61,82,338856,739334
f0:91:27:6b:7a:0a,4112,-37,1247,272.19,82.61,571,339427,739905
f0:91:27:6b:7a:0a,4115,-36,1248,272.17,82.60,241,339668,740146
f0:91:27:6b:7a:0a,4121,-30,1249,272.34,82.60,481,340149,740627
f0:91:27:6b:7a:0a,4134,-36,1250,272.93,82.59,1018,341167,741645
f0:91:27:6b:7a:0a,4140,-35,1251,273.10,82.58,475,341642,742120
f0:91:27:6b:7a:0a,4149,-32,1252,273.45,82.58,720,342362,742840
f0:91:27:6b:7a:0a,4150,-37,1253,273.30,82.58,80,342442,742920
f0:91:27:6b:7a:0a,4151,-28,1254,273.14,82.58,80,342522,743000
f0:91:27:6b:7a:0a,4154,-38,1255,273.11,82.57,227,342749,743227
f0:91:27:6b:7a:0a,4155,-30,1256,272.96,82.57,89,342838,743316
f0:91:27:6b:7a:0a,4156,-32,1257,272.80,82.57,75,342913,743391
f0:91:27:6b:7a:0a,4159,-29,1258,272.77,82.57,229,343142,743620
f0:91:27:6b:7a:0a,4160,-32,1259,272.61,82.56,78,343220,743698
f0:91:27:6b:7a:0a,4161,-30,1260,272.47,82.57,87,343307,743785
f0:91:27:6b:7a:0a,4163,-32,1261,272.37,82.56,157,343464,743942
f0:91:27:6b:7a:0a,4165,-28,1262,272.28,82.56,156,343620,744098
f0:91:27:6b:7a:0a,4169,-31,1263,272.32,82.56,324,343944,744422
f0:91:27:6b:7a:0a,4170,-36,1264,272.17,82.56,81,344025,744503
f0:91:27:6b:7a:0a,4171,-35,1265,272.01,82.56,72,344097,744575
f0:91:27:6b:7a:0a,4175,-30,1266,272.05,82.55,322,344419,744897
f0:91:27:6b:7a:0a,4179,-30,1267,272.08,82.55,311,344730,745208
f0:91:27:6b:7a:0a,4182,-30,1268,272.06,82.55,241,344971,745449
f0:91:27:6b:7a:0a,4183,-32,1269,271.91,82.55,82,345053,745531
f0:91:27:6b:7a:0a,4184,-38,1270,271.76,82.55,83,345136,745614
f0:91:27:6b:7a:0a,4186,-38,1271,271.68,82.55,165,345301,745779
f0:91:27:6b:7a:0a,4187,-32,1272,271.53,82.55,88,345389,745867
f0:91:27:6b:7a:0a,4195,-30,1273,271.82,82.54,636,346025,746503
f0:91:27:6b:7a:0a,4197,-30,1274,271.74,82.54,166,346191,746669
f0:91:27:6b:7a:0a,4198,-32,1275,271.58,82.54,78,346269,746747
f0:91:27:6b:7a:0a,4199,-37,1276,271.43,82.54,76,346345,746823
f0:91:27:6b:7a:0a,4228,-37,1277,273.01,82.52,2294,348639,749117
f0:91:27:6b:7a:0a,4231,-30,1278,272.99,82.52,246,348885,749363
f0:91:27:6b:7a:0a,4237,-40,1279,273.16,82.52,489,349374,749852
f0:91:27:6b:7a:0a,4253,-29,1280,273.95,82.51,1283,350657,751135
f0:91:27:6b:7a:0a,4280,-36,1281,275.44,82.50,2188,352845,753323
f0:91:27:6b:7a:0a,4281,-32,1282,275.30,82.50,85,352930,753408
f0:91:27:6b:7a:0a,4288,-37,1283,275.51,82.49,555,353485,753963
f0:91:27:6b:7a:0a,4290,-38,1284,275.43,82.50,172,353657,754135
f0:91:27:6b:7a:0a,4299,-38,1285,275.77,82.49,707,354364,754842
f0:91:27:6b:7a:0a,4300,-37,1286,275.61,82.49,76,354440,754918
f0:91:27:6b:7a:0a,4301,-30,1287,275.47,82.49,85,354525,755003
f0:91:27:6b:7a:0a,4302,-32,1288,275.31,82.48,73,354598,755076
f0:91:27:6b:7a:0a,4303,-36,1289,275.16,82.48,83,354681,755159
f0:91:27:6b:7a:0a,4304,-30,1290,275.01,82.48,80,354761,755239
f0:91:27:6b:7a:0a,4305,-32,1291,274.86,82.48,77,354838,755316
f0:91:27:6b:7a:0a,4306,-36,1292,274.70,82.48,76,354914,755392
f0:91:27:6b:7a:0a,4314,-32,1293,274.99,82.48,648,355562,756040
f0:91:27:6b:7a:0a,4325,-36,1294,275.44,82.47,863,356425,756903
f0:91:27:6b:7a:0a,4338,-30,1295,276.02,82.46,1020,357445,757923
f0:91:27:6b:7a:0a,4349,-30,1296,276.50,82.45,899,358344,758822
f0:91:27:6b:7a:0a,4352,-32,1297,276.47,82.45,234,358578,759056
f0:91:27:6b:7a:0a,4358,-36,1298,276.63,82.45,486,359064,759542
f0:91:27:6b:7a:0a,4369,-32,1299,277.09,82.44,872,359936,760414
f0:91:27:6b:7a:0a,4373,-42,1300,277.12,82.44,325,360261,760739
f0:91:27:6b:7a:0a,4385,-30,1301,277.64,82.43,951,361212,761690
f0:91:27:6b:7a:0a,4399,-31,1302,278.31,82.43,1143,362355,762833
f0:91:27:6b:7a:0a,4407,-30,1303,278.64,82.44,719,363074,763552
f0:91:27:6b:7a:0a,4413,-30,1304,278.86,82.46,553,363627,764105
f0:91:27:6b:7a:0a,4415,-36,1305,278.79,82.46,197,363824,764302
f0:91:27:6b:7a:0a,4427,-38,1306,279.42,82.49,1105,364929,765407
f0:91:27:6b:7a:0a,4428,-30,1307,279.28,82.49,96,365025,765503
f0:91:27:6b:7a:0a,4432,-30,1308,279.35,82.50,369,365394,765872
f0:91:27:6b:7a:0a,4437,-30,1309,279.49,82.51,460,365854,766332
f0:91:27:6b:7a:0a,4497,-31,1310,283.58,82.66,5641,371495,771973
f0:91:27:6b:7a:0a,4498,-30,1311,283.44,82.67,91,371586,772064
f0:91:27:6b:7a:0a,4499,-37,1312,283.29,82.67,86,371672,772150
f0:91:27:6b:7a:0a,4501,-38,1313,283.21,82.67,183,371855,772333
f0:91:27:6b:7a:0a,4613,-28,1314,290.28,82.74,9567,381422,781900
f0:91:27:6b:7a:0a,4614,-32,1315,290.12,82.74,81,381503,781981
f0:91:27:6b:7a:0a,4617,-30,1316,290.07,82.73,234,381737,782215
f0:91:27:6b:7a:0a,4618,-32,1317,289.91,82.73,80,381817,782295
f0:91:27:6b:7a:0a,4619,-35,1318,289.75,82.73,79,381896,782374
f0:91:27:6b:7a:0a,4620,-38,1319,289.59,82.73,77,381973,782451
f0:91:27:6b:7a:0a,4621,-29,1320,289.44,82.73,86,382059,782537
f0:91:27:6b:7a:0a,4622,-32,1321,289.27,82.73,69,382128,782606
f0:91:27:6b:7a:0a,4624,-37,1322,289.17,82.73,160,382288,782766
f0:91:27:6b:7a:0a,4625,-30,1323,289.01,82.73,76,382364,782842
f0:91:27:6b:7a:0a,4626,-28,1324,288.85,82.73,79,382443,782921
f0:91:27:6b:7a:0a,4627,-32,1325,288.69,82.72,74,382517,782995
f0:91:27:6b:7a:0a,4628,-37,1326,288.53,82.72,79,382596,783074
f0:91:27:6b:7a:0a,4629,-35,1327,288.37,82.72,73,382669,783147
f0:91:27:6b:7a:0a,4652,-30,1328,289.52,82.70,1813,384482,784960
f0:91:27:6b:7a:0a,4654,-32,1329,289.42,82.70,157,384639,785117
f0:91:27:6b:7a:0a,4658,-31,1330,289.44,82.70,321,384960,785438
f0:91:27:6b:7a:0a,4663,-32,1331,289.53,82.70,402,385362,785840
f0:91:27:6b:7a:0a,4674,-30,1332,289.98,82.69,890,386252,786730
f0:91:27:6b:7a:0a,4695,-36,1333,291.01,82.68,1662,387914,788392
f0:91:27:6b:7a:0a,4701,-36,1334,291.15,82.67,481,388395,788873
f0:91:27:6b:7a:0a,4712,-35,1335,291.59,82.66,874,389269,789747
f0:91:27:6b:7a:0a,4727,-32,1336,292.26,82.66,1194,390463,790941
f0:91:27:6b:7a:0a,4743,-30,1337,293.00,82.65,1275,391738,792216
f0:91:27:6b:7a:0a,4744,-39,1338,292.84,82.64,81,391819,792297
f0:91:27:6b:7a:0a,4750,-36,1339,292.98,82.64,477,392296,792774
f0:91:27:6b:7a:0a,4755,-43,1340,293.06,82.64,400,392696,793174
f0:91:27:6b:7a:0a,4757,-30,1341,292.95,82.64,152,392848,793326
f0:91:27:6b:7a:0a,4758,-39,1342,292.79,82.63,80,392928,793406
f0:91:27:6b:7a:0a,4759,-28,1343,292.63,82.63,77,393005,793483
f0:91:27:6b:7a:0a,4767,-37,1344,292.90,82.63,653,393658,794136
f0:91:27:6b:7a:0a,4772,-36,1345,292.98,82.63,402,394060,794538
f0:91:27:6b:7a:0a,4773,-30,1346,292.83,82.63,87,394147,794625
f0:91:27:6b:7a:0a,4774,-32,1347,292.67,82.63,77,394224,794702
f0:91:27:6b:7a:0a,4779,-31,1348,292.75,82.63,406,394630,795108
f0:91:27:6b:7a:0a,4782,-30,1349,292.71,82.63,235,394865,795343
f0:91:27:6b:7a:0a,4789,-30,1350,292.91,82.62,561,395426,795904
f0:91:27:6b:7a:0a,4790,-31,1351,292.75,82.62,82,395508,795986
f0:91:27:6b:7a:0a,4792,-32,1352,292.66,82.62,170,395678,796156
f0:91:27:6b:7a:0a,4803,-36,1353,293.09,82.61,870,396548,797026
f0:91:27:6b:7a:0a,4805,-36,1354,292.99,82.61,166,396714,797192
f0:91:27:6b:7a:0a,4807,-31,1355,292.89,82.61,156,396870,797348
f0:91:27:6b:7a:0a,4809,-36,1356,292.79,82.61,156,397026,797504
f0:91:27:6b:7a:0a,4810,-30,1357,292.63,82.61,77,397103,797581
f0:91:27:6b:7a:0a,4821,-36,1358,293.06,82.60,866,397969,798447
f0:91:27:6b:7a:0a,4824,-31,1359,293.03,82.60,253,398222,798700
f0:91:27:6b:7a:0a,4835,-30,1360,293.44,82.59,862,399084,799562
f0:91:27:6b:7a:0a,4851,-36,1361,294.17,82.58,1287,400371,800849
f0:91:27:6b:7a:0a,4861,-30,1362,294.55,82.58,800,401171,801649
f0:91:27:6b:7a:0a,4872,-36,1363,294.97,82.57,876,402047,802525
f0:91:27:6b:7a:0a,4880,-30,1364,295.22,82.57,637,402684,803162
f0:91:27:6b:7a:0a,4881,-32,1365,295.07,82.57,81,402765,803243
f0:91:27:6b:7a:0a,4882,-36,1366,294.91,82.57,79,402844,803322
f0:91:27:6b:7a:0a,4884,-30,1367,294.81,82.56,155,402999,803477
f0:91:27:6b:7a:0a,4893,-30,1368,295.10,82.56,701,403700,804178
f0:91:27:6b:7a:0a,4895,-36,1369,295.00,82.56,160,403860,804338
f0:91:27:6b:7a:0a,4897,-36,1370,294.91,82.55,163,404023,804501
f0:91:27:6b:7a:0a,4898,-30,1371,294.75,82.55,81,404104,804582
f0:91:27:6b:7a:0a,4901,-30,1372,294.71,82.55,244,404348,804826
f0:91:27:6b:7a:0a,4902,-31,1373,294.56,82.55,78,404426,804904
f0:91:27:6b:7a:0a,4904,-30,1374,294.45,82.55,153,404579,805057
f0:91:27:6b:7a:0a,4905,-32,1375,294.30,82.55,83,404662,805140
f0:91:27:6b:7a:0a,4906,-36,1376,294.14,82.55,79,404741,805219
f0:91:27:6b:7a:0a,4908,-29,1377,294.04,82.55,156,404897,805375
f0:91:27:6b:7a:0a,4912,-30,1378,294.06,82.54,312,405209,805687
f0:91:27:6b:7a:0a,4913,-36,1379,293.90,82.54,86,405295,805773
f0:91:27:6b:7a:0a,4915,-32,1380,293.81,82.54,162,405457,805935
f0:91:27:6b:7a:0a,4920,-32,1381,293.89,82.54,406,405863,806341
f0:91:27:6b:7a:0a,4923,-28,1382,293.85,82.54,240,406103,806581
f0:91:27:6b:7a:0a,4927,-38,1383,293.87,82.54,326,406429,806907
f0:91:27:6b:7a:0a,4930,-30,1384,293.84,82.54,242,406671,807149
f0:91:27:6b:7a:0a,4931,-32,1385,293.69,82.54,87,406758,807236
f0:91:27:6b:7a:0a,4934,-38,1386,293.66,82.54,257,407015,807493
f0:91:27:6b:7a:0a,4936,-31,1387,293.56,82.54,155,407170,807648
f0:91:27:6b:7a:0a,4941,-32,1388,293.64,82.54,398,407568,808046
f0:91:27:6b:7a:0a,4944,-32,1389,293.59,82.53,234,407802,808280
f0:91:27:6b:7a:0a,4945,-37,1390,293.44,82.53,80,407882,808360
f0:91:27:6b:7a:0a,4947,-32,1391,293.35,82.53,163,408045,808523
f0:91:27:6b:7a:0a,4948,-37,1392,293.19,82.53,78,408123,808601
f0:91:27:6b:7a:0a,4949,-30,1393,293.04,82.53,81,408204,808682
f0:91:27:6b:7a:0a,4951,-32,1394,292.94,82.53,154,408358,808836
f0:91:27:6b:7a:0a,4978,-32,1395,294.31,82.52,2199,410557,811035
f0:91:27:6b:7a:0a,4986,-36,1396,294.55,82.52,631,411188,811666
f0:91:27:6b:7a:0a,4987,-32,1397,294.40,82.52,87,411275,811753
f0:91:27:6b:7a:0a,4995,-32,1398,294.63,82.51,619,411894,812372
f0:91:27:6b:7a:0a,5000,-38,1399,294.70,82.51,389,412283,812761
f0:91:27:6b:7a:0a,5002,-32,1400,294.60,82.50,159,412442,812920
f0:91:27:6b:7a:0a,5005,-30,1401,294.55,82.50,228,412670,813148
f0:91:27:6b:7a:0a,5008,-39,1402,294.51,82.50,233,412903,813381
f0:91:27:6b:7a:0a,5010,-32,1403,294.41,82.50,161,413064,813542
f0:91:27:6b:7a:0a,5013,-32,1404,294.37,82.50,236,413300,813778
f0:91:27:6b:7a:0a,5022,-30,1405,294.67,82.49,712,414012,814490
f0:91:27:6b:7a:0a,5029,-30,1406,294.87,82.49,569,414581,815059
f0:91:27:6b:7a:0a,5035,-30,1407,294.99,82.48,474,415055,815533
f0:91:27:6b:7a:0a,5064,-30,1408,296.43,82.47,2317,417372,817850
f0:91:27:6b:7a:0a,5065,-30,1409,296.27,82.47,73,417445,817923
f0:91:27:6b:7a:0a,5067,-37,1410,296.18,82.47,165,417610,818088
f0:91:27:6b:7a:0a,5068,-30,1411,296.02,82.46,75,417685,818163
f0:91:27:6b:7a:0a,5090,-32,1412,297.05,82.45,1746,419431,819909
f0:91:27:6b:7a:0a,5091,-36,1413,296.89,82.45,77,419508,819986
f0:91:27:6b:7a:0a,5094,-31,1414,296.85,82.45,242,419750,820228
f0:91:27:6b:7a:0a,5097,-28,1415,296.81,82.45,230,419980,820458
f0:91:27:6b:7a:0a,5098,-32,1416,296.65,82.44,76,420056,820534
f0:91:27:6b:7a:0a,5124,-32,1417,297.96,82.45,2147,422203,822681
f0:91:27:6b:7a:0a,5126,-30,1418,297.88,82.45,190,422393,822871
f0:91:27:6b:7a:0a,5131,-30,1419,297.99,82.46,460,422853,823331
f0:91:27:6b:7a:0a,5132,-30,1420,297.86,82.46,107,422960,823438
f0:91:27:6b:7a:0a,5133,-36,1421,297.71,82.47,91,423051,823529
f0:91:27:6b:7a:0a,5140,-36,1422,297.96,82.48,653,423704,824182
f0:91:27:6b:7a:0a,5141,-40,1423,297.82,82.48,96,423800,824278
f0:91:27:6b:7a:0a,5146,-28,1424,297.93,82.49,459,424259,824737
f0:91:27:6b:7a:0a,5147,-36,1425,297.79,82.50,96,424355,824833
f0:91:27:6b:7a:0a,5148,-39,1426,297.65,82.50,92,424447,824925
f0:91:27:6b:7a:0a,5150,-30,1427,297.57,82.50,185,424632,825110
f0:91:27:6b:7a:0a,5153,-37,1428,297.55,82.51,274,424906,825384
f0:91:27:6b:7a:0a,5155,-36,1429,297.47,82.51,182,425088,825566
f0:91:27:6b:7a:0a,5166,-36,1430,297.98,82.53,1026,426114,826592
f0:91:27:6b:7a:0a,5168,-30,1431,297.91,82.54,190,426304,826782
f0:91:27:6b:7a:0a,5176,-32,1432,298.23,82.56,757,427061,827539
f0:91:27:6b:7a:0a,5181,-28,1433,298.35,82.57,473,427534,828012
f0:91:27:6b:7a:0a,5193,-28,1434,298.92,82.59,1111,428645,829123
f0:91:27:6b:7a:0a,5194,-36,1435,298.77,82.59,95,428740,829218
f0:91:27:6b:7a:0a,5201,-30,1436,299.03,82.61,665,429405,829883
f0:91:27:6b:7a:0a,5202,-36,1437,298.88,82.61,90,429495,829973
f0:91:27:6b:7a:0a,5205,-37,1438,298.87,82.62,277,429772,830250
f0:91:27:6b:7a:0a,5219,-32,1439,299.55,82.64,1280,431052,831530
f0:91:27:6b:7a:0a,5221,-36,1440,299.47,82.64,179,431231,831709
f0:91:27:6b:7a:0a,5239,-32,1441,300.41,82.68,1666,432897,833375
f0:91:27:6b:7a:0a,5240,-37,1442,300.26,82.68,85,432982,833460
f0:91:27:6b:7a:0a,5250,-30,1443,300.68,82.69,902,433884,834362
f0:91:27:6b:7a:0a,5252,-32,1444,300.60,82.69,180,434064,834542
f0:91:27:6b:7a:0a,5257,-39,1445,300.69,82.70,433,434497,834975
f0:91:27:6b:7a:0a,5262,-32,1446,300.77,82.70,422,434919,835397
f0:91:27:6b:7a:0a,5263,-39,1447,300.62,82.70,83,435002,835480
f0:91:27:6b:7a:0a,5267,-30,1448,300.66,82.70,352,435354,835832
f0:91:27:6b:7a:0a,5270,-39,1449,300.63,82.71,255,435609,836087
f0:91:27:6b:7a:0a,5273,-30,1450,300.59,82.71,252,435861,836339
f0:91:27:6b:7a:0a,5336,-31,1451,303.97,82.71,5205,441066,841544
f0:91:27:6b:7a:0a,5343,-32,1452,304.14,82.70,552,441618,842096
f0:91:27:6b:7a:0a,5344,-36,1453,303.99,82.70,80,441698,842176
f0:91:27:6b:7a:0a,5347,-31,1454,303.94,82.70,229,441927,842405
f0:91:27:6b:7a:0a,5354,-31,1455,304.11,82.69,552,442479,842957
f0:91:27:6b:7a:0a,5365,-29,1456,304.51,82.69,893,443372,843850
f0:91:27:6b:7a:0a,5366,-32,1457,304.35,82.69,73,443445,843923
f0:91:27:6b:7a:0a,5370,-30,1458,304.36,82.68,309,443754,844232
f0:91:27:6b:7a:0a,5372,-39,1459,304.26,82.68,162,443916,844394
f0:91:27:6b:7a:0a,5388,-30,1460,304.94,82.68,1303,445219,845697
f0:91:27:6b:7a:0a,5392,-32,1461,304.95,82.68,317,445536,846014
f0:91:27:6b:7a:0a,5393,-36,1462,304.80,82.67,78,445614,846092
f0:91:27:6b:7a:0a,5395,-30,1463,304.70,82.67,162,445776,846254
f0:91:27:6b:7a:0a,5402,-35,1464,304.88,82.67,571,446347,846825
f0:91:27:6b:7a:0a,5403,-31,1465,304.73,82.67,79,446426,846904
f0:91:27:6b:7a:0a,5404,-32,1466,304.57,82.67,77,446503,846981
f0:91:27:6b:7a:0a,5408,-31,1467,304.58,82.67,315,446818,847296
f0:91:27:6b:7a:0a,5416,-30,1468,304.80,82.66,635,447453,847931
f0:91:27:6b:7a:0a,5419,-31,1469,304.76,82.66,234,447687,848165
f0:91:27:6b:7a:0a,5447,-35,1470,306.06,82.64,2224,449911,850389
f0:91:27:6b:7a:0a,5455,-31,1471,306.29,82.64,644,450555,851033
f0:91:27:6b:7a:0a,5458,-36,1472,306.25,82.64,251,450806,851284
f0:91:27:6b:7a:0a,5550,-36,1473,311.02,82.59,7333,458139,858617
f0:91:27:6b:7a:0a,5559,-31,1474,311.30,82.59,712,458851,859329
f0:91:27:6b:7a:0a,5560,-31,1475,311.14,82.59,81,458932,859410
f0:91:27:6b:7a:0a,5571,-36,1476,311.53,82.58,881,459813,860291
f0:91:27:6b:7a:0a,5573,-32,1477,311.42,82.58,160,459973,860451
f0:91:27:6b:7a:0a,5582,-36,1478,311.69,82.57,705,460678,861156
f0:91:27:6b:7a:0a,5584,-31,1479,311.58,82.57,156,460834,861312
f0:91:27:6b:7a:0a,5585,-38,1480,311.43,82.57,89,460923,861401
f0:91:27:6b:7a:0a,5586,-36,1481,311.27,82.57,72,460995,861473
f0:91:27:6b:7a:0a,5587,-29,1482,311.12,82.57,81,461076,861554
f0:91:27:6b:7a:0a,5590,-36,1483,311.07,82.57,234,461310,861788
f0:91:27:6b:7a:0a,5598,-33,1484,311.28,82.56,627,461937,862415
f0:91:27:6b:7a:0a,5600,-29,1485,311.18,82.56,169,462106,862584
f0:91:27:6b:7a:0a,5601,-32,1486,311.02,82.56,77,462183,862661
f0:91:27:6b:7a:0a,5610,-33,1487,311.30,82.56,715,462898,863376
f0:91:27:6b:7a:0a,5614,-31,1488,311.31,82.56,329,463227,863705
f0:91:27:6b:7a:0a,5619,-32,1489,311.36,82.55,390,463617,864095
f0:91:27:6b:7a:0a,5620,-31,1490,311.20,82.55,72,463689,864167
f0:91:27:6b:7a:0a,5621,-36,1491,311.05,82.55,80,463769,864247
f0:91:27:6b:7a:0a,5622,-33,1492,310.90,82.55,89,463858,864336
f0:91:27:6b:7a:0a,5625,-29,1493,310.84,82.55,230,464088,864566
f0:91:27:6b:7a:0a,5626,-31,1494,310.69,82.55,81,464169,864647
f0:91:27:6b:7a:0a,5627,-33,1495,310.53,82.55,72,464241,864719
f0:91:27:6b:7a:0a,5628,-30,1496,310.38,82.55,89,464330,864808
f0:91:27:6b:7a:0a,5629,-29,1497,310.22,82.55,72,464402,864880
f0:91:27:6b:7a:0a,5630,-33,1498,310.07,82.55,82,464484,864962
f0:91:27:6b:7a:0a,5631,-36,1499,309.92,82.55,81,464565,865043
f0:91:27:6b:7a:0a,5633,-29,1500,309.81,82.54,151,464716,865194
f0:91:27:6b:7a:0a,5635,-31,1501,309.71,82.54,155,464871,865349
f0:91:27:6b:7a:0a,5646,-30,1502,310.11,82.54,917,465788,866266
f0:91:27:6b:7a:0a,5648,-33,1503,310.01,82.54,160,465948,866426
f0:91:27:6b:7a:0a,5652,-31,1504,310.01,82.54,313,466261,866739
f0:91:27:6b:7a:0a,5653,-36,1505,309.86,82.54,78,466339,866817
f0:91:27:6b:7a:0a,5655,-30,1506,309.76,82.54,157,466496,866974
f0:91:27:6b:7a:0a,5656,-32,1507,309.61,82.54,79,466575,867053
f0:91:27:6b:7a:0a,5658,-32,1508,309.51,82.54,170,466745,867223
f0:91:27:6b:7a:0a,5659,-35,1509,309.37,82.54,90,466835,867313
f0:91:27:6b:7a:0a,5660,-29,1510,309.21,82.54,78,466913,867391
f0:91:27:6b:7a:0a,5661,-32,1511,309.06,82.54,77,466990,867468
f0:91:27:6b:7a:0a,5662,-31,1512,308.92,82.54,90,467080,867558
f0:91:27:6b:7a:0a,5663,-32,1513,308.76,82.54,73,467153,867631
f0:91:27:6b:7a:0a,5664,-36,1514,308.61,82.54,83,467236,867714
f0:91:27:6b:7a:0a,5665,-31,1515,308.46,82.54,81,467317,867795
f0:91:27:6b:7a:0a,5667,-29,1516,308.37,82.54,167,467484,867962
f0:91:27:6b:7a:0a,5671,-37,1517,308.38,82.54,330,467814,868292
f0:91:27:6b:7a:0a,5676,-36,1518,308.45,82.54,417,468231,868709
f0:91:27:6b:7a:0a,5682,-32,1519,308.55,82.53,462,468693,869171
f0:91:27:6b:7a:0a,5686,-32,1520,308.56,82.53,314,469007,869485
f0:91:27:6b:7a:0a,5689,-29,1521,308.51,82.53,236,469243,869721
f0:91:27:6b:7a:0a,5690,-33,1522,308.36,82.52,74,469317,869795
f0:91:27:6b:7a:0a,5691,-36,1523,308.20,82.52,79,469396,869874
f0:91:27:6b:7a:0a,5696,-30,1524,308.26,82.52,393,469789,870267
f0:91:27:6b:7a:0a,5706,-31,1525,308.58,82.51,789,470578,871056
f0:91:27:6b:7a:0a,5710,-33,1526,308.58,82.51,315,470893,871371
f0:91:27:6b:7a:0a,5712,-37,1527,308.48,82.51,160,471053,871531
f0:91:27:6b:7a:0a,5716,-37,1528,308.48,82.51,307,471360,871838
f0:91:27:6b:7a:0a,5720,-30,1529,308.49,82.50,314,471674,872152
f0:91:27:6b:7a:0a,5721,-31,1530,308.33,82.50,75,471749,872227
f0:91:27:6b:7a:0a,5729,-36,1531,308.55,82.50,635,472384,872862
f0:91:27:6b:7a:0a,5739,-31,1532,308.86,82.49,784,473168,873646
f0:91:27:6b:7a:0a,5746,-30,1533,309.01,82.48,542,473710,874188
f0:91:27:6b:7a:0a,5748,-35,1534,308.91,82.48,162,473872,874350
f0:91:27:6b:7a:0a,5752,-30,1535,308.92,82.48,324,474196,874674
f0:91:27:6b:7a:0a,5754,-33,1536,308.82,82.48,157,474353,874831
f0:91:27:6b:7a:0a,5775,-30,1537,309.74,82.48,1710,476063,876541
f0:91:27:6b:7a:0a,5776,-30,1538,309.58,82.48,73,476136,876614
f0:91:27:6b:7a:0a,5778,-36,1539,309.49,82.48,170,476306,876784
f0:91:27:6b:7a:0a,5779,-30,1540,309.34,82.48,77,476383,876861
f0:91:27:6b:7a:0a,5781,-29,1541,309.24,82.48,159,476542,877020
f0:91:27:6b:7a:0a,5782,-30,1542,309.09,82.47,75,476617,877095
f0:91:27:6b:7a:0a,5793,-32,1543,309.45,82.47,864,477481,877959
f0:91:27:6b:7a:0a,5794,-38,1544,309.30,82.47,75,477556,878034
f0:91:27:6b:7a:0a,5795,-30,1545,309.16,82.47,89,477645,878123
f0:91:27:6b:7a:0a,5796,-30,1546,309.00,82.46,73,477718,878196
f0:91:27:6b:7a:0a,5799,-35,1547,308.95,82.46,230,477948,878426
f0:91:27:6b:7a:0a,5800,-30,1548,308.81,82.46,83,478031,878509
f0:91:27:6b:7a:0a,5802,-30,1549,308.72,82.46,169,478200,878678
f0:91:27:6b:7a:0a,5803,-31,1550,308.57,82.46,81,478281,878759
f0:91:27:6b:7a:0a,5804,-30,1551,308.42,82.46,86,478367,878845
f0:91:27:6b:7a:0a,5805,-32,1552,308.28,82.46,76,478443,878921
f0:91:27:6b:7a:0a,5806,-42,1553,308.13,82.46,81,478524,879002
f0:91:27:6b:7a:0a,5807,-39,1554,307.98,82.46,76,478600,879078
f0:91:27:6b:7a:0a,5808,-28,1555,307.83,82.46,78,478678,879156
f0:91:27:6b:7a:0a,5809,-32,1556,307.68,82.46,76,478754,879232
f0:91:27:6b:7a:0a,5810,-35,1557,307.54,82.46,82,478836,879314
f0:91:27:6b:7a:0a,5811,-30,1558,307.39,82.46,75,478911,879389
f0:91:27:6b:7a:0a,5813,-38,1559,307.29,82.46,156,479067,879545
f0:91:27:6b:7a:0a,5814,-35,1560,307.15,82.46,83,479150,879628
f0:91:27:6b:7a:0a,5815,-30,1561,307.00,82.45,77,479227,879705
f0:91:27:6b:7a:0a,5816,-32,1562,306.85,82.45,77,479304,879782
f0:91:27:6b:7a:0a,5818,-39,1563,306.76,82.45,155,479459,879937
f0:91:27:6b:7a:0a,5820,-32,1564,306.66,82.45,160,479619,880097
f0:91:27:6b:7a:0a,5821,-32,1565,306.51,82.45,72,479691,880169
f0:91:27:6b:7a:0a,5822,-36,1566,306.37,82.45,78,479769,880247
f0:91:27:6b:7a:0a,5824,-32,1567,306.28,82.45,166,479935,880413
f0:91:27:6b:7a:0a,5826,-30,1568,306.18,82.45,157,480092,880570
f0:91:27:6b:7a:0a,5830,-30,1569,306.19,82.45,326,480418,880896
f0:91:27:6b:7a:0a,5833,-36,1570,306.15,82.45,239,480657,881135
f0:91:27:6b:7a:0a,5837,-31,1571,306.16,82.45,328,480985,881463
f0:91:27:6b:7a:0a,5839,-30,1572,306.08,82.45,168,481153,881631
f0:91:27:6b:7a:0a,5851,-32,1573,306.59,82.47,1116,482269,882747
f0:91:27:6b:7a:0a,5852,-30,1574,306.46,82.47,92,482361,882839
f0:91:27:6b:7a:0a,5853,-39,1575,306.32,82.47,96,482457,882935
f0:91:27:6b:7a:0a,5854,-32,1576,306.19,82.47,91,482548,883026
f0:91:27:6b:7a:0a,5856,-32,1577,306.11,82.48,184,482732,883210
f0:91:27:6b:7a:0a,5861,-37,1578,306.21,82.48,464,483196,883674
f0:91:27:6b:7a:0a,5877,-30,1579,306.94,82.51,1460,484656,885134
f0:91:27:6b:7a:0a,5880,-32,1580,306.92,82.51,281,484937,885415
f0:91:27:6b:7a:0a,5881,-30,1581,306.78,82.52,90,485027,885505
f0:91:27:6b:7a:0a,5882,-37,1582,306.65,82.52,90,485117,885595
f0:91:27:6b:7a:0a,5896,-36,1583,307.29,82.55,1322,486439,886917
f0:91:27:6b:7a:0a,5897,-36,1584,307.15,82.55,94,486533,887011
f0:91:27:6b:7a:0a,5900,-30,1585,307.14,82.55,288,486821,887299
f0:91:27:6b:7a:0a,5905,-32,1586,307.25,82.56,471,487292,887770
f0:91:27:6b:7a:0a,5906,-30,1587,307.11,82.57,92,487384,887862
f0:91:27:6b:7a:0a,5908,-37,1588,307.03,82.57,186,487570,888048
f0:91:27:6b:7a:0a,5910,-30,1589,306.96,82.57,187,487757,888235
f0:91:27:6b:7a:0a,5912,-31,1590,306.88,82.58,183,487940,888418
f0:91:27:6b:7a:0a,5913,-28,1591,306.75,82.58,99,488039,888517
f0:91:27:6b:7a:0a,5915,-30,1592,306.67,82.58,184,488223,888701
f0:91:27:6b:7a:0a,5917,-35,1593,306.60,82.59,186,488409,888887
f0:91:27:6b:7a:0a,5918,-36,1594,306.47,82.59,102,488511,888989
f0:91:27:6b:7a:0a,5924,-32,1595,306.62,82.60,549,489060,889538
f0:91:27:6b:7a:0a,5925,-35,1596,306.48,82.60,85,489145,889623
f0:91:27:6b:7a:0a,5929,-39,1597,306.52,82.60,368,489513,889991
f0:91:27:6b:7a:0a,5938,-32,1598,306.84,82.62,818,490331,890809
f0:91:27:6b:7a:0a,5954,-36,1599,307.57,82.64,1471,491802,892280
f0:91:27:6b:7a:0a,5955,-32,1600,307.44,82.64,95,491897,892375
f0:91:27:6b:7a:0a,5956,-30,1601,307.30,82.65,89,491986,892464
f0:91:27:6b:7a:0a,5957,-32,1602,307.16,82.65,85,492071,892549
f0:91:27:6b:7a:0a,5958,-39,1603,307.02,82.65,81,492152,892630
f0:91:27:6b:7a:0a,5959,-31,1604,306.88,82.65,88,492240,892718
f0:91:27:6b:7a:0a,5960,-30,1605,306.75,82.65,95,492335,892813
f0:91:27:6b:7a:0a,5962,-32,1606,306.67,82.65,181,492516,892994
f0:91:27:6b:7a:0a,5963,-36,1607,306.54,82.65,87,492603,893081
f0:91:27:6b:7a:0a,5965,-30,1608,306.46,82.65,184,492787,893265
f0:91:27:6b:7a:0a,5967,-32,1609,306.38,82.66,178,492965,893443
f0:91:27:6b:7a:0a,5968,-42,1610,306.24,82.66,87,493052,893530
f0:91:27:6b:7a:0a,5971,-30,1611,306.21,82.66,259,493311,893789
f0:91:27:6b:7a:0a,5972,-32,1612,306.08,82.66,83,493394,893872
f0:91:27:6b:7a:0a,5973,-37,1613,305.94,82.66,85,493479,893957
f0:91:27:6b:7a:0a,5974,-32,1614,305.80,82.66,83,493562,894040
f0:91:27:6b:7a:0a,5975,-36,1615,305.66,82.66,84,493646,894124
f0:91:27:6b:7a:0a,5978,-32,1616,305.63,82.66,258,493904,894382
f0:91:27:6b:7a:0a,5980,-32,1617,305.55,82.66,174,494078,894556
f0:91:27:6b:7a:0a,5982,-32,1618,305.47,82.66,166,494244,894722
f0:91:27:6b:7a:0a,5983,-38,1619,305.33,82.66,90,494334,894812
f0:91:27:6b:7a:0a,5985,-36,1620,305.25,82.66,167,494501,894979
f0:91:27:6b:7a:0a,5986,-29,1621,305.11,82.66,81,494582,895060
f0:91:27:6b:7a:0a,5987,-32,1622,304.98,82.67,88,494670,895148
f0:91:27:6b:7a:0a,6067,-29,1623,308.86,82.66,6606,501276,901754
f0:91:27:6b:7a:0a,6068,-32,1624,308.72,82.66,84,501360,901838
f0:91:27:6b:7a:0a,6069,-37,1625,308.58,82.66,79,501439,901917
f0:91:27:6b:7a:0a,6080,-35,1626,308.93,82.66,874,502313,902791
f0:91:27:6b:7a:0a,6082,-31,1627,308.84,82.66,166,502479,902957
f0:91:27:6b:7a:0a,6087,-36,1628,308.90,82.66,405,502884,903362
f0:91:27:6b:7a:0a,6090,-38,1629,308.85,82.65,236,503120,903598
f0:91:27:6b:7a:0a,6092,-33,1630,308.77,82.66,167,503287,903765
f0:91:27:6b:7a:0a,6093,-36,1631,308.63,82.66,82,503369,903847
f0:91:27:6b:7a:0a,6094,-29,1632,308.48,82.65,76,503445,903923
f0:91:27:6b:7a:0a,6095,-31,1633,308.35,82.65,84,503529,904007
f0:91:27:6b:7a:0a,6097,-30,1634,308.26,82.65,169,503698,904176
f0:91:27:6b:7a:0a,6099,-30,1635,308.17,82.65,164,503862,904340
f0:91:27:6b:7a:0a,6100,-30,1636,308.03,82.65,77,503939,904417
f0:91:27:6b:7a:0a,6101,-39,1637,307.90,82.65,87,504026,904504
f0:91:27:6b:7a:0a,6102,-36,1638,307.76,82.65,79,504105,904583
f0:91:27:6b:7a:0a,6104,-32,1639,307.67,82.65,161,504266,904744
f0:91:27:6b:7a:0a,6105,-38,1640,307.53,82.65,82,504348,904826
f0:91:27:6b:7a:0a,6107,-30,1641,307.44,82.65,153,504501,904979
f0:91:27:6b:7a:0a,6109,-37,1642,307.34,82.65,158,504659,905137
f0:91:27:6b:7a:0a,6111,-32,1643,307.25,82.65,156,504815,905293
f0:91:27:6b:7a:0a,6116,-31,1644,307.31,82.65,397,505212,905690
f0:91:27:6b:7a:0a,6124,-33,1645,307.51,82.64,638,505850,906328
f0:91:27:6b:7a:0a,6125,-36,1646,307.37,82.64,80,505930,906408
f0:91:27:6b:7a:0a,6133,-31,1647,307.57,82.64,645,506575,907053
f0:91:27:6b:7a:0a,6134,-36,1648,307.44,82.64,80,506655,907133
f0:91:27:6b:7a:0a,6135,-30,1649,307.30,82.64,78,506733,907211
f0:91:27:6b:7a:0a,6137,-33,1650,307.20,82.64,152,506885,907363
f0:91:27:6b:7a:0a,6138,-41,1651,307.07,82.64,81,506966,907444
f0:91:27:6b:7a:0a,6144,-30,1652,307.17,82.63,487,507453,907931
f0:91:27:6b:7a:0a,6152,-29,1653,307.37,82.63,626,508079,908557
f0:91:27:6b:7a:0a,6156,-32,1654,307.37,82.63,315,508394,908872
f0:91:27:6b:7a:0a,6157,-37,1655,307.23,82.62,79,508473,908951
f0:91:27:6b:7a:0a,6158,-29,1656,307.10,82.62,81,508554,909032
f0:91:27:6b:7a:0a,6159,-31,1657,306.96,82.62,79,508633,909111
f0:91:27:6b:7a:0a,6164,-33,1658,307.01,82.62,395,509028,909506
f0:91:27:6b:7a:0a,6167,-33,1659,306.97,82.62,238,509266,909744
f0:91:27:6b:7a:0a,6169,-36,1660,306.88,82.62,160,509426,909904
f0:91:27:6b:7a:0a,6171,-33,1661,306.79,82.62,158,509584,910062
f0:91:27:6b:7a:0a,6178,-32,1662,306.94,82.61,542,510126,910604
f0:91:27:6b:7a:0a,6179,-34,1663,306.80,82.61,82,510208,910686
f0:91:27:6b:7a:0a,6180,-38,1664,306.66,82.61,79,510287,910765
f0:91:27:6b:7a:0a,6182,-39,1665,306.58,82.61,168,510455,910933
f0:91:27:6b:7a:0a,6183,-38,1666,306.44,82.61,75,510530,911008
f0:91:27:6b:7a:0a,6186,-36,1667,306.40,82.61,239,510769,911247
f0:91:27:6b:7a:0a,6187,-32,1668,306.26,82.61,75,510844,911322
f0:91:27:6b:7a:0a,6188,-34,1669,306.13,82.61,79,510923,911401
f0:91:27:6b:7a:0a,6190,-38,1670,306.04,82.61,160,511083,911561
f0:91:27:6b:7a:0a,6208,-32,1671,306.70,82.59,1417,512500,912978
f0:91:27:6b:7a:0a,6244,-37,1672,308.23,82.58,2867,515367,915845
f0:91:27:6b:7a:0a,6246,-36,1673,308.15,82.58,166,515533,916011
f0:91:27:6b:7a:0a,6247,-36,1674,308.01,82.58,68,515601,916079
f0:91:27:6b:7a:0a,6248,-29,1675,307.87,82.57,79,515680,916158
f0:91:27:6b:7a:0a,6287,-37,1676,309.56,82.56,3140,518820,919298
f0:91:27:6b:7a:0a,6288,-30,1677,309.42,82.56,84,518904,919382
f0:91:27:6b:7a:0a,6289,-32,1678,309.28,82.56,76,518980,919458
f0:91:27:6b:7a:0a,6290,-35,1679,309.15,82.56,78,519058,919536
f0:91:27:6b:7a:0a,6291,-30,1680,309.01,82.56,80,519138,919616
f0:91:27:6b:7a:0a,6292,-37,1681,308.88,82.56,90,519228,919706
f0:91:27:6b:7a:0a,6293,-30,1682,308.74,82.56,79,519307,919785
f0:91:27:6b:7a:0a,6294,-30,1683,308.61,82.56,78,519385,919863
f0:91:27:6b:7a:0a,6295,-32,1684,308.47,82.56,77,519462,919940
f0:91:27:6b:7a:0a,6296,-36,1685,308.33,82.56,79,519541,920019
f0:91:27:6b:7a:0a,6299,-37,1686,308.29,82.56,240,519781,920259
f0:91:27:6b:7a:0a,6301,-32,1687,308.21,82.56,162,519943,920421
f0:91:27:6b:7a:0a,6302,-38,1688,308.07,82.56,85,520028,920506
f0:91:27:6b:7a:0a,6303,-30,1689,307.94,82.56,79,520107,920585
f0:91:27:6b:7a:0a,6304,-29,1690,307.80,82.56,75,520182,920660
f0:91:27:6b:7a:0a,6308,-36,1691,307.82,82.56,334,520516,920994
f0:91:27:6b:7a:0a,6313,-32,1692,307.87,82.55,404,520920,921398
f0:91:27:6b:7a:0a,6321,-36,1693,308.06,82.55,623,521543,922021
f0:91:27:6b:7a:0a,6329,-32,1694,308.26,82.55,651,522194,922672
f0:91:27:6b:7a:0a,6330,-39,1695,308.13,82.55,81,522275,922753
f0:91:27:6b:7a:0a,6337,-32,1696,308.28,82.54,563,522838,923316
f0:91:27:6b:7a:0a,6339,-39,1697,308.19,82.54,156,522994,923472
f0:91:27:6b:7a:0a,6340,-29,1698,308.06,82.54,87,523081,923559
f0:91:27:6b:7a:0a,6341,-32,1699,307.92,82.54,79,523160,923638
f0:91:27:6b:7a:0a,6344,-32,1700,307.88,82.54,233,523393,923871
f0:91:27:6b:7a:0a,6346,-29,1701,307.79,82.54,164,523557,924035
f0:91:27:6b:7a:0a,6347,-31,1702,307.66,82.54,79,523636,924114
f0:91:27:6b:7a:0a,6348,-36,1703,307.52,82.54,78,523714,924192
f0:91:27:6b:7a:0a,6350,-32,1704,307.44,82.54,161,523875,924353
f0:91:27:6b:7a:0a,6352,-30,1705,307.35,82.54,157,524032,924510
f0:91:27:6b:7a:0a,6353,-36,1706,307.22,82.54,91,524123,924601
f0:91:27:6b:7a:0a,6354,-30,1707,307.09,82.54,78,524201,924679
f0:91:27:6b:7a:0a,6355,-29,1708,306.96,82.54,81,524282,924760
f0:91:27:6b:7a:0a,6364,-33,1709,307.19,82.53,703,524985,925463
