address,packet_id,rssi,count,rx_speed,tx_speed,last_time_elapsed,total_time_elapsed,timestamp
[Recv] <<< 75:ac:a7:b3:2e:45,1,-17,1,62.00,62.00,32430,62,32430
[Recv] <<< 75:ac:a7:b3:2e:45,3,-17,2,106.00,70.67,150,212,32580
[Recv] <<< 75:ac:a7:b3:2e:45,7,-18,3,170.00,72.86,298,510,32878
[Recv] <<< 75:ac:a7:b3:2e:45,8,-18,4,143.75,71.88,65,575,32943
[Recv] <<< 75:ac:a7:b3:2e:45,9,-17,5,131.40,73.00,82,657,33025
[Recv] <<< 75:ac:a7:b3:2e:45,10,-17,6,122.50,73.50,78,735,33103
[Recv] <<< 75:ac:a7:b3:2e:45,11,-17,7,114.86,73.09,69,804,33172
[Recv] <<< 75:ac:a7:b3:2e:45,16,-18,8,146.62,73.31,369,1173,33541
[Recv] <<< 75:ac:a7:b3:2e:45,17,-18,9,137.78,72.94,67,1240,33608
[Recv] <<< 75:ac:a7:b3:2e:45,18,-17,10,131.40,73.00,74,1314,33682
[Recv] <<< 75:ac:a7:b3:2e:45,19,-17,11,126.09,73.00,73,1387,33755
[Recv] <<< 75:ac:a7:b3:2e:45,21,-17,12,128.25,73.29,152,1539,33907
[Recv] <<< 75:ac:a7:b3:2e:45,22,-18,13,123.92,73.23,72,1611,33979
[Recv] <<< 75:ac:a7:b3:2e:45,23,-18,14,120.71,73.48,79,1690,34058
[Recv] <<< 75:ac:a7:b3:2e:45,24,-17,15,117.13,73.21,67,1757,34125
[Recv] <<< 75:ac:a7:b3:2e:45,25,-17,16,114.38,73.20,73,1830,34198
[Recv] <<< 75:ac:a7:b3:2e:45,26,-18,17,112.35,73.46,80,1910,34278
[Recv] <<< 75:ac:a7:b3:2e:45,27,-18,18,110.00,73.33,70,1980,34348
[Recv] <<< 75:ac:a7:b3:2e:45,28,-17,19,108.21,73.43,76,2056,34424
[Recv] <<< 75:ac:a7:b3:2e:45,29,-17,20,106.15,73.21,67,2123,34491
[Recv] <<< 75:ac:a7:b3:2e:45,30,-17,21,104.43,73.10,70,2193,34561
[Recv] <<< 75:ac:a7:b3:2e:45,31,-17,22,103.05,73.13,74,2267,34635
[Recv] <<< 75:ac:a7:b3:2e:45,33,-17,23,105.17,73.30,152,2419,34787
[Recv] <<< 75:ac:a7:b3:2e:45,34,-18,24,104.08,73.47,79,2498,34866
[Recv] <<< 75:ac:a7:b3:2e:45,35,-18,25,102.92,73.51,75,2573,34941
[Recv] <<< 75:ac:a7:b3:2e:45,36,-17,26,102.04,73.69,80,2653,35021
[Recv] <<< 75:ac:a7:b3:2e:45,40,-17,27,108.89,73.50,287,2940,35308
[Recv] <<< 75:ac:a7:b3:2e:45,41,-17,28,107.39,73.34,67,3007,35375
[Recv] <<< 75:ac:a7:b3:2e:45,42,-17,29,106.28,73.38,75,3082,35450
[Recv] <<< 75:ac:a7:b3:2e:45,43,-17,30,105.20,73.40,74,3156,35524
[Recv] <<< 75:ac:a7:b3:2e:45,45,-17,31,106.26,73.20,138,3294,35662
[Recv] <<< 75:ac:a7:b3:2e:45,47,-17,32,107.38,73.11,142,3436,35804
[Recv] <<< 75:ac:a7:b3:2e:45,49,-17,33,108.79,73.27,154,3590,35958
[Recv] <<< 75:ac:a7:b3:2e:45,50,-18,34,107.82,73.32,76,3666,36034
[Recv] <<< 75:ac:a7:b3:2e:45,51,-17,35,106.80,73.29,72,3738,36106
[Recv] <<< 75:ac:a7:b3:2e:45,52,-17,36,105.83,73.27,72,3810,36178
[Recv] <<< 75:ac:a7:b3:2e:45,53,-17,37,104.78,73.15,67,3877,36245
[Recv] <<< 75:ac:a7:b3:2e:45,54,-17,38,103.87,73.09,70,3947,36315
[Recv] <<< 75:ac:a7:b3:2e:45,58,-18,39,108.87,73.21,299,4246,36614
[Recv] <<< 75:ac:a7:b3:2e:45,60,-18,40,109.55,73.03,136,4382,36750
[Recv] <<< 75:ac:a7:b3:2e:45,61,-18,41,108.59,72.98,70,4452,36820
[Recv] <<< 75:ac:a7:b3:2e:45,62,-18,42,107.71,72.97,72,4524,36892
[Recv] <<< 75:ac:a7:b3:2e:45,63,-18,43,106.79,72.89,68,4592,36960
[Recv] <<< 75:ac:a7:b3:2e:45,64,-17,44,106.30,73.08,85,4677,37045
[Recv] <<< 75:ac:a7:b3:2e:45,65,-17,45,105.44,73.00,68,4745,37113
[Recv] <<< 75:ac:a7:b3:2e:45,66,-17,46,104.80,73.05,76,4821,37189
[Recv] <<< 75:ac:a7:b3:2e:45,67,-17,47,103.98,72.94,66,4887,37255
[Recv] <<< 75:ac:a7:b3:2e:45,69,-18,48,105.02,73.06,154,5041,37409
[Recv] <<< 75:ac:a7:b3:2e:45,70,-17,49,104.41,73.09,75,5116,37484
[Recv] <<< 75:ac:a7:b3:2e:45,71,-17,50,103.84,73.13,76,5192,37560
[Recv] <<< 75:ac:a7:b3:2e:45,72,-17,51,103.20,73.10,71,5263,37631
[Recv] <<< 75:ac:a7:b3:2e:45,73,-17,52,102.58,73.07,71,5334,37702
[Recv] <<< 75:ac:a7:b3:2e:45,74,-17,53,101.96,73.03,70,5404,37772
[Recv] <<< 75:ac:a7:b3:2e:45,75,-17,54,101.43,73.03,73,5477,37845
[Recv] <<< 75:ac:a7:b3:2e:45,76,-17,55,100.96,73.07,76,5553,37921
[Recv] <<< 75:ac:a7:b3:2e:45,78,-17,56,101.66,72.99,140,5693,38061
[Recv] <<< 75:ac:a7:b3:2e:45,79,-17,57,101.12,72.96,71,5764,38132
[Recv] <<< 75:ac:a7:b3:2e:45,80,-17,58,100.64,72.96,73,5837,38205
[Recv] <<< 75:ac:a7:b3:2e:45,81,-17,59,100.20,72.99,75,5912,38280
[Recv] <<< 75:ac:a7:b3:2e:45,83,-17,60,101.12,73.10,155,6067,38435
[Recv] <<< 75:ac:a7:b3:2e:45,84,-17,61,100.61,73.06,70,6137,38505
[Recv] <<< 75:ac:a7:b3:2e:45,85,-17,62,100.16,73.06,73,6210,38578
[Recv] <<< 75:ac:a7:b3:2e:45,87,-18,63,100.97,73.11,151,6361,38729
[Recv] <<< 75:ac:a7:b3:2e:45,88,-18,64,100.45,73.06,68,6429,38797
[Recv] <<< 75:ac:a7:b3:2e:45,89,-18,65,100.05,73.07,74,6503,38871
[Recv] <<< 75:ac:a7:b3:2e:45,90,-18,66,99.58,73.02,69,6572,38940
[Recv] <<< 75:ac:a7:b3:2e:45,93,-17,67,101.43,73.08,224,6796,39164
[Recv] <<< 75:ac:a7:b3:2e:45,94,-17,68,101.00,73.06,72,6868,39236
[Recv] <<< 75:ac:a7:b3:2e:45,95,-17,69,100.57,73.04,71,6939,39307
[Recv] <<< 75:ac:a7:b3:2e:45,97,-18,70,101.19,73.02,144,7083,39451
[Recv] <<< 75:ac:a7:b3:2e:45,98,-17,71,100.77,73.01,72,7155,39523
[Recv] <<< 75:ac:a7:b3:2e:45,101,-18,72,102.50,73.07,225,7380,39748
[Recv] <<< 75:ac:a7:b3:2e:45,103,-17,73,103.18,73.13,152,7532,39900
[Recv] <<< 75:ac:a7:b3:2e:45,104,-17,74,102.70,73.08,68,7600,39968
[Recv] <<< 75:ac:a7:b3:2e:45,105,-17,75,102.45,73.18,84,7684,40052
[Recv] <<< 75:ac:a7:b3:2e:45,106,-17,76,101.93,73.08,63,7747,40115
[Recv] <<< 75:ac:a7:b3:2e:45,107,-17,77,101.57,73.09,74,7821,40189
[Recv] <<< 75:ac:a7:b3:2e:45,108,-17,78,101.15,73.06,69,7890,40258
[Recv] <<< 75:ac:a7:b3:2e:45,109,-18,79,100.82,73.07,75,7965,40333
[Recv] <<< 75:ac:a7:b3:2e:45,111,-18,80,101.40,73.08,147,8112,40480
[Recv] <<< 75:ac:a7:b3:2e:45,114,-17,81,102.86,73.09,220,8332,40700
[Recv] <<< 75:ac:a7:b3:2e:45,115,-17,82,102.52,73.10,75,8407,40775
[Recv] <<< 75:ac:a7:b3:2e:45,116,-17,83,102.10,73.05,67,8474,40842
[Recv] <<< 75:ac:a7:b3:2e:45,117,-17,84,101.82,73.10,79,8553,40921
[Recv] <<< 75:ac:a7:b3:2e:45,118,-17,85,101.44,73.07,69,8622,40990
[Recv] <<< 75:ac:a7:b3:2e:45,119,-17,86,101.13,73.08,75,8697,41065
[Recv] <<< 75:ac:a7:b3:2e:45,120,-17,87,100.82,73.09,74,8771,41139
[Recv] <<< 75:ac:a7:b3:2e:45,121,-17,88,100.57,73.14,79,8850,41218
[Recv] <<< 75:ac:a7:b3:2e:45,123,-17,89,101.09,73.15,147,8997,41365
[Recv] <<< 75:ac:a7:b3:2e:45,124,-17,90,100.87,73.21,81,9078,41446
[Recv] <<< 75:ac:a7:b3:2e:45,125,-17,91,100.49,73.16,67,9145,41513
[Recv] <<< 75:ac:a7:b3:2e:45,127,-18,92,100.98,73.15,145,9290,41658
[Recv] <<< 75:ac:a7:b3:2e:45,128,-18,93,100.73,73.19,78,9368,41736
[Recv] <<< 75:ac:a7:b3:2e:45,130,-17,94,101.15,73.14,140,9508,41876
[Recv] <<< 75:ac:a7:b3:2e:45,131,-17,95,100.86,73.15,74,9582,41950
[Recv] <<< 75:ac:a7:b3:2e:45,132,-17,96,100.54,73.12,70,9652,42020
[Recv] <<< 75:ac:a7:b3:2e:45,134,-17,97,101.02,73.13,147,9799,42167
[Recv] <<< 75:ac:a7:b3:2e:45,135,-17,98,100.73,73.13,73,9872,42240
[Recv] <<< 75:ac:a7:b3:2e:45,136,-17,99,100.43,73.11,71,9943,42311
[Recv] <<< 75:ac:a7:b3:2e:45,142,-17,100,103.76,73.07,433,10376,42744
[Recv] <<< 75:ac:a7:b3:2e:45,143,-17,101,103.45,73.06,72,10448,42816
[Recv] <<< 75:ac:a7:b3:2e:45,144,-18,102,103.19,73.09,77,10525,42893
[Recv] <<< 75:ac:a7:b3:2e:45,145,-18,103,102.83,73.05,67,10592,42960
[Recv] <<< 75:ac:a7:b3:2e:45,146,-18,104,102.56,73.05,74,10666,43034
[Recv] <<< 75:ac:a7:b3:2e:45,147,-18,105,102.29,73.06,74,10740,43108
[Recv] <<< 75:ac:a7:b3:2e:45,148,-17,106,101.97,73.03,69,10809,43177
[Recv] <<< 75:ac:a7:b3:2e:45,150,-17,107,102.40,73.05,148,10957,43325
[Recv] <<< 75:ac:a7:b3:2e:45,152,-17,108,102.82,73.06,148,11105,43473
[Recv] <<< 75:ac:a7:b3:2e:45,153,-17,109,102.49,73.01,66,11171,43539
[Recv] <<< 75:ac:a7:b3:2e:45,155,-17,110,102.89,73.02,147,11318,43686
[Recv] <<< 75:ac:a7:b3:2e:45,157,-18,111,103.41,73.11,160,11478,43846
[Recv] <<< 75:ac:a7:b3:2e:45,158,-18,112,103.09,73.08,68,11546,43914
[Recv] <<< 75:ac:a7:b3:2e:45,159,-17,113,102.83,73.08,74,11620,43988
[Recv] <<< 75:ac:a7:b3:2e:45,161,-17,114,103.19,73.07,144,11764,44132
[Recv] <<< 75:ac:a7:b3:2e:45,162,-17,115,102.96,73.09,76,11840,44208
[Recv] <<< 75:ac:a7:b3:2e:45,164,-17,116,103.31,73.07,144,11984,44352
[Recv] <<< 75:ac:a7:b3:2e:45,165,-18,117,103.06,73.08,74,12058,44426
[Recv] <<< 75:ac:a7:b3:2e:45,166,-18,118,102.77,73.05,69,12127,44495
[Recv] <<< 75:ac:a7:b3:2e:45,167,-18,119,102.50,73.04,71,12198,44566
[Recv] <<< 75:ac:a7:b3:2e:45,168,-17,120,102.32,73.08,80,12278,44646
[Recv] <<< 75:ac:a7:b3:2e:45,170,-17,121,102.70,73.10,149,12427,44795
[Recv] <<< 75:ac:a7:b3:2e:45,171,-17,122,102.44,73.09,71,12498,44866
[Recv] <<< 75:ac:a7:b3:2e:45,172,-17,123,102.17,73.06,69,12567,44935
[Recv] <<< 75:ac:a7:b3:2e:45,174,-17,124,102.50,73.05,143,12710,45078
[Recv] <<< 75:ac:a7:b3:2e:45,175,-17,125,102.28,73.06,75,12785,45153
[Recv] <<< 75:ac:a7:b3:2e:45,176,-17,126,102.02,73.04,70,12855,45223
[Recv] <<< 75:ac:a7:b3:2e:45,179,-17,127,102.91,73.01,214,13069,45437
[Recv] <<< 75:ac:a7:b3:2e:45,181,-18,128,103.27,73.03,150,13219,45587
[Recv] <<< 75:ac:a7:b3:2e:45,183,-18,129,103.60,73.03,145,13364,45732
[Recv] <<< 75:ac:a7:b3:2e:45,184,-17,130,103.35,73.02,72,13436,45804
[Recv] <<< 75:ac:a7:b3:2e:45,185,-17,131,103.20,73.08,83,13519,45887
[Recv] <<< 75:ac:a7:b3:2e:45,188,-18,132,104.05,73.05,215,13734,46102
[Recv] <<< 75:ac:a7:b3:2e:45,189,-18,133,103.83,73.07,76,13810,46178
[Recv] <<< 75:ac:a7:b3:2e:45,190,-17,134,103.58,73.05,70,13880,46248
[Recv] <<< 75:ac:a7:b3:2e:45,192,-17,135,103.88,73.04,144,14024,46392
[Recv] <<< 75:ac:a7:b3:2e:45,194,-18,136,104.21,73.06,149,14173,46541
[Recv] <<< 75:ac:a7:b3:2e:45,195,-18,137,104.01,73.08,77,14250,46618
[Recv] <<< 75:ac:a7:b3:2e:45,196,-18,138,103.77,73.06,70,14320,46688
[Recv] <<< 75:ac:a7:b3:2e:45,197,-18,139,103.50,73.03,67,14387,46755
[Recv] <<< 75:ac:a7:b3:2e:45,198,-17,140,103.32,73.06,78,14465,46833
[Recv] <<< 75:ac:a7:b3:2e:45,199,-17,141,103.12,73.07,75,14540,46908
[Recv] <<< 75:ac:a7:b3:2e:45,200,-17,142,102.87,73.04,67,14607,46975
[Recv] <<< 75:ac:a7:b3:2e:45,201,-17,143,102.66,73.03,73,14680,47048
[Recv] <<< 75:ac:a7:b3:2e:45,202,-17,144,102.47,73.04,75,14755,47123
[Recv] <<< 75:ac:a7:b3:2e:45,204,-18,145,102.77,73.04,146,14901,47269
[Recv] <<< 75:ac:a7:b3:2e:45,206,-18,146,103.03,73.02,142,15043,47411
[Recv] <<< 75:ac:a7:b3:2e:45,207,-17,147,102.84,73.03,75,15118,47486
[Recv] <<< 75:ac:a7:b3:2e:45,209,-17,148,103.08,73.00,138,15256,47624
[Recv] <<< 75:ac:a7:b3:2e:45,210,-17,149,102.89,73.00,75,15331,47699
[Recv] <<< 75:ac:a7:b3:2e:45,211,-17,150,102.72,73.02,77,15408,47776
[Recv] <<< 75:ac:a7:b3:2e:45,212,-17,151,102.50,73.01,70,15478,47846
[Recv] <<< 75:ac:a7:b3:2e:45,213,-17,152,102.30,73.00,71,15549,47917
[Recv] <<< 75:ac:a7:b3:2e:45,214,-17,153,102.12,73.01,75,15624,47992
[Recv] <<< 75:ac:a7:b3:2e:45,216,-18,154,102.41,73.01,147,15771,48139
[Recv] <<< 75:ac:a7:b3:2e:45,219,-17,155,103.16,73.01,219,15990,48358
[Recv] <<< 75:ac:a7:b3:2e:45,220,-17,156,102.94,72.99,68,16058,48426
[Recv] <<< 75:ac:a7:b3:2e:45,223,-17,157,103.70,73.01,223,16281,48649
[Recv] <<< 75:ac:a7:b3:2e:45,224,-17,158,103.49,73.00,70,16351,48719
[Recv] <<< 75:ac:a7:b3:2e:45,225,-18,159,103.30,73.00,74,16425,48793
[Recv] <<< 75:ac:a7:b3:2e:45,226,-17,160,103.08,72.98,68,16493,48861
[Recv] <<< 75:ac:a7:b3:2e:45,230,-18,161,104.23,72.96,288,16781,49149
[Recv] <<< 75:ac:a7:b3:2e:45,231,-18,162,104.02,72.95,70,16851,49219
[Recv] <<< 75:ac:a7:b3:2e:45,232,-17,163,103.87,72.98,80,16931,49299
[Recv] <<< 75:ac:a7:b3:2e:45,233,-17,164,103.68,72.98,73,17004,49372
[Recv] <<< 75:ac:a7:b3:2e:45,234,-17,165,103.52,72.99,76,17080,49448
[Recv] <<< 75:ac:a7:b3:2e:45,235,-17,166,103.27,72.94,62,17142,49510
[Recv] <<< 75:ac:a7:b3:2e:45,237,-17,167,103.54,72.96,149,17291,49659
[Recv] <<< 75:ac:a7:b3:2e:45,238,-17,168,103.32,72.93,66,17357,49725
[Recv] <<< 75:ac:a7:b3:2e:45,239,-18,169,103.17,72.95,79,17436,49804
[Recv] <<< 75:ac:a7:b3:2e:45,240,-17,170,102.97,72.94,69,17505,49873
[Recv] <<< 75:ac:a7:b3:2e:45,241,-18,171,102.78,72.93,71,17576,49944
[Recv] <<< 75:ac:a7:b3:2e:45,242,-18,172,102.60,72.92,71,17647,50015
[Recv] <<< 75:ac:a7:b3:2e:45,243,-18,173,102.46,72.94,78,17725,50093
[Recv] <<< 75:ac:a7:b3:2e:45,244,-18,174,102.26,72.93,69,17794,50162
[Recv] <<< 75:ac:a7:b3:2e:45,246,-17,175,102.55,72.95,152,17946,50314
[Recv] <<< 75:ac:a7:b3:2e:45,247,-17,176,102.38,72.95,72,18018,50386
[Recv] <<< 75:ac:a7:b3:2e:45,248,-17,177,102.19,72.94,70,18088,50456
[Recv] <<< 75:ac:a7:b3:2e:45,249,-17,178,101.99,72.91,67,18155,50523
[Recv] <<< 75:ac:a7:b3:2e:45,251,-18,179,102.30,72.95,156,18311,50679
[Recv] <<< 75:ac:a7:b3:2e:45,252,-18,180,102.13,72.95,72,18383,50751
[Recv] <<< 75:ac:a7:b3:2e:45,253,-18,181,101.97,72.95,74,18457,50825
[Recv] <<< 75:ac:a7:b3:2e:45,254,-17,182,101.84,72.97,77,18534,50902
[Recv] <<< 75:ac:a7:b3:2e:45,255,-17,183,101.69,72.98,75,18609,50977
[Recv] <<< 75:ac:a7:b3:2e:45,256,-17,184,101.54,72.98,75,18684,51052
[Recv] <<< 75:ac:a7:b3:2e:45,257,-17,185,101.39,72.98,73,18757,51125
[Recv] <<< 75:ac:a7:b3:2e:45,259,-17,186,101.59,72.96,139,18896,51264
[Recv] <<< 75:ac:a7:b3:2e:45,260,-17,187,101.47,72.98,78,18974,51342
[Recv] <<< 75:ac:a7:b3:2e:45,261,-17,188,101.31,72.97,72,19046,51414
[Recv] <<< 75:ac:a7:b3:2e:45,262,-18,189,101.15,72.97,72,19118,51486
[Recv] <<< 75:ac:a7:b3:2e:45,267,-17,190,102.54,72.97,365,19483,51851
[Recv] <<< 75:ac:a7:b3:2e:45,269,-17,191,102.77,72.97,147,19630,51998
[Recv] <<< 75:ac:a7:b3:2e:45,270,-17,192,102.61,72.97,71,19701,52069
[Recv] <<< 75:ac:a7:b3:2e:45,271,-17,193,102.45,72.96,72,19773,52141
[Recv] <<< 75:ac:a7:b3:2e:45,273,-17,194,102.67,72.96,145,19918,52286
[Recv] <<< 75:ac:a7:b3:2e:45,274,-18,195,102.52,72.96,73,19991,52359
[Recv] <<< 75:ac:a7:b3:2e:45,275,-18,196,102.34,72.94,67,20058,52426
[Recv] <<< 75:ac:a7:b3:2e:45,276,-18,197,102.20,72.95,75,20133,52501
[Recv] <<< 75:ac:a7:b3:2e:45,278,-17,198,102.43,72.95,148,20281,52649
[Recv] <<< 75:ac:a7:b3:2e:45,279,-17,199,102.27,72.95,71,20352,52720
[Recv] <<< 75:ac:a7:b3:2e:45,280,-17,200,102.11,72.94,71,20423,52791
[Recv] <<< 75:ac:a7:b3:2e:45,281,-17,201,102.00,72.96,79,20502,52870
[Recv] <<< 75:ac:a7:b3:2e:45,282,-18,202,101.87,72.97,75,20577,52945
[Recv] <<< 75:ac:a7:b3:2e:45,284,-18,203,102.07,72.96,143,20720,53088
[Recv] <<< 75:ac:a7:b3:2e:45,285,-18,204,101.93,72.96,73,20793,53161
[Recv] <<< 75:ac:a7:b3:2e:45,286,-18,205,101.79,72.96,73,20866,53234
[Recv] <<< 75:ac:a7:b3:2e:45,287,-17,206,101.64,72.95,72,20938,53306
[Recv] <<< 75:ac:a7:b3:2e:45,288,-17,207,101.52,72.97,76,21014,53382
[Recv] <<< 75:ac:a7:b3:2e:45,295,-18,208,103.48,72.96,509,21523,53891
[Recv] <<< 75:ac:a7:b3:2e:45,296,-17,209,103.38,73.00,84,21607,53975
[Recv] <<< 75:ac:a7:b3:2e:45,297,-17,210,103.21,72.98,68,21675,54043
[Recv] <<< 75:ac:a7:b3:2e:45,299,-18,211,103.46,73.01,156,21831,54199
[Recv] <<< 75:ac:a7:b3:2e:45,300,-18,212,103.29,72.99,66,21897,54265
[Recv] <<< 75:ac:a7:b3:2e:45,301,-18,213,103.15,72.99,74,21971,54339
[Recv] <<< 75:ac:a7:b3:2e:45,304,-18,214,103.69,72.99,219,22190,54558
[Recv] <<< 75:ac:a7:b3:2e:45,305,-18,215,103.53,72.98,70,22260,54628
[Recv] <<< 75:ac:a7:b3:2e:45,306,-17,216,103.44,73.01,82,22342,54710
[Recv] <<< 75:ac:a7:b3:2e:45,307,-17,217,103.28,73.00,69,22411,54779
[Recv] <<< 75:ac:a7:b3:2e:45,308,-17,218,103.14,73.00,74,22485,54853
[Recv] <<< 75:ac:a7:b3:2e:45,309,-17,219,102.99,72.99,70,22555,54923
[Recv] <<< 75:ac:a7:b3:2e:45,312,-17,220,103.50,72.98,215,22770,55138
[Recv] <<< 75:ac:a7:b3:2e:45,315,-17,221,104.03,72.99,221,22991,55359
[Recv] <<< 75:ac:a7:b3:2e:45,316,-17,222,103.87,72.97,69,23060,55428
[Recv] <<< 75:ac:a7:b3:2e:45,317,-18,223,103.76,72.99,79,23139,55507
[Recv] <<< 75:ac:a7:b3:2e:45,319,-17,224,103.96,73.00,147,23286,55654
[Recv] <<< 75:ac:a7:b3:2e:45,324,-17,225,105.14,73.01,370,23656,56024
[Recv] <<< 75:ac:a7:b3:2e:45,325,-17,226,104.96,72.98,64,23720,56088
[Recv] <<< 75:ac:a7:b3:2e:45,326,-17,227,104.81,72.98,73,23793,56161
[Recv] <<< 75:ac:a7:b3:2e:45,327,-17,228,104.67,72.98,72,23865,56233
[Recv] <<< 75:ac:a7:b3:2e:45,328,-17,229,104.53,72.98,72,23937,56305
[Recv] <<< 75:ac:a7:b3:2e:45,329,-17,230,104.39,72.98,72,24009,56377
[Recv] <<< 75:ac:a7:b3:2e:45,330,-17,231,104.24,72.97,71,24080,56448
[Recv] <<< 75:ac:a7:b3:2e:45,331,-18,232,104.13,72.99,79,24159,56527
[Recv] <<< 75:ac:a7:b3:2e:45,332,-17,233,104.02,73.00,78,24237,56605
[Recv] <<< 75:ac:a7:b3:2e:45,333,-17,234,103.91,73.02,78,24315,56683
[Recv] <<< 75:ac:a7:b3:2e:45,334,-17,235,103.77,73.01,70,24385,56753
[Recv] <<< 75:ac:a7:b3:2e:45,336,-18,236,103.94,73.01,146,24531,56899
[Recv] <<< 75:ac:a7:b3:2e:45,339,-18,237,104.43,73.01,218,24749,57117
[Recv] <<< 75:ac:a7:b3:2e:45,340,-18,238,104.30,73.01,75,24824,57192
[Recv] <<< 75:ac:a7:b3:2e:45,341,-17,239,104.18,73.02,75,24899,57267
[Recv] <<< 75:ac:a7:b3:2e:45,342,-17,240,104.08,73.04,80,24979,57347
[Recv] <<< 75:ac:a7:b3:2e:45,343,-17,241,103.95,73.03,72,25051,57419
[Recv] <<< 75:ac:a7:b3:2e:45,344,-18,242,103.85,73.06,80,25131,57499
[Recv] <<< 75:ac:a7:b3:2e:45,346,-17,243,104.04,73.07,150,25281,57649
[Recv] <<< 75:ac:a7:b3:2e:45,348,-17,244,104.20,73.06,143,25424,57792
[Recv] <<< 75:ac:a7:b3:2e:45,352,-18,245,105.01,73.09,304,25728,58096
[Recv] <<< 75:ac:a7:b3:2e:45,353,-17,246,104.89,73.09,74,25802,58170
[Recv] <<< 75:ac:a7:b3:2e:45,354,-17,247,104.77,73.10,77,25879,58247
[Recv] <<< 75:ac:a7:b3:2e:45,355,-17,248,104.63,73.10,70,25949,58317
[Recv] <<< 75:ac:a7:b3:2e:45,356,-17,249,104.48,73.08,67,26016,58384
[Recv] <<< 75:ac:a7:b3:2e:45,357,-17,250,104.38,73.10,79,26095,58463
[Recv] <<< 75:ac:a7:b3:2e:45,364,-17,251,106.00,73.10,512,26607,58975
[Recv] <<< 75:ac:a7:b3:2e:45,365,-17,252,105.85,73.08,67,26674,59042
[Recv] <<< 75:ac:a7:b3:2e:45,367,-17,253,106.02,73.08,148,26822,59190
[Recv] <<< 75:ac:a7:b3:2e:45,368,-17,254,105.86,73.07,66,26888,59256
[Recv] <<< 75:ac:a7:b3:2e:45,369,-17,255,105.74,73.07,75,26963,59331
[Recv] <<< 75:ac:a7:b3:2e:45,370,-17,256,105.60,73.06,70,27033,59401
[Recv] <<< 75:ac:a7:b3:2e:45,371,-17,257,105.49,73.07,77,27110,59478
[Recv] <<< 75:ac:a7:b3:2e:45,372,-17,258,105.35,73.06,70,27180,59548
[Recv] <<< 75:ac:a7:b3:2e:45,374,-17,259,105.50,73.06,144,27324,59692
[Recv] <<< 75:ac:a7:b3:2e:45,376,-17,260,105.64,73.05,143,27467,59835
[Recv] <<< 75:ac:a7:b3:2e:45,377,-18,261,105.54,73.06,78,27545,59913
[Recv] <<< 75:ac:a7:b3:2e:45,381,-18,262,106.27,73.08,298,27843,60211
[Recv] <<< 75:ac:a7:b3:2e:45,382,-17,263,106.15,73.08,74,27917,60285
[Recv] <<< 75:ac:a7:b3:2e:45,383,-17,264,106.02,73.08,72,27989,60357
[Recv] <<< 75:ac:a7:b3:2e:45,384,-17,265,105.88,73.07,70,28059,60427
[Recv] <<< 75:ac:a7:b3:2e:45,385,-17,266,105.77,73.08,76,28135,60503
[Recv] <<< 75:ac:a7:b3:2e:45,386,-17,267,105.63,73.06,68,28203,60571
[Recv] <<< 75:ac:a7:b3:2e:45,387,-17,268,105.53,73.08,79,28282,60650
[Recv] <<< 75:ac:a7:b3:2e:45,388,-17,269,105.40,73.07,71,28353,60721
[Recv] <<< 75:ac:a7:b3:2e:45,389,-17,270,105.28,73.07,72,28425,60793
[Recv] <<< 75:ac:a7:b3:2e:45,391,-18,271,105.46,73.09,155,28580,60948
[Recv] <<< 75:ac:a7:b3:2e:45,394,-18,272,105.97,73.16,244,28824,61192
[Recv] <<< 75:ac:a7:b3:2e:45,395,-17,273,105.89,73.18,83,28907,61275
[Recv] <<< 75:ac:a7:b3:2e:45,396,-17,274,105.75,73.17,68,28975,61343
[Recv] <<< 75:ac:a7:b3:2e:45,397,-18,275,105.68,73.20,87,29062,61430
[Recv] <<< 75:ac:a7:b3:2e:45,398,-17,276,105.59,73.22,81,29143,61511
[Recv] <<< 75:ac:a7:b3:2e:45,400,-17,277,105.76,73.24,152,29295,61663
[Recv] <<< 75:ac:a7:b3:2e:45,402,-17,278,105.97,73.29,166,29461,61829
[Recv] <<< 75:ac:a7:b3:2e:45,403,-17,279,105.88,73.30,80,29541,61909
[Recv] <<< 75:ac:a7:b3:2e:45,404,-17,280,105.81,73.33,86,29627,61995
[Recv] <<< 75:ac:a7:b3:2e:45,405,-17,281,105.73,73.36,83,29710,62078
[Recv] <<< 75:ac:a7:b3:2e:45,406,-18,282,105.66,73.39,85,29795,62163
[Recv] <<< 75:ac:a7:b3:2e:45,407,-17,283,105.58,73.41,83,29878,62246
[Recv] <<< 75:ac:a7:b3:2e:45,408,-17,284,105.50,73.44,85,29963,62331
[Recv] <<< 75:ac:a7:b3:2e:45,409,-18,285,105.41,73.45,78,30041,62409
[Recv] <<< 75:ac:a7:b3:2e:45,410,-17,286,105.32,73.47,81,30122,62490
[Recv] <<< 75:ac:a7:b3:2e:45,411,-18,287,105.23,73.48,79,30201,62569
[Recv] <<< 75:ac:a7:b3:2e:45,413,-17,288,105.44,73.53,166,30367,62735
[Recv] <<< 75:ac:a7:b3:2e:45,414,-18,289,105.36,73.55,82,30449,62817
[Recv] <<< 75:ac:a7:b3:2e:45,416,-17,290,105.54,73.57,158,30607,62975
[Recv] <<< 75:ac:a7:b3:2e:45,417,-18,291,105.45,73.59,80,30687,63055
[Recv] <<< 75:ac:a7:b3:2e:45,419,-17,292,105.65,73.63,162,30849,63217
[Recv] <<< 75:ac:a7:b3:2e:45,420,-18,293,105.57,73.65,82,30931,63299
[Recv] <<< 75:ac:a7:b3:2e:45,421,-17,294,105.50,73.67,85,31016,63384
[Recv] <<< 75:ac:a7:b3:2e:45,424,-17,295,106.02,73.76,259,31275,63643
[Recv] <<< 75:ac:a7:b3:2e:45,433,-18,296,108.16,73.94,739,32014,64382
[Recv] <<< 75:ac:a7:b3:2e:45,436,-17,297,108.62,73.99,246,32260,64628
[Recv] <<< 75:ac:a7:b3:2e:45,437,-17,298,108.52,74.00,78,32338,64706
[Recv] <<< 75:ac:a7:b3:2e:45,441,-17,299,109.25,74.07,327,32665,65033
[Recv] <<< 75:ac:a7:b3:2e:45,442,-18,300,109.15,74.08,80,32745,65113
[Recv] <<< 75:ac:a7:b3:2e:45,444,-17,301,109.34,74.12,165,32910,65278
[Recv] <<< 75:ac:a7:b3:2e:45,446,-17,302,109.50,74.14,158,33068,65436
[Recv] <<< 75:ac:a7:b3:2e:45,447,-17,303,109.41,74.16,83,33151,65519
[Recv] <<< 75:ac:a7:b3:2e:45,449,-17,304,109.59,74.20,164,33315,65683
[Recv] <<< 75:ac:a7:b3:2e:45,450,-17,305,109.48,74.20,77,33392,65760
[Recv] <<< 75:ac:a7:b3:2e:45,451,-18,306,109.37,74.21,76,33468,65836
[Recv] <<< 75:ac:a7:b3:2e:45,452,-17,307,109.28,74.23,82,33550,65918
[Recv] <<< 75:ac:a7:b3:2e:45,453,-17,308,109.19,74.24,79,33629,65997
[Recv] <<< 75:ac:a7:b3:2e:45,455,-17,309,109.37,74.27,166,33795,66163
[Recv] <<< 75:ac:a7:b3:2e:45,456,-17,310,109.28,74.29,81,33876,66244
[Recv] <<< 75:ac:a7:b3:2e:45,457,-18,311,109.20,74.31,85,33961,66329
[Recv] <<< 75:ac:a7:b3:2e:45,458,-17,312,109.11,74.33,80,34041,66409
[Recv] <<< 75:ac:a7:b3:2e:45,461,-17,313,109.55,74.38,248,34289,66657
[Recv] <<< 75:ac:a7:b3:2e:45,464,-17,314,109.96,74.41,239,34528,66896
[Recv] <<< 75:ac:a7:b3:2e:45,465,-17,315,109.88,74.44,85,34613,66981
[Recv] <<< 75:ac:a7:b3:2e:45,466,-17,316,109.81,74.47,88,34701,67069
[Recv] <<< 75:ac:a7:b3:2e:45,467,-17,317,109.72,74.48,81,34782,67150
[Recv] <<< 75:ac:a7:b3:2e:45,468,-18,318,109.63,74.49,80,34862,67230
[Recv] <<< 75:ac:a7:b3:2e:45,469,-17,319,109.52,74.49,76,34938,67306
[Recv] <<< 75:ac:a7:b3:2e:45,470,-17,320,109.46,74.52,88,35026,67394
[Recv] <<< 75:ac:a7:b3:2e:45,471,-17,321,109.33,74.51,70,35096,67464
[Recv] <<< 75:ac:a7:b3:2e:45,472,-18,322,109.25,74.53,82,35178,67546
[Recv] <<< 75:ac:a7:b3:2e:45,475,-17,323,109.63,74.55,232,35410,67778
[Recv] <<< 75:ac:a7:b3:2e:45,476,-18,324,109.56,74.58,88,35498,67866
[Recv] <<< 75:ac:a7:b3:2e:45,477,-17,325,109.48,74.60,84,35582,67950
[Recv] <<< 75:ac:a7:b3:2e:45,478,-17,326,109.38,74.60,75,35657,68025
[Recv] <<< 75:ac:a7:b3:2e:45,479,-18,327,109.29,74.61,80,35737,68105
[Recv] <<< 75:ac:a7:b3:2e:45,480,-17,328,109.22,74.63,86,35823,68191
[Recv] <<< 75:ac:a7:b3:2e:45,481,-17,329,109.14,74.65,85,35908,68276
[Recv] <<< 75:ac:a7:b3:2e:45,482,-17,330,109.03,74.65,72,35980,68348
[Recv] <<< 75:ac:a7:b3:2e:45,483,-17,331,108.97,74.68,90,36070,68438
[Recv] <<< 75:ac:a7:b3:2e:45,485,-18,332,109.13,74.70,160,36230,68598
[Recv] <<< 75:ac:a7:b3:2e:45,486,-17,333,109.03,74.70,76,36306,68674
[Recv] <<< 75:ac:a7:b3:2e:45,493,-18,334,110.38,74.78,562,36868,69236
[Recv] <<< 75:ac:a7:b3:2e:45,494,-17,335,110.29,74.79,78,36946,69314
[Recv] <<< 75:ac:a7:b3:2e:45,495,-17,336,110.21,74.81,84,37030,69398
[Recv] <<< 75:ac:a7:b3:2e:45,498,-17,337,110.58,74.83,235,37265,69633
[Recv] <<< 75:ac:a7:b3:2e:45,499,-17,338,110.49,74.84,80,37345,69713
[Recv] <<< 75:ac:a7:b3:2e:45,500,-18,339,110.40,74.85,80,37425,69793
[Recv] <<< 75:ac:a7:b3:2e:45,501,-18,340,110.29,74.85,74,37499,69867
[Recv] <<< 75:ac:a7:b3:2e:45,502,-17,341,110.19,74.85,75,37574,69942
[Recv] <<< 75:ac:a7:b3:2e:45,503,-17,342,110.10,74.86,79,37653,70021
[Recv] <<< 75:ac:a7:b3:2e:45,505,-17,343,110.21,74.86,149,37802,70170
[Recv] <<< 75:ac:a7:b3:2e:45,506,-18,344,110.10,74.85,73,37875,70243
[Recv] <<< 75:ac:a7:b3:2e:45,510,-17,345,110.69,74.88,313,38188,70556
[Recv] <<< 75:ac:a7:b3:2e:45,519,-17,346,112.36,74.91,690,38878,71246
[Recv] <<< 75:ac:a7:b3:2e:45,520,-17,347,112.27,74.92,81,38959,71327
[Recv] <<< 75:ac:a7:b3:2e:45,522,-18,348,112.37,74.91,146,39105,71473
[Recv] <<< 75:ac:a7:b3:2e:45,524,-17,349,112.49,74.92,155,39260,71628
[Recv] <<< 75:ac:a7:b3:2e:45,525,-17,350,112.41,74.94,82,39342,71710
[Recv] <<< 75:ac:a7:b3:2e:45,526,-18,351,112.30,74.94,75,39417,71785
[Recv] <<< 75:ac:a7:b3:2e:45,528,-18,352,112.37,74.91,138,39555,71923
[Recv] <<< 75:ac:a7:b3:2e:45,531,-17,353,112.69,74.91,223,39778,72146
[Recv] <<< 75:ac:a7:b3:2e:45,551,-17,354,116.60,74.91,1499,41277,73645
[Recv] <<< 75:ac:a7:b3:2e:45,556,-17,355,117.28,74.88,359,41636,74004
[Recv] <<< 75:ac:a7:b3:2e:45,566,-18,356,119.05,74.88,746,42382,74750
[Recv] <<< 75:ac:a7:b3:2e:45,567,-18,357,118.93,74.88,77,42459,74827
[Recv] <<< 75:ac:a7:b3:2e:45,572,-17,358,119.63,74.87,367,42826,75194
[Recv] <<< 75:ac:a7:b3:2e:45,580,-18,359,120.94,74.86,590,43416,75784
[Recv] <<< 75:ac:a7:b3:2e:45,581,-17,360,120.82,74.87,81,43497,75865
[Recv] <<< 75:ac:a7:b3:2e:45,588,-17,361,121.91,74.84,511,44008,76376
[Recv] <<< 75:ac:a7:b3:2e:45,603,-17,362,124.69,74.86,1131,45139,77507
[Recv] <<< 75:ac:a7:b3:2e:45,606,-17,363,124.93,74.84,212,45351,77719
[Recv] <<< 75:ac:a7:b3:2e:45,607,-17,364,124.78,74.83,69,45420,77788
[Recv] <<< 75:ac:a7:b3:2e:45,609,-18,365,124.87,74.84,157,45577,77945
[Recv] <<< 75:ac:a7:b3:2e:45,610,-18,366,124.71,74.82,66,45643,78011
[Recv] <<< 75:ac:a7:b3:2e:45,612,-17,367,124.77,74.82,147,45790,78158
[Recv] <<< 75:ac:a7:b3:2e:45,613,-17,368,124.63,74.82,74,45864,78232
[Recv] <<< 75:ac:a7:b3:2e:45,614,-17,369,124.49,74.81,72,45936,78304
[Recv] <<< 75:ac:a7:b3:2e:45,616,-18,370,124.58,74.83,158,46094,78462
[Recv] <<< 75:ac:a7:b3:2e:45,617,-18,371,124.42,74.82,67,46161,78529
[Recv] <<< 75:ac:a7:b3:2e:45,618,-18,372,124.29,74.82,75,46236,78604
[Recv] <<< 75:ac:a7:b3:2e:45,620,-17,373,124.35,74.81,148,46384,78752
[Recv] <<< 75:ac:a7:b3:2e:45,623,-17,374,124.61,74.81,221,46605,78973
[Recv] <<< 75:ac:a7:b3:2e:45,624,-17,375,124.47,74.80,73,46678,79046
[Recv] <<< 75:ac:a7:b3:2e:45,625,-17,376,124.32,74.79,68,46746,79114
[Recv] <<< 75:ac:a7:b3:2e:45,629,-17,377,124.80,74.80,303,47049,79417
[Recv] <<< 75:ac:a7:b3:2e:45,631,-17,378,124.85,74.79,146,47195,79563
[Recv] <<< 75:ac:a7:b3:2e:45,632,-17,379,124.72,74.79,74,47269,79637
[Recv] <<< 75:ac:a7:b3:2e:45,634,-17,380,124.77,74.79,145,47414,79782
[Recv] <<< 75:ac:a7:b3:2e:45,635,-17,381,124.61,74.76,61,47475,79843
[Recv] <<< 75:ac:a7:b3:2e:45,636,-17,382,124.48,74.77,76,47551,79919
[Recv] <<< 75:ac:a7:b3:2e:45,637,-17,383,124.36,74.77,78,47629,79997
[Recv] <<< 75:ac:a7:b3:2e:45,638,-17,384,124.22,74.76,71,47700,80068
[Recv] <<< 75:ac:a7:b3:2e:45,639,-18,385,124.12,74.78,86,47786,80154
[Recv] <<< 75:ac:a7:b3:2e:45,640,-18,386,123.97,74.77,65,47851,80219
[Recv] <<< 75:ac:a7:b3:2e:45,641,-18,387,123.82,74.76,69,47920,80288
[Recv] <<< 75:ac:a7:b3:2e:45,642,-18,388,123.69,74.75,72,47992,80360
[Recv] <<< 75:ac:a7:b3:2e:45,643,-17,389,123.56,74.75,74,48066,80434
[Recv] <<< 75:ac:a7:b3:2e:45,644,-17,390,123.44,74.75,75,48141,80509
[Recv] <<< 75:ac:a7:b3:2e:45,645,-17,391,123.32,74.76,77,48218,80586
[Recv] <<< 75:ac:a7:b3:2e:45,646,-17,392,123.18,74.75,69,48287,80655
[Recv] <<< 75:ac:a7:b3:2e:45,647,-17,393,123.07,74.76,81,48368,80736
[Recv] <<< 75:ac:a7:b3:2e:45,648,-17,394,122.92,74.74,63,48431,80799
[Recv] <<< 75:ac:a7:b3:2e:45,649,-17,395,122.82,74.75,82,48513,80881
[Recv] <<< 75:ac:a7:b3:2e:45,650,-18,396,122.67,74.74,66,48579,80947
[Recv] <<< 75:ac:a7:b3:2e:45,651,-18,397,122.54,74.73,71,48650,81018
[Recv] <<< 75:ac:a7:b3:2e:45,652,-17,398,122.43,74.74,78,48728,81096
[Recv] <<< 75:ac:a7:b3:2e:45,653,-17,399,122.30,74.73,69,48797,81165
[Recv] <<< 75:ac:a7:b3:2e:45,654,-17,400,122.18,74.73,74,48871,81239
[Recv] <<< 75:ac:a7:b3:2e:45,656,-17,401,122.24,74.73,149,49020,81388
[Recv] <<< 75:ac:a7:b3:2e:45,657,-17,402,122.12,74.72,73,49093,81461
[Recv] <<< 75:ac:a7:b3:2e:45,658,-17,403,122.00,74.72,74,49167,81535
[Recv] <<< 75:ac:a7:b3:2e:45,660,-18,404,122.07,74.72,148,49315,81683
[Recv] <<< 75:ac:a7:b3:2e:45,661,-18,405,121.95,74.72,74,49389,81757
[Recv] <<< 75:ac:a7:b3:2e:45,663,-18,406,122.00,74.71,143,49532,81900
[Recv] <<< 75:ac:a7:b3:2e:45,667,-17,407,122.43,74.70,296,49828,82196
[Recv] <<< 75:ac:a7:b3:2e:45,668,-17,408,122.30,74.70,70,49898,82266
[Recv] <<< 75:ac:a7:b3:2e:45,669,-18,409,122.19,74.70,78,49976,82344
[Recv] <<< 75:ac:a7:b3:2e:45,670,-18,410,122.06,74.69,68,50044,82412
[Recv] <<< 75:ac:a7:b3:2e:45,702,-17,411,127.52,74.66,2365,52409,84777
[Recv] <<< 75:ac:a7:b3:2e:45,714,-17,412,129.32,74.62,871,53280,85648
[Recv] <<< 75:ac:a7:b3:2e:45,715,-17,413,129.18,74.62,72,53352,85720
[Recv] <<< 75:ac:a7:b3:2e:45,716,-18,414,129.04,74.61,71,53423,85791
[Recv] <<< 75:ac:a7:b3:2e:45,725,-17,415,130.34,74.61,667,54090,86458
[Recv] <<< 75:ac:a7:b3:2e:45,726,-17,416,130.20,74.60,73,54163,86531
[Recv] <<< 75:ac:a7:b3:2e:45,731,-17,417,130.74,74.58,357,54520,86888
[Recv] <<< 75:ac:a7:b3:2e:45,736,-17,418,131.32,74.58,373,54893,87261
[Recv] <<< 75:ac:a7:b3:2e:45,737,-17,419,131.17,74.57,67,54960,87328
[Recv] <<< 75:ac:a7:b3:2e:45,739,-18,420,131.21,74.57,148,55108,87476
[Recv] <<< 75:ac:a7:b3:2e:45,740,-18,421,131.05,74.56,63,55171,87539
[Recv] <<< 75:ac:a7:b3:2e:45,744,-18,422,131.44,74.55,296,55467,87835
[Recv] <<< 75:ac:a7:b3:2e:45,746,-18,423,131.48,74.55,149,55616,87984
[Recv] <<< 75:ac:a7:b3:2e:45,747,-17,424,131.35,74.55,76,55692,88060
[Recv] <<< 75:ac:a7:b3:2e:45,748,-17,425,131.21,74.55,74,55766,88134
[Recv] <<< 75:ac:a7:b3:2e:45,750,-17,426,131.25,74.55,146,55912,88280
[Recv] <<< 75:ac:a7:b3:2e:45,751,-17,427,131.12,74.55,76,55988,88356
[Recv] <<< 75:ac:a7:b3:2e:45,769,-18,428,133.86,74.50,1305,57293,89661
[Recv] <<< 75:ac:a7:b3:2e:45,781,-17,429,135.56,74.46,863,58156,90524
[Recv] <<< 75:ac:a7:b3:2e:45,782,-17,430,135.42,74.46,75,58231,90599
[Recv] <<< 75:ac:a7:b3:2e:45,783,-17,431,135.27,74.46,70,58301,90669
[Recv] <<< 75:ac:a7:b3:2e:45,785,-17,432,135.28,74.45,141,58442,90810
[Recv] <<< 75:ac:a7:b3:2e:45,786,-17,433,135.13,74.44,71,58513,90881
[Recv] <<< 75:ac:a7:b3:2e:45,788,-17,434,135.15,74.44,142,58655,91023
[Recv] <<< 75:ac:a7:b3:2e:45,789,-18,435,135.01,74.44,76,58731,91099
[Recv] <<< 75:ac:a7:b3:2e:45,794,-17,436,135.55,74.43,367,59098,91466
[Recv] <<< 75:ac:a7:b3:2e:45,795,-17,437,135.40,74.43,71,59169,91537
[Recv] <<< 75:ac:a7:b3:2e:45,796,-17,438,135.25,74.42,69,59238,91606
[Recv] <<< 75:ac:a7:b3:2e:45,798,-17,439,135.26,74.41,139,59377,91745
[Recv] <<< 75:ac:a7:b3:2e:45,801,-18,440,135.44,74.40,216,59593,91961
[Recv] <<< 75:ac:a7:b3:2e:45,802,-18,441,135.29,74.40,72,59665,92033
[Recv] <<< 75:ac:a7:b3:2e:45,804,-17,442,135.32,74.39,148,59813,92181
[Recv] <<< 75:ac:a7:b3:2e:45,805,-17,443,135.18,74.39,73,59886,92254
[Recv] <<< 75:ac:a7:b3:2e:45,806,-17,444,135.02,74.38,64,59950,92318
[Recv] <<< 75:ac:a7:b3:2e:45,808,-17,445,135.05,74.38,149,60099,92467
[Recv] <<< 75:ac:a7:b3:2e:45,809,-18,446,134.92,74.38,74,60173,92541
[Recv] <<< 75:ac:a7:b3:2e:45,811,-18,447,134.94,74.37,145,60318,92686
[Recv] <<< 75:ac:a7:b3:2e:45,812,-18,448,134.81,74.38,79,60397,92765
[Recv] <<< 75:ac:a7:b3:2e:45,813,-18,449,134.66,74.37,67,60464,92832
[Recv] <<< 75:ac:a7:b3:2e:45,815,-17,450,134.69,74.37,146,60610,92978
[Recv] <<< 75:ac:a7:b3:2e:45,816,-17,451,134.56,74.37,77,60687,93055
[Recv] <<< 75:ac:a7:b3:2e:45,817,-17,452,134.43,74.37,75,60762,93130
[Recv] <<< 75:ac:a7:b3:2e:45,825,-17,453,135.43,74.36,588,61350,93718
[Recv] <<< 75:ac:a7:b3:2e:45,826,-17,454,135.31,74.37,81,61431,93799
[Recv] <<< 75:ac:a7:b3:2e:45,831,-17,455,135.80,74.35,357,61788,94156
[Recv] <<< 75:ac:a7:b3:2e:45,832,-17,456,135.66,74.35,72,61860,94228
[Recv] <<< 75:ac:a7:b3:2e:45,833,-17,457,135.54,74.36,81,61941,94309
[Recv] <<< 75:ac:a7:b3:2e:45,835,-18,458,135.56,74.36,146,62087,94455
[Recv] <<< 75:ac:a7:b3:2e:45,836,-17,459,135.41,74.34,65,62152,94520
[Recv] <<< 75:ac:a7:b3:2e:45,837,-18,460,135.28,74.35,78,62230,94598
[Recv] <<< 75:ac:a7:b3:2e:45,838,-18,461,135.13,74.34,66,62296,94664
[Recv] <<< 75:ac:a7:b3:2e:45,839,-18,462,135.00,74.34,76,62372,94740
[Recv] <<< 75:ac:a7:b3:2e:45,840,-17,463,134.89,74.35,80,62452,94820
[Recv] <<< 75:ac:a7:b3:2e:45,841,-17,464,134.75,74.35,73,62525,94893
[Recv] <<< 75:ac:a7:b3:2e:45,842,-17,465,134.63,74.35,76,62601,94969
[Recv] <<< 75:ac:a7:b3:2e:45,843,-17,466,134.49,74.34,71,62672,95040
[Recv] <<< 75:ac:a7:b3:2e:45,844,-17,467,134.35,74.34,71,62743,95111
[Recv] <<< 75:ac:a7:b3:2e:45,845,-17,468,134.22,74.34,72,62815,95183
[Recv] <<< 75:ac:a7:b3:2e:45,847,-17,469,134.23,74.32,137,62952,95320
[Recv] <<< 75:ac:a7:b3:2e:45,848,-17,470,134.10,74.32,75,63027,95395
[Recv] <<< 75:ac:a7:b3:2e:45,849,-18,471,133.98,74.33,77,63104,95472
[Recv] <<< 75:ac:a7:b3:2e:45,850,-18,472,133.86,74.33,79,63183,95551
[Recv] <<< 75:ac:a7:b3:2e:45,851,-18,473,133.72,74.32,67,63250,95618
[Recv] <<< 75:ac:a7:b3:2e:45,852,-18,474,133.60,74.33,78,63328,95696
[Recv] <<< 75:ac:a7:b3:2e:45,853,-18,475,133.48,74.33,73,63401,95769
[Recv] <<< 75:ac:a7:b3:2e:45,854,-18,476,133.33,74.31,64,63465,95833
[Recv] <<< 75:ac:a7:b3:2e:45,855,-17,477,133.21,74.32,76,63541,95909
[Recv] <<< 75:ac:a7:b3:2e:45,856,-17,478,133.09,74.32,74,63615,95983
[Recv] <<< 75:ac:a7:b3:2e:45,857,-17,479,132.96,74.32,74,63689,96057
[Recv] <<< 75:ac:a7:b3:2e:45,859,-17,480,132.97,74.30,135,63824,96192
[Recv] <<< 75:ac:a7:b3:2e:45,863,-17,481,133.30,74.29,291,64115,96483
[Recv] <<< 75:ac:a7:b3:2e:45,864,-17,482,133.18,74.30,76,64191,96559
[Recv] <<< 75:ac:a7:b3:2e:45,866,-17,483,133.20,74.29,144,64335,96703
[Recv] <<< 75:ac:a7:b3:2e:45,869,-17,484,133.37,74.28,217,64552,96920
[Recv] <<< 75:ac:a7:b3:2e:45,871,-17,485,133.38,74.27,138,64690,97058
[Recv] <<< 75:ac:a7:b3:2e:45,872,-17,486,133.25,74.27,71,64761,97129
[Recv] <<< 75:ac:a7:b3:2e:45,878,-17,487,133.88,74.26,438,65199,97567
[Recv] <<< 75:ac:a7:b3:2e:45,879,-17,488,133.74,74.25,65,65264,97632
[Recv] <<< 75:ac:a7:b3:2e:45,884,-18,489,134.22,74.25,372,65636,98004
[Recv] <<< 75:ac:a7:b3:2e:45,885,-18,490,134.10,74.25,74,65710,98078
[Recv] <<< 75:ac:a7:b3:2e:45,886,-18,491,133.97,74.24,68,65778,98146
[Recv] <<< 75:ac:a7:b3:2e:45,887,-17,492,133.85,74.24,76,65854,98222
[Recv] <<< 75:ac:a7:b3:2e:45,889,-17,493,133.89,74.25,155,66009,98377
[Recv] <<< 75:ac:a7:b3:2e:45,890,-17,494,133.78,74.25,77,66086,98454
[Recv] <<< 75:ac:a7:b3:2e:45,891,-18,495,133.66,74.25,74,66160,98528
[Recv] <<< 75:ac:a7:b3:2e:45,892,-18,496,133.53,74.25,73,66233,98601
[Recv] <<< 75:ac:a7:b3:2e:45,893,-17,497,133.42,74.26,79,66312,98680
[Recv] <<< 75:ac:a7:b3:2e:45,896,-17,498,133.60,74.25,220,66532,98900
[Recv] <<< 75:ac:a7:b3:2e:45,897,-17,499,133.48,74.26,76,66608,98976
[Recv] <<< 75:ac:a7:b3:2e:45,898,-17,500,133.34,74.24,64,66672,99040
[Recv] <<< 75:ac:a7:b3:2e:45,900,-17,501,133.37,74.24,144,66816,99184
[Recv] <<< 75:ac:a7:b3:2e:45,901,-17,502,133.26,74.25,80,66896,99264
[Recv] <<< 75:ac:a7:b3:2e:45,903,-18,503,133.28,74.24,145,67041,99409
[Recv] <<< 75:ac:a7:b3:2e:45,904,-18,504,133.16,74.24,71,67112,99480
[Recv] <<< 75:ac:a7:b3:2e:45,905,-18,505,133.04,74.24,72,67184,99552
[Recv] <<< 75:ac:a7:b3:2e:45,908,-17,506,133.22,74.24,226,67410,99778
[Recv] <<< 75:ac:a7:b3:2e:45,913,-17,507,133.69,74.24,373,67783,100151
[Recv] <<< 75:ac:a7:b3:2e:45,914,-17,508,133.56,74.23,67,67850,100218
[Recv] <<< 75:ac:a7:b3:2e:45,917,-17,509,133.72,74.22,214,68064,100432
[Recv] <<< 75:ac:a7:b3:2e:45,918,-17,510,133.60,74.22,73,68137,100505
[Recv] <<< 75:ac:a7:b3:2e:45,919,-18,511,133.49,74.23,77,68214,100582
[Recv] <<< 75:ac:a7:b3:2e:45,920,-17,512,133.37,74.22,70,68284,100652
[Recv] <<< 75:ac:a7:b3:2e:45,922,-18,513,133.39,74.22,147,68431,100799
[Recv] <<< 75:ac:a7:b3:2e:45,923,-18,514,133.27,74.22,72,68503,100871
[Recv] <<< 75:ac:a7:b3:2e:45,924,-17,515,133.17,74.23,81,68584,100952
[Recv] <<< 75:ac:a7:b3:2e:45,931,-18,516,133.90,74.21,507,69091,101459
[Recv] <<< 75:ac:a7:b3:2e:45,933,-18,517,133.92,74.21,146,69237,101605
[Recv] <<< 75:ac:a7:b3:2e:45,934,-18,518,133.78,74.20,63,69300,101668
[Recv] <<< 75:ac:a7:b3:2e:45,935,-18,519,133.67,74.20,74,69374,101742
[Recv] <<< 75:ac:a7:b3:2e:45,940,-18,520,134.12,74.19,366,69740,102108
[Recv] <<< 75:ac:a7:b3:2e:45,941,-18,521,133.99,74.19,70,69810,102178
[Recv] <<< 75:ac:a7:b3:2e:45,942,-17,522,133.89,74.19,79,69889,102257
[Recv] <<< 75:ac:a7:b3:2e:45,959,-18,523,136.05,74.20,1266,71155,103523
[Recv] <<< 75:ac:a7:b3:2e:45,963,-18,524,136.35,74.19,292,71447,103815
[Recv] <<< 75:ac:a7:b3:2e:45,965,-17,525,136.42,74.22,173,71620,103988
[Recv] <<< 75:ac:a7:b3:2e:45,966,-18,526,136.30,74.22,73,71693,104061
[Recv] <<< 75:ac:a7:b3:2e:45,967,-18,527,136.19,74.22,81,71774,104142
[Recv] <<< 75:ac:a7:b3:2e:45,977,-17,528,137.46,74.29,804,72578,104946
[Recv] <<< 75:ac:a7:b3:2e:45,980,-17,529,137.67,74.31,247,72825,105193
[Recv] <<< 75:ac:a7:b3:2e:45,983,-17,530,137.85,74.32,235,73060,105428
[Recv] <<< 75:ac:a7:b3:2e:45,984,-18,531,137.76,74.34,88,73148,105516
[Recv] <<< 75:ac:a7:b3:2e:45,986,-17,532,137.81,74.36,169,73317,105685
[Recv] <<< 75:ac:a7:b3:2e:45,987,-18,533,137.70,74.36,77,73394,105762
[Recv] <<< 75:ac:a7:b3:2e:45,988,-17,534,137.60,74.37,87,73481,105849
[Recv] <<< 75:ac:a7:b3:2e:45,989,-17,535,137.50,74.38,81,73562,105930
[Recv] <<< 75:ac:a7:b3:2e:45,990,-18,536,137.39,74.38,78,73640,106008
[Recv] <<< 75:ac:a7:b3:2e:45,991,-18,537,137.28,74.39,82,73722,106090
[Recv] <<< 75:ac:a7:b3:2e:45,1003,-17,538,138.86,74.48,983,74705,107073
[Recv] <<< 75:ac:a7:b3:2e:45,1004,-17,539,138.75,74.49,82,74787,107155
[Recv] <<< 75:ac:a7:b3:2e:45,1005,-17,540,138.65,74.50,85,74872,107240
[Recv] <<< 75:ac:a7:b3:2e:45,1009,-18,541,139.00,74.53,325,75197,107565
[Recv] <<< 75:ac:a7:b3:2e:45,1012,-17,542,139.18,74.54,241,75438,107806
[Recv] <<< 75:ac:a7:b3:2e:45,1017,-17,543,139.68,74.58,407,75845,108213
[Recv] <<< 75:ac:a7:b3:2e:45,1020,-18,544,139.88,74.60,252,76097,108465
[Recv] <<< 75:ac:a7:b3:2e:45,1023,-17,545,140.07,74.62,242,76339,108707
[Recv] <<< 75:ac:a7:b3:2e:45,1025,-18,546,140.12,74.64,165,76504,108872
[Recv] <<< 75:ac:a7:b3:2e:45,1030,-17,547,140.59,74.66,396,76900,109268
[Recv] <<< 75:ac:a7:b3:2e:45,1038,-18,548,141.51,74.71,650,77550,109918
[Recv] <<< 75:ac:a7:b3:2e:45,1042,-17,549,141.85,74.74,328,77878,110246
[Recv] <<< 75:ac:a7:b3:2e:45,1043,-17,550,141.75,74.75,83,77961,110329
[Recv] <<< 75:ac:a7:b3:2e:45,1047,-17,551,142.09,74.78,330,78291,110659
[Recv] <<< 75:ac:a7:b3:2e:45,1052,-18,552,142.57,74.81,410,78701,111069
[Recv] <<< 75:ac:a7:b3:2e:45,1053,-17,553,142.46,74.82,80,78781,111149
[Recv] <<< 75:ac:a7:b3:2e:45,1054,-17,554,142.35,74.82,80,78861,111229
[Recv] <<< 75:ac:a7:b3:2e:45,1055,-18,555,142.23,74.82,79,78940,111308
[Recv] <<< 75:ac:a7:b3:2e:45,1059,-18,556,142.55,74.84,317,79257,111625
[Recv] <<< 75:ac:a7:b3:2e:45,1065,-17,557,143.17,74.88,489,79746,112114
[Recv] <<< 75:ac:a7:b3:2e:45,1066,-17,558,143.06,74.88,80,79826,112194
[Recv] <<< 75:ac:a7:b3:2e:45,1072,-18,559,143.60,74.88,447,80273,112641
[Recv] <<< 75:ac:a7:b3:2e:45,1075,-17,560,143.75,74.89,229,80502,112870
[Recv] <<< 75:ac:a7:b3:2e:45,1076,-18,561,143.63,74.89,77,80579,112947
[Recv] <<< 75:ac:a7:b3:2e:45,1077,-18,562,143.51,74.89,74,80653,113021
[Recv] <<< 75:ac:a7:b3:2e:45,1078,-17,563,143.40,74.89,82,80735,113103
[Recv] <<< 75:ac:a7:b3:2e:45,1079,-17,564,143.30,74.90,85,80820,113188
[Recv] <<< 75:ac:a7:b3:2e:45,1080,-17,565,143.18,74.91,78,80898,113266
[Recv] <<< 75:ac:a7:b3:2e:45,1081,-17,566,143.05,74.90,66,80964,113332
[Recv] <<< 75:ac:a7:b3:2e:45,1082,-17,567,142.93,74.90,80,81044,113412
[Recv] <<< 75:ac:a7:b3:2e:45,1083,-18,568,142.82,74.91,79,81123,113491
[Recv] <<< 75:ac:a7:b3:2e:45,1084,-18,569,142.70,74.90,74,81197,113565
[Recv] <<< 75:ac:a7:b3:2e:45,1087,-17,570,142.85,74.91,229,81426,113794
[Recv] <<< 75:ac:a7:b3:2e:45,1089,-18,571,142.88,74.92,158,81584,113952
[Recv] <<< 75:ac:a7:b3:2e:45,1091,-17,572,142.88,74.91,144,81728,114096
[Recv] <<< 75:ac:a7:b3:2e:45,1093,-17,573,142.90,74.91,153,81881,114249
[Recv] <<< 75:ac:a7:b3:2e:45,1094,-18,574,142.79,74.92,83,81964,114332
[Recv] <<< 75:ac:a7:b3:2e:45,1095,-18,575,142.67,74.92,69,82033,114401
[Recv] <<< 75:ac:a7:b3:2e:45,1096,-18,576,142.55,74.92,76,82109,114477
[Recv] <<< 75:ac:a7:b3:2e:45,1097,-17,577,142.43,74.91,71,82180,114548
[Recv] <<< 75:ac:a7:b3:2e:45,1099,-17,578,142.46,74.92,159,82339,114707
[Recv] <<< 75:ac:a7:b3:2e:45,1100,-18,579,142.34,74.92,74,82413,114781
[Recv] <<< 75:ac:a7:b3:2e:45,1102,-17,580,142.35,74.92,152,82565,114933
[Recv] <<< 75:ac:a7:b3:2e:45,1103,-17,581,142.24,74.92,76,82641,115009
[Recv] <<< 75:ac:a7:b3:2e:45,1104,-17,582,142.12,74.92,73,82714,115082
[Recv] <<< 75:ac:a7:b3:2e:45,1105,-17,583,142.01,74.92,78,82792,115160
[Recv] <<< 75:ac:a7:b3:2e:45,1106,-17,584,141.88,74.92,68,82860,115228
[Recv] <<< 75:ac:a7:b3:2e:45,1107,-18,585,141.77,74.92,77,82937,115305
[Recv] <<< 75:ac:a7:b3:2e:45,1108,-17,586,141.66,74.92,73,83010,115378
[Recv] <<< 75:ac:a7:b3:2e:45,1109,-17,587,141.54,74.92,74,83084,115452
[Recv] <<< 75:ac:a7:b3:2e:45,1110,-18,588,141.44,74.92,82,83166,115534
[Recv] <<< 75:ac:a7:b3:2e:45,1111,-17,589,141.33,74.93,78,83244,115612
[Recv] <<< 75:ac:a7:b3:2e:45,1112,-17,590,141.23,74.93,81,83325,115693
[Recv] <<< 75:ac:a7:b3:2e:45,1113,-18,591,141.12,74.94,79,83404,115772
[Recv] <<< 75:ac:a7:b3:2e:45,1117,-17,592,141.39,74.93,298,83702,116070
[Recv] <<< 75:ac:a7:b3:2e:45,1118,-18,593,141.28,74.94,79,83781,116149
[Recv] <<< 75:ac:a7:b3:2e:45,1119,-18,594,141.16,74.93,71,83852,116220
[Recv] <<< 75:ac:a7:b3:2e:45,1121,-17,595,141.18,74.93,149,84001,116369
[Recv] <<< 75:ac:a7:b3:2e:45,1127,-17,596,141.69,74.93,445,84446,116814
[Recv] <<< 75:ac:a7:b3:2e:45,1128,-17,597,141.57,74.93,73,84519,116887
[Recv] <<< 75:ac:a7:b3:2e:45,1129,-17,598,141.46,74.93,74,84593,116961
[Recv] <<< 75:ac:a7:b3:2e:45,1131,-18,599,141.48,74.93,151,84744,117112
[Recv] <<< 75:ac:a7:b3:2e:45,1135,-17,600,141.73,74.92,293,85037,117405
[Recv] <<< 75:ac:a7:b3:2e:45,1137,-18,601,141.75,74.93,154,85191,117559
[Recv] <<< 75:ac:a7:b3:2e:45,1151,-17,602,143.21,74.90,1022,86213,118581
[Recv] <<< 75:ac:a7:b3:2e:45,1152,-17,603,143.10,74.90,76,86289,118657
[Recv] <<< 75:ac:a7:b3:2e:45,1153,-17,604,142.99,74.90,76,86365,118733
[Recv] <<< 75:ac:a7:b3:2e:45,1154,-17,605,142.87,74.90,72,86437,118805
[Recv] <<< 75:ac:a7:b3:2e:45,1158,-18,606,143.13,74.90,300,86737,119105
[Recv] <<< 75:ac:a7:b3:2e:45,1162,-18,607,143.37,74.89,286,87023,119391
[Recv] <<< 75:ac:a7:b3:2e:45,1166,-18,608,143.60,74.88,285,87308,119676
[Recv] <<< 75:ac:a7:b3:2e:45,1167,-18,609,143.47,74.87,66,87374,119742
[Recv] <<< 75:ac:a7:b3:2e:45,1168,-17,610,143.35,74.87,72,87446,119814
[Recv] <<< 75:ac:a7:b3:2e:45,1169,-17,611,143.24,74.86,71,87517,119885
[Recv] <<< 75:ac:a7:b3:2e:45,1173,-17,612,143.50,74.87,305,87822,120190
[Recv] <<< 75:ac:a7:b3:2e:45,1175,-17,613,143.50,74.86,141,87963,120331
[Recv] <<< 75:ac:a7:b3:2e:45,1177,-17,614,143.49,74.85,141,88104,120472
[Recv] <<< 75:ac:a7:b3:2e:45,1179,-17,615,143.49,74.85,145,88249,120617
[Recv] <<< 75:ac:a7:b3:2e:45,1180,-17,616,143.39,74.85,78,88327,120695
[Recv] <<< 75:ac:a7:b3:2e:45,1184,-18,617,143.62,74.84,287,88614,120982
[Recv] <<< 75:ac:a7:b3:2e:45,1187,-17,618,143.74,74.83,215,88829,121197
[Recv] <<< 75:ac:a7:b3:2e:45,1189,-17,619,143.75,74.84,152,88981,121349
[Recv] <<< 75:ac:a7:b3:2e:45,1190,-17,620,143.64,74.84,74,89055,121423
[Recv] <<< 75:ac:a7:b3:2e:45,1195,-18,621,144.00,74.83,366,89421,121789
[Recv] <<< 75:ac:a7:b3:2e:45,1198,-17,622,144.11,74.82,216,89637,122005
[Recv] <<< 75:ac:a7:b3:2e:45,1199,-18,623,143.99,74.82,70,89707,122075
[Recv] <<< 75:ac:a7:b3:2e:45,1200,-18,624,143.87,74.81,70,89777,122145
[Recv] <<< 75:ac:a7:b3:2e:45,1201,-18,625,143.76,74.81,72,89849,122217
[Recv] <<< 75:ac:a7:b3:2e:45,1202,-18,626,143.64,74.81,72,89921,122289
[Recv] <<< 75:ac:a7:b3:2e:45,1203,-17,627,143.54,74.81,78,89999,122367
[Recv] <<< 75:ac:a7:b3:2e:45,1205,-17,628,143.54,74.80,141,90140,122508
[Recv] <<< 75:ac:a7:b3:2e:45,1206,-17,629,143.43,74.81,76,90216,122584
[Recv] <<< 75:ac:a7:b3:2e:45,1207,-17,630,143.31,74.80,71,90287,122655
[Recv] <<< 75:ac:a7:b3:2e:45,1208,-17,631,143.20,74.80,73,90360,122728
[Recv] <<< 75:ac:a7:b3:2e:45,1210,-17,632,143.20,74.79,141,90501,122869
[Recv] <<< 75:ac:a7:b3:2e:45,1212,-17,633,143.20,74.79,144,90645,123013
[Recv] <<< 75:ac:a7:b3:2e:45,1213,-18,634,143.10,74.79,81,90726,123094
[Recv] <<< 75:ac:a7:b3:2e:45,1214,-18,635,142.99,74.79,71,90797,123165
[Recv] <<< 75:ac:a7:b3:2e:45,1215,-17,636,142.89,74.79,78,90875,123243
[Recv] <<< 75:ac:a7:b3:2e:45,1225,-18,637,143.81,74.78,730,91605,123973
[Recv] <<< 75:ac:a7:b3:2e:45,1226,-18,638,143.69,74.77,68,91673,124041
[Recv] <<< 75:ac:a7:b3:2e:45,1227,-17,639,143.59,74.78,81,91754,124122
[Recv] <<< 75:ac:a7:b3:2e:45,1232,-18,640,143.94,74.77,368,92122,124490
[Recv] <<< 75:ac:a7:b3:2e:45,1234,-17,641,143.95,74.78,152,92274,124642
[Recv] <<< 75:ac:a7:b3:2e:45,1238,-17,642,144.19,74.77,297,92571,124939
[Recv] <<< 75:ac:a7:b3:2e:45,1239,-17,643,144.09,74.78,82,92653,125021
[Recv] <<< 75:ac:a7:b3:2e:45,1240,-17,644,143.98,74.78,73,92726,125094
[Recv] <<< 75:ac:a7:b3:2e:45,1241,-18,645,143.88,74.78,75,92801,125169
[Recv] <<< 75:ac:a7:b3:2e:45,1242,-18,646,143.75,74.77,64,92865,125233
[Recv] <<< 75:ac:a7:b3:2e:45,1248,-17,647,144.22,74.77,445,93310,125678
[Recv] <<< 75:ac:a7:b3:2e:45,1263,-17,648,145.66,74.73,1078,94388,126756
[Recv] <<< 75:ac:a7:b3:2e:45,1264,-17,649,145.54,74.73,66,94454,126822
[Recv] <<< 75:ac:a7:b3:2e:45,1265,-17,650,145.43,74.73,78,94532,126900
[Recv] <<< 75:ac:a7:b3:2e:45,1267,-17,651,145.43,74.72,143,94675,127043
[Recv] <<< 75:ac:a7:b3:2e:45,1268,-17,652,145.32,74.72,72,94747,127115
[Recv] <<< 75:ac:a7:b3:2e:45,1269,-17,653,145.20,74.72,69,94816,127184
[Recv] <<< 75:ac:a7:b3:2e:45,1270,-17,654,145.11,74.72,83,94899,127267
[Recv] <<< 75:ac:a7:b3:2e:45,1276,-18,655,145.56,74.72,442,95341,127709
[Recv] <<< 75:ac:a7:b3:2e:45,1277,-17,656,145.44,74.71,70,95411,127779
[Recv] <<< 75:ac:a7:b3:2e:45,1292,-17,657,146.86,74.68,1075,96486,128854
[Recv] <<< 75:ac:a7:b3:2e:45,1295,-18,658,147.00,74.69,238,96724,129092
[Recv] <<< 75:ac:a7:b3:2e:45,1297,-17,659,147.00,74.69,147,96871,129239
[Recv] <<< 75:ac:a7:b3:2e:45,1298,-17,660,146.91,74.70,87,96958,129326
[Recv] <<< 75:ac:a7:b3:2e:45,1299,-17,661,146.79,74.69,67,97025,129393
[Recv] <<< 75:ac:a7:b3:2e:45,1300,-17,662,146.67,74.69,68,97093,129461
[Recv] <<< 75:ac:a7:b3:2e:45,1302,-17,663,146.67,74.69,150,97243,129611
[Recv] <<< 75:ac:a7:b3:2e:45,1303,-17,664,146.55,74.68,63,97306,129674
[Recv] <<< 75:ac:a7:b3:2e:45,1304,-17,665,146.43,74.68,72,97378,129746
[Recv] <<< 75:ac:a7:b3:2e:45,1307,-18,666,146.55,74.68,224,97602,129970
[Recv] <<< 75:ac:a7:b3:2e:45,1308,-18,667,146.42,74.67,63,97665,130033
[Recv] <<< 75:ac:a7:b3:2e:45,1313,-17,668,146.76,74.67,373,98038,130406
[Recv] <<< 75:ac:a7:b3:2e:45,1316,-17,669,146.88,74.67,228,98266,130634
[Recv] <<< 75:ac:a7:b3:2e:45,1318,-17,670,146.88,74.67,143,98409,130777
[Recv] <<< 75:ac:a7:b3:2e:45,1319,-17,671,146.76,74.66,67,98476,130844
[Recv] <<< 75:ac:a7:b3:2e:45,1322,-17,672,146.87,74.66,220,98696,131064
[Recv] <<< 75:ac:a7:b3:2e:45,1325,-17,673,146.98,74.65,219,98915,131283
[Recv] <<< 75:ac:a7:b3:2e:45,1326,-18,674,146.87,74.65,75,98990,131358
[Recv] <<< 75:ac:a7:b3:2e:45,1329,-17,675,146.98,74.65,224,99214,131582
[Recv] <<< 75:ac:a7:b3:2e:45,1330,-18,676,146.88,74.66,80,99294,131662
[Recv] <<< 75:ac:a7:b3:2e:45,1331,-18,677,146.77,74.65,67,99361,131729
[Recv] <<< 75:ac:a7:b3:2e:45,1332,-17,678,146.66,74.65,76,99437,131805
[Recv] <<< 75:ac:a7:b3:2e:45,1333,-17,679,146.55,74.65,72,99509,131877
[Recv] <<< 75:ac:a7:b3:2e:45,1334,-17,680,146.44,74.65,68,99577,131945
[Recv] <<< 75:ac:a7:b3:2e:45,1335,-17,681,146.32,74.64,69,99646,132014
[Recv] <<< 75:ac:a7:b3:2e:45,1337,-17,682,146.32,74.64,146,99792,132160
[Recv] <<< 75:ac:a7:b3:2e:45,1338,-17,683,146.21,74.64,71,99863,132231
[Recv] <<< 75:ac:a7:b3:2e:45,1339,-17,684,146.10,74.63,71,99934,132302
[Recv] <<< 75:ac:a7:b3:2e:45,1340,-17,685,146.00,74.63,76,100010,132378
[Recv] <<< 75:ac:a7:b3:2e:45,1343,-18,686,146.10,74.63,216,100226,132594
[Recv] <<< 75:ac:a7:b3:2e:45,1344,-18,687,145.98,74.62,65,100291,132659
[Recv] <<< 75:ac:a7:b3:2e:45,1347,-17,688,146.10,74.62,224,100515,132883
[Recv] <<< 75:ac:a7:b3:2e:45,1350,-17,689,146.21,74.62,227,100742,133110
[Recv] <<< 75:ac:a7:b3:2e:45,1351,-17,690,146.10,74.62,64,100806,133174
[Recv] <<< 75:ac:a7:b3:2e:45,1352,-18,691,146.00,74.62,82,100888,133256
[Recv] <<< 75:ac:a7:b3:2e:45,1353,-18,692,145.89,74.62,69,100957,133325
[Recv] <<< 75:ac:a7:b3:2e:45,1356,-17,693,146.00,74.62,224,101181,133549
[Recv] <<< 75:ac:a7:b3:2e:45,1358,-17,694,146.01,74.62,149,101330,133698
[Recv] <<< 75:ac:a7:b3:2e:45,1359,-17,695,145.91,74.62,75,101405,133773
[Recv] <<< 75:ac:a7:b3:2e:45,1360,-17,696,145.81,74.62,79,101484,133852
[Recv] <<< 75:ac:a7:b3:2e:45,1361,-17,697,145.70,74.61,66,101550,133918
[Recv] <<< 75:ac:a7:b3:2e:45,1363,-18,698,145.70,74.61,146,101696,134064
[Recv] <<< 75:ac:a7:b3:2e:45,1364,-18,699,145.59,74.61,71,101767,134135
[Recv] <<< 75:ac:a7:b3:2e:45,1365,-18,700,145.48,74.61,71,101838,134206
[Recv] <<< 75:ac:a7:b3:2e:45,1366,-18,701,145.38,74.61,75,101913,134281
[Recv] <<< 75:ac:a7:b3:2e:45,1367,-17,702,145.28,74.61,73,101986,134354
[Recv] <<< 75:ac:a7:b3:2e:45,1368,-17,703,145.18,74.61,75,102061,134429
[Recv] <<< 75:ac:a7:b3:2e:45,1370,-17,704,145.18,74.60,144,102205,134573
[Recv] <<< 75:ac:a7:b3:2e:45,1371,-18,705,145.08,74.60,73,102278,134646
[Recv] <<< 75:ac:a7:b3:2e:45,1372,-18,706,144.98,74.60,79,102357,134725
[Recv] <<< 75:ac:a7:b3:2e:45,1374,-17,707,144.98,74.60,145,102502,134870
[Recv] <<< 75:ac:a7:b3:2e:45,1376,-17,708,144.98,74.60,144,102646,135014
[Recv] <<< 75:ac:a7:b3:2e:45,1377,-17,709,144.88,74.59,71,102717,135085
[Recv] <<< 75:ac:a7:b3:2e:45,1378,-17,710,144.78,74.60,76,102793,135161
[Recv] <<< 75:ac:a7:b3:2e:45,1380,-18,711,144.77,74.59,140,102933,135301
[Recv] <<< 75:ac:a7:b3:2e:45,1381,-18,712,144.68,74.59,82,103015,135383
[Recv] <<< 75:ac:a7:b3:2e:45,1382,-18,713,144.58,74.59,67,103082,135450
[Recv] <<< 75:ac:a7:b3:2e:45,1383,-18,714,144.46,74.58,66,103148,135516
[Recv] <<< 75:ac:a7:b3:2e:45,1385,-17,715,144.48,74.59,154,103302,135670
[Recv] <<< 75:ac:a7:b3:2e:45,1386,-17,716,144.37,74.58,68,103370,135738
[Recv] <<< 75:ac:a7:b3:2e:45,1387,-17,717,144.27,74.58,71,103441,135809
[Recv] <<< 75:ac:a7:b3:2e:45,1388,-17,718,144.17,74.58,73,103514,135882
[Recv] <<< 75:ac:a7:b3:2e:45,1389,-17,719,144.08,74.58,77,103591,135959
[Recv] <<< 75:ac:a7:b3:2e:45,1390,-18,720,143.97,74.57,68,103659,136027
[Recv] <<< 75:ac:a7:b3:2e:45,1392,-18,721,143.98,74.58,154,103813,136181
[Recv] <<< 75:ac:a7:b3:2e:45,1393,-18,722,143.88,74.58,70,103883,136251
[Recv] <<< 75:ac:a7:b3:2e:45,1394,-17,723,143.80,74.58,81,103964,136332
[Recv] <<< 75:ac:a7:b3:2e:45,1397,-17,724,143.90,74.57,217,104181,136549
[Recv] <<< 75:ac:a7:b3:2e:45,1398,-17,725,143.79,74.57,69,104250,136618
[Recv] <<< 75:ac:a7:b3:2e:45,1400,-18,726,143.80,74.57,152,104402,136770
[Recv] <<< 75:ac:a7:b3:2e:45,1401,-18,727,143.70,74.57,71,104473,136841
[Recv] <<< 75:ac:a7:b3:2e:45,1402,-18,728,143.60,74.56,67,104540,136908
[Recv] <<< 75:ac:a7:b3:2e:45,1403,-17,729,143.51,74.57,79,104619,136987
[Recv] <<< 75:ac:a7:b3:2e:45,1404,-18,730,143.40,74.56,63,104682,137050
[Recv] <<< 75:ac:a7:b3:2e:45,1405,-17,731,143.31,74.56,80,104762,137130
[Recv] <<< 75:ac:a7:b3:2e:45,1406,-17,732,143.21,74.56,68,104830,137198
[Recv] <<< 75:ac:a7:b3:2e:45,1407,-17,733,143.11,74.56,73,104903,137271
[Recv] <<< 75:ac:a7:b3:2e:45,1410,-17,734,143.21,74.55,215,105118,137486
[Recv] <<< 75:ac:a7:b3:2e:45,1411,-17,735,143.12,74.55,75,105193,137561
[Recv] <<< 75:ac:a7:b3:2e:45,1412,-17,736,143.02,74.55,72,105265,137633
[Recv] <<< 75:ac:a7:b3:2e:45,1413,-17,737,142.92,74.55,69,105334,137702
[Recv] <<< 75:ac:a7:b3:2e:45,1414,-18,738,142.84,74.55,79,105413,137781
[Recv] <<< 75:ac:a7:b3:2e:45,1416,-17,739,142.86,74.56,157,105570,137938
[Recv] <<< 75:ac:a7:b3:2e:45,1417,-17,740,142.77,74.56,79,105649,138017
[Recv] <<< 75:ac:a7:b3:2e:45,1420,-18,741,142.87,74.55,219,105868,138236
[Recv] <<< 75:ac:a7:b3:2e:45,1421,-17,742,142.77,74.55,71,105939,138307
[Recv] <<< 75:ac:a7:b3:2e:45,1422,-17,743,142.68,74.55,74,106013,138381
[Recv] <<< 75:ac:a7:b3:2e:45,1424,-17,744,142.70,74.56,155,106168,138536
[Recv] <<< 75:ac:a7:b3:2e:45,1425,-17,745,142.60,74.55,69,106237,138605
[Recv] <<< 75:ac:a7:b3:2e:45,1426,-17,746,142.51,74.55,78,106315,138683
[Recv] <<< 75:ac:a7:b3:2e:45,1427,-17,747,142.41,74.55,62,106377,138745
[Recv] <<< 75:ac:a7:b3:2e:45,1429,-18,748,142.42,74.55,155,106532,138900
[Recv] <<< 75:ac:a7:b3:2e:45,1430,-18,749,142.32,74.55,68,106600,138968
[Recv] <<< 75:ac:a7:b3:2e:45,1432,-18,750,142.32,74.54,143,106743,139111
[Recv] <<< 75:ac:a7:b3:2e:45,1433,-18,751,142.22,74.54,66,106809,139177
[Recv] <<< 75:ac:a7:b3:2e:45,1435,-17,752,142.25,74.54,162,106971,139339
[Recv] <<< 75:ac:a7:b3:2e:45,1436,-17,753,142.15,74.54,71,107042,139410
[Recv] <<< 75:ac:a7:b3:2e:45,1437,-17,754,142.06,74.54,69,107111,139479
[Recv] <<< 75:ac:a7:b3:2e:45,1438,-18,755,141.97,74.54,75,107186,139554
[Recv] <<< 75:ac:a7:b3:2e:45,1440,-18,756,141.97,74.54,147,107333,139701
[Recv] <<< 75:ac:a7:b3:2e:45,1443,-17,757,142.07,74.53,216,107549,139917
[Recv] <<< 75:ac:a7:b3:2e:45,1444,-17,758,141.97,74.53,68,107617,139985
[Recv] <<< 75:ac:a7:b3:2e:45,1447,-17,759,142.07,74.52,215,107832,140200
[Recv] <<< 75:ac:a7:b3:2e:45,1448,-17,760,141.97,74.52,68,107900,140268
[Recv] <<< 75:ac:a7:b3:2e:45,1449,-17,761,141.89,74.52,75,107975,140343
[Recv] <<< 75:ac:a7:b3:2e:45,1450,-17,762,141.79,74.52,72,108047,140415
[Recv] <<< 75:ac:a7:b3:2e:45,1451,-17,763,141.70,74.51,67,108114,140482
[Recv] <<< 75:ac:a7:b3:2e:45,1452,-17,764,141.61,74.51,77,108191,140559
[Recv] <<< 75:ac:a7:b3:2e:45,1453,-17,765,141.52,74.51,73,108264,140632
[Recv] <<< 75:ac:a7:b3:2e:45,1454,-18,766,141.44,74.51,76,108340,140708
[Recv] <<< 75:ac:a7:b3:2e:45,1455,-18,767,141.34,74.51,66,108406,140774
[Recv] <<< 75:ac:a7:b3:2e:45,1456,-17,768,141.26,74.51,79,108485,140853
[Recv] <<< 75:ac:a7:b3:2e:45,1458,-17,769,141.25,74.50,140,108625,140993
[Recv] <<< 75:ac:a7:b3:2e:45,1459,-17,770,141.17,74.50,76,108701,141069
[Recv] <<< 75:ac:a7:b3:2e:45,1460,-17,771,141.07,74.50,67,108768,141136
[Recv] <<< 75:ac:a7:b3:2e:45,1461,-17,772,140.99,74.50,73,108841,141209
[Recv] <<< 75:ac:a7:b3:2e:45,1462,-17,773,140.90,74.50,74,108915,141283
[Recv] <<< 75:ac:a7:b3:2e:45,1467,-18,774,141.18,74.49,361,109276,141644
[Recv] <<< 75:ac:a7:b3:2e:45,1471,-17,775,141.38,74.49,297,109573,141941
[Recv] <<< 75:ac:a7:b3:2e:45,1473,-17,776,141.39,74.48,143,109716,142084
[Recv] <<< 75:ac:a7:b3:2e:45,1476,-17,777,141.49,74.48,219,109935,142303
[Recv] <<< 75:ac:a7:b3:2e:45,1477,-17,778,141.41,74.48,79,110014,142382
[Recv] <<< 75:ac:a7:b3:2e:45,1478,-17,779,141.31,74.48,65,110079,142447
[Recv] <<< 75:ac:a7:b3:2e:45,1479,-17,780,141.22,74.48,72,110151,142519
[Recv] <<< 75:ac:a7:b3:2e:45,1480,-17,781,141.13,74.47,71,110222,142590
[Recv] <<< 75:ac:a7:b3:2e:45,1482,-17,782,141.13,74.47,143,110365,142733
[Recv] <<< 75:ac:a7:b3:2e:45,1484,-18,783,141.13,74.47,142,110507,142875
[Recv] <<< 75:ac:a7:b3:2e:45,1485,-18,784,141.05,74.47,74,110581,142949
[Recv] <<< 75:ac:a7:b3:2e:45,1488,-18,785,141.14,74.46,211,110792,143160
[Recv] <<< 75:ac:a7:b3:2e:45,1494,-17,786,141.53,74.46,447,111239,143607
[Recv] <<< 75:ac:a7:b3:2e:45,1495,-18,787,141.42,74.45,62,111301,143669
[Recv] <<< 75:ac:a7:b3:2e:45,1496,-17,788,141.35,74.45,80,111381,143749
[Recv] <<< 75:ac:a7:b3:2e:45,1497,-17,789,141.25,74.45,69,111450,143818
[Recv] <<< 75:ac:a7:b3:2e:45,1498,-17,790,141.17,74.45,75,111525,143893
[Recv] <<< 75:ac:a7:b3:2e:45,1499,-17,791,141.08,74.44,68,111593,143961
[Recv] <<< 75:ac:a7:b3:2e:45,1501,-17,792,141.08,74.44,140,111733,144101
[Recv] <<< 75:ac:a7:b3:2e:45,1502,-17,793,140.99,74.44,75,111808,144176
[Recv] <<< 75:ac:a7:b3:2e:45,1506,-18,794,141.19,74.44,296,112104,144472
[Recv] <<< 75:ac:a7:b3:2e:45,1507,-18,795,141.10,74.44,70,112174,144542
[Recv] <<< 75:ac:a7:b3:2e:45,1508,-18,796,141.02,74.44,80,112254,144622
[Recv] <<< 75:ac:a7:b3:2e:45,1509,-17,797,140.94,74.44,79,112333,144701
[Recv] <<< 75:ac:a7:b3:2e:45,1515,-18,798,141.30,74.43,425,112758,145126
[Recv] <<< 75:ac:a7:b3:2e:45,1516,-17,799,141.22,74.43,80,112838,145206
[Recv] <<< 75:ac:a7:b3:2e:45,1517,-17,800,141.15,74.43,79,112917,145285
[Recv] <<< 75:ac:a7:b3:2e:45,1518,-18,801,141.06,74.43,75,112992,145360
[Recv] <<< 75:ac:a7:b3:2e:45,1520,-18,802,141.08,74.44,154,113146,145514
[Recv] <<< 75:ac:a7:b3:2e:45,1521,-18,803,140.99,74.44,70,113216,145584
[Recv] <<< 75:ac:a7:b3:2e:45,1522,-18,804,140.91,74.43,72,113288,145656
[Recv] <<< 75:ac:a7:b3:2e:45,1524,-18,805,140.92,74.43,149,113437,145805
[Recv] <<< 75:ac:a7:b3:2e:45,1527,-17,806,141.02,74.44,229,113666,146034
[Recv] <<< 75:ac:a7:b3:2e:45,1528,-17,807,140.95,74.44,78,113744,146112
[Recv] <<< 75:ac:a7:b3:2e:45,1529,-18,808,140.87,74.44,79,113823,146191
[Recv] <<< 75:ac:a7:b3:2e:45,1530,-17,809,140.80,74.45,88,113911,146279
[Recv] <<< 75:ac:a7:b3:2e:45,1531,-17,810,140.73,74.46,81,113992,146360
[Recv] <<< 75:ac:a7:b3:2e:45,1532,-17,811,140.65,74.46,74,114066,146434
[Recv] <<< 75:ac:a7:b3:2e:45,1534,-18,812,140.67,74.46,156,114222,146590
[Recv] <<< 75:ac:a7:b3:2e:45,1536,-17,813,140.69,74.47,161,114383,146751
[Recv] <<< 75:ac:a7:b3:2e:45,1537,-18,814,140.62,74.47,81,114464,146832
[Recv] <<< 75:ac:a7:b3:2e:45,1541,-17,815,140.86,74.50,335,114799,147167
[Recv] <<< 75:ac:a7:b3:2e:45,1542,-17,816,140.78,74.50,79,114878,147246
[Recv] <<< 75:ac:a7:b3:2e:45,1545,-17,817,140.91,74.51,242,115120,147488
[Recv] <<< 75:ac:a7:b3:2e:45,1547,-18,818,140.94,74.53,172,115292,147660
[Recv] <<< 75:ac:a7:b3:2e:45,1548,-17,819,140.87,74.53,77,115369,147737
[Recv] <<< 75:ac:a7:b3:2e:45,1549,-17,820,140.79,74.53,76,115445,147813
[Recv] <<< 75:ac:a7:b3:2e:45,1550,-17,821,140.71,74.53,75,115520,147888
[Recv] <<< 75:ac:a7:b3:2e:45,1551,-18,822,140.63,74.53,77,115597,147965
[Recv] <<< 75:ac:a7:b3:2e:45,1554,-18,823,140.75,74.54,242,115839,148207
[Recv] <<< 75:ac:a7:b3:2e:45,1556,-17,824,140.78,74.55,164,116003,148371
[Recv] <<< 75:ac:a7:b3:2e:45,1558,-17,825,140.81,74.56,168,116171,148539
[Recv] <<< 75:ac:a7:b3:2e:45,1559,-18,826,140.74,74.57,79,116250,148618
[Recv] <<< 75:ac:a7:b3:2e:45,1560,-17,827,140.67,74.57,84,116334,148702
[Recv] <<< 75:ac:a7:b3:2e:45,1562,-18,828,140.69,74.58,158,116492,148860
[Recv] <<< 75:ac:a7:b3:2e:45,1563,-17,829,140.62,74.58,82,116574,148942
[Recv] <<< 75:ac:a7:b3:2e:45,1565,-17,830,140.65,74.59,164,116738,149106
[Recv] <<< 75:ac:a7:b3:2e:45,1566,-17,831,140.57,74.59,76,116814,149182
[Recv] <<< 75:ac:a7:b3:2e:45,1574,-17,832,141.19,74.63,656,117470,149838
[Recv] <<< 75:ac:a7:b3:2e:45,1576,-18,833,141.20,74.63,151,117621,149989
[Recv] <<< 75:ac:a7:b3:2e:45,1577,-17,834,141.13,74.64,84,117705,150073
[Recv] <<< 75:ac:a7:b3:2e:45,1578,-18,835,141.07,74.65,86,117791,150159
[Recv] <<< 75:ac:a7:b3:2e:45,1579,-17,836,140.99,74.65,78,117869,150237
[Recv] <<< 75:ac:a7:b3:2e:45,1580,-17,837,140.92,74.65,80,117949,150317
[Recv] <<< 75:ac:a7:b3:2e:45,1581,-17,838,140.85,74.66,81,118030,150398
[Recv] <<< 75:ac:a7:b3:2e:45,1582,-17,839,140.77,74.66,80,118110,150478
[Recv] <<< 75:ac:a7:b3:2e:45,1583,-18,840,140.70,74.66,82,118192,150560
[Recv] <<< 75:ac:a7:b3:2e:45,1585,-17,841,140.73,74.67,161,118353,150721
[Recv] <<< 75:ac:a7:b3:2e:45,1586,-18,842,140.66,74.68,83,118436,150804
[Recv] <<< 75:ac:a7:b3:2e:45,1587,-17,843,140.60,74.68,86,118522,150890
[Recv] <<< 75:ac:a7:b3:2e:45,1595,-17,844,141.19,74.71,646,119168,151536
[Recv] <<< 75:ac:a7:b3:2e:45,1596,-17,845,141.12,74.71,77,119245,151613
[Recv] <<< 75:ac:a7:b3:2e:45,1597,-18,846,141.05,74.72,82,119327,151695
[Recv] <<< 75:ac:a7:b3:2e:45,1598,-17,847,140.97,74.72,74,119401,151769
[Recv] <<< 75:ac:a7:b3:2e:45,1599,-18,848,140.91,74.73,90,119491,151859
[Recv] <<< 75:ac:a7:b3:2e:45,1600,-17,849,140.84,74.73,83,119574,151942
[Recv] <<< 75:ac:a7:b3:2e:45,1601,-17,850,140.78,74.74,87,119661,152029
[Recv] <<< 75:ac:a7:b3:2e:45,1602,-18,851,140.71,74.74,79,119740,152108
[Recv] <<< 75:ac:a7:b3:2e:45,1605,-18,852,140.83,74.76,244,119984,152352
[Recv] <<< 75:ac:a7:b3:2e:45,1612,-17,853,141.33,74.78,567,120551,152919
[Recv] <<< 75:ac:a7:b3:2e:45,1613,-18,854,141.26,74.79,83,120634,153002
[Recv] <<< 75:ac:a7:b3:2e:45,1616,-18,855,141.38,74.80,245,120879,153247
[Recv] <<< 75:ac:a7:b3:2e:45,1617,-17,856,141.30,74.80,78,120957,153325
[Recv] <<< 75:ac:a7:b3:2e:45,1618,-17,857,141.24,74.81,89,121046,153414
[Recv] <<< 75:ac:a7:b3:2e:45,1619,-18,858,141.17,74.81,76,121122,153490
[Recv] <<< 75:ac:a7:b3:2e:45,1625,-18,859,141.58,74.84,492,121614,153982
[Recv] <<< 75:ac:a7:b3:2e:45,1627,-17,860,141.59,74.84,156,121770,154138
[Recv] <<< 75:ac:a7:b3:2e:45,1628,-18,861,141.52,74.85,82,121852,154220
[Recv] <<< 75:ac:a7:b3:2e:45,1629,-17,862,141.46,74.85,84,121936,154304
[Recv] <<< 75:ac:a7:b3:2e:45,1630,-17,863,141.39,74.86,81,122017,154385
[Recv] <<< 75:ac:a7:b3:2e:45,1632,-18,864,141.40,74.86,151,122168,154536
[Recv] <<< 75:ac:a7:b3:2e:45,1633,-17,865,141.32,74.86,75,122243,154611
[Recv] <<< 75:ac:a7:b3:2e:45,1634,-17,866,141.26,74.86,86,122329,154697
[Recv] <<< 75:ac:a7:b3:2e:45,1643,-17,867,141.91,74.89,709,123038,155406
[Recv] <<< 75:ac:a7:b3:2e:45,1644,-17,868,141.84,74.89,76,123114,155482
[Recv] <<< 75:ac:a7:b3:2e:45,1645,-17,869,141.76,74.89,75,123189,155557
[Recv] <<< 75:ac:a7:b3:2e:45,1647,-17,870,141.77,74.89,153,123342,155710
[Recv] <<< 75:ac:a7:b3:2e:45,1648,-17,871,141.70,74.89,77,123419,155787
[Recv] <<< 75:ac:a7:b3:2e:45,1650,-18,872,141.71,74.89,153,123572,155940
[Recv] <<< 75:ac:a7:b3:2e:45,1651,-18,873,141.64,74.89,76,123648,156016
[Recv] <<< 75:ac:a7:b3:2e:45,1652,-17,874,141.55,74.89,69,123717,156085
[Recv] <<< 75:ac:a7:b3:2e:45,1653,-17,875,141.49,74.89,84,123801,156169
[Recv] <<< 75:ac:a7:b3:2e:45,1654,-18,876,141.41,74.89,71,123872,156240
[Recv] <<< 75:ac:a7:b3:2e:45,1656,-18,877,141.42,74.89,150,124022,156390
[Recv] <<< 75:ac:a7:b3:2e:45,1657,-18,878,141.34,74.89,73,124095,156463
[Recv] <<< 75:ac:a7:b3:2e:45,1658,-17,879,141.27,74.90,82,124177,156545
[Recv] <<< 75:ac:a7:b3:2e:45,1661,-17,880,141.36,74.90,224,124401,156769
[Recv] <<< 75:ac:a7:b3:2e:45,1662,-18,881,141.30,74.90,80,124481,156849
[Recv] <<< 75:ac:a7:b3:2e:45,1663,-18,882,141.22,74.90,72,124553,156921
[Recv] <<< 75:ac:a7:b3:2e:45,1664,-17,883,141.14,74.90,73,124626,156994
[Recv] <<< 75:ac:a7:b3:2e:45,1665,-17,884,141.07,74.90,77,124703,157071
[Recv] <<< 75:ac:a7:b3:2e:45,1669,-17,885,141.24,74.89,291,124994,157362
[Recv] <<< 75:ac:a7:b3:2e:45,1670,-17,886,141.16,74.89,76,125070,157438
[Recv] <<< 75:ac:a7:b3:2e:45,1671,-18,887,141.10,74.90,85,125155,157523
[Recv] <<< 75:ac:a7:b3:2e:45,1673,-17,888,141.11,74.90,152,125307,157675
[Recv] <<< 75:ac:a7:b3:2e:45,1675,-18,889,141.12,74.90,148,125455,157823
[Recv] <<< 75:ac:a7:b3:2e:45,1677,-18,890,141.12,74.89,143,125598,157966
[Recv] <<< 75:ac:a7:b3:2e:45,1678,-17,891,141.05,74.90,79,125677,158045
[Recv] <<< 75:ac:a7:b3:2e:45,1679,-17,892,140.97,74.89,65,125742,158110
[Recv] <<< 75:ac:a7:b3:2e:45,1681,-17,893,140.98,74.89,151,125893,158261
[Recv] <<< 75:ac:a7:b3:2e:45,1682,-17,894,140.90,74.89,74,125967,158335
[Recv] <<< 75:ac:a7:b3:2e:45,1683,-17,895,140.82,74.89,71,126038,158406
[Recv] <<< 75:ac:a7:b3:2e:45,1686,-18,896,140.91,74.89,221,126259,158627
[Recv] <<< 75:ac:a7:b3:2e:45,1688,-17,897,140.92,74.89,150,126409,158777
[Recv] <<< 75:ac:a7:b3:2e:45,1689,-17,898,140.84,74.88,65,126474,158842
[Recv] <<< 75:ac:a7:b3:2e:45,1690,-17,899,140.77,74.88,77,126551,158919
[Recv] <<< 75:ac:a7:b3:2e:45,1691,-17,900,140.70,74.88,76,126627,158995
[Recv] <<< 75:ac:a7:b3:2e:45,1692,-17,901,140.62,74.88,72,126699,159067
[Recv] <<< 75:ac:a7:b3:2e:45,1693,-18,902,140.56,74.89,83,126782,159150
[Recv] <<< 75:ac:a7:b3:2e:45,1695,-17,903,140.57,74.89,150,126932,159300
[Recv] <<< 75:ac:a7:b3:2e:45,1696,-17,904,140.49,74.88,71,127003,159371
[Recv] <<< 75:ac:a7:b3:2e:45,1697,-17,905,140.41,74.88,71,127074,159442
[Recv] <<< 75:ac:a7:b3:2e:45,1698,-17,906,140.33,74.88,69,127143,159511
[Recv] <<< 75:ac:a7:b3:2e:45,1699,-17,907,140.26,74.88,74,127217,159585
[Recv] <<< 75:ac:a7:b3:2e:45,1700,-17,908,140.19,74.88,72,127289,159657
[Recv] <<< 75:ac:a7:b3:2e:45,1706,-18,909,140.51,74.87,433,127722,160090
[Recv] <<< 75:ac:a7:b3:2e:45,1707,-18,910,140.43,74.86,71,127793,160161
[Recv] <<< 75:ac:a7:b3:2e:45,1708,-18,911,140.35,74.86,68,127861,160229
[Recv] <<< 75:ac:a7:b3:2e:45,1709,-17,912,140.28,74.86,73,127934,160302
[Recv] <<< 75:ac:a7:b3:2e:45,1710,-17,913,140.21,74.86,77,128011,160379
[Recv] <<< 75:ac:a7:b3:2e:45,1712,-17,914,140.22,74.86,149,128160,160528
[Recv] <<< 75:ac:a7:b3:2e:45,1713,-17,915,140.14,74.86,71,128231,160599
[Recv] <<< 75:ac:a7:b3:2e:45,1714,-17,916,140.07,74.86,71,128302,160670
[Recv] <<< 75:ac:a7:b3:2e:45,1715,-18,917,140.00,74.86,76,128378,160746
[Recv] <<< 75:ac:a7:b3:2e:45,1716,-17,918,139.94,74.86,84,128462,160830
[Recv] <<< 75:ac:a7:b3:2e:45,1718,-18,919,139.95,74.86,155,128617,160985
[Recv] <<< 75:ac:a7:b3:2e:45,1720,-17,920,139.96,74.86,149,128766,161134
[Recv] <<< 75:ac:a7:b3:2e:45,1721,-17,921,139.89,74.86,73,128839,161207
[Recv] <<< 75:ac:a7:b3:2e:45,1722,-17,922,139.82,74.86,76,128915,161283
[Recv] <<< 75:ac:a7:b3:2e:45,1725,-18,923,139.91,74.86,224,129139,161507
[Recv] <<< 75:ac:a7:b3:2e:45,1727,-18,924,139.92,74.86,148,129287,161655
[Recv] <<< 75:ac:a7:b3:2e:45,1728,-17,925,139.86,74.87,82,129369,161737
[Recv] <<< 75:ac:a7:b3:2e:45,1729,-17,926,139.78,74.86,69,129438,161806
[Recv] <<< 75:ac:a7:b3:2e:45,1730,-17,927,139.70,74.86,66,129504,161872
[Recv] <<< 75:ac:a7:b3:2e:45,1732,-17,928,139.71,74.86,151,129655,162023
[Recv] <<< 75:ac:a7:b3:2e:45,1734,-18,929,139.73,74.86,150,129805,162173
[Recv] <<< 75:ac:a7:b3:2e:45,1735,-18,930,139.65,74.86,72,129877,162245
[Recv] <<< 75:ac:a7:b3:2e:45,1736,-18,931,139.58,74.85,68,129945,162313
[Recv] <<< 75:ac:a7:b3:2e:45,1741,-17,932,139.82,74.85,368,130313,162681
[Recv] <<< 75:ac:a7:b3:2e:45,1742,-17,933,139.74,74.85,69,130382,162750
[Recv] <<< 75:ac:a7:b3:2e:45,1747,-17,934,139.99,74.84,366,130748,163116
[Recv] <<< 75:ac:a7:b3:2e:45,1748,-17,935,139.92,74.84,73,130821,163189
[Recv] <<< 75:ac:a7:b3:2e:45,1753,-18,936,140.14,74.83,351,131172,163540
[Recv] <<< 75:ac:a7:b3:2e:45,1754,-17,937,140.08,74.83,79,131251,163619
[Recv] <<< 75:ac:a7:b3:2e:45,1761,-17,938,140.48,74.82,515,131766,164134
[Recv] <<< 75:ac:a7:b3:2e:45,1762,-17,939,140.40,74.82,70,131836,164204
[Recv] <<< 75:ac:a7:b3:2e:45,1767,-17,940,140.63,74.81,353,132189,164557
[Recv] <<< 75:ac:a7:b3:2e:45,1768,-18,941,140.56,74.81,79,132268,164636
[Recv] <<< 75:ac:a7:b3:2e:45,1769,-18,942,140.48,74.81,66,132334,164702
[Recv] <<< 75:ac:a7:b3:2e:45,1770,-18,943,140.41,74.81,72,132406,164774
[Recv] <<< 75:ac:a7:b3:2e:45,1771,-18,944,140.34,74.80,73,132479,164847
[Recv] <<< 75:ac:a7:b3:2e:45,1775,-17,945,140.50,74.80,290,132769,165137
[Recv] <<< 75:ac:a7:b3:2e:45,1776,-17,946,140.43,74.80,78,132847,165215
[Recv] <<< 75:ac:a7:b3:2e:45,1777,-17,947,140.36,74.80,78,132925,165293
[Recv] <<< 75:ac:a7:b3:2e:45,1781,-17,948,140.52,74.80,289,133214,165582
[Recv] <<< 75:ac:a7:b3:2e:45,1782,-17,949,140.46,74.80,79,133293,165661
[Recv] <<< 75:ac:a7:b3:2e:45,1783,-17,950,140.39,74.80,73,133366,165734
[Recv] <<< 75:ac:a7:b3:2e:45,1784,-18,951,140.32,74.80,83,133449,165817
[Recv] <<< 75:ac:a7:b3:2e:45,1786,-17,952,140.33,74.80,145,133594,165962
[Recv] <<< 75:ac:a7:b3:2e:45,1787,-17,953,140.26,74.80,72,133666,166034
[Recv] <<< 75:ac:a7:b3:2e:45,1788,-17,954,140.20,74.81,86,133752,166120
[Recv] <<< 75:ac:a7:b3:2e:45,1792,-17,955,140.35,74.79,278,134030,166398
[Recv] <<< 75:ac:a7:b3:2e:45,1797,-18,956,140.58,74.79,365,134395,166763
[Recv] <<< 75:ac:a7:b3:2e:45,1798,-17,957,140.52,74.79,78,134473,166841
[Recv] <<< 75:ac:a7:b3:2e:45,1799,-17,958,140.44,74.79,68,134541,166909
[Recv] <<< 75:ac:a7:b3:2e:45,1801,-17,959,140.45,74.79,147,134688,167056
[Recv] <<< 75:ac:a7:b3:2e:45,1803,-18,960,140.47,74.79,159,134847,167215
[Recv] <<< 75:ac:a7:b3:2e:45,1811,-17,961,140.92,74.78,580,135427,167795
[Recv] <<< 75:ac:a7:b3:2e:45,1818,-18,962,141.31,74.78,514,135941,168309
[Recv] <<< 75:ac:a7:b3:2e:45,1821,-18,963,141.39,74.77,222,136163,168531
[Recv] <<< 75:ac:a7:b3:2e:45,1827,-17,964,141.70,74.77,440,136603,168971
[Recv] <<< 75:ac:a7:b3:2e:45,1828,-17,965,141.63,74.77,71,136674,169042
[Recv] <<< 75:ac:a7:b3:2e:45,1829,-17,966,141.56,74.77,72,136746,169114
[Recv] <<< 75:ac:a7:b3:2e:45,1830,-17,967,141.49,74.77,75,136821,169189
[Recv] <<< 75:ac:a7:b3:2e:45,1832,-17,968,141.49,74.76,141,136962,169330
[Recv] <<< 75:ac:a7:b3:2e:45,1834,-18,969,141.50,74.76,151,137113,169481
[Recv] <<< 75:ac:a7:b3:2e:45,1836,-18,970,141.50,74.76,141,137254,169622
[Recv] <<< 75:ac:a7:b3:2e:45,1837,-18,971,141.43,74.76,78,137332,169700
[Recv] <<< 75:ac:a7:b3:2e:45,1838,-17,972,141.37,74.76,75,137407,169775
[Recv] <<< 75:ac:a7:b3:2e:45,1839,-17,973,141.30,74.76,75,137482,169850
[Recv] <<< 75:ac:a7:b3:2e:45,1840,-17,974,141.23,74.76,72,137554,169922
[Recv] <<< 75:ac:a7:b3:2e:45,1841,-17,975,141.15,74.75,69,137623,169991
[Recv] <<< 75:ac:a7:b3:2e:45,1842,-17,976,141.08,74.75,75,137698,170066
[Recv] <<< 75:ac:a7:b3:2e:45,1843,-17,977,141.01,74.75,66,137764,170132
[Recv] <<< 75:ac:a7:b3:2e:45,1844,-17,978,140.94,74.75,76,137840,170208
[Recv] <<< 75:ac:a7:b3:2e:45,1845,-17,979,140.87,74.75,69,137909,170277
[Recv] <<< 75:ac:a7:b3:2e:45,1846,-17,980,140.80,74.75,73,137982,170350
[Recv] <<< 75:ac:a7:b3:2e:45,1847,-17,981,140.73,74.74,72,138054,170422
[Recv] <<< 75:ac:a7:b3:2e:45,1848,-17,982,140.65,74.74,67,138121,170489
[Recv] <<< 75:ac:a7:b3:2e:45,1849,-18,983,140.59,74.74,81,138202,170570
[Recv] <<< 75:ac:a7:b3:2e:45,1850,-18,984,140.52,74.74,68,138270,170638
[Recv] <<< 75:ac:a7:b3:2e:45,1852,-17,985,140.53,74.74,148,138418,170786
[Recv] <<< 75:ac:a7:b3:2e:45,1853,-17,986,140.46,74.74,77,138495,170863
[Recv] <<< 75:ac:a7:b3:2e:45,1854,-17,987,140.39,74.74,72,138567,170935
[Recv] <<< 75:ac:a7:b3:2e:45,1855,-17,988,140.33,74.74,76,138643,171011
[Recv] <<< 75:ac:a7:b3:2e:45,1856,-18,989,140.26,74.74,72,138715,171083
[Recv] <<< 75:ac:a7:b3:2e:45,1857,-18,990,140.19,74.74,77,138792,171160
[Recv] <<< 75:ac:a7:b3:2e:45,1858,-17,991,140.13,74.74,80,138872,171240
[Recv] <<< 75:ac:a7:b3:2e:45,1859,-17,992,140.06,74.74,68,138940,171308
[Recv] <<< 75:ac:a7:b3:2e:45,1861,-17,993,140.06,74.74,142,139082,171450
[Recv] <<< 75:ac:a7:b3:2e:45,1863,-17,994,140.08,74.74,159,139241,171609
[Recv] <<< 75:ac:a7:b3:2e:45,1864,-17,995,140.01,74.74,66,139307,171675
[Recv] <<< 75:ac:a7:b3:2e:45,1865,-17,996,139.94,74.73,70,139377,171745
[Recv] <<< 75:ac:a7:b3:2e:45,1866,-17,997,139.87,74.73,70,139447,171815
[Recv] <<< 75:ac:a7:b3:2e:45,1867,-17,998,139.80,74.73,72,139519,171887
[Recv] <<< 75:ac:a7:b3:2e:45,1869,-17,999,139.80,74.73,143,139662,172030
[Recv] <<< 75:ac:a7:b3:2e:45,1870,-18,1000,139.74,74.73,77,139739,172107
[Recv] <<< 75:ac:a7:b3:2e:45,1871,-18,1001,139.67,74.73,73,139812,172180
[Recv] <<< 75:ac:a7:b3:2e:45,1873,-17,1002,139.68,74.72,147,139959,172327
[Recv] <<< 75:ac:a7:b3:2e:45,1874,-17,1003,139.61,74.72,68,140027,172395
[Recv] <<< 75:ac:a7:b3:2e:45,1875,-17,1004,139.54,74.72,76,140103,172471
[Recv] <<< 75:ac:a7:b3:2e:45,1877,-17,1005,139.55,74.72,147,140250,172618
[Recv] <<< 75:ac:a7:b3:2e:45,1879,-18,1006,139.56,74.72,146,140396,172764
[Recv] <<< 75:ac:a7:b3:2e:45,1880,-18,1007,139.49,74.72,70,140466,172834
[Recv] <<< 75:ac:a7:b3:2e:45,1882,-18,1008,139.49,74.71,141,140607,172975
[Recv] <<< 75:ac:a7:b3:2e:45,1883,-18,1009,139.42,74.71,70,140677,173045
[Recv] <<< 75:ac:a7:b3:2e:45,1884,-18,1010,139.36,74.71,72,140749,173117
[Recv] <<< 75:ac:a7:b3:2e:45,1886,-17,1011,139.36,74.71,147,140896,173264
[Recv] <<< 75:ac:a7:b3:2e:45,1888,-18,1012,139.39,74.72,169,141065,173433
[Recv] <<< 75:ac:a7:b3:2e:45,1889,-18,1013,139.34,74.72,82,141147,173515
[Recv] <<< 75:ac:a7:b3:2e:45,1890,-18,1014,139.26,74.72,66,141213,173581
[Recv] <<< 75:ac:a7:b3:2e:45,1891,-18,1015,139.20,74.72,74,141287,173655
[Recv] <<< 75:ac:a7:b3:2e:45,1892,-18,1016,139.14,74.72,75,141362,173730
[Recv] <<< 75:ac:a7:b3:2e:45,1893,-18,1017,139.07,74.71,68,141430,173798
[Recv] <<< 75:ac:a7:b3:2e:45,1894,-18,1018,139.00,74.71,68,141498,173866
[Recv] <<< 75:ac:a7:b3:2e:45,1895,-18,1019,138.93,74.71,75,141573,173941
[Recv] <<< 75:ac:a7:b3:2e:45,1896,-18,1020,138.86,74.71,69,141642,174010
[Recv] <<< 75:ac:a7:b3:2e:45,1897,-18,1021,138.80,74.70,70,141712,174080
[Recv] <<< 75:ac:a7:b3:2e:45,1898,-18,1022,138.74,74.70,77,141789,174157
[Recv] <<< 75:ac:a7:b3:2e:45,1899,-18,1023,138.67,74.70,69,141858,174226
[Recv] <<< 75:ac:a7:b3:2e:45,1900,-17,1024,138.61,74.71,83,141941,174309
[Recv] <<< 75:ac:a7:b3:2e:45,1902,-17,1025,138.61,74.70,136,142077,174445
[Recv] <<< 75:ac:a7:b3:2e:45,1903,-17,1026,138.55,74.70,76,142153,174521
[Recv] <<< 75:ac:a7:b3:2e:45,1904,-17,1027,138.49,74.70,75,142228,174596
[Recv] <<< 75:ac:a7:b3:2e:45,1905,-17,1028,138.42,74.70,72,142300,174668
[Recv] <<< 75:ac:a7:b3:2e:45,1907,-17,1029,138.43,74.69,140,142440,174808
[Recv] <<< 75:ac:a7:b3:2e:45,1908,-17,1030,138.36,74.69,73,142513,174881
[Recv] <<< 75:ac:a7:b3:2e:45,1909,-17,1031,138.29,74.69,68,142581,174949
[Recv] <<< 75:ac:a7:b3:2e:45,1910,-17,1032,138.23,74.69,77,142658,175026
[Recv] <<< 75:ac:a7:b3:2e:45,1912,-17,1033,138.25,74.69,151,142809,175177
[Recv] <<< 75:ac:a7:b3:2e:45,1913,-18,1034,138.18,74.69,72,142881,175249
[Recv] <<< 75:ac:a7:b3:2e:45,1914,-17,1035,138.12,74.69,77,142958,175326
[Recv] <<< 75:ac:a7:b3:2e:45,1915,-17,1036,138.06,74.69,74,143032,175400
[Recv] <<< 75:ac:a7:b3:2e:45,1916,-18,1037,138.00,74.69,69,143101,175469
[Recv] <<< 75:ac:a7:b3:2e:45,1917,-17,1038,137.94,74.69,78,143179,175547
[Recv] <<< 75:ac:a7:b3:2e:45,1918,-17,1039,137.88,74.69,75,143254,175622
[Recv] <<< 75:ac:a7:b3:2e:45,1920,-17,1040,137.88,74.68,138,143392,175760
[Recv] <<< 75:ac:a7:b3:2e:45,1922,-17,1041,137.88,74.68,145,143537,175905
[Recv] <<< 75:ac:a7:b3:2e:45,1924,-17,1042,137.90,74.68,150,143687,176055
[Recv] <<< 75:ac:a7:b3:2e:45,1932,-18,1043,138.32,74.67,585,144272,176640
[Recv] <<< 75:ac:a7:b3:2e:45,1933,-18,1044,138.26,74.67,69,144341,176709
[Recv] <<< 75:ac:a7:b3:2e:45,1934,-18,1045,138.20,74.67,80,144421,176789
[Recv] <<< 75:ac:a7:b3:2e:45,1936,-18,1046,138.21,74.67,146,144567,176935
[Recv] <<< 75:ac:a7:b3:2e:45,1938,-18,1047,138.21,74.67,144,144711,177079
[Recv] <<< 75:ac:a7:b3:2e:45,1950,-17,1048,138.92,74.66,878,145589,177957
[Recv] <<< 75:ac:a7:b3:2e:45,1951,-18,1049,138.86,74.66,76,145665,178033
[Recv] <<< 75:ac:a7:b3:2e:45,1952,-17,1050,138.79,74.66,67,145732,178100
[Recv] <<< 75:ac:a7:b3:2e:45,1953,-17,1051,138.73,74.66,74,145806,178174
[Recv] <<< 75:ac:a7:b3:2e:45,1955,-17,1052,138.74,74.66,148,145954,178322
[Recv] <<< 75:ac:a7:b3:2e:45,1956,-17,1053,138.68,74.66,79,146033,178401
[Recv] <<< 75:ac:a7:b3:2e:45,1958,-17,1054,138.69,74.66,146,146179,178547
[Recv] <<< 75:ac:a7:b3:2e:45,1959,-17,1055,138.63,74.66,74,146253,178621
[Recv] <<< 75:ac:a7:b3:2e:45,1961,-17,1056,138.64,74.66,149,146402,178770
[Recv] <<< 75:ac:a7:b3:2e:45,1963,-18,1057,138.64,74.65,143,146545,178913
[Recv] <<< 75:ac:a7:b3:2e:45,1964,-18,1058,138.58,74.65,69,146614,178982
[Recv] <<< 75:ac:a7:b3:2e:45,1965,-18,1059,138.52,74.65,77,146691,179059
[Recv] <<< 75:ac:a7:b3:2e:45,1966,-18,1060,138.45,74.65,66,146757,179125
[Recv] <<< 75:ac:a7:b3:2e:45,1967,-17,1061,138.39,74.65,74,146831,179199
[Recv] <<< 75:ac:a7:b3:2e:45,1968,-17,1062,138.33,74.65,78,146909,179277
[Recv] <<< 75:ac:a7:b3:2e:45,1969,-17,1063,138.27,74.65,68,146977,179345
[Recv] <<< 75:ac:a7:b3:2e:45,1970,-17,1064,138.21,74.65,79,147056,179424
[Recv] <<< 75:ac:a7:b3:2e:45,1981,-17,1065,138.82,74.63,790,147846,180214
[Recv] <<< 75:ac:a7:b3:2e:45,1991,-17,1066,139.38,74.63,737,148583,180951
[Recv] <<< 75:ac:a7:b3:2e:45,1998,-18,1067,139.73,74.62,512,149095,181463
[Recv] <<< 75:ac:a7:b3:2e:45,2002,-17,1068,139.87,74.62,288,149383,181751
[Recv] <<< 75:ac:a7:b3:2e:45,2003,-17,1069,139.81,74.62,74,149457,181825
[Recv] <<< 75:ac:a7:b3:2e:45,2004,-17,1070,139.75,74.62,74,149531,181899
[Recv] <<< 75:ac:a7:b3:2e:45,2005,-17,1071,139.68,74.61,71,149602,181970
[Recv] <<< 75:ac:a7:b3:2e:45,2007,-18,1072,139.69,74.61,148,149750,182118
[Recv] <<< 75:ac:a7:b3:2e:45,2008,-18,1073,139.63,74.61,70,149820,182188
[Recv] <<< 75:ac:a7:b3:2e:45,2009,-17,1074,139.57,74.61,79,149899,182267
[Recv] <<< 75:ac:a7:b3:2e:45,2010,-17,1075,139.52,74.62,81,149980,182348
[Recv] <<< 75:ac:a7:b3:2e:45,2011,-17,1076,139.45,74.62,71,150051,182419
[Recv] <<< 75:ac:a7:b3:2e:45,2012,-17,1077,139.39,74.61,71,150122,182490
[Recv] <<< 75:ac:a7:b3:2e:45,2013,-17,1078,139.33,74.61,77,150199,182567
[Recv] <<< 75:ac:a7:b3:2e:45,2014,-17,1079,139.27,74.62,76,150275,182643
[Recv] <<< 75:ac:a7:b3:2e:45,2015,-17,1080,139.21,74.61,67,150342,182710
[Recv] <<< 75:ac:a7:b3:2e:45,2016,-17,1081,139.14,74.61,68,150410,182778
[Recv] <<< 75:ac:a7:b3:2e:45,2017,-18,1082,139.08,74.61,76,150486,182854
[Recv] <<< 75:ac:a7:b3:2e:45,2018,-18,1083,139.02,74.61,69,150555,182923
[Recv] <<< 75:ac:a7:b3:2e:45,2022,-17,1084,139.16,74.60,291,150846,183214
[Recv] <<< 75:ac:a7:b3:2e:45,2023,-17,1085,139.09,74.60,65,150911,183279
[Recv] <<< 75:ac:a7:b3:2e:45,2024,-18,1086,139.03,74.60,76,150987,183355
[Recv] <<< 75:ac:a7:b3:2e:45,2025,-18,1087,138.97,74.60,69,151056,183424
[Recv] <<< 75:ac:a7:b3:2e:45,2026,-18,1088,138.91,74.60,77,151133,183501
[Recv] <<< 75:ac:a7:b3:2e:45,2030,-18,1089,139.06,74.60,300,151433,183801
[Recv] <<< 75:ac:a7:b3:2e:45,2033,-17,1090,139.13,74.60,223,151656,184024
[Recv] <<< 75:ac:a7:b3:2e:45,2035,-17,1091,139.14,74.59,143,151799,184167
[Recv] <<< 75:ac:a7:b3:2e:45,2036,-18,1092,139.08,74.59,71,151870,184238
[Recv] <<< 75:ac:a7:b3:2e:45,2037,-18,1093,139.02,74.59,74,151944,184312
[Recv] <<< 75:ac:a7:b3:2e:45,2038,-17,1094,138.96,74.59,77,152021,184389
[Recv] <<< 75:ac:a7:b3:2e:45,2041,-17,1095,139.03,74.59,217,152238,184606
[Recv] <<< 75:ac:a7:b3:2e:45,2045,-17,1096,139.17,74.59,293,152531,184899
[Recv] <<< 75:ac:a7:b3:2e:45,2046,-17,1097,139.11,74.59,77,152608,184976
[Recv] <<< 75:ac:a7:b3:2e:45,2050,-17,1098,139.26,74.59,301,152909,185277
[Recv] <<< 75:ac:a7:b3:2e:45,2051,-17,1099,139.20,74.59,70,152979,185347
[Recv] <<< 75:ac:a7:b3:2e:45,2052,-18,1100,139.14,74.59,75,153054,185422
[Recv] <<< 75:ac:a7:b3:2e:45,2053,-18,1101,139.08,74.59,70,153124,185492
[Recv] <<< 75:ac:a7:b3:2e:45,2054,-18,1102,139.02,74.59,75,153199,185567
[Recv] <<< 75:ac:a7:b3:2e:45,2056,-17,1103,139.02,74.58,139,153338,185706
[Recv] <<< 75:ac:a7:b3:2e:45,2058,-17,1104,139.02,74.58,145,153483,185851
[Recv] <<< 75:ac:a7:b3:2e:45,2059,-17,1105,138.97,74.58,74,153557,185925
[Recv] <<< 75:ac:a7:b3:2e:45,2060,-17,1106,138.91,74.58,78,153635,186003
[Recv] <<< 75:ac:a7:b3:2e:45,2061,-17,1107,138.85,74.58,69,153704,186072
[Recv] <<< 75:ac:a7:b3:2e:45,2062,-17,1108,138.78,74.57,68,153772,186140
[Recv] <<< 75:ac:a7:b3:2e:45,2063,-18,1109,138.72,74.57,73,153845,186213
[Recv] <<< 75:ac:a7:b3:2e:45,2064,-18,1110,138.66,74.57,72,153917,186285
[Recv] <<< 75:ac:a7:b3:2e:45,2066,-18,1111,138.67,74.57,140,154057,186425
[Recv] <<< 75:ac:a7:b3:2e:45,2067,-18,1112,138.61,74.57,73,154130,186498
[Recv] <<< 75:ac:a7:b3:2e:45,2068,-18,1113,138.55,74.57,71,154201,186569
[Recv] <<< 75:ac:a7:b3:2e:45,2069,-18,1114,138.48,74.56,70,154271,186639
[Recv] <<< 75:ac:a7:b3:2e:45,2072,-17,1115,138.57,74.57,231,154502,186870
[Recv] <<< 75:ac:a7:b3:2e:45,2073,-17,1116,138.50,74.56,68,154570,186938
[Recv] <<< 75:ac:a7:b3:2e:45,2075,-18,1117,138.51,74.56,148,154718,187086
[Recv] <<< 75:ac:a7:b3:2e:45,2076,-17,1118,138.45,74.56,73,154791,187159
[Recv] <<< 75:ac:a7:b3:2e:45,2077,-17,1119,138.39,74.56,73,154864,187232
[Recv] <<< 75:ac:a7:b3:2e:45,2079,-17,1120,138.40,74.56,146,155010,187378
[Recv] <<< 75:ac:a7:b3:2e:45,2080,-17,1121,138.34,74.56,70,155080,187448
[Recv] <<< 75:ac:a7:b3:2e:45,2081,-17,1122,138.28,74.56,73,155153,187521
[Recv] <<< 75:ac:a7:b3:2e:45,2082,-17,1123,138.23,74.56,82,155235,187603
[Recv] <<< 75:ac:a7:b3:2e:45,2083,-17,1124,138.17,74.56,66,155301,187669
[Recv] <<< 75:ac:a7:b3:2e:45,2084,-18,1125,138.11,74.56,78,155379,187747
[Recv] <<< 75:ac:a7:b3:2e:45,2085,-17,1126,138.06,74.56,73,155452,187820
[Recv] <<< 75:ac:a7:b3:2e:45,2086,-17,1127,138.00,74.56,73,155525,187893
[Recv] <<< 75:ac:a7:b3:2e:45,2087,-17,1128,137.94,74.56,76,155601,187969
[Recv] <<< 75:ac:a7:b3:2e:45,2094,-17,1129,138.28,74.55,516,156117,188485
[Recv] <<< 75:ac:a7:b3:2e:45,2096,-17,1130,138.29,74.55,147,156264,188632
[Recv] <<< 75:ac:a7:b3:2e:45,2097,-18,1131,138.23,74.55,76,156340,188708
[Recv] <<< 75:ac:a7:b3:2e:45,2098,-18,1132,138.18,74.56,81,156421,188789
[Recv] <<< 75:ac:a7:b3:2e:45,2099,-18,1133,138.12,74.55,69,156490,188858
[Recv] <<< 75:ac:a7:b3:2e:45,2100,-18,1134,138.07,74.56,77,156567,188935
[Recv] <<< 75:ac:a7:b3:2e:45,2101,-17,1135,138.01,74.55,73,156640,189008
[Recv] <<< 75:ac:a7:b3:2e:45,2104,-17,1136,138.09,74.56,230,156870,189238
[Recv] <<< 75:ac:a7:b3:2e:45,2105,-18,1137,138.04,74.56,81,156951,189319
[Recv] <<< 75:ac:a7:b3:2e:45,2107,-17,1138,138.06,74.56,156,157107,189475
[Recv] <<< 75:ac:a7:b3:2e:45,2114,-17,1139,138.43,74.58,565,157672,190040
[Recv] <<< 75:ac:a7:b3:2e:45,2118,-17,1140,138.59,74.60,324,157996,190364
[Recv] <<< 75:ac:a7:b3:2e:45,2119,-18,1141,138.54,74.60,76,158072,190440
[Recv] <<< 75:ac:a7:b3:2e:45,2120,-17,1142,138.49,74.60,84,158156,190524
[Recv] <<< 75:ac:a7:b3:2e:45,2121,-17,1143,138.44,74.61,83,158239,190607
[Recv] <<< 75:ac:a7:b3:2e:45,2125,-17,1144,138.61,74.62,331,158570,190938
[Recv] <<< 75:ac:a7:b3:2e:45,2126,-17,1145,138.56,74.62,81,158651,191019
[Recv] <<< 75:ac:a7:b3:2e:45,2127,-17,1146,138.51,74.63,85,158736,191104
[Recv] <<< 75:ac:a7:b3:2e:45,2128,-18,1147,138.46,74.63,82,158818,191186
[Recv] <<< 75:ac:a7:b3:2e:45,2129,-17,1148,138.41,74.63,77,158895,191263
[Recv] <<< 75:ac:a7:b3:2e:45,2130,-17,1149,138.36,74.64,83,158978,191346
[Recv] <<< 75:ac:a7:b3:2e:45,2132,-17,1150,138.38,74.64,157,159135,191503
[Recv] <<< 75:ac:a7:b3:2e:45,2133,-17,1151,138.33,74.65,87,159222,191590
[Recv] <<< 75:ac:a7:b3:2e:45,2134,-17,1152,138.28,74.65,82,159304,191672
[Recv] <<< 75:ac:a7:b3:2e:45,2136,-17,1153,138.30,74.65,158,159462,191830
[Recv] <<< 75:ac:a7:b3:2e:45,2137,-18,1154,138.26,74.66,86,159548,191916
[Recv] <<< 75:ac:a7:b3:2e:45,2138,-17,1155,138.20,74.66,77,159625,191993
[Recv] <<< 75:ac:a7:b3:2e:45,2139,-17,1156,138.16,74.67,88,159713,192081
[Recv] <<< 75:ac:a7:b3:2e:45,2141,-18,1157,138.17,74.67,154,159867,192235
[Recv] <<< 75:ac:a7:b3:2e:45,2142,-18,1158,138.13,74.67,82,159949,192317
[Recv] <<< 75:ac:a7:b3:2e:45,2144,-17,1159,138.15,74.68,162,160111,192479
[Recv] <<< 75:ac:a7:b3:2e:45,2145,-18,1160,138.10,74.68,83,160194,192562
[Recv] <<< 75:ac:a7:b3:2e:45,2146,-17,1161,138.04,74.68,73,160267,192635
[Recv] <<< 75:ac:a7:b3:2e:45,2148,-18,1162,138.07,74.69,167,160434,192802
[Recv] <<< 75:ac:a7:b3:2e:45,2151,-17,1163,138.15,74.70,237,160671,193039
[Recv] <<< 75:ac:a7:b3:2e:45,2152,-18,1164,138.10,74.70,83,160754,193122
[Recv] <<< 75:ac:a7:b3:2e:45,2153,-17,1165,138.05,74.70,80,160834,193202
[Recv] <<< 75:ac:a7:b3:2e:45,2154,-17,1166,138.01,74.71,86,160920,193288
[Recv] <<< 75:ac:a7:b3:2e:45,2155,-18,1167,137.96,74.71,84,161004,193372
[Recv] <<< 75:ac:a7:b3:2e:45,2156,-17,1168,137.92,74.71,81,161085,193453
[Recv] <<< 75:ac:a7:b3:2e:45,2157,-18,1169,137.87,74.72,85,161170,193538
[Recv] <<< 75:ac:a7:b3:2e:45,2158,-17,1170,137.82,74.72,78,161248,193616
[Recv] <<< 75:ac:a7:b3:2e:45,2159,-17,1171,137.77,74.73,86,161334,193702
[Recv] <<< 75:ac:a7:b3:2e:45,2160,-17,1172,137.72,74.73,79,161413,193781
[Recv] <<< 75:ac:a7:b3:2e:45,2161,-18,1173,137.67,74.73,77,161490,193858
[Recv] <<< 75:ac:a7:b3:2e:45,2164,-17,1174,137.77,74.74,251,161741,194109
[Recv] <<< 75:ac:a7:b3:2e:45,2165,-18,1175,137.72,74.75,85,161826,194194
[Recv] <<< 75:ac:a7:b3:2e:45,2166,-17,1176,137.68,74.75,81,161907,194275
[Recv] <<< 75:ac:a7:b3:2e:45,2167,-17,1177,137.63,74.75,78,161985,194353
[Recv] <<< 75:ac:a7:b3:2e:45,2170,-17,1178,137.72,74.76,253,162238,194606
[Recv] <<< 75:ac:a7:b3:2e:45,2171,-18,1179,137.67,74.77,77,162315,194683
[Recv] <<< 75:ac:a7:b3:2e:45,2172,-17,1180,137.62,74.77,82,162397,194765
[Recv] <<< 75:ac:a7:b3:2e:45,2174,-18,1181,137.65,74.77,163,162560,194928
[Recv] <<< 75:ac:a7:b3:2e:45,2175,-17,1182,137.60,74.78,82,162642,195010
[Recv] <<< 75:ac:a7:b3:2e:45,2176,-17,1183,137.55,74.78,81,162723,195091
[Recv] <<< 75:ac:a7:b3:2e:45,2177,-18,1184,137.51,74.79,86,162809,195177
[Recv] <<< 75:ac:a7:b3:2e:45,2178,-17,1185,137.45,74.79,74,162883,195251
[Recv] <<< 75:ac:a7:b3:2e:45,2181,-17,1186,137.54,74.79,241,163124,195492
[Recv] <<< 75:ac:a7:b3:2e:45,2182,-17,1187,137.50,74.80,87,163211,195579
[Recv] <<< 75:ac:a7:b3:2e:45,2184,-18,1188,137.51,74.80,152,163363,195731
[Recv] <<< 75:ac:a7:b3:2e:45,2185,-18,1189,137.47,74.80,83,163446,195814
[Recv] <<< 75:ac:a7:b3:2e:45,2186,-17,1190,137.42,74.81,82,163528,195896
[Recv] <<< 75:ac:a7:b3:2e:45,2187,-17,1191,137.37,74.81,77,163605,195973
[Recv] <<< 75:ac:a7:b3:2e:45,2189,-17,1192,137.39,74.81,161,163766,196134
[Recv] <<< 75:ac:a7:b3:2e:45,2190,-17,1193,137.34,74.81,75,163841,196209
[Recv] <<< 75:ac:a7:b3:2e:45,2192,-17,1194,137.36,74.82,166,164007,196375
[Recv] <<< 75:ac:a7:b3:2e:45,2193,-17,1195,137.31,74.82,83,164090,196458
[Recv] <<< 75:ac:a7:b3:2e:45,2194,-18,1196,137.26,74.82,75,164165,196533
[Recv] <<< 75:ac:a7:b3:2e:45,2196,-18,1197,137.29,74.83,169,164334,196702
[Recv] <<< 75:ac:a7:b3:2e:45,2197,-18,1198,137.24,74.84,80,164414,196782
[Recv] <<< 75:ac:a7:b3:2e:45,2198,-17,1199,137.19,74.84,82,164496,196864
[Recv] <<< 75:ac:a7:b3:2e:45,2201,-17,1200,137.28,74.84,235,164731,197099
[Recv] <<< 75:ac:a7:b3:2e:45,2202,-18,1201,137.23,74.85,83,164814,197182
[Recv] <<< 75:ac:a7:b3:2e:45,2204,-17,1202,137.25,74.85,156,164970,197338
[Recv] <<< 75:ac:a7:b3:2e:45,2205,-17,1203,137.20,74.85,79,165049,197417
[Recv] <<< 75:ac:a7:b3:2e:45,2206,-18,1204,137.15,74.85,75,165124,197492
[Recv] <<< 75:ac:a7:b3:2e:45,2207,-17,1205,137.10,74.86,86,165210,197578
[Recv] <<< 75:ac:a7:b3:2e:45,2208,-17,1206,137.05,74.86,70,165280,197648
[Recv] <<< 75:ac:a7:b3:2e:45,2209,-17,1207,137.00,74.86,77,165357,197725
[Recv] <<< 75:ac:a7:b3:2e:45,2213,-17,1208,137.13,74.85,296,165653,198021
[Recv] <<< 75:ac:a7:b3:2e:45,2214,-17,1209,137.07,74.85,70,165723,198091
[Recv] <<< 75:ac:a7:b3:2e:45,2216,-18,1210,137.09,74.86,159,165882,198250
[Recv] <<< 75:ac:a7:b3:2e:45,2217,-17,1211,137.04,74.86,73,165955,198323
[Recv] <<< 75:ac:a7:b3:2e:45,2218,-17,1212,136.99,74.86,82,166037,198405
[Recv] <<< 75:ac:a7:b3:2e:45,2220,-17,1213,137.01,74.86,162,166199,198567
[Recv] <<< 75:ac:a7:b3:2e:45,2221,-17,1214,136.96,74.86,75,166274,198642
[Recv] <<< 75:ac:a7:b3:2e:45,2227,-18,1215,137.22,74.86,450,166724,199092
[Recv] <<< 75:ac:a7:b3:2e:45,2231,-17,1216,137.36,74.87,303,167027,199395
[Recv] <<< 75:ac:a7:b3:2e:45,2232,-17,1217,137.31,74.87,77,167104,199472
[Recv] <<< 75:ac:a7:b3:2e:45,2233,-18,1218,137.26,74.87,79,167183,199551
[Recv] <<< 75:ac:a7:b3:2e:45,2235,-17,1219,137.27,74.87,148,167331,199699
[Recv] <<< 75:ac:a7:b3:2e:45,2236,-17,1220,137.22,74.87,74,167405,199773
[Recv] <<< 75:ac:a7:b3:2e:45,2238,-17,1221,137.22,74.86,140,167545,199913
[Recv] <<< 75:ac:a7:b3:2e:45,2240,-17,1222,137.23,74.87,156,167701,200069
[Recv] <<< 75:ac:a7:b3:2e:45,2241,-17,1223,137.18,74.87,76,167777,200145
[Recv] <<< 75:ac:a7:b3:2e:45,2242,-17,1224,137.13,74.87,74,167851,200219
[Recv] <<< 75:ac:a7:b3:2e:45,2244,-17,1225,137.15,74.87,162,168013,200381
[Recv] <<< 75:ac:a7:b3:2e:45,2245,-17,1226,137.10,74.87,72,168085,200453
[Recv] <<< 75:ac:a7:b3:2e:45,2246,-17,1227,137.05,74.87,78,168163,200531
[Recv] <<< 75:ac:a7:b3:2e:45,2247,-17,1228,137.00,74.87,68,168231,200599
[Recv] <<< 75:ac:a7:b3:2e:45,2248,-18,1229,136.95,74.87,82,168313,200681
[Recv] <<< 75:ac:a7:b3:2e:45,2249,-17,1230,136.90,74.87,76,168389,200757
[Recv] <<< 75:ac:a7:b3:2e:45,2250,-17,1231,136.85,74.87,74,168463,200831
[Recv] <<< 75:ac:a7:b3:2e:45,2251,-17,1232,136.80,74.87,70,168533,200901
[Recv] <<< 75:ac:a7:b3:2e:45,2252,-17,1233,136.74,74.87,70,168603,200971
[Recv] <<< 75:ac:a7:b3:2e:45,2253,-17,1234,136.70,74.87,81,168684,201052
[Recv] <<< 75:ac:a7:b3:2e:45,2254,-18,1235,136.64,74.87,71,168755,201123
[Recv] <<< 75:ac:a7:b3:2e:45,2256,-17,1236,136.66,74.87,157,168912,201280
[Recv] <<< 75:ac:a7:b3:2e:45,2259,-17,1237,136.73,74.87,222,169134,201502
[Recv] <<< 75:ac:a7:b3:2e:45,2261,-17,1238,136.75,74.88,159,169293,201661
[Recv] <<< 75:ac:a7:b3:2e:45,2262,-17,1239,136.70,74.87,74,169367,201735
[Recv] <<< 75:ac:a7:b3:2e:45,2263,-17,1240,136.64,74.87,65,169432,201800
[Recv] <<< 75:ac:a7:b3:2e:45,2265,-17,1241,136.65,74.87,149,169581,201949
[Recv] <<< 75:ac:a7:b3:2e:45,2266,-18,1242,136.60,74.87,81,169662,202030
[Recv] <<< 75:ac:a7:b3:2e:45,2267,-17,1243,136.56,74.87,76,169738,202106
[Recv] <<< 75:ac:a7:b3:2e:45,2268,-17,1244,136.50,74.87,64,169802,202170
[Recv] <<< 75:ac:a7:b3:2e:45,2270,-17,1245,136.51,74.87,150,169952,202320
[Recv] <<< 75:ac:a7:b3:2e:45,2271,-17,1246,136.46,74.87,76,170028,202396
[Recv] <<< 75:ac:a7:b3:2e:45,2273,-18,1247,136.47,74.87,146,170174,202542
[Recv] <<< 75:ac:a7:b3:2e:45,2274,-18,1248,136.42,74.87,73,170247,202615
[Recv] <<< 75:ac:a7:b3:2e:45,2275,-17,1249,136.37,74.87,79,170326,202694
[Recv] <<< 75:ac:a7:b3:2e:45,2276,-17,1250,136.31,74.86,65,170391,202759
[Recv] <<< 75:ac:a7:b3:2e:45,2277,-17,1251,136.26,74.86,71,170462,202830
[Recv] <<< 75:ac:a7:b3:2e:45,2278,-17,1252,136.21,74.86,71,170533,202901
[Recv] <<< 75:ac:a7:b3:2e:45,2279,-17,1253,136.17,74.86,82,170615,202983
[Recv] <<< 75:ac:a7:b3:2e:45,2281,-18,1254,136.18,74.87,153,170768,203136
[Recv] <<< 75:ac:a7:b3:2e:45,2282,-17,1255,136.13,74.87,78,170846,203214
[Recv] <<< 75:ac:a7:b3:2e:45,2283,-17,1256,136.07,74.86,63,170909,203277
[Recv] <<< 75:ac:a7:b3:2e:45,2287,-17,1257,136.20,74.86,289,171198,203566
[Recv] <<< 75:ac:a7:b3:2e:45,2290,-18,1258,136.26,74.85,217,171415,203783
[Recv] <<< 75:ac:a7:b3:2e:45,2291,-18,1259,136.21,74.85,72,171487,203855
[Recv] <<< 75:ac:a7:b3:2e:45,2292,-18,1260,136.16,74.85,73,171560,203928
[Recv] <<< 75:ac:a7:b3:2e:45,2294,-17,1261,136.17,74.85,150,171710,204078
[Recv] <<< 75:ac:a7:b3:2e:45,2295,-17,1262,136.12,74.85,70,171780,204148
[Recv] <<< 75:ac:a7:b3:2e:45,2296,-17,1263,136.07,74.85,82,171862,204230
[Recv] <<< 75:ac:a7:b3:2e:45,2299,-18,1264,136.14,74.85,220,172082,204450
[Recv] <<< 75:ac:a7:b3:2e:45,2300,-18,1265,136.09,74.85,66,172148,204516
[Recv] <<< 75:ac:a7:b3:2e:45,2301,-18,1266,136.03,74.85,72,172220,204588
[Recv] <<< 75:ac:a7:b3:2e:45,2302,-17,1267,135.99,74.85,84,172304,204672
[Recv] <<< 75:ac:a7:b3:2e:45,2303,-17,1268,135.94,74.85,66,172370,204738
[Recv] <<< 75:ac:a7:b3:2e:45,2304,-17,1269,135.88,74.84,68,172438,204806
[Recv] <<< 75:ac:a7:b3:2e:45,2305,-17,1270,135.84,74.84,75,172513,204881
[Recv] <<< 75:ac:a7:b3:2e:45,2306,-17,1271,135.79,74.84,71,172584,204952
[Recv] <<< 75:ac:a7:b3:2e:45,2307,-17,1272,135.74,74.84,73,172657,205025
[Recv] <<< 75:ac:a7:b3:2e:45,2310,-17,1273,135.80,74.84,217,172874,205242
[Recv] <<< 75:ac:a7:b3:2e:45,2311,-17,1274,135.75,74.83,68,172942,205310
[Recv] <<< 75:ac:a7:b3:2e:45,2312,-18,1275,135.70,74.83,76,173018,205386
[Recv] <<< 75:ac:a7:b3:2e:45,2313,-18,1276,135.65,74.83,71,173089,205457
[Recv] <<< 75:ac:a7:b3:2e:45,2318,-17,1277,135.83,74.83,361,173450,205818
[Recv] <<< 75:ac:a7:b3:2e:45,2324,-17,1278,136.07,74.82,442,173892,206260
[Recv] <<< 75:ac:a7:b3:2e:45,2327,-18,1279,136.14,74.83,231,174123,206491
[Recv] <<< 75:ac:a7:b3:2e:45,2328,-18,1280,136.09,74.83,75,174198,206566
[Recv] <<< 75:ac:a7:b3:2e:45,2330,-18,1281,136.09,74.82,137,174335,206703
[Recv] <<< 75:ac:a7:b3:2e:45,2332,-18,1282,136.10,74.82,150,174485,206853
[Recv] <<< 75:ac:a7:b3:2e:45,2336,-17,1283,136.22,74.82,288,174773,207141
[Recv] <<< 75:ac:a7:b3:2e:45,2346,-17,1284,136.68,74.81,726,175499,207867
[Recv] <<< 75:ac:a7:b3:2e:45,2347,-17,1285,136.62,74.80,63,175562,207930
[Recv] <<< 75:ac:a7:b3:2e:45,2348,-17,1286,136.58,74.81,83,175645,208013
[Recv] <<< 75:ac:a7:b3:2e:45,2349,-17,1287,136.53,74.80,66,175711,208079
[Recv] <<< 75:ac:a7:b3:2e:45,2374,-17,1288,137.84,74.79,1833,177544,209912
[Recv] <<< 75:ac:a7:b3:2e:45,2375,-17,1289,137.79,74.79,73,177617,209985
[Recv] <<< 75:ac:a7:b3:2e:45,2376,-17,1290,137.74,74.78,65,177682,210050
[Recv] <<< 75:ac:a7:b3:2e:45,2377,-17,1291,137.68,74.78,69,177751,210119
[Recv] <<< 75:ac:a7:b3:2e:45,2378,-17,1292,137.64,74.78,80,177831,210199
[Recv] <<< 75:ac:a7:b3:2e:45,2379,-17,1293,137.59,74.78,73,177904,210272
[Recv] <<< 75:ac:a7:b3:2e:45,2381,-18,1294,137.60,74.78,149,178053,210421
[Recv] <<< 75:ac:a7:b3:2e:45,2382,-18,1295,137.54,74.78,62,178115,210483
[Recv] <<< 75:ac:a7:b3:2e:45,2383,-18,1296,137.49,74.78,74,178189,210557
[Recv] <<< 75:ac:a7:b3:2e:45,2384,-17,1297,137.44,74.78,75,178264,210632
[Recv] <<< 75:ac:a7:b3:2e:45,2385,-17,1298,137.39,74.77,70,178334,210702
[Recv] <<< 75:ac:a7:b3:2e:45,2394,-17,1299,137.81,74.77,675,179009,211377
[Recv] <<< 75:ac:a7:b3:2e:45,2395,-17,1300,137.75,74.77,65,179074,211442
[Recv] <<< 75:ac:a7:b3:2e:45,2396,-17,1301,137.70,74.77,77,179151,211519
[Recv] <<< 75:ac:a7:b3:2e:45,2397,-18,1302,137.66,74.77,78,179229,211597
[Recv] <<< 75:ac:a7:b3:2e:45,2400,-17,1303,137.72,74.77,223,179452,211820
[Recv] <<< 75:ac:a7:b3:2e:45,2402,-17,1304,137.73,74.77,149,179601,211969
[Recv] <<< 75:ac:a7:b3:2e:45,2403,-17,1305,137.69,74.77,78,179679,212047
[Recv] <<< 75:ac:a7:b3:2e:45,2408,-18,1306,137.85,74.76,354,180033,212401
[Recv] <<< 75:ac:a7:b3:2e:45,2411,-17,1307,137.91,74.76,217,180250,212618
[Recv] <<< 75:ac:a7:b3:2e:45,2413,-17,1308,137.92,74.76,147,180397,212765
[Recv] <<< 75:ac:a7:b3:2e:45,2414,-17,1309,137.86,74.76,68,180465,212833
[Recv] <<< 75:ac:a7:b3:2e:45,2417,-17,1310,137.92,74.75,208,180673,213041
[Recv] <<< 75:ac:a7:b3:2e:45,2418,-17,1311,137.87,74.75,75,180748,213116
[Recv] <<< 75:ac:a7:b3:2e:45,2422,-17,1312,137.98,74.75,285,181033,213401
[Recv] <<< 75:ac:a7:b3:2e:45,2423,-17,1313,137.93,74.74,71,181104,213472
[Recv] <<< 75:ac:a7:b3:2e:45,2425,-17,1314,137.94,74.74,146,181250,213618
[Recv] <<< 75:ac:a7:b3:2e:45,2426,-17,1315,137.89,74.74,77,181327,213695
[Recv] <<< 75:ac:a7:b3:2e:45,2427,-18,1316,137.85,74.75,80,181407,213775
[Recv] <<< 75:ac:a7:b3:2e:45,2428,-18,1317,137.80,74.74,71,181478,213846
[Recv] <<< 75:ac:a7:b3:2e:45,2429,-18,1318,137.74,74.74,67,181545,213913
[Recv] <<< 75:ac:a7:b3:2e:45,2430,-17,1319,137.69,74.74,73,181618,213986
[Recv] <<< 75:ac:a7:b3:2e:45,2432,-17,1320,137.70,74.74,146,181764,214132
[Recv] <<< 75:ac:a7:b3:2e:45,2433,-17,1321,137.65,74.74,69,181833,214201
[Recv] <<< 75:ac:a7:b3:2e:45,2434,-17,1322,137.60,74.73,68,181901,214269
[Recv] <<< 75:ac:a7:b3:2e:45,2435,-17,1323,137.55,74.73,76,181977,214345
[Recv] <<< 75:ac:a7:b3:2e:45,2436,-17,1324,137.50,74.73,70,182047,214415
[Recv] <<< 75:ac:a7:b3:2e:45,2438,-17,1325,137.51,74.73,154,182201,214569
[Recv] <<< 75:ac:a7:b3:2e:45,2439,-18,1326,137.47,74.74,82,182283,214651
[Recv] <<< 75:ac:a7:b3:2e:45,2440,-17,1327,137.42,74.74,79,182362,214730
[Recv] <<< 75:ac:a7:b3:2e:45,2441,-17,1328,137.37,74.74,67,182429,214797
[Recv] <<< 75:ac:a7:b3:2e:45,2443,-17,1329,137.38,74.73,146,182575,214943
[Recv] <<< 75:ac:a7:b3:2e:45,2446,-18,1330,137.44,74.73,225,182800,215168
[Recv] <<< 75:ac:a7:b3:2e:45,2448,-18,1331,137.45,74.73,142,182942,215310
[Recv] <<< 75:ac:a7:b3:2e:45,2449,-17,1332,137.39,74.73,67,183009,215377
[Recv] <<< 75:ac:a7:b3:2e:45,2450,-18,1333,137.35,74.73,84,183093,215461
[Recv] <<< 75:ac:a7:b3:2e:45,2451,-18,1334,137.31,74.73,74,183167,215535
[Recv] <<< 75:ac:a7:b3:2e:45,2452,-17,1335,137.26,74.73,72,183239,215607
[Recv] <<< 75:ac:a7:b3:2e:45,2453,-17,1336,137.21,74.73,75,183314,215682
[Recv] <<< 75:ac:a7:b3:2e:45,2455,-17,1337,137.23,74.73,156,183470,215838
[Recv] <<< 75:ac:a7:b3:2e:45,2456,-17,1338,137.18,74.73,71,183541,215909
[Recv] <<< 75:ac:a7:b3:2e:45,2457,-17,1339,137.13,74.73,73,183614,215982
[Recv] <<< 75:ac:a7:b3:2e:45,2458,-17,1340,137.08,74.73,75,183689,216057
[Recv] <<< 75:ac:a7:b3:2e:45,2460,-17,1341,137.09,74.73,151,183840,216208
[Recv] <<< 75:ac:a7:b3:2e:45,2461,-18,1342,137.04,74.73,73,183913,216281
[Recv] <<< 75:ac:a7:b3:2e:45,2462,-17,1343,137.00,74.73,83,183996,216364
[Recv] <<< 75:ac:a7:b3:2e:45,2463,-17,1344,136.95,74.73,67,184063,216431
[Recv] <<< 75:ac:a7:b3:2e:45,2464,-17,1345,136.91,74.73,81,184144,216512
[Recv] <<< 75:ac:a7:b3:2e:45,2465,-17,1346,136.86,74.73,66,184210,216578
[Recv] <<< 75:ac:a7:b3:2e:45,2466,-17,1347,136.81,74.73,78,184288,216656
[Recv] <<< 75:ac:a7:b3:2e:45,2467,-17,1348,136.78,74.74,85,184373,216741
[Recv] <<< 75:ac:a7:b3:2e:45,2468,-17,1349,136.73,74.73,72,184445,216813
[Recv] <<< 75:ac:a7:b3:2e:45,2469,-17,1350,136.68,74.74,76,184521,216889
[Recv] <<< 75:ac:a7:b3:2e:45,2470,-17,1351,136.63,74.73,65,184586,216954
[Recv] <<< 75:ac:a7:b3:2e:45,2471,-18,1352,136.59,74.73,84,184670,217038
[Recv] <<< 75:ac:a7:b3:2e:45,2472,-18,1353,136.54,74.73,65,184735,217103
[Recv] <<< 75:ac:a7:b3:2e:45,2474,-17,1354,136.55,74.73,151,184886,217254
[Recv] <<< 75:ac:a7:b3:2e:45,2475,-17,1355,136.50,74.73,75,184961,217329
[Recv] <<< 75:ac:a7:b3:2e:45,2476,-17,1356,136.46,74.73,72,185033,217401
[Recv] <<< 75:ac:a7:b3:2e:45,2478,-17,1357,136.46,74.73,138,185171,217539
[Recv] <<< 75:ac:a7:b3:2e:45,2479,-17,1358,136.41,74.73,73,185244,217612
[Recv] <<< 75:ac:a7:b3:2e:45,2480,-18,1359,136.36,74.73,76,185320,217688
[Recv] <<< 75:ac:a7:b3:2e:45,2481,-18,1360,136.31,74.72,67,185387,217755
[Recv] <<< 75:ac:a7:b3:2e:45,2482,-18,1361,136.27,74.72,70,185457,217825
[Recv] <<< 75:ac:a7:b3:2e:45,2483,-18,1362,136.21,74.72,64,185521,217889
[Recv] <<< 75:ac:a7:b3:2e:45,2498,-17,1363,136.92,74.71,1105,186626,218994
[Recv] <<< 75:ac:a7:b3:2e:45,2499,-17,1364,136.87,74.71,70,186696,219064
[Recv] <<< 75:ac:a7:b3:2e:45,2500,-17,1365,136.83,74.71,72,186768,219136
[Recv] <<< 75:ac:a7:b3:2e:45,2504,-18,1366,136.95,74.71,300,187068,219436
[Recv] <<< 75:ac:a7:b3:2e:45,2505,-17,1367,136.89,74.70,65,187133,219501
[Recv] <<< 75:ac:a7:b3:2e:45,2509,-17,1368,137.02,74.71,305,187438,219806
[Recv] <<< 75:ac:a7:b3:2e:45,2512,-18,1369,137.08,74.71,227,187665,220033
[Recv] <<< 75:ac:a7:b3:2e:45,2513,-17,1370,137.04,74.71,73,187738,220106
[Recv] <<< 75:ac:a7:b3:2e:45,2516,-18,1371,137.11,74.71,237,187975,220343
[Recv] <<< 75:ac:a7:b3:2e:45,2517,-18,1372,137.05,74.71,59,188034,220402
[Recv] <<< 75:ac:a7:b3:2e:45,2519,-18,1373,137.06,74.71,152,188186,220554
[Recv] <<< 75:ac:a7:b3:2e:45,2521,-17,1374,137.07,74.71,154,188340,220708
[Recv] <<< 75:ac:a7:b3:2e:45,2522,-17,1375,137.02,74.71,67,188407,220775
[Recv] <<< 75:ac:a7:b3:2e:45,2523,-17,1376,136.97,74.70,69,188476,220844
[Recv] <<< 75:ac:a7:b3:2e:45,2531,-17,1377,137.30,74.70,587,189063,221431
[Recv] <<< 75:ac:a7:b3:2e:45,2534,-17,1378,137.37,74.70,233,189296,221664
[Recv] <<< 75:ac:a7:b3:2e:45,2537,-17,1379,137.43,74.70,223,189519,221887
[Recv] <<< 75:ac:a7:b3:2e:45,2538,-17,1380,137.38,74.70,71,189590,221958
[Recv] <<< 75:ac:a7:b3:2e:45,2539,-17,1381,137.34,74.70,72,189662,222030
[Recv] <<< 75:ac:a7:b3:2e:45,2541,-18,1382,137.34,74.70,140,189802,222170
[Recv] <<< 75:ac:a7:b3:2e:45,2543,-18,1383,137.35,74.70,150,189952,222320
[Recv] <<< 75:ac:a7:b3:2e:45,2547,-17,1384,137.47,74.70,301,190253,222621
[Recv] <<< 75:ac:a7:b3:2e:45,2555,-17,1385,137.78,74.68,566,190819,223187
[Recv] <<< 75:ac:a7:b3:2e:45,2556,-18,1386,137.73,74.69,76,190895,223263
[Recv] <<< 75:ac:a7:b3:2e:45,2559,-18,1387,137.79,74.68,218,191113,223481
[Recv] <<< 75:ac:a7:b3:2e:45,2560,-17,1388,137.75,74.69,81,191194,223562
[Recv] <<< 75:ac:a7:b3:2e:45,2561,-17,1389,137.70,74.68,69,191263,223631
[Recv] <<< 75:ac:a7:b3:2e:45,2564,-18,1390,137.77,74.69,235,191498,223866
[Recv] <<< 75:ac:a7:b3:2e:45,2567,-17,1391,137.83,74.69,226,191724,224092
[Recv] <<< 75:ac:a7:b3:2e:45,2569,-18,1392,137.84,74.69,143,191867,224235
[Recv] <<< 75:ac:a7:b3:2e:45,2573,-17,1393,137.94,74.68,290,192157,224525
[Recv] <<< 75:ac:a7:b3:2e:45,2575,-17,1394,137.95,74.68,144,192301,224669
[Recv] <<< 75:ac:a7:b3:2e:45,2576,-18,1395,137.91,74.68,79,192380,224748
[Recv] <<< 75:ac:a7:b3:2e:45,2578,-17,1396,137.91,74.68,141,192521,224889
[Recv] <<< 75:ac:a7:b3:2e:45,2584,-18,1397,138.13,74.68,450,192971,225339
[Recv] <<< 75:ac:a7:b3:2e:45,2585,-17,1398,138.09,74.68,78,193049,225417
[Recv] <<< 75:ac:a7:b3:2e:45,2586,-17,1399,138.04,74.68,71,193120,225488
[Recv] <<< 75:ac:a7:b3:2e:45,2587,-17,1400,138.00,74.68,77,193197,225565
[Recv] <<< 75:ac:a7:b3:2e:45,2588,-17,1401,137.95,74.68,66,193263,225631
[Recv] <<< 75:ac:a7:b3:2e:45,2589,-17,1402,137.90,74.67,66,193329,225697
[Recv] <<< 75:ac:a7:b3:2e:45,2590,-17,1403,137.84,74.67,67,193396,225764
[Recv] <<< 75:ac:a7:b3:2e:45,2592,-17,1404,137.86,74.67,157,193553,225921
[Recv] <<< 75:ac:a7:b3:2e:45,2593,-17,1405,137.81,74.67,69,193622,225990
[Recv] <<< 75:ac:a7:b3:2e:45,2594,-18,1406,137.76,74.67,70,193692,226060
[Recv] <<< 75:ac:a7:b3:2e:45,2595,-18,1407,137.72,74.67,74,193766,226134
[Recv] <<< 75:ac:a7:b3:2e:45,2600,-18,1408,137.88,74.67,370,194136,226504
[Recv] <<< 75:ac:a7:b3:2e:45,2601,-17,1409,137.84,74.67,75,194211,226579
[Recv] <<< 75:ac:a7:b3:2e:45,2602,-17,1410,137.80,74.67,80,194291,226659
[Recv] <<< 75:ac:a7:b3:2e:45,2603,-17,1411,137.75,74.67,80,194371,226739
[Recv] <<< 75:ac:a7:b3:2e:45,2605,-18,1412,137.76,74.67,150,194521,226889
[Recv] <<< 75:ac:a7:b3:2e:45,2606,-17,1413,137.72,74.67,76,194597,226965
[Recv] <<< 75:ac:a7:b3:2e:45,2607,-17,1414,137.67,74.67,72,194669,227037
[Recv] <<< 75:ac:a7:b3:2e:45,2611,-18,1415,137.78,74.67,294,194963,227331
[Recv] <<< 75:ac:a7:b3:2e:45,2612,-17,1416,137.74,74.67,78,195041,227409
[Recv] <<< 75:ac:a7:b3:2e:45,2613,-17,1417,137.69,74.67,70,195111,227479
[Recv] <<< 75:ac:a7:b3:2e:45,2614,-17,1418,137.65,74.67,75,195186,227554
[Recv] <<< 75:ac:a7:b3:2e:45,2615,-17,1419,137.60,74.67,67,195253,227621
[Recv] <<< 75:ac:a7:b3:2e:45,2619,-17,1420,137.70,74.66,286,195539,227907
[Recv] <<< 75:ac:a7:b3:2e:45,2624,-17,1421,137.85,74.65,349,195888,228256
[Recv] <<< 75:ac:a7:b3:2e:45,2630,-17,1422,138.06,74.64,428,196316,228684
[Recv] <<< 75:ac:a7:b3:2e:45,2631,-17,1423,138.00,74.64,65,196381,228749
[Recv] <<< 75:ac:a7:b3:2e:45,2632,-17,1424,137.96,74.64,72,196453,228821
[Recv] <<< 75:ac:a7:b3:2e:45,2634,-17,1425,137.97,74.64,150,196603,228971
[Recv] <<< 75:ac:a7:b3:2e:45,2635,-17,1426,137.92,74.64,76,196679,229047
[Recv] <<< 75:ac:a7:b3:2e:45,2636,-17,1427,137.88,74.64,69,196748,229116
[Recv] <<< 75:ac:a7:b3:2e:45,2637,-17,1428,137.83,74.64,77,196825,229193
[Recv] <<< 75:ac:a7:b3:2e:45,2638,-17,1429,137.78,74.64,63,196888,229256
[Recv] <<< 75:ac:a7:b3:2e:45,2641,-18,1430,137.84,74.64,225,197113,229481
[Recv] <<< 75:ac:a7:b3:2e:45,2646,-17,1431,138.01,74.64,375,197488,229856
[Recv] <<< 75:ac:a7:b3:2e:45,2647,-17,1432,137.96,74.64,71,197559,229927
[Recv] <<< 75:ac:a7:b3:2e:45,2650,-18,1433,138.01,74.63,216,197775,230143
[Recv] <<< 75:ac:a7:b3:2e:45,2651,-18,1434,137.97,74.63,69,197844,230212
[Recv] <<< 75:ac:a7:b3:2e:45,2652,-18,1435,137.92,74.63,73,197917,230285
[Recv] <<< 75:ac:a7:b3:2e:45,2653,-18,1436,137.88,74.63,73,197990,230358
[Recv] <<< 75:ac:a7:b3:2e:45,2658,-17,1437,138.03,74.62,363,198353,230721
[Recv] <<< 75:ac:a7:b3:2e:45,2660,-17,1438,138.04,74.62,147,198500,230868
[Recv] <<< 75:ac:a7:b3:2e:45,2661,-17,1439,138.00,74.63,81,198581,230949
[Recv] <<< 75:ac:a7:b3:2e:45,2662,-17,1440,137.95,74.62,70,198651,231019
[Recv] <<< 75:ac:a7:b3:2e:45,2669,-17,1441,138.20,74.62,501,199152,231520
[Recv] <<< 75:ac:a7:b3:2e:45,2672,-17,1442,138.27,74.62,233,199385,231753
[Recv] <<< 75:ac:a7:b3:2e:45,2673,-17,1443,138.22,74.62,65,199450,231818
[Recv] <<< 75:ac:a7:b3:2e:45,2674,-17,1444,138.18,74.62,85,199535,231903
[Recv] <<< 75:ac:a7:b3:2e:45,2676,-18,1445,138.19,74.62,155,199690,232058
[Recv] <<< 75:ac:a7:b3:2e:45,2677,-17,1446,138.15,74.62,77,199767,232135
[Recv] <<< 75:ac:a7:b3:2e:45,2679,-18,1447,138.16,74.63,156,199923,232291
[Recv] <<< 75:ac:a7:b3:2e:45,2680,-18,1448,138.12,74.63,81,200004,232372
[Recv] <<< 75:ac:a7:b3:2e:45,2684,-17,1449,138.24,74.63,310,200314,232682
[Recv] <<< 75:ac:a7:b3:2e:45,2687,-17,1450,138.31,74.64,241,200555,232923
[Recv] <<< 75:ac:a7:b3:2e:45,2688,-18,1451,138.28,74.64,87,200642,233010
[Recv] <<< 75:ac:a7:b3:2e:45,2689,-17,1452,138.24,74.65,82,200724,233092
[Recv] <<< 75:ac:a7:b3:2e:45,2691,-18,1453,138.25,74.65,160,200884,233252
[Recv] <<< 75:ac:a7:b3:2e:45,2692,-17,1454,138.22,74.65,83,200967,233335
[Recv] <<< 75:ac:a7:b3:2e:45,2693,-17,1455,138.18,74.65,78,201045,233413
[Recv] <<< 75:ac:a7:b3:2e:45,2695,-17,1456,138.19,74.66,164,201209,233577
[Recv] <<< 75:ac:a7:b3:2e:45,2697,-18,1457,138.21,74.66,159,201368,233736
[Recv] <<< 75:ac:a7:b3:2e:45,2698,-17,1458,138.17,74.66,78,201446,233814
[Recv] <<< 75:ac:a7:b3:2e:45,2699,-18,1459,138.13,74.67,91,201537,233905
[Recv] <<< 75:ac:a7:b3:2e:45,2700,-17,1460,138.09,74.67,77,201614,233982
[Recv] <<< 75:ac:a7:b3:2e:45,2701,-17,1461,138.05,74.67,79,201693,234061
[Recv] <<< 75:ac:a7:b3:2e:45,2702,-17,1462,138.01,74.68,82,201775,234143
[Recv] <<< 75:ac:a7:b3:2e:45,2703,-18,1463,137.98,74.68,83,201858,234226
[Recv] <<< 75:ac:a7:b3:2e:45,2706,-17,1464,138.04,74.68,230,202088,234456
[Recv] <<< 75:ac:a7:b3:2e:45,2708,-17,1465,138.05,74.69,162,202250,234618
[Recv] <<< 75:ac:a7:b3:2e:45,2710,-18,1466,138.07,74.69,160,202410,234778
[Recv] <<< 75:ac:a7:b3:2e:45,2711,-17,1467,138.03,74.69,86,202496,234864
[Recv] <<< 75:ac:a7:b3:2e:45,2713,-18,1468,138.05,74.70,160,202656,235024
[Recv] <<< 75:ac:a7:b3:2e:45,2714,-17,1469,138.01,74.70,86,202742,235110
[Recv] <<< 75:ac:a7:b3:2e:45,2715,-17,1470,137.97,74.70,75,202817,235185
[Recv] <<< 75:ac:a7:b3:2e:45,2716,-18,1471,137.94,74.71,88,202905,235273
[Recv] <<< 75:ac:a7:b3:2e:45,2717,-17,1472,137.90,74.71,84,202989,235357
[Recv] <<< 75:ac:a7:b3:2e:45,2718,-17,1473,137.86,74.71,80,203069,235437
[Recv] <<< 75:ac:a7:b3:2e:45,2719,-18,1474,137.83,74.72,88,203157,235525
[Recv] <<< 75:ac:a7:b3:2e:45,2720,-17,1475,137.79,74.72,84,203241,235609
[Recv] <<< 75:ac:a7:b3:2e:45,2722,-18,1476,137.81,74.73,161,203402,235770
[Recv] <<< 75:ac:a7:b3:2e:45,2723,-17,1477,137.77,74.73,82,203484,235852
[Recv] <<< 75:ac:a7:b3:2e:45,2724,-17,1478,137.73,74.73,83,203567,235935
[Recv] <<< 75:ac:a7:b3:2e:45,2725,-18,1479,137.69,74.73,79,203646,236014
[Recv] <<< 75:ac:a7:b3:2e:45,2727,-17,1480,137.71,74.74,168,203814,236182
[Recv] <<< 75:ac:a7:b3:2e:45,2729,-18,1481,137.73,74.74,162,203976,236344
[Recv] <<< 75:ac:a7:b3:2e:45,2730,-17,1482,137.69,74.75,80,204056,236424
[Recv] <<< 75:ac:a7:b3:2e:45,2731,-17,1483,137.65,74.75,84,204140,236508
[Recv] <<< 75:ac:a7:b3:2e:45,2732,-18,1484,137.61,74.75,80,204220,236588
[Recv] <<< 75:ac:a7:b3:2e:45,2733,-17,1485,137.58,74.75,84,204304,236672
[Recv] <<< 75:ac:a7:b3:2e:45,2734,-17,1486,137.54,74.75,75,204379,236747
[Recv] <<< 75:ac:a7:b3:2e:45,2735,-18,1487,137.50,74.76,84,204463,236831
[Recv] <<< 75:ac:a7:b3:2e:45,2736,-18,1488,137.46,74.76,80,204543,236911
[Recv] <<< 75:ac:a7:b3:2e:45,2737,-17,1489,137.43,74.76,85,204628,236996
[Recv] <<< 75:ac:a7:b3:2e:45,2739,-17,1490,137.45,74.77,172,204800,237168
[Recv] <<< 75:ac:a7:b3:2e:45,2740,-17,1491,137.41,74.77,77,204877,237245
[Recv] <<< 75:ac:a7:b3:2e:45,2741,-18,1492,137.37,74.77,78,204955,237323
[Recv] <<< 75:ac:a7:b3:2e:45,2744,-17,1493,137.44,74.78,244,205199,237567
[Recv] <<< 75:ac:a7:b3:2e:45,2745,-18,1494,137.41,74.79,88,205287,237655
[Recv] <<< 75:ac:a7:b3:2e:45,2747,-17,1495,137.42,74.79,162,205449,237817
[Recv] <<< 75:ac:a7:b3:2e:45,2749,-18,1496,137.43,74.79,151,205600,237968
[Recv] <<< 75:ac:a7:b3:2e:45,2750,-17,1497,137.40,74.79,86,205686,238054
[Recv] <<< 75:ac:a7:b3:2e:45,2751,-17,1498,137.36,74.80,83,205769,238137
[Recv] <<< 75:ac:a7:b3:2e:45,2752,-18,1499,137.32,74.80,77,205846,238214
[Recv] <<< 75:ac:a7:b3:2e:45,2753,-17,1500,137.29,74.81,93,205939,238307
[Recv] <<< 75:ac:a7:b3:2e:45,2754,-17,1501,137.26,74.81,84,206023,238391
[Recv] <<< 75:ac:a7:b3:2e:45,2757,-17,1502,137.33,74.82,247,206270,238638
[Recv] <<< 75:ac:a7:b3:2e:45,2759,-17,1503,137.35,74.82,164,206434,238802
[Recv] <<< 75:ac:a7:b3:2e:45,2760,-17,1504,137.31,74.83,84,206518,238886
[Recv] <<< 75:ac:a7:b3:2e:45,2762,-18,1505,137.32,74.82,148,206666,239034
[Recv] <<< 75:ac:a7:b3:2e:45,2763,-17,1506,137.29,74.83,86,206752,239120
[Recv] <<< 75:ac:a7:b3:2e:45,2764,-17,1507,137.25,74.83,82,206834,239202
[Recv] <<< 75:ac:a7:b3:2e:45,2765,-18,1508,137.21,74.83,79,206913,239281
[Recv] <<< 75:ac:a7:b3:2e:45,2766,-17,1509,137.17,74.84,82,206995,239363
[Recv] <<< 75:ac:a7:b3:2e:45,2767,-17,1510,137.13,74.84,78,207073,239441
[Recv] <<< 75:ac:a7:b3:2e:45,2768,-18,1511,137.10,74.84,88,207161,239529
[Recv] <<< 75:ac:a7:b3:2e:45,2769,-17,1512,137.06,74.84,75,207236,239604
[Recv] <<< 75:ac:a7:b3:2e:45,2770,-17,1513,137.02,74.84,74,207310,239678
[Recv] <<< 75:ac:a7:b3:2e:45,2771,-18,1514,136.98,74.84,84,207394,239762
[Recv] <<< 75:ac:a7:b3:2e:45,2772,-17,1515,136.95,74.85,82,207476,239844
[Recv] <<< 75:ac:a7:b3:2e:45,2773,-17,1516,136.91,74.85,72,207548,239916
[Recv] <<< 75:ac:a7:b3:2e:45,2774,-17,1517,136.86,74.85,74,207622,239990
[Recv] <<< 75:ac:a7:b3:2e:45,2775,-18,1518,136.83,74.85,82,207704,240072
[Recv] <<< 75:ac:a7:b3:2e:45,2776,-17,1519,136.79,74.85,84,207788,240156
[Recv] <<< 75:ac:a7:b3:2e:45,2778,-18,1520,136.81,74.86,165,207953,240321
[Recv] <<< 75:ac:a7:b3:2e:45,2779,-17,1521,136.78,74.86,82,208035,240403
[Recv] <<< 75:ac:a7:b3:2e:45,2781,-18,1522,136.79,74.86,163,208198,240566
[Recv] <<< 75:ac:a7:b3:2e:45,2783,-17,1523,136.80,74.86,151,208349,240717
[Recv] <<< 75:ac:a7:b3:2e:45,2786,-18,1524,136.87,74.87,242,208591,240959
[Recv] <<< 75:ac:a7:b3:2e:45,2787,-17,1525,136.83,74.87,79,208670,241038
[Recv] <<< 75:ac:a7:b3:2e:45,2788,-17,1526,136.79,74.87,79,208749,241117
[Recv] <<< 75:ac:a7:b3:2e:45,2789,-17,1527,136.75,74.87,72,208821,241189
[Recv] <<< 75:ac:a7:b3:2e:45,2795,-18,1528,136.96,74.87,453,209274,241642
[Recv] <<< 75:ac:a7:b3:2e:45,2797,-17,1529,136.97,74.88,152,209426,241794
[Recv] <<< 75:ac:a7:b3:2e:45,2802,-18,1530,137.12,74.88,375,209801,242169
[Recv] <<< 75:ac:a7:b3:2e:45,2803,-18,1531,137.08,74.87,67,209868,242236
[Recv] <<< 75:ac:a7:b3:2e:45,2804,-17,1532,137.04,74.87,77,209945,242313
[Recv] <<< 75:ac:a7:b3:2e:45,2807,-18,1533,137.10,74.87,226,210171,242539
[Recv] <<< 75:ac:a7:b3:2e:45,2808,-17,1534,137.06,74.88,81,210252,242620
[Recv] <<< 75:ac:a7:b3:2e:45,2809,-17,1535,137.02,74.88,78,210330,242698
[Recv] <<< 75:ac:a7:b3:2e:45,2810,-17,1536,136.98,74.87,67,210397,242765
[Recv] <<< 75:ac:a7:b3:2e:45,2811,-17,1537,136.94,74.88,84,210481,242849
[Recv] <<< 75:ac:a7:b3:2e:45,2812,-17,1538,136.90,74.88,69,210550,242918
[Recv] <<< 75:ac:a7:b3:2e:45,2814,-17,1539,136.91,74.87,148,210698,243066
[Recv] <<< 75:ac:a7:b3:2e:45,2815,-17,1540,136.86,74.87,66,210764,243132
[Recv] <<< 75:ac:a7:b3:2e:45,2817,-17,1541,136.88,74.88,161,210925,243293
[Recv] <<< 75:ac:a7:b3:2e:45,2818,-17,1542,136.84,74.88,79,211004,243372
[Recv] <<< 75:ac:a7:b3:2e:45,2819,-18,1543,136.80,74.88,75,211079,243447
[Recv] <<< 75:ac:a7:b3:2e:45,2820,-17,1544,136.77,74.88,88,211167,243535
[Recv] <<< 75:ac:a7:b3:2e:45,2821,-17,1545,136.72,74.88,70,211237,243605
[Recv] <<< 75:ac:a7:b3:2e:45,2822,-17,1546,136.68,74.88,68,211305,243673
[Recv] <<< 75:ac:a7:b3:2e:45,2823,-17,1547,136.64,74.88,79,211384,243752
[Recv] <<< 75:ac:a7:b3:2e:45,2824,-17,1548,136.60,74.88,69,211453,243821
[Recv] <<< 75:ac:a7:b3:2e:45,2825,-17,1549,136.56,74.88,73,211526,243894
[Recv] <<< 75:ac:a7:b3:2e:45,2828,-17,1550,136.61,74.87,218,211744,244112
[Recv] <<< 75:ac:a7:b3:2e:45,2829,-17,1551,136.57,74.87,74,211818,244186
[Recv] <<< 75:ac:a7:b3:2e:45,2831,-17,1552,136.57,74.87,142,211960,244328
[Recv] <<< 75:ac:a7:b3:2e:45,2833,-18,1553,136.58,74.87,154,212114,244482
[Recv] <<< 75:ac:a7:b3:2e:45,2834,-18,1554,136.54,74.87,72,212186,244554
[Recv] <<< 75:ac:a7:b3:2e:45,2837,-18,1555,136.59,74.87,217,212403,244771
[Recv] <<< 75:ac:a7:b3:2e:45,2838,-18,1556,136.55,74.87,75,212478,244846
[Recv] <<< 75:ac:a7:b3:2e:45,2839,-18,1557,136.52,74.87,80,212558,244926
[Recv] <<< 75:ac:a7:b3:2e:45,2840,-18,1558,136.47,74.87,68,212626,244994
[Recv] <<< 75:ac:a7:b3:2e:45,2841,-18,1559,136.44,74.87,77,212703,245071
[Recv] <<< 75:ac:a7:b3:2e:45,2842,-18,1560,136.39,74.87,72,212775,245143
[Recv] <<< 75:ac:a7:b3:2e:45,2843,-18,1561,136.36,74.87,80,212855,245223
[Recv] <<< 75:ac:a7:b3:2e:45,2847,-17,1562,136.46,74.87,288,213143,245511
[Recv] <<< 75:ac:a7:b3:2e:45,2849,-17,1563,136.46,74.86,145,213288,245656
[Recv] <<< 75:ac:a7:b3:2e:45,2852,-17,1564,136.51,74.86,218,213506,245874
[Recv] <<< 75:ac:a7:b3:2e:45,2854,-17,1565,136.52,74.86,142,213648,246016
[Recv] <<< 75:ac:a7:b3:2e:45,2856,-17,1566,136.53,74.86,162,213810,246178
[Recv] <<< 75:ac:a7:b3:2e:45,2857,-17,1567,136.49,74.86,76,213886,246254
[Recv] <<< 75:ac:a7:b3:2e:45,2858,-17,1568,136.45,74.86,70,213956,246324
[Recv] <<< 75:ac:a7:b3:2e:45,2859,-17,1569,136.41,74.86,72,214028,246396
[Recv] <<< 75:ac:a7:b3:2e:45,2860,-17,1570,136.37,74.86,68,214096,246464
[Recv] <<< 75:ac:a7:b3:2e:45,2865,-18,1571,136.51,74.85,363,214459,246827
[Recv] <<< 75:ac:a7:b3:2e:45,2867,-17,1572,136.52,74.86,158,214617,246985
[Recv] <<< 75:ac:a7:b3:2e:45,2868,-18,1573,136.48,74.86,73,214690,247058
[Recv] <<< 75:ac:a7:b3:2e:45,2869,-17,1574,136.44,74.85,68,214758,247126
[Recv] <<< 75:ac:a7:b3:2e:45,2870,-17,1575,136.41,74.86,80,214838,247206
[Recv] <<< 75:ac:a7:b3:2e:45,2874,-18,1576,136.50,74.85,290,215128,247496
[Recv] <<< 75:ac:a7:b3:2e:45,2875,-17,1577,136.46,74.85,76,215204,247572
[Recv] <<< 75:ac:a7:b3:2e:45,2876,-17,1578,136.42,74.85,61,215265,247633
[Recv] <<< 75:ac:a7:b3:2e:45,2877,-17,1579,136.38,74.85,80,215345,247713
[Recv] <<< 75:ac:a7:b3:2e:45,2878,-17,1580,136.34,74.85,68,215413,247781
[Recv] <<< 75:ac:a7:b3:2e:45,2879,-17,1581,136.30,74.85,77,215490,247858
[Recv] <<< 75:ac:a7:b3:2e:45,2880,-18,1582,136.26,74.85,76,215566,247934
[Recv] <<< 75:ac:a7:b3:2e:45,2883,-17,1583,136.31,74.85,216,215782,248150
[Recv] <<< 75:ac:a7:b3:2e:45,2884,-17,1584,136.27,74.84,67,215849,248217
[Recv] <<< 75:ac:a7:b3:2e:45,2886,-17,1585,136.28,74.84,149,215998,248366
[Recv] <<< 75:ac:a7:b3:2e:45,2888,-17,1586,136.28,74.84,144,216142,248510
[Recv] <<< 75:ac:a7:b3:2e:45,2889,-18,1587,136.25,74.84,81,216223,248591
[Recv] <<< 75:ac:a7:b3:2e:45,2890,-18,1588,136.21,74.84,72,216295,248663
[Recv] <<< 75:ac:a7:b3:2e:45,2891,-18,1589,136.16,74.84,70,216365,248733
[Recv] <<< 75:ac:a7:b3:2e:45,2894,-17,1590,136.22,74.84,221,216586,248954
[Recv] <<< 75:ac:a7:b3:2e:45,2898,-17,1591,136.32,74.84,298,216884,249252
[Recv] <<< 75:ac:a7:b3:2e:45,2899,-17,1592,136.28,74.84,67,216951,249319
[Recv] <<< 75:ac:a7:b3:2e:45,2900,-17,1593,136.23,74.83,67,217018,249386
[Recv] <<< 75:ac:a7:b3:2e:45,2901,-17,1594,136.19,74.83,69,217087,249455
[Recv] <<< 75:ac:a7:b3:2e:45,2902,-17,1595,136.15,74.83,72,217159,249527
[Recv] <<< 75:ac:a7:b3:2e:45,2904,-17,1596,136.15,74.83,143,217302,249670
[Recv] <<< 75:ac:a7:b3:2e:45,2905,-18,1597,136.12,74.83,79,217381,249749
[Recv] <<< 75:ac:a7:b3:2e:45,2908,-17,1598,136.17,74.83,215,217596,249964
[Recv] <<< 75:ac:a7:b3:2e:45,2910,-17,1599,136.18,74.83,152,217748,250116
[Recv] <<< 75:ac:a7:b3:2e:45,2914,-17,1600,136.27,74.82,291,218039,250407
[Recv] <<< 75:ac:a7:b3:2e:45,2921,-17,1601,136.51,74.82,511,218550,250918
[Recv] <<< 75:ac:a7:b3:2e:45,2928,-18,1602,136.74,74.81,500,219050,251418
[Recv] <<< 75:ac:a7:b3:2e:45,2929,-18,1603,136.69,74.81,70,219120,251488
[Recv] <<< 75:ac:a7:b3:2e:45,2930,-17,1604,136.66,74.81,77,219197,251565
[Recv] <<< 75:ac:a7:b3:2e:45,2931,-17,1605,136.62,74.81,75,219272,251640
[Recv] <<< 75:ac:a7:b3:2e:45,2932,-17,1606,136.58,74.81,73,219345,251713
[Recv] <<< 75:ac:a7:b3:2e:45,2933,-17,1607,136.54,74.81,68,219413,251781
[Recv] <<< 75:ac:a7:b3:2e:45,2936,-17,1608,136.58,74.80,213,219626,251994
[Recv] <<< 75:ac:a7:b3:2e:45,2937,-17,1609,136.55,74.81,81,219707,252075
[Recv] <<< 75:ac:a7:b3:2e:45,2938,-18,1610,136.51,74.81,77,219784,252152
[Recv] <<< 75:ac:a7:b3:2e:45,2939,-18,1611,136.47,74.81,73,219857,252225
[Recv] <<< 75:ac:a7:b3:2e:45,2940,-18,1612,136.43,74.80,66,219923,252291
[Recv] <<< 75:ac:a7:b3:2e:45,2941,-17,1613,136.39,74.80,73,219996,252364
[Recv] <<< 75:ac:a7:b3:2e:45,2942,-17,1614,136.35,74.80,76,220072,252440
[Recv] <<< 75:ac:a7:b3:2e:45,2943,-18,1615,136.32,74.81,80,220152,252520
[Recv] <<< 75:ac:a7:b3:2e:45,2944,-18,1616,136.28,74.81,76,220228,252596
[Recv] <<< 75:ac:a7:b3:2e:45,2945,-17,1617,136.24,74.80,71,220299,252667
[Recv] <<< 75:ac:a7:b3:2e:45,2947,-17,1618,136.24,74.80,145,220444,252812
[Recv] <<< 75:ac:a7:b3:2e:45,2948,-17,1619,136.20,74.80,66,220510,252878
[Recv] <<< 75:ac:a7:b3:2e:45,2949,-17,1620,136.17,74.80,82,220592,252960
[Recv] <<< 75:ac:a7:b3:2e:45,2950,-17,1621,136.13,74.80,69,220661,253029
[Recv] <<< 75:ac:a7:b3:2e:45,2951,-17,1622,136.09,74.80,73,220734,253102
[Recv] <<< 75:ac:a7:b3:2e:45,2952,-18,1623,136.05,74.80,68,220802,253170
[Recv] <<< 75:ac:a7:b3:2e:45,2953,-18,1624,136.01,74.80,72,220874,253242
[Recv] <<< 75:ac:a7:b3:2e:45,2954,-17,1625,135.97,74.80,78,220952,253320
[Recv] <<< 75:ac:a7:b3:2e:45,2956,-18,1626,135.98,74.80,149,221101,253469
[Recv] <<< 75:ac:a7:b3:2e:45,2957,-18,1627,135.94,74.80,68,221169,253537
[Recv] <<< 75:ac:a7:b3:2e:45,2960,-18,1628,135.99,74.79,220,221389,253757
[Recv] <<< 75:ac:a7:b3:2e:45,2961,-18,1629,135.95,74.79,66,221455,253823
[Recv] <<< 75:ac:a7:b3:2e:45,2962,-17,1630,135.91,74.79,78,221533,253901
[Recv] <<< 75:ac:a7:b3:2e:45,2964,-18,1631,135.92,74.79,154,221687,254055
[Recv] <<< 75:ac:a7:b3:2e:45,2965,-18,1632,135.88,74.79,72,221759,254127
[Recv] <<< 75:ac:a7:b3:2e:45,2966,-18,1633,135.84,74.79,67,221826,254194
[Recv] <<< 75:ac:a7:b3:2e:45,2967,-17,1634,135.80,74.79,76,221902,254270
[Recv] <<< 75:ac:a7:b3:2e:45,2969,-17,1635,135.80,74.79,137,222039,254407
[Recv] <<< 75:ac:a7:b3:2e:45,2970,-17,1636,135.76,74.78,72,222111,254479
[Recv] <<< 75:ac:a7:b3:2e:45,2971,-18,1637,135.73,74.79,81,222192,254560
[Recv] <<< 75:ac:a7:b3:2e:45,2976,-17,1638,135.87,74.78,368,222560,254928
[Recv] <<< 75:ac:a7:b3:2e:45,2977,-17,1639,135.83,74.78,72,222632,255000
[Recv] <<< 75:ac:a7:b3:2e:45,2980,-18,1640,135.88,74.78,215,222847,255215
[Recv] <<< 75:ac:a7:b3:2e:45,2981,-18,1641,135.84,74.78,68,222915,255283
[Recv] <<< 75:ac:a7:b3:2e:45,2982,-18,1642,135.81,74.78,77,222992,255360
[Recv] <<< 75:ac:a7:b3:2e:45,2983,-18,1643,135.76,74.78,69,223061,255429
[Recv] <<< 75:ac:a7:b3:2e:45,2984,-18,1644,135.72,74.78,68,223129,255497
[Recv] <<< 75:ac:a7:b3:2e:45,2986,-18,1645,135.73,74.77,145,223274,255642
[Recv] <<< 75:ac:a7:b3:2e:45,2987,-18,1646,135.69,74.77,75,223349,255717
[Recv] <<< 75:ac:a7:b3:2e:45,2989,-17,1647,135.70,74.77,145,223494,255862
[Recv] <<< 75:ac:a7:b3:2e:45,2990,-17,1648,135.66,74.77,80,223574,255942
[Recv] <<< 75:ac:a7:b3:2e:45,2992,-17,1649,135.67,74.77,144,223718,256086
[Recv] <<< 75:ac:a7:b3:2e:45,2993,-17,1650,135.63,74.77,71,223789,256157
[Recv] <<< 75:ac:a7:b3:2e:45,2994,-17,1651,135.59,74.77,69,223858,256226
[Recv] <<< 75:ac:a7:b3:2e:45,2995,-17,1652,135.56,74.77,80,223938,256306
[Recv] <<< 75:ac:a7:b3:2e:45,2996,-17,1653,135.52,74.77,70,224008,256376
[Recv] <<< 75:ac:a7:b3:2e:45,2998,-17,1654,135.52,74.77,143,224151,256519
[Recv] <<< 75:ac:a7:b3:2e:45,2999,-18,1655,135.48,74.77,73,224224,256592
[Recv] <<< 75:ac:a7:b3:2e:45,3001,-17,1656,135.49,74.76,143,224367,256735
[Recv] <<< 75:ac:a7:b3:2e:45,3003,-17,1657,135.50,74.76,150,224517,256885
[Recv] <<< 75:ac:a7:b3:2e:45,3004,-17,1658,135.46,74.76,68,224585,256953
[Recv] <<< 75:ac:a7:b3:2e:45,3005,-17,1659,135.42,74.76,73,224658,257026
[Recv] <<< 75:ac:a7:b3:2e:45,3006,-17,1660,135.39,74.76,82,224740,257108
[Recv] <<< 75:ac:a7:b3:2e:45,3007,-17,1661,135.35,74.76,77,224817,257185
[Recv] <<< 75:ac:a7:b3:2e:45,3009,-18,1662,135.36,74.76,146,224963,257331
[Recv] <<< 75:ac:a7:b3:2e:45,3010,-18,1663,135.32,74.76,70,225033,257401
[Recv] <<< 75:ac:a7:b3:2e:45,3011,-17,1664,135.28,74.76,79,225112,257480
[Recv] <<< 75:ac:a7:b3:2e:45,3014,-17,1665,135.33,74.76,211,225323,257691
[Recv] <<< 75:ac:a7:b3:2e:45,3015,-17,1666,135.29,74.76,69,225392,257760
[Recv] <<< 75:ac:a7:b3:2e:45,3016,-17,1667,135.25,74.75,67,225459,257827
[Recv] <<< 75:ac:a7:b3:2e:45,3017,-17,1668,135.21,74.76,77,225536,257904
[Recv] <<< 75:ac:a7:b3:2e:45,3022,-17,1669,135.35,74.75,371,225907,258275
[Recv] <<< 75:ac:a7:b3:2e:45,3023,-17,1670,135.32,74.75,73,225980,258348
[Recv] <<< 75:ac:a7:b3:2e:45,3024,-17,1671,135.28,74.75,73,226053,258421
[Recv] <<< 75:ac:a7:b3:2e:45,3027,-17,1672,135.33,74.75,227,226280,258648
[Recv] <<< 75:ac:a7:b3:2e:45,3030,-17,1673,135.38,74.75,209,226489,258857
[Recv] <<< 75:ac:a7:b3:2e:45,3032,-18,1674,135.39,74.75,150,226639,259007
[Recv] <<< 75:ac:a7:b3:2e:45,3033,-17,1675,135.36,74.75,81,226720,259088
[Recv] <<< 75:ac:a7:b3:2e:45,3034,-17,1676,135.32,74.75,70,226790,259158
[Recv] <<< 75:ac:a7:b3:2e:45,3037,-17,1677,135.36,74.75,215,227005,259373
[Recv] <<< 75:ac:a7:b3:2e:45,3038,-18,1678,135.33,74.75,80,227085,259453
[Recv] <<< 75:ac:a7:b3:2e:45,3050,-17,1679,135.77,74.74,871,227956,260324
[Recv] <<< 75:ac:a7:b3:2e:45,3051,-17,1680,135.73,74.74,65,228021,260389
[Recv] <<< 75:ac:a7:b3:2e:45,3054,-17,1681,135.78,74.74,229,228250,260618
[Recv] <<< 75:ac:a7:b3:2e:45,3055,-17,1682,135.74,74.74,66,228316,260684
[Recv] <<< 75:ac:a7:b3:2e:45,3056,-17,1683,135.71,74.74,81,228397,260765
[Recv] <<< 75:ac:a7:b3:2e:45,3057,-17,1684,135.67,74.74,72,228469,260837
[Recv] <<< 75:ac:a7:b3:2e:45,3058,-17,1685,135.63,74.73,67,228536,260904
[Recv] <<< 75:ac:a7:b3:2e:45,3059,-17,1686,135.59,74.73,72,228608,260976
[Recv] <<< 75:ac:a7:b3:2e:45,3061,-18,1687,135.60,74.73,150,228758,261126
[Recv] <<< 75:ac:a7:b3:2e:45,3066,-17,1688,135.74,74.73,368,229126,261494
[Recv] <<< 75:ac:a7:b3:2e:45,3068,-17,1689,135.74,74.73,145,229271,261639
[Recv] <<< 75:ac:a7:b3:2e:45,3069,-17,1690,135.71,74.73,80,229351,261719
[Recv] <<< 75:ac:a7:b3:2e:45,3071,-17,1691,135.72,74.73,146,229497,261865
[Recv] <<< 75:ac:a7:b3:2e:45,3073,-17,1692,135.72,74.73,149,229646,262014
[Recv] <<< 75:ac:a7:b3:2e:45,3076,-18,1693,135.77,74.73,219,229865,262233
[Recv] <<< 75:ac:a7:b3:2e:45,3077,-18,1694,135.74,74.73,76,229941,262309
[Recv] <<< 75:ac:a7:b3:2e:45,3080,-18,1695,135.78,74.72,210,230151,262519
[Recv] <<< 75:ac:a7:b3:2e:45,3081,-18,1696,135.75,74.72,76,230227,262595
[Recv] <<< 75:ac:a7:b3:2e:45,3082,-17,1697,135.71,74.73,76,230303,262671
[Recv] <<< 75:ac:a7:b3:2e:45,3083,-17,1698,135.68,74.73,75,230378,262746
[Recv] <<< 75:ac:a7:b3:2e:45,3084,-17,1699,135.64,74.72,72,230450,262818
[Recv] <<< 75:ac:a7:b3:2e:45,3085,-17,1700,135.60,74.72,73,230523,262891
[Recv] <<< 75:ac:a7:b3:2e:45,3087,-17,1701,135.61,74.72,153,230676,263044
[Recv] <<< 75:ac:a7:b3:2e:45,3088,-17,1702,135.58,74.73,75,230751,263119
[Recv] <<< 75:ac:a7:b3:2e:45,3089,-17,1703,135.54,74.72,74,230825,263193
[Recv] <<< 75:ac:a7:b3:2e:45,3090,-17,1704,135.50,74.72,64,230889,263257
[Recv] <<< 75:ac:a7:b3:2e:45,3093,-18,1705,135.55,74.72,221,231110,263478
[Recv] <<< 75:ac:a7:b3:2e:45,3094,-18,1706,135.51,74.72,74,231184,263552
[Recv] <<< 75:ac:a7:b3:2e:45,3095,-18,1707,135.47,74.72,64,231248,263616
[Recv] <<< 75:ac:a7:b3:2e:45,3096,-18,1708,135.44,74.72,83,231331,263699
[Recv] <<< 75:ac:a7:b3:2e:45,3098,-17,1709,135.44,74.72,143,231474,263842
[Recv] <<< 75:ac:a7:b3:2e:45,3099,-17,1710,135.41,74.72,83,231557,263925
[Recv] <<< 75:ac:a7:b3:2e:45,3101,-17,1711,135.42,74.72,148,231705,264073
[Recv] <<< 75:ac:a7:b3:2e:45,3102,-17,1712,135.38,74.72,66,231771,264139
[Recv] <<< 75:ac:a7:b3:2e:45,3103,-17,1713,135.34,74.72,72,231843,264211
[Recv] <<< 75:ac:a7:b3:2e:45,3106,-17,1714,135.39,74.71,220,232063,264431
[Recv] <<< 75:ac:a7:b3:2e:45,3107,-17,1715,135.36,74.72,77,232140,264508
[Recv] <<< 75:ac:a7:b3:2e:45,3108,-17,1716,135.32,74.71,64,232204,264572
[Recv] <<< 75:ac:a7:b3:2e:45,3110,-18,1717,135.33,74.72,162,232366,264734
[Recv] <<< 75:ac:a7:b3:2e:45,3111,-17,1718,135.29,74.71,69,232435,264803
[Recv] <<< 75:ac:a7:b3:2e:45,3112,-17,1719,135.26,74.71,72,232507,264875
[Recv] <<< 75:ac:a7:b3:2e:45,3113,-17,1720,135.22,74.71,70,232577,264945
[Recv] <<< 75:ac:a7:b3:2e:45,3118,-17,1721,135.35,74.70,352,232929,265297
[Recv] <<< 75:ac:a7:b3:2e:45,3119,-17,1722,135.31,74.71,76,233005,265373
[Recv] <<< 75:ac:a7:b3:2e:45,3122,-17,1723,135.36,74.70,219,233224,265592
[Recv] <<< 75:ac:a7:b3:2e:45,3123,-17,1724,135.32,74.70,70,233294,265662
[Recv] <<< 75:ac:a7:b3:2e:45,3124,-17,1725,135.29,74.70,80,233374,265742
[Recv] <<< 75:ac:a7:b3:2e:45,3125,-17,1726,135.25,74.70,66,233440,265808
[Recv] <<< 75:ac:a7:b3:2e:45,3126,-18,1727,135.21,74.70,72,233512,265880
[Recv] <<< 75:ac:a7:b3:2e:45,3127,-18,1728,135.18,74.70,73,233585,265953
[Recv] <<< 75:ac:a7:b3:2e:45,3128,-17,1729,135.14,74.70,69,233654,266022
[Recv] <<< 75:ac:a7:b3:2e:45,3129,-17,1730,135.10,74.70,77,233731,266099
[Recv] <<< 75:ac:a7:b3:2e:45,3130,-17,1731,135.07,74.70,69,233800,266168
[Recv] <<< 75:ac:a7:b3:2e:45,3132,-18,1732,135.07,74.70,146,233946,266314
[Recv] <<< 75:ac:a7:b3:2e:45,3133,-18,1733,135.04,74.70,77,234023,266391
[Recv] <<< 75:ac:a7:b3:2e:45,3135,-18,1734,135.04,74.69,140,234163,266531
[Recv] <<< 75:ac:a7:b3:2e:45,3136,-18,1735,135.01,74.69,77,234240,266608
[Recv] <<< 75:ac:a7:b3:2e:45,3137,-17,1736,134.97,74.69,74,234314,266682
[Recv] <<< 75:ac:a7:b3:2e:45,3141,-17,1737,135.06,74.69,291,234605,266973
[Recv] <<< 75:ac:a7:b3:2e:45,3142,-17,1738,135.04,74.69,86,234691,267059
[Recv] <<< 75:ac:a7:b3:2e:45,3143,-17,1739,135.00,74.69,72,234763,267131
[Recv] <<< 75:ac:a7:b3:2e:45,3144,-17,1740,134.96,74.69,73,234836,267204
[Recv] <<< 75:ac:a7:b3:2e:45,3146,-17,1741,134.97,74.69,148,234984,267352
[Recv] <<< 75:ac:a7:b3:2e:45,3148,-18,1742,134.98,74.69,154,235138,267506
[Recv] <<< 75:ac:a7:b3:2e:45,3149,-18,1743,134.94,74.69,68,235206,267574
[Recv] <<< 75:ac:a7:b3:2e:45,3150,-18,1744,134.91,74.69,69,235275,267643
[Recv] <<< 75:ac:a7:b3:2e:45,3152,-18,1745,134.91,74.69,151,235426,267794
[Recv] <<< 75:ac:a7:b3:2e:45,3153,-17,1746,134.88,74.69,74,235500,267868
[Recv] <<< 75:ac:a7:b3:2e:45,3155,-17,1747,134.88,74.69,143,235643,268011
[Recv] <<< 75:ac:a7:b3:2e:45,3156,-17,1748,134.85,74.69,78,235721,268089
[Recv] <<< 75:ac:a7:b3:2e:45,3158,-18,1749,134.86,74.69,146,235867,268235
[Recv] <<< 75:ac:a7:b3:2e:45,3159,-17,1750,134.82,74.69,73,235940,268308
[Recv] <<< 75:ac:a7:b3:2e:45,3160,-17,1751,134.79,74.69,70,236010,268378
[Recv] <<< 75:ac:a7:b3:2e:45,3162,-17,1752,134.79,74.69,149,236159,268527
[Recv] <<< 75:ac:a7:b3:2e:45,3163,-17,1753,134.76,74.69,78,236237,268605
[Recv] <<< 75:ac:a7:b3:2e:45,3164,-17,1754,134.73,74.69,71,236308,268676
[Recv] <<< 75:ac:a7:b3:2e:45,3165,-17,1755,134.69,74.69,71,236379,268747
[Recv] <<< 75:ac:a7:b3:2e:45,3166,-18,1756,134.65,74.68,73,236452,268820
[Recv] <<< 75:ac:a7:b3:2e:45,3167,-17,1757,134.61,74.68,62,236514,268882
[Recv] <<< 75:ac:a7:b3:2e:45,3168,-17,1758,134.58,74.68,80,236594,268962
[Recv] <<< 75:ac:a7:b3:2e:45,3169,-17,1759,134.54,74.68,64,236658,269026
[Recv] <<< 75:ac:a7:b3:2e:45,3171,-17,1760,134.55,74.68,146,236804,269172
[Recv] <<< 75:ac:a7:b3:2e:45,3172,-18,1761,134.51,74.68,76,236880,269248
[Recv] <<< 75:ac:a7:b3:2e:45,3175,-18,1762,134.57,74.68,232,237112,269480
[Recv] <<< 75:ac:a7:b3:2e:45,3176,-18,1763,134.53,74.68,69,237181,269549
[Recv] <<< 75:ac:a7:b3:2e:45,3178,-17,1764,134.54,74.68,155,237336,269704
[Recv] <<< 75:ac:a7:b3:2e:45,3179,-17,1765,134.51,74.68,70,237406,269774
[Recv] <<< 75:ac:a7:b3:2e:45,3181,-17,1766,134.51,74.68,141,237547,269915
[Recv] <<< 75:ac:a7:b3:2e:45,3183,-18,1767,134.52,74.68,146,237693,270061
[Recv] <<< 75:ac:a7:b3:2e:45,3185,-18,1768,134.52,74.67,146,237839,270207
[Recv] <<< 75:ac:a7:b3:2e:45,3186,-17,1769,134.49,74.68,78,237917,270285
[Recv] <<< 75:ac:a7:b3:2e:45,3189,-17,1770,134.54,74.68,223,238140,270508
[Recv] <<< 75:ac:a7:b3:2e:45,3194,-17,1771,134.67,74.67,361,238501,270869
[Recv] <<< 75:ac:a7:b3:2e:45,3195,-17,1772,134.64,74.67,78,238579,270947
[Recv] <<< 75:ac:a7:b3:2e:45,3196,-17,1773,134.60,74.67,68,238647,271015
[Recv] <<< 75:ac:a7:b3:2e:45,3198,-17,1774,134.62,74.67,163,238810,271178
[Recv] <<< 75:ac:a7:b3:2e:45,3202,-17,1775,134.70,74.67,288,239098,271466
[Recv] <<< 75:ac:a7:b3:2e:45,3203,-17,1776,134.67,74.67,79,239177,271545
[Recv] <<< 75:ac:a7:b3:2e:45,3204,-17,1777,134.63,74.67,69,239246,271614
[Recv] <<< 75:ac:a7:b3:2e:45,3206,-17,1778,134.64,74.67,141,239387,271755
[Recv] <<< 75:ac:a7:b3:2e:45,3207,-18,1779,134.61,74.67,81,239468,271836
[Recv] <<< 75:ac:a7:b3:2e:45,3208,-18,1780,134.57,74.67,74,239542,271910
[Recv] <<< 75:ac:a7:b3:2e:45,3212,-17,1781,134.67,74.67,304,239846,272214
[Recv] <<< 75:ac:a7:b3:2e:45,3213,-18,1782,134.64,74.67,76,239922,272290
[Recv] <<< 75:ac:a7:b3:2e:45,3215,-18,1783,134.64,74.67,144,240066,272434
[Recv] <<< 75:ac:a7:b3:2e:45,3216,-18,1784,134.60,74.67,64,240130,272498
[Recv] <<< 75:ac:a7:b3:2e:45,3218,-17,1785,134.61,74.67,146,240276,272644
[Recv] <<< 75:ac:a7:b3:2e:45,3223,-17,1786,134.74,74.67,371,240647,273015
[Recv] <<< 75:ac:a7:b3:2e:45,3224,-17,1787,134.70,74.66,66,240713,273081
[Recv] <<< 75:ac:a7:b3:2e:45,3225,-17,1788,134.67,74.66,73,240786,273154
[Recv] <<< 75:ac:a7:b3:2e:45,3226,-17,1789,134.63,74.66,67,240853,273221
[Recv] <<< 75:ac:a7:b3:2e:45,3227,-17,1790,134.60,74.66,75,240928,273296
[Recv] <<< 75:ac:a7:b3:2e:45,3228,-18,1791,134.56,74.66,74,241002,273370
[Recv] <<< 75:ac:a7:b3:2e:45,3229,-17,1792,134.53,74.66,83,241085,273453
[Recv] <<< 75:ac:a7:b3:2e:45,3231,-17,1793,134.54,74.66,154,241239,273607
[Recv] <<< 75:ac:a7:b3:2e:45,3235,-17,1794,134.63,74.66,281,241520,273888
[Recv] <<< 75:ac:a7:b3:2e:45,3236,-17,1795,134.59,74.66,70,241590,273958
[Recv] <<< 75:ac:a7:b3:2e:45,3237,-17,1796,134.55,74.66,69,241659,274027
[Recv] <<< 75:ac:a7:b3:2e:45,3240,-17,1797,134.61,74.66,229,241888,274256
[Recv] <<< 75:ac:a7:b3:2e:45,3242,-17,1798,134.61,74.65,137,242025,274393
[Recv] <<< 75:ac:a7:b3:2e:45,3243,-17,1799,134.57,74.65,71,242096,274464
[Recv] <<< 75:ac:a7:b3:2e:45,3245,-17,1800,134.58,74.65,146,242242,274610
[Recv] <<< 75:ac:a7:b3:2e:45,3247,-18,1801,134.60,74.66,164,242406,274774
[Recv] <<< 75:ac:a7:b3:2e:45,3253,-17,1802,134.78,74.66,468,242874,275242
[Recv] <<< 75:ac:a7:b3:2e:45,3258,-18,1803,134.93,74.67,407,243281,275649
[Recv] <<< 75:ac:a7:b3:2e:45,3259,-17,1804,134.90,74.67,72,243353,275721
[Recv] <<< 75:ac:a7:b3:2e:45,3262,-17,1805,134.96,74.68,249,243602,275970
[Recv] <<< 75:ac:a7:b3:2e:45,3263,-18,1806,134.93,74.68,83,243685,276053
[Recv] <<< 75:ac:a7:b3:2e:45,3264,-17,1807,134.90,74.68,81,243766,276134
[Recv] <<< 75:ac:a7:b3:2e:45,3265,-17,1808,134.87,74.69,81,243847,276215
[Recv] <<< 75:ac:a7:b3:2e:45,3266,-17,1809,134.84,74.69,80,243927,276295
[Recv] <<< 75:ac:a7:b3:2e:45,3269,-18,1810,134.90,74.69,240,244167,276535
[Recv] <<< 75:ac:a7:b3:2e:45,3270,-17,1811,134.87,74.69,82,244249,276617
[Recv] <<< 75:ac:a7:b3:2e:45,3271,-17,1812,134.84,74.70,81,244330,276698
[Recv] <<< 75:ac:a7:b3:2e:45,3273,-18,1813,134.85,74.70,159,244489,276857
[Recv] <<< 75:ac:a7:b3:2e:45,3274,-17,1814,134.83,74.70,89,244578,276946
[Recv] <<< 75:ac:a7:b3:2e:45,3275,-17,1815,134.79,74.70,73,244651,277019
[Recv] <<< 75:ac:a7:b3:2e:45,3278,-17,1816,134.85,74.71,241,244892,277260
[Recv] <<< 75:ac:a7:b3:2e:45,3279,-17,1817,134.83,74.71,88,244980,277348
[Recv] <<< 75:ac:a7:b3:2e:45,3280,-17,1818,134.79,74.71,75,245055,277423
[Recv] <<< 75:ac:a7:b3:2e:45,3281,-17,1819,134.77,74.71,83,245138,277506
[Recv] <<< 75:ac:a7:b3:2e:45,3286,-18,1820,134.92,74.72,408,245546,277914
[Recv] <<< 75:ac:a7:b3:2e:45,3287,-17,1821,134.89,74.73,88,245634,278002
[Recv] <<< 75:ac:a7:b3:2e:45,3288,-18,1822,134.86,74.73,79,245713,278081
[Recv] <<< 75:ac:a7:b3:2e:45,3289,-17,1823,134.83,74.73,85,245798,278166
[Recv] <<< 75:ac:a7:b3:2e:45,3290,-17,1824,134.80,74.73,76,245874,278242
[Recv] <<< 75:ac:a7:b3:2e:45,3291,-18,1825,134.77,74.74,82,245956,278324
[Recv] <<< 75:ac:a7:b3:2e:45,3292,-17,1826,134.75,74.74,89,246045,278413
[Recv] <<< 75:ac:a7:b3:2e:45,3294,-18,1827,134.76,74.74,154,246199,278567
[Recv] <<< 75:ac:a7:b3:2e:45,3295,-17,1828,134.73,74.74,81,246280,278648
[Recv] <<< 75:ac:a7:b3:2e:45,3297,-18,1829,134.74,74.75,167,246447,278815
[Recv] <<< 75:ac:a7:b3:2e:45,3299,-17,1830,134.75,74.75,154,246601,278969
[Recv] <<< 75:ac:a7:b3:2e:45,3303,-17,1831,134.86,74.76,330,246931,279299
[Recv] <<< 75:ac:a7:b3:2e:45,3304,-18,1832,134.83,74.76,77,247008,279376
[Recv] <<< 75:ac:a7:b3:2e:45,3306,-17,1833,134.85,74.77,167,247175,279543
[Recv] <<< 75:ac:a7:b3:2e:45,3309,-17,1834,134.90,74.77,240,247415,279783
[Recv] <<< 75:ac:a7:b3:2e:45,3311,-18,1835,134.92,74.78,166,247581,279949
[Recv] <<< 75:ac:a7:b3:2e:45,3312,-17,1836,134.89,74.78,81,247662,280030
[Recv] <<< 75:ac:a7:b3:2e:45,3313,-17,1837,134.86,74.78,80,247742,280110
[Recv] <<< 75:ac:a7:b3:2e:45,3314,-17,1838,134.83,74.78,76,247818,280186
[Recv] <<< 75:ac:a7:b3:2e:45,3318,-17,1839,134.94,74.79,331,248149,280517
[Recv] <<< 75:ac:a7:b3:2e:45,3319,-17,1840,134.91,74.79,77,248226,280594
[Recv] <<< 75:ac:a7:b3:2e:45,3324,-18,1841,135.05,74.80,395,248621,280989
[Recv] <<< 75:ac:a7:b3:2e:45,3325,-17,1842,135.02,74.80,79,248700,281068
[Recv] <<< 75:ac:a7:b3:2e:45,3326,-17,1843,134.99,74.80,81,248781,281149
[Recv] <<< 75:ac:a7:b3:2e:45,3331,-17,1844,135.14,74.81,409,249190,281558
[Recv] <<< 75:ac:a7:b3:2e:45,3332,-18,1845,135.11,74.81,85,249275,281643
[Recv] <<< 75:ac:a7:b3:2e:45,3333,-17,1846,135.08,74.82,88,249363,281731
[Recv] <<< 75:ac:a7:b3:2e:45,3334,-17,1847,135.05,74.82,82,249445,281813
[Recv] <<< 75:ac:a7:b3:2e:45,3335,-17,1848,135.03,74.82,83,249528,281896
[Recv] <<< 75:ac:a7:b3:2e:45,3336,-18,1849,135.00,74.82,83,249611,281979
[Recv] <<< 75:ac:a7:b3:2e:45,3337,-17,1850,134.97,74.82,79,249690,282058
[Recv] <<< 75:ac:a7:b3:2e:45,3340,-17,1851,135.03,74.83,242,249932,282300
[Recv] <<< 75:ac:a7:b3:2e:45,3341,-17,1852,135.00,74.83,83,250015,282383
[Recv] <<< 75:ac:a7:b3:2e:45,3342,-18,1853,134.97,74.84,88,250103,282471
[Recv] <<< 75:ac:a7:b3:2e:45,3343,-17,1854,134.94,74.84,84,250187,282555
[Recv] <<< 75:ac:a7:b3:2e:45,3348,-18,1855,135.09,74.85,403,250590,282958
[Recv] <<< 75:ac:a7:b3:2e:45,3350,-17,1856,135.10,74.85,160,250750,283118
[Recv] <<< 75:ac:a7:b3:2e:45,3352,-18,1857,135.11,74.85,155,250905,283273
[Recv] <<< 75:ac:a7:b3:2e:45,3353,-17,1858,135.09,74.86,96,251001,283369
[Recv] <<< 75:ac:a7:b3:2e:45,3359,-17,1859,135.27,74.86,467,251468,283836
[Recv] <<< 75:ac:a7:b3:2e:45,3360,-17,1860,135.24,74.86,73,251541,283909
[Recv] <<< 75:ac:a7:b3:2e:45,3361,-18,1861,135.21,74.87,81,251622,283990
[Recv] <<< 75:ac:a7:b3:2e:45,3362,-17,1862,135.18,74.87,78,251700,284068
[Recv] <<< 75:ac:a7:b3:2e:45,3363,-17,1863,135.15,74.87,82,251782,284150
[Recv] <<< 75:ac:a7:b3:2e:45,3364,-17,1864,135.11,74.87,68,251850,284218
[Recv] <<< 75:ac:a7:b3:2e:45,3366,-18,1865,135.13,74.87,161,252011,284379
[Recv] <<< 75:ac:a7:b3:2e:45,3367,-17,1866,135.09,74.87,72,252083,284451
[Recv] <<< 75:ac:a7:b3:2e:45,3368,-17,1867,135.06,74.87,72,252155,284523
[Recv] <<< 75:ac:a7:b3:2e:45,3369,-17,1868,135.03,74.87,81,252236,284604
[Recv] <<< 75:ac:a7:b3:2e:45,3370,-17,1869,135.00,74.87,74,252310,284678
[Recv] <<< 75:ac:a7:b3:2e:45,3371,-17,1870,134.96,74.87,73,252383,284751
[Recv] <<< 75:ac:a7:b3:2e:45,3375,-17,1871,135.05,74.87,304,252687,285055
[Recv] <<< 75:ac:a7:b3:2e:45,3378,-17,1872,135.10,74.87,225,252912,285280
[Recv] <<< 75:ac:a7:b3:2e:45,3379,-17,1873,135.07,74.87,69,252981,285349
[Recv] <<< 75:ac:a7:b3:2e:45,3380,-18,1874,135.04,74.87,84,253065,285433
[Recv] <<< 75:ac:a7:b3:2e:45,3381,-18,1875,135.00,74.87,67,253132,285500
[Recv] <<< 75:ac:a7:b3:2e:45,3382,-17,1876,134.97,74.87,80,253212,285580
[Recv] <<< 75:ac:a7:b3:2e:45,3383,-17,1877,134.94,74.87,77,253289,285657
[Recv] <<< 75:ac:a7:b3:2e:45,3384,-17,1878,134.91,74.87,71,253360,285728
[Recv] <<< 75:ac:a7:b3:2e:45,3385,-17,1879,134.88,74.87,72,253432,285800
[Recv] <<< 75:ac:a7:b3:2e:45,3386,-18,1880,134.85,74.87,78,253510,285878
[Recv] <<< 75:ac:a7:b3:2e:45,3387,-17,1881,134.81,74.87,76,253586,285954
[Recv] <<< 75:ac:a7:b3:2e:45,3388,-17,1882,134.78,74.87,78,253664,286032
[Recv] <<< 75:ac:a7:b3:2e:45,3389,-17,1883,134.75,74.87,69,253733,286101
[Recv] <<< 75:ac:a7:b3:2e:45,3390,-17,1884,134.72,74.87,82,253815,286183
[Recv] <<< 75:ac:a7:b3:2e:45,3391,-18,1885,134.69,74.87,73,253888,286256
[Recv] <<< 75:ac:a7:b3:2e:45,3392,-18,1886,134.66,74.87,76,253964,286332
[Recv] <<< 75:ac:a7:b3:2e:45,3393,-17,1887,134.63,74.87,78,254042,286410
[Recv] <<< 75:ac:a7:b3:2e:45,3394,-17,1888,134.60,74.87,75,254117,286485
[Recv] <<< 75:ac:a7:b3:2e:45,3395,-17,1889,134.56,74.87,67,254184,286552
[Recv] <<< 75:ac:a7:b3:2e:45,3396,-17,1890,134.53,74.87,75,254259,286627
[Recv] <<< 75:ac:a7:b3:2e:45,3397,-17,1891,134.50,74.87,77,254336,286704
[Recv] <<< 75:ac:a7:b3:2e:45,3398,-18,1892,134.47,74.87,81,254417,286785
[Recv] <<< 75:ac:a7:b3:2e:45,3399,-18,1893,134.44,74.87,73,254490,286858
[Recv] <<< 75:ac:a7:b3:2e:45,3402,-17,1894,134.49,74.87,226,254716,287084
[Recv] <<< 75:ac:a7:b3:2e:45,3403,-18,1895,134.45,74.87,76,254792,287160
[Recv] <<< 75:ac:a7:b3:2e:45,3405,-17,1896,134.46,74.87,147,254939,287307
[Recv] <<< 75:ac:a7:b3:2e:45,3410,-17,1897,134.59,74.87,379,255318,287686
[Recv] <<< 75:ac:a7:b3:2e:45,3413,-18,1898,134.64,74.87,221,255539,287907
[Recv] <<< 75:ac:a7:b3:2e:45,3414,-18,1899,134.60,74.87,67,255606,287974
[Recv] <<< 75:ac:a7:b3:2e:45,3415,-18,1900,134.57,74.87,74,255680,288048
[Recv] <<< 75:ac:a7:b3:2e:45,3416,-17,1901,134.54,74.87,74,255754,288122
[Recv] <<< 75:ac:a7:b3:2e:45,3419,-17,1902,134.58,74.87,219,255973,288341
[Recv] <<< 75:ac:a7:b3:2e:45,3421,-18,1903,134.58,74.86,136,256109,288477
[Recv] <<< 75:ac:a7:b3:2e:45,3422,-17,1904,134.55,74.86,78,256187,288555
[Recv] <<< 75:ac:a7:b3:2e:45,3425,-17,1905,134.59,74.86,204,256391,288759
[Recv] <<< 75:ac:a7:b3:2e:45,3426,-17,1906,134.56,74.86,79,256470,288838
[Recv] <<< 75:ac:a7:b3:2e:45,3428,-17,1907,134.57,74.86,150,256620,288988
[Recv] <<< 75:ac:a7:b3:2e:45,3429,-18,1908,134.54,74.86,73,256693,289061
[Recv] <<< 75:ac:a7:b3:2e:45,3431,-17,1909,134.54,74.86,143,256836,289204
[Recv] <<< 75:ac:a7:b3:2e:45,3432,-17,1910,134.51,74.86,74,256910,289278
[Recv] <<< 75:ac:a7:b3:2e:45,3434,-17,1911,134.51,74.86,145,257055,289423
[Recv] <<< 75:ac:a7:b3:2e:45,3435,-18,1912,134.49,74.86,85,257140,289508
[Recv] <<< 75:ac:a7:b3:2e:45,3437,-18,1913,134.49,74.86,139,257279,289647
[Recv] <<< 75:ac:a7:b3:2e:45,3438,-17,1914,134.46,74.86,77,257356,289724
[Recv] <<< 75:ac:a7:b3:2e:45,3439,-17,1915,134.43,74.86,71,257427,289795
[Recv] <<< 75:ac:a7:b3:2e:45,3442,-18,1916,134.47,74.85,223,257650,290018
[Recv] <<< 75:ac:a7:b3:2e:45,3443,-18,1917,134.44,74.85,75,257725,290093
[Recv] <<< 75:ac:a7:b3:2e:45,3444,-17,1918,134.41,74.86,77,257802,290170
[Recv] <<< 75:ac:a7:b3:2e:45,3445,-17,1919,134.38,74.86,76,257878,290246
[Recv] <<< 75:ac:a7:b3:2e:45,3446,-17,1920,134.35,74.86,77,257955,290323
[Recv] <<< 75:ac:a7:b3:2e:45,3447,-17,1921,134.32,74.86,74,258029,290397
[Recv] <<< 75:ac:a7:b3:2e:45,3448,-18,1922,134.29,74.86,76,258105,290473
[Recv] <<< 75:ac:a7:b3:2e:45,3449,-18,1923,134.26,74.86,76,258181,290549
[Recv] <<< 75:ac:a7:b3:2e:45,3450,-17,1924,134.23,74.86,77,258258,290626
[Recv] <<< 75:ac:a7:b3:2e:45,3451,-17,1925,134.20,74.86,73,258331,290699
[Recv] <<< 75:ac:a7:b3:2e:45,3452,-17,1926,134.17,74.86,72,258403,290771
[Recv] <<< 75:ac:a7:b3:2e:45,3454,-17,1927,134.17,74.85,146,258549,290917
[Recv] <<< 75:ac:a7:b3:2e:45,3455,-18,1928,134.14,74.85,74,258623,290991
[Recv] <<< 75:ac:a7:b3:2e:45,3456,-18,1929,134.11,74.86,76,258699,291067
[Recv] <<< 75:ac:a7:b3:2e:45,3457,-18,1930,134.08,74.85,73,258772,291140
[Recv] <<< 75:ac:a7:b3:2e:45,3459,-18,1931,134.08,74.85,140,258912,291280
[Recv] <<< 75:ac:a7:b3:2e:45,3461,-17,1932,134.09,74.85,143,259055,291423
[Recv] <<< 75:ac:a7:b3:2e:45,3463,-18,1933,134.09,74.85,144,259199,291567
[Recv] <<< 75:ac:a7:b3:2e:45,3466,-17,1934,134.13,74.85,215,259414,291782
[Recv] <<< 75:ac:a7:b3:2e:45,3469,-17,1935,134.18,74.84,217,259631,291999
[Recv] <<< 75:ac:a7:b3:2e:45,3470,-18,1936,134.15,74.84,81,259712,292080
[Recv] <<< 75:ac:a7:b3:2e:45,3472,-17,1937,134.16,74.85,157,259869,292237
[Recv] <<< 75:ac:a7:b3:2e:45,3474,-17,1938,134.17,74.85,143,260012,292380
[Recv] <<< 75:ac:a7:b3:2e:45,3475,-17,1939,134.13,74.84,62,260074,292442
[Recv] <<< 75:ac:a7:b3:2e:45,3481,-17,1940,134.29,74.84,444,260518,292886
[Recv] <<< 75:ac:a7:b3:2e:45,3482,-17,1941,134.25,74.84,69,260587,292955
[Recv] <<< 75:ac:a7:b3:2e:45,3483,-17,1942,134.22,74.84,70,260657,293025
[Recv] <<< 75:ac:a7:b3:2e:45,3484,-17,1943,134.19,74.84,69,260726,293094
[Recv] <<< 75:ac:a7:b3:2e:45,3487,-18,1944,134.24,74.84,228,260954,293322
[Recv] <<< 75:ac:a7:b3:2e:45,3488,-17,1945,134.21,74.84,75,261029,293397
[Recv] <<< 75:ac:a7:b3:2e:45,3489,-17,1946,134.17,74.83,67,261096,293464
[Recv] <<< 75:ac:a7:b3:2e:45,3490,-17,1947,134.14,74.84,81,261177,293545
[Recv] <<< 75:ac:a7:b3:2e:45,3492,-17,1948,134.15,74.84,149,261326,293694
[Recv] <<< 75:ac:a7:b3:2e:45,3493,-17,1949,134.11,74.83,63,261389,293757
[Recv] <<< 75:ac:a7:b3:2e:45,3494,-17,1950,134.08,74.83,68,261457,293825
[Recv] <<< 75:ac:a7:b3:2e:45,3495,-17,1951,134.05,74.83,69,261526,293894
[Recv] <<< 75:ac:a7:b3:2e:45,3499,-18,1952,134.13,74.83,295,261821,294189
[Recv] <<< 75:ac:a7:b3:2e:45,3502,-18,1953,134.17,74.83,217,262038,294406
[Recv] <<< 75:ac:a7:b3:2e:45,3503,-18,1954,134.14,74.82,71,262109,294477
[Recv] <<< 75:ac:a7:b3:2e:45,3506,-17,1955,134.18,74.82,218,262327,294695
[Recv] <<< 75:ac:a7:b3:2e:45,3507,-17,1956,134.15,74.82,66,262393,294761
[Recv] <<< 75:ac:a7:b3:2e:45,3508,-17,1957,134.12,74.82,80,262473,294841
[Recv] <<< 75:ac:a7:b3:2e:45,3510,-17,1958,134.12,74.82,143,262616,294984
[Recv] <<< 75:ac:a7:b3:2e:45,3511,-17,1959,134.09,74.82,66,262682,295050
[Recv] <<< 75:ac:a7:b3:2e:45,3512,-17,1960,134.06,74.82,69,262751,295119
[Recv] <<< 75:ac:a7:b3:2e:45,3513,-18,1961,134.02,74.81,72,262823,295191
[Recv] <<< 75:ac:a7:b3:2e:45,3514,-18,1962,133.99,74.81,73,262896,295264
[Recv] <<< 75:ac:a7:b3:2e:45,3516,-18,1963,134.00,74.81,151,263047,295415
[Recv] <<< 75:ac:a7:b3:2e:45,3521,-17,1964,134.12,74.81,370,263417,295785
[Recv] <<< 75:ac:a7:b3:2e:45,3522,-17,1965,134.09,74.81,72,263489,295857
[Recv] <<< 75:ac:a7:b3:2e:45,3525,-18,1966,134.14,74.81,224,263713,296081
[Recv] <<< 75:ac:a7:b3:2e:45,3526,-18,1967,134.10,74.81,64,263777,296145
[Recv] <<< 75:ac:a7:b3:2e:45,3527,-18,1968,134.07,74.81,74,263851,296219
[Recv] <<< 75:ac:a7:b3:2e:45,3529,-18,1969,134.07,74.81,138,263989,296357
[Recv] <<< 75:ac:a7:b3:2e:45,3530,-18,1970,134.04,74.81,76,264065,296433
[Recv] <<< 75:ac:a7:b3:2e:45,3531,-18,1971,134.01,74.80,68,264133,296501
[Recv] <<< 75:ac:a7:b3:2e:45,3532,-17,1972,133.98,74.80,78,264211,296579
[Recv] <<< 75:ac:a7:b3:2e:45,3533,-17,1973,133.95,74.80,74,264285,296653
[Recv] <<< 75:ac:a7:b3:2e:45,3534,-17,1974,133.92,74.81,76,264361,296729
[Recv] <<< 75:ac:a7:b3:2e:45,3537,-17,1975,133.96,74.80,213,264574,296942
[Recv] <<< 75:ac:a7:b3:2e:45,3538,-17,1976,133.93,74.80,68,264642,297010
[Recv] <<< 75:ac:a7:b3:2e:45,3539,-18,1977,133.90,74.80,77,264719,297087
[Recv] <<< 75:ac:a7:b3:2e:45,3540,-17,1978,133.87,74.80,76,264795,297163
[Recv] <<< 75:ac:a7:b3:2e:45,3541,-18,1979,133.84,74.80,75,264870,297238
[Recv] <<< 75:ac:a7:b3:2e:45,3542,-18,1980,133.81,74.80,64,264934,297302
[Recv] <<< 75:ac:a7:b3:2e:45,3543,-18,1981,133.77,74.80,68,265002,297370
[Recv] <<< 75:ac:a7:b3:2e:45,3544,-17,1982,133.74,74.80,77,265079,297447
[Recv] <<< 75:ac:a7:b3:2e:45,3545,-17,1983,133.71,74.80,73,265152,297520
[Recv] <<< 75:ac:a7:b3:2e:45,3546,-17,1984,133.68,74.80,76,265228,297596
[Recv] <<< 75:ac:a7:b3:2e:45,3547,-18,1985,133.65,74.80,77,265305,297673
[Recv] <<< 75:ac:a7:b3:2e:45,3552,-17,1986,133.76,74.79,352,265657,298025
[Recv] <<< 75:ac:a7:b3:2e:45,3553,-17,1987,133.73,74.79,68,265725,298093
[Recv] <<< 75:ac:a7:b3:2e:45,3554,-17,1988,133.70,74.79,79,265804,298172
[Recv] <<< 75:ac:a7:b3:2e:45,3555,-17,1989,133.67,74.79,75,265879,298247
[Recv] <<< 75:ac:a7:b3:2e:45,3556,-17,1990,133.64,74.79,68,265947,298315
[Recv] <<< 75:ac:a7:b3:2e:45,3557,-17,1991,133.61,74.79,72,266019,298387
[Recv] <<< 75:ac:a7:b3:2e:45,3558,-18,1992,133.58,74.79,73,266092,298460
[Recv] <<< 75:ac:a7:b3:2e:45,3560,-17,1993,133.59,74.79,154,266246,298614
[Recv] <<< 75:ac:a7:b3:2e:45,3562,-17,1994,133.59,74.79,141,266387,298755
[Recv] <<< 75:ac:a7:b3:2e:45,3563,-17,1995,133.56,74.78,67,266454,298822
[Recv] <<< 75:ac:a7:b3:2e:45,3565,-18,1996,133.57,74.79,155,266609,298977
[Recv] <<< 75:ac:a7:b3:2e:45,3566,-18,1997,133.54,74.78,66,266675,299043
[Recv] <<< 75:ac:a7:b3:2e:45,3567,-18,1998,133.51,74.78,81,266756,299124
[Recv] <<< 75:ac:a7:b3:2e:45,3570,-17,1999,133.56,74.78,221,266977,299345
[Recv] <<< 75:ac:a7:b3:2e:45,3571,-17,2000,133.52,74.78,73,267050,299418
[Recv] <<< 75:ac:a7:b3:2e:45,3573,-17,2001,133.53,74.78,145,267195,299563
[Recv] <<< 75:ac:a7:b3:2e:45,3574,-17,2002,133.50,74.78,82,267277,299645
[Recv] <<< 75:ac:a7:b3:2e:45,3575,-17,2003,133.47,74.78,70,267347,299715
[Recv] <<< 75:ac:a7:b3:2e:45,3578,-17,2004,133.52,74.79,234,267581,299949
[Recv] <<< 75:ac:a7:b3:2e:45,3580,-17,2005,133.53,74.78,148,267729,300097
[Recv] <<< 75:ac:a7:b3:2e:45,3581,-17,2006,133.50,74.78,64,267793,300161
[Recv] <<< 75:ac:a7:b3:2e:45,3582,-17,2007,133.47,74.78,78,267871,300239
[Recv] <<< 75:ac:a7:b3:2e:45,3583,-17,2008,133.44,74.78,68,267939,300307
[Recv] <<< 75:ac:a7:b3:2e:45,3584,-17,2009,133.40,74.78,70,268009,300377
[Recv] <<< 75:ac:a7:b3:2e:45,3585,-18,2010,133.38,74.78,84,268093,300461
[Recv] <<< 75:ac:a7:b3:2e:45,3586,-18,2011,133.35,74.78,69,268162,300530
[Recv] <<< 75:ac:a7:b3:2e:45,3588,-18,2012,133.35,74.78,144,268306,300674
[Recv] <<< 75:ac:a7:b3:2e:45,3589,-17,2013,133.32,74.78,77,268383,300751
[Recv] <<< 75:ac:a7:b3:2e:45,3590,-17,2014,133.29,74.78,69,268452,300820
[Recv] <<< 75:ac:a7:b3:2e:45,3592,-17,2015,133.30,74.78,151,268603,300971
[Recv] <<< 75:ac:a7:b3:2e:45,3597,-17,2016,133.42,74.78,367,268970,301338
[Recv] <<< 75:ac:a7:b3:2e:45,3598,-17,2017,133.39,74.78,74,269044,301412
[Recv] <<< 75:ac:a7:b3:2e:45,3600,-17,2018,133.39,74.77,140,269184,301552
[Recv] <<< 75:ac:a7:b3:2e:45,3601,-17,2019,133.36,74.77,78,269262,301630
[Recv] <<< 75:ac:a7:b3:2e:45,3602,-17,2020,133.33,74.77,69,269331,301699
[Recv] <<< 75:ac:a7:b3:2e:45,3603,-17,2021,133.30,74.77,68,269399,301767
[Recv] <<< 75:ac:a7:b3:2e:45,3604,-17,2022,133.27,74.77,82,269481,301849
[Recv] <<< 75:ac:a7:b3:2e:45,3606,-17,2023,133.28,74.77,136,269617,301985
[Recv] <<< 75:ac:a7:b3:2e:45,3608,-18,2024,133.29,74.77,152,269769,302137
[Recv] <<< 75:ac:a7:b3:2e:45,3609,-18,2025,133.26,74.77,73,269842,302210
[Recv] <<< 75:ac:a7:b3:2e:45,3613,-17,2026,133.33,74.77,294,270136,302504
[Recv] <<< 75:ac:a7:b3:2e:45,3615,-17,2027,133.34,74.77,147,270283,302651
[Recv] <<< 75:ac:a7:b3:2e:45,3616,-17,2028,133.31,74.77,72,270355,302723
[Recv] <<< 75:ac:a7:b3:2e:45,3617,-17,2029,133.28,74.77,73,270428,302796
[Recv] <<< 75:ac:a7:b3:2e:45,3619,-18,2030,133.29,74.77,156,270584,302952
[Recv] <<< 75:ac:a7:b3:2e:45,3620,-18,2031,133.26,74.77,70,270654,303022
[Recv] <<< 75:ac:a7:b3:2e:45,3621,-18,2032,133.23,74.77,71,270725,303093
[Recv] <<< 75:ac:a7:b3:2e:45,3622,-18,2033,133.20,74.76,67,270792,303160
[Recv] <<< 75:ac:a7:b3:2e:45,3623,-17,2034,133.17,74.76,80,270872,303240
[Recv] <<< 75:ac:a7:b3:2e:45,3624,-17,2035,133.14,74.76,72,270944,303312
[Recv] <<< 75:ac:a7:b3:2e:45,3625,-17,2036,133.11,74.76,77,271021,303389
[Recv] <<< 75:ac:a7:b3:2e:45,3626,-17,2037,133.08,74.76,67,271088,303456
[Recv] <<< 75:ac:a7:b3:2e:45,3627,-17,2038,133.06,74.77,85,271173,303541
[Recv] <<< 75:ac:a7:b3:2e:45,3630,-18,2039,133.10,74.76,219,271392,303760
[Recv] <<< 75:ac:a7:b3:2e:45,3631,-18,2040,133.07,74.76,72,271464,303832
[Recv] <<< 75:ac:a7:b3:2e:45,3632,-17,2041,133.04,74.76,71,271535,303903
[Recv] <<< 75:ac:a7:b3:2e:45,3633,-17,2042,133.01,74.76,70,271605,303973
[Recv] <<< 75:ac:a7:b3:2e:45,3634,-17,2043,132.98,74.76,77,271682,304050
[Recv] <<< 75:ac:a7:b3:2e:45,3635,-17,2044,132.95,74.76,63,271745,304113
[Recv] <<< 75:ac:a7:b3:2e:45,3636,-17,2045,132.92,74.76,79,271824,304192
[Recv] <<< 75:ac:a7:b3:2e:45,3638,-17,2046,132.93,74.76,142,271966,304334
[Recv] <<< 75:ac:a7:b3:2e:45,3640,-17,2047,132.93,74.76,147,272113,304481
[Recv] <<< 75:ac:a7:b3:2e:45,3642,-17,2048,132.93,74.75,137,272250,304618
[Recv] <<< 75:ac:a7:b3:2e:45,3643,-17,2049,132.91,74.75,79,272329,304697
[Recv] <<< 75:ac:a7:b3:2e:45,3644,-17,2050,132.88,74.75,75,272404,304772
[Recv] <<< 75:ac:a7:b3:2e:45,3646,-18,2051,132.89,74.75,146,272550,304918
[Recv] <<< 75:ac:a7:b3:2e:45,3647,-18,2052,132.86,74.75,75,272625,304993
[Recv] <<< 75:ac:a7:b3:2e:45,3648,-18,2053,132.83,74.75,77,272702,305070
[Recv] <<< 75:ac:a7:b3:2e:45,3654,-17,2054,132.98,74.75,442,273144,305512
[Recv] <<< 75:ac:a7:b3:2e:45,3655,-17,2055,132.95,74.75,71,273215,305583
[Recv] <<< 75:ac:a7:b3:2e:45,3656,-18,2056,132.93,74.75,81,273296,305664
[Recv] <<< 75:ac:a7:b3:2e:45,3657,-18,2057,132.89,74.75,65,273361,305729
[Recv] <<< 75:ac:a7:b3:2e:45,3658,-18,2058,132.87,74.75,78,273439,305807
[Recv] <<< 75:ac:a7:b3:2e:45,3660,-17,2059,132.87,74.75,141,273580,305948
[Recv] <<< 75:ac:a7:b3:2e:45,3661,-17,2060,132.84,74.75,75,273655,306023
[Recv] <<< 75:ac:a7:b3:2e:45,3664,-17,2061,132.88,74.75,212,273867,306235
[Recv] <<< 75:ac:a7:b3:2e:45,3665,-17,2062,132.85,74.75,78,273945,306313
[Recv] <<< 75:ac:a7:b3:2e:45,3667,-17,2063,132.86,74.74,144,274089,306457
[Recv] <<< 75:ac:a7:b3:2e:45,3668,-18,2064,132.83,74.75,77,274166,306534
[Recv] <<< 75:ac:a7:b3:2e:45,3670,-17,2065,132.84,74.75,150,274316,306684
[Recv] <<< 75:ac:a7:b3:2e:45,3671,-17,2066,132.81,74.74,72,274388,306756
[Recv] <<< 75:ac:a7:b3:2e:45,3672,-17,2067,132.78,74.74,74,274462,306830
[Recv] <<< 75:ac:a7:b3:2e:45,3674,-17,2068,132.79,74.74,143,274605,306973
[Recv] <<< 75:ac:a7:b3:2e:45,3675,-17,2069,132.76,74.74,82,274687,307055
[Recv] <<< 75:ac:a7:b3:2e:45,3677,-18,2070,132.78,74.75,162,274849,307217
[Recv] <<< 75:ac:a7:b3:2e:45,3678,-18,2071,132.75,74.75,67,274916,307284
[Recv] <<< 75:ac:a7:b3:2e:45,3679,-18,2072,132.72,74.75,73,274989,307357
[Recv] <<< 75:ac:a7:b3:2e:45,3680,-18,2073,132.68,74.74,67,275056,307424
[Recv] <<< 75:ac:a7:b3:2e:45,3681,-17,2074,132.66,74.74,77,275133,307501
[Recv] <<< 75:ac:a7:b3:2e:45,3682,-17,2075,132.63,74.74,76,275209,307577
[Recv] <<< 75:ac:a7:b3:2e:45,3683,-17,2076,132.60,74.74,67,275276,307644
[Recv] <<< 75:ac:a7:b3:2e:45,3684,-17,2077,132.57,74.74,74,275350,307718
[Recv] <<< 75:ac:a7:b3:2e:45,3685,-17,2078,132.54,74.74,68,275418,307786
[Recv] <<< 75:ac:a7:b3:2e:45,3686,-17,2079,132.51,74.74,70,275488,307856
[Recv] <<< 75:ac:a7:b3:2e:45,3687,-17,2080,132.48,74.74,76,275564,307932
[Recv] <<< 75:ac:a7:b3:2e:45,3688,-18,2081,132.46,74.74,81,275645,308013
[Recv] <<< 75:ac:a7:b3:2e:45,3689,-18,2082,132.43,74.74,73,275718,308086
[Recv] <<< 75:ac:a7:b3:2e:45,3690,-18,2083,132.40,74.74,69,275787,308155
[Recv] <<< 75:ac:a7:b3:2e:45,3691,-17,2084,132.37,74.74,71,275858,308226
[Recv] <<< 75:ac:a7:b3:2e:45,3692,-17,2085,132.34,74.74,73,275931,308299
[Recv] <<< 75:ac:a7:b3:2e:45,3694,-18,2086,132.35,74.74,156,276087,308455
[Recv] <<< 75:ac:a7:b3:2e:45,3696,-17,2087,132.36,74.74,146,276233,308601
[Recv] <<< 75:ac:a7:b3:2e:45,3697,-17,2088,132.33,74.74,71,276304,308672
[Recv] <<< 75:ac:a7:b3:2e:45,3698,-17,2089,132.30,74.74,77,276381,308749
[Recv] <<< 75:ac:a7:b3:2e:45,3699,-17,2090,132.27,74.74,71,276452,308820
[Recv] <<< 75:ac:a7:b3:2e:45,3700,-17,2091,132.25,74.74,73,276525,308893
[Recv] <<< 75:ac:a7:b3:2e:45,3702,-17,2092,132.25,74.74,145,276670,309038
[Recv] <<< 75:ac:a7:b3:2e:45,3703,-18,2093,132.23,74.74,78,276748,309116
[Recv] <<< 75:ac:a7:b3:2e:45,3704,-18,2094,132.19,74.73,68,276816,309184
[Recv] <<< 75:ac:a7:b3:2e:45,3706,-17,2095,132.20,74.73,150,276966,309334
[Recv] <<< 75:ac:a7:b3:2e:45,3708,-18,2096,132.22,74.74,158,277124,309492
[Recv] <<< 75:ac:a7:b3:2e:45,3710,-18,2097,132.22,74.73,139,277263,309631
[Recv] <<< 75:ac:a7:b3:2e:45,3712,-17,2098,132.23,74.73,150,277413,309781
[Recv] <<< 75:ac:a7:b3:2e:45,3713,-17,2099,132.20,74.74,80,277493,309861
[Recv] <<< 75:ac:a7:b3:2e:45,3714,-18,2100,132.18,74.74,75,277568,309936
[Recv] <<< 75:ac:a7:b3:2e:45,3715,-18,2101,132.15,74.73,70,277638,310006
[Recv] <<< 75:ac:a7:b3:2e:45,3716,-18,2102,132.12,74.73,73,277711,310079
[Recv] <<< 75:ac:a7:b3:2e:45,3717,-18,2103,132.09,74.73,71,277782,310150
[Recv] <<< 75:ac:a7:b3:2e:45,3719,-18,2104,132.09,74.73,140,277922,310290
[Recv] <<< 75:ac:a7:b3:2e:45,3720,-18,2105,132.06,74.73,74,277996,310364
[Recv] <<< 75:ac:a7:b3:2e:45,3721,-18,2106,132.03,74.73,66,278062,310430
[Recv] <<< 75:ac:a7:b3:2e:45,3722,-18,2107,132.00,74.73,71,278133,310501
[Recv] <<< 75:ac:a7:b3:2e:45,3724,-17,2108,132.01,74.73,148,278281,310649
[Recv] <<< 75:ac:a7:b3:2e:45,3725,-17,2109,131.98,74.73,72,278353,310721
[Recv] <<< 75:ac:a7:b3:2e:45,3727,-18,2110,131.99,74.73,156,278509,310877
[Recv] <<< 75:ac:a7:b3:2e:45,3728,-18,2111,131.97,74.73,74,278583,310951
[Recv] <<< 75:ac:a7:b3:2e:45,3729,-18,2112,131.93,74.72,62,278645,311013
[Recv] <<< 75:ac:a7:b3:2e:45,3730,-17,2113,131.91,74.72,75,278720,311088
[Recv] <<< 75:ac:a7:b3:2e:45,3731,-17,2114,131.88,74.73,82,278802,311170
[Recv] <<< 75:ac:a7:b3:2e:45,3732,-17,2115,131.85,74.72,69,278871,311239
[Recv] <<< 75:ac:a7:b3:2e:45,3733,-17,2116,131.82,74.72,69,278940,311308
[Recv] <<< 75:ac:a7:b3:2e:45,3735,-17,2117,131.83,74.72,143,279083,311451
[Recv] <<< 75:ac:a7:b3:2e:45,3736,-17,2118,131.80,74.72,66,279149,311517
[Recv] <<< 75:ac:a7:b3:2e:45,3738,-17,2119,131.80,74.72,143,279292,311660
[Recv] <<< 75:ac:a7:b3:2e:45,3741,-18,2120,131.84,74.72,217,279509,311877
[Recv] <<< 75:ac:a7:b3:2e:45,3744,-18,2121,131.89,74.71,220,279729,312097
[Recv] <<< 75:ac:a7:b3:2e:45,3746,-18,2122,131.89,74.71,144,279873,312241
[Recv] <<< 75:ac:a7:b3:2e:45,3747,-18,2123,131.87,74.71,77,279950,312318
[Recv] <<< 75:ac:a7:b3:2e:45,3748,-17,2124,131.84,74.71,75,280025,312393
[Recv] <<< 75:ac:a7:b3:2e:45,3749,-17,2125,131.81,74.71,67,280092,312460
[Recv] <<< 75:ac:a7:b3:2e:45,3750,-17,2126,131.78,74.71,77,280169,312537
[Recv] <<< 75:ac:a7:b3:2e:45,3754,-17,2127,131.85,74.71,284,280453,312821
[Recv] <<< 75:ac:a7:b3:2e:45,3755,-18,2128,131.83,74.71,81,280534,312902
[Recv] <<< 75:ac:a7:b3:2e:45,3756,-18,2129,131.80,74.71,73,280607,312975
[Recv] <<< 75:ac:a7:b3:2e:45,3757,-17,2130,131.78,74.71,79,280686,313054
[Recv] <<< 75:ac:a7:b3:2e:45,3758,-17,2131,131.75,74.71,68,280754,313122
[Recv] <<< 75:ac:a7:b3:2e:45,3762,-17,2132,131.82,74.71,292,281046,313414
[Recv] <<< 75:ac:a7:b3:2e:45,3765,-18,2133,131.87,74.71,226,281272,313640
[Recv] <<< 75:ac:a7:b3:2e:45,3770,-18,2134,131.98,74.70,363,281635,314003
[Recv] <<< 75:ac:a7:b3:2e:45,3777,-17,2135,132.15,74.70,515,282150,314518
[Recv] <<< 75:ac:a7:b3:2e:45,3778,-17,2136,132.13,74.70,71,282221,314589
[Recv] <<< 75:ac:a7:b3:2e:45,3779,-17,2137,132.10,74.70,74,282295,314663
[Recv] <<< 75:ac:a7:b3:2e:45,3781,-18,2138,132.10,74.70,137,282432,314800
[Recv] <<< 75:ac:a7:b3:2e:45,3782,-17,2139,132.08,74.70,79,282511,314879
[Recv] <<< 75:ac:a7:b3:2e:45,3783,-17,2140,132.05,74.70,78,282589,314957
[Recv] <<< 75:ac:a7:b3:2e:45,3784,-17,2141,132.02,74.70,71,282660,315028
[Recv] <<< 75:ac:a7:b3:2e:45,3785,-17,2142,132.00,74.70,77,282737,315105
[Recv] <<< 75:ac:a7:b3:2e:45,3786,-17,2143,131.97,74.70,76,282813,315181
[Recv] <<< 75:ac:a7:b3:2e:45,3788,-17,2144,131.97,74.70,140,282953,315321
[Recv] <<< 75:ac:a7:b3:2e:45,3794,-17,2145,132.12,74.70,443,283396,315764
[Recv] <<< 75:ac:a7:b3:2e:45,3797,-18,2146,132.16,74.69,220,283616,315984
[Recv] <<< 75:ac:a7:b3:2e:45,3798,-17,2147,132.13,74.69,69,283685,316053
[Recv] <<< 75:ac:a7:b3:2e:45,3799,-17,2148,132.10,74.69,74,283759,316127
[Recv] <<< 75:ac:a7:b3:2e:45,3805,-18,2149,132.25,74.69,444,284203,316571
[Recv] <<< 75:ac:a7:b3:2e:45,3810,-17,2150,132.35,74.69,358,284561,316929
[Recv] <<< 75:ac:a7:b3:2e:45,3819,-17,2151,132.60,74.68,653,285214,317582
[Recv] <<< 75:ac:a7:b3:2e:45,3820,-18,2152,132.57,74.68,81,285295,317663
[Recv] <<< 75:ac:a7:b3:2e:45,3821,-18,2153,132.54,74.68,74,285369,317737
[Recv] <<< 75:ac:a7:b3:2e:45,3822,-17,2154,132.52,74.68,72,285441,317809
[Recv] <<< 75:ac:a7:b3:2e:45,3823,-17,2155,132.49,74.68,75,285516,317884
[Recv] <<< 75:ac:a7:b3:2e:45,3836,-17,2156,132.91,74.70,1028,286544,318912
[Recv] <<< 75:ac:a7:b3:2e:45,3837,-18,2157,132.88,74.70,86,286630,318998
[Recv] <<< 75:ac:a7:b3:2e:45,3850,-18,2158,133.30,74.72,1030,287660,320028
[Recv] <<< 75:ac:a7:b3:2e:45,3853,-17,2159,133.35,74.72,247,287907,320275
[Recv] <<< 75:ac:a7:b3:2e:45,3863,-17,2160,133.67,74.74,821,288728,321096
[Recv] <<< 75:ac:a7:b3:2e:45,3864,-17,2161,133.64,74.74,73,288801,321169
[Recv] <<< 75:ac:a7:b3:2e:45,3866,-18,2162,133.66,74.75,168,288969,321337
[Recv] <<< 75:ac:a7:b3:2e:45,3869,-17,2163,133.71,74.75,246,289215,321583
[Recv] <<< 75:ac:a7:b3:2e:45,3872,-17,2164,133.76,74.76,251,289466,321834
[Recv] <<< 75:ac:a7:b3:2e:45,3873,-18,2165,133.74,74.76,76,289542,321910
[Recv] <<< 75:ac:a7:b3:2e:45,3874,-17,2166,133.71,74.76,77,289619,321987
[Recv] <<< 75:ac:a7:b3:2e:45,3875,-17,2167,133.69,74.76,86,289705,322073
[Recv] <<< 75:ac:a7:b3:2e:45,3876,-17,2168,133.67,74.77,85,289790,322158
[Recv] <<< 75:ac:a7:b3:2e:45,3877,-18,2169,133.65,74.77,87,289877,322245
[Recv] <<< 75:ac:a7:b3:2e:45,3878,-17,2170,133.62,74.77,80,289957,322325
[Recv] <<< 75:ac:a7:b3:2e:45,3879,-18,2171,133.60,74.77,88,290045,322413
[Recv] <<< 75:ac:a7:b3:2e:45,3880,-17,2172,133.57,74.77,72,290117,322485
[Recv] <<< 75:ac:a7:b3:2e:45,3881,-17,2173,133.55,74.77,81,290198,322566
[Recv] <<< 75:ac:a7:b3:2e:45,3882,-17,2174,133.52,74.78,84,290282,322650
[Recv] <<< 75:ac:a7:b3:2e:45,3884,-18,2175,133.53,74.78,155,290437,322805
[Recv] <<< 75:ac:a7:b3:2e:45,3885,-17,2176,133.51,74.78,85,290522,322890
[Recv] <<< 75:ac:a7:b3:2e:45,3888,-18,2177,133.56,74.79,247,290769,323137
[Recv] <<< 75:ac:a7:b3:2e:45,3890,-17,2178,133.58,74.79,167,290936,323304
[Recv] <<< 75:ac:a7:b3:2e:45,3892,-17,2179,133.59,74.79,160,291096,323464
[Recv] <<< 75:ac:a7:b3:2e:45,3893,-18,2180,133.57,74.79,77,291173,323541
[Recv] <<< 75:ac:a7:b3:2e:45,3897,-17,2181,133.66,74.80,331,291504,323872
[Recv] <<< 75:ac:a7:b3:2e:45,3900,-18,2182,133.71,74.81,248,291752,324120
[Recv] <<< 75:ac:a7:b3:2e:45,3901,-17,2183,133.68,74.81,74,291826,324194
[Recv] <<< 75:ac:a7:b3:2e:45,3902,-17,2184,133.66,74.81,90,291916,324284
[Recv] <<< 75:ac:a7:b3:2e:45,3907,-17,2185,133.78,74.82,404,292320,324688
[Recv] <<< 75:ac:a7:b3:2e:45,3908,-18,2186,133.76,74.82,78,292398,324766
[Recv] <<< 75:ac:a7:b3:2e:45,3909,-17,2187,133.74,74.82,89,292487,324855
[Recv] <<< 75:ac:a7:b3:2e:45,3910,-17,2188,133.71,74.82,78,292565,324933
[Recv] <<< 75:ac:a7:b3:2e:45,3911,-18,2189,133.69,74.83,80,292645,325013
[Recv] <<< 75:ac:a7:b3:2e:45,3917,-17,2190,133.86,74.84,500,293145,325513
[Recv] <<< 75:ac:a7:b3:2e:45,3925,-18,2191,134.10,74.86,661,293806,326174
[Recv] <<< 75:ac:a7:b3:2e:45,3927,-17,2192,134.11,74.86,154,293960,326328
[Recv] <<< 75:ac:a7:b3:2e:45,3932,-17,2193,134.23,74.86,397,294357,326725
[Recv] <<< 75:ac:a7:b3:2e:45,3933,-18,2194,134.20,74.86,72,294429,326797
[Recv] <<< 75:ac:a7:b3:2e:45,3934,-17,2195,134.17,74.86,80,294509,326877
[Recv] <<< 75:ac:a7:b3:2e:45,3935,-17,2196,134.15,74.86,81,294590,326958
[Recv] <<< 75:ac:a7:b3:2e:45,3936,-17,2197,134.12,74.86,73,294663,327031
[Recv] <<< 75:ac:a7:b3:2e:45,3937,-18,2198,134.10,74.87,85,294748,327116
[Recv] <<< 75:ac:a7:b3:2e:45,3946,-17,2199,134.35,74.87,681,295429,327797
[Recv] <<< 75:ac:a7:b3:2e:45,3947,-17,2200,134.32,74.87,75,295504,327872
[Recv] <<< 75:ac:a7:b3:2e:45,3950,-18,2201,134.36,74.87,229,295733,328101
[Recv] <<< 75:ac:a7:b3:2e:45,3951,-18,2202,134.34,74.87,74,295807,328175
[Recv] <<< 75:ac:a7:b3:2e:45,3952,-18,2203,134.31,74.87,70,295877,328245
[Recv] <<< 75:ac:a7:b3:2e:45,3953,-18,2204,134.28,74.87,81,295958,328326
[Recv] <<< 75:ac:a7:b3:2e:45,3954,-18,2205,134.25,74.87,67,296025,328393
[Recv] <<< 75:ac:a7:b3:2e:45,3955,-17,2206,134.23,74.87,79,296104,328472
[Recv] <<< 75:ac:a7:b3:2e:45,3956,-17,2207,134.20,74.87,70,296174,328542
[Recv] <<< 75:ac:a7:b3:2e:45,3957,-17,2208,134.17,74.87,77,296251,328619
[Recv] <<< 75:ac:a7:b3:2e:45,3958,-17,2209,134.15,74.87,77,296328,328696
[Recv] <<< 75:ac:a7:b3:2e:45,3959,-17,2210,134.12,74.87,77,296405,328773
[Recv] <<< 75:ac:a7:b3:2e:45,3960,-17,2211,134.09,74.87,70,296475,328843
[Recv] <<< 75:ac:a7:b3:2e:45,3962,-18,2212,134.10,74.87,152,296627,328995
[Recv] <<< 75:ac:a7:b3:2e:45,3964,-17,2213,134.10,74.87,145,296772,329140
[Recv] <<< 75:ac:a7:b3:2e:45,3965,-17,2214,134.08,74.87,77,296849,329217
[Recv] <<< 75:ac:a7:b3:2e:45,3966,-18,2215,134.05,74.87,82,296931,329299
[Recv] <<< 75:ac:a7:b3:2e:45,3967,-18,2216,134.03,74.87,73,297004,329372
[Recv] <<< 75:ac:a7:b3:2e:45,3968,-18,2217,134.00,74.87,71,297075,329443
[Recv] <<< 75:ac:a7:b3:2e:45,3969,-17,2218,133.97,74.87,79,297154,329522
[Recv] <<< 75:ac:a7:b3:2e:45,3970,-17,2219,133.94,74.87,65,297219,329587
[Recv] <<< 75:ac:a7:b3:2e:45,3971,-17,2220,133.92,74.87,82,297301,329669
[Recv] <<< 75:ac:a7:b3:2e:45,3972,-17,2221,133.89,74.87,70,297371,329739
[Recv] <<< 75:ac:a7:b3:2e:45,3973,-17,2222,133.86,74.87,72,297443,329811
[Recv] <<< 75:ac:a7:b3:2e:45,3974,-18,2223,133.84,74.87,83,297526,329894
[Recv] <<< 75:ac:a7:b3:2e:45,3975,-18,2224,133.82,74.87,79,297605,329973
[Recv] <<< 75:ac:a7:b3:2e:45,3977,-18,2225,133.82,74.87,151,297756,330124
[Recv] <<< 75:ac:a7:b3:2e:45,3978,-17,2226,133.80,74.87,75,297831,330199
[Recv] <<< 75:ac:a7:b3:2e:45,3979,-17,2227,133.77,74.87,76,297907,330275
[Recv] <<< 75:ac:a7:b3:2e:45,3982,-17,2228,133.81,74.87,212,298119,330487
[Recv] <<< 75:ac:a7:b3:2e:45,3984,-17,2229,133.81,74.87,149,298268,330636
[Recv] <<< 75:ac:a7:b3:2e:45,3986,-17,2230,133.82,74.86,142,298410,330778
[Recv] <<< 75:ac:a7:b3:2e:45,3988,-17,2231,133.82,74.86,144,298554,330922
[Recv] <<< 75:ac:a7:b3:2e:45,3989,-18,2232,133.79,74.86,73,298627,330995
[Recv] <<< 75:ac:a7:b3:2e:45,3990,-18,2233,133.76,74.86,68,298695,331063
[Recv] <<< 75:ac:a7:b3:2e:45,3991,-18,2234,133.74,74.86,82,298777,331145
[Recv] <<< 75:ac:a7:b3:2e:45,3994,-18,2235,133.78,74.86,211,298988,331356
[Recv] <<< 75:ac:a7:b3:2e:45,3995,-18,2236,133.75,74.86,74,299062,331430
[Recv] <<< 75:ac:a7:b3:2e:45,3996,-18,2237,133.72,74.86,66,299128,331496
[Recv] <<< 75:ac:a7:b3:2e:45,3997,-17,2238,133.69,74.86,75,299203,331571
[Recv] <<< 75:ac:a7:b3:2e:45,3998,-18,2239,133.67,74.86,86,299289,331657
[Recv] <<< 75:ac:a7:b3:2e:45,3999,-17,2240,133.64,74.86,67,299356,331724
[Recv] <<< 75:ac:a7:b3:2e:45,4000,-18,2241,133.62,74.86,76,299432,331800
[Recv] <<< 75:ac:a7:b3:2e:45,4001,-17,2242,133.59,74.86,81,299513,331881
[Recv] <<< 75:ac:a7:b3:2e:45,4002,-17,2243,133.56,74.86,70,299583,331951
[Recv] <<< 75:ac:a7:b3:2e:45,4003,-17,2244,133.54,74.86,72,299655,332023
[Recv] <<< 75:ac:a7:b3:2e:45,4005,-17,2245,133.55,74.86,155,299810,332178
[Recv] <<< 75:ac:a7:b3:2e:45,4008,-17,2246,133.58,74.86,212,300022,332390
[Recv] <<< 75:ac:a7:b3:2e:45,4010,-17,2247,133.58,74.85,141,300163,332531
[Recv] <<< 75:ac:a7:b3:2e:45,4012,-17,2248,133.59,74.85,152,300315,332683
[Recv] <<< 75:ac:a7:b3:2e:45,4013,-17,2249,133.57,74.85,77,300392,332760
[Recv] <<< 75:ac:a7:b3:2e:45,4015,-18,2250,133.57,74.85,148,300540,332908
[Recv] <<< 75:ac:a7:b3:2e:45,4016,-18,2251,133.55,74.85,70,300610,332978
[Recv] <<< 75:ac:a7:b3:2e:45,4017,-18,2252,133.52,74.85,78,300688,333056
[Recv] <<< 75:ac:a7:b3:2e:45,4018,-18,2253,133.50,74.86,83,300771,333139
[Recv] <<< 75:ac:a7:b3:2e:45,4019,-17,2254,133.47,74.86,73,300844,333212
[Recv] <<< 75:ac:a7:b3:2e:45,4020,-17,2255,133.45,74.86,75,300919,333287
[Recv] <<< 75:ac:a7:b3:2e:45,4021,-17,2256,133.42,74.86,79,300998,333366
[Recv] <<< 75:ac:a7:b3:2e:45,4022,-17,2257,133.39,74.85,62,301060,333428
[Recv] <<< 75:ac:a7:b3:2e:45,4025,-18,2258,133.43,74.85,214,301274,333642
[Recv] <<< 75:ac:a7:b3:2e:45,4026,-18,2259,133.40,74.85,75,301349,333717
[Recv] <<< 75:ac:a7:b3:2e:45,4027,-17,2260,133.38,74.85,79,301428,333796
[Recv] <<< 75:ac:a7:b3:2e:45,4028,-17,2261,133.35,74.85,75,301503,333871
[Recv] <<< 75:ac:a7:b3:2e:45,4029,-17,2262,133.32,74.85,71,301574,333942
[Recv] <<< 75:ac:a7:b3:2e:45,4030,-17,2263,133.29,74.85,69,301643,334011
[Recv] <<< 75:ac:a7:b3:2e:45,4031,-17,2264,133.27,74.85,76,301719,334087
[Recv] <<< 75:ac:a7:b3:2e:45,4032,-17,2265,133.24,74.85,67,301786,334154
[Recv] <<< 75:ac:a7:b3:2e:45,4033,-17,2266,133.21,74.85,70,301856,334224
[Recv] <<< 75:ac:a7:b3:2e:45,4034,-17,2267,133.19,74.85,75,301931,334299
[Recv] <<< 75:ac:a7:b3:2e:45,4036,-18,2268,133.19,74.85,147,302078,334446
[Recv] <<< 75:ac:a7:b3:2e:45,4037,-17,2269,133.17,74.85,82,302160,334528
[Recv] <<< 75:ac:a7:b3:2e:45,4038,-17,2270,133.14,74.85,73,302233,334601
[Recv] <<< 75:ac:a7:b3:2e:45,4039,-17,2271,133.12,74.85,75,302308,334676
[Recv] <<< 75:ac:a7:b3:2e:45,4040,-17,2272,133.09,74.85,75,302383,334751
[Recv] <<< 75:ac:a7:b3:2e:45,4041,-17,2273,133.06,74.85,73,302456,334824
[Recv] <<< 75:ac:a7:b3:2e:45,4045,-17,2274,133.14,74.85,298,302754,335122
[Recv] <<< 75:ac:a7:b3:2e:45,4046,-18,2275,133.11,74.85,73,302827,335195
[Recv] <<< 75:ac:a7:b3:2e:45,4049,-18,2276,133.15,74.85,222,303049,335417
[Recv] <<< 75:ac:a7:b3:2e:45,4050,-18,2277,133.12,74.84,68,303117,335485
[Recv] <<< 75:ac:a7:b3:2e:45,4051,-18,2278,133.10,74.84,77,303194,335562
[Recv] <<< 75:ac:a7:b3:2e:45,4052,-18,2279,133.07,74.84,62,303256,335624
[Recv] <<< 75:ac:a7:b3:2e:45,4054,-17,2280,133.07,74.84,153,303409,335777
[Recv] <<< 75:ac:a7:b3:2e:45,4055,-17,2281,133.05,74.84,76,303485,335853
[Recv] <<< 75:ac:a7:b3:2e:45,4056,-17,2282,133.02,74.84,68,303553,335921
[Recv] <<< 75:ac:a7:b3:2e:45,4057,-18,2283,133.00,74.84,81,303634,336002
[Recv] <<< 75:ac:a7:b3:2e:45,4059,-17,2284,133.00,74.84,144,303778,336146
[Recv] <<< 75:ac:a7:b3:2e:45,4060,-17,2285,132.98,74.84,77,303855,336223
[Recv] <<< 75:ac:a7:b3:2e:45,4061,-17,2286,132.95,74.84,66,303921,336289
[Recv] <<< 75:ac:a7:b3:2e:45,4062,-17,2287,132.92,74.84,73,303994,336362
[Recv] <<< 75:ac:a7:b3:2e:45,4063,-17,2288,132.90,74.84,70,304064,336432
[Recv] <<< 75:ac:a7:b3:2e:45,4066,-17,2289,132.93,74.84,216,304280,336648
[Recv] <<< 75:ac:a7:b3:2e:45,4067,-18,2290,132.91,74.84,80,304360,336728
[Recv] <<< 75:ac:a7:b3:2e:45,4068,-18,2291,132.88,74.83,68,304428,336796
[Recv] <<< 75:ac:a7:b3:2e:45,4069,-17,2292,132.85,74.83,74,304502,336870
[Recv] <<< 75:ac:a7:b3:2e:45,4071,-17,2293,132.86,74.84,154,304656,337024
[Recv] <<< 75:ac:a7:b3:2e:45,4073,-17,2294,132.87,74.83,143,304799,337167
[Recv] <<< 75:ac:a7:b3:2e:45,4074,-17,2295,132.84,74.83,67,304866,337234
[Recv] <<< 75:ac:a7:b3:2e:45,4075,-17,2296,132.81,74.83,74,304940,337308
[Recv] <<< 75:ac:a7:b3:2e:45,4076,-18,2297,132.79,74.83,74,305014,337382
[Recv] <<< 75:ac:a7:b3:2e:45,4077,-18,2298,132.76,74.83,72,305086,337454
[Recv] <<< 75:ac:a7:b3:2e:45,4078,-18,2299,132.73,74.83,67,305153,337521
[Recv] <<< 75:ac:a7:b3:2e:45,4079,-17,2300,132.71,74.83,79,305232,337600
[Recv] <<< 75:ac:a7:b3:2e:45,4081,-17,2301,132.72,74.83,146,305378,337746
[Recv] <<< 75:ac:a7:b3:2e:45,4084,-17,2302,132.75,74.83,213,305591,337959
[Recv] <<< 75:ac:a7:b3:2e:45,4085,-17,2303,132.73,74.83,80,305671,338039
[Recv] <<< 75:ac:a7:b3:2e:45,4086,-17,2304,132.70,74.83,66,305737,338105
[Recv] <<< 75:ac:a7:b3:2e:45,4087,-17,2305,132.67,74.83,78,305815,338183
[Recv] <<< 75:ac:a7:b3:2e:45,4089,-17,2306,132.68,74.83,146,305961,338329
[Recv] <<< 75:ac:a7:b3:2e:45,4091,-17,2307,132.69,74.83,150,306111,338479
[Recv] <<< 75:ac:a7:b3:2e:45,4092,-17,2308,132.66,74.82,64,306175,338543
[Recv] <<< 75:ac:a7:b3:2e:45,4093,-17,2309,132.63,74.82,74,306249,338617
[Recv] <<< 75:ac:a7:b3:2e:45,4095,-18,2310,132.64,74.82,150,306399,338767
[Recv] <<< 75:ac:a7:b3:2e:45,4096,-18,2311,132.61,74.82,70,306469,338837
[Recv] <<< 75:ac:a7:b3:2e:45,4097,-18,2312,132.59,74.82,77,306546,338914
[Recv] <<< 75:ac:a7:b3:2e:45,4098,-17,2313,132.56,74.82,74,306620,338988
[Recv] <<< 75:ac:a7:b3:2e:45,4099,-17,2314,132.54,74.82,71,306691,339059
[Recv] <<< 75:ac:a7:b3:2e:45,4100,-17,2315,132.51,74.82,77,306768,339136
[Recv] <<< 75:ac:a7:b3:2e:45,4101,-17,2316,132.48,74.82,67,306835,339203
[Recv] <<< 75:ac:a7:b3:2e:45,4106,-17,2317,132.58,74.82,358,307193,339561
[Recv] <<< 75:ac:a7:b3:2e:45,4108,-18,2318,132.59,74.82,148,307341,339709
[Recv] <<< 75:ac:a7:b3:2e:45,4109,-18,2319,132.56,74.82,75,307416,339784
[Recv] <<< 75:ac:a7:b3:2e:45,4111,-17,2320,132.57,74.82,150,307566,339934
[Recv] <<< 75:ac:a7:b3:2e:45,4112,-17,2321,132.55,74.82,76,307642,340010
[Recv] <<< 75:ac:a7:b3:2e:45,4113,-17,2322,132.52,74.82,77,307719,340087
[Recv] <<< 75:ac:a7:b3:2e:45,4114,-17,2323,132.50,74.81,67,307786,340154
[Recv] <<< 75:ac:a7:b3:2e:45,4115,-18,2324,132.47,74.82,83,307869,340237
[Recv] <<< 75:ac:a7:b3:2e:45,4116,-17,2325,132.45,74.82,77,307946,340314
[Recv] <<< 75:ac:a7:b3:2e:45,4117,-17,2326,132.42,74.82,72,308018,340386
[Recv] <<< 75:ac:a7:b3:2e:45,4118,-17,2327,132.40,74.82,72,308090,340458
[Recv] <<< 75:ac:a7:b3:2e:45,4119,-17,2328,132.37,74.81,71,308161,340529
[Recv] <<< 75:ac:a7:b3:2e:45,4120,-17,2329,132.34,74.81,68,308229,340597
[Recv] <<< 75:ac:a7:b3:2e:45,4121,-17,2330,132.32,74.82,84,308313,340681
[Recv] <<< 75:ac:a7:b3:2e:45,4123,-17,2331,132.32,74.81,133,308446,340814
[Recv] <<< 75:ac:a7:b3:2e:45,4124,-17,2332,132.30,74.81,71,308517,340885
[Recv] <<< 75:ac:a7:b3:2e:45,4128,-17,2333,132.37,74.81,291,308808,341176
[Recv] <<< 75:ac:a7:b3:2e:45,4133,-17,2334,132.47,74.81,377,309185,341553
[Recv] <<< 75:ac:a7:b3:2e:45,4138,-18,2335,132.58,74.81,378,309563,341931
[Recv] <<< 75:ac:a7:b3:2e:45,4139,-18,2336,132.55,74.81,64,309627,341995
[Recv] <<< 75:ac:a7:b3:2e:45,4140,-18,2337,132.52,74.81,72,309699,342067
[Recv] <<< 75:ac:a7:b3:2e:45,4142,-17,2338,132.53,74.81,154,309853,342221
[Recv] <<< 75:ac:a7:b3:2e:45,4143,-18,2339,132.50,74.81,66,309919,342287
[Recv] <<< 75:ac:a7:b3:2e:45,4144,-17,2340,132.48,74.81,89,310008,342376
[Recv] <<< 75:ac:a7:b3:2e:45,4145,-17,2341,132.45,74.81,64,310072,342440
[Recv] <<< 75:ac:a7:b3:2e:45,4146,-17,2342,132.43,74.81,80,310152,342520
[Recv] <<< 75:ac:a7:b3:2e:45,4147,-17,2343,132.40,74.81,71,310223,342591
[Recv] <<< 75:ac:a7:b3:2e:45,4149,-17,2344,132.41,74.81,148,310371,342739
[Recv] <<< 75:ac:a7:b3:2e:45,4150,-17,2345,132.38,74.80,67,310438,342806
[Recv] <<< 75:ac:a7:b3:2e:45,4152,-18,2346,132.39,74.80,151,310589,342957
[Recv] <<< 75:ac:a7:b3:2e:45,4153,-18,2347,132.37,74.80,72,310661,343029
[Recv] <<< 75:ac:a7:b3:2e:45,4154,-18,2348,132.34,74.80,70,310731,343099
[Recv] <<< 75:ac:a7:b3:2e:45,4157,-17,2349,132.38,74.80,225,310956,343324
[Recv] <<< 75:ac:a7:b3:2e:45,4159,-17,2350,132.38,74.80,133,311089,343457
[Recv] <<< 75:ac:a7:b3:2e:45,4160,-17,2351,132.35,74.80,73,311162,343530
[Recv] <<< 75:ac:a7:b3:2e:45,4170,-17,2352,132.61,74.79,727,311889,344257
[Recv] <<< 75:ac:a7:b3:2e:45,4171,-17,2353,132.58,74.79,68,311957,344325
[Recv] <<< 75:ac:a7:b3:2e:45,4174,-17,2354,132.62,74.79,237,312194,344562
[Recv] <<< 75:ac:a7:b3:2e:45,4177,-17,2355,132.66,74.79,221,312415,344783
[Recv] <<< 75:ac:a7:b3:2e:45,4178,-17,2356,132.63,74.79,67,312482,344850
[Recv] <<< 75:ac:a7:b3:2e:45,4182,-17,2357,132.70,74.79,297,312779,345147
[Recv] <<< 75:ac:a7:b3:2e:45,4184,-17,2358,132.71,74.79,146,312925,345293
[Recv] <<< 75:ac:a7:b3:2e:45,4185,-17,2359,132.68,74.79,71,312996,345364
[Recv] <<< 75:ac:a7:b3:2e:45,4191,-17,2360,132.81,74.79,440,313436,345804
[Recv] <<< 75:ac:a7:b3:2e:45,4193,-18,2361,132.82,74.79,152,313588,345956
[Recv] <<< 75:ac:a7:b3:2e:45,4194,-18,2362,132.79,74.79,73,313661,346029
[Recv] <<< 75:ac:a7:b3:2e:45,4195,-18,2363,132.77,74.79,67,313728,346096
[Recv] <<< 75:ac:a7:b3:2e:45,4206,-17,2364,133.04,74.78,787,314515,346883
[Recv] <<< 75:ac:a7:b3:2e:45,4212,-18,2365,133.17,74.78,438,314953,347321
[Recv] <<< 75:ac:a7:b3:2e:45,4213,-18,2366,133.15,74.78,75,315028,347396
[Recv] <<< 75:ac:a7:b3:2e:45,4224,-18,2367,133.43,74.77,805,315833,348201
[Recv] <<< 75:ac:a7:b3:2e:45,4226,-17,2368,133.44,74.77,153,315986,348354
[Recv] <<< 75:ac:a7:b3:2e:45,4227,-17,2369,133.41,74.77,62,316048,348416
[Recv] <<< 75:ac:a7:b3:2e:45,4228,-17,2370,133.39,74.77,83,316131,348499
[Recv] <<< 75:ac:a7:b3:2e:45,4229,-17,2371,133.36,74.77,69,316200,348568
[Recv] <<< 75:ac:a7:b3:2e:45,4232,-17,2372,133.40,74.77,217,316417,348785
[Recv] <<< 75:ac:a7:b3:2e:45,4236,-18,2373,133.47,74.77,297,316714,349082
[Recv] <<< 75:ac:a7:b3:2e:45,4237,-18,2374,133.44,74.77,66,316780,349148
[Recv] <<< 75:ac:a7:b3:2e:45,4238,-18,2375,133.41,74.77,75,316855,349223
[Recv] <<< 75:ac:a7:b3:2e:45,4246,-17,2376,133.61,74.76,596,317451,349819
[Recv] <<< 75:ac:a7:b3:2e:45,4248,-17,2377,133.61,74.76,142,317593,349961
[Recv] <<< 75:ac:a7:b3:2e:45,4249,-17,2378,133.58,74.76,72,317665,350033
[Recv] <<< 75:ac:a7:b3:2e:45,4251,-17,2379,133.59,74.76,148,317813,350181
[Recv] <<< 75:ac:a7:b3:2e:45,4257,-17,2380,133.72,74.76,444,318257,350625
[Recv] <<< 75:ac:a7:b3:2e:45,4261,-17,2381,133.79,74.76,306,318563,350931
[Recv] <<< 75:ac:a7:b3:2e:45,4262,-17,2382,133.77,74.76,66,318629,350997
[Recv] <<< 75:ac:a7:b3:2e:45,4264,-17,2383,133.77,74.76,151,318780,351148
[Recv] <<< 75:ac:a7:b3:2e:45,4265,-18,2384,133.75,74.76,76,318856,351224
[Recv] <<< 75:ac:a7:b3:2e:45,4266,-18,2385,133.72,74.76,73,318929,351297
[Recv] <<< 75:ac:a7:b3:2e:45,4269,-17,2386,133.76,74.76,223,319152,351520
[Recv] <<< 75:ac:a7:b3:2e:45,4270,-18,2387,133.73,74.76,73,319225,351593
[Recv] <<< 75:ac:a7:b3:2e:45,4272,-17,2388,133.74,74.76,149,319374,351742
[Recv] <<< 75:ac:a7:b3:2e:45,4274,-17,2389,133.75,74.76,144,319518,351886
[Recv] <<< 75:ac:a7:b3:2e:45,4277,-17,2390,133.78,74.76,225,319743,352111
[Recv] <<< 75:ac:a7:b3:2e:45,4279,-17,2391,133.79,74.76,151,319894,352262
[Recv] <<< 75:ac:a7:b3:2e:45,4280,-18,2392,133.77,74.76,78,319972,352340
[Recv] <<< 75:ac:a7:b3:2e:45,4284,-17,2393,133.83,74.76,283,320255,352623
[Recv] <<< 75:ac:a7:b3:2e:45,4285,-18,2394,133.81,74.76,80,320335,352703
[Recv] <<< 75:ac:a7:b3:2e:45,4286,-18,2395,133.78,74.76,70,320405,352773
[Recv] <<< 75:ac:a7:b3:2e:45,4288,-18,2396,133.79,74.76,148,320553,352921
[Recv] <<< 75:ac:a7:b3:2e:45,4289,-18,2397,133.76,74.76,74,320627,352995
[Recv] <<< 75:ac:a7:b3:2e:45,4290,-18,2398,133.74,74.76,74,320701,353069
[Recv] <<< 75:ac:a7:b3:2e:45,4291,-18,2399,133.71,74.75,65,320766,353134
[Recv] <<< 75:ac:a7:b3:2e:45,4292,-17,2400,133.68,74.75,76,320842,353210
[Recv] <<< 75:ac:a7:b3:2e:45,4294,-17,2401,133.69,74.75,145,320987,353355
[Recv] <<< 75:ac:a7:b3:2e:45,4295,-17,2402,133.66,74.75,73,321060,353428
[Recv] <<< 75:ac:a7:b3:2e:45,4296,-17,2403,133.64,74.75,76,321136,353504
[Recv] <<< 75:ac:a7:b3:2e:45,4297,-17,2404,133.61,74.75,69,321205,353573
[Recv] <<< 75:ac:a7:b3:2e:45,4298,-17,2405,133.59,74.75,77,321282,353650
[Recv] <<< 75:ac:a7:b3:2e:45,4299,-17,2406,133.56,74.75,74,321356,353724
[Recv] <<< 75:ac:a7:b3:2e:45,4302,-17,2407,133.59,74.75,205,321561,353929
[Recv] <<< 75:ac:a7:b3:2e:45,4304,-17,2408,133.60,74.75,149,321710,354078
[Recv] <<< 75:ac:a7:b3:2e:45,4305,-17,2409,133.58,74.75,76,321786,354154
[Recv] <<< 75:ac:a7:b3:2e:45,4309,-17,2410,133.65,74.75,303,322089,354457
[Recv] <<< 75:ac:a7:b3:2e:45,4312,-18,2411,133.68,74.75,214,322303,354671
[Recv] <<< 75:ac:a7:b3:2e:45,4314,-17,2412,133.68,74.74,136,322439,354807
[Recv] <<< 75:ac:a7:b3:2e:45,4315,-17,2413,133.66,74.74,77,322516,354884
[Recv] <<< 75:ac:a7:b3:2e:45,4316,-17,2414,133.63,74.74,77,322593,354961
[Recv] <<< 75:ac:a7:b3:2e:45,4318,-18,2415,133.64,74.74,144,322737,355105
[Recv] <<< 75:ac:a7:b3:2e:45,4319,-18,2416,133.62,74.74,78,322815,355183
[Recv] <<< 75:ac:a7:b3:2e:45,4321,-18,2417,133.62,74.74,143,322958,355326
[Recv] <<< 75:ac:a7:b3:2e:45,4322,-17,2418,133.60,74.74,78,323036,355404
[Recv] <<< 75:ac:a7:b3:2e:45,4325,-18,2419,133.63,74.74,206,323242,355610
[Recv] <<< 75:ac:a7:b3:2e:45,4326,-18,2420,133.60,74.74,73,323315,355683
[Recv] <<< 75:ac:a7:b3:2e:45,4327,-17,2421,133.58,74.74,81,323396,355764
[Recv] <<< 75:ac:a7:b3:2e:45,4329,-17,2422,133.58,74.74,143,323539,355907
[Recv] <<< 75:ac:a7:b3:2e:45,4330,-17,2423,133.56,74.74,75,323614,355982
[Recv] <<< 75:ac:a7:b3:2e:45,4333,-17,2424,133.60,74.74,223,323837,356205
[Recv] <<< 75:ac:a7:b3:2e:45,4334,-18,2425,133.57,74.74,77,323914,356282
[Recv] <<< 75:ac:a7:b3:2e:45,4340,-18,2426,133.69,74.73,429,324343,356711
[Recv] <<< 75:ac:a7:b3:2e:45,4342,-18,2427,133.70,74.73,143,324486,356854
[Recv] <<< 75:ac:a7:b3:2e:45,4344,-17,2428,133.70,74.73,149,324635,357003
[Recv] <<< 75:ac:a7:b3:2e:45,4345,-17,2429,133.68,74.73,76,324711,357079
[Recv] <<< 75:ac:a7:b3:2e:45,4346,-18,2430,133.66,74.73,76,324787,357155
[Recv] <<< 75:ac:a7:b3:2e:45,4347,-18,2431,133.63,74.73,75,324862,357230
[Recv] <<< 75:ac:a7:b3:2e:45,4348,-18,2432,133.61,74.73,72,324934,357302
[Recv] <<< 75:ac:a7:b3:2e:45,4349,-17,2433,133.59,74.73,79,325013,357381
[Recv] <<< 75:ac:a7:b3:2e:45,4350,-17,2434,133.56,74.73,75,325088,357456
[Recv] <<< 75:ac:a7:b3:2e:45,4351,-17,2435,133.54,74.73,71,325159,357527
[Recv] <<< 75:ac:a7:b3:2e:45,4352,-17,2436,133.51,74.73,63,325222,357590
[Recv] <<< 75:ac:a7:b3:2e:45,4353,-17,2437,133.48,74.73,68,325290,357658
[Recv] <<< 75:ac:a7:b3:2e:45,4354,-17,2438,133.45,74.73,73,325363,357731
[Recv] <<< 75:ac:a7:b3:2e:45,4359,-17,2439,133.55,74.72,363,325726,358094
[Recv] <<< 75:ac:a7:b3:2e:45,4360,-17,2440,133.52,74.72,69,325795,358163
[Recv] <<< 75:ac:a7:b3:2e:45,4361,-17,2441,133.50,74.72,73,325868,358236
[Recv] <<< 75:ac:a7:b3:2e:45,4362,-18,2442,133.48,74.72,82,325950,358318
[Recv] <<< 75:ac:a7:b3:2e:45,4363,-18,2443,133.45,74.72,68,326018,358386
[Recv] <<< 75:ac:a7:b3:2e:45,4364,-18,2444,133.42,74.72,72,326090,358458
[Recv] <<< 75:ac:a7:b3:2e:45,4367,-17,2445,133.46,74.72,230,326320,358688
[Recv] <<< 75:ac:a7:b3:2e:45,4368,-17,2446,133.44,74.72,70,326390,358758
[Recv] <<< 75:ac:a7:b3:2e:45,4369,-17,2447,133.41,74.72,73,326463,358831
[Recv] <<< 75:ac:a7:b3:2e:45,4370,-18,2448,133.39,74.72,76,326539,358907
[Recv] <<< 75:ac:a7:b3:2e:45,4371,-18,2449,133.36,74.72,66,326605,358973
[Recv] <<< 75:ac:a7:b3:2e:45,4373,-18,2450,133.37,74.72,140,326745,359113
[Recv] <<< 75:ac:a7:b3:2e:45,4375,-17,2451,133.38,74.72,159,326904,359272
[Recv] <<< 75:ac:a7:b3:2e:45,4376,-17,2452,133.35,74.72,67,326971,359339
[Recv] <<< 75:ac:a7:b3:2e:45,4377,-17,2453,133.32,74.72,72,327043,359411
[Recv] <<< 75:ac:a7:b3:2e:45,4379,-18,2454,133.33,74.72,148,327191,359559
[Recv] <<< 75:ac:a7:b3:2e:45,4380,-18,2455,133.31,74.72,73,327264,359632
[Recv] <<< 75:ac:a7:b3:2e:45,4381,-18,2456,133.28,74.72,69,327333,359701
[Recv] <<< 75:ac:a7:b3:2e:45,4382,-17,2457,133.26,74.72,75,327408,359776
[Recv] <<< 75:ac:a7:b3:2e:45,4385,-17,2458,133.29,74.71,213,327621,359989
[Recv] <<< 75:ac:a7:b3:2e:45,4386,-17,2459,133.26,74.71,68,327689,360057
[Recv] <<< 75:ac:a7:b3:2e:45,4387,-17,2460,133.24,74.71,74,327763,360131
[Recv] <<< 75:ac:a7:b3:2e:45,4409,-18,2461,133.85,74.71,1637,329400,361768
[Recv] <<< 75:ac:a7:b3:2e:45,4410,-17,2462,133.83,74.71,87,329487,361855
[Recv] <<< 75:ac:a7:b3:2e:45,4411,-17,2463,133.81,74.71,79,329566,361934
[Recv] <<< 75:ac:a7:b3:2e:45,4412,-18,2464,133.79,74.72,88,329654,362022
[Recv] <<< 75:ac:a7:b3:2e:45,4414,-18,2465,133.80,74.72,167,329821,362189
[Recv] <<< 75:ac:a7:b3:2e:45,4417,-17,2466,133.84,74.72,236,330057,362425
[Recv] <<< 75:ac:a7:b3:2e:45,4418,-18,2467,133.82,74.73,86,330143,362511
[Recv] <<< 75:ac:a7:b3:2e:45,4419,-17,2468,133.80,74.73,81,330224,362592
[Recv] <<< 75:ac:a7:b3:2e:45,4425,-18,2469,133.95,74.74,495,330719,363087
[Recv] <<< 75:ac:a7:b3:2e:45,4426,-17,2470,133.93,74.74,85,330804,363172
[Recv] <<< 75:ac:a7:b3:2e:45,4427,-17,2471,133.91,74.74,82,330886,363254
[Recv] <<< 75:ac:a7:b3:2e:45,4428,-18,2472,133.88,74.74,76,330962,363330
[Recv] <<< 75:ac:a7:b3:2e:45,4431,-18,2473,133.93,74.75,257,331219,363587
[Recv] <<< 75:ac:a7:b3:2e:45,4432,-17,2474,133.91,74.75,71,331290,363658
[Recv] <<< 75:ac:a7:b3:2e:45,4433,-17,2475,133.89,74.75,78,331368,363736
[Recv] <<< 75:ac:a7:b3:2e:45,4434,-18,2476,133.87,74.75,83,331451,363819
[Recv] <<< 75:ac:a7:b3:2e:45,4435,-17,2477,133.84,74.75,79,331530,363898
[Recv] <<< 75:ac:a7:b3:2e:45,4436,-17,2478,133.82,74.75,81,331611,363979
[Recv] <<< 75:ac:a7:b3:2e:45,4437,-17,2479,133.80,74.76,81,331692,364060
[Recv] <<< 75:ac:a7:b3:2e:45,4440,-17,2480,133.85,74.76,252,331944,364312
[Recv] <<< 75:ac:a7:b3:2e:45,4441,-17,2481,133.83,74.76,79,332023,364391
[Recv] <<< 75:ac:a7:b3:2e:45,4442,-18,2482,133.81,74.76,83,332106,364474
[Recv] <<< 75:ac:a7:b3:2e:45,4443,-17,2483,133.78,74.77,77,332183,364551
[Recv] <<< 75:ac:a7:b3:2e:45,4446,-17,2484,133.83,74.77,247,332430,364798
[Recv] <<< 75:ac:a7:b3:2e:45,4450,-17,2485,133.90,74.78,321,332751,365119
[Recv] <<< 75:ac:a7:b3:2e:45,4451,-17,2486,133.88,74.78,76,332827,365195
[Recv] <<< 75:ac:a7:b3:2e:45,4452,-18,2487,133.86,74.78,82,332909,365277
[Recv] <<< 75:ac:a7:b3:2e:45,4453,-17,2488,133.84,74.78,80,332989,365357
[Recv] <<< 75:ac:a7:b3:2e:45,4460,-17,2489,134.02,74.79,576,333565,365933
[Recv] <<< 75:ac:a7:b3:2e:45,4461,-18,2490,133.99,74.79,74,333639,366007
[Recv] <<< 75:ac:a7:b3:2e:45,4462,-17,2491,133.97,74.79,88,333727,366095
[Recv] <<< 75:ac:a7:b3:2e:45,4463,-17,2492,133.95,74.79,79,333806,366174
[Recv] <<< 75:ac:a7:b3:2e:45,4464,-17,2493,133.93,74.80,83,333889,366257
[Recv] <<< 75:ac:a7:b3:2e:45,4468,-17,2494,134.01,74.80,325,334214,366582
[Recv] <<< 75:ac:a7:b3:2e:45,4469,-17,2495,133.99,74.80,81,334295,366663
[Recv] <<< 75:ac:a7:b3:2e:45,4470,-18,2496,133.96,74.80,77,334372,366740
[Recv] <<< 75:ac:a7:b3:2e:45,4471,-17,2497,133.94,74.80,81,334453,366821
[Recv] <<< 75:ac:a7:b3:2e:45,4475,-17,2498,134.02,74.81,328,334781,367149
[Recv] <<< 75:ac:a7:b3:2e:45,4476,-17,2499,134.00,74.81,74,334855,367223
[Recv] <<< 75:ac:a7:b3:2e:45,4477,-18,2500,133.98,74.81,86,334941,367309
[Recv] <<< 75:ac:a7:b3:2e:45,4478,-17,2501,133.95,74.81,77,335018,367386
[Recv] <<< 75:ac:a7:b3:2e:45,4479,-17,2502,133.93,74.82,84,335102,367470
[Recv] <<< 75:ac:a7:b3:2e:45,4480,-18,2503,133.91,74.82,76,335178,367546
[Recv] <<< 75:ac:a7:b3:2e:45,4481,-17,2504,133.89,74.82,86,335264,367632
[Recv] <<< 75:ac:a7:b3:2e:45,4482,-17,2505,133.87,74.82,84,335348,367716
[Recv] <<< 75:ac:a7:b3:2e:45,4484,-18,2506,133.88,74.82,158,335506,367874
[Recv] <<< 75:ac:a7:b3:2e:45,4487,-18,2507,133.92,74.83,242,335748,368116
[Recv] <<< 75:ac:a7:b3:2e:45,4489,-17,2508,133.94,74.83,165,335913,368281
[Recv] <<< 75:ac:a7:b3:2e:45,4490,-18,2509,133.92,74.83,81,335994,368362
[Recv] <<< 75:ac:a7:b3:2e:45,4493,-18,2510,133.96,74.84,244,336238,368606
[Recv] <<< 75:ac:a7:b3:2e:45,4494,-17,2511,133.94,74.84,78,336316,368684
[Recv] <<< 75:ac:a7:b3:2e:45,4495,-17,2512,133.92,74.84,84,336400,368768
[Recv] <<< 75:ac:a7:b3:2e:45,4496,-17,2513,133.90,74.84,81,336481,368849
[Recv] <<< 75:ac:a7:b3:2e:45,4498,-17,2514,133.91,74.84,165,336646,369014
[Recv] <<< 75:ac:a7:b3:2e:45,4499,-17,2515,133.89,74.85,83,336729,369097
[Recv] <<< 75:ac:a7:b3:2e:45,4500,-18,2516,133.87,74.85,82,336811,369179
[Recv] <<< 75:ac:a7:b3:2e:45,4502,-17,2517,133.88,74.85,157,336968,369336
[Recv] <<< 75:ac:a7:b3:2e:45,4504,-17,2518,133.89,74.85,166,337134,369502
[Recv] <<< 75:ac:a7:b3:2e:45,4505,-17,2519,133.87,74.85,79,337213,369581
[Recv] <<< 75:ac:a7:b3:2e:45,4506,-17,2520,133.84,74.85,73,337286,369654
[Recv] <<< 75:ac:a7:b3:2e:45,4507,-18,2521,133.82,74.85,75,337361,369729
[Recv] <<< 75:ac:a7:b3:2e:45,4509,-17,2522,133.83,74.86,167,337528,369896
[Recv] <<< 75:ac:a7:b3:2e:45,4515,-18,2523,133.97,74.86,471,337999,370367
[Recv] <<< 75:ac:a7:b3:2e:45,4516,-17,2524,133.94,74.86,77,338076,370444
[Recv] <<< 75:ac:a7:b3:2e:45,4517,-17,2525,133.92,74.86,70,338146,370514
[Recv] <<< 75:ac:a7:b3:2e:45,4518,-17,2526,133.90,74.86,85,338231,370599
[Recv] <<< 75:ac:a7:b3:2e:45,4519,-17,2527,133.88,74.86,76,338307,370675
[Recv] <<< 75:ac:a7:b3:2e:45,4520,-18,2528,133.85,74.86,78,338385,370753
[Recv] <<< 75:ac:a7:b3:2e:45,4523,-17,2529,133.89,74.86,224,338609,370977
[Recv] <<< 75:ac:a7:b3:2e:45,4524,-17,2530,133.87,74.86,76,338685,371053
[Recv] <<< 75:ac:a7:b3:2e:45,4525,-18,2531,133.85,74.87,81,338766,371134
[Recv] <<< 75:ac:a7:b3:2e:45,4526,-17,2532,133.82,74.87,73,338839,371207
[Recv] <<< 75:ac:a7:b3:2e:45,4527,-17,2533,133.80,74.86,73,338912,371280
[Recv] <<< 75:ac:a7:b3:2e:45,4528,-17,2534,133.78,74.87,83,338995,371363
[Recv] <<< 75:ac:a7:b3:2e:45,4529,-17,2535,133.75,74.86,68,339063,371431
[Recv] <<< 75:ac:a7:b3:2e:45,4530,-17,2536,133.73,74.86,71,339134,371502
[Recv] <<< 75:ac:a7:b3:2e:45,4531,-17,2537,133.71,74.87,86,339220,371588
[Recv] <<< 75:ac:a7:b3:2e:45,4532,-18,2538,133.69,74.87,75,339295,371663
[Recv] <<< 75:ac:a7:b3:2e:45,4533,-17,2539,133.66,74.87,77,339372,371740
[Recv] <<< 75:ac:a7:b3:2e:45,4534,-17,2540,133.64,74.87,70,339442,371810
[Recv] <<< 75:ac:a7:b3:2e:45,4536,-17,2541,133.64,74.87,147,339589,371957
[Recv] <<< 75:ac:a7:b3:2e:45,4539,-17,2542,133.68,74.87,225,339814,372182
[Recv] <<< 75:ac:a7:b3:2e:45,4540,-17,2543,133.65,74.86,70,339884,372252
[Recv] <<< 75:ac:a7:b3:2e:45,4541,-18,2544,133.63,74.86,74,339958,372326
[Recv] <<< 75:ac:a7:b3:2e:45,4542,-18,2545,133.61,74.86,72,340030,372398
[Recv] <<< 75:ac:a7:b3:2e:45,4545,-17,2546,133.64,74.86,221,340251,372619
[Recv] <<< 75:ac:a7:b3:2e:45,4546,-17,2547,133.62,74.86,85,340336,372704
[Recv] <<< 75:ac:a7:b3:2e:45,4547,-17,2548,133.60,74.86,71,340407,372775
[Recv] <<< 75:ac:a7:b3:2e:45,4548,-17,2549,133.57,74.86,68,340475,372843
[Recv] <<< 75:ac:a7:b3:2e:45,4549,-17,2550,133.55,74.86,78,340553,372921
[Recv] <<< 75:ac:a7:b3:2e:45,4550,-18,2551,133.53,74.86,81,340634,373002
[Recv] <<< 75:ac:a7:b3:2e:45,4551,-17,2552,133.51,74.87,80,340714,373082
[Recv] <<< 75:ac:a7:b3:2e:45,4552,-17,2553,133.48,74.87,73,340787,373155
[Recv] <<< 75:ac:a7:b3:2e:45,4553,-17,2554,133.46,74.86,71,340858,373226
[Recv] <<< 75:ac:a7:b3:2e:45,4554,-17,2555,133.44,74.86,77,340935,373303
[Recv] <<< 75:ac:a7:b3:2e:45,4555,-17,2556,133.41,74.86,72,341007,373375
[Recv] <<< 75:ac:a7:b3:2e:45,4556,-18,2557,133.39,74.86,75,341082,373450
[Recv] <<< 75:ac:a7:b3:2e:45,4557,-18,2558,133.37,74.86,73,341155,373523
[Recv] <<< 75:ac:a7:b3:2e:45,4558,-18,2559,133.35,74.86,75,341230,373598
[Recv] <<< 75:ac:a7:b3:2e:45,4559,-18,2560,133.32,74.86,79,341309,373677
[Recv] <<< 75:ac:a7:b3:2e:45,4563,-17,2561,133.39,74.87,302,341611,373979
[Recv] <<< 75:ac:a7:b3:2e:45,4564,-18,2562,133.37,74.87,76,341687,374055
[Recv] <<< 75:ac:a7:b3:2e:45,4572,-18,2563,133.54,74.86,584,342271,374639
[Recv] <<< 75:ac:a7:b3:2e:45,4575,-18,2564,133.57,74.86,212,342483,374851
[Recv] <<< 75:ac:a7:b3:2e:45,4578,-18,2565,133.61,74.86,216,342699,375067
[Recv] <<< 75:ac:a7:b3:2e:45,4579,-18,2566,133.58,74.86,75,342774,375142
[Recv] <<< 75:ac:a7:b3:2e:45,4581,-17,2567,133.59,74.86,140,342914,375282
[Recv] <<< 75:ac:a7:b3:2e:45,4582,-17,2568,133.56,74.86,78,342992,375360
[Recv] <<< 75:ac:a7:b3:2e:45,4583,-17,2569,133.54,74.86,71,343063,375431
[Recv] <<< 75:ac:a7:b3:2e:45,4586,-17,2570,133.57,74.85,219,343282,375650
[Recv] <<< 75:ac:a7:b3:2e:45,4587,-17,2571,133.55,74.85,73,343355,375723
[Recv] <<< 75:ac:a7:b3:2e:45,4588,-17,2572,133.53,74.85,79,343434,375802
[Recv] <<< 75:ac:a7:b3:2e:45,4589,-17,2573,133.50,74.85,63,343497,375865
[Recv] <<< 75:ac:a7:b3:2e:45,4590,-17,2574,133.47,74.85,67,343564,375932
[Recv] <<< 75:ac:a7:b3:2e:45,4591,-17,2575,133.45,74.85,78,343642,376010
[Recv] <<< 75:ac:a7:b3:2e:45,4597,-17,2576,133.58,74.85,452,344094,376462
[Recv] <<< 75:ac:a7:b3:2e:45,4598,-17,2577,133.55,74.85,70,344164,376532
[Recv] <<< 75:ac:a7:b3:2e:45,4599,-17,2578,133.53,74.85,66,344230,376598
[Recv] <<< 75:ac:a7:b3:2e:45,4600,-17,2579,133.50,74.85,71,344301,376669
[Recv] <<< 75:ac:a7:b3:2e:45,4601,-17,2580,133.48,74.85,78,344379,376747
[Recv] <<< 75:ac:a7:b3:2e:45,4602,-17,2581,133.46,74.85,73,344452,376820
[Recv] <<< 75:ac:a7:b3:2e:45,4605,-17,2582,133.49,74.85,227,344679,377047
[Recv] <<< 75:ac:a7:b3:2e:45,4606,-17,2583,133.47,74.85,68,344747,377115
[Recv] <<< 75:ac:a7:b3:2e:45,4608,-18,2584,133.47,74.85,152,344899,377267
[Recv] <<< 75:ac:a7:b3:2e:45,4611,-17,2585,133.51,74.85,219,345118,377486
[Recv] <<< 75:ac:a7:b3:2e:45,4612,-17,2586,133.48,74.85,71,345189,377557
[Recv] <<< 75:ac:a7:b3:2e:45,4615,-17,2587,133.52,74.84,220,345409,377777
[Recv] <<< 75:ac:a7:b3:2e:45,4617,-17,2588,133.52,74.84,149,345558,377926
[Recv] <<< 75:ac:a7:b3:2e:45,4618,-17,2589,133.50,74.84,74,345632,378000
[Recv] <<< 75:ac:a7:b3:2e:45,4619,-18,2590,133.48,74.85,82,345714,378082
[Recv] <<< 75:ac:a7:b3:2e:45,4620,-18,2591,133.46,74.85,77,345791,378159
[Recv] <<< 75:ac:a7:b3:2e:45,4621,-18,2592,133.44,74.85,74,345865,378233
[Recv] <<< 75:ac:a7:b3:2e:45,4622,-18,2593,133.41,74.84,67,345932,378300
[Recv] <<< 75:ac:a7:b3:2e:45,4623,-18,2594,133.39,74.84,70,346002,378370
[Recv] <<< 75:ac:a7:b3:2e:45,4624,-18,2595,133.36,74.84,70,346072,378440
[Recv] <<< 75:ac:a7:b3:2e:45,4626,-18,2596,133.36,74.84,138,346210,378578
[Recv] <<< 75:ac:a7:b3:2e:45,4628,-17,2597,133.37,74.84,159,346369,378737
[Recv] <<< 75:ac:a7:b3:2e:45,4630,-17,2598,133.37,74.84,131,346500,378868
[Recv] <<< 75:ac:a7:b3:2e:45,4631,-17,2599,133.35,74.84,75,346575,378943
[Recv] <<< 75:ac:a7:b3:2e:45,4632,-17,2600,133.32,74.84,66,346641,379009
[Recv] <<< 75:ac:a7:b3:2e:45,4634,-18,2601,133.33,74.84,161,346802,379170
[Recv] <<< 75:ac:a7:b3:2e:45,4635,-18,2602,133.31,74.84,66,346868,379236
[Recv] <<< 75:ac:a7:b3:2e:45,4636,-18,2603,133.28,74.84,69,346937,379305
[Recv] <<< 75:ac:a7:b3:2e:45,4637,-18,2604,133.26,74.83,66,347003,379371
[Recv] <<< 75:ac:a7:b3:2e:45,4639,-18,2605,133.26,74.83,143,347146,379514
[Recv] <<< 75:ac:a7:b3:2e:45,4640,-18,2606,133.24,74.83,74,347220,379588
[Recv] <<< 75:ac:a7:b3:2e:45,4644,-17,2607,133.30,74.83,298,347518,379886
[Recv] <<< 75:ac:a7:b3:2e:45,4645,-17,2608,133.28,74.83,73,347591,379959
[Recv] <<< 75:ac:a7:b3:2e:45,4646,-17,2609,133.25,74.83,66,347657,380025
[Recv] <<< 75:ac:a7:b3:2e:45,4656,-17,2610,133.49,74.83,739,348396,380764
[Recv] <<< 75:ac:a7:b3:2e:45,4657,-17,2611,133.46,74.83,76,348472,380840
[Recv] <<< 75:ac:a7:b3:2e:45,4661,-17,2612,133.52,74.82,284,348756,381124
[Recv] <<< 75:ac:a7:b3:2e:45,4670,-17,2613,133.73,74.82,670,349426,381794
[Recv] <<< 75:ac:a7:b3:2e:45,4671,-17,2614,133.70,74.82,67,349493,381861
[Recv] <<< 75:ac:a7:b3:2e:45,4672,-17,2615,133.68,74.82,72,349565,381933
[Recv] <<< 75:ac:a7:b3:2e:45,4673,-18,2616,133.65,74.82,76,349641,382009
[Recv] <<< 75:ac:a7:b3:2e:45,4675,-17,2617,133.66,74.82,153,349794,382162
[Recv] <<< 75:ac:a7:b3:2e:45,4676,-17,2618,133.64,74.82,81,349875,382243
[Recv] <<< 75:ac:a7:b3:2e:45,4677,-17,2619,133.62,74.82,68,349943,382311
[Recv] <<< 75:ac:a7:b3:2e:45,4678,-17,2620,133.60,74.82,76,350019,382387
[Recv] <<< 75:ac:a7:b3:2e:45,4679,-17,2621,133.57,74.82,72,350091,382459
[Recv] <<< 75:ac:a7:b3:2e:45,4680,-17,2622,133.55,74.82,76,350167,382535
[Recv] <<< 75:ac:a7:b3:2e:45,4681,-18,2623,133.53,74.82,75,350242,382610
[Recv] <<< 75:ac:a7:b3:2e:45,4686,-18,2624,133.62,74.82,373,350615,382983
[Recv] <<< 75:ac:a7:b3:2e:45,4687,-18,2625,133.59,74.82,65,350680,383048
[Recv] <<< 75:ac:a7:b3:2e:45,4688,-18,2626,133.57,74.82,77,350757,383125
[Recv] <<< 75:ac:a7:b3:2e:45,4689,-18,2627,133.54,74.82,64,350821,383189
[Recv] <<< 75:ac:a7:b3:2e:45,4690,-18,2628,133.52,74.82,72,350893,383261
[Recv] <<< 75:ac:a7:b3:2e:45,4691,-18,2629,133.50,74.82,77,350970,383338
[Recv] <<< 75:ac:a7:b3:2e:45,4692,-18,2630,133.48,74.82,73,351043,383411
[Recv] <<< 75:ac:a7:b3:2e:45,4693,-17,2631,133.45,74.82,73,351116,383484
[Recv] <<< 75:ac:a7:b3:2e:45,4694,-17,2632,133.43,74.82,74,351190,383558
[Recv] <<< 75:ac:a7:b3:2e:45,4695,-17,2633,133.41,74.82,71,351261,383629
[Recv] <<< 75:ac:a7:b3:2e:45,4700,-18,2634,133.50,74.81,366,351627,383995
[Recv] <<< 75:ac:a7:b3:2e:45,4702,-18,2635,133.50,74.81,144,351771,384139
[Recv] <<< 75:ac:a7:b3:2e:45,4704,-18,2636,133.50,74.81,139,351910,384278
[Recv] <<< 75:ac:a7:b3:2e:45,4705,-18,2637,133.48,74.81,78,351988,384356
[Recv] <<< 75:ac:a7:b3:2e:45,4706,-18,2638,133.46,74.81,69,352057,384425
[Recv] <<< 75:ac:a7:b3:2e:45,4707,-17,2639,133.44,74.81,78,352135,384503
[Recv] <<< 75:ac:a7:b3:2e:45,4708,-17,2640,133.41,74.81,65,352200,384568
[Recv] <<< 75:ac:a7:b3:2e:45,4711,-17,2641,133.44,74.81,218,352418,384786
[Recv] <<< 75:ac:a7:b3:2e:45,4712,-17,2642,133.42,74.81,80,352498,384866
[Recv] <<< 75:ac:a7:b3:2e:45,4713,-17,2643,133.40,74.81,73,352571,384939
[Recv] <<< 75:ac:a7:b3:2e:45,4714,-17,2644,133.37,74.81,71,352642,385010
[Recv] <<< 75:ac:a7:b3:2e:45,4716,-17,2645,133.38,74.81,145,352787,385155
[Recv] <<< 75:ac:a7:b3:2e:45,4717,-17,2646,133.35,74.81,69,352856,385224
[Recv] <<< 75:ac:a7:b3:2e:45,4718,-17,2647,133.33,74.81,74,352930,385298
[Recv] <<< 75:ac:a7:b3:2e:45,4721,-17,2648,133.36,74.80,216,353146,385514
[Recv] <<< 75:ac:a7:b3:2e:45,4722,-17,2649,133.34,74.80,67,353213,385581
[Recv] <<< 75:ac:a7:b3:2e:45,4723,-18,2650,133.32,74.80,78,353291,385659
[Recv] <<< 75:ac:a7:b3:2e:45,4724,-18,2651,133.29,74.80,70,353361,385729
[Recv] <<< 75:ac:a7:b3:2e:45,4726,-18,2652,133.30,74.80,147,353508,385876
[Recv] <<< 75:ac:a7:b3:2e:45,4729,-17,2653,133.33,74.80,210,353718,386086
[Recv] <<< 75:ac:a7:b3:2e:45,4730,-17,2654,133.31,74.80,77,353795,386163
[Recv] <<< 75:ac:a7:b3:2e:45,4731,-17,2655,133.28,74.80,72,353867,386235
[Recv] <<< 75:ac:a7:b3:2e:45,4733,-17,2656,133.29,74.80,143,354010,386378
[Recv] <<< 75:ac:a7:b3:2e:45,4734,-17,2657,133.26,74.80,71,354081,386449
[Recv] <<< 75:ac:a7:b3:2e:45,4735,-17,2658,133.24,74.80,81,354162,386530
[Recv] <<< 75:ac:a7:b3:2e:45,4736,-17,2659,133.22,74.80,69,354231,386599
[Recv] <<< 75:ac:a7:b3:2e:45,4738,-17,2660,133.23,74.80,153,354384,386752
[Recv] <<< 75:ac:a7:b3:2e:45,4739,-17,2661,133.20,74.80,70,354454,386822
[Recv] <<< 75:ac:a7:b3:2e:45,4740,-17,2662,133.18,74.80,77,354531,386899
[Recv] <<< 75:ac:a7:b3:2e:45,4742,-18,2663,133.19,74.80,150,354681,387049
[Recv] <<< 75:ac:a7:b3:2e:45,4743,-18,2664,133.16,74.79,69,354750,387118
[Recv] <<< 75:ac:a7:b3:2e:45,4746,-17,2665,133.20,74.79,223,354973,387341
[Recv] <<< 75:ac:a7:b3:2e:45,4747,-17,2666,133.17,74.79,71,355044,387412
[Recv] <<< 75:ac:a7:b3:2e:45,4748,-17,2667,133.15,74.79,64,355108,387476
[Recv] <<< 75:ac:a7:b3:2e:45,4749,-18,2668,133.13,74.79,77,355185,387553
[Recv] <<< 75:ac:a7:b3:2e:45,4750,-18,2669,133.10,74.79,66,355251,387619
[Recv] <<< 75:ac:a7:b3:2e:45,4751,-18,2670,133.08,74.79,71,355322,387690
[Recv] <<< 75:ac:a7:b3:2e:45,4753,-17,2671,133.08,74.79,143,355465,387833
[Recv] <<< 75:ac:a7:b3:2e:45,4754,-18,2672,133.06,74.79,77,355542,387910
[Recv] <<< 75:ac:a7:b3:2e:45,4755,-17,2673,133.04,74.79,70,355612,387980
[Recv] <<< 75:ac:a7:b3:2e:45,4757,-17,2674,133.04,74.79,146,355758,388126
[Recv] <<< 75:ac:a7:b3:2e:45,4761,-17,2675,133.10,74.78,288,356046,388414
[Recv] <<< 75:ac:a7:b3:2e:45,4762,-17,2676,133.08,74.78,76,356122,388490
[Recv] <<< 75:ac:a7:b3:2e:45,4764,-17,2677,133.08,74.78,141,356263,388631
[Recv] <<< 75:ac:a7:b3:2e:45,4766,-18,2678,133.09,74.78,147,356410,388778
[Recv] <<< 75:ac:a7:b3:2e:45,4767,-18,2679,133.06,74.78,70,356480,388848
[Recv] <<< 75:ac:a7:b3:2e:45,4770,-17,2680,133.10,74.78,225,356705,389073
[Recv] <<< 75:ac:a7:b3:2e:45,4772,-17,2681,133.10,74.78,144,356849,389217
[Recv] <<< 75:ac:a7:b3:2e:45,4773,-17,2682,133.08,74.78,76,356925,389293
[Recv] <<< 75:ac:a7:b3:2e:45,4774,-17,2683,133.06,74.78,74,356999,389367
[Recv] <<< 75:ac:a7:b3:2e:45,4775,-18,2684,133.04,74.78,72,357071,389439
[Recv] <<< 75:ac:a7:b3:2e:45,4776,-17,2685,133.02,74.78,81,357152,389520
[Recv] <<< 75:ac:a7:b3:2e:45,4777,-17,2686,132.99,74.78,71,357223,389591
[Recv] <<< 75:ac:a7:b3:2e:45,4778,-17,2687,132.97,74.78,75,357298,389666
[Recv] <<< 75:ac:a7:b3:2e:45,4779,-17,2688,132.95,74.78,78,357376,389744
[Recv] <<< 75:ac:a7:b3:2e:45,4780,-17,2689,132.93,74.78,79,357455,389823
[Recv] <<< 75:ac:a7:b3:2e:45,4781,-17,2690,132.91,74.78,76,357531,389899
[Recv] <<< 75:ac:a7:b3:2e:45,4782,-17,2691,132.89,74.78,67,357598,389966
[Recv] <<< 75:ac:a7:b3:2e:45,4783,-17,2692,132.86,74.78,65,357663,390031
[Recv] <<< 75:ac:a7:b3:2e:45,4790,-17,2693,133.00,74.78,514,358177,390545
[Recv] <<< 75:ac:a7:b3:2e:45,4791,-17,2694,132.98,74.78,73,358250,390618
[Recv] <<< 75:ac:a7:b3:2e:45,4793,-17,2695,132.99,74.78,151,358401,390769
[Recv] <<< 75:ac:a7:b3:2e:45,4794,-18,2696,132.97,74.78,73,358474,390842
[Recv] <<< 75:ac:a7:b3:2e:45,4795,-18,2697,132.94,74.78,73,358547,390915
[Recv] <<< 75:ac:a7:b3:2e:45,4798,-17,2698,132.98,74.77,223,358770,391138
[Recv] <<< 75:ac:a7:b3:2e:45,4799,-17,2699,132.96,74.78,78,358848,391216
[Recv] <<< 75:ac:a7:b3:2e:45,4800,-17,2700,132.93,74.77,69,358917,391285
[Recv] <<< 75:ac:a7:b3:2e:45,4802,-17,2701,132.93,74.77,139,359056,391424
[Recv] <<< 75:ac:a7:b3:2e:45,4803,-17,2702,132.91,74.77,71,359127,391495
[Recv] <<< 75:ac:a7:b3:2e:45,4805,-17,2703,132.92,74.77,145,359272,391640
[Recv] <<< 75:ac:a7:b3:2e:45,4806,-17,2704,132.89,74.77,73,359345,391713
[Recv] <<< 75:ac:a7:b3:2e:45,4807,-17,2705,132.87,74.77,74,359419,391787
[Recv] <<< 75:ac:a7:b3:2e:45,4810,-17,2706,132.90,74.77,209,359628,391996
[Recv] <<< 75:ac:a7:b3:2e:45,4811,-17,2707,132.88,74.77,75,359703,392071
[Recv] <<< 75:ac:a7:b3:2e:45,4814,-17,2708,132.91,74.77,218,359921,392289
[Recv] <<< 75:ac:a7:b3:2e:45,4817,-17,2709,132.94,74.77,223,360144,392512
[Recv] <<< 75:ac:a7:b3:2e:45,4818,-17,2710,132.92,74.77,74,360218,392586
[Recv] <<< 75:ac:a7:b3:2e:45,4819,-17,2711,132.90,74.76,74,360292,392660
[Recv] <<< 75:ac:a7:b3:2e:45,4821,-18,2712,132.90,74.76,141,360433,392801
[Recv] <<< 75:ac:a7:b3:2e:45,4822,-18,2713,132.88,74.76,70,360503,392871
[Recv] <<< 75:ac:a7:b3:2e:45,4823,-17,2714,132.86,74.76,73,360576,392944
[Recv] <<< 75:ac:a7:b3:2e:45,4824,-17,2715,132.84,74.76,85,360661,393029
[Recv] <<< 75:ac:a7:b3:2e:45,4828,-18,2716,132.89,74.76,276,360937,393305
[Recv] <<< 75:ac:a7:b3:2e:45,4829,-18,2717,132.87,74.76,70,361007,393375
[Recv] <<< 75:ac:a7:b3:2e:45,4830,-17,2718,132.85,74.76,76,361083,393451
[Recv] <<< 75:ac:a7:b3:2e:45,4831,-17,2719,132.83,74.76,73,361156,393524
[Recv] <<< 75:ac:a7:b3:2e:45,4833,-17,2720,132.83,74.76,145,361301,393669
[Recv] <<< 75:ac:a7:b3:2e:45,4835,-18,2721,132.84,74.76,150,361451,393819
[Recv] <<< 75:ac:a7:b3:2e:45,4836,-18,2722,132.82,74.76,73,361524,393892
[Recv] <<< 75:ac:a7:b3:2e:45,4837,-17,2723,132.79,74.76,74,361598,393966
[Recv] <<< 75:ac:a7:b3:2e:45,4838,-17,2724,132.77,74.76,67,361665,394033
[Recv] <<< 75:ac:a7:b3:2e:45,4839,-17,2725,132.75,74.75,72,361737,394105
[Recv] <<< 75:ac:a7:b3:2e:45,4840,-17,2726,132.73,74.75,75,361812,394180
[Recv] <<< 75:ac:a7:b3:2e:45,4842,-18,2727,132.73,74.75,148,361960,394328
[Recv] <<< 75:ac:a7:b3:2e:45,4844,-17,2728,132.73,74.75,138,362098,394466
[Recv] <<< 75:ac:a7:b3:2e:45,4846,-17,2729,132.74,74.75,145,362243,394611
[Recv] <<< 75:ac:a7:b3:2e:45,4848,-17,2730,132.74,74.75,147,362390,394758
[Recv] <<< 75:ac:a7:b3:2e:45,4850,-18,2731,132.75,74.75,145,362535,394903
[Recv] <<< 75:ac:a7:b3:2e:45,4851,-18,2732,132.73,74.75,73,362608,394976
[Recv] <<< 75:ac:a7:b3:2e:45,4852,-18,2733,132.70,74.75,73,362681,395049
[Recv] <<< 75:ac:a7:b3:2e:45,4854,-18,2734,132.71,74.75,144,362825,395193
[Recv] <<< 75:ac:a7:b3:2e:45,4855,-17,2735,132.69,74.75,75,362900,395268
[Recv] <<< 75:ac:a7:b3:2e:45,4857,-17,2736,132.69,74.75,147,363047,395415
[Recv] <<< 75:ac:a7:b3:2e:45,4858,-18,2737,132.67,74.75,74,363121,395489
[Recv] <<< 75:ac:a7:b3:2e:45,4860,-18,2738,132.68,74.75,145,363266,395634
[Recv] <<< 75:ac:a7:b3:2e:45,4861,-18,2739,132.65,74.75,72,363338,395706
[Recv] <<< 75:ac:a7:b3:2e:45,4862,-18,2740,132.63,74.75,75,363413,395781
[Recv] <<< 75:ac:a7:b3:2e:45,4863,-17,2741,132.61,74.74,70,363483,395851
[Recv] <<< 75:ac:a7:b3:2e:45,4864,-17,2742,132.59,74.74,73,363556,395924
[Recv] <<< 75:ac:a7:b3:2e:45,4865,-17,2743,132.57,74.75,81,363637,396005
[Recv] <<< 75:ac:a7:b3:2e:45,4867,-18,2744,132.57,74.74,145,363782,396150
[Recv] <<< 75:ac:a7:b3:2e:45,4869,-17,2745,132.58,74.74,144,363926,396294
[Recv] <<< 75:ac:a7:b3:2e:45,4870,-17,2746,132.56,74.74,73,363999,396367
[Recv] <<< 75:ac:a7:b3:2e:45,4871,-17,2747,132.53,74.74,74,364073,396441
[Recv] <<< 75:ac:a7:b3:2e:45,4872,-17,2748,132.51,74.74,72,364145,396513
[Recv] <<< 75:ac:a7:b3:2e:45,4873,-17,2749,132.49,74.74,74,364219,396587
[Recv] <<< 75:ac:a7:b3:2e:45,4874,-17,2750,132.47,74.74,80,364299,396667
[Recv] <<< 75:ac:a7:b3:2e:45,4875,-17,2751,132.45,74.74,65,364364,396732
[Recv] <<< 75:ac:a7:b3:2e:45,4876,-17,2752,132.43,74.74,75,364439,396807
[Recv] <<< 75:ac:a7:b3:2e:45,4877,-17,2753,132.41,74.74,73,364512,396880
[Recv] <<< 75:ac:a7:b3:2e:45,4878,-17,2754,132.38,74.74,71,364583,396951
[Recv] <<< 75:ac:a7:b3:2e:45,4879,-18,2755,132.36,74.74,76,364659,397027
[Recv] <<< 75:ac:a7:b3:2e:45,4880,-18,2756,132.34,74.74,71,364730,397098
[Recv] <<< 75:ac:a7:b3:2e:45,4881,-17,2757,132.32,74.74,65,364795,397163
[Recv] <<< 75:ac:a7:b3:2e:45,4883,-17,2758,132.32,74.74,148,364943,397311
[Recv] <<< 75:ac:a7:b3:2e:45,4885,-18,2759,132.33,74.74,145,365088,397456
[Recv] <<< 75:ac:a7:b3:2e:45,4888,-18,2760,132.36,74.73,215,365303,397671
[Recv] <<< 75:ac:a7:b3:2e:45,4889,-17,2761,132.34,74.74,78,365381,397749
[Recv] <<< 75:ac:a7:b3:2e:45,4890,-17,2762,132.32,74.74,77,365458,397826
[Recv] <<< 75:ac:a7:b3:2e:45,4891,-18,2763,132.30,74.74,80,365538,397906
[Recv] <<< 75:ac:a7:b3:2e:45,4892,-18,2764,132.27,74.74,69,365607,397975
[Recv] <<< 75:ac:a7:b3:2e:45,4896,-17,2765,132.34,74.74,304,365911,398279
[Recv] <<< 75:ac:a7:b3:2e:45,4897,-17,2766,132.32,74.74,73,365984,398352
[Recv] <<< 75:ac:a7:b3:2e:45,4898,-17,2767,132.29,74.74,69,366053,398421
[Recv] <<< 75:ac:a7:b3:2e:45,4899,-18,2768,132.27,74.74,82,366135,398503
[Recv] <<< 75:ac:a7:b3:2e:45,4903,-17,2769,132.33,74.73,288,366423,398791
[Recv] <<< 75:ac:a7:b3:2e:45,4905,-17,2770,132.34,74.73,148,366571,398939
[Recv] <<< 75:ac:a7:b3:2e:45,4911,-17,2771,132.45,74.73,436,367007,399375
[Recv] <<< 75:ac:a7:b3:2e:45,4912,-17,2772,132.43,74.73,80,367087,399455
[Recv] <<< 75:ac:a7:b3:2e:45,4913,-17,2773,132.40,74.73,70,367157,399525
[Recv] <<< 75:ac:a7:b3:2e:45,4914,-18,2774,132.38,74.73,74,367231,399599
[Recv] <<< 75:ac:a7:b3:2e:45,4915,-18,2775,132.36,74.73,70,367301,399669
[Recv] <<< 75:ac:a7:b3:2e:45,4916,-18,2776,132.34,74.73,83,367384,399752
[Recv] <<< 75:ac:a7:b3:2e:45,4917,-18,2777,132.32,74.73,66,367450,399818
[Recv] <<< 75:ac:a7:b3:2e:45,4919,-17,2778,132.33,74.73,155,367605,399973
[Recv] <<< 75:ac:a7:b3:2e:45,4922,-17,2779,132.36,74.73,217,367822,400190
[Recv] <<< 75:ac:a7:b3:2e:45,4923,-18,2780,132.34,74.73,74,367896,400264
[Recv] <<< 75:ac:a7:b3:2e:45,4924,-17,2781,132.32,74.73,73,367969,400337
[Recv] <<< 75:ac:a7:b3:2e:45,4925,-18,2782,132.29,74.73,67,368036,400404
[Recv] <<< 75:ac:a7:b3:2e:45,4926,-17,2783,132.27,74.73,78,368114,400482
[Recv] <<< 75:ac:a7:b3:2e:45,4927,-18,2784,132.25,74.73,72,368186,400554
[Recv] <<< 75:ac:a7:b3:2e:45,4928,-18,2785,132.23,74.73,68,368254,400622
[Recv] <<< 75:ac:a7:b3:2e:45,4929,-18,2786,132.21,74.73,74,368328,400696
[Recv] <<< 75:ac:a7:b3:2e:45,4940,-18,2787,132.45,74.73,814,369142,401510
[Recv] <<< 75:ac:a7:b3:2e:45,4941,-18,2788,132.43,74.72,74,369216,401584
[Recv] <<< 75:ac:a7:b3:2e:45,4942,-17,2789,132.41,74.72,70,369286,401654
[Recv] <<< 75:ac:a7:b3:2e:45,4943,-17,2790,132.39,74.72,72,369358,401726
[Recv] <<< 75:ac:a7:b3:2e:45,4944,-17,2791,132.37,74.72,73,369431,401799
[Recv] <<< 75:ac:a7:b3:2e:45,4945,-17,2792,132.34,74.72,75,369506,401874
[Recv] <<< 75:ac:a7:b3:2e:45,4946,-17,2793,132.32,74.72,64,369570,401938
[Recv] <<< 75:ac:a7:b3:2e:45,4947,-17,2794,132.30,74.72,71,369641,402009
[Recv] <<< 75:ac:a7:b3:2e:45,4949,-17,2795,132.31,74.72,154,369795,402163
[Recv] <<< 75:ac:a7:b3:2e:45,4951,-17,2796,132.31,74.72,142,369937,402305
[Recv] <<< 75:ac:a7:b3:2e:45,4952,-17,2797,132.29,74.72,76,370013,402381
[Recv] <<< 75:ac:a7:b3:2e:45,4953,-17,2798,132.27,74.72,71,370084,402452
[Recv] <<< 75:ac:a7:b3:2e:45,4955,-18,2799,132.27,74.72,146,370230,402598
[Recv] <<< 75:ac:a7:b3:2e:45,4956,-18,2800,132.25,74.72,77,370307,402675
[Recv] <<< 75:ac:a7:b3:2e:45,4957,-18,2801,132.23,74.72,74,370381,402749
[Recv] <<< 75:ac:a7:b3:2e:45,4958,-17,2802,132.21,74.72,72,370453,402821
[Recv] <<< 75:ac:a7:b3:2e:45,4959,-17,2803,132.19,74.72,74,370527,402895
[Recv] <<< 75:ac:a7:b3:2e:45,4960,-17,2804,132.17,74.72,85,370612,402980
[Recv] <<< 75:ac:a7:b3:2e:45,4961,-18,2805,132.15,74.72,79,370691,403059
[Recv] <<< 75:ac:a7:b3:2e:45,4963,-18,2806,132.16,74.72,141,370832,403200
[Recv] <<< 75:ac:a7:b3:2e:45,4964,-17,2807,132.14,74.72,75,370907,403275
[Recv] <<< 75:ac:a7:b3:2e:45,4965,-17,2808,132.12,74.72,74,370981,403349
[Recv] <<< 75:ac:a7:b3:2e:45,4966,-17,2809,132.09,74.72,70,371051,403419
[Recv] <<< 75:ac:a7:b3:2e:45,4967,-17,2810,132.07,74.72,77,371128,403496
[Recv] <<< 75:ac:a7:b3:2e:45,4968,-17,2811,132.05,74.72,69,371197,403565
[Recv] <<< 75:ac:a7:b3:2e:45,4971,-17,2812,132.08,74.72,219,371416,403784
[Recv] <<< 75:ac:a7:b3:2e:45,4976,-17,2813,132.16,74.71,364,371780,404148
[Recv] <<< 75:ac:a7:b3:2e:45,4987,-18,2814,132.42,74.72,860,372640,405008
[Recv] <<< 75:ac:a7:b3:2e:45,4994,-18,2815,132.58,74.73,561,373201,405569
[Recv] <<< 75:ac:a7:b3:2e:45,4995,-17,2816,132.56,74.73,81,373282,405650
[Recv] <<< 75:ac:a7:b3:2e:45,4998,-17,2817,132.60,74.73,241,373523,405891
[Recv] <<< 75:ac:a7:b3:2e:45,4999,-17,2818,132.58,74.74,91,373614,405982
[Recv] <<< 75:ac:a7:b3:2e:45,5000,-18,2819,132.56,74.74,71,373685,406053
[Recv] <<< 75:ac:a7:b3:2e:45,5001,-17,2820,132.54,74.74,87,373772,406140
[Recv] <<< 75:ac:a7:b3:2e:45,5003,-18,2821,132.55,74.74,164,373936,406304
[Recv] <<< 75:ac:a7:b3:2e:45,5004,-17,2822,132.54,74.74,83,374019,406387
[Recv] <<< 75:ac:a7:b3:2e:45,5007,-18,2823,132.57,74.75,232,374251,406619
[Recv] <<< 75:ac:a7:b3:2e:45,5014,-18,2824,132.73,74.75,565,374816,407184
[Recv] <<< 75:ac:a7:b3:2e:45,5016,-17,2825,132.73,74.76,160,374976,407344
[Recv] <<< 75:ac:a7:b3:2e:45,5017,-17,2826,132.72,74.76,78,375054,407422
[Recv] <<< 75:ac:a7:b3:2e:45,5018,-18,2827,132.70,74.76,84,375138,407506
[Recv] <<< 75:ac:a7:b3:2e:45,5022,-17,2828,132.76,74.76,318,375456,407824
[Recv] <<< 75:ac:a7:b3:2e:45,5023,-17,2829,132.75,74.77,89,375545,407913
[Recv] <<< 75:ac:a7:b3:2e:45,5024,-18,2830,132.73,74.77,75,375620,407988
[Recv] <<< 75:ac:a7:b3:2e:45,5031,-17,2831,132.88,74.77,573,376193,408561
[Recv] <<< 75:ac:a7:b3:2e:45,5032,-17,2832,132.87,74.78,85,376278,408646
[Recv] <<< 75:ac:a7:b3:2e:45,5035,-17,2833,132.90,74.78,237,376515,408883
[Recv] <<< 75:ac:a7:b3:2e:45,5036,-17,2834,132.88,74.78,80,376595,408963
[Recv] <<< 75:ac:a7:b3:2e:45,5037,-17,2835,132.86,74.78,76,376671,409039
[Recv] <<< 75:ac:a7:b3:2e:45,5038,-18,2836,132.85,74.78,81,376752,409120
[Recv] <<< 75:ac:a7:b3:2e:45,5039,-17,2837,132.83,74.78,86,376838,409206
[Recv] <<< 75:ac:a7:b3:2e:45,5040,-17,2838,132.81,74.79,82,376920,409288
[Recv] <<< 75:ac:a7:b3:2e:45,5041,-18,2839,132.79,74.79,84,377004,409372
[Recv] <<< 75:ac:a7:b3:2e:45,5042,-17,2840,132.78,74.79,81,377085,409453
[Recv] <<< 75:ac:a7:b3:2e:45,5043,-17,2841,132.76,74.79,82,377167,409535
[Recv] <<< 75:ac:a7:b3:2e:45,5044,-18,2842,132.74,74.79,83,377250,409618
[Recv] <<< 75:ac:a7:b3:2e:45,5045,-17,2843,132.72,74.79,81,377331,409699
[Recv] <<< 75:ac:a7:b3:2e:45,5046,-18,2844,132.70,74.79,78,377409,409777
[Recv] <<< 75:ac:a7:b3:2e:45,5047,-18,2845,132.68,74.79,79,377488,409856
[Recv] <<< 75:ac:a7:b3:2e:45,5052,-17,2846,132.78,74.80,417,377905,410273
[Recv] <<< 75:ac:a7:b3:2e:45,5053,-17,2847,132.77,74.80,77,377982,410350
[Recv] <<< 75:ac:a7:b3:2e:45,5054,-18,2848,132.75,74.80,82,378064,410432
[Recv] <<< 75:ac:a7:b3:2e:45,5055,-17,2849,132.73,74.81,87,378151,410519
[Recv] <<< 75:ac:a7:b3:2e:45,5056,-17,2850,132.71,74.81,81,378232,410600
[Recv] <<< 75:ac:a7:b3:2e:45,5057,-18,2851,132.69,74.81,76,378308,410676
[Recv] <<< 75:ac:a7:b3:2e:45,5058,-17,2852,132.68,74.81,92,378400,410768
[Recv] <<< 75:ac:a7:b3:2e:45,5059,-18,2853,132.66,74.81,78,378478,410846
[Recv] <<< 75:ac:a7:b3:2e:45,5060,-17,2854,132.64,74.81,82,378560,410928
[Recv] <<< 75:ac:a7:b3:2e:45,5061,-17,2855,132.62,74.82,80,378640,411008
[Recv] <<< 75:ac:a7:b3:2e:45,5064,-18,2856,132.66,74.82,249,378889,411257
[Recv] <<< 75:ac:a7:b3:2e:45,5065,-17,2857,132.65,74.82,81,378970,411338
[Recv] <<< 75:ac:a7:b3:2e:45,5066,-17,2858,132.63,74.82,75,379045,411413
[Recv] <<< 75:ac:a7:b3:2e:45,5067,-17,2859,132.61,74.82,85,379130,411498
[Recv] <<< 75:ac:a7:b3:2e:45,5068,-17,2860,132.60,74.83,93,379223,411591
[Recv] <<< 75:ac:a7:b3:2e:45,5069,-18,2861,132.58,74.83,75,379298,411666
[Recv] <<< 75:ac:a7:b3:2e:45,5070,-17,2862,132.56,74.83,85,379383,411751
[Recv] <<< 75:ac:a7:b3:2e:45,5072,-18,2863,132.57,74.83,171,379554,411922
[Recv] <<< 75:ac:a7:b3:2e:45,5073,-17,2864,132.55,74.83,83,379637,412005
[Recv] <<< 75:ac:a7:b3:2e:45,5074,-17,2865,132.54,74.84,79,379716,412084
[Recv] <<< 75:ac:a7:b3:2e:45,5075,-18,2866,132.52,74.84,82,379798,412166
[Recv] <<< 75:ac:a7:b3:2e:45,5076,-17,2867,132.50,74.84,83,379881,412249
[Recv] <<< 75:ac:a7:b3:2e:45,5077,-17,2868,132.48,74.84,79,379960,412328
[Recv] <<< 75:ac:a7:b3:2e:45,5079,-18,2869,132.49,74.84,163,380123,412491
[Recv] <<< 75:ac:a7:b3:2e:45,5080,-17,2870,132.47,74.84,76,380199,412567
[Recv] <<< 75:ac:a7:b3:2e:45,5081,-17,2871,132.46,74.84,82,380281,412649
[Recv] <<< 75:ac:a7:b3:2e:45,5083,-18,2872,132.47,74.85,164,380445,412813
[Recv] <<< 75:ac:a7:b3:2e:45,5085,-17,2873,132.48,74.85,162,380607,412975
[Recv] <<< 75:ac:a7:b3:2e:45,5090,-17,2874,132.57,74.85,391,380998,413366
[Recv] <<< 75:ac:a7:b3:2e:45,5091,-17,2875,132.55,74.85,73,381071,413439
[Recv] <<< 75:ac:a7:b3:2e:45,5092,-17,2876,132.53,74.85,87,381158,413526
[Recv] <<< 75:ac:a7:b3:2e:45,5093,-18,2877,132.51,74.85,75,381233,413601
[Recv] <<< 75:ac:a7:b3:2e:45,5096,-17,2878,132.55,74.86,240,381473,413841
[Recv] <<< 75:ac:a7:b3:2e:45,5097,-18,2879,132.53,74.86,76,381549,413917
[Recv] <<< 75:ac:a7:b3:2e:45,5099,-17,2880,132.54,74.86,153,381702,414070
[Recv] <<< 75:ac:a7:b3:2e:45,5100,-17,2881,132.52,74.86,85,381787,414155
[Recv] <<< 75:ac:a7:b3:2e:45,5101,-17,2882,132.50,74.86,76,381863,414231
[Recv] <<< 75:ac:a7:b3:2e:45,5105,-18,2883,132.56,74.86,296,382159,414527
[Recv] <<< 75:ac:a7:b3:2e:45,5107,-17,2884,132.56,74.86,152,382311,414679
[Recv] <<< 75:ac:a7:b3:2e:45,5112,-18,2885,132.65,74.86,382,382693,415061
[Recv] <<< 75:ac:a7:b3:2e:45,5113,-17,2886,132.63,74.86,79,382772,415140
[Recv] <<< 75:ac:a7:b3:2e:45,5117,-17,2887,132.69,74.86,291,383063,415431
[Recv] <<< 75:ac:a7:b3:2e:45,5118,-17,2888,132.67,74.86,80,383143,415511
[Recv] <<< 75:ac:a7:b3:2e:45,5120,-18,2889,132.67,74.86,148,383291,415659
[Recv] <<< 75:ac:a7:b3:2e:45,5121,-17,2890,132.65,74.86,75,383366,415734
[Recv] <<< 75:ac:a7:b3:2e:45,5123,-17,2891,132.66,74.86,158,383524,415892
[Recv] <<< 75:ac:a7:b3:2e:45,5124,-17,2892,132.64,74.86,67,383591,415959
[Recv] <<< 75:ac:a7:b3:2e:45,5125,-18,2893,132.62,74.86,80,383671,416039
[Recv] <<< 75:ac:a7:b3:2e:45,5126,-17,2894,132.60,74.86,86,383757,416125
[Recv] <<< 75:ac:a7:b3:2e:45,5127,-17,2895,132.58,74.86,65,383822,416190
[Recv] <<< 75:ac:a7:b3:2e:45,5131,-18,2896,132.64,74.86,296,384118,416486
[Recv] <<< 75:ac:a7:b3:2e:45,5132,-18,2897,132.62,74.86,77,384195,416563
[Recv] <<< 75:ac:a7:b3:2e:45,5133,-18,2898,132.60,74.86,68,384263,416631
[Recv] <<< 75:ac:a7:b3:2e:45,5134,-17,2899,132.58,74.86,81,384344,416712
[Recv] <<< 75:ac:a7:b3:2e:45,5135,-17,2900,132.56,74.86,69,384413,416781
[Recv] <<< 75:ac:a7:b3:2e:45,5136,-17,2901,132.54,74.86,79,384492,416860
[Recv] <<< 75:ac:a7:b3:2e:45,5137,-17,2902,132.52,74.86,77,384569,416937
[Recv] <<< 75:ac:a7:b3:2e:45,5139,-18,2903,132.52,74.86,145,384714,417082
[Recv] <<< 75:ac:a7:b3:2e:45,5141,-17,2904,132.53,74.86,158,384872,417240
[Recv] <<< 75:ac:a7:b3:2e:45,5142,-17,2905,132.51,74.86,68,384940,417308
[Recv] <<< 75:ac:a7:b3:2e:45,5143,-17,2906,132.49,74.86,79,385019,417387
[Recv] <<< 75:ac:a7:b3:2e:45,5144,-17,2907,132.47,74.86,66,385085,417453
[Recv] <<< 75:ac:a7:b3:2e:45,5149,-17,2908,132.55,74.86,380,385465,417833
[Recv] <<< 75:ac:a7:b3:2e:45,5150,-17,2909,132.53,74.86,74,385539,417907
[Recv] <<< 75:ac:a7:b3:2e:45,5153,-17,2910,132.57,74.86,229,385768,418136
[Recv] <<< 75:ac:a7:b3:2e:45,5154,-17,2911,132.54,74.86,69,385837,418205
[Recv] <<< 75:ac:a7:b3:2e:45,5155,-17,2912,132.52,74.86,66,385903,418271
[Recv] <<< 75:ac:a7:b3:2e:45,5156,-18,2913,132.50,74.86,79,385982,418350
[Recv] <<< 75:ac:a7:b3:2e:45,5157,-18,2914,132.48,74.86,68,386050,418418
[Recv] <<< 75:ac:a7:b3:2e:45,5158,-17,2915,132.46,74.86,82,386132,418500
[Recv] <<< 75:ac:a7:b3:2e:45,5159,-17,2916,132.44,74.86,68,386200,418568
[Recv] <<< 75:ac:a7:b3:2e:45,5160,-17,2917,132.42,74.86,76,386276,418644
[Recv] <<< 75:ac:a7:b3:2e:45,5163,-18,2918,132.45,74.86,218,386494,418862
[Recv] <<< 75:ac:a7:b3:2e:45,5164,-18,2919,132.43,74.86,66,386560,418928
[Recv] <<< 75:ac:a7:b3:2e:45,5165,-18,2920,132.41,74.86,70,386630,418998
[Recv] <<< 75:ac:a7:b3:2e:45,5167,-18,2921,132.41,74.85,142,386772,419140
[Recv] <<< 75:ac:a7:b3:2e:45,5168,-17,2922,132.39,74.85,77,386849,419217
[Recv] <<< 75:ac:a7:b3:2e:45,5169,-17,2923,132.37,74.86,78,386927,419295
[Recv] <<< 75:ac:a7:b3:2e:45,5170,-18,2924,132.36,74.86,80,387007,419375
[Recv] <<< 75:ac:a7:b3:2e:45,5171,-18,2925,132.34,74.86,81,387088,419456
[Recv] <<< 75:ac:a7:b3:2e:45,5172,-17,2926,132.32,74.86,76,387164,419532
[Recv] <<< 75:ac:a7:b3:2e:45,5173,-17,2927,132.30,74.86,77,387241,419609
[Recv] <<< 75:ac:a7:b3:2e:45,5176,-17,2928,132.33,74.86,216,387457,419825
[Recv] <<< 75:ac:a7:b3:2e:45,5179,-17,2929,132.36,74.85,215,387672,420040
[Recv] <<< 75:ac:a7:b3:2e:45,5180,-17,2930,132.33,74.85,67,387739,420107
[Recv] <<< 75:ac:a7:b3:2e:45,5181,-17,2931,132.31,74.85,70,387809,420177
[Recv] <<< 75:ac:a7:b3:2e:45,5182,-17,2932,132.30,74.85,81,387890,420258
[Recv] <<< 75:ac:a7:b3:2e:45,5186,-17,2933,132.35,74.85,302,388192,420560
[Recv] <<< 75:ac:a7:b3:2e:45,5187,-17,2934,132.33,74.85,69,388261,420629
[Recv] <<< 75:ac:a7:b3:2e:45,5190,-18,2935,132.36,74.85,224,388485,420853
[Recv] <<< 75:ac:a7:b3:2e:45,5196,-18,2936,132.47,74.85,447,388932,421300
[Recv] <<< 75:ac:a7:b3:2e:45,5199,-18,2937,132.50,74.85,216,389148,421516
[Recv] <<< 75:ac:a7:b3:2e:45,5206,-17,2938,132.63,74.85,513,389661,422029
[Recv] <<< 75:ac:a7:b3:2e:45,5208,-17,2939,132.64,74.85,154,389815,422183
[Recv] <<< 75:ac:a7:b3:2e:45,5209,-17,2940,132.61,74.85,73,389888,422256
[Recv] <<< 75:ac:a7:b3:2e:45,5210,-18,2941,132.60,74.85,80,389968,422336
[Recv] <<< 75:ac:a7:b3:2e:45,5211,-18,2942,132.58,74.85,72,390040,422408
[Recv] <<< 75:ac:a7:b3:2e:45,5213,-17,2943,132.58,74.85,153,390193,422561
[Recv] <<< 75:ac:a7:b3:2e:45,5216,-17,2944,132.61,74.85,221,390414,422782
[Recv] <<< 75:ac:a7:b3:2e:45,5217,-17,2945,132.59,74.85,69,390483,422851
[Recv] <<< 75:ac:a7:b3:2e:45,5219,-17,2946,132.60,74.85,146,390629,422997
[Recv] <<< 75:ac:a7:b3:2e:45,5220,-17,2947,132.57,74.85,64,390693,423061
[Recv] <<< 75:ac:a7:b3:2e:45,5221,-18,2948,132.55,74.85,75,390768,423136
[Recv] <<< 75:ac:a7:b3:2e:45,5222,-18,2949,132.53,74.84,69,390837,423205
[Recv] <<< 75:ac:a7:b3:2e:45,5223,-17,2950,132.51,74.84,76,390913,423281
[Recv] <<< 75:ac:a7:b3:2e:45,5224,-18,2951,132.49,74.84,67,390980,423348
[Recv] <<< 75:ac:a7:b3:2e:45,5229,-17,2952,132.57,74.84,359,391339,423707
[Recv] <<< 75:ac:a7:b3:2e:45,5230,-17,2953,132.55,74.84,70,391409,423777
[Recv] <<< 75:ac:a7:b3:2e:45,5231,-17,2954,132.53,74.84,82,391491,423859
[Recv] <<< 75:ac:a7:b3:2e:45,5232,-17,2955,132.51,74.84,74,391565,423933
[Recv] <<< 75:ac:a7:b3:2e:45,5233,-17,2956,132.49,74.84,72,391637,424005
[Recv] <<< 75:ac:a7:b3:2e:45,5234,-17,2957,132.47,74.84,75,391712,424080
[Recv] <<< 75:ac:a7:b3:2e:45,5237,-17,2958,132.50,74.84,211,391923,424291
[Recv] <<< 75:ac:a7:b3:2e:45,5238,-17,2959,132.47,74.84,70,391993,424361
[Recv] <<< 75:ac:a7:b3:2e:45,5240,-17,2960,132.48,74.83,141,392134,424502
[Recv] <<< 75:ac:a7:b3:2e:45,5242,-18,2961,132.48,74.84,152,392286,424654
[Recv] <<< 75:ac:a7:b3:2e:45,5243,-17,2962,132.47,74.84,79,392365,424733
[Recv] <<< 75:ac:a7:b3:2e:45,5244,-17,2963,132.45,74.84,78,392443,424811
[Recv] <<< 75:ac:a7:b3:2e:45,5245,-17,2964,132.43,74.84,68,392511,424879
[Recv] <<< 75:ac:a7:b3:2e:45,5247,-18,2965,132.43,74.83,137,392648,425016
[Recv] <<< 75:ac:a7:b3:2e:45,5248,-18,2966,132.41,74.83,74,392722,425090
[Recv] <<< 75:ac:a7:b3:2e:45,5257,-17,2967,132.59,74.83,668,393390,425758
[Recv] <<< 75:ac:a7:b3:2e:45,5258,-17,2968,132.57,74.83,66,393456,425824
[Recv] <<< 75:ac:a7:b3:2e:45,5275,-17,2969,132.94,74.82,1230,394686,427054
[Recv] <<< 75:ac:a7:b3:2e:45,5276,-17,2970,132.92,74.82,73,394759,427127
[Recv] <<< 75:ac:a7:b3:2e:45,5277,-17,2971,132.89,74.82,65,394824,427192
[Recv] <<< 75:ac:a7:b3:2e:45,5279,-17,2972,132.90,74.82,145,394969,427337
[Recv] <<< 75:ac:a7:b3:2e:45,5280,-17,2973,132.88,74.82,70,395039,427407
[Recv] <<< 75:ac:a7:b3:2e:45,5282,-17,2974,132.88,74.82,152,395191,427559
[Recv] <<< 75:ac:a7:b3:2e:45,5283,-17,2975,132.86,74.82,65,395256,427624
[Recv] <<< 75:ac:a7:b3:2e:45,5284,-18,2976,132.84,74.82,72,395328,427696
[Recv] <<< 75:ac:a7:b3:2e:45,5285,-18,2977,132.82,74.82,77,395405,427773
[Recv] <<< 75:ac:a7:b3:2e:45,5286,-18,2978,132.80,74.82,78,395483,427851
[Recv] <<< 75:ac:a7:b3:2e:45,5287,-17,2979,132.78,74.82,72,395555,427923
[Recv] <<< 75:ac:a7:b3:2e:45,5288,-17,2980,132.76,74.82,72,395627,427995
[Recv] <<< 75:ac:a7:b3:2e:45,5289,-17,2981,132.74,74.82,76,395703,428071
[Recv] <<< 75:ac:a7:b3:2e:45,5291,-17,2982,132.75,74.81,143,395846,428214
[Recv] <<< 75:ac:a7:b3:2e:45,5293,-18,2983,132.75,74.82,155,396001,428369
[Recv] <<< 75:ac:a7:b3:2e:45,5294,-17,2984,132.73,74.81,66,396067,428435
[Recv] <<< 75:ac:a7:b3:2e:45,5295,-18,2985,132.71,74.81,77,396144,428512
[Recv] <<< 75:ac:a7:b3:2e:45,5296,-17,2986,132.69,74.82,82,396226,428594
[Recv] <<< 75:ac:a7:b3:2e:45,5297,-17,2987,132.67,74.81,64,396290,428658
[Recv] <<< 75:ac:a7:b3:2e:45,5298,-17,2988,132.65,74.81,75,396365,428733
[Recv] <<< 75:ac:a7:b3:2e:45,5300,-18,2989,132.66,74.81,154,396519,428887
[Recv] <<< 75:ac:a7:b3:2e:45,5301,-17,2990,132.64,74.81,74,396593,428961
[Recv] <<< 75:ac:a7:b3:2e:45,5311,-17,2991,132.84,74.81,729,397322,429690
[Recv] <<< 75:ac:a7:b3:2e:45,5314,-17,2992,132.87,74.81,218,397540,429908
[Recv] <<< 75:ac:a7:b3:2e:45,5316,-18,2993,132.87,74.81,148,397688,430056
[Recv] <<< 75:ac:a7:b3:2e:45,5317,-18,2994,132.85,74.81,79,397767,430135
[Recv] <<< 75:ac:a7:b3:2e:45,5319,-18,2995,132.86,74.81,136,397903,430271
[Recv] <<< 75:ac:a7:b3:2e:45,5320,-18,2996,132.84,74.81,71,397974,430342
[Recv] <<< 75:ac:a7:b3:2e:45,5321,-17,2997,132.82,74.81,80,398054,430422
[Recv] <<< 75:ac:a7:b3:2e:45,5322,-17,2998,132.80,74.81,82,398136,430504
[Recv] <<< 75:ac:a7:b3:2e:45,5323,-17,2999,132.78,74.81,65,398201,430569
[Recv] <<< 75:ac:a7:b3:2e:45,5325,-17,3000,132.78,74.81,147,398348,430716
[Recv] <<< 75:ac:a7:b3:2e:45,5326,-17,3001,132.76,74.80,63,398411,430779
[Recv] <<< 75:ac:a7:b3:2e:45,5327,-17,3002,132.74,74.80,74,398485,430853
[Recv] <<< 75:ac:a7:b3:2e:45,5329,-17,3003,132.75,74.81,156,398641,431009
[Recv] <<< 75:ac:a7:b3:2e:45,5330,-17,3004,132.73,74.80,69,398710,431078
[Recv] <<< 75:ac:a7:b3:2e:45,5331,-18,3005,132.71,74.81,77,398787,431155
[Recv] <<< 75:ac:a7:b3:2e:45,5333,-18,3006,132.71,74.80,143,398930,431298
[Recv] <<< 75:ac:a7:b3:2e:45,5334,-17,3007,132.69,74.80,70,399000,431368
[Recv] <<< 75:ac:a7:b3:2e:45,5337,-17,3008,132.72,74.80,218,399218,431586
[Recv] <<< 75:ac:a7:b3:2e:45,5338,-17,3009,132.70,74.80,73,399291,431659
[Recv] <<< 75:ac:a7:b3:2e:45,5339,-17,3010,132.68,74.80,75,399366,431734
[Recv] <<< 75:ac:a7:b3:2e:45,5343,-18,3011,132.73,74.80,295,399661,432029
[Recv] <<< 75:ac:a7:b3:2e:45,5345,-18,3012,132.74,74.80,149,399810,432178
[Recv] <<< 75:ac:a7:b3:2e:45,5346,-18,3013,132.72,74.80,82,399892,432260
[Recv] <<< 75:ac:a7:b3:2e:45,5347,-17,3014,132.70,74.80,72,399964,432332
[Recv] <<< 75:ac:a7:b3:2e:45,5348,-17,3015,132.68,74.80,71,400035,432403
[Recv] <<< 75:ac:a7:b3:2e:45,5349,-17,3016,132.66,74.80,80,400115,432483
[Recv] <<< 75:ac:a7:b3:2e:45,5350,-17,3017,132.64,74.80,66,400181,432549
[Recv] <<< 75:ac:a7:b3:2e:45,5351,-17,3018,132.63,74.80,83,400264,432632
[Recv] <<< 75:ac:a7:b3:2e:45,5352,-17,3019,132.60,74.80,68,400332,432700
[Recv] <<< 75:ac:a7:b3:2e:45,5353,-17,3020,132.59,74.80,78,400410,432778
[Recv] <<< 75:ac:a7:b3:2e:45,5354,-17,3021,132.56,74.80,68,400478,432846
[Recv] <<< 75:ac:a7:b3:2e:45,5355,-17,3022,132.55,74.80,80,400558,432926
[Recv] <<< 75:ac:a7:b3:2e:45,5356,-17,3023,132.53,74.80,67,400625,432993
[Recv] <<< 75:ac:a7:b3:2e:45,5358,-18,3024,132.53,74.80,146,400771,433139
[Recv] <<< 75:ac:a7:b3:2e:45,5359,-18,3025,132.51,74.80,65,400836,433204
[Recv] <<< 75:ac:a7:b3:2e:45,5360,-18,3026,132.49,74.80,76,400912,433280
[Recv] <<< 75:ac:a7:b3:2e:45,5365,-17,3027,132.57,74.80,365,401277,433645
[Recv] <<< 75:ac:a7:b3:2e:45,5367,-18,3028,132.57,74.80,148,401425,433793
[Recv] <<< 75:ac:a7:b3:2e:45,5369,-18,3029,132.57,74.79,144,401569,433937
[Recv] <<< 75:ac:a7:b3:2e:45,5374,-17,3030,132.65,74.79,373,401942,434310
[Recv] <<< 75:ac:a7:b3:2e:45,5375,-17,3031,132.64,74.79,77,402019,434387
[Recv] <<< 75:ac:a7:b3:2e:45,5377,-17,3032,132.64,74.79,137,402156,434524
[Recv] <<< 75:ac:a7:b3:2e:45,5380,-18,3033,132.67,74.79,228,402384,434752
[Recv] <<< 75:ac:a7:b3:2e:45,5381,-18,3034,132.65,74.79,71,402455,434823
[Recv] <<< 75:ac:a7:b3:2e:45,5382,-18,3035,132.63,74.79,75,402530,434898
[Recv] <<< 75:ac:a7:b3:2e:45,5383,-17,3036,132.61,74.79,73,402603,434971
[Recv] <<< 75:ac:a7:b3:2e:45,5384,-17,3037,132.59,74.79,66,402669,435037
[Recv] <<< 75:ac:a7:b3:2e:45,5386,-17,3038,132.59,74.79,145,402814,435182
[Recv] <<< 75:ac:a7:b3:2e:45,5387,-17,3039,132.57,74.79,66,402880,435248
[Recv] <<< 75:ac:a7:b3:2e:45,5389,-18,3040,132.57,74.79,147,403027,435395
[Recv] <<< 75:ac:a7:b3:2e:45,5390,-18,3041,132.56,74.79,78,403105,435473
[Recv] <<< 75:ac:a7:b3:2e:45,5392,-17,3042,132.56,74.79,142,403247,435615
[Recv] <<< 75:ac:a7:b3:2e:45,5393,-17,3043,132.54,74.79,75,403322,435690
[Recv] <<< 75:ac:a7:b3:2e:45,5394,-17,3044,132.52,74.79,78,403400,435768
[Recv] <<< 75:ac:a7:b3:2e:45,5395,-17,3045,132.50,74.79,68,403468,435836
[Recv] <<< 75:ac:a7:b3:2e:45,5396,-17,3046,132.48,74.79,78,403546,435914
[Recv] <<< 75:ac:a7:b3:2e:45,5397,-17,3047,132.46,74.78,63,403609,435977
[Recv] <<< 75:ac:a7:b3:2e:45,5398,-18,3048,132.44,74.79,82,403691,436059
[Recv] <<< 75:ac:a7:b3:2e:45,5399,-18,3049,132.42,74.78,71,403762,436130
[Recv] <<< 75:ac:a7:b3:2e:45,5401,-18,3050,132.43,74.78,143,403905,436273
[Recv] <<< 75:ac:a7:b3:2e:45,5403,-17,3051,132.43,74.78,149,404054,436422
[Recv] <<< 75:ac:a7:b3:2e:45,5404,-17,3052,132.41,74.78,71,404125,436493
[Recv] <<< 75:ac:a7:b3:2e:45,5406,-17,3053,132.41,74.78,136,404261,436629
[Recv] <<< 75:ac:a7:b3:2e:45,5408,-17,3054,132.42,74.78,155,404416,436784
[Recv] <<< 75:ac:a7:b3:2e:45,5409,-17,3055,132.40,74.78,70,404486,436854
[Recv] <<< 75:ac:a7:b3:2e:45,5411,-18,3056,132.41,74.78,157,404643,437011
[Recv] <<< 75:ac:a7:b3:2e:45,5412,-18,3057,132.39,74.78,68,404711,437079
[Recv] <<< 75:ac:a7:b3:2e:45,5413,-18,3058,132.37,74.78,67,404778,437146
[Recv] <<< 75:ac:a7:b3:2e:45,5414,-18,3059,132.35,74.78,74,404852,437220
[Recv] <<< 75:ac:a7:b3:2e:45,5415,-18,3060,132.33,74.78,76,404928,437296
[Recv] <<< 75:ac:a7:b3:2e:45,5416,-17,3061,132.31,74.78,78,405006,437374
[Recv] <<< 75:ac:a7:b3:2e:45,5417,-17,3062,132.29,74.78,64,405070,437438
[Recv] <<< 75:ac:a7:b3:2e:45,5419,-17,3063,132.30,74.78,156,405226,437594
[Recv] <<< 75:ac:a7:b3:2e:45,5420,-17,3064,132.28,74.78,70,405296,437664
[Recv] <<< 75:ac:a7:b3:2e:45,5421,-18,3065,132.26,74.78,78,405374,437742
[Recv] <<< 75:ac:a7:b3:2e:45,5422,-18,3066,132.24,74.78,68,405442,437810
[Recv] <<< 75:ac:a7:b3:2e:45,5423,-18,3067,132.22,74.78,69,405511,437879
[Recv] <<< 75:ac:a7:b3:2e:45,5425,-17,3068,132.22,74.78,149,405660,438028
[Recv] <<< 75:ac:a7:b3:2e:45,5426,-17,3069,132.20,74.78,72,405732,438100
[Recv] <<< 75:ac:a7:b3:2e:45,5427,-17,3070,132.18,74.78,73,405805,438173
[Recv] <<< 75:ac:a7:b3:2e:45,5428,-17,3071,132.16,74.77,68,405873,438241
[Recv] <<< 75:ac:a7:b3:2e:45,5429,-17,3072,132.14,74.77,68,405941,438309
[Recv] <<< 75:ac:a7:b3:2e:45,5430,-18,3073,132.13,74.77,85,406026,438394
[Recv] <<< 75:ac:a7:b3:2e:45,5431,-18,3074,132.11,74.77,72,406098,438466
[Recv] <<< 75:ac:a7:b3:2e:45,5433,-17,3075,132.11,74.77,141,406239,438607
[Recv] <<< 75:ac:a7:b3:2e:45,5434,-17,3076,132.09,74.77,76,406315,438683
[Recv] <<< 75:ac:a7:b3:2e:45,5435,-17,3077,132.07,74.77,67,406382,438750
[Recv] <<< 75:ac:a7:b3:2e:45,5440,-17,3078,132.15,74.77,368,406750,439118
[Recv] <<< 75:ac:a7:b3:2e:45,5441,-18,3079,132.13,74.77,76,406826,439194
[Recv] <<< 75:ac:a7:b3:2e:45,5442,-18,3080,132.11,74.77,75,406901,439269
[Recv] <<< 75:ac:a7:b3:2e:45,5443,-17,3081,132.09,74.77,76,406977,439345
[Recv] <<< 75:ac:a7:b3:2e:45,5446,-17,3082,132.12,74.77,224,407201,439569
[Recv] <<< 75:ac:a7:b3:2e:45,5447,-17,3083,132.11,74.77,80,407281,439649
[Recv] <<< 75:ac:a7:b3:2e:45,5448,-17,3084,132.08,74.77,66,407347,439715
[Recv] <<< 75:ac:a7:b3:2e:45,5450,-18,3085,132.09,74.77,164,407511,439879
[Recv] <<< 75:ac:a7:b3:2e:45,5451,-18,3086,132.07,74.77,72,407583,439951
[Recv] <<< 75:ac:a7:b3:2e:45,5454,-18,3087,132.10,74.77,212,407795,440163
[Recv] <<< 75:ac:a7:b3:2e:45,5457,-17,3088,132.13,74.77,222,408017,440385
[Recv] <<< 75:ac:a7:b3:2e:45,5458,-17,3089,132.11,74.77,68,408085,440453
[Recv] <<< 75:ac:a7:b3:2e:45,5459,-17,3090,132.09,74.77,73,408158,440526
[Recv] <<< 75:ac:a7:b3:2e:45,5460,-17,3091,132.07,74.77,77,408235,440603
[Recv] <<< 75:ac:a7:b3:2e:45,5461,-17,3092,132.05,74.77,74,408309,440677
[Recv] <<< 75:ac:a7:b3:2e:45,5462,-17,3093,132.03,74.77,72,408381,440749
[Recv] <<< 75:ac:a7:b3:2e:45,5463,-17,3094,132.01,74.77,68,408449,440817
[Recv] <<< 75:ac:a7:b3:2e:45,5466,-17,3095,132.04,74.76,210,408659,441027
[Recv] <<< 75:ac:a7:b3:2e:45,5467,-17,3096,132.02,74.76,73,408732,441100
[Recv] <<< 75:ac:a7:b3:2e:45,5468,-17,3097,132.00,74.76,78,408810,441178
[Recv] <<< 75:ac:a7:b3:2e:45,5469,-18,3098,131.99,74.77,80,408890,441258
[Recv] <<< 75:ac:a7:b3:2e:45,5470,-17,3099,131.97,74.77,77,408967,441335
[Recv] <<< 75:ac:a7:b3:2e:45,5471,-17,3100,131.95,74.77,74,409041,441409
[Recv] <<< 75:ac:a7:b3:2e:45,5473,-17,3101,131.95,74.77,150,409191,441559
[Recv] <<< 75:ac:a7:b3:2e:45,5474,-18,3102,131.94,74.77,77,409268,441636
[Recv] <<< 75:ac:a7:b3:2e:45,5475,-18,3103,131.91,74.76,62,409330,441698
[Recv] <<< 75:ac:a7:b3:2e:45,5476,-18,3104,131.90,74.76,81,409411,441779
[Recv] <<< 75:ac:a7:b3:2e:45,5477,-18,3105,131.88,74.76,64,409475,441843
[Recv] <<< 75:ac:a7:b3:2e:45,5480,-17,3106,131.91,74.76,225,409700,442068
[Recv] <<< 75:ac:a7:b3:2e:45,5481,-17,3107,131.89,74.76,69,409769,442137
[Recv] <<< 75:ac:a7:b3:2e:45,5486,-17,3108,131.96,74.76,361,410130,442498
[Recv] <<< 75:ac:a7:b3:2e:45,5487,-17,3109,131.94,74.76,69,410199,442567
[Recv] <<< 75:ac:a7:b3:2e:45,5490,-17,3110,131.97,74.76,218,410417,442785
[Recv] <<< 75:ac:a7:b3:2e:45,5491,-18,3111,131.95,74.76,76,410493,442861
[Recv] <<< 75:ac:a7:b3:2e:45,5494,-17,3112,131.98,74.76,223,410716,443084
[Recv] <<< 75:ac:a7:b3:2e:45,5495,-17,3113,131.96,74.76,76,410792,443160
[Recv] <<< 75:ac:a7:b3:2e:45,5497,-18,3114,131.97,74.76,158,410950,443318
[Recv] <<< 75:ac:a7:b3:2e:45,5498,-18,3115,131.95,74.76,69,411019,443387
[Recv] <<< 75:ac:a7:b3:2e:45,5499,-17,3116,131.93,74.76,76,411095,443463
[Recv] <<< 75:ac:a7:b3:2e:45,5501,-17,3117,131.94,74.76,151,411246,443614
[Recv] <<< 75:ac:a7:b3:2e:45,5503,-17,3118,131.94,74.76,151,411397,443765
[Recv] <<< 75:ac:a7:b3:2e:45,5504,-17,3119,131.92,74.76,77,411474,443842
[Recv] <<< 75:ac:a7:b3:2e:45,5506,-17,3120,131.93,74.76,141,411615,443983
[Recv] <<< 75:ac:a7:b3:2e:45,5508,-17,3121,131.93,74.76,146,411761,444129
[Recv] <<< 75:ac:a7:b3:2e:45,5510,-17,3122,131.94,74.76,147,411908,444276
[Recv] <<< 75:ac:a7:b3:2e:45,5511,-17,3123,131.92,74.76,67,411975,444343
[Recv] <<< 75:ac:a7:b3:2e:45,5512,-17,3124,131.90,74.76,75,412050,444418
[Recv] <<< 75:ac:a7:b3:2e:45,5514,-17,3125,131.90,74.75,147,412197,444565
[Recv] <<< 75:ac:a7:b3:2e:45,5515,-17,3126,131.88,74.75,66,412263,444631
[Recv] <<< 75:ac:a7:b3:2e:45,5516,-17,3127,131.87,74.75,79,412342,444710
[Recv] <<< 75:ac:a7:b3:2e:45,5517,-17,3128,131.85,74.75,75,412417,444785
[Recv] <<< 75:ac:a7:b3:2e:45,5518,-17,3129,131.83,74.75,69,412486,444854
[Recv] <<< 75:ac:a7:b3:2e:45,5519,-17,3130,131.81,74.75,66,412552,444920
[Recv] <<< 75:ac:a7:b3:2e:45,5520,-18,3131,131.79,74.75,79,412631,444999
[Recv] <<< 75:ac:a7:b3:2e:45,5521,-18,3132,131.77,74.75,76,412707,445075
[Recv] <<< 75:ac:a7:b3:2e:45,5522,-18,3133,131.75,74.75,76,412783,445151
[Recv] <<< 75:ac:a7:b3:2e:45,5524,-17,3134,131.76,74.75,138,412921,445289
[Recv] <<< 75:ac:a7:b3:2e:45,5526,-17,3135,131.76,74.75,145,413066,445434
[Recv] <<< 75:ac:a7:b3:2e:45,5527,-17,3136,131.74,74.75,80,413146,445514
[Recv] <<< 75:ac:a7:b3:2e:45,5529,-17,3137,131.75,74.75,149,413295,445663
[Recv] <<< 75:ac:a7:b3:2e:45,5534,-17,3138,131.82,74.75,365,413660,446028
[Recv] <<< 75:ac:a7:b3:2e:45,5535,-17,3139,131.80,74.75,74,413734,446102
[Recv] <<< 75:ac:a7:b3:2e:45,5536,-17,3140,131.79,74.75,74,413808,446176
[Recv] <<< 75:ac:a7:b3:2e:45,5537,-17,3141,131.77,74.75,71,413879,446247
[Recv] <<< 75:ac:a7:b3:2e:45,5538,-17,3142,131.75,74.75,66,413945,446313
[Recv] <<< 75:ac:a7:b3:2e:45,5539,-17,3143,131.73,74.75,70,414015,446383
[Recv] <<< 75:ac:a7:b3:2e:45,5541,-17,3144,131.73,74.74,147,414162,446530
[Recv] <<< 75:ac:a7:b3:2e:45,5543,-17,3145,131.73,74.74,142,414304,446672
[Recv] <<< 75:ac:a7:b3:2e:45,5546,-17,3146,131.77,74.74,230,414534,446902
[Recv] <<< 75:ac:a7:b3:2e:45,5547,-17,3147,131.75,74.74,68,414602,446970
[Recv] <<< 75:ac:a7:b3:2e:45,5551,-17,3148,131.80,74.74,292,414894,447262
[Recv] <<< 75:ac:a7:b3:2e:45,5553,-17,3149,131.80,74.74,150,415044,447412
[Recv] <<< 75:ac:a7:b3:2e:45,5555,-17,3150,131.81,74.74,146,415190,447558
[Recv] <<< 75:ac:a7:b3:2e:45,5556,-17,3151,131.79,74.74,65,415255,447623
[Recv] <<< 75:ac:a7:b3:2e:45,5557,-17,3152,131.77,74.74,70,415325,447693
[Recv] <<< 75:ac:a7:b3:2e:45,5559,-17,3153,131.77,74.74,156,415481,447849
[Recv] <<< 75:ac:a7:b3:2e:45,5561,-18,3154,131.78,74.74,151,415632,448000
[Recv] <<< 75:ac:a7:b3:2e:45,5562,-17,3155,131.76,74.74,79,415711,448079
[Recv] <<< 75:ac:a7:b3:2e:45,5563,-17,3156,131.74,74.74,68,415779,448147
[Recv] <<< 75:ac:a7:b3:2e:45,5567,-17,3157,131.80,74.74,315,416094,448462
[Recv] <<< 75:ac:a7:b3:2e:45,5568,-17,3158,131.78,74.74,76,416170,448538
[Recv] <<< 75:ac:a7:b3:2e:45,5569,-17,3159,131.76,74.74,72,416242,448610
[Recv] <<< 75:ac:a7:b3:2e:45,5570,-18,3160,131.75,74.74,78,416320,448688
[Recv] <<< 75:ac:a7:b3:2e:45,5571,-17,3161,131.73,74.74,78,416398,448766
[Recv] <<< 75:ac:a7:b3:2e:45,5572,-17,3162,131.71,74.75,84,416482,448850
[Recv] <<< 75:ac:a7:b3:2e:45,5574,-17,3163,131.73,74.75,169,416651,449019
[Recv] <<< 75:ac:a7:b3:2e:45,5575,-17,3164,131.71,74.75,74,416725,449093
[Recv] <<< 75:ac:a7:b3:2e:45,5576,-18,3165,131.69,74.75,78,416803,449171
[Recv] <<< 75:ac:a7:b3:2e:45,5577,-18,3166,131.67,74.75,79,416882,449250
[Recv] <<< 75:ac:a7:b3:2e:45,5578,-17,3167,131.66,74.75,79,416961,449329
[Recv] <<< 75:ac:a7:b3:2e:45,5579,-17,3168,131.64,74.75,87,417048,449416
[Recv] <<< 75:ac:a7:b3:2e:45,5580,-17,3169,131.63,74.75,78,417126,449494
[Recv] <<< 75:ac:a7:b3:2e:45,5581,-18,3170,131.61,74.76,87,417213,449581
[Recv] <<< 75:ac:a7:b3:2e:45,5582,-17,3171,131.60,74.76,81,417294,449662
[Recv] <<< 75:ac:a7:b3:2e:45,5583,-17,3172,131.58,74.76,85,417379,449747
[Recv] <<< 75:ac:a7:b3:2e:45,5584,-18,3173,131.57,74.76,80,417459,449827
[Recv] <<< 75:ac:a7:b3:2e:45,5585,-17,3174,131.55,74.76,80,417539,449907
[Recv] <<< 75:ac:a7:b3:2e:45,5586,-18,3175,131.54,74.76,90,417629,449997
[Recv] <<< 75:ac:a7:b3:2e:45,5587,-18,3176,131.52,74.76,71,417700,450068
[Recv] <<< 75:ac:a7:b3:2e:45,5588,-17,3177,131.50,74.76,85,417785,450153
[Recv] <<< 75:ac:a7:b3:2e:45,5590,-17,3178,131.51,74.77,155,417940,450308
[Recv] <<< 75:ac:a7:b3:2e:45,5591,-18,3179,131.49,74.77,82,418022,450390
[Recv] <<< 75:ac:a7:b3:2e:45,5592,-17,3180,131.48,74.77,79,418101,450469
[Recv] <<< 75:ac:a7:b3:2e:45,5595,-18,3181,131.52,74.77,249,418350,450718
[Recv] <<< 75:ac:a7:b3:2e:45,5600,-17,3182,131.60,74.78,404,418754,451122
[Recv] <<< 75:ac:a7:b3:2e:45,5601,-18,3183,131.59,74.78,83,418837,451205
[Recv] <<< 75:ac:a7:b3:2e:45,5603,-17,3184,131.60,74.78,163,419000,451368
[Recv] <<< 75:ac:a7:b3:2e:45,5604,-17,3185,131.58,74.78,77,419077,451445
[Recv] <<< 75:ac:a7:b3:2e:45,5606,-18,3186,131.59,74.78,161,419238,451606
[Recv] <<< 75:ac:a7:b3:2e:45,5609,-18,3187,131.63,74.79,259,419497,451865
[Recv] <<< 75:ac:a7:b3:2e:45,5611,-18,3188,131.64,74.79,163,419660,452028
[Recv] <<< 75:ac:a7:b3:2e:45,5613,-17,3189,131.65,74.80,165,419825,452193
[Recv] <<< 75:ac:a7:b3:2e:45,5619,-17,3190,131.76,74.80,494,420319,452687
[Recv] <<< 75:ac:a7:b3:2e:45,5620,-18,3191,131.75,74.80,80,420399,452767
[Recv] <<< 75:ac:a7:b3:2e:45,5621,-17,3192,131.73,74.81,80,420479,452847
[Recv] <<< 75:ac:a7:b3:2e:45,5622,-17,3193,131.71,74.81,79,420558,452926
[Recv] <<< 75:ac:a7:b3:2e:45,5623,-18,3194,131.70,74.81,87,420645,453013
[Recv] <<< 75:ac:a7:b3:2e:45,5624,-17,3195,131.68,74.81,85,420730,453098
[Recv] <<< 75:ac:a7:b3:2e:45,5625,-17,3196,131.67,74.81,88,420818,453186
[Recv] <<< 75:ac:a7:b3:2e:45,5627,-18,3197,131.68,74.81,157,420975,453343
[Recv] <<< 75:ac:a7:b3:2e:45,5628,-17,3198,131.66,74.81,80,421055,453423
[Recv] <<< 75:ac:a7:b3:2e:45,5632,-17,3199,131.72,74.82,325,421380,453748
[Recv] <<< 75:ac:a7:b3:2e:45,5633,-18,3200,131.71,74.82,83,421463,453831
[Recv] <<< 75:ac:a7:b3:2e:45,5634,-17,3201,131.69,74.82,85,421548,453916
[Recv] <<< 75:ac:a7:b3:2e:45,5636,-17,3202,131.70,74.82,161,421709,454077
[Recv] <<< 75:ac:a7:b3:2e:45,5640,-17,3203,131.76,74.83,328,422037,454405
[Recv] <<< 75:ac:a7:b3:2e:45,5642,-17,3204,131.77,74.83,165,422202,454570
[Recv] <<< 75:ac:a7:b3:2e:45,5643,-18,3205,131.76,74.83,85,422287,454655
[Recv] <<< 75:ac:a7:b3:2e:45,5645,-17,3206,131.77,74.84,161,422448,454816
[Recv] <<< 75:ac:a7:b3:2e:45,5646,-17,3207,131.75,74.84,77,422525,454893
[Recv] <<< 75:ac:a7:b3:2e:45,5649,-17,3208,131.78,74.84,241,422766,455134
[Recv] <<< 75:ac:a7:b3:2e:45,5650,-18,3209,131.77,74.84,89,422855,455223
[Recv] <<< 75:ac:a7:b3:2e:45,5659,-18,3210,131.96,74.85,737,423592,455960
[Recv] <<< 75:ac:a7:b3:2e:45,5660,-18,3211,131.94,74.85,79,423671,456039
[Recv] <<< 75:ac:a7:b3:2e:45,5662,-17,3212,131.96,74.86,171,423842,456210
[Recv] <<< 75:ac:a7:b3:2e:45,5667,-17,3213,132.04,74.86,390,424232,456600
[Recv] <<< 75:ac:a7:b3:2e:45,5668,-17,3214,132.02,74.86,77,424309,456677
[Recv] <<< 75:ac:a7:b3:2e:45,5670,-17,3215,132.03,74.86,154,424463,456831
[Recv] <<< 75:ac:a7:b3:2e:45,5672,-18,3216,132.04,74.86,165,424628,456996
[Recv] <<< 75:ac:a7:b3:2e:45,5673,-18,3217,132.02,74.86,75,424703,457071
[Recv] <<< 75:ac:a7:b3:2e:45,5674,-18,3218,132.00,74.87,82,424785,457153
[Recv] <<< 75:ac:a7:b3:2e:45,5675,-18,3219,131.99,74.87,82,424867,457235
[Recv] <<< 75:ac:a7:b3:2e:45,5677,-18,3220,131.99,74.87,156,425023,457391
[Recv] <<< 75:ac:a7:b3:2e:45,5678,-17,3221,131.98,74.87,77,425100,457468
[Recv] <<< 75:ac:a7:b3:2e:45,5679,-17,3222,131.96,74.87,74,425174,457542
[Recv] <<< 75:ac:a7:b3:2e:45,5680,-17,3223,131.94,74.87,77,425251,457619
[Recv] <<< 75:ac:a7:b3:2e:45,5683,-17,3224,131.97,74.87,231,425482,457850
[Recv] <<< 75:ac:a7:b3:2e:45,5684,-17,3225,131.96,74.87,80,425562,457930
[Recv] <<< 75:ac:a7:b3:2e:45,5686,-17,3226,131.96,74.87,145,425707,458075
[Recv] <<< 75:ac:a7:b3:2e:45,5688,-17,3227,131.97,74.87,152,425859,458227
[Recv] <<< 75:ac:a7:b3:2e:45,5690,-17,3228,131.97,74.87,153,426012,458380
[Recv] <<< 75:ac:a7:b3:2e:45,5691,-17,3229,131.96,74.87,74,426086,458454
[Recv] <<< 75:ac:a7:b3:2e:45,5692,-18,3230,131.94,74.87,74,426160,458528
[Recv] <<< 75:ac:a7:b3:2e:45,5693,-18,3231,131.92,74.87,75,426235,458603
[Recv] <<< 75:ac:a7:b3:2e:45,5697,-18,3232,131.97,74.87,295,426530,458898
[Recv] <<< 75:ac:a7:b3:2e:45,5698,-17,3233,131.95,74.87,75,426605,458973
[Recv] <<< 75:ac:a7:b3:2e:45,5699,-17,3234,131.94,74.87,74,426679,459047
[Recv] <<< 75:ac:a7:b3:2e:45,5700,-17,3235,131.92,74.87,75,426754,459122
[Recv] <<< 75:ac:a7:b3:2e:45,5701,-17,3236,131.90,74.87,80,426834,459202
[Recv] <<< 75:ac:a7:b3:2e:45,5706,-17,3237,131.98,74.87,383,427217,459585
[Recv] <<< 75:ac:a7:b3:2e:45,5707,-17,3238,131.96,74.87,75,427292,459660
[Recv] <<< 75:ac:a7:b3:2e:45,5708,-17,3239,131.94,74.87,74,427366,459734
[Recv] <<< 75:ac:a7:b3:2e:45,5710,-18,3240,131.95,74.87,157,427523,459891
[Recv] <<< 75:ac:a7:b3:2e:45,5711,-17,3241,131.93,74.87,76,427599,459967
[Recv] <<< 75:ac:a7:b3:2e:45,5712,-17,3242,131.92,74.87,79,427678,460046
[Recv] <<< 75:ac:a7:b3:2e:45,5714,-17,3243,131.92,74.87,145,427823,460191
[Recv] <<< 75:ac:a7:b3:2e:45,5715,-17,3244,131.91,74.87,77,427900,460268
[Recv] <<< 75:ac:a7:b3:2e:45,5717,-17,3245,131.91,74.87,156,428056,460424
[Recv] <<< 75:ac:a7:b3:2e:45,5718,-18,3246,131.89,74.87,70,428126,460494
[Recv] <<< 75:ac:a7:b3:2e:45,5720,-17,3247,131.90,74.87,152,428278,460646
[Recv] <<< 75:ac:a7:b3:2e:45,5721,-17,3248,131.88,74.87,75,428353,460721
[Recv] <<< 75:ac:a7:b3:2e:45,5722,-17,3249,131.87,74.87,77,428430,460798
[Recv] <<< 75:ac:a7:b3:2e:45,5723,-17,3250,131.85,74.87,72,428502,460870
[Recv] <<< 75:ac:a7:b3:2e:45,5724,-18,3251,131.83,74.88,84,428586,460954
[Recv] <<< 75:ac:a7:b3:2e:45,5725,-17,3252,131.81,74.88,76,428662,461030
[Recv] <<< 75:ac:a7:b3:2e:45,5726,-17,3253,131.80,74.88,78,428740,461108
[Recv] <<< 75:ac:a7:b3:2e:45,5727,-17,3254,131.78,74.88,75,428815,461183
[Recv] <<< 75:ac:a7:b3:2e:45,5728,-18,3255,131.76,74.88,73,428888,461256
[Recv] <<< 75:ac:a7:b3:2e:45,5729,-18,3256,131.75,74.88,78,428966,461334
[Recv] <<< 75:ac:a7:b3:2e:45,5731,-17,3257,131.75,74.88,151,429117,461485
[Recv] <<< 75:ac:a7:b3:2e:45,5732,-17,3258,131.74,74.88,80,429197,461565
[Recv] <<< 75:ac:a7:b3:2e:45,5733,-17,3259,131.72,74.88,71,429268,461636
[Recv] <<< 75:ac:a7:b3:2e:45,5735,-18,3260,131.73,74.88,156,429424,461792
[Recv] <<< 75:ac:a7:b3:2e:45,5736,-18,3261,131.71,74.88,72,429496,461864
[Recv] <<< 75:ac:a7:b3:2e:45,5737,-18,3262,131.69,74.88,74,429570,461938
[Recv] <<< 75:ac:a7:b3:2e:45,5738,-18,3263,131.67,74.88,69,429639,462007
[Recv] <<< 75:ac:a7:b3:2e:45,5739,-18,3264,131.65,74.88,71,429710,462078
[Recv] <<< 75:ac:a7:b3:2e:45,5740,-18,3265,131.63,74.87,71,429781,462149
[Recv] <<< 75:ac:a7:b3:2e:45,5741,-18,3266,131.61,74.87,72,429853,462221
[Recv] <<< 75:ac:a7:b3:2e:45,5742,-18,3267,131.59,74.87,67,429920,462288
[Recv] <<< 75:ac:a7:b3:2e:45,5743,-18,3268,131.58,74.87,80,430000,462368
[Recv] <<< 75:ac:a7:b3:2e:45,5744,-18,3269,131.56,74.87,64,430064,462432
[Recv] <<< 75:ac:a7:b3:2e:45,5745,-18,3270,131.54,74.87,74,430138,462506
[Recv] <<< 75:ac:a7:b3:2e:45,5747,-17,3271,131.55,74.87,151,430289,462657
[Recv] <<< 75:ac:a7:b3:2e:45,5748,-17,3272,131.53,74.87,72,430361,462729
[Recv] <<< 75:ac:a7:b3:2e:45,5749,-17,3273,131.51,74.87,73,430434,462802
[Recv] <<< 75:ac:a7:b3:2e:45,5751,-18,3274,131.52,74.87,149,430583,462951
[Recv] <<< 75:ac:a7:b3:2e:45,5752,-17,3275,131.50,74.87,79,430662,463030
[Recv] <<< 75:ac:a7:b3:2e:45,5753,-17,3276,131.48,74.87,70,430732,463100
[Recv] <<< 75:ac:a7:b3:2e:45,5754,-18,3277,131.47,74.87,79,430811,463179
[Recv] <<< 75:ac:a7:b3:2e:45,5756,-18,3278,131.47,74.87,146,430957,463325
[Recv] <<< 75:ac:a7:b3:2e:45,5758,-17,3279,131.48,74.87,151,431108,463476
[Recv] <<< 75:ac:a7:b3:2e:45,5759,-17,3280,131.46,74.87,70,431178,463546
[Recv] <<< 75:ac:a7:b3:2e:45,5760,-18,3281,131.44,74.87,81,431259,463627
[Recv] <<< 75:ac:a7:b3:2e:45,5761,-17,3282,131.43,74.87,78,431337,463705
[Recv] <<< 75:ac:a7:b3:2e:45,5762,-17,3283,131.40,74.87,64,431401,463769
[Recv] <<< 75:ac:a7:b3:2e:45,5764,-17,3284,131.41,74.87,150,431551,463919
[Recv] <<< 75:ac:a7:b3:2e:45,5766,-18,3285,131.42,74.87,155,431706,464074
[Recv] <<< 75:ac:a7:b3:2e:45,5767,-18,3286,131.40,74.87,66,431772,464140
[Recv] <<< 75:ac:a7:b3:2e:45,5768,-17,3287,131.38,74.87,76,431848,464216
[Recv] <<< 75:ac:a7:b3:2e:45,5769,-17,3288,131.36,74.87,76,431924,464292
[Recv] <<< 75:ac:a7:b3:2e:45,5771,-17,3289,131.37,74.87,149,432073,464441
[Recv] <<< 75:ac:a7:b3:2e:45,5772,-17,3290,131.35,74.87,73,432146,464514
[Recv] <<< 75:ac:a7:b3:2e:45,5773,-18,3291,131.33,74.87,75,432221,464589
[Recv] <<< 75:ac:a7:b3:2e:45,5774,-18,3292,131.32,74.87,68,432289,464657
[Recv] <<< 75:ac:a7:b3:2e:45,5775,-17,3293,131.30,74.87,76,432365,464733
[Recv] <<< 75:ac:a7:b3:2e:45,5776,-17,3294,131.28,74.87,74,432439,464807
[Recv] <<< 75:ac:a7:b3:2e:45,5780,-17,3295,131.33,74.87,292,432731,465099
[Recv] <<< 75:ac:a7:b3:2e:45,5781,-18,3296,131.31,74.87,77,432808,465176
[Recv] <<< 75:ac:a7:b3:2e:45,5789,-18,3297,131.45,74.86,585,433393,465761
[Recv] <<< 75:ac:a7:b3:2e:45,5790,-18,3298,131.43,74.86,73,433466,465834
[Recv] <<< 75:ac:a7:b3:2e:45,5793,-17,3299,131.46,74.86,211,433677,466045
[Recv] <<< 75:ac:a7:b3:2e:45,5794,-17,3300,131.44,74.86,83,433760,466128
[Recv] <<< 75:ac:a7:b3:2e:45,5797,-17,3301,131.47,74.86,211,433971,466339
[Recv] <<< 75:ac:a7:b3:2e:45,5799,-17,3302,131.47,74.86,147,434118,466486
[Recv] <<< 75:ac:a7:b3:2e:45,5800,-18,3303,131.45,74.86,75,434193,466561
[Recv] <<< 75:ac:a7:b3:2e:45,5802,-17,3304,131.46,74.86,150,434343,466711
[Recv] <<< 75:ac:a7:b3:2e:45,5804,-18,3305,131.46,74.86,141,434484,466852
[Recv] <<< 75:ac:a7:b3:2e:45,5805,-18,3306,131.44,74.86,70,434554,466922
[Recv] <<< 75:ac:a7:b3:2e:45,5806,-17,3307,131.43,74.86,78,434632,467000
[Recv] <<< 75:ac:a7:b3:2e:45,5807,-17,3308,131.41,74.86,68,434700,467068
[Recv] <<< 75:ac:a7:b3:2e:45,5808,-17,3309,131.39,74.86,75,434775,467143
[Recv] <<< 75:ac:a7:b3:2e:45,5813,-18,3310,131.46,74.86,369,435144,467512
[Recv] <<< 75:ac:a7:b3:2e:45,5814,-18,3311,131.44,74.86,64,435208,467576
[Recv] <<< 75:ac:a7:b3:2e:45,5817,-18,3312,131.47,74.85,223,435431,467799
[Recv] <<< 75:ac:a7:b3:2e:45,5818,-18,3313,131.45,74.85,73,435504,467872
[Recv] <<< 75:ac:a7:b3:2e:45,5819,-17,3314,131.44,74.86,82,435586,467954
[Recv] <<< 75:ac:a7:b3:2e:45,5820,-17,3315,131.42,74.86,76,435662,468030
[Recv] <<< 75:ac:a7:b3:2e:45,5821,-17,3316,131.40,74.85,63,435725,468093
[Recv] <<< 75:ac:a7:b3:2e:45,5822,-17,3317,131.38,74.85,78,435803,468171
[Recv] <<< 75:ac:a7:b3:2e:45,5823,-18,3318,131.37,74.86,82,435885,468253
[Recv] <<< 75:ac:a7:b3:2e:45,5824,-18,3319,131.35,74.85,69,435954,468322
[Recv] <<< 75:ac:a7:b3:2e:45,5825,-18,3320,131.33,74.85,74,436028,468396
[Recv] <<< 75:ac:a7:b3:2e:45,5827,-17,3321,131.34,74.85,147,436175,468543
[Recv] <<< 75:ac:a7:b3:2e:45,5828,-17,3322,131.32,74.86,80,436255,468623
[Recv] <<< 75:ac:a7:b3:2e:45,5829,-17,3323,131.31,74.85,74,436329,468697
[Recv] <<< 75:ac:a7:b3:2e:45,5832,-17,3324,131.34,74.86,229,436558,468926
[Recv] <<< 75:ac:a7:b3:2e:45,5835,-17,3325,131.36,74.85,218,436776,469144
[Recv] <<< 75:ac:a7:b3:2e:45,5836,-17,3326,131.34,74.85,71,436847,469215
[Recv] <<< 75:ac:a7:b3:2e:45,5837,-18,3327,131.33,74.86,83,436930,469298
[Recv] <<< 75:ac:a7:b3:2e:45,5838,-17,3328,131.31,74.85,70,437000,469368
[Recv] <<< 75:ac:a7:b3:2e:45,5839,-17,3329,131.29,74.85,71,437071,469439
[Recv] <<< 75:ac:a7:b3:2e:45,5844,-17,3330,131.37,74.85,377,437448,469816
[Recv] <<< 75:ac:a7:b3:2e:45,5845,-18,3331,131.35,74.85,74,437522,469890
[Recv] <<< 75:ac:a7:b3:2e:45,5846,-18,3332,131.33,74.85,67,437589,469957
[Recv] <<< 75:ac:a7:b3:2e:45,5849,-17,3333,131.36,74.85,228,437817,470185
[Recv] <<< 75:ac:a7:b3:2e:45,5850,-17,3334,131.34,74.85,67,437884,470252
[Recv] <<< 75:ac:a7:b3:2e:45,5851,-17,3335,131.32,74.85,75,437959,470327
[Recv] <<< 75:ac:a7:b3:2e:45,5852,-17,3336,131.30,74.85,67,438026,470394
[Recv] <<< 75:ac:a7:b3:2e:45,5854,-17,3337,131.31,74.85,165,438191,470559
[Recv] <<< 75:ac:a7:b3:2e:45,5855,-17,3338,131.29,74.85,71,438262,470630
[Recv] <<< 75:ac:a7:b3:2e:45,5856,-17,3339,131.28,74.85,71,438333,470701
[Recv] <<< 75:ac:a7:b3:2e:45,5858,-17,3340,131.28,74.85,147,438480,470848
[Recv] <<< 75:ac:a7:b3:2e:45,5860,-18,3341,131.29,74.85,146,438626,470994
[Recv] <<< 75:ac:a7:b3:2e:45,5862,-18,3342,131.29,74.85,145,438771,471139
[Recv] <<< 75:ac:a7:b3:2e:45,5863,-18,3343,131.27,74.85,75,438846,471214
[Recv] <<< 75:ac:a7:b3:2e:45,5864,-17,3344,131.26,74.85,72,438918,471286
[Recv] <<< 75:ac:a7:b3:2e:45,5868,-17,3345,131.30,74.85,292,439210,471578
[Recv] <<< 75:ac:a7:b3:2e:45,5871,-17,3346,131.33,74.85,234,439444,471812
[Recv] <<< 75:ac:a7:b3:2e:45,5872,-17,3347,131.31,74.85,67,439511,471879
[Recv] <<< 75:ac:a7:b3:2e:45,5873,-17,3348,131.30,74.85,77,439588,471956
[Recv] <<< 75:ac:a7:b3:2e:45,5874,-17,3349,131.28,74.85,75,439663,472031
[Recv] <<< 75:ac:a7:b3:2e:45,5875,-17,3350,131.26,74.85,72,439735,472103
[Recv] <<< 75:ac:a7:b3:2e:45,5876,-18,3351,131.25,74.85,73,439808,472176
[Recv] <<< 75:ac:a7:b3:2e:45,5877,-18,3352,131.23,74.85,77,439885,472253
[Recv] <<< 75:ac:a7:b3:2e:45,5878,-18,3353,131.21,74.85,67,439952,472320
[Recv] <<< 75:ac:a7:b3:2e:45,5879,-17,3354,131.20,74.85,83,440035,472403
[Recv] <<< 75:ac:a7:b3:2e:45,5880,-17,3355,131.18,74.85,69,440104,472472
[Recv] <<< 75:ac:a7:b3:2e:45,5882,-17,3356,131.19,74.85,156,440260,472628
[Recv] <<< 75:ac:a7:b3:2e:45,5884,-17,3357,131.19,74.85,140,440400,472768
[Recv] <<< 75:ac:a7:b3:2e:45,5887,-17,3358,131.22,74.85,220,440620,472988
[Recv] <<< 75:ac:a7:b3:2e:45,5888,-17,3359,131.20,74.85,71,440691,473059
[Recv] <<< 75:ac:a7:b3:2e:45,5889,-17,3360,131.18,74.85,75,440766,473134
[Recv] <<< 75:ac:a7:b3:2e:45,5890,-17,3361,131.17,74.85,81,440847,473215
[Recv] <<< 75:ac:a7:b3:2e:45,5891,-17,3362,131.14,74.84,60,440907,473275
[Recv] <<< 75:ac:a7:b3:2e:45,5892,-17,3363,131.13,74.84,76,440983,473351
[Recv] <<< 75:ac:a7:b3:2e:45,5893,-17,3364,131.11,74.84,76,441059,473427
[Recv] <<< 75:ac:a7:b3:2e:45,5895,-17,3365,131.11,74.84,135,441194,473562
[Recv] <<< 75:ac:a7:b3:2e:45,5896,-17,3366,131.10,74.84,74,441268,473636
[Recv] <<< 75:ac:a7:b3:2e:45,5897,-17,3367,131.08,74.84,74,441342,473710
[Recv] <<< 75:ac:a7:b3:2e:45,5898,-17,3368,131.06,74.84,74,441416,473784
[Recv] <<< 75:ac:a7:b3:2e:45,5899,-18,3369,131.04,74.84,69,441485,473853
[Recv] <<< 75:ac:a7:b3:2e:45,5900,-18,3370,131.03,74.84,75,441560,473928
[Recv] <<< 75:ac:a7:b3:2e:45,5901,-17,3371,131.01,74.84,79,441639,474007
[Recv] <<< 75:ac:a7:b3:2e:45,5902,-17,3372,131.00,74.84,86,441725,474093
[Recv] <<< 75:ac:a7:b3:2e:45,5905,-18,3373,131.02,74.84,217,441942,474310
[Recv] <<< 75:ac:a7:b3:2e:45,5906,-18,3374,131.01,74.84,71,442013,474381
[Recv] <<< 75:ac:a7:b3:2e:45,5907,-17,3375,130.99,74.84,79,442092,474460
[Recv] <<< 75:ac:a7:b3:2e:45,5908,-17,3376,130.97,74.84,70,442162,474530
[Recv] <<< 75:ac:a7:b3:2e:45,5909,-17,3377,130.95,74.84,65,442227,474595
[Recv] <<< 75:ac:a7:b3:2e:45,5910,-17,3378,130.94,74.84,79,442306,474674
[Recv] <<< 75:ac:a7:b3:2e:45,5911,-17,3379,130.92,74.84,71,442377,474745
[Recv] <<< 75:ac:a7:b3:2e:45,5912,-17,3380,130.90,74.84,77,442454,474822
[Recv] <<< 75:ac:a7:b3:2e:45,5913,-17,3381,130.89,74.84,73,442527,474895
[Recv] <<< 75:ac:a7:b3:2e:45,5917,-17,3382,130.94,74.84,298,442825,475193
[Recv] <<< 75:ac:a7:b3:2e:45,5918,-17,3383,130.92,74.84,71,442896,475264
[Recv] <<< 75:ac:a7:b3:2e:45,5920,-17,3384,130.92,74.84,148,443044,475412
[Recv] <<< 75:ac:a7:b3:2e:45,5921,-17,3385,130.91,74.84,75,443119,475487
[Recv] <<< 75:ac:a7:b3:2e:45,5923,-17,3386,130.91,74.84,144,443263,475631
[Recv] <<< 75:ac:a7:b3:2e:45,5924,-17,3387,130.89,74.84,71,443334,475702
[Recv] <<< 75:ac:a7:b3:2e:45,5927,-17,3388,130.92,74.84,217,443551,475919
[Recv] <<< 75:ac:a7:b3:2e:45,5928,-18,3389,130.90,74.84,75,443626,475994
[Recv] <<< 75:ac:a7:b3:2e:45,5929,-18,3390,130.88,74.83,68,443694,476062
[Recv] <<< 75:ac:a7:b3:2e:45,5931,-17,3391,130.89,74.83,148,443842,476210
[Recv] <<< 75:ac:a7:b3:2e:45,5932,-17,3392,130.87,74.83,73,443915,476283
[Recv] <<< 75:ac:a7:b3:2e:45,5933,-17,3393,130.85,74.83,70,443985,476353
[Recv] <<< 75:ac:a7:b3:2e:45,5935,-17,3394,130.86,74.83,150,444135,476503
[Recv] <<< 75:ac:a7:b3:2e:45,5936,-17,3395,130.84,74.83,72,444207,476575
[Recv] <<< 75:ac:a7:b3:2e:45,5937,-18,3396,130.83,74.83,75,444282,476650
[Recv] <<< 75:ac:a7:b3:2e:45,5938,-18,3397,130.81,74.83,74,444356,476724
[Recv] <<< 75:ac:a7:b3:2e:45,5941,-18,3398,130.84,74.83,223,444579,476947
[Recv] <<< 75:ac:a7:b3:2e:45,5943,-17,3399,130.84,74.83,151,444730,477098
[Recv] <<< 75:ac:a7:b3:2e:45,5944,-17,3400,130.82,74.83,74,444804,477172
[Recv] <<< 75:ac:a7:b3:2e:45,5945,-17,3401,130.80,74.83,61,444865,477233
[Recv] <<< 75:ac:a7:b3:2e:45,5949,-17,3402,130.85,74.83,294,445159,477527
[Recv] <<< 75:ac:a7:b3:2e:45,5951,-17,3403,130.86,74.83,150,445309,477677
[Recv] <<< 75:ac:a7:b3:2e:45,5952,-17,3404,130.84,74.83,65,445374,477742
[Recv] <<< 75:ac:a7:b3:2e:45,5953,-17,3405,130.82,74.83,67,445441,477809
[Recv] <<< 75:ac:a7:b3:2e:45,5955,-18,3406,130.82,74.83,148,445589,477957
[Recv] <<< 75:ac:a7:b3:2e:45,5956,-17,3407,130.81,74.83,84,445673,478041
[Recv] <<< 75:ac:a7:b3:2e:45,5957,-17,3408,130.80,74.83,77,445750,478118
[Recv] <<< 75:ac:a7:b3:2e:45,5958,-17,3409,130.78,74.83,65,445815,478183
[Recv] <<< 75:ac:a7:b3:2e:45,5959,-17,3410,130.76,74.83,82,445897,478265
[Recv] <<< 75:ac:a7:b3:2e:45,5961,-17,3411,130.76,74.83,142,446039,478407
[Recv] <<< 75:ac:a7:b3:2e:45,5962,-17,3412,130.75,74.82,66,446105,478473
[Recv] <<< 75:ac:a7:b3:2e:45,5963,-17,3413,130.73,74.83,77,446182,478550
[Recv] <<< 75:ac:a7:b3:2e:45,5966,-17,3414,130.76,74.82,221,446403,478771
[Recv] <<< 75:ac:a7:b3:2e:45,5967,-17,3415,130.74,74.82,70,446473,478841
[Recv] <<< 75:ac:a7:b3:2e:45,5969,-18,3416,130.75,74.82,155,446628,478996
[Recv] <<< 75:ac:a7:b3:2e:45,5971,-18,3417,130.75,74.82,136,446764,479132
[Recv] <<< 75:ac:a7:b3:2e:45,5972,-18,3418,130.73,74.82,78,446842,479210
[Recv] <<< 75:ac:a7:b3:2e:45,5973,-17,3419,130.72,74.82,74,446916,479284
[Recv] <<< 75:ac:a7:b3:2e:45,5974,-17,3420,130.70,74.82,79,446995,479363
[Recv] <<< 75:ac:a7:b3:2e:45,5975,-18,3421,130.69,74.82,79,447074,479442
[Recv] <<< 75:ac:a7:b3:2e:45,5977,-18,3422,130.69,74.82,149,447223,479591
[Recv] <<< 75:ac:a7:b3:2e:45,5978,-17,3423,130.67,74.82,72,447295,479663
[Recv] <<< 75:ac:a7:b3:2e:45,5980,-17,3424,130.68,74.82,143,447438,479806
[Recv] <<< 75:ac:a7:b3:2e:45,5981,-17,3425,130.66,74.82,79,447517,479885
[Recv] <<< 75:ac:a7:b3:2e:45,5982,-17,3426,130.64,74.82,68,447585,479953
[Recv] <<< 75:ac:a7:b3:2e:45,5984,-17,3427,130.65,74.82,156,447741,480109
[Recv] <<< 75:ac:a7:b3:2e:45,5985,-17,3428,130.63,74.82,67,447808,480176
[Recv] <<< 75:ac:a7:b3:2e:45,5986,-17,3429,130.62,74.82,78,447886,480254
[Recv] <<< 75:ac:a7:b3:2e:45,5989,-17,3430,130.64,74.82,220,448106,480474
[Recv] <<< 75:ac:a7:b3:2e:45,5990,-18,3431,130.63,74.82,75,448181,480549
[Recv] <<< 75:ac:a7:b3:2e:45,5991,-18,3432,130.61,74.82,77,448258,480626
[Recv] <<< 75:ac:a7:b3:2e:45,5992,-17,3433,130.60,74.82,79,448337,480705
[Recv] <<< 75:ac:a7:b3:2e:45,5995,-18,3434,130.63,74.82,231,448568,480936
[Recv] <<< 75:ac:a7:b3:2e:45,5996,-18,3435,130.61,74.82,67,448635,481003
[Recv] <<< 75:ac:a7:b3:2e:45,5997,-18,3436,130.59,74.82,71,448706,481074
[Recv] <<< 75:ac:a7:b3:2e:45,6000,-17,3437,130.62,74.82,227,448933,481301
[Recv] <<< 75:ac:a7:b3:2e:45,6001,-17,3438,130.60,74.82,73,449006,481374
[Recv] <<< 75:ac:a7:b3:2e:45,6007,-17,3439,130.69,74.82,431,449437,481805
[Recv] <<< 75:ac:a7:b3:2e:45,6009,-17,3440,130.69,74.82,135,449572,481940
[Recv] <<< 75:ac:a7:b3:2e:45,6010,-18,3441,130.67,74.82,77,449649,482017
[Recv] <<< 75:ac:a7:b3:2e:45,6011,-17,3442,130.66,74.82,71,449720,482088
[Recv] <<< 75:ac:a7:b3:2e:45,6014,-18,3443,130.68,74.81,217,449937,482305
[Recv] <<< 75:ac:a7:b3:2e:45,6016,-17,3444,130.69,74.81,149,450086,482454
[Recv] <<< 75:ac:a7:b3:2e:45,6017,-17,3445,130.67,74.81,63,450149,482517
[Recv] <<< 75:ac:a7:b3:2e:45,6019,-17,3446,130.67,74.81,155,450304,482672
[Recv] <<< 75:ac:a7:b3:2e:45,6022,-17,3447,130.70,74.81,212,450516,482884
[Recv] <<< 75:ac:a7:b3:2e:45,6023,-17,3448,130.68,74.81,79,450595,482963
[Recv] <<< 75:ac:a7:b3:2e:45,6024,-17,3449,130.67,74.81,70,450665,483033
[Recv] <<< 75:ac:a7:b3:2e:45,6026,-17,3450,130.67,74.81,140,450805,483173
[Recv] <<< 75:ac:a7:b3:2e:45,6027,-17,3451,130.65,74.81,67,450872,483240
[Recv] <<< 75:ac:a7:b3:2e:45,6032,-17,3452,130.72,74.81,366,451238,483606
[Recv] <<< 75:ac:a7:b3:2e:45,6033,-18,3453,130.70,74.81,80,451318,483686
[Recv] <<< 75:ac:a7:b3:2e:45,6035,-18,3454,130.71,74.81,139,451457,483825
[Recv] <<< 75:ac:a7:b3:2e:45,6037,-17,3455,130.71,74.81,141,451598,483966
[Recv] <<< 75:ac:a7:b3:2e:45,6038,-17,3456,130.69,74.81,76,451674,484042
[Recv] <<< 75:ac:a7:b3:2e:45,6039,-17,3457,130.67,74.80,65,451739,484107
[Recv] <<< 75:ac:a7:b3:2e:45,6040,-18,3458,130.66,74.80,73,451812,484180
[Recv] <<< 75:ac:a7:b3:2e:45,6041,-18,3459,130.64,74.80,73,451885,484253
[Recv] <<< 75:ac:a7:b3:2e:45,6043,-18,3460,130.64,74.80,138,452023,484391
[Recv] <<< 75:ac:a7:b3:2e:45,6048,-17,3461,130.71,74.80,374,452397,484765
[Recv] <<< 75:ac:a7:b3:2e:45,6050,-17,3462,130.72,74.80,143,452540,484908
[Recv] <<< 75:ac:a7:b3:2e:45,6053,-17,3463,130.74,74.80,227,452767,485135
[Recv] <<< 75:ac:a7:b3:2e:45,6073,-17,3464,131.13,74.79,1463,454230,486598
[Recv] <<< 75:ac:a7:b3:2e:45,6074,-17,3465,131.11,74.80,76,454306,486674
[Recv] <<< 75:ac:a7:b3:2e:45,6075,-17,3466,131.09,74.79,62,454368,486736
[Recv] <<< 75:ac:a7:b3:2e:45,6076,-17,3467,131.08,74.79,76,454444,486812
[Recv] <<< 75:ac:a7:b3:2e:45,6082,-17,3468,131.16,74.79,429,454873,487241
[Recv] <<< 75:ac:a7:b3:2e:45,6084,-17,3469,131.17,74.79,151,455024,487392
[Recv] <<< 75:ac:a7:b3:2e:45,6085,-18,3470,131.15,74.79,75,455099,487467
[Recv] <<< 75:ac:a7:b3:2e:45,6086,-18,3471,131.13,74.79,67,455166,487534
[Recv] <<< 75:ac:a7:b3:2e:45,6087,-18,3472,131.12,74.79,67,455233,487601
[Recv] <<< 75:ac:a7:b3:2e:45,6089,-17,3473,131.12,74.79,156,455389,487757
[Recv] <<< 75:ac:a7:b3:2e:45,6090,-17,3474,131.10,74.79,67,455456,487824
[Recv] <<< 75:ac:a7:b3:2e:45,6095,-17,3475,131.17,74.79,366,455822,488190
[Recv] <<< 75:ac:a7:b3:2e:45,6102,-18,3476,131.28,74.78,504,456326,488694
[Recv] <<< 75:ac:a7:b3:2e:45,6115,-17,3477,131.52,74.78,955,457281,489649
[Recv] <<< 75:ac:a7:b3:2e:45,6118,-17,3478,131.54,74.78,215,457496,489864
[Recv] <<< 75:ac:a7:b3:2e:45,6120,-17,3479,131.54,74.78,149,457645,490013
[Recv] <<< 75:ac:a7:b3:2e:45,6121,-17,3480,131.53,74.78,65,457710,490078
[Recv] <<< 75:ac:a7:b3:2e:45,6129,-17,3481,131.66,74.78,588,458298,490666
[Recv] <<< 75:ac:a7:b3:2e:45,6130,-18,3482,131.64,74.78,76,458374,490742
[Recv] <<< 75:ac:a7:b3:2e:45,6135,-17,3483,131.71,74.77,369,458743,491111
[Recv] <<< 75:ac:a7:b3:2e:45,6145,-17,3484,131.88,74.77,731,459474,491842
[Recv] <<< 75:ac:a7:b3:2e:45,6146,-17,3485,131.86,74.77,74,459548,491916
[Recv] <<< 75:ac:a7:b3:2e:45,6147,-17,3486,131.85,74.77,66,459614,491982
[Recv] <<< 75:ac:a7:b3:2e:45,6149,-18,3487,131.85,74.77,158,459772,492140
[Recv] <<< 75:ac:a7:b3:2e:45,6150,-18,3488,131.84,74.77,74,459846,492214
[Recv] <<< 75:ac:a7:b3:2e:45,6152,-17,3489,131.85,74.77,162,460008,492376
[Recv] <<< 75:ac:a7:b3:2e:45,6155,-18,3490,131.88,74.78,247,460255,492623
[Recv] <<< 75:ac:a7:b3:2e:45,6156,-17,3491,131.86,74.78,84,460339,492707
[Recv] <<< 75:ac:a7:b3:2e:45,6158,-18,3492,131.87,74.78,162,460501,492869
[Recv] <<< 75:ac:a7:b3:2e:45,6160,-17,3493,131.88,74.78,153,460654,493022
[Recv] <<< 75:ac:a7:b3:2e:45,6164,-17,3494,131.93,74.78,314,460968,493336
[Recv] <<< 75:ac:a7:b3:2e:45,6174,-17,3495,132.12,74.79,802,461770,494138
[Recv] <<< 75:ac:a7:b3:2e:45,6175,-18,3496,132.11,74.79,84,461854,494222
[Recv] <<< 75:ac:a7:b3:2e:45,6176,-17,3497,132.09,74.79,73,461927,494295
[Recv] <<< 75:ac:a7:b3:2e:45,6177,-17,3498,132.08,74.79,76,462003,494371
[Recv] <<< 75:ac:a7:b3:2e:45,6178,-18,3499,132.06,74.80,82,462085,494453
[Recv] <<< 75:ac:a7:b3:2e:45,6180,-17,3500,132.07,74.80,161,462246,494614
[Recv] <<< 75:ac:a7:b3:2e:45,6184,-17,3501,132.13,74.80,331,462577,494945
[Recv] <<< 75:ac:a7:b3:2e:45,6185,-18,3502,132.11,74.80,82,462659,495027
[Recv] <<< 75:ac:a7:b3:2e:45,6186,-17,3503,132.10,74.80,78,462737,495105
[Recv] <<< 75:ac:a7:b3:2e:45,6187,-17,3504,132.08,74.81,82,462819,495187
[Recv] <<< 75:ac:a7:b3:2e:45,6188,-17,3505,132.07,74.81,85,462904,495272
[Recv] <<< 75:ac:a7:b3:2e:45,6189,-18,3506,132.06,74.81,81,462985,495353
[Recv] <<< 75:ac:a7:b3:2e:45,6190,-17,3507,132.04,74.81,79,463064,495432
[Recv] <<< 75:ac:a7:b3:2e:45,6191,-17,3508,132.03,74.81,87,463151,495519
[Recv] <<< 75:ac:a7:b3:2e:45,6192,-18,3509,132.01,74.81,75,463226,495594
[Recv] <<< 75:ac:a7:b3:2e:45,6193,-18,3510,132.00,74.81,80,463306,495674
[Recv] <<< 75:ac:a7:b3:2e:45,6194,-17,3511,131.98,74.81,82,463388,495756
[Recv] <<< 75:ac:a7:b3:2e:45,6195,-17,3512,131.97,74.81,80,463468,495836
[Recv] <<< 75:ac:a7:b3:2e:45,6196,-17,3513,131.95,74.81,79,463547,495915
[Recv] <<< 75:ac:a7:b3:2e:45,6197,-18,3514,131.94,74.81,81,463628,495996
[Recv] <<< 75:ac:a7:b3:2e:45,6198,-17,3515,131.93,74.82,90,463718,496086
[Recv] <<< 75:ac:a7:b3:2e:45,6199,-18,3516,131.91,74.82,80,463798,496166
[Recv] <<< 75:ac:a7:b3:2e:45,6200,-17,3517,131.90,74.82,81,463879,496247
[Recv] <<< 75:ac:a7:b3:2e:45,6201,-17,3518,131.88,74.82,78,463957,496325
[Recv] <<< 75:ac:a7:b3:2e:45,6205,-17,3519,131.94,74.82,330,464287,496655
[Recv] <<< 75:ac:a7:b3:2e:45,6206,-18,3520,131.92,74.83,83,464370,496738
[Recv] <<< 75:ac:a7:b3:2e:45,6210,-17,3521,131.98,74.83,329,464699,497067
[Recv] <<< 75:ac:a7:b3:2e:45,6212,-17,3522,131.99,74.83,167,464866,497234
[Recv] <<< 75:ac:a7:b3:2e:45,6213,-17,3523,131.97,74.83,72,464938,497306
[Recv] <<< 75:ac:a7:b3:2e:45,6214,-18,3524,131.96,74.84,87,465025,497393
[Recv] <<< 75:ac:a7:b3:2e:45,6216,-17,3525,131.97,74.84,154,465179,497547
[Recv] <<< 75:ac:a7:b3:2e:45,6217,-17,3526,131.95,74.84,88,465267,497635
[Recv] <<< 75:ac:a7:b3:2e:45,6218,-18,3527,131.94,74.84,75,465342,497710
[Recv] <<< 75:ac:a7:b3:2e:45,6220,-17,3528,131.95,74.84,163,465505,497873
[Recv] <<< 75:ac:a7:b3:2e:45,6221,-18,3529,131.93,74.84,87,465592,497960
[Recv] <<< 75:ac:a7:b3:2e:45,6223,-17,3530,131.94,74.84,154,465746,498114
[Recv] <<< 75:ac:a7:b3:2e:45,6224,-18,3531,131.93,74.84,86,465832,498200
[Recv] <<< 75:ac:a7:b3:2e:45,6226,-18,3532,131.94,74.85,168,466000,498368
[Recv] <<< 75:ac:a7:b3:2e:45,6227,-17,3533,131.92,74.85,78,466078,498446
[Recv] <<< 75:ac:a7:b3:2e:45,6228,-18,3534,131.91,74.85,86,466164,498532
[Recv] <<< 75:ac:a7:b3:2e:45,6229,-17,3535,131.89,74.85,81,466245,498613
[Recv] <<< 75:ac:a7:b3:2e:45,6230,-17,3536,131.88,74.85,83,466328,498696
[Recv] <<< 75:ac:a7:b3:2e:45,6232,-17,3537,131.89,74.85,159,466487,498855
[Recv] <<< 75:ac:a7:b3:2e:45,6233,-18,3538,131.87,74.86,86,466573,498941
[Recv] <<< 75:ac:a7:b3:2e:45,6235,-17,3539,131.88,74.86,164,466737,499105
[Recv] <<< 75:ac:a7:b3:2e:45,6236,-18,3540,131.87,74.86,84,466821,499189
[Recv] <<< 75:ac:a7:b3:2e:45,6237,-17,3541,131.85,74.86,77,466898,499266
[Recv] <<< 75:ac:a7:b3:2e:45,6238,-17,3542,131.84,74.86,78,466976,499344
[Recv] <<< 75:ac:a7:b3:2e:45,6239,-17,3543,131.83,74.86,80,467056,499424
[Recv] <<< 75:ac:a7:b3:2e:45,6240,-18,3544,131.81,74.86,78,467134,499502
[Recv] <<< 75:ac:a7:b3:2e:45,6242,-17,3545,131.82,74.86,158,467292,499660
[Recv] <<< 75:ac:a7:b3:2e:45,6244,-17,3546,131.83,74.87,172,467464,499832
[Recv] <<< 75:ac:a7:b3:2e:45,6245,-18,3547,131.81,74.87,78,467542,499910
[Recv] <<< 75:ac:a7:b3:2e:45,6248,-17,3548,131.84,74.87,227,467769,500137
[Recv] <<< 75:ac:a7:b3:2e:45,6249,-18,3549,131.83,74.87,87,467856,500224
[Recv] <<< 75:ac:a7:b3:2e:45,6250,-17,3550,131.81,74.87,72,467928,500296
[Recv] <<< 75:ac:a7:b3:2e:45,6251,-17,3551,131.80,74.87,85,468013,500381
[Recv] <<< 75:ac:a7:b3:2e:45,6253,-18,3552,131.80,74.87,153,468166,500534
[Recv] <<< 75:ac:a7:b3:2e:45,6254,-17,3553,131.79,74.87,79,468245,500613
[Recv] <<< 75:ac:a7:b3:2e:45,6255,-17,3554,131.77,74.87,77,468322,500690
[Recv] <<< 75:ac:a7:b3:2e:45,6256,-17,3555,131.76,74.87,78,468400,500768
[Recv] <<< 75:ac:a7:b3:2e:45,6258,-18,3556,131.76,74.87,151,468551,500919
[Recv] <<< 75:ac:a7:b3:2e:45,6259,-17,3557,131.75,74.87,78,468629,500997
[Recv] <<< 75:ac:a7:b3:2e:45,6261,-17,3558,131.75,74.87,149,468778,501146
[Recv] <<< 75:ac:a7:b3:2e:45,6263,-18,3559,131.76,74.87,155,468933,501301
[Recv] <<< 75:ac:a7:b3:2e:45,6264,-17,3560,131.74,74.87,73,469006,501374
[Recv] <<< 75:ac:a7:b3:2e:45,6265,-17,3561,131.73,74.87,75,469081,501449
[Recv] <<< 75:ac:a7:b3:2e:45,6266,-17,3562,131.71,74.87,75,469156,501524
[Recv] <<< 75:ac:a7:b3:2e:45,6267,-17,3563,131.70,74.87,78,469234,501602
[Recv] <<< 75:ac:a7:b3:2e:45,6268,-17,3564,131.68,74.87,72,469306,501674
[Recv] <<< 75:ac:a7:b3:2e:45,6269,-17,3565,131.66,74.87,75,469381,501749
[Recv] <<< 75:ac:a7:b3:2e:45,6270,-17,3566,131.65,74.87,76,469457,501825
[Recv] <<< 75:ac:a7:b3:2e:45,6272,-18,3567,131.65,74.87,151,469608,501976
[Recv] <<< 75:ac:a7:b3:2e:45,6273,-17,3568,131.64,74.88,86,469694,502062
[Recv] <<< 75:ac:a7:b3:2e:45,6274,-17,3569,131.62,74.87,66,469760,502128
[Recv] <<< 75:ac:a7:b3:2e:45,6275,-17,3570,131.61,74.88,84,469844,502212
[Recv] <<< 75:ac:a7:b3:2e:45,6276,-18,3571,131.59,74.88,73,469917,502285
[Recv] <<< 75:ac:a7:b3:2e:45,6277,-17,3572,131.58,74.88,81,469998,502366
[Recv] <<< 75:ac:a7:b3:2e:45,6278,-17,3573,131.56,74.88,69,470067,502435
[Recv] <<< 75:ac:a7:b3:2e:45,6280,-17,3574,131.57,74.88,151,470218,502586
[Recv] <<< 75:ac:a7:b3:2e:45,6281,-17,3575,131.55,74.87,69,470287,502655
[Recv] <<< 75:ac:a7:b3:2e:45,6282,-18,3576,131.53,74.88,79,470366,502734
[Recv] <<< 75:ac:a7:b3:2e:45,6284,-17,3577,131.54,74.88,156,470522,502890
[Recv] <<< 75:ac:a7:b3:2e:45,6285,-17,3578,131.53,74.88,82,470604,502972
[Recv] <<< 75:ac:a7:b3:2e:45,6286,-17,3579,131.51,74.88,69,470673,503041
[Recv] <<< 75:ac:a7:b3:2e:45,6287,-17,3580,131.49,74.88,76,470749,503117
[Recv] <<< 75:ac:a7:b3:2e:45,6288,-17,3581,131.48,74.88,69,470818,503186
[Recv] <<< 75:ac:a7:b3:2e:45,6289,-18,3582,131.46,74.88,83,470901,503269
[Recv] <<< 75:ac:a7:b3:2e:45,6291,-17,3583,131.47,74.88,154,471055,503423
[Recv] <<< 75:ac:a7:b3:2e:45,6292,-17,3584,131.45,74.88,78,471133,503501
[Recv] <<< 75:ac:a7:b3:2e:45,6293,-18,3585,131.44,74.88,73,471206,503574
[Recv] <<< 75:ac:a7:b3:2e:45,6294,-18,3586,131.42,74.88,75,471281,503649
[Recv] <<< 75:ac:a7:b3:2e:45,6297,-17,3587,131.45,74.88,234,471515,503883
[Recv] <<< 75:ac:a7:b3:2e:45,6299,-18,3588,131.46,74.88,149,471664,504032
[Recv] <<< 75:ac:a7:b3:2e:45,6301,-17,3589,131.46,74.88,153,471817,504185
[Recv] <<< 75:ac:a7:b3:2e:45,6303,-17,3590,131.47,74.88,144,471961,504329
[Recv] <<< 75:ac:a7:b3:2e:45,6304,-17,3591,131.45,74.88,72,472033,504401
[Recv] <<< 75:ac:a7:b3:2e:45,6305,-18,3592,131.43,74.88,79,472112,504480
[Recv] <<< 75:ac:a7:b3:2e:45,6306,-17,3593,131.42,74.88,75,472187,504555
[Recv] <<< 75:ac:a7:b3:2e:45,6307,-17,3594,131.40,74.88,74,472261,504629
[Recv] <<< 75:ac:a7:b3:2e:45,6308,-17,3595,131.39,74.88,70,472331,504699
[Recv] <<< 75:ac:a7:b3:2e:45,6309,-17,3596,131.37,74.88,81,472412,504780
[Recv] <<< 75:ac:a7:b3:2e:45,6310,-17,3597,131.35,74.88,66,472478,504846
[Recv] <<< 75:ac:a7:b3:2e:45,6311,-17,3598,131.34,74.88,68,472546,504914
[Recv] <<< 75:ac:a7:b3:2e:45,6312,-18,3599,131.32,74.88,80,472626,504994
[Recv] <<< 75:ac:a7:b3:2e:45,6313,-18,3600,131.31,74.88,79,472705,505073
