address,packet_id,rssi,count,rx_speed,tx_speed,last_time_elapsed,total_time_elapsed,timestamp
f0:91:27:6b:7a:0a,1,-17,1,161.00,161.00,204868,161,204868
f0:91:27:6b:7a:0a,2,-17,2,125.00,125.00,89,250,204957
f0:91:27:6b:7a:0a,4,-17,3,135.67,101.75,157,407,205114
f0:91:27:6b:7a:0a,5,-17,4,121.50,97.20,79,486,205193
f0:91:27:6b:7a:0a,6,-17,5,112.20,93.50,75,561,205268
f0:91:27:6b:7a:0a,12,-18,6,174.33,87.17,485,1046,205753
f0:91:27:6b:7a:0a,14,-17,7,171.14,85.57,152,1198,205905
f0:91:27:6b:7a:0a,15,-17,8,160.25,85.47,84,1282,205989
f0:91:27:6b:7a:0a,18,-17,9,169.78,84.89,246,1528,206235
f0:91:27:6b:7a:0a,20,-17,10,169.10,84.55,163,1691,206398
f0:91:27:6b:7a:0a,24,-18,11,182.00,83.42,311,2002,206709
f0:91:27:6b:7a:0a,25,-18,12,173.58,83.32,81,2083,206790
f0:91:27:6b:7a:0a,26,-17,13,166.85,83.42,86,2169,206876
f0:91:27:6b:7a:0a,27,-17,14,160.36,83.15,76,2245,206952
f0:91:27:6b:7a:0a,28,-18,15,155.20,83.14,83,2328,207035
f0:91:27:6b:7a:0a,34,-17,16,175.06,82.38,473,2801,207508
f0:91:27:6b:7a:0a,35,-18,17,169.47,82.31,80,2881,207588
f0:91:27:6b:7a:0a,36,-17,18,164.33,82.17,77,2958,207665
f0:91:27:6b:7a:0a,37,-17,19,159.95,82.14,81,3039,207746
f0:91:27:6b:7a:0a,40,-17,20,164.00,82.00,241,3280,207987
f0:91:27:6b:7a:0a,41,-18,21,160.05,81.98,81,3361,208068
f0:91:27:6b:7a:0a,42,-17,22,156.36,81.90,79,3440,208147
f0:91:27:6b:7a:0a,43,-17,23,153.13,81.91,82,3522,208229
f0:91:27:6b:7a:0a,44,-18,24,149.83,81.73,74,3596,208303
f0:91:27:6b:7a:0a,47,-18,25,153.60,81.70,244,3840,208547
f0:91:27:6b:7a:0a,48,-17,26,150.85,81.71,82,3922,208629
f0:91:27:6b:7a:0a,51,-17,27,154.15,81.61,240,4162,208869
f0:91:27:6b:7a:0a,58,-17,28,168.79,81.48,564,4726,209433
f0:91:27:6b:7a:0a,60,-17,29,168.28,81.33,154,4880,209587
f0:91:27:6b:7a:0a,61,-17,30,165.23,81.26,77,4957,209664
f0:91:27:6b:7a:0a,65,-17,31,170.03,81.09,314,5271,209978
f0:91:27:6b:7a:0a,67,-17,32,169.84,81.12,164,5435,210142
f0:91:27:6b:7a:0a,68,-17,33,167.03,81.06,77,5512,210219
f0:91:27:6b:7a:0a,71,-17,34,169.03,80.94,235,5747,210454
f0:91:27:6b:7a:0a,72,-18,35,166.43,80.90,78,5825,210532
f0:91:27:6b:7a:0a,74,-17,36,166.28,80.89,161,5986,210693
f0:91:27:6b:7a:0a,77,-17,37,168.19,80.82,237,6223,210930
f0:91:27:6b:7a:0a,79,-17,38,168.03,80.82,162,6385,211092
f0:91:27:6b:7a:0a,80,-17,39,165.87,80.86,84,6469,211176
f0:91:27:6b:7a:0a,81,-18,40,163.70,80.84,79,6548,211255
f0:91:27:6b:7a:0a,87,-17,41,171.02,80.60,464,7012,211719
f0:91:27:6b:7a:0a,95,-18,42,181.71,80.34,620,7632,212339
f0:91:27:6b:7a:0a,108,-17,43,203.12,80.87,1102,8734,213441
f0:91:27:6b:7a:0a,110,-17,44,202.41,80.96,172,8906,213613
f0:91:27:6b:7a:0a,115,-17,45,207.76,81.30,443,9349,214056
f0:91:27:6b:7a:0a,134,-17,46,241.15,82.78,1744,11093,215800
f0:91:27:6b:7a:0a,135,-17,47,237.96,82.84,91,11184,215891
f0:91:27:6b:7a:0a,136,-18,48,234.94,82.92,93,11277,215984
f0:91:27:6b:7a:0a,137,-17,49,231.90,82.94,86,11363,216070
f0:91:27:6b:7a:0a,143,-17,50,238.24,83.30,549,11912,216619
f0:91:27:6b:7a:0a,144,-17,51,235.49,83.40,98,12010,216717
f0:91:27:6b:7a:0a,145,-18,52,232.67,83.44,89,12099,216806
f0:91:27:6b:7a:0a,147,-17,53,231.68,83.53,180,12279,216986
f0:91:27:6b:7a:0a,150,-17,54,232.52,83.71,277,12556,217263
f0:91:27:6b:7a:0a,151,-18,55,230.02,83.78,95,12651,217358
f0:91:27:6b:7a:0a,153,-17,56,229.12,83.86,180,12831,217538
f0:91:27:6b:7a:0a,154,-18,57,226.82,83.95,98,12929,217636
f0:91:27:6b:7a:0a,155,-17,58,224.45,83.99,89,13018,217725
f0:91:27:6b:7a:0a,159,-17,59,226.90,84.19,369,13387,218094
f0:91:27:6b:7a:0a,160,-17,60,224.58,84.22,88,13475,218182
f0:91:27:6b:7a:0a,161,-18,61,222.57,84.33,102,13577,218284
f0:91:27:6b:7a:0a,162,-17,62,220.47,84.38,92,13669,218376
f0:91:27:6b:7a:0a,163,-18,63,218.24,84.35,80,13749,218456
f0:91:27:6b:7a:0a,164,-18,64,216.47,84.48,105,13854,218561
f0:91:27:6b:7a:0a,167,-17,65,217.52,84.66,285,14139,218846
f0:91:27:6b:7a:0a,168,-18,66,215.65,84.72,94,14233,218940
f0:91:27:6b:7a:0a,169,-17,67,213.75,84.74,88,14321,219028
f0:91:27:6b:7a:0a,170,-17,68,211.94,84.78,91,14412,219119
f0:91:27:6b:7a:0a,171,-18,69,210.22,84.82,93,14505,219212
f0:91:27:6b:7a:0a,173,-18,70,209.80,84.89,181,14686,219393
f0:91:27:6b:7a:0a,180,-18,71,216.04,85.22,653,15339,220046
f0:91:27:6b:7a:0a,181,-17,72,214.36,85.27,95,15434,220141
f0:91:27:6b:7a:0a,186,-18,73,217.64,85.42,454,15888,220595
f0:91:27:6b:7a:0a,187,-17,74,215.96,85.46,93,15981,220688
f0:91:27:6b:7a:0a,188,-17,75,214.21,85.46,85,16066,220773
f0:91:27:6b:7a:0a,192,-18,76,216.32,85.62,374,16440,221147
f0:91:27:6b:7a:0a,193,-17,77,214.70,85.66,92,16532,221239
f0:91:27:6b:7a:0a,197,-17,78,216.71,85.80,371,16903,221610
f0:91:27:6b:7a:0a,198,-17,79,215.16,85.85,95,16998,221705
f0:91:27:6b:7a:0a,199,-18,80,213.62,85.88,92,17090,221797
f0:91:27:6b:7a:0a,207,-18,81,219.95,86.07,726,17816,222523
f0:91:27:6b:7a:0a,208,-17,82,218.41,86.11,94,17910,222617
f0:91:27:6b:7a:0a,214,-17,83,222.28,86.21,539,18449,223156
f0:91:27:6b:7a:0a,215,-17,84,220.77,86.26,96,18545,223252
f0:91:27:6b:7a:0a,216,-17,85,219.19,86.25,86,18631,223338
f0:91:27:6b:7a:0a,218,-18,86,218.79,86.31,185,18816,223523
f0:91:27:6b:7a:0a,220,-18,87,218.36,86.35,181,18997,223704
f0:91:27:6b:7a:0a,221,-17,88,216.83,86.34,84,19081,223788
f0:91:27:6b:7a:0a,222,-18,89,215.43,86.36,92,19173,223880
f0:91:27:6b:7a:0a,223,-18,90,214.07,86.39,93,19266,223973
f0:91:27:6b:7a:0a,224,-17,91,212.64,86.38,84,19350,224057
f0:91:27:6b:7a:0a,227,-17,92,213.28,86.44,272,19622,224329
f0:91:27:6b:7a:0a,236,-18,93,219.24,86.39,767,20389,225096
f0:91:27:6b:7a:0a,237,-17,94,217.78,86.38,82,20471,225178
f0:91:27:6b:7a:0a,241,-17,95,219.06,86.35,340,20811,225518
f0:91:27:6b:7a:0a,245,-18,96,220.27,86.31,335,21146,225853
f0:91:27:6b:7a:0a,246,-17,97,218.86,86.30,83,21229,225936
f0:91:27:6b:7a:0a,250,-17,98,219.94,86.22,325,21554,226261
f0:91:27:6b:7a:0a,253,-18,99,220.21,86.17,247,21801,226508
f0:91:27:6b:7a:0a,262,-17,100,225.46,86.05,745,22546,227253
f0:91:27:6b:7a:0a,265,-18,101,225.74,86.04,254,22800,227507
f0:91:27:6b:7a:0a,266,-17,102,224.37,86.04,86,22886,227593
f0:91:27:6b:7a:0a,268,-17,103,223.82,86.02,167,23053,227760
f0:91:27:6b:7a:0a,269,-17,104,222.56,86.04,93,23146,227853
f0:91:27:6b:7a:0a,270,-17,105,221.28,86.05,88,23234,227941
f0:91:27:6b:7a:0a,272,-17,106,220.73,86.02,163,23397,228104
f0:91:27:6b:7a:0a,273,-17,107,219.51,86.04,91,23488,228195
f0:91:27:6b:7a:0a,274,-18,108,218.23,86.02,81,23569,228276
f0:91:27:6b:7a:0a,276,-17,109,217.69,85.97,159,23728,228435
f0:91:27:6b:7a:0a,278,-17,110,217.23,85.95,167,23895,228602
f0:91:27:6b:7a:0a,279,-17,111,215.97,85.92,78,23973,228680
f0:91:27:6b:7a:0a,280,-17,112,214.86,85.94,91,24064,228771
f0:91:27:6b:7a:0a,281,-17,113,213.68,85.93,82,24146,228853
f0:91:27:6b:7a:0a,284,-18,114,213.98,85.89,248,24394,229101
f0:91:27:6b:7a:0a,285,-17,115,212.88,85.90,87,24481,229188
f0:91:27:6b:7a:0a,287,-17,116,212.51,85.89,170,24651,229358
f0:91:27:6b:7a:0a,288,-17,117,211.33,85.85,75,24726,229433
f0:91:27:6b:7a:0a,290,-17,118,210.95,85.83,166,24892,229599
f0:91:27:6b:7a:0a,291,-17,119,209.85,85.81,80,24972,229679
f0:91:27:6b:7a:0a,292,-17,120,208.91,85.85,97,25069,229776
f0:91:27:6b:7a:0a,293,-17,121,207.82,85.82,77,25146,229853
f0:91:27:6b:7a:0a,294,-18,122,206.76,85.80,79,25225,229932
f0:91:27:6b:7a:0a,295,-17,123,205.79,85.80,87,25312,230019
f0:91:27:6b:7a:0a,296,-17,124,204.78,85.79,81,25393,230100
f0:91:27:6b:7a:0a,297,-17,125,203.77,85.76,78,25471,230178
f0:91:27:6b:7a:0a,302,-17,126,205.41,85.70,411,25882,230589
f0:91:27:6b:7a:0a,307,-17,127,206.90,85.59,394,26276,230983
f0:91:27:6b:7a:0a,308,-17,128,205.95,85.59,86,26362,231069
f0:91:27:6b:7a:0a,309,-18,129,204.94,85.56,75,26437,231144
f0:91:27:6b:7a:0a,313,-17,130,205.83,85.49,321,26758,231465
f0:91:27:6b:7a:0a,314,-17,131,204.85,85.46,78,26836,231543
f0:91:27:6b:7a:0a,315,-17,132,203.90,85.44,79,26915,231622
f0:91:27:6b:7a:0a,316,-18,133,203.00,85.44,84,26999,231706
f0:91:27:6b:7a:0a,319,-17,134,203.16,85.34,225,27224,231931
f0:91:27:6b:7a:0a,320,-17,135,202.25,85.32,80,27304,232011
f0:91:27:6b:7a:0a,322,-17,136,201.88,85.26,151,27455,232162
f0:91:27:6b:7a:0a,323,-17,137,200.99,85.25,81,27536,232243
f0:91:27:6b:7a:0a,325,-17,138,200.73,85.23,165,27701,232408
f0:91:27:6b:7a:0a,333,-17,139,203.77,85.06,623,28324,233031
f0:91:27:6b:7a:0a,334,-17,140,202.85,85.03,75,28399,233106
f0:91:27:6b:7a:0a,342,-17,141,205.88,84.88,630,29029,233736
f0:91:27:6b:7a:0a,343,-18,142,204.99,84.87,80,29109,233816
f0:91:27:6b:7a:0a,344,-17,143,204.16,84.87,86,29195,233902
f0:91:27:6b:7a:0a,345,-17,144,203.26,84.84,74,29269,233976
f0:91:27:6b:7a:0a,347,-17,145,202.99,84.82,165,29434,234141
f0:91:27:6b:7a:0a,348,-17,146,202.12,84.80,76,29510,234217
f0:91:27:6b:7a:0a,349,-17,147,201.28,84.78,78,29588,234295
f0:91:27:6b:7a:0a,350,-17,148,200.46,84.77,80,29668,234375
f0:91:27:6b:7a:0a,352,-17,149,200.21,84.75,163,29831,234538
f0:91:27:6b:7a:0a,353,-18,150,199.37,84.72,74,29905,234612
f0:91:27:6b:7a:0a,354,-17,151,198.58,84.70,80,29985,234692
f0:91:27:6b:7a:0a,356,-18,152,198.29,84.66,155,30140,234847
f0:91:27:6b:7a:0a,357,-17,153,197.55,84.66,85,30225,234932
f0:91:27:6b:7a:0a,359,-17,154,197.27,84.62,155,30380,235087
f0:91:27:6b:7a:0a,360,-18,155,196.54,84.62,83,30463,235170
f0:91:27:6b:7a:0a,362,-17,156,196.25,84.57,152,30615,235322
f0:91:27:6b:7a:0a,364,-18,157,195.99,84.54,156,30771,235478
f0:91:27:6b:7a:0a,365,-17,158,195.27,84.53,81,30852,235559
f0:91:27:6b:7a:0a,368,-18,159,195.56,84.49,242,31094,235801
f0:91:27:6b:7a:0a,379,-17,160,199.84,84.37,881,31975,236682
f0:91:27:6b:7a:0a,382,-17,161,200.01,84.30,227,32202,236909
f0:91:27:6b:7a:0a,384,-18,162,199.74,84.27,156,32358,237065
f0:91:27:6b:7a:0a,385,-17,163,198.98,84.24,76,32434,237141
f0:91:27:6b:7a:0a,386,-17,164,198.30,84.25,87,32521,237228
f0:91:27:6b:7a:0a,387,-17,165,197.62,84.26,86,32607,237314
f0:91:27:6b:7a:0a,389,-17,166,197.39,84.23,159,32766,237473
f0:91:27:6b:7a:0a,391,-17,167,197.11,84.19,152,32918,237625
f0:91:27:6b:7a:0a,392,-18,168,196.41,84.18,79,32997,237704
f0:91:27:6b:7a:0a,398,-17,169,198.07,84.10,476,33473,238180
f0:91:27:6b:7a:0a,399,-18,170,197.34,84.08,75,33548,238255
f0:91:27:6b:7a:0a,400,-17,171,196.70,84.09,87,33635,238342
f0:91:27:6b:7a:0a,401,-17,172,195.99,84.07,76,33711,238418
f0:91:27:6b:7a:0a,402,-17,173,195.29,84.04,75,33786,238493
f0:91:27:6b:7a:0a,410,-17,174,197.92,84.00,652,34438,239145
f0:91:27:6b:7a:0a,411,-18,175,197.21,83.97,73,34511,239218
f0:91:27:6b:7a:0a,412,-18,176,196.56,83.97,83,34594,239301
f0:91:27:6b:7a:0a,413,-17,177,195.92,83.96,83,34677,239384
f0:91:27:6b:7a:0a,414,-17,178,195.24,83.94,76,34753,239460
f0:91:27:6b:7a:0a,415,-18,179,194.59,83.93,78,34831,239538
f0:91:27:6b:7a:0a,417,-17,180,194.43,83.93,166,34997,239704
f0:91:27:6b:7a:0a,418,-18,181,193.78,83.91,78,35075,239782
f0:91:27:6b:7a:0a,419,-17,182,193.17,83.91,82,35157,239864
f0:91:27:6b:7a:0a,420,-17,183,192.56,83.90,81,35238,239945
f0:91:27:6b:7a:0a,421,-18,184,191.93,83.89,78,35316,240023
f0:91:27:6b:7a:0a,429,-18,185,194.35,83.81,638,35954,240661
f0:91:27:6b:7a:0a,430,-17,186,193.76,83.81,85,36039,240746
f0:91:27:6b:7a:0a,431,-17,187,193.14,83.80,79,36118,240825
f0:91:27:6b:7a:0a,432,-18,188,192.53,83.78,77,36195,240902
f0:91:27:6b:7a:0a,433,-17,189,191.92,83.77,78,36273,240980
f0:91:27:6b:7a:0a,434,-17,190,191.32,83.76,78,36351,241058
f0:91:27:6b:7a:0a,437,-17,191,191.55,83.72,235,36586,241293
f0:91:27:6b:7a:0a,451,-17,192,196.36,83.60,1116,37702,242409
f0:91:27:6b:7a:0a,459,-18,193,198.65,83.53,638,38340,243047
f0:91:27:6b:7a:0a,461,-17,194,198.43,83.50,155,38495,243202
f0:91:27:6b:7a:0a,462,-17,195,197.81,83.49,78,38573,243280
f0:91:27:6b:7a:0a,465,-17,196,198.04,83.48,243,38816,243523
f0:91:27:6b:7a:0a,470,-18,197,199.05,83.43,396,39212,243919
f0:91:27:6b:7a:0a,471,-18,198,198.42,83.41,75,39287,243994
f0:91:27:6b:7a:0a,472,-17,199,197.81,83.40,77,39364,244071
f0:91:27:6b:7a:0a,473,-17,200,197.26,83.41,87,39451,244158
f0:91:27:6b:7a:0a,478,-18,201,198.22,83.35,392,39843,244550
f0:91:27:6b:7a:0a,479,-17,202,197.62,83.34,77,39920,244627
f0:91:27:6b:7a:0a,481,-17,203,197.44,83.33,161,40081,244788
f0:91:27:6b:7a:0a,482,-18,204,196.85,83.31,76,40157,244864
f0:91:27:6b:7a:0a,484,-17,205,196.70,83.31,167,40324,245031
f0:91:27:6b:7a:0a,485,-18,206,196.14,83.31,81,40405,245112
f0:91:27:6b:7a:0a,486,-17,207,195.57,83.30,79,40484,245191
f0:91:27:6b:7a:0a,490,-17,208,196.17,83.27,319,40803,245510
f0:91:27:6b:7a:0a,491,-18,209,195.62,83.27,81,40884,245591
f0:91:27:6b:7a:0a,492,-17,210,195.13,83.29,93,40977,245684
f0:91:27:6b:7a:0a,494,-17,211,194.99,83.29,166,41143,245850
f0:91:27:6b:7a:0a,495,-18,212,194.44,83.28,79,41222,245929
f0:91:27:6b:7a:0a,496,-17,213,193.92,83.27,82,41304,246011
f0:91:27:6b:7a:0a,497,-17,214,193.37,83.26,77,41381,246088
f0:91:27:6b:7a:0a,498,-17,215,192.82,83.24,75,41456,246163
f0:91:27:6b:7a:0a,501,-17,216,193.05,83.23,242,41698,246405
f0:91:27:6b:7a:0a,502,-18,217,192.52,83.22,79,41777,246484
f0:91:27:6b:7a:0a,503,-17,218,192.00,83.21,80,41857,246564
f0:91:27:6b:7a:0a,505,-17,219,191.86,83.20,161,42018,246725
f0:91:27:6b:7a:0a,508,-17,220,192.03,83.16,229,42247,246954
f0:91:27:6b:7a:0a,509,-17,221,191.52,83.16,79,42326,247033
f0:91:27:6b:7a:0a,510,-18,222,191.01,83.15,78,42404,247111
f0:91:27:6b:7a:0a,511,-17,223,190.51,83.14,79,42483,247190
f0:91:27:6b:7a:0a,514,-17,224,190.69,83.10,232,42715,247422
f0:91:27:6b:7a:0a,538,-18,225,198.24,82.91,1888,44603,249310
f0:91:27:6b:7a:0a,539,-17,226,197.73,82.91,84,44687,249394
f0:91:27:6b:7a:0a,540,-17,227,197.17,82.88,70,44757,249464
f0:91:27:6b:7a:0a,541,-18,228,196.67,82.88,83,44840,249547
f0:91:27:6b:7a:0a,543,-17,229,196.47,82.86,151,44991,249698
f0:91:27:6b:7a:0a,548,-17,230,197.33,82.82,396,45387,250094
f0:91:27:6b:7a:0a,550,-17,231,197.19,82.82,164,45551,250258
f0:91:27:6b:7a:0a,551,-17,232,196.69,82.82,81,45632,250339
f0:91:27:6b:7a:0a,552,-18,233,196.18,82.81,78,45710,250417
f0:91:27:6b:7a:0a,554,-18,234,196.07,82.82,171,45881,250588
f0:91:27:6b:7a:0a,555,-17,235,195.54,82.80,71,45952,250659
f0:91:27:6b:7a:0a,556,-17,236,195.06,82.79,81,46033,250740
f0:91:27:6b:7a:0a,559,-17,237,195.24,82.77,238,46271,250978
f0:91:27:6b:7a:0a,560,-18,238,194.74,82.76,76,46347,251054
f0:91:27:6b:7a:0a,561,-17,239,194.26,82.76,82,46429,251136
f0:91:27:6b:7a:0a,562,-17,240,193.75,82.74,71,46500,251207
f0:91:27:6b:7a:0a,563,-17,241,193.30,82.74,85,46585,251292
f0:91:27:6b:7a:0a,564,-17,242,192.81,82.73,76,46661,251368
f0:91:27:6b:7a:0a,565,-18,243,192.34,82.72,77,46738,251445
f0:91:27:6b:7a:0a,575,-17,244,194.84,82.68,802,47540,252247
f0:91:27:6b:7a:0a,577,-17,245,194.70,82.67,162,47702,252409
f0:91:27:6b:7a:0a,580,-17,246,194.88,82.66,239,47941,252648
f0:91:27:6b:7a:0a,581,-17,247,194.43,82.66,84,48025,252732
f0:91:27:6b:7a:0a,582,-18,248,193.99,82.66,84,48109,252816
f0:91:27:6b:7a:0a,583,-17,249,193.52,82.65,78,48187,252894
f0:91:27:6b:7a:0a,591,-18,250,195.27,82.60,630,48817,253524
f0:91:27:6b:7a:0a,592,-17,251,194.80,82.59,79,48896,253603
f0:91:27:6b:7a:0a,596,-18,252,195.29,82.57,316,49212,253919
f0:91:27:6b:7a:0a,599,-17,253,195.42,82.54,230,49442,254149
f0:91:27:6b:7a:0a,600,-18,254,194.97,82.54,81,49523,254230
f0:91:27:6b:7a:0a,601,-17,255,194.51,82.53,78,49601,254308
f0:91:27:6b:7a:0a,602,-17,256,194.06,82.52,79,49680,254387
f0:91:27:6b:7a:0a,603,-18,257,193.60,82.51,76,49756,254463
f0:91:27:6b:7a:0a,607,-18,258,194.09,82.49,318,50074,254781
f0:91:27:6b:7a:0a,609,-17,259,193.93,82.48,155,50229,254936
f0:91:27:6b:7a:0a,610,-18,260,193.50,82.47,80,50309,255016
f0:91:27:6b:7a:0a,625,-17,261,197.27,82.38,1179,51488,256195
f0:91:27:6b:7a:0a,626,-17,262,196.84,82.38,83,51571,256278
f0:91:27:6b:7a:0a,627,-18,263,196.39,82.38,79,51650,256357
f0:91:27:6b:7a:0a,628,-17,264,195.96,82.38,84,51734,256441
f0:91:27:6b:7a:0a,635,-18,265,197.29,82.33,548,52282,256989
f0:91:27:6b:7a:0a,639,-18,266,197.76,82.32,323,52605,257312
f0:91:27:6b:7a:0a,641,-17,267,197.60,82.31,154,52759,257466
f0:91:27:6b:7a:0a,643,-18,268,197.44,82.29,154,52913,257620
f0:91:27:6b:7a:0a,649,-17,269,198.44,82.25,468,53381,258088
f0:91:27:6b:7a:0a,650,-17,270,198.00,82.25,80,53461,258168
f0:91:27:6b:7a:0a,651,-18,271,197.56,82.24,79,53540,258247
f0:91:27:6b:7a:0a,652,-17,272,197.13,82.24,79,53619,258326
f0:91:27:6b:7a:0a,655,-17,273,197.26,82.22,234,53853,258560
f0:91:27:6b:7a:0a,657,-18,274,197.10,82.20,153,54006,258713
f0:91:27:6b:7a:0a,658,-17,275,196.68,82.20,80,54086,258793
f0:91:27:6b:7a:0a,659,-17,276,196.25,82.19,80,54166,258873
f0:91:27:6b:7a:0a,661,-17,277,196.16,82.20,170,54336,259043
f0:91:27:6b:7a:0a,662,-17,278,195.77,82.21,87,54423,259130
f0:91:27:6b:7a:0a,664,-17,279,195.63,82.20,158,54581,259288
f0:91:27:6b:7a:0a,665,-18,280,195.22,82.20,81,54662,259369
f0:91:27:6b:7a:0a,668,-18,281,195.34,82.17,229,54891,259598
f0:91:27:6b:7a:0a,670,-17,282,195.19,82.16,153,55044,259751
f0:91:27:6b:7a:0a,671,-17,283,194.78,82.15,79,55123,259830
f0:91:27:6b:7a:0a,672,-18,284,194.39,82.15,84,55207,259914
f0:91:27:6b:7a:0a,676,-17,285,194.78,82.12,305,55512,260219
f0:91:27:6b:7a:0a,678,-17,286,194.67,82.12,163,55675,260382
f0:91:27:6b:7a:0a,679,-17,287,194.26,82.11,78,55753,260460
f0:91:27:6b:7a:0a,680,-18,288,193.86,82.11,79,55832,260539
f0:91:27:6b:7a:0a,684,-18,289,194.27,82.08,311,56143,260850
f0:91:27:6b:7a:0a,690,-17,290,195.20,82.04,466,56609,261316
f0:91:27:6b:7a:0a,691,-18,291,194.80,82.04,78,56687,261394
f0:91:27:6b:7a:0a,696,-17,292,195.52,82.03,406,57093,261800
f0:91:27:6b:7a:0a,697,-17,293,195.11,82.02,74,57167,261874
f0:91:27:6b:7a:0a,698,-18,294,194.71,82.01,78,57245,261952
f0:91:27:6b:7a:0a,699,-17,295,194.34,82.02,86,57331,262038
f0:91:27:6b:7a:0a,702,-17,296,194.46,82.00,230,57561,262268
f0:91:27:6b:7a:0a,709,-17,297,195.68,81.97,557,58118,262825
f0:91:27:6b:7a:0a,710,-18,298,195.32,81.98,87,58205,262912
f0:91:27:6b:7a:0a,711,-17,299,194.94,81.98,81,58286,262993
f0:91:27:6b:7a:0a,716,-17,300,195.57,81.94,385,58671,263378
f0:91:27:6b:7a:0a,718,-17,301,195.47,81.94,165,58836,263543
f0:91:27:6b:7a:0a,720,-18,302,195.34,81.93,156,58992,263699
f0:91:27:6b:7a:0a,723,-18,303,195.52,81.94,251,59243,263950
f0:91:27:6b:7a:0a,724,-18,304,195.13,81.93,76,59319,264026
f0:91:27:6b:7a:0a,725,-17,305,194.75,81.93,81,59400,264107
f0:91:27:6b:7a:0a,726,-17,306,194.38,81.93,79,59479,264186
f0:91:27:6b:7a:0a,729,-17,307,194.54,81.93,245,59724,264431
f0:91:27:6b:7a:0a,731,-17,308,194.41,81.91,154,59878,264585
f0:91:27:6b:7a:0a,732,-17,309,194.03,81.91,77,59955,264662
f0:91:27:6b:7a:0a,734,-17,310,193.91,81.90,158,60113,264820
f0:91:27:6b:7a:0a,735,-17,311,193.59,81.91,93,60206,264913
f0:91:27:6b:7a:0a,736,-18,312,193.22,81.91,79,60285,264992
f0:91:27:6b:7a:0a,737,-18,313,192.84,81.90,73,60358,265065
f0:91:27:6b:7a:0a,738,-17,314,192.48,81.89,80,60438,265145
f0:91:27:6b:7a:0a,739,-17,315,192.10,81.88,75,60513,265220
f0:91:27:6b:7a:0a,740,-17,316,191.75,81.88,79,60592,265299
f0:91:27:6b:7a:0a,741,-18,317,191.38,81.87,77,60669,265376
f0:91:27:6b:7a:0a,742,-18,318,191.03,81.87,80,60749,265456
f0:91:27:6b:7a:0a,745,-18,319,191.21,81.87,247,60996,265703
f0:91:27:6b:7a:0a,746,-18,320,190.84,81.86,74,61070,265777
f0:91:27:6b:7a:0a,747,-17,321,190.50,81.86,82,61152,265859
f0:91:27:6b:7a:0a,749,-18,322,190.41,81.86,159,61311,266018
f0:91:27:6b:7a:0a,750,-18,323,190.06,81.85,78,61389,266096
f0:91:27:6b:7a:0a,757,-17,324,191.23,81.85,568,61957,266664
f0:91:27:6b:7a:0a,758,-18,325,190.89,81.85,82,62039,266746
f0:91:27:6b:7a:0a,770,-17,326,193.24,81.81,958,62997,267704
f0:91:27:6b:7a:0a,772,-18,327,193.12,81.80,153,63150,267857
f0:91:27:6b:7a:0a,773,-17,328,192.77,81.80,80,63230,267937
f0:91:27:6b:7a:0a,783,-17,329,194.63,81.78,804,64034,268741
f0:91:27:6b:7a:0a,785,-18,330,194.50,81.77,152,64186,268893
f0:91:27:6b:7a:0a,786,-17,331,194.18,81.77,86,64272,268979
f0:91:27:6b:7a:0a,787,-18,332,193.83,81.77,79,64351,269058
f0:91:27:6b:7a:0a,788,-17,333,193.51,81.77,87,64438,269145
f0:91:27:6b:7a:0a,790,-18,334,193.40,81.77,159,64597,269304
f0:91:27:6b:7a:0a,791,-17,335,193.07,81.77,80,64677,269384
f0:91:27:6b:7a:0a,793,-17,336,192.94,81.75,152,64829,269536
f0:91:27:6b:7a:0a,794,-18,337,192.60,81.75,78,64907,269614
f0:91:27:6b:7a:0a,795,-17,338,192.28,81.75,85,64992,269699
f0:91:27:6b:7a:0a,796,-18,339,191.96,81.75,84,65076,269783
f0:91:27:6b:7a:0a,798,-18,340,191.91,81.77,174,65250,269957
f0:91:27:6b:7a:0a,801,-17,341,192.09,81.78,253,65503,270210
f0:91:27:6b:7a:0a,802,-17,342,191.79,81.79,90,65593,270300
f0:91:27:6b:7a:0a,803,-18,343,191.48,81.79,85,65678,270385
f0:91:27:6b:7a:0a,807,-17,344,191.97,81.83,361,66039,270746
f0:91:27:6b:7a:0a,808,-18,345,191.71,81.86,101,66140,270847
f0:91:27:6b:7a:0a,809,-18,346,191.43,81.87,95,66235,270942
f0:91:27:6b:7a:0a,821,-17,347,194.11,82.04,1120,67355,272062
f0:91:27:6b:7a:0a,829,-17,348,195.68,82.14,743,68098,272805
f0:91:27:6b:7a:0a,835,-17,349,196.75,82.23,568,68666,273373
f0:91:27:6b:7a:0a,838,-17,350,196.99,82.28,281,68947,273654
f0:91:27:6b:7a:0a,846,-18,351,198.58,82.39,755,69702,274409
f0:91:27:6b:7a:0a,847,-17,352,198.26,82.40,87,69789,274496
f0:91:27:6b:7a:0a,850,-18,353,198.52,82.44,288,70077,274784
f0:91:27:6b:7a:0a,853,-17,354,198.77,82.49,286,70363,275070
f0:91:27:6b:7a:0a,854,-17,355,198.49,82.51,100,70463,275170
f0:91:27:6b:7a:0a,856,-17,356,198.46,82.54,187,70650,275357
f0:91:27:6b:7a:0a,862,-17,357,199.50,82.62,572,71222,275929
f0:91:27:6b:7a:0a,864,-17,358,199.45,82.64,182,71404,276111
f0:91:27:6b:7a:0a,865,-17,359,199.18,82.66,101,71505,276212
f0:91:27:6b:7a:0a,866,-18,360,198.87,82.67,88,71593,276300
f0:91:27:6b:7a:0a,867,-17,361,198.60,82.69,101,71694,276401
f0:91:27:6b:7a:0a,868,-17,362,198.31,82.70,93,71787,276494
f0:91:27:6b:7a:0a,875,-17,363,199.60,82.80,666,72453,277160
f0:91:27:6b:7a:0a,880,-17,364,200.35,82.87,473,72926,277633
f0:91:27:6b:7a:0a,887,-18,365,201.56,82.94,643,73569,278276
f0:91:27:6b:7a:0a,888,-17,366,201.27,82.96,96,73665,278372
f0:91:27:6b:7a:0a,890,-18,367,201.21,82.97,180,73845,278552
f0:91:27:6b:7a:0a,891,-17,368,200.92,82.98,93,73938,278645
f0:91:27:6b:7a:0a,892,-17,369,200.64,83.00,98,74036,278743
f0:91:27:6b:7a:0a,893,-17,370,200.34,83.01,90,74126,278833
f0:91:27:6b:7a:0a,899,-17,371,201.30,83.07,557,74683,279390
f0:91:27:6b:7a:0a,901,-17,372,201.22,83.08,170,74853,279560
f0:91:27:6b:7a:0a,902,-17,373,200.93,83.09,95,74948,279655
f0:91:27:6b:7a:0a,903,-18,374,200.66,83.11,98,75046,279753
f0:91:27:6b:7a:0a,917,-17,375,203.47,83.21,1256,76302,281009
f0:91:27:6b:7a:0a,918,-17,376,203.17,83.21,89,76391,281098
f0:91:27:6b:7a:0a,919,-18,377,202.84,83.21,81,76472,281179
f0:91:27:6b:7a:0a,920,-17,378,202.57,83.23,98,76570,281277
f0:91:27:6b:7a:0a,926,-17,379,203.40,83.25,518,77088,281795
f0:91:27:6b:7a:0a,930,-17,380,203.76,83.25,339,77427,282134
f0:91:27:6b:7a:0a,933,-17,381,203.91,83.27,262,77689,282396
f0:91:27:6b:7a:0a,934,-18,382,203.57,83.26,76,77765,282472
f0:91:27:6b:7a:0a,935,-17,383,203.27,83.26,87,77852,282559
f0:91:27:6b:7a:0a,936,-17,384,202.96,83.27,85,77937,282644
f0:91:27:6b:7a:0a,937,-18,385,202.63,83.26,77,78014,282721
f0:91:27:6b:7a:0a,938,-17,386,202.34,83.27,90,78104,282811
f0:91:27:6b:7a:0a,944,-17,387,203.08,83.25,488,78592,283299
f0:91:27:6b:7a:0a,948,-17,388,203.39,83.24,324,78916,283623
f0:91:27:6b:7a:0a,954,-17,389,204.12,83.23,487,79403,284110
f0:91:27:6b:7a:0a,955,-17,390,203.80,83.23,78,79481,284188
f0:91:27:6b:7a:0a,958,-17,391,203.93,83.23,254,79735,284442
f0:91:27:6b:7a:0a,960,-17,392,203.83,83.23,165,79900,284607
f0:91:27:6b:7a:0a,968,-18,393,205.01,83.23,667,80567,285274
f0:91:27:6b:7a:0a,969,-17,394,204.71,83.23,87,80654,285361
f0:91:27:6b:7a:0a,973,-18,395,205.04,83.24,335,80989,285696
f0:91:27:6b:7a:0a,974,-17,396,204.72,83.23,79,81068,285775
f0:91:27:6b:7a:0a,975,-18,397,204.43,83.24,91,81159,285866
f0:91:27:6b:7a:0a,990,-17,398,207.09,83.25,1263,82422,287129
f0:91:27:6b:7a:0a,991,-18,399,206.77,83.25,79,82501,287208
f0:91:27:6b:7a:0a,993,-17,400,206.66,83.25,165,82666,287373
f0:91:27:6b:7a:0a,995,-17,401,206.58,83.25,172,82838,287545
f0:91:27:6b:7a:0a,1004,-17,402,207.88,83.23,728,83566,288273
f0:91:27:6b:7a:0a,1017,-17,403,209.98,83.21,1054,84620,289327
f0:91:27:6b:7a:0a,1018,-17,404,209.64,83.20,75,84695,289402
f0:91:27:6b:7a:0a,1019,-18,405,209.33,83.20,85,84780,289487
f0:91:27:6b:7a:0a,1025,-18,406,210.03,83.19,492,85272,289979
f0:91:27:6b:7a:0a,1038,-18,407,212.08,83.16,1044,86316,291023
f0:91:27:6b:7a:0a,1039,-17,408,211.75,83.15,80,86396,291103
f0:91:27:6b:7a:0a,1040,-17,409,211.41,83.14,72,86468,291175
f0:91:27:6b:7a:0a,1041,-17,410,211.11,83.15,89,86557,291264
f0:91:27:6b:7a:0a,1042,-17,411,210.82,83.15,88,86645,291352
f0:91:27:6b:7a:0a,1064,-17,412,214.61,83.10,1773,88418,293125
f0:91:27:6b:7a:0a,1065,-17,413,214.27,83.09,76,88494,293201
f0:91:27:6b:7a:0a,1066,-18,414,213.95,83.09,82,88576,293283
f0:91:27:6b:7a:0a,1071,-18,415,214.37,83.06,386,88962,293669
f0:91:27:6b:7a:0a,1072,-17,416,214.04,83.06,77,89039,293746
f0:91:27:6b:7a:0a,1074,-17,417,213.90,83.05,159,89198,293905
f0:91:27:6b:7a:0a,1075,-18,418,213.57,83.04,74,89272,293979
f0:91:27:6b:7a:0a,1076,-17,419,213.26,83.04,84,89356,294063
f0:91:27:6b:7a:0a,1077,-17,420,212.94,83.04,78,89434,294141
f0:91:27:6b:7a:0a,1078,-18,421,212.62,83.03,77,89511,294218
f0:91:27:6b:7a:0a,1079,-18,422,212.30,83.03,79,89590,294297
f0:91:27:6b:7a:0a,1080,-17,423,211.99,83.03,81,89671,294378
f0:91:27:6b:7a:0a,1081,-17,424,211.68,83.03,81,89752,294459
f0:91:27:6b:7a:0a,1082,-18,425,211.37,83.02,81,89833,294540
f0:91:27:6b:7a:0a,1083,-17,426,211.05,83.02,73,89906,294613
f0:91:27:6b:7a:0a,1084,-17,427,210.74,83.01,79,89985,294692
f0:91:27:6b:7a:0a,1085,-17,428,210.43,83.01,78,90063,294770
f0:91:27:6b:7a:0a,1092,-17,429,211.23,82.98,553,90616,295323
f0:91:27:6b:7a:0a,1097,-17,430,211.67,82.97,401,91017,295724
f0:91:27:6b:7a:0a,1099,-18,431,211.54,82.96,156,91173,295880
f0:91:27:6b:7a:0a,1105,-17,432,212.18,82.95,489,91662,296369
f0:91:27:6b:7a:0a,1106,-18,433,211.89,82.95,85,91747,296454
f0:91:27:6b:7a:0a,1113,-17,434,212.67,82.93,553,92300,297007
f0:91:27:6b:7a:0a,1114,-18,435,212.37,82.93,81,92381,297088
f0:91:27:6b:7a:0a,1115,-17,436,212.06,82.92,77,92458,297165
f0:91:27:6b:7a:0a,1116,-17,437,211.76,82.92,83,92541,297248
f0:91:27:6b:7a:0a,1119,-18,438,211.82,82.91,238,92779,297486
f0:91:27:6b:7a:0a,1131,-17,439,213.50,82.87,946,93725,298432
f0:91:27:6b:7a:0a,1132,-18,440,213.19,82.87,80,93805,298512
f0:91:27:6b:7a:0a,1133,-17,441,212.89,82.86,80,93885,298592
f0:91:27:6b:7a:0a,1135,-17,442,212.76,82.85,155,94040,298747
f0:91:27:6b:7a:0a,1136,-18,443,212.46,82.85,81,94121,298828
f0:91:27:6b:7a:0a,1139,-18,444,212.54,82.85,246,94367,299074
f0:91:27:6b:7a:0a,1141,-17,445,212.40,82.84,151,94518,299225
f0:91:27:6b:7a:0a,1143,-17,446,212.30,82.84,169,94687,299394
f0:91:27:6b:7a:0a,1146,-17,447,212.37,82.84,243,94930,299637
f0:91:27:6b:7a:0a,1148,-17,448,212.23,82.82,150,95080,299787
f0:91:27:6b:7a:0a,1152,-17,449,212.49,82.82,326,95406,300113
f0:91:27:6b:7a:0a,1153,-17,450,212.21,82.82,89,95495,300202
f0:91:27:6b:7a:0a,1154,-17,451,211.91,82.82,77,95572,300279
f0:91:27:6b:7a:0a,1155,-18,452,211.62,82.81,78,95650,300357
f0:91:27:6b:7a:0a,1156,-17,453,211.33,82.81,81,95731,300438
f0:91:27:6b:7a:0a,1157,-17,454,211.02,82.80,74,95805,300512
f0:91:27:6b:7a:0a,1158,-18,455,210.75,82.81,84,95889,300596
f0:91:27:6b:7a:0a,1159,-17,456,210.46,82.80,81,95970,300677
f0:91:27:6b:7a:0a,1163,-17,457,210.71,82.80,325,96295,301002
f0:91:27:6b:7a:0a,1164,-18,458,210.42,82.79,77,96372,301079
f0:91:27:6b:7a:0a,1168,-17,459,210.68,82.79,330,96702,301409
f0:91:27:6b:7a:0a,1169,-17,460,210.38,82.78,73,96775,301482
f0:91:27:6b:7a:0a,1170,-18,461,210.10,82.78,79,96854,301561
f0:91:27:6b:7a:0a,1177,-18,462,210.84,82.76,552,97406,302113
f0:91:27:6b:7a:0a,1178,-17,463,210.54,82.75,75,97481,302188
f0:91:27:6b:7a:0a,1179,-18,464,210.27,82.75,85,97566,302273
f0:91:27:6b:7a:0a,1181,-17,465,210.15,82.75,156,97722,302429
f0:91:27:6b:7a:0a,1182,-18,466,209.87,82.74,78,97800,302507
f0:91:27:6b:7a:0a,1183,-17,467,209.59,82.74,80,97880,302587
f0:91:27:6b:7a:0a,1185,-17,468,209.48,82.73,157,98037,302744
f0:91:27:6b:7a:0a,1186,-17,469,209.21,82.73,84,98121,302828
f0:91:27:6b:7a:0a,1188,-18,470,209.11,82.73,160,98281,302988
f0:91:27:6b:7a:0a,1189,-17,471,208.84,82.73,84,98365,303072
f0:91:27:6b:7a:0a,1196,-17,472,209.58,82.71,556,98921,303628
f0:91:27:6b:7a:0a,1197,-18,473,209.31,82.71,84,99005,303712
f0:91:27:6b:7a:0a,1198,-17,474,209.05,82.71,84,99089,303796
f0:91:27:6b:7a:0a,1202,-17,475,209.28,82.70,320,99409,304116
f0:91:27:6b:7a:0a,1203,-18,476,209.00,82.70,76,99485,304192
f0:91:27:6b:7a:0a,1204,-17,477,208.73,82.70,80,99565,304272
f0:91:27:6b:7a:0a,1207,-18,478,208.80,82.69,243,99808,304515
f0:91:27:6b:7a:0a,1208,-17,479,208.53,82.69,77,99885,304592
f0:91:27:6b:7a:0a,1210,-18,480,208.41,82.67,151,100036,304743
f0:91:27:6b:7a:0a,1211,-18,481,208.15,82.68,84,100120,304827
f0:91:27:6b:7a:0a,1214,-17,482,208.19,82.66,228,100348,305055
f0:91:27:6b:7a:0a,1218,-18,483,208.41,82.65,315,100663,305370
f0:91:27:6b:7a:0a,1219,-17,484,208.15,82.65,83,100746,305453
f0:91:27:6b:7a:0a,1220,-17,485,207.89,82.65,82,100828,305535
f0:91:27:6b:7a:0a,1223,-18,486,207.98,82.65,248,101076,305783
f0:91:27:6b:7a:0a,1225,-17,487,207.88,82.64,160,101236,305943
f0:91:27:6b:7a:0a,1226,-17,488,207.60,82.63,72,101308,306015
f0:91:27:6b:7a:0a,1227,-17,489,207.37,82.64,94,101402,306109
f0:91:27:6b:7a:0a,1230,-18,490,207.41,82.63,228,101630,306337
f0:91:27:6b:7a:0a,1245,-18,491,209.43,82.60,1202,102832,307539
f0:91:27:6b:7a:0a,1246,-17,492,209.18,82.60,86,102918,307625
f0:91:27:6b:7a:0a,1247,-17,493,208.91,82.59,76,102994,307701
f0:91:27:6b:7a:0a,1251,-18,494,209.14,82.59,321,103315,308022
f0:91:27:6b:7a:0a,1264,-17,495,210.83,82.57,1048,104363,309070
f0:91:27:6b:7a:0a,1265,-17,496,210.56,82.56,75,104438,309145
f0:91:27:6b:7a:0a,1273,-17,497,211.44,82.55,650,105088,309795
f0:91:27:6b:7a:0a,1304,-18,498,215.99,82.49,2474,107562,312269
f0:91:27:6b:7a:0a,1329,-17,499,219.46,82.40,1951,109513,314220
f0:91:27:6b:7a:0a,1331,-17,500,219.33,82.39,154,109667,314374
f0:91:27:6b:7a:0a,1334,-17,501,219.36,82.38,234,109901,314608
f0:91:27:6b:7a:0a,1344,-17,502,220.52,82.37,800,110701,315408
f0:91:27:6b:7a:0a,1345,-17,503,220.23,82.36,76,110777,315484
f0:91:27:6b:7a:0a,1346,-17,504,219.98,82.37,92,110869,315576
f0:91:27:6b:7a:0a,1350,-17,505,220.16,82.36,312,111181,315888
f0:91:27:6b:7a:0a,1351,-17,506,219.88,82.35,79,111260,315967
f0:91:27:6b:7a:0a,1352,-18,507,219.61,82.35,81,111341,316048
f0:91:27:6b:7a:0a,1353,-17,508,219.32,82.35,75,111416,316123
f0:91:27:6b:7a:0a,1369,-17,509,221.36,82.30,1254,112670,317377
f0:91:27:6b:7a:0a,1370,-17,510,221.08,82.30,82,112752,317459
f0:91:27:6b:7a:0a,1376,-17,511,221.59,82.29,481,113233,317940
f0:91:27:6b:7a:0a,1377,-18,512,221.33,82.29,86,113319,318026
f0:91:27:6b:7a:0a,1378,-17,513,221.05,82.29,81,113400,318107
f0:91:27:6b:7a:0a,1379,-17,514,220.78,82.29,80,113480,318187
f0:91:27:6b:7a:0a,1380,-18,515,220.51,82.29,81,113561,318268
f0:91:27:6b:7a:0a,1386,-18,516,221.03,82.29,488,114049,318756
f0:91:27:6b:7a:0a,1387,-17,517,220.75,82.28,80,114129,318836
f0:91:27:6b:7a:0a,1388,-17,518,220.48,82.28,78,114207,318914
f0:91:27:6b:7a:0a,1389,-18,519,220.21,82.28,84,114291,318998
f0:91:27:6b:7a:0a,1393,-17,520,220.40,82.27,318,114609,319316
f0:91:27:6b:7a:0a,1394,-18,521,220.13,82.27,80,114689,319396
f0:91:27:6b:7a:0a,1395,-18,522,219.87,82.27,83,114772,319479
f0:91:27:6b:7a:0a,1396,-17,523,219.59,82.27,71,114843,319550
f0:91:27:6b:7a:0a,1413,-18,524,221.73,82.23,1346,116189,320896
f0:91:27:6b:7a:0a,1417,-18,525,221.90,82.21,307,116496,321203
f0:91:27:6b:7a:0a,1418,-18,526,221.63,82.21,79,116575,321282
f0:91:27:6b:7a:0a,1420,-17,527,221.50,82.20,156,116731,321438
f0:91:27:6b:7a:0a,1421,-18,528,221.23,82.20,78,116809,321516
f0:91:27:6b:7a:0a,1422,-17,529,220.95,82.20,75,116884,321591
f0:91:27:6b:7a:0a,1424,-18,530,220.85,82.20,166,117050,321757
f0:91:27:6b:7a:0a,1425,-17,531,220.58,82.20,80,117130,321837
f0:91:27:6b:7a:0a,1427,-17,532,220.46,82.19,153,117283,321990
f0:91:27:6b:7a:0a,1429,-17,533,220.36,82.19,168,117451,322158
f0:91:27:6b:7a:0a,1431,-17,534,220.26,82.19,170,117621,322328
f0:91:27:6b:7a:0a,1432,-18,535,219.99,82.19,71,117692,322399
f0:91:27:6b:7a:0a,1433,-18,536,219.72,82.18,76,117768,322475
f0:91:27:6b:7a:0a,1439,-17,537,220.20,82.17,478,118246,322953
f0:91:27:6b:7a:0a,1443,-17,538,220.38,82.16,316,118562,323269
f0:91:27:6b:7a:0a,1444,-17,539,220.11,82.16,77,118639,323346
f0:91:27:6b:7a:0a,1445,-18,540,219.85,82.16,82,118721,323428
f0:91:27:6b:7a:0a,1446,-17,541,219.60,82.16,82,118803,323510
f0:91:27:6b:7a:0a,1447,-17,542,219.33,82.16,76,118879,323586
f0:91:27:6b:7a:0a,1448,-18,543,219.08,82.16,82,118961,323668
f0:91:27:6b:7a:0a,1449,-17,544,218.82,82.15,77,119038,323745
f0:91:27:6b:7a:0a,1451,-18,545,218.71,82.15,160,119198,323905
f0:91:27:6b:7a:0a,1460,-18,546,219.61,82.13,708,119906,324613
f0:91:27:6b:7a:0a,1465,-17,547,219.92,82.11,391,120297,325004
f0:91:27:6b:7a:0a,1466,-17,548,219.67,82.12,84,120381,325088
f0:91:27:6b:7a:0a,1467,-18,549,219.41,82.11,77,120458,325165
f0:91:27:6b:7a:0a,1468,-17,550,219.15,82.11,73,120531,325238
f0:91:27:6b:7a:0a,1469,-17,551,218.89,82.10,78,120609,325316
f0:91:27:6b:7a:0a,1470,-17,552,218.63,82.10,77,120686,325393
f0:91:27:6b:7a:0a,1472,-18,553,218.52,82.09,154,120840,325547
f0:91:27:6b:7a:0a,1474,-17,554,218.41,82.09,161,121001,325708
f0:91:27:6b:7a:0a,1475,-18,555,218.16,82.09,79,121080,325787
f0:91:27:6b:7a:0a,1476,-17,556,217.91,82.08,77,121157,325864
f0:91:27:6b:7a:0a,1477,-17,557,217.66,82.08,77,121234,325941
f0:91:27:6b:7a:0a,1478,-17,558,217.41,82.08,78,121312,326019
f0:91:27:6b:7a:0a,1479,-18,559,217.16,82.08,79,121391,326098
f0:91:27:6b:7a:0a,1480,-17,560,216.91,82.08,81,121472,326179
f0:91:27:6b:7a:0a,1481,-17,561,216.67,82.07,79,121551,326258
f0:91:27:6b:7a:0a,1484,-17,562,216.70,82.06,232,121783,326490
f0:91:27:6b:7a:0a,1485,-17,563,216.45,82.06,78,121861,326568
f0:91:27:6b:7a:0a,1487,-18,564,216.34,82.05,153,122014,326721
f0:91:27:6b:7a:0a,1488,-16,565,216.09,82.05,77,122091,326798
f0:91:27:6b:7a:0a,1489,-17,566,215.86,82.05,84,122175,326882
f0:91:27:6b:7a:0a,1490,-18,567,215.62,82.05,81,122256,326963
f0:91:27:6b:7a:0a,1491,-17,568,215.38,82.05,79,122335,327042
f0:91:27:6b:7a:0a,1492,-17,569,215.14,82.05,82,122417,327124
f0:91:27:6b:7a:0a,1493,-17,570,214.92,82.05,90,122507,327214
f0:91:27:6b:7a:0a,1496,-17,571,215.02,82.07,272,122779,327486
f0:91:27:6b:7a:0a,1497,-17,572,214.78,82.07,77,122856,327563
f0:91:27:6b:7a:0a,1498,-17,573,214.58,82.08,99,122955,327662
f0:91:27:6b:7a:0a,1499,-18,574,214.35,82.08,83,123038,327745
f0:91:27:6b:7a:0a,1500,-17,575,214.13,82.08,87,123125,327832
f0:91:27:6b:7a:0a,1501,-17,576,213.91,82.09,85,123210,327917
f0:91:27:6b:7a:0a,1502,-17,577,213.71,82.10,100,123310,328017
f0:91:27:6b:7a:0a,1506,-18,578,214.01,82.13,385,123695,328402
f0:91:27:6b:7a:0a,1507,-17,579,213.79,82.14,92,123787,328494
f0:91:27:6b:7a:0a,1508,-17,580,213.59,82.15,96,123883,328590
f0:91:27:6b:7a:0a,1509,-17,581,213.40,82.16,100,123983,328690
f0:91:27:6b:7a:0a,1563,-17,582,221.64,82.53,5011,128994,333701
f0:91:27:6b:7a:0a,1568,-17,583,222.06,82.56,467,129461,334168
f0:91:27:6b:7a:0a,1617,-17,584,229.38,82.84,4497,133958,338665
f0:91:27:6b:7a:0a,1625,-18,585,230.22,82.88,719,134677,339384
f0:91:27:6b:7a:0a,1628,-17,586,230.27,82.89,262,134939,339646
f0:91:27:6b:7a:0a,1630,-18,587,230.17,82.89,169,135108,339815
f0:91:27:6b:7a:0a,1633,-18,588,230.22,82.90,260,135368,340075
f0:91:27:6b:7a:0a,1634,-17,589,229.96,82.89,79,135447,340154
f0:91:27:6b:7a:0a,1635,-17,590,229.71,82.89,82,135529,340236
f0:91:27:6b:7a:0a,1636,-18,591,229.46,82.89,83,135612,340319
f0:91:27:6b:7a:0a,1639,-17,592,229.48,82.89,239,135851,340558
f0:91:27:6b:7a:0a,1640,-18,593,229.23,82.89,84,135935,340642
f0:91:27:6b:7a:0a,1641,-17,594,228.99,82.89,87,136022,340729
f0:91:27:6b:7a:0a,1645,-17,595,229.16,82.89,331,136353,341060
f0:91:27:6b:7a:0a,1646,-17,596,228.92,82.89,81,136434,341141
f0:91:27:6b:7a:0a,1647,-18,597,228.67,82.89,84,136518,341225
f0:91:27:6b:7a:0a,1650,-17,598,228.70,82.89,243,136761,341468
f0:91:27:6b:7a:0a,1651,-18,599,228.44,82.88,76,136837,341544
f0:91:27:6b:7a:0a,1652,-18,600,228.21,82.88,88,136925,341632
f0:91:27:6b:7a:0a,1653,-17,601,227.97,82.88,82,137007,341714
f0:91:27:6b:7a:0a,1655,-17,602,227.85,82.88,158,137165,341872
f0:91:27:6b:7a:0a,1656,-18,603,227.61,82.88,81,137246,341953
f0:91:27:6b:7a:0a,1661,-17,604,227.92,82.88,420,137666,342373
f0:91:27:6b:7a:0a,1676,-17,605,229.67,82.90,1282,138948,343655
f0:91:27:6b:7a:0a,1681,-18,606,229.98,82.91,418,139366,344073
f0:91:27:6b:7a:0a,1692,-17,607,231.09,82.90,907,140273,344980
f0:91:27:6b:7a:0a,1693,-17,608,230.86,82.91,87,140360,345067
f0:91:27:6b:7a:0a,1695,-17,609,230.75,82.91,167,140527,345234
f0:91:27:6b:7a:0a,1696,-17,610,230.50,82.90,78,140605,345312
f0:91:27:6b:7a:0a,1700,-17,611,230.64,82.89,315,140920,345627
f0:91:27:6b:7a:0a,1701,-17,612,230.40,82.90,87,141007,345714
f0:91:27:6b:7a:0a,1703,-18,613,230.27,82.89,151,141158,345865
f0:91:27:6b:7a:0a,1714,-18,614,231.36,82.88,894,142052,346759
f0:91:27:6b:7a:0a,1716,-17,615,231.24,82.87,161,142213,346920
f0:91:27:6b:7a:0a,1725,-17,616,232.03,82.86,718,142931,347638
f0:91:27:6b:7a:0a,1729,-17,617,232.17,82.85,319,143250,347957
f0:91:27:6b:7a:0a,1730,-17,618,231.92,82.85,77,143327,348034
f0:91:27:6b:7a:0a,1734,-18,619,232.07,82.85,327,143654,348361
f0:91:27:6b:7a:0a,1740,-17,620,232.48,82.84,485,144139,348846
f0:91:27:6b:7a:0a,1742,-18,621,232.36,82.83,157,144296,349003
f0:91:27:6b:7a:0a,1746,-17,622,232.51,82.83,323,144619,349326
f0:91:27:6b:7a:0a,1752,-17,623,232.90,82.82,480,145099,349806
f0:91:27:6b:7a:0a,1772,-17,624,235.09,82.78,1595,146694,351401
f0:91:27:6b:7a:0a,1774,-18,625,234.95,82.77,147,146841,351548
f0:91:27:6b:7a:0a,1776,-17,626,234.86,82.78,179,147020,351727
f0:91:27:6b:7a:0a,1778,-17,627,234.72,82.77,150,147170,351877
f0:91:27:6b:7a:0a,1779,-18,628,234.47,82.77,76,147246,351953
f0:91:27:6b:7a:0a,1787,-17,629,235.11,82.76,639,147885,352592
f0:91:27:6b:7a:0a,1788,-18,630,234.87,82.76,84,147969,352676
f0:91:27:6b:7a:0a,1789,-17,631,234.63,82.76,85,148054,352761
f0:91:27:6b:7a:0a,1792,-17,632,234.64,82.75,237,148291,352998
f0:91:27:6b:7a:0a,1793,-17,633,234.39,82.75,78,148369,353076
f0:91:27:6b:7a:0a,1796,-18,634,234.40,82.74,240,148609,353316
f0:91:27:6b:7a:0a,1798,-17,635,234.28,82.74,158,148767,353474
f0:91:27:6b:7a:0a,1805,-18,636,234.80,82.73,565,149332,354039
f0:91:27:6b:7a:0a,1806,-17,637,234.55,82.73,79,149411,354118
f0:91:27:6b:7a:0a,1807,-17,638,234.31,82.73,79,149490,354197
f0:91:27:6b:7a:0a,1822,-17,639,235.79,82.69,1178,150668,355375
f0:91:27:6b:7a:0a,1823,-17,640,235.54,82.69,79,150747,355454
f0:91:27:6b:7a:0a,1828,-17,641,235.80,82.69,404,151151,355858
f0:91:27:6b:7a:0a,1829,-17,642,235.57,82.69,82,151233,355940
f0:91:27:6b:7a:0a,1834,-18,643,235.81,82.67,392,151625,356332
f0:91:27:6b:7a:0a,1835,-17,644,235.57,82.68,85,151710,356417
f0:91:27:6b:7a:0a,1849,-18,645,236.93,82.65,1112,152822,357529
f0:91:27:6b:7a:0a,1855,-17,646,237.30,82.64,474,153296,358003
f0:91:27:6b:7a:0a,1856,-18,647,237.06,82.64,84,153380,358087
f0:91:27:6b:7a:0a,1862,-18,648,237.43,82.63,477,153857,358564
f0:91:27:6b:7a:0a,1863,-17,649,237.19,82.63,77,153934,358641
f0:91:27:6b:7a:0a,1866,-17,650,237.20,82.63,249,154183,358890
f0:91:27:6b:7a:0a,1867,-18,651,236.96,82.62,77,154260,358967
f0:91:27:6b:7a:0a,1868,-17,652,236.71,82.62,75,154335,359042
f0:91:27:6b:7a:0a,1870,-18,653,236.59,82.62,160,154495,359202
f0:91:27:6b:7a:0a,1871,-17,654,236.36,82.62,86,154581,359288
f0:91:27:6b:7a:0a,1872,-17,655,236.12,82.62,75,154656,359363
f0:91:27:6b:7a:0a,1876,-18,656,236.25,82.61,324,154980,359687
f0:91:27:6b:7a:0a,1877,-17,657,236.00,82.61,74,155054,359761
f0:91:27:6b:7a:0a,1878,-17,658,235.77,82.61,84,155138,359845
f0:91:27:6b:7a:0a,1880,-17,659,235.66,82.60,159,155297,360004
f0:91:27:6b:7a:0a,1883,-18,660,235.65,82.60,235,155532,360239
f0:91:27:6b:7a:0a,1885,-17,661,235.54,82.59,157,155689,360396
f0:91:27:6b:7a:0a,1886,-18,662,235.30,82.59,78,155767,360474
f0:91:27:6b:7a:0a,1888,-17,663,235.18,82.59,160,155927,360634
f0:91:27:6b:7a:0a,1889,-17,664,234.94,82.58,73,156000,360707
f0:91:27:6b:7a:0a,1891,-18,665,234.82,82.58,157,156157,360864
f0:91:27:6b:7a:0a,1893,-17,666,234.71,82.58,160,156317,361024
f0:91:27:6b:7a:0a,1896,-17,667,234.71,82.57,232,156549,361256
f0:91:27:6b:7a:0a,1897,-17,668,234.48,82.57,86,156635,361342
f0:91:27:6b:7a:0a,1898,-18,669,234.26,82.57,82,156717,361424
f0:91:27:6b:7a:0a,1899,-17,670,234.02,82.57,78,156795,361502
f0:91:27:6b:7a:0a,1900,-18,671,233.81,82.57,90,156885,361592
f0:91:27:6b:7a:0a,1901,-17,672,233.57,82.57,75,156960,361667
f0:91:27:6b:7a:0a,1902,-17,673,233.34,82.56,77,157037,361744
f0:91:27:6b:7a:0a,1903,-18,674,233.11,82.56,79,157116,361823
f0:91:27:6b:7a:0a,1905,-17,675,232.99,82.56,155,157271,361978
f0:91:27:6b:7a:0a,1906,-17,676,232.76,82.55,76,157347,362054
f0:91:27:6b:7a:0a,1924,-18,677,234.52,82.52,1426,158773,363480
f0:91:27:6b:7a:0a,1925,-17,678,234.31,82.52,87,158860,363567
f0:91:27:6b:7a:0a,1926,-18,679,234.08,82.52,83,158943,363650
f0:91:27:6b:7a:0a,1928,-17,680,233.97,82.52,159,159102,363809
f0:91:27:6b:7a:0a,1929,-17,681,233.74,82.52,78,159180,363887
f0:91:27:6b:7a:0a,1930,-18,682,233.52,82.52,80,159260,363967
f0:91:27:6b:7a:0a,1931,-17,683,233.29,82.52,79,159339,364046
f0:91:27:6b:7a:0a,1935,-17,684,233.42,82.51,322,159661,364368
f0:91:27:6b:7a:0a,1937,-17,685,233.31,82.51,156,159817,364524
f0:91:27:6b:7a:0a,1938,-17,686,233.09,82.51,80,159897,364604
f0:91:27:6b:7a:0a,1942,-17,687,233.22,82.50,323,160220,364927
f0:91:27:6b:7a:0a,1944,-17,688,233.12,82.50,166,160386,365093
f0:91:27:6b:7a:0a,1946,-18,689,233.01,82.50,159,160545,365252
f0:91:27:6b:7a:0a,1947,-17,690,232.79,82.50,77,160622,365329
f0:91:27:6b:7a:0a,1949,-18,691,232.68,82.50,161,160783,365490
f0:91:27:6b:7a:0a,1954,-17,692,232.91,82.49,394,161177,365884
f0:91:27:6b:7a:0a,1955,-18,693,232.69,82.48,77,161254,365961
f0:91:27:6b:7a:0a,1956,-17,694,232.47,82.48,79,161333,366040
f0:91:27:6b:7a:0a,1958,-17,695,232.36,82.48,157,161490,366197
f0:91:27:6b:7a:0a,1984,-18,696,234.97,82.43,2046,163536,368243
f0:91:27:6b:7a:0a,1987,-17,697,234.96,82.42,232,163768,368475
f0:91:27:6b:7a:0a,1993,-17,698,235.30,82.41,472,164240,368947
f0:91:27:6b:7a:0a,2044,-17,699,240.73,82.32,4031,168271,372978
f0:91:27:6b:7a:0a,2057,-17,700,241.85,82.30,1024,169295,374002
f0:91:27:6b:7a:0a,2060,-17,701,241.85,82.30,244,169539,374246
f0:91:27:6b:7a:0a,2062,-17,702,241.73,82.30,157,169696,374403
f0:91:27:6b:7a:0a,2063,-17,703,241.50,82.29,76,169772,374479
f0:91:27:6b:7a:0a,2079,-17,704,242.95,82.27,1263,171035,375742
f0:91:27:6b:7a:0a,2080,-17,705,242.71,82.26,75,171110,375817
f0:91:27:6b:7a:0a,2081,-18,706,242.48,82.26,82,171192,375899
f0:91:27:6b:7a:0a,2083,-17,707,242.36,82.26,157,171349,376056
f0:91:27:6b:7a:0a,2085,-18,708,242.25,82.26,165,171514,376221
f0:91:27:6b:7a:0a,2087,-17,709,242.12,82.25,151,171665,376372
f0:91:27:6b:7a:0a,2088,-18,710,241.90,82.26,85,171750,376457
f0:91:27:6b:7a:0a,2089,-17,711,241.69,82.26,89,171839,376546
f0:91:27:6b:7a:0a,2090,-18,712,241.46,82.26,81,171920,376627
f0:91:27:6b:7a:0a,2092,-17,713,241.34,82.25,152,172072,376779
f0:91:27:6b:7a:0a,2095,-17,714,241.33,82.25,237,172309,377016
f0:91:27:6b:7a:0a,2102,-17,715,241.76,82.23,547,172856,377563
f0:91:27:6b:7a:0a,2104,-18,716,241.64,82.23,161,173017,377724
f0:91:27:6b:7a:0a,2106,-17,717,241.53,82.23,163,173180,377887
f0:91:27:6b:7a:0a,2115,-18,718,242.18,82.21,702,173882,378589
f0:91:27:6b:7a:0a,2120,-18,719,242.37,82.20,385,174267,378974
f0:91:27:6b:7a:0a,2135,-17,720,243.71,82.19,1205,175472,380179
f0:91:27:6b:7a:0a,2138,-17,721,243.72,82.19,250,175722,380429
f0:91:27:6b:7a:0a,2139,-18,722,243.49,82.19,78,175800,380507
f0:91:27:6b:7a:0a,2144,-17,723,243.71,82.18,401,176201,380908
f0:91:27:6b:7a:0a,2148,-17,724,243.81,82.18,319,176520,381227
f0:91:27:6b:7a:0a,2150,-17,725,243.70,82.18,159,176679,381386
f0:91:27:6b:7a:0a,2152,-17,726,243.58,82.17,159,176838,381545
f0:91:27:6b:7a:0a,2153,-17,727,243.37,82.18,91,176929,381636
f0:91:27:6b:7a:0a,2154,-17,728,243.14,82.17,74,177003,381710
f0:91:27:6b:7a:0a,2158,-17,729,243.23,82.17,314,177317,382024
f0:91:27:6b:7a:0a,2159,-17,730,243.00,82.16,74,177391,382098
f0:91:27:6b:7a:0a,2160,-17,731,242.77,82.16,75,177466,382173
f0:91:27:6b:7a:0a,2161,-18,732,242.54,82.16,76,177542,382249
f0:91:27:6b:7a:0a,2166,-17,733,242.76,82.15,399,177941,382648
f0:91:27:6b:7a:0a,2168,-17,734,242.65,82.15,161,178102,382809
f0:91:27:6b:7a:0a,2169,-18,735,242.44,82.15,89,178191,382898
f0:91:27:6b:7a:0a,2170,-17,736,242.22,82.15,82,178273,382980
f0:91:27:6b:7a:0a,2171,-17,737,241.99,82.15,75,178348,383055
f0:91:27:6b:7a:0a,2172,-17,738,241.77,82.15,75,178423,383130
f0:91:27:6b:7a:0a,2173,-18,739,241.55,82.15,82,178505,383212
f0:91:27:6b:7a:0a,2178,-18,740,241.76,82.14,397,178902,383609
f0:91:27:6b:7a:0a,2180,-17,741,241.64,82.14,156,179058,383765
f0:91:27:6b:7a:0a,2181,-18,742,241.42,82.13,77,179135,383842
f0:91:27:6b:7a:0a,2182,-18,743,241.21,82.13,83,179218,383925
f0:91:27:6b:7a:0a,2183,-17,744,240.98,82.13,71,179289,383996
f0:91:27:6b:7a:0a,2184,-17,745,240.77,82.13,82,179371,384078
f0:91:27:6b:7a:0a,2185,-17,746,240.55,82.13,79,179450,384157
f0:91:27:6b:7a:0a,2186,-18,747,240.33,82.12,75,179525,384232
f0:91:27:6b:7a:0a,2189,-18,748,240.34,82.13,247,179772,384479
f0:91:27:6b:7a:0a,2194,-17,749,240.54,82.12,395,180167,384874
f0:91:27:6b:7a:0a,2195,-18,750,240.32,82.12,76,180243,384950
f0:91:27:6b:7a:0a,2197,-17,751,240.21,82.11,157,180400,385107
f0:91:27:6b:7a:0a,2199,-17,752,240.11,82.11,163,180563,385270
f0:91:27:6b:7a:0a,2200,-17,753,239.90,82.11,80,180643,385350
f0:91:27:6b:7a:0a,2203,-18,754,239.92,82.12,257,180900,385607
f0:91:27:6b:7a:0a,2204,-17,755,239.72,82.12,88,180988,385695
f0:91:27:6b:7a:0a,2206,-17,756,239.64,82.12,177,181165,385872
f0:91:27:6b:7a:0a,2207,-17,757,239.44,82.13,92,181257,385964
f0:91:27:6b:7a:0a,2208,-17,758,239.24,82.13,84,181341,386048
f0:91:27:6b:7a:0a,2210,-18,759,239.17,82.14,188,181529,386236
f0:91:27:6b:7a:0a,2211,-18,760,238.99,82.15,100,181629,386336
f0:91:27:6b:7a:0a,2212,-17,761,238.78,82.15,85,181714,386421
f0:91:27:6b:7a:0a,2213,-18,762,238.59,82.15,92,181806,386513
f0:91:27:6b:7a:0a,2214,-17,763,238.40,82.16,96,181902,386609
f0:91:27:6b:7a:0a,2215,-16,764,238.22,82.17,95,181997,386704
f0:91:27:6b:7a:0a,2222,-18,765,238.75,82.20,645,182642,387349
f0:91:27:6b:7a:0a,2226,-18,766,238.92,82.22,374,183016,387723
f0:91:27:6b:7a:0a,2261,-17,767,242.86,82.39,3258,186274,390981
f0:91:27:6b:7a:0a,2262,-17,768,242.68,82.40,105,186379,391086
f0:91:27:6b:7a:0a,2269,-17,769,243.22,82.43,659,187038,391745
f0:91:27:6b:7a:0a,2286,-17,770,245.01,82.53,1623,188661,393368
f0:91:27:6b:7a:0a,2338,-18,771,250.84,82.72,4737,193398,398105
f0:91:27:6b:7a:0a,2339,-17,772,250.63,82.72,85,193483,398190
f0:91:27:6b:7a:0a,2341,-18,773,250.51,82.72,165,193648,398355
f0:91:27:6b:7a:0a,2364,-17,774,252.71,82.74,1948,195596,400303
f0:91:27:6b:7a:0a,2365,-17,775,252.50,82.74,91,195687,400394
f0:91:27:6b:7a:0a,2366,-17,776,252.28,82.74,84,195771,400478
f0:91:27:6b:7a:0a,2369,-18,777,252.29,82.75,260,196031,400738
f0:91:27:6b:7a:0a,2382,-18,778,253.38,82.76,1099,197130,401837
f0:91:27:6b:7a:0a,2385,-17,779,253.37,82.76,249,197379,402086
f0:91:27:6b:7a:0a,2386,-18,780,253.16,82.76,88,197467,402174
f0:91:27:6b:7a:0a,2387,-17,781,252.94,82.76,79,197546,402253
f0:91:27:6b:7a:0a,2388,-18,782,252.73,82.76,88,197634,402341
f0:91:27:6b:7a:0a,2389,-17,783,252.52,82.76,90,197724,402431
f0:91:27:6b:7a:0a,2390,-17,784,252.29,82.76,74,197798,402505
f0:91:27:6b:7a:0a,2393,-17,785,252.29,82.76,246,198044,402751
f0:91:27:6b:7a:0a,2402,-18,786,252.91,82.76,741,198785,403492
f0:91:27:6b:7a:0a,2403,-18,787,252.68,82.76,76,198861,403568
f0:91:27:6b:7a:0a,2404,-17,788,252.47,82.76,84,198945,403652
f0:91:27:6b:7a:0a,2405,-18,789,252.25,82.76,81,199026,403733
f0:91:27:6b:7a:0a,2410,-17,790,252.46,82.76,417,199443,404150
f0:91:27:6b:7a:0a,2424,-18,791,253.54,82.74,1110,200553,405260
f0:91:27:6b:7a:0a,2425,-17,792,253.32,82.73,78,200631,405338
f0:91:27:6b:7a:0a,2432,-18,793,253.73,82.73,575,201206,405913
f0:91:27:6b:7a:0a,2433,-17,794,253.51,82.73,81,201287,405994
f0:91:27:6b:7a:0a,2434,-18,795,253.31,82.74,94,201381,406088
f0:91:27:6b:7a:0a,2435,-17,796,253.09,82.73,78,201459,406166
f0:91:27:6b:7a:0a,2436,-17,797,252.88,82.73,83,201542,406249
f0:91:27:6b:7a:0a,2437,-18,798,252.66,82.73,78,201620,406327
f0:91:27:6b:7a:0a,2439,-17,799,252.56,82.74,176,201796,406503
f0:91:27:6b:7a:0a,2440,-18,800,252.35,82.74,80,201876,406583
f0:91:27:6b:7a:0a,2441,-17,801,252.13,82.74,83,201959,406666
f0:91:27:6b:7a:0a,2442,-17,802,251.92,82.74,80,202039,406746
f0:91:27:6b:7a:0a,2449,-17,803,252.31,82.73,563,202602,407309
f0:91:27:6b:7a:0a,2451,-17,804,252.19,82.73,157,202759,407466
f0:91:27:6b:7a:0a,2452,-17,805,251.98,82.73,84,202843,407550
f0:91:27:6b:7a:0a,2454,-17,806,251.87,82.73,165,203008,407715
f0:91:27:6b:7a:0a,2455,-17,807,251.65,82.72,76,203084,407791
f0:91:27:6b:7a:0a,2466,-17,808,252.44,82.71,885,203969,408676
f0:91:27:6b:7a:0a,2470,-18,809,252.55,82.72,345,204314,409021
f0:91:27:6b:7a:0a,2471,-17,810,252.34,82.72,81,204395,409102
f0:91:27:6b:7a:0a,2472,-18,811,252.14,82.72,87,204482,409189
f0:91:27:6b:7a:0a,2473,-17,812,251.94,82.72,93,204575,409282
f0:91:27:6b:7a:0a,2475,-18,813,251.81,82.72,148,204723,409430
f0:91:27:6b:7a:0a,2479,-17,814,251.90,82.71,323,205046,409753
f0:91:27:6b:7a:0a,2480,-17,815,251.68,82.71,76,205122,409829
f0:91:27:6b:7a:0a,2482,-17,816,251.58,82.71,165,205287,409994
f0:91:27:6b:7a:0a,2483,-18,817,251.38,82.71,88,205375,410082
f0:91:27:6b:7a:0a,2484,-17,818,251.17,82.71,83,205458,410165
f0:91:27:6b:7a:0a,2487,-18,819,251.14,82.70,228,205686,410393
f0:91:27:6b:7a:0a,2490,-18,820,251.14,82.71,252,205938,410645
f0:91:27:6b:7a:0a,2491,-17,821,250.93,82.70,78,206016,410723
f0:91:27:6b:7a:0a,2492,-17,822,250.72,82.70,75,206091,410798
f0:91:27:6b:7a:0a,2495,-17,823,250.70,82.70,235,206326,411033
f0:91:27:6b:7a:0a,2497,-18,824,250.60,82.70,167,206493,411200
f0:91:27:6b:7a:0a,2503,-17,825,250.86,82.68,467,206960,411667
f0:91:27:6b:7a:0a,2504,-18,826,250.65,82.68,75,207035,411742
f0:91:27:6b:7a:0a,2505,-18,827,250.44,82.68,78,207113,411820
f0:91:27:6b:7a:0a,2506,-17,828,250.23,82.68,78,207191,411898
f0:91:27:6b:7a:0a,2507,-17,829,250.02,82.68,76,207267,411974
f0:91:27:6b:7a:0a,2508,-18,830,249.81,82.67,77,207344,412051
f0:91:27:6b:7a:0a,2514,-17,831,250.08,82.66,474,207818,412525
f0:91:27:6b:7a:0a,2515,-18,832,249.87,82.66,76,207894,412601
f0:91:27:6b:7a:0a,2517,-17,833,249.76,82.66,160,208054,412761
f0:91:27:6b:7a:0a,2522,-17,834,249.94,82.65,399,208453,413160
f0:91:27:6b:7a:0a,2524,-18,835,249.84,82.65,163,208616,413323
f0:91:27:6b:7a:0a,2529,-17,836,250.01,82.65,395,209011,413718
f0:91:27:6b:7a:0a,2532,-17,837,250.01,82.65,249,209260,413967
f0:91:27:6b:7a:0a,2533,-17,838,249.81,82.65,83,209343,414050
f0:91:27:6b:7a:0a,2534,-18,839,249.60,82.64,73,209416,414123
f0:91:27:6b:7a:0a,2535,-17,840,249.40,82.64,84,209500,414207
f0:91:27:6b:7a:0a,2539,-17,841,249.50,82.64,326,209826,414533
f0:91:27:6b:7a:0a,2542,-18,842,249.49,82.64,246,210072,414779
f0:91:27:6b:7a:0a,2544,-18,843,249.40,82.64,173,210245,414952
f0:91:27:6b:7a:0a,2548,-17,844,249.48,82.64,320,210565,415272
f0:91:27:6b:7a:0a,2551,-17,845,249.47,82.63,236,210801,415508
f0:91:27:6b:7a:0a,2552,-18,846,249.27,82.64,84,210885,415592
f0:91:27:6b:7a:0a,2554,-17,847,249.15,82.63,149,211034,415741
f0:91:27:6b:7a:0a,2555,-17,848,248.96,82.63,87,211121,415828
f0:91:27:6b:7a:0a,2556,-18,849,248.77,82.63,82,211203,415910
f0:91:27:6b:7a:0a,2557,-17,850,248.57,82.63,79,211282,415989
f0:91:27:6b:7a:0a,2558,-17,851,248.37,82.63,80,211362,416069
f0:91:27:6b:7a:0a,2562,-17,852,248.45,82.62,314,211676,416383
f0:91:27:6b:7a:0a,2563,-18,853,248.25,82.62,82,211758,416465
f0:91:27:6b:7a:0a,2565,-17,854,248.15,82.62,164,211922,416629
f0:91:27:6b:7a:0a,2566,-18,855,247.95,82.62,79,212001,416708
f0:91:27:6b:7a:0a,2567,-17,856,247.75,82.62,73,212074,416781
f0:91:27:6b:7a:0a,2568,-17,857,247.56,82.61,81,212155,416862
f0:91:27:6b:7a:0a,2569,-18,858,247.36,82.61,82,212237,416944
f0:91:27:6b:7a:0a,2571,-17,859,247.26,82.61,161,212398,417105
f0:91:27:6b:7a:0a,2573,-18,860,247.16,82.61,161,212559,417266
f0:91:27:6b:7a:0a,2574,-17,861,246.96,82.61,77,212636,417343
f0:91:27:6b:7a:0a,2575,-17,862,246.77,82.61,80,212716,417423
f0:91:27:6b:7a:0a,2577,-17,863,246.66,82.60,150,212866,417573
f0:91:27:6b:7a:0a,2578,-18,864,246.46,82.60,79,212945,417652
f0:91:27:6b:7a:0a,2579,-17,865,246.27,82.60,79,213024,417731
f0:91:27:6b:7a:0a,2580,-18,866,246.09,82.60,89,213113,417820
f0:91:27:6b:7a:0a,2582,-18,867,245.99,82.60,157,213270,417977
f0:91:27:6b:7a:0a,2583,-17,868,245.79,82.60,78,213348,418055
f0:91:27:6b:7a:0a,2584,-17,869,245.60,82.60,80,213428,418135
f0:91:27:6b:7a:0a,2585,-18,870,245.42,82.60,84,213512,418219
f0:91:27:6b:7a:0a,2588,-17,871,245.40,82.59,231,213743,418450
f0:91:27:6b:7a:0a,2589,-17,872,245.23,82.59,94,213837,418544
f0:91:27:6b:7a:0a,2590,-17,873,245.04,82.59,80,213917,418624
f0:91:27:6b:7a:0a,2591,-18,874,244.85,82.59,79,213996,418703
f0:91:27:6b:7a:0a,2593,-17,875,244.75,82.59,158,214154,418861
f0:91:27:6b:7a:0a,2594,-18,876,244.56,82.59,78,214232,418939
f0:91:27:6b:7a:0a,2595,-17,877,244.37,82.59,80,214312,419019
f0:91:27:6b:7a:0a,2597,-18,878,244.27,82.58,156,214468,419175
f0:91:27:6b:7a:0a,2599,-17,879,244.17,82.58,154,214622,419329
f0:91:27:6b:7a:0a,2614,-17,880,245.25,82.56,1198,215820,420527
f0:91:27:6b:7a:0a,2615,-17,881,245.06,82.56,81,215901,420608
f0:91:27:6b:7a:0a,2616,-18,882,244.87,82.56,74,215975,420682
f0:91:27:6b:7a:0a,2617,-17,883,244.70,82.56,91,216066,420773
f0:91:27:6b:7a:0a,2618,-17,884,244.50,82.56,76,216142,420849
f0:91:27:6b:7a:0a,2619,-18,885,244.32,82.56,79,216221,420928
f0:91:27:6b:7a:0a,2621,-17,886,244.22,82.56,159,216380,421087
f0:91:27:6b:7a:0a,2622,-17,887,244.03,82.55,78,216458,421165
f0:91:27:6b:7a:0a,2630,-17,888,244.46,82.54,625,217083,421790
f0:91:27:6b:7a:0a,2631,-17,889,244.28,82.54,83,217166,421873
f0:91:27:6b:7a:0a,2632,-18,890,244.10,82.54,79,217245,421952
f0:91:27:6b:7a:0a,2633,-17,891,243.91,82.54,80,217325,422032
f0:91:27:6b:7a:0a,2635,-18,892,243.82,82.54,162,217487,422194
f0:91:27:6b:7a:0a,2636,-17,893,243.64,82.54,84,217571,422278
f0:91:27:6b:7a:0a,2645,-17,894,244.16,82.52,707,218278,422985
f0:91:27:6b:7a:0a,2654,-18,895,244.70,82.52,730,219008,423715
f0:91:27:6b:7a:0a,2657,-17,896,244.69,82.52,235,219243,423950
f0:91:27:6b:7a:0a,2680,-18,897,246.43,82.48,1809,221052,425759
f0:91:27:6b:7a:0a,2685,-17,898,246.60,82.48,399,221451,426158
f0:91:27:6b:7a:0a,2686,-18,899,246.42,82.48,77,221528,426235
f0:91:27:6b:7a:0a,2688,-17,900,246.32,82.47,160,221688,426395
f0:91:27:6b:7a:0a,2689,-18,901,246.12,82.47,70,221758,426465
f0:91:27:6b:7a:0a,2690,-17,902,245.94,82.47,83,221841,426548
f0:91:27:6b:7a:0a,2695,-18,903,246.12,82.47,403,222244,426951
f0:91:27:6b:7a:0a,2701,-18,904,246.38,82.46,486,222730,427437
f0:91:27:6b:7a:0a,2702,-17,905,246.20,82.46,79,222809,427516
f0:91:27:6b:7a:0a,2714,-17,906,246.99,82.45,966,223775,428482
f0:91:27:6b:7a:0a,2716,-18,907,246.90,82.45,162,223937,428644
f0:91:27:6b:7a:0a,2719,-18,908,246.90,82.45,251,224188,428895
f0:91:27:6b:7a:0a,2721,-18,909,246.82,82.45,169,224357,429064
f0:91:27:6b:7a:0a,2727,-17,910,247.07,82.45,475,224832,429539
f0:91:27:6b:7a:0a,2728,-16,911,246.89,82.45,83,224915,429622
f0:91:27:6b:7a:0a,2729,-17,912,246.70,82.44,73,224988,429695
f0:91:27:6b:7a:0a,2730,-17,913,246.51,82.44,80,225068,429775
f0:91:27:6b:7a:0a,2731,-17,914,246.34,82.45,91,225159,429866
f0:91:27:6b:7a:0a,2737,-17,915,246.62,82.45,502,225661,430368
f0:91:27:6b:7a:0a,2738,-17,916,246.46,82.45,96,225757,430464
f0:91:27:6b:7a:0a,2742,-17,917,246.53,82.45,315,226072,430779
f0:91:27:6b:7a:0a,2743,-18,918,246.35,82.45,80,226152,430859
f0:91:27:6b:7a:0a,2744,-17,919,246.17,82.44,74,226226,430933
f0:91:27:6b:7a:0a,2745,-17,920,245.98,82.44,78,226304,431011
f0:91:27:6b:7a:0a,2750,-18,921,246.15,82.44,402,226706,431413
f0:91:27:6b:7a:0a,2752,-17,922,246.05,82.43,148,226854,431561
f0:91:27:6b:7a:0a,2754,-18,923,245.96,82.43,171,227025,431732
f0:91:27:6b:7a:0a,2757,-17,924,245.96,82.43,244,227269,431976
f0:91:27:6b:7a:0a,2758,-17,925,245.79,82.44,90,227359,432066
f0:91:27:6b:7a:0a,2759,-18,926,245.61,82.44,80,227439,432146
f0:91:27:6b:7a:0a,2760,-17,927,245.44,82.44,82,227521,432228
f0:91:27:6b:7a:0a,2762,-17,928,245.35,82.44,166,227687,432394
f0:91:27:6b:7a:0a,2765,-18,929,245.36,82.44,248,227935,432642
f0:91:27:6b:7a:0a,2766,-18,930,245.18,82.44,81,228016,432723
f0:91:27:6b:7a:0a,2767,-17,931,245.00,82.43,80,228096,432803
f0:91:27:6b:7a:0a,2769,-17,932,244.91,82.43,159,228255,432962
f0:91:27:6b:7a:0a,2770,-18,933,244.73,82.43,77,228332,433039
f0:91:27:6b:7a:0a,2771,-17,934,244.56,82.43,84,228416,433123
f0:91:27:6b:7a:0a,2773,-17,935,244.46,82.43,150,228566,433273
f0:91:27:6b:7a:0a,2774,-18,936,244.28,82.42,79,228645,433352
f0:91:27:6b:7a:0a,2775,-17,937,244.12,82.43,91,228736,433443
f0:91:27:6b:7a:0a,2779,-17,938,244.18,82.42,309,229045,433752
f0:91:27:6b:7a:0a,2780,-18,939,244.01,82.42,81,229126,433833
f0:91:27:6b:7a:0a,2781,-17,940,243.83,82.42,78,229204,433911
f0:91:27:6b:7a:0a,2782,-18,941,243.66,82.42,83,229287,433994
f0:91:27:6b:7a:0a,2784,-17,942,243.57,82.41,156,229443,434150
f0:91:27:6b:7a:0a,2786,-18,943,243.49,82.42,170,229613,434320
f0:91:27:6b:7a:0a,2787,-17,944,243.31,82.41,75,229688,434395
f0:91:27:6b:7a:0a,2789,-17,945,243.22,82.41,158,229846,434553
f0:91:27:6b:7a:0a,2790,-18,946,243.05,82.41,81,229927,434634
f0:91:27:6b:7a:0a,2792,-17,947,242.95,82.41,151,230078,434785
f0:91:27:6b:7a:0a,2793,-17,948,242.78,82.40,78,230156,434863
f0:91:27:6b:7a:0a,2794,-17,949,242.61,82.40,80,230236,434943
f0:91:27:6b:7a:0a,2800,-17,950,242.86,82.40,477,230713,435420
f0:91:27:6b:7a:0a,2801,-18,951,242.69,82.40,82,230795,435502
f0:91:27:6b:7a:0a,2802,-17,952,242.52,82.40,85,230880,435587
f0:91:27:6b:7a:0a,2812,-18,953,243.10,82.39,790,231670,436377
f0:91:27:6b:7a:0a,2814,-17,954,243.01,82.38,158,231828,436535
f0:91:27:6b:7a:0a,2816,-18,955,242.92,82.38,161,231989,436696
f0:91:27:6b:7a:0a,2825,-17,956,243.42,82.38,721,232710,437417
f0:91:27:6b:7a:0a,2827,-17,957,243.33,82.37,155,232865,437572
f0:91:27:6b:7a:0a,2828,-18,958,243.15,82.37,77,232942,437649
f0:91:27:6b:7a:0a,2830,-17,959,243.07,82.37,161,233103,437810
f0:91:27:6b:7a:0a,2831,-17,960,242.90,82.37,85,233188,437895
f0:91:27:6b:7a:0a,2834,-17,961,242.90,82.37,239,233427,438134
f0:91:27:6b:7a:0a,2835,-18,962,242.75,82.37,95,233522,438229
f0:91:27:6b:7a:0a,2836,-17,963,242.58,82.37,83,233605,438312
f0:91:27:6b:7a:0a,2837,-18,964,242.42,82.37,84,233689,438396
f0:91:27:6b:7a:0a,2838,-17,965,242.25,82.37,81,233770,438477
f0:91:27:6b:7a:0a,2840,-18,966,242.17,82.37,165,233935,438642
f0:91:27:6b:7a:0a,2841,-17,967,242.00,82.37,77,234012,438719
f0:91:27:6b:7a:0a,2843,-17,968,241.91,82.37,153,234165,438872
f0:91:27:6b:7a:0a,2847,-17,969,242.00,82.37,336,234501,439208
f0:91:27:6b:7a:0a,2849,-17,970,241.92,82.37,160,234661,439368
f0:91:27:6b:7a:0a,2850,-17,971,241.76,82.37,87,234748,439455
f0:91:27:6b:7a:0a,2851,-18,972,241.58,82.36,71,234819,439526
f0:91:27:6b:7a:0a,2868,-17,973,242.72,82.34,1344,236163,440870
f0:91:27:6b:7a:0a,2871,-17,974,242.72,82.34,245,236408,441115
f0:91:27:6b:7a:0a,2873,-17,975,242.63,82.34,161,236569,441276
f0:91:27:6b:7a:0a,2874,-17,976,242.47,82.34,78,236647,441354
f0:91:27:6b:7a:0a,2883,-18,977,242.94,82.33,710,237357,442064
f0:91:27:6b:7a:0a,2904,-17,978,244.42,82.32,1688,239045,443752
f0:91:27:6b:7a:0a,2906,-17,979,244.35,82.32,171,239216,443923
f0:91:27:6b:7a:0a,2910,-17,980,244.46,82.33,359,239575,444282
f0:91:27:6b:7a:0a,2911,-17,981,244.31,82.33,96,239671,444378
f0:91:27:6b:7a:0a,2912,-17,982,244.16,82.34,94,239765,444472
f0:91:27:6b:7a:0a,2914,-17,983,244.09,82.34,179,239944,444651
f0:91:27:6b:7a:0a,2915,-17,984,243.94,82.34,91,240035,444742
f0:91:27:6b:7a:0a,2920,-17,985,244.17,82.37,477,240512,445219
f0:91:27:6b:7a:0a,2921,-17,986,244.02,82.37,95,240607,445314
f0:91:27:6b:7a:0a,2924,-18,987,244.05,82.38,272,240879,445586
f0:91:27:6b:7a:0a,2925,-17,988,243.91,82.39,100,240979,445686
f0:91:27:6b:7a:0a,2927,-17,989,243.84,82.39,175,241154,445861
f0:91:27:6b:7a:0a,2928,-17,990,243.69,82.39,98,241252,445959
f0:91:27:6b:7a:0a,2930,-17,991,243.62,82.40,179,241431,446138
f0:91:27:6b:7a:0a,2931,-17,992,243.47,82.40,95,241526,446233
f0:91:27:6b:7a:0a,2932,-18,993,243.31,82.40,84,241610,446317
f0:91:27:6b:7a:0a,2934,-17,994,243.25,82.41,183,241793,446500
f0:91:27:6b:7a:0a,2936,-17,995,243.19,82.42,185,241978,446685
f0:91:27:6b:7a:0a,2937,-17,996,243.04,82.42,89,242067,446774
f0:91:27:6b:7a:0a,2938,-17,997,242.89,82.43,99,242166,446873
f0:91:27:6b:7a:0a,2939,-17,998,242.74,82.43,89,242255,446962
f0:91:27:6b:7a:0a,2941,-18,999,242.68,82.43,184,242439,447146
f0:91:27:6b:7a:0a,2942,-17,1000,242.53,82.44,93,242532,447239
f0:91:27:6b:7a:0a,2943,-17,1001,242.38,82.44,89,242621,447328
f0:91:27:6b:7a:0a,2953,-17,1002,243.07,82.48,931,243552,448259
f0:91:27:6b:7a:0a,2954,-17,1003,242.92,82.48,93,243645,448352
f0:91:27:6b:7a:0a,2955,-18,1004,242.77,82.48,92,243737,448444
f0:91:27:6b:7a:0a,2959,-18,1005,242.90,82.50,378,244115,448822
f0:91:27:6b:7a:0a,2960,-17,1006,242.75,82.50,92,244207,448914
f0:91:27:6b:7a:0a,2961,-17,1007,242.60,82.51,93,244300,449007
f0:91:27:6b:7a:0a,2967,-18,1008,242.92,82.53,564,244864,449571
f0:91:27:6b:7a:0a,2968,-17,1009,242.78,82.53,96,244960,449667
f0:91:27:6b:7a:0a,2973,-17,1010,243.00,82.55,472,245432,450139
f0:91:27:6b:7a:0a,2977,-18,1011,243.13,82.57,377,245809,450516
f0:91:27:6b:7a:0a,2978,-17,1012,242.98,82.57,91,245900,450607
f0:91:27:6b:7a:0a,2981,-17,1013,243.03,82.59,287,246187,450894
f0:91:27:6b:7a:0a,2982,-17,1014,242.88,82.59,96,246283,450990
f0:91:27:6b:7a:0a,2986,-17,1015,243.01,82.60,372,246655,451362
f0:91:27:6b:7a:0a,2987,-18,1016,242.86,82.61,92,246747,451454
f0:91:27:6b:7a:0a,2988,-17,1017,242.71,82.61,92,246839,451546
f0:91:27:6b:7a:0a,2991,-18,1018,242.75,82.62,284,247123,451830
f0:91:27:6b:7a:0a,2992,-17,1019,242.61,82.63,96,247219,451926
f0:91:27:6b:7a:0a,2993,-17,1020,242.47,82.63,100,247319,452026
f0:91:27:6b:7a:0a,3012,-18,1021,243.93,82.69,1731,249050,453757
f0:91:27:6b:7a:0a,3014,-17,1022,243.88,82.69,191,249241,453948
f0:91:27:6b:7a:0a,3016,-18,1023,243.81,82.70,175,249416,454123
f0:91:27:6b:7a:0a,3020,-18,1024,243.94,82.71,380,249796,454503
f0:91:27:6b:7a:0a,3034,-17,1025,244.92,82.74,1242,251038,455745
f0:91:27:6b:7a:0a,3035,-18,1026,244.76,82.74,85,251123,455830
f0:91:27:6b:7a:0a,3039,-18,1027,244.87,82.75,356,251479,456186
f0:91:27:6b:7a:0a,3040,-17,1028,244.71,82.75,80,251559,456266
f0:91:27:6b:7a:0a,3042,-17,1029,244.64,82.75,174,251733,456440
f0:91:27:6b:7a:0a,3043,-17,1030,244.48,82.75,79,251812,456519
f0:91:27:6b:7a:0a,3065,-17,1031,246.05,82.77,1866,253678,458385
f0:91:27:6b:7a:0a,3070,-17,1032,246.22,82.77,422,254100,458807
f0:91:27:6b:7a:0a,3158,-17,1033,252.92,82.73,7168,261268,465975
f0:91:27:6b:7a:0a,3178,-18,1034,254.21,82.71,1588,262856,467563
f0:91:27:6b:7a:0a,3183,-17,1035,254.35,82.71,401,263257,467964
f0:91:27:6b:7a:0a,3194,-17,1036,254.95,82.69,869,264126,468833
f0:91:27:6b:7a:0a,3199,-18,1037,255.10,82.69,408,264534,469241
f0:91:27:6b:7a:0a,3200,-17,1038,254.92,82.69,77,264611,469318
f0:91:27:6b:7a:0a,3202,-18,1039,254.83,82.69,157,264768,469475
f0:91:27:6b:7a:0a,3205,-18,1040,254.81,82.68,237,265005,469712
f0:91:27:6b:7a:0a,3206,-18,1041,254.64,82.68,80,265085,469792
f0:91:27:6b:7a:0a,3208,-17,1042,254.55,82.68,153,265238,469945
f0:91:27:6b:7a:0a,3209,-18,1043,254.38,82.68,80,265318,470025
f0:91:27:6b:7a:0a,3210,-17,1044,254.22,82.68,91,265409,470116
f0:91:27:6b:7a:0a,3211,-17,1045,254.06,82.68,83,265492,470199
f0:91:27:6b:7a:0a,3212,-18,1046,253.89,82.68,78,265570,470277
f0:91:27:6b:7a:0a,3213,-18,1047,253.73,82.68,81,265651,470358
f0:91:27:6b:7a:0a,3215,-17,1048,253.63,82.68,157,265808,470515
f0:91:27:6b:7a:0a,3223,-17,1049,254.01,82.67,644,266452,471159
f0:91:27:6b:7a:0a,3232,-18,1050,254.44,82.66,711,267163,471870
f0:91:27:6b:7a:0a,3331,-17,1051,261.66,82.56,7837,275000,479707
f0:91:27:6b:7a:0a,3333,-17,1052,261.56,82.56,164,275164,479871
f0:91:27:6b:7a:0a,3335,-17,1053,261.46,82.56,158,275322,480029
f0:91:27:6b:7a:0a,3338,-17,1054,261.43,82.55,226,275548,480255
f0:91:27:6b:7a:0a,3342,-17,1055,261.49,82.55,319,275867,480574
f0:91:27:6b:7a:0a,3345,-17,1056,261.46,82.54,237,276104,480811
f0:91:27:6b:7a:0a,3347,-18,1057,261.37,82.54,159,276263,480970
f0:91:27:6b:7a:0a,3348,-17,1058,261.19,82.54,80,276343,481050
f0:91:27:6b:7a:0a,3349,-17,1059,261.03,82.54,83,276426,481133
f0:91:27:6b:7a:0a,3350,-18,1060,260.85,82.54,79,276505,481212
f0:91:27:6b:7a:0a,3365,-17,1061,261.74,82.53,1198,277703,482410
f0:91:27:6b:7a:0a,3372,-17,1062,262.02,82.52,561,278264,482971
f0:91:27:6b:7a:0a,3376,-18,1063,262.07,82.52,320,278584,483291
f0:91:27:6b:7a:0a,3383,-17,1064,262.37,82.52,573,279157,483864
f0:91:27:6b:7a:0a,3384,-17,1065,262.19,82.52,77,279234,483941
f0:91:27:6b:7a:0a,3385,-18,1066,262.02,82.52,81,279315,484022
f0:91:27:6b:7a:0a,3386,-18,1067,261.84,82.51,71,279386,484093
f0:91:27:6b:7a:0a,3388,-18,1068,261.75,82.51,166,279552,484259
f0:91:27:6b:7a:0a,3389,-17,1069,261.58,82.51,81,279633,484340
f0:91:27:6b:7a:0a,3391,-18,1070,261.49,82.51,158,279791,484498
f0:91:27:6b:7a:0a,3393,-17,1071,261.38,82.51,151,279942,484649
f0:91:27:6b:7a:0a,3394,-18,1072,261.21,82.50,77,280019,484726
f0:91:27:6b:7a:0a,3395,-17,1073,261.05,82.50,83,280102,484809
f0:91:27:6b:7a:0a,3396,-17,1074,260.88,82.50,81,280183,484890
f0:91:27:6b:7a:0a,3400,-17,1075,260.94,82.50,329,280512,485219
f0:91:27:6b:7a:0a,3401,-17,1076,260.77,82.50,79,280591,485298
f0:91:27:6b:7a:0a,3402,-17,1077,260.60,82.50,79,280670,485377
f0:91:27:6b:7a:0a,3412,-17,1078,261.09,82.49,784,281454,486161
f0:91:27:6b:7a:0a,3414,-18,1079,261.00,82.49,160,281614,486321
f0:91:27:6b:7a:0a,3415,-17,1080,260.83,82.49,87,281701,486408
f0:91:27:6b:7a:0a,3416,-17,1081,260.67,82.49,81,281782,486489
f0:91:27:6b:7a:0a,3417,-18,1082,260.50,82.49,79,281861,486568
f0:91:27:6b:7a:0a,3418,-17,1083,260.34,82.49,86,281947,486654
f0:91:27:6b:7a:0a,3421,-17,1084,260.32,82.49,240,282187,486894
f0:91:27:6b:7a:0a,3422,-18,1085,260.16,82.49,91,282278,486985
f0:91:27:6b:7a:0a,3424,-17,1086,260.07,82.49,157,282435,487142
f0:91:27:6b:7a:0a,3425,-18,1087,259.90,82.49,78,282513,487220
f0:91:27:6b:7a:0a,3427,-17,1088,259.80,82.48,154,282667,487374
f0:91:27:6b:7a:0a,3428,-17,1089,259.64,82.48,81,282748,487455
f0:91:27:6b:7a:0a,3429,-17,1090,259.48,82.48,87,282835,487542
f0:91:27:6b:7a:0a,3430,-17,1091,259.32,82.48,84,282919,487626
f0:91:27:6b:7a:0a,3431,-18,1092,259.15,82.48,77,282996,487703
f0:91:27:6b:7a:0a,3433,-17,1093,259.08,82.48,173,283169,487876
f0:91:27:6b:7a:0a,3435,-18,1094,258.98,82.48,156,283325,488032
f0:91:27:6b:7a:0a,3436,-17,1095,258.81,82.48,77,283402,488109
f0:91:27:6b:7a:0a,3444,-17,1096,259.17,82.48,650,284052,488759
f0:91:27:6b:7a:0a,3445,-17,1097,259.01,82.48,79,284131,488838
f0:91:27:6b:7a:0a,3451,-17,1098,259.21,82.47,480,284611,489318
f0:91:27:6b:7a:0a,3452,-18,1099,259.05,82.47,80,284691,489398
f0:91:27:6b:7a:0a,3454,-17,1100,258.95,82.47,159,284850,489557
f0:91:27:6b:7a:0a,3459,-17,1101,259.09,82.47,403,285253,489960
f0:91:27:6b:7a:0a,3461,-18,1102,258.99,82.46,152,285405,490112
f0:91:27:6b:7a:0a,3463,-17,1103,258.90,82.46,157,285562,490269
f0:91:27:6b:7a:0a,3464,-17,1104,258.73,82.46,78,285640,490347
f0:91:27:6b:7a:0a,3466,-17,1105,258.64,82.46,159,285799,490506
f0:91:27:6b:7a:0a,3467,-17,1106,258.48,82.46,80,285879,490586
f0:91:27:6b:7a:0a,3468,-18,1107,258.32,82.46,83,285962,490669
f0:91:27:6b:7a:0a,3469,-17,1108,258.16,82.46,79,286041,490748
f0:91:27:6b:7a:0a,3472,-18,1109,258.14,82.45,237,286278,490985
f0:91:27:6b:7a:0a,3475,-17,1110,258.12,82.45,231,286509,491216
f0:91:27:6b:7a:0a,3476,-18,1111,257.95,82.45,78,286587,491294
f0:91:27:6b:7a:0a,3479,-17,1112,257.94,82.44,237,286824,491531
f0:91:27:6b:7a:0a,3482,-18,1113,257.92,82.44,238,287062,491769
f0:91:27:6b:7a:0a,3483,-17,1114,257.76,82.44,81,287143,491850
f0:91:27:6b:7a:0a,3484,-17,1115,257.60,82.44,82,287225,491932
f0:91:27:6b:7a:0a,3489,-18,1116,257.72,82.44,393,287618,492325
f0:91:27:6b:7a:0a,3490,-17,1117,257.56,82.43,78,287696,492403
f0:91:27:6b:7a:0a,3491,-17,1118,257.40,82.43,77,287773,492480
f0:91:27:6b:7a:0a,3492,-18,1119,257.24,82.43,77,287850,492557
f0:91:27:6b:7a:0a,3493,-18,1120,257.08,82.43,75,287925,492632
f0:91:27:6b:7a:0a,3494,-17,1121,256.92,82.43,82,288007,492714
f0:91:27:6b:7a:0a,3495,-18,1122,256.76,82.43,80,288087,492794
f0:91:27:6b:7a:0a,3496,-18,1123,256.60,82.43,72,288159,492866
f0:91:27:6b:7a:0a,3505,-17,1124,257.00,82.42,708,288867,493574
f0:91:27:6b:7a:0a,3506,-17,1125,256.84,82.42,80,288947,493654
f0:91:27:6b:7a:0a,3507,-18,1126,256.68,82.41,76,289023,493730
f0:91:27:6b:7a:0a,3508,-17,1127,256.52,82.41,78,289101,493808
f0:91:27:6b:7a:0a,3517,-18,1128,256.94,82.41,722,289823,494530
f0:91:27:6b:7a:0a,3518,-17,1129,256.78,82.41,83,289906,494613
f0:91:27:6b:7a:0a,3519,-17,1130,256.62,82.40,74,289980,494687
f0:91:27:6b:7a:0a,3520,-18,1131,256.46,82.40,78,290058,494765
f0:91:27:6b:7a:0a,3522,-17,1132,256.38,82.40,161,290219,494926
f0:91:27:6b:7a:0a,3523,-18,1133,256.22,82.40,75,290294,495001
f0:91:27:6b:7a:0a,3525,-17,1134,256.13,82.40,160,290454,495161
f0:91:27:6b:7a:0a,3538,-17,1135,256.81,82.39,1030,291484,496191
f0:91:27:6b:7a:0a,3546,-17,1136,257.15,82.38,636,292120,496827
f0:91:27:6b:7a:0a,3550,-18,1137,257.19,82.37,310,292430,497137
f0:91:27:6b:7a:0a,3552,-17,1138,257.11,82.37,163,292593,497300
f0:91:27:6b:7a:0a,3554,-18,1139,257.02,82.37,156,292749,497456
f0:91:27:6b:7a:0a,3561,-17,1140,257.30,82.37,569,293318,498025
f0:91:27:6b:7a:0a,3564,-17,1141,257.28,82.37,237,293555,498262
f0:91:27:6b:7a:0a,3565,-17,1142,257.12,82.37,79,293634,498341
f0:91:27:6b:7a:0a,3566,-18,1143,256.97,82.36,78,293712,498419
f0:91:27:6b:7a:0a,3567,-17,1144,256.81,82.36,78,293790,498497
f0:91:27:6b:7a:0a,3573,-17,1145,257.01,82.36,487,294277,498984
f0:91:27:6b:7a:0a,3575,-17,1146,256.92,82.36,155,294432,499139
f0:91:27:6b:7a:0a,3580,-18,1147,257.03,82.35,384,294816,499523
f0:91:27:6b:7a:0a,3593,-17,1148,257.70,82.34,1022,295838,500545
f0:91:27:6b:7a:0a,3605,-17,1149,258.34,82.34,993,296831,501538
f0:91:27:6b:7a:0a,3612,-18,1150,258.59,82.33,545,297376,502083
f0:91:27:6b:7a:0a,3616,-17,1151,258.64,82.33,323,297699,502406
f0:91:27:6b:7a:0a,3617,-18,1152,258.50,82.33,96,297795,502502
f0:91:27:6b:7a:0a,3618,-17,1153,258.36,82.33,90,297885,502592
f0:91:27:6b:7a:0a,3619,-18,1154,258.20,82.33,82,297967,502674
f0:91:27:6b:7a:0a,3620,-17,1155,258.05,82.33,76,298043,502750
f0:91:27:6b:7a:0a,3624,-17,1156,258.12,82.34,343,298386,503093
f0:91:27:6b:7a:0a,3629,-17,1157,258.31,82.35,475,298861,503568
f0:91:27:6b:7a:0a,3635,-17,1158,258.56,82.37,557,299418,504125
f0:91:27:6b:7a:0a,3667,-18,1159,260.90,82.46,2961,302379,507086
f0:91:27:6b:7a:0a,3669,-17,1160,260.83,82.47,188,302567,507274
f0:91:27:6b:7a:0a,3670,-18,1161,260.69,82.47,96,302663,507370
f0:91:27:6b:7a:0a,3673,-17,1162,260.72,82.48,289,302952,507659
f0:91:27:6b:7a:0a,3674,-18,1163,260.57,82.48,88,303040,507747
f0:91:27:6b:7a:0a,3675,-18,1164,260.43,82.49,101,303141,507848
f0:91:27:6b:7a:0a,3677,-17,1165,260.37,82.49,186,303327,508034
f0:91:27:6b:7a:0a,3678,-17,1166,260.23,82.50,102,303429,508136
f0:91:27:6b:7a:0a,3679,-18,1167,260.08,82.50,87,303516,508223
f0:91:27:6b:7a:0a,3680,-17,1168,259.94,82.50,96,303612,508319
f0:91:27:6b:7a:0a,3681,-17,1169,259.80,82.51,99,303711,508418
f0:91:27:6b:7a:0a,3682,-17,1170,259.67,82.51,98,303809,508516
f0:91:27:6b:7a:0a,3683,-18,1171,259.52,82.51,91,303900,508607
f0:91:27:6b:7a:0a,3684,-18,1172,259.39,82.52,100,304000,508707
f0:91:27:6b:7a:0a,3685,-17,1173,259.24,82.52,90,304090,508797
f0:91:27:6b:7a:0a,3689,-18,1174,259.35,82.54,391,304481,509188
f0:91:27:6b:7a:0a,3696,-18,1175,259.68,82.56,644,305125,509832
f0:91:27:6b:7a:0a,3697,-17,1176,259.54,82.56,92,305217,509924
f0:91:27:6b:7a:0a,3698,-17,1177,259.40,82.56,95,305312,510019
f0:91:27:6b:7a:0a,3699,-18,1178,259.26,82.57,96,305408,510115
f0:91:27:6b:7a:0a,3700,-18,1179,259.12,82.57,100,305508,510215
f0:91:27:6b:7a:0a,3701,-17,1180,258.99,82.57,96,305604,510311
f0:91:27:6b:7a:0a,3702,-17,1181,258.84,82.57,88,305692,510399
f0:91:27:6b:7a:0a,3723,-17,1182,260.25,82.63,1924,307616,512323
f0:91:27:6b:7a:0a,3724,-18,1183,260.11,82.63,96,307712,512419
f0:91:27:6b:7a:0a,3756,-17,1184,262.30,82.68,2851,310563,515270
f0:91:27:6b:7a:0a,3758,-17,1185,262.22,82.69,170,310733,515440
f0:91:27:6b:7a:0a,3768,-17,1186,262.72,82.69,850,311583,516290
f0:91:27:6b:7a:0a,3769,-17,1187,262.57,82.69,82,311665,516372
f0:91:27:6b:7a:0a,3795,-17,1188,264.19,82.70,2192,313857,518564
f0:91:27:6b:7a:0a,3800,-17,1189,264.32,82.70,415,314272,518979
f0:91:27:6b:7a:0a,3802,-17,1190,264.24,82.71,174,314446,519153
f0:91:27:6b:7a:0a,3843,-18,1191,266.83,82.70,3352,317798,522505
f0:91:27:6b:7a:0a,3845,-17,1192,266.74,82.69,154,317952,522659
f0:91:27:6b:7a:0a,3849,-17,1193,266.78,82.69,318,318270,522977
f0:91:27:6b:7a:0a,3850,-17,1194,266.62,82.69,78,318348,523055
f0:91:27:6b:7a:0a,3851,-17,1195,266.46,82.69,77,318425,523132
f0:91:27:6b:7a:0a,3852,-17,1196,266.31,82.69,80,318505,523212
f0:91:27:6b:7a:0a,3853,-17,1197,266.15,82.68,79,318584,523291
f0:91:27:6b:7a:0a,3854,-17,1198,265.99,82.68,73,318657,523364
f0:91:27:6b:7a:0a,3864,-17,1199,266.42,82.67,785,319442,524149
f0:91:27:6b:7a:0a,3867,-17,1200,266.41,82.67,246,319688,524395
f0:91:27:6b:7a:0a,3872,-17,1201,266.52,82.67,399,320087,524794
f0:91:27:6b:7a:0a,3873,-18,1202,266.37,82.67,92,320179,524886
f0:91:27:6b:7a:0a,3880,-17,1203,266.60,82.66,543,320722,525429
f0:91:27:6b:7a:0a,3881,-17,1204,266.45,82.66,89,320811,525518
f0:91:27:6b:7a:0a,3882,-18,1205,266.30,82.66,79,320890,525597
f0:91:27:6b:7a:0a,3883,-17,1206,266.15,82.66,83,320973,525680
f0:91:27:6b:7a:0a,3884,-17,1207,265.98,82.66,70,321043,525750
f0:91:27:6b:7a:0a,3885,-17,1208,265.83,82.66,84,321127,525834
f0:91:27:6b:7a:0a,3886,-18,1209,265.69,82.66,88,321215,525922
f0:91:27:6b:7a:0a,3899,-17,1210,266.32,82.65,1036,322251,526958
f0:91:27:6b:7a:0a,3912,-18,1211,266.95,82.64,1021,323272,527979
f0:91:27:6b:7a:0a,3913,-18,1212,266.79,82.63,75,323347,528054
f0:91:27:6b:7a:0a,3922,-17,1213,267.16,82.63,722,324069,528776
f0:91:27:6b:7a:0a,3931,-17,1214,267.53,82.62,715,324784,529491
f0:91:27:6b:7a:0a,3932,-18,1215,267.37,82.62,72,324856,529563
f0:91:27:6b:7a:0a,3933,-17,1216,267.22,82.62,89,324945,529652
f0:91:27:6b:7a:0a,3934,-17,1217,267.07,82.62,83,325028,529735
f0:91:27:6b:7a:0a,3935,-18,1218,266.91,82.62,74,325102,529809
f0:91:27:6b:7a:0a,3936,-18,1219,266.76,82.62,75,325177,529884
f0:91:27:6b:7a:0a,3940,-17,1220,266.80,82.61,319,325496,530203
f0:91:27:6b:7a:0a,3941,-17,1221,266.65,82.61,82,325578,530285
f0:91:27:6b:7a:0a,3942,-18,1222,266.49,82.61,75,325653,530360
f0:91:27:6b:7a:0a,3944,-17,1223,266.40,82.61,156,325809,530516
f0:91:27:6b:7a:0a,3945,-18,1224,266.25,82.61,83,325892,530599
f0:91:27:6b:7a:0a,3946,-17,1225,266.10,82.61,85,325977,530684
f0:91:27:6b:7a:0a,3951,-17,1226,266.22,82.61,404,326381,531088
f0:91:27:6b:7a:0a,3952,-17,1227,266.06,82.61,78,326459,531166
f0:91:27:6b:7a:0a,3958,-17,1228,266.24,82.60,481,326940,531647
f0:91:27:6b:7a:0a,3959,-18,1229,266.10,82.60,92,327032,531739
f0:91:27:6b:7a:0a,3960,-17,1230,265.94,82.60,75,327107,531814
f0:91:27:6b:7a:0a,3961,-17,1231,265.79,82.60,76,327183,531890
f0:91:27:6b:7a:0a,3963,-18,1232,265.70,82.60,163,327346,532053
f0:91:27:6b:7a:0a,3976,-17,1233,266.31,82.59,1019,328365,533072
f0:91:27:6b:7a:0a,3984,-18,1234,266.62,82.58,640,329005,533712
f0:91:27:6b:7a:0a,3988,-18,1235,266.65,82.58,307,329312,534019
f0:91:27:6b:7a:0a,3989,-17,1236,266.50,82.58,81,329393,534100
f0:91:27:6b:7a:0a,3991,-18,1237,266.41,82.57,157,329550,534257
f0:91:27:6b:7a:0a,3992,-18,1238,266.26,82.57,77,329627,534334
f0:91:27:6b:7a:0a,3995,-17,1239,266.24,82.57,248,329875,534582
f0:91:27:6b:7a:0a,4000,-17,1240,266.35,82.57,398,330273,534980
f0:91:27:6b:7a:0a,4001,-17,1241,266.20,82.57,85,330358,535065
f0:91:27:6b:7a:0a,4002,-17,1242,266.05,82.57,76,330434,535141
f0:91:27:6b:7a:0a,4003,-18,1243,265.90,82.57,80,330514,535221
f0:91:27:6b:7a:0a,4004,-18,1244,265.75,82.57,79,330593,535300
f0:91:27:6b:7a:0a,4007,-17,1245,265.73,82.56,238,330831,535538
f0:91:27:6b:7a:0a,4008,-18,1246,265.57,82.56,75,330906,535613
f0:91:27:6b:7a:0a,4009,-17,1247,265.42,82.56,76,330982,535689
f0:91:27:6b:7a:0a,4014,-18,1248,265.54,82.56,414,331396,536103
f0:91:27:6b:7a:0a,4017,-18,1249,265.53,82.56,250,331646,536353
f0:91:27:6b:7a:0a,4018,-17,1250,265.38,82.56,77,331723,536430
f0:91:27:6b:7a:0a,4019,-17,1251,265.23,82.56,81,331804,536511
f0:91:27:6b:7a:0a,4022,-17,1252,265.21,82.56,240,332044,536751
f0:91:27:6b:7a:0a,4023,-18,1253,265.06,82.56,79,332123,536830
f0:91:27:6b:7a:0a,4024,-18,1254,264.91,82.56,80,332203,536910
f0:91:27:6b:7a:0a,4026,-17,1255,264.83,82.55,156,332359,537066
f0:91:27:6b:7a:0a,4028,-17,1256,264.75,82.55,162,332521,537228
f0:91:27:6b:7a:0a,4029,-17,1257,264.60,82.55,79,332600,537307
f0:91:27:6b:7a:0a,4030,-17,1258,264.45,82.55,79,332679,537386
f0:91:27:6b:7a:0a,4031,-18,1259,264.30,82.55,70,332749,537456
f0:91:27:6b:7a:0a,4040,-18,1260,264.65,82.54,713,333462,538169
f0:91:27:6b:7a:0a,4096,-18,1261,268.00,82.51,4490,337952,542659
f0:91:27:6b:7a:0a,4097,-17,1262,267.86,82.51,82,338034,542741
f0:91:27:6b:7a:0a,4106,-17,1263,268.22,82.50,723,338757,543464
f0:91:27:6b:7a:0a,4107,-17,1264,268.07,82.50,83,338840,543547
f0:91:27:6b:7a:0a,4109,-18,1265,267.98,82.50,155,338995,543702
f0:91:27:6b:7a:0a,4110,-17,1266,267.83,82.50,78,339073,543780
f0:91:27:6b:7a:0a,4111,-17,1267,267.68,82.50,82,339155,543862
f0:91:27:6b:7a:0a,4112,-18,1268,267.54,82.50,81,339236,543943
f0:91:27:6b:7a:0a,4113,-17,1269,267.38,82.50,74,339310,544017
f0:91:27:6b:7a:0a,4158,-17,1270,270.02,82.47,3616,342926,547633
f0:91:27:6b:7a:0a,4245,-18,1271,275.32,82.43,7000,349926,554633
f0:91:27:6b:7a:0a,4247,-17,1272,275.22,82.43,159,350085,554792
f0:91:27:6b:7a:0a,4248,-17,1273,275.07,82.43,75,350160,554867
f0:91:27:6b:7a:0a,4251,-17,1274,275.04,82.43,240,350400,555107
f0:91:27:6b:7a:0a,4252,-18,1275,274.88,82.43,78,350478,555185
f0:91:27:6b:7a:0a,4253,-17,1276,274.73,82.43,83,350561,555268
f0:91:27:6b:7a:0a,4254,-17,1277,274.58,82.42,74,350635,555342
f0:91:27:6b:7a:0a,4258,-17,1278,274.60,82.42,309,350944,555651
f0:91:27:6b:7a:0a,4259,-18,1279,274.46,82.42,85,351029,555736
f0:91:27:6b:7a:0a,4260,-17,1280,274.31,82.42,84,351113,555820
f0:91:27:6b:7a:0a,4266,-18,1281,274.48,82.42,502,351615,556322
f0:91:27:6b:7a:0a,4267,-17,1282,274.34,82.42,87,351702,556409
f0:91:27:6b:7a:0a,4268,-17,1283,274.19,82.42,81,351783,556490
f0:91:27:6b:7a:0a,4273,-17,1284,274.28,82.42,397,352180,556887
f0:91:27:6b:7a:0a,4274,-17,1285,274.13,82.42,82,352262,556969
f0:91:27:6b:7a:0a,4276,-18,1286,274.06,82.42,179,352441,557148
f0:91:27:6b:7a:0a,4449,-18,1287,285.78,82.67,15355,367796,572503
f0:91:27:6b:7a:0a,4456,-18,1288,286.06,82.68,646,368442,573149
f0:91:27:6b:7a:0a,4457,-17,1289,285.91,82.69,95,368537,573244
f0:91:27:6b:7a:0a,4460,-17,1290,285.90,82.69,273,368810,573517
f0:91:27:6b:7a:0a,4461,-17,1291,285.75,82.69,89,368899,573606
f0:91:27:6b:7a:0a,4462,-17,1292,285.59,82.69,77,368976,573683
f0:91:27:6b:7a:0a,4463,-17,1293,285.43,82.69,88,369064,573771
f0:91:27:6b:7a:0a,4464,-17,1294,285.28,82.70,87,369151,573858
f0:91:27:6b:7a:0a,4465,-17,1295,285.13,82.70,91,369242,573949
f0:91:27:6b:7a:0a,4466,-17,1296,284.97,82.70,78,369320,574027
f0:91:27:6b:7a:0a,4468,-18,1297,284.89,82.70,179,369499,574206
f0:91:27:6b:7a:0a,4470,-18,1298,284.80,82.70,170,369669,574376
f0:91:27:6b:7a:0a,4471,-17,1299,284.65,82.70,87,369756,574463
f0:91:27:6b:7a:0a,4472,-18,1300,284.49,82.70,85,369841,574548
f0:91:27:6b:7a:0a,4473,-17,1301,284.35,82.70,93,369934,574641
f0:91:27:6b:7a:0a,4474,-17,1302,284.19,82.70,86,370020,574727
f0:91:27:6b:7a:0a,4475,-17,1303,284.04,82.70,82,370102,574809
f0:91:27:6b:7a:0a,4477,-17,1304,283.95,82.70,164,370266,574973
f0:91:27:6b:7a:0a,4479,-17,1305,283.86,82.71,174,370440,575147
f0:91:27:6b:7a:0a,4481,-17,1306,283.78,82.71,177,370617,575324
f0:91:27:6b:7a:0a,4484,-17,1307,283.75,82.71,244,370861,575568
f0:91:27:6b:7a:0a,4485,-17,1308,283.60,82.71,88,370949,575656
f0:91:27:6b:7a:0a,4486,-17,1309,283.45,82.71,82,371031,575738
f0:91:27:6b:7a:0a,4487,-17,1310,283.29,82.71,78,371109,575816
f0:91:27:6b:7a:0a,4489,-17,1311,283.20,82.71,168,371277,575984
f0:91:27:6b:7a:0a,4492,-18,1312,283.17,82.71,247,371524,576231
f0:91:27:6b:7a:0a,4545,-17,1313,286.28,82.70,4368,375892,580599
f0:91:27:6b:7a:0a,4548,-17,1314,286.25,82.70,242,376134,580841
f0:91:27:6b:7a:0a,4549,-17,1315,286.10,82.70,83,376217,580924
f0:91:27:6b:7a:0a,4551,-17,1316,286.00,82.70,160,376377,581084
f0:91:27:6b:7a:0a,4553,-17,1317,285.91,82.70,160,376537,581244
f0:91:27:6b:7a:0a,4554,-17,1318,285.75,82.70,76,376613,581320
f0:91:27:6b:7a:0a,4555,-17,1319,285.58,82.70,69,376682,581389
f0:91:27:6b:7a:0a,4562,-17,1320,285.78,82.69,553,377235,581942
f0:91:27:6b:7a:0a,4566,-17,1321,285.80,82.69,313,377548,582255
f0:91:27:6b:7a:0a,4567,-17,1322,285.65,82.69,80,377628,582335
f0:91:27:6b:7a:0a,4568,-17,1323,285.49,82.69,79,377707,582414
f0:91:27:6b:7a:0a,4573,-18,1324,285.57,82.68,394,378101,582808
f0:91:27:6b:7a:0a,4575,-17,1325,285.48,82.68,154,378255,582962
f0:91:27:6b:7a:0a,4576,-18,1326,285.33,82.68,88,378343,583050
f0:91:27:6b:7a:0a,4578,-17,1327,285.23,82.68,158,378501,583208
f0:91:27:6b:7a:0a,4579,-18,1328,285.08,82.68,80,378581,583288
f0:91:27:6b:7a:0a,4583,-17,1329,285.10,82.68,319,378900,583607
f0:91:27:6b:7a:0a,4585,-18,1330,285.00,82.67,151,379051,583758
f0:91:27:6b:7a:0a,4586,-17,1331,284.84,82.67,75,379126,583833
f0:91:27:6b:7a:0a,4588,-17,1332,284.75,82.67,158,379284,583991
f0:91:27:6b:7a:0a,4589,-17,1333,284.59,82.67,78,379362,584069
f0:91:27:6b:7a:0a,4590,-18,1334,284.44,82.67,85,379447,584154
f0:91:27:6b:7a:0a,4595,-18,1335,284.53,82.67,401,379848,584555
f0:91:27:6b:7a:0a,4599,-18,1336,284.55,82.66,317,380165,584872
f0:91:27:6b:7a:0a,4601,-17,1337,284.46,82.66,157,380322,585029
f0:91:27:6b:7a:0a,4602,-18,1338,284.31,82.66,79,380401,585108
f0:91:27:6b:7a:0a,4604,-17,1339,284.21,82.66,156,380557,585264
f0:91:27:6b:7a:0a,4605,-17,1340,284.06,82.66,81,380638,585345
f0:91:27:6b:7a:0a,4606,-17,1341,283.90,82.66,78,380716,585423
f0:91:27:6b:7a:0a,4607,-18,1342,283.75,82.66,81,380797,585504
f0:91:27:6b:7a:0a,4612,-17,1343,283.83,82.65,392,381189,585896
f0:91:27:6b:7a:0a,4618,-17,1344,283.99,82.65,493,381682,586389
f0:91:27:6b:7a:0a,4625,-17,1345,284.19,82.65,554,382236,586943
f0:91:27:6b:7a:0a,4631,-17,1346,284.34,82.64,488,382724,587431
f0:91:27:6b:7a:0a,4635,-17,1347,284.37,82.64,320,383044,587751
f0:91:27:6b:7a:0a,4637,-17,1348,284.27,82.64,155,383199,587906
f0:91:27:6b:7a:0a,4639,-17,1349,284.18,82.64,159,383358,588065
f0:91:27:6b:7a:0a,4642,-17,1350,284.14,82.64,234,383592,588299
f0:91:27:6b:7a:0a,4647,-18,1351,284.23,82.63,397,383989,588696
f0:91:27:6b:7a:0a,4655,-18,1352,284.48,82.63,631,384620,589327
f0:91:27:6b:7a:0a,4658,-17,1353,284.45,82.62,239,384859,589566
f0:91:27:6b:7a:0a,4659,-17,1354,284.30,82.62,84,384943,589650
f0:91:27:6b:7a:0a,4661,-17,1355,284.21,82.62,162,385105,589812
f0:91:27:6b:7a:0a,4662,-18,1356,284.06,82.62,77,385182,589889
f0:91:27:6b:7a:0a,4663,-17,1357,283.91,82.62,83,385265,589972
f0:91:27:6b:7a:0a,4669,-18,1358,284.05,82.62,470,385735,590442
f0:91:27:6b:7a:0a,4670,-17,1359,283.89,82.61,76,385811,590518
f0:91:27:6b:7a:0a,4673,-18,1360,283.86,82.61,236,386047,590754
f0:91:27:6b:7a:0a,4675,-17,1361,283.77,82.61,159,386206,590913
f0:91:27:6b:7a:0a,4677,-17,1362,283.67,82.61,157,386363,591070
f0:91:27:6b:7a:0a,4679,-17,1363,283.59,82.61,170,386533,591240
f0:91:27:6b:7a:0a,4695,-18,1364,284.30,82.60,1255,387788,592495
f0:91:27:6b:7a:0a,4696,-17,1365,284.15,82.59,78,387866,592573
f0:91:27:6b:7a:0a,4723,-18,1366,285.51,82.58,2143,390009,594716
f0:91:27:6b:7a:0a,4725,-17,1367,285.42,82.58,161,390170,594877
f0:91:27:6b:7a:0a,4732,-18,1368,285.62,82.57,563,390733,595440
f0:91:27:6b:7a:0a,4745,-18,1369,286.17,82.56,1032,391765,596472
f0:91:27:6b:7a:0a,4749,-18,1370,286.20,82.56,326,392091,596798
f0:91:27:6b:7a:0a,4751,-17,1371,286.11,82.56,160,392251,596958
f0:91:27:6b:7a:0a,4752,-18,1372,285.96,82.56,80,392331,597038
f0:91:27:6b:7a:0a,4763,-18,1373,286.37,82.55,855,393186,597893
f0:91:27:6b:7a:0a,4765,-17,1374,286.28,82.55,162,393348,598055
f0:91:27:6b:7a:0a,4766,-18,1375,286.13,82.55,79,393427,598134
f0:91:27:6b:7a:0a,4767,-17,1376,285.98,82.55,83,393510,598217
f0:91:27:6b:7a:0a,4769,-18,1377,285.89,82.55,162,393672,598379
f0:91:27:6b:7a:0a,4773,-17,1378,285.92,82.55,323,393995,598702
f0:91:27:6b:7a:0a,4774,-18,1379,285.77,82.55,87,394082,598789
f0:91:27:6b:7a:0a,4777,-18,1380,285.74,82.55,240,394322,599029
f0:91:27:6b:7a:0a,4778,-17,1381,285.59,82.54,77,394399,599106
f0:91:27:6b:7a:0a,4785,-17,1382,285.78,82.54,545,394944,599651
f0:91:27:6b:7a:0a,4786,-17,1383,285.63,82.54,78,395022,599729
f0:91:27:6b:7a:0a,4788,-17,1384,285.54,82.54,159,395181,599888
f0:91:27:6b:7a:0a,4789,-17,1385,285.39,82.54,82,395263,599970
f0:91:27:6b:7a:0a,4795,-17,1386,285.52,82.53,473,395736,600443
f0:91:27:6b:7a:0a,4816,-18,1387,286.51,82.52,1659,397395,602102
f0:91:27:6b:7a:0a,4821,-18,1388,286.60,82.51,401,397796,602503
f0:91:27:6b:7a:0a,4822,-17,1389,286.45,82.51,82,397878,602585
f0:91:27:6b:7a:0a,4824,-18,1390,286.35,82.51,153,398031,602738
f0:91:27:6b:7a:0a,4826,-17,1391,286.26,82.51,162,398193,602900
f0:91:27:6b:7a:0a,4830,-18,1392,286.29,82.51,321,398514,603221
f0:91:27:6b:7a:0a,4831,-17,1393,286.14,82.51,82,398596,603303
f0:91:27:6b:7a:0a,4832,-17,1394,286.00,82.51,84,398680,603387
f0:91:27:6b:7a:0a,4834,-17,1395,285.91,82.51,161,398841,603548
f0:91:27:6b:7a:0a,4835,-17,1396,285.76,82.51,81,398922,603629
f0:91:27:6b:7a:0a,4838,-18,1397,285.73,82.51,244,399166,603873
f0:91:27:6b:7a:0a,4846,-17,1398,285.99,82.50,644,399810,604517
f0:91:27:6b:7a:0a,4847,-17,1399,285.84,82.50,78,399888,604595
f0:91:27:6b:7a:0a,4853,-17,1400,285.98,82.50,480,400368,605075
f0:91:27:6b:7a:0a,4854,-18,1401,285.84,82.50,88,400456,605163
f0:91:27:6b:7a:0a,4862,-17,1402,286.09,82.50,649,401105,605812
f0:91:27:6b:7a:0a,4863,-17,1403,285.95,82.50,86,401191,605898
f0:91:27:6b:7a:0a,4891,-17,1404,287.33,82.48,2218,403409,608116
f0:91:27:6b:7a:0a,4892,-18,1405,287.18,82.48,76,403485,608192
f0:91:27:6b:7a:0a,4894,-17,1406,287.09,82.48,161,403646,608353
f0:91:27:6b:7a:0a,4899,-18,1407,287.17,82.47,397,404043,608750
f0:91:27:6b:7a:0a,4908,-17,1408,287.47,82.47,715,404758,609465
f0:91:27:6b:7a:0a,4913,-17,1409,287.55,82.47,407,405165,609872
f0:91:27:6b:7a:0a,4914,-17,1410,287.41,82.47,90,405255,609962
f0:91:27:6b:7a:0a,4915,-17,1411,287.27,82.47,81,405336,610043
f0:91:27:6b:7a:0a,4916,-18,1412,287.12,82.47,78,405414,610121
f0:91:27:6b:7a:0a,4917,-17,1413,286.97,82.47,79,405493,610200
f0:91:27:6b:7a:0a,4918,-17,1414,286.83,82.47,79,405572,610279
f0:91:27:6b:7a:0a,4919,-17,1415,286.67,82.46,71,405643,610350
f0:91:27:6b:7a:0a,4920,-17,1416,286.53,82.46,83,405726,610433
f0:91:27:6b:7a:0a,4937,-18,1417,287.26,82.45,1319,407045,611752
f0:91:27:6b:7a:0a,4938,-17,1418,287.11,82.45,81,407126,611833
f0:91:27:6b:7a:0a,4939,-17,1419,286.97,82.45,83,407209,611916
f0:91:27:6b:7a:0a,4940,-17,1420,286.82,82.45,82,407291,611998
f0:91:27:6b:7a:0a,4941,-17,1421,286.68,82.45,79,407370,612077
f0:91:27:6b:7a:0a,4943,-17,1422,286.59,82.45,164,407534,612241
f0:91:27:6b:7a:0a,4978,-17,1423,288.34,82.43,2779,410313,615020
f0:91:27:6b:7a:0a,5010,-18,1424,289.94,82.41,2557,412870,617577
f0:91:27:6b:7a:0a,5011,-17,1425,289.79,82.41,83,412953,617660
f0:91:27:6b:7a:0a,5012,-17,1426,289.65,82.41,82,413035,617742
f0:91:27:6b:7a:0a,5016,-17,1427,289.66,82.41,312,413347,618054
f0:91:27:6b:7a:0a,5018,-18,1428,289.57,82.40,158,413505,618212
f0:91:27:6b:7a:0a,5019,-17,1429,289.42,82.40,79,413584,618291
f0:91:27:6b:7a:0a,5020,-17,1430,289.27,82.40,78,413662,618369
f0:91:27:6b:7a:0a,5021,-18,1431,289.13,82.40,82,413744,618451
f0:91:27:6b:7a:0a,5023,-17,1432,289.03,82.40,150,413894,618601
f0:91:27:6b:7a:0a,5029,-18,1433,289.16,82.40,474,414368,619075
f0:91:27:6b:7a:0a,5031,-18,1434,289.07,82.40,164,414532,619239
f0:91:27:6b:7a:0a,5032,-17,1435,288.92,82.39,74,414606,619313
f0:91:27:6b:7a:0a,5033,-17,1436,288.78,82.39,79,414685,619392
f0:91:27:6b:7a:0a,5037,-18,1437,288.80,82.39,322,415007,619714
f0:91:27:6b:7a:0a,5038,-17,1438,288.65,82.39,76,415083,619790
f0:91:27:6b:7a:0a,5039,-17,1439,288.50,82.39,75,415158,619865
f0:91:27:6b:7a:0a,5049,-17,1440,288.91,82.40,877,416035,620742
f0:91:27:6b:7a:0a,5080,-17,1441,290.70,82.46,2869,418904,623611
f0:91:27:6b:7a:0a,5081,-18,1442,290.57,82.46,98,419002,623709
f0:91:27:6b:7a:0a,5083,-17,1443,290.50,82.47,187,419189,623896
f0:91:27:6b:7a:0a,5100,-18,1444,291.41,82.51,1600,420789,625496
f0:91:27:6b:7a:0a,5105,-17,1445,291.52,82.52,463,421252,625959
f0:91:27:6b:7a:0a,5108,-17,1446,291.51,82.52,278,421530,626237
f0:91:27:6b:7a:0a,5110,-17,1447,291.44,82.53,184,421714,626421
f0:91:27:6b:7a:0a,5111,-17,1448,291.31,82.53,99,421813,626520
f0:91:27:6b:7a:0a,5112,-17,1449,291.17,82.53,88,421901,626608
f0:91:27:6b:7a:0a,5126,-18,1450,291.86,82.56,1292,423193,627900
f0:91:27:6b:7a:0a,5130,-17,1451,291.92,82.57,381,423574,628281
f0:91:27:6b:7a:0a,5131,-17,1452,291.78,82.57,90,423664,628371
f0:91:27:6b:7a:0a,5133,-17,1453,291.71,82.57,185,423849,628556
f0:91:27:6b:7a:0a,5134,-17,1454,291.57,82.57,91,423940,628647
f0:91:27:6b:7a:0a,5135,-18,1455,291.43,82.58,97,424037,628744
f0:91:27:6b:7a:0a,5136,-17,1456,291.30,82.58,89,424126,628833
f0:91:27:6b:7a:0a,5148,-17,1457,291.85,82.60,1103,425229,629936
f0:91:27:6b:7a:0a,5149,-18,1458,291.72,82.60,92,425321,630028
f0:91:27:6b:7a:0a,5150,-17,1459,291.58,82.60,90,425411,630118
f0:91:27:6b:7a:0a,5160,-17,1460,292.00,82.62,913,426324,631031
f0:91:27:6b:7a:0a,5167,-17,1461,292.24,82.63,643,426967,631674
f0:91:27:6b:7a:0a,5171,-17,1462,292.29,82.64,358,427325,632032
f0:91:27:6b:7a:0a,5173,-18,1463,292.21,82.64,184,427509,632216
f0:91:27:6b:7a:0a,5174,-17,1464,292.07,82.64,86,427595,632302
f0:91:27:6b:7a:0a,5179,-17,1465,292.17,82.65,431,428026,632733
f0:91:27:6b:7a:0a,5180,-17,1466,292.02,82.65,77,428103,632810
f0:91:27:6b:7a:0a,5211,-17,1467,293.61,82.66,2625,430728,635435
f0:91:27:6b:7a:0a,5217,-17,1468,293.75,82.66,500,431228,635935
f0:91:27:6b:7a:0a,5218,-17,1469,293.61,82.66,81,431309,636016
f0:91:27:6b:7a:0a,5219,-17,1470,293.47,82.66,91,431400,636107
f0:91:27:6b:7a:0a,5237,-18,1471,294.30,82.67,1517,432917,637624
f0:91:27:6b:7a:0a,5238,-17,1472,294.16,82.67,84,433001,637708
f0:91:27:6b:7a:0a,5239,-17,1473,294.01,82.67,82,433083,637790
f0:91:27:6b:7a:0a,5240,-17,1474,293.87,82.67,83,433166,637873
f0:91:27:6b:7a:0a,5245,-17,1475,293.96,82.67,423,433589,638296
f0:91:27:6b:7a:0a,5249,-18,1476,293.97,82.66,318,433907,638614
f0:91:27:6b:7a:0a,5250,-17,1477,293.83,82.66,84,433991,638698
f0:91:27:6b:7a:0a,5251,-17,1478,293.69,82.67,84,434075,638782
f0:91:27:6b:7a:0a,5252,-18,1479,293.54,82.66,75,434150,638857
f0:91:27:6b:7a:0a,5253,-17,1480,293.40,82.66,83,434233,638940
f0:91:27:6b:7a:0a,5254,-17,1481,293.26,82.66,78,434311,639018
f0:91:27:6b:7a:0a,5256,-17,1482,293.17,82.66,161,434472,639179
f0:91:27:6b:7a:0a,5261,-17,1483,293.23,82.66,386,434858,639565
f0:91:27:6b:7a:0a,5345,-17,1484,297.53,82.61,6682,441540,646247
f0:91:27:6b:7a:0a,5349,-17,1485,297.54,82.60,313,441853,646560
f0:91:27:6b:7a:0a,5350,-18,1486,297.40,82.60,81,441934,646641
f0:91:27:6b:7a:0a,5351,-18,1487,297.26,82.60,85,442019,646726
f0:91:27:6b:7a:0a,5352,-18,1488,297.11,82.60,81,442100,646807
f0:91:27:6b:7a:0a,5355,-18,1489,297.07,82.60,236,442336,647043
f0:91:27:6b:7a:0a,5356,-17,1490,296.92,82.60,78,442414,647121
f0:91:27:6b:7a:0a,5361,-17,1491,296.99,82.60,403,442817,647524
f0:91:27:6b:7a:0a,5365,-17,1492,297.01,82.60,326,443143,647850
f0:91:27:6b:7a:0a,5367,-18,1493,296.92,82.60,153,443296,648003
f0:91:27:6b:7a:0a,5369,-17,1494,296.82,82.60,158,443454,648161
f0:91:27:6b:7a:0a,5374,-18,1495,296.89,82.59,390,443844,648551
f0:91:27:6b:7a:0a,5375,-17,1496,296.74,82.59,85,443929,648636
f0:91:27:6b:7a:0a,5376,-17,1497,296.60,82.59,77,444006,648713
f0:91:27:6b:7a:0a,5386,-17,1498,296.93,82.58,788,444794,649501
f0:91:27:6b:7a:0a,5397,-17,1499,297.32,82.58,886,445680,650387
f0:91:27:6b:7a:0a,5400,-18,1500,297.27,82.58,229,445909,650616
f0:91:27:6b:7a:0a,5402,-17,1501,297.18,82.57,157,446066,650773
f0:91:27:6b:7a:0a,5404,-18,1502,297.08,82.57,153,446219,650926
f0:91:27:6b:7a:0a,5411,-17,1503,297.26,82.57,568,446787,651494
f0:91:27:6b:7a:0a,5413,-18,1504,297.18,82.57,167,446954,651661
f0:91:27:6b:7a:0a,5414,-18,1505,297.03,82.57,71,447025,651732
f0:91:27:6b:7a:0a,5417,-18,1506,296.99,82.57,235,447260,651967
f0:91:27:6b:7a:0a,5422,-18,1507,297.05,82.56,392,447652,652359
f0:91:27:6b:7a:0a,5423,-17,1508,296.90,82.56,71,447723,652430
f0:91:27:6b:7a:0a,5424,-17,1509,296.75,82.56,74,447797,652504
f0:91:27:6b:7a:0a,5425,-17,1510,296.61,82.56,82,447879,652586
f0:91:27:6b:7a:0a,5426,-17,1511,296.47,82.56,85,447964,652671
f0:91:27:6b:7a:0a,5427,-17,1512,296.33,82.56,80,448044,652751
f0:91:27:6b:7a:0a,5428,-18,1513,296.19,82.56,86,448130,652837
f0:91:27:6b:7a:0a,5429,-17,1514,296.04,82.56,77,448207,652914
f0:91:27:6b:7a:0a,5430,-17,1515,295.90,82.56,80,448287,652994
f0:91:27:6b:7a:0a,5433,-17,1516,295.86,82.56,240,448527,653234
f0:91:27:6b:7a:0a,5435,-17,1517,295.78,82.56,164,448691,653398
f0:91:27:6b:7a:0a,5436,-17,1518,295.63,82.56,79,448770,653477
f0:91:27:6b:7a:0a,5445,-18,1519,295.90,82.55,707,449477,654184
f0:91:27:6b:7a:0a,5446,-17,1520,295.76,82.55,84,449561,654268
f0:91:27:6b:7a:0a,5448,-17,1521,295.68,82.55,163,449724,654431
f0:91:27:6b:7a:0a,5450,-18,1522,295.59,82.55,163,449887,654594
f0:91:27:6b:7a:0a,5452,-16,1523,295.50,82.55,154,450041,654748
f0:91:27:6b:7a:0a,5453,-18,1524,295.36,82.55,81,450122,654829
f0:91:27:6b:7a:0a,5454,-18,1525,295.22,82.55,81,450203,654910
f0:91:27:6b:7a:0a,5459,-17,1526,295.28,82.54,391,450594,655301
f0:91:27:6b:7a:0a,5461,-17,1527,295.19,82.54,159,450753,655460
f0:91:27:6b:7a:0a,5462,-17,1528,295.05,82.54,85,450838,655545
f0:91:27:6b:7a:0a,5463,-18,1529,294.91,82.54,77,450915,655622
f0:91:27:6b:7a:0a,5464,-17,1530,294.77,82.54,80,450995,655702
f0:91:27:6b:7a:0a,5465,-17,1531,294.63,82.54,78,451073,655780
f0:91:27:6b:7a:0a,5471,-17,1532,294.75,82.54,483,451556,656263
f0:91:27:6b:7a:0a,5481,-17,1533,295.08,82.53,798,452354,657061
f0:91:27:6b:7a:0a,5495,-17,1534,295.60,82.52,1104,453458,658165
f0:91:27:6b:7a:0a,5497,-18,1535,295.51,82.52,156,453614,658321
f0:91:27:6b:7a:0a,5498,-18,1536,295.37,82.52,74,453688,658395
f0:91:27:6b:7a:0a,5501,-17,1537,295.34,82.52,249,453937,658644
f0:91:27:6b:7a:0a,5502,-17,1538,295.20,82.52,83,454020,658727
f0:91:27:6b:7a:0a,5504,-17,1539,295.11,82.52,156,454176,658883
f0:91:27:6b:7a:0a,5505,-17,1540,294.97,82.52,84,454260,658967
f0:91:27:6b:7a:0a,5510,-18,1541,295.04,82.51,391,454651,659358
f0:91:27:6b:7a:0a,5517,-17,1542,295.22,82.51,571,455222,659929
f0:91:27:6b:7a:0a,5519,-17,1543,295.13,82.51,160,455382,660089
f0:91:27:6b:7a:0a,5520,-17,1544,294.99,82.51,79,455461,660168
f0:91:27:6b:7a:0a,5522,-17,1545,294.91,82.51,170,455631,660338
f0:91:27:6b:7a:0a,5523,-17,1546,294.76,82.51,74,455705,660412
f0:91:27:6b:7a:0a,5528,-18,1547,294.83,82.51,397,456102,660809
f0:91:27:6b:7a:0a,5537,-18,1548,295.11,82.50,723,456825,661532
f0:91:27:6b:7a:0a,5540,-17,1549,295.07,82.50,243,457068,661775
f0:91:27:6b:7a:0a,5544,-17,1550,295.08,82.50,306,457374,662081
f0:91:27:6b:7a:0a,5552,-17,1551,295.31,82.50,646,458020,662727
f0:91:27:6b:7a:0a,5558,-17,1552,295.42,82.49,478,458498,663205
f0:91:27:6b:7a:0a,5561,-17,1553,295.39,82.49,235,458733,663440
f0:91:27:6b:7a:0a,5567,-18,1554,295.51,82.49,491,459224,663931
f0:91:27:6b:7a:0a,5581,-17,1555,296.04,82.48,1124,460348,665055
f0:91:27:6b:7a:0a,5582,-18,1556,295.91,82.48,81,460429,665136
f0:91:27:6b:7a:0a,5585,-17,1557,295.88,82.49,257,460686,665393
f0:91:27:6b:7a:0a,5586,-17,1558,295.74,82.49,76,460762,665469
f0:91:27:6b:7a:0a,5587,-18,1559,295.60,82.48,80,460842,665549
f0:91:27:6b:7a:0a,5591,-18,1560,295.61,82.48,314,461156,665863
f0:91:27:6b:7a:0a,5592,-17,1561,295.48,82.48,87,461243,665950
f0:91:27:6b:7a:0a,5598,-17,1562,295.60,82.48,484,461727,666434
f0:91:27:6b:7a:0a,5600,-17,1563,295.52,82.48,164,461891,666598
f0:91:27:6b:7a:0a,5601,-17,1564,295.38,82.48,87,461978,666685
f0:91:27:6b:7a:0a,5602,-18,1565,295.24,82.48,73,462051,666758
f0:91:27:6b:7a:0a,5603,-17,1566,295.11,82.48,92,462143,666850
f0:91:27:6b:7a:0a,5605,-17,1567,295.03,82.48,164,462307,667014
f0:91:27:6b:7a:0a,5616,-17,1568,295.39,82.47,866,463173,667880
f0:91:27:6b:7a:0a,5619,-17,1569,295.35,82.47,238,463411,668118
f0:91:27:6b:7a:0a,5622,-18,1570,295.32,82.47,237,463648,668355
f0:91:27:6b:7a:0a,5636,-17,1571,295.84,82.46,1118,464766,669473
f0:91:27:6b:7a:0a,5637,-17,1572,295.70,82.46,81,464847,669554
f0:91:27:6b:7a:0a,5642,-17,1573,295.78,82.46,413,465260,669967
f0:91:27:6b:7a:0a,5643,-17,1574,295.64,82.46,80,465340,670047
f0:91:27:6b:7a:0a,5645,-17,1575,295.56,82.46,161,465501,670208
f0:91:27:6b:7a:0a,5646,-17,1576,295.41,82.46,73,465574,670281
f0:91:27:6b:7a:0a,5647,-18,1577,295.28,82.46,86,465660,670367
f0:91:27:6b:7a:0a,5648,-18,1578,295.14,82.46,77,465737,670444
f0:91:27:6b:7a:0a,5664,-18,1579,295.76,82.45,1263,467000,671707
f0:91:27:6b:7a:0a,5666,-17,1580,295.67,82.45,157,467157,671864
f0:91:27:6b:7a:0a,5668,-17,1581,295.59,82.45,166,467323,672030
f0:91:27:6b:7a:0a,5669,-18,1582,295.45,82.45,78,467401,672108
f0:91:27:6b:7a:0a,5670,-17,1583,295.31,82.45,72,467473,672180
f0:91:27:6b:7a:0a,5672,-18,1584,295.22,82.45,163,467636,672343
f0:91:27:6b:7a:0a,5673,-17,1585,295.09,82.45,82,467718,672425
f0:91:27:6b:7a:0a,5676,-17,1586,295.06,82.45,248,467966,672673
f0:91:27:6b:7a:0a,5679,-17,1587,295.03,82.45,240,468206,672913
f0:91:27:6b:7a:0a,5691,-17,1588,295.44,82.44,948,469154,673861
f0:91:27:6b:7a:0a,5692,-17,1589,295.30,82.44,77,469231,673938
f0:91:27:6b:7a:0a,5693,-18,1590,295.16,82.44,80,469311,674018
f0:91:27:6b:7a:0a,5694,-17,1591,295.03,82.44,75,469386,674093
f0:91:27:6b:7a:0a,5699,-17,1592,295.09,82.43,393,469779,674486
f0:91:27:6b:7a:0a,5705,-17,1593,295.21,82.43,489,470268,674975
f0:91:27:6b:7a:0a,5706,-18,1594,295.07,82.43,74,470342,675049
f0:91:27:6b:7a:0a,5725,-17,1595,295.83,82.42,1504,471846,676553
f0:91:27:6b:7a:0a,5726,-18,1596,295.69,82.42,82,471928,676635
f0:91:27:6b:7a:0a,5727,-17,1597,295.56,82.42,79,472007,676714
f0:91:27:6b:7a:0a,5737,-18,1598,295.87,82.41,794,472801,677508
f0:91:27:6b:7a:0a,5744,-17,1599,296.02,82.41,541,473342,678049
f0:91:27:6b:7a:0a,5746,-17,1600,295.94,82.40,156,473498,678205
f0:91:27:6b:7a:0a,5748,-18,1601,295.85,82.40,155,473653,678360
f0:91:27:6b:7a:0a,5751,-18,1602,295.82,82.40,255,473908,678615
f0:91:27:6b:7a:0a,5753,-18,1603,295.74,82.40,162,474070,678777
f0:91:27:6b:7a:0a,5754,-17,1604,295.61,82.40,85,474155,678862
f0:91:27:6b:7a:0a,5755,-17,1605,295.48,82.41,97,474252,678959
f0:91:27:6b:7a:0a,5756,-17,1606,295.35,82.41,83,474335,679042
f0:91:27:6b:7a:0a,5757,-17,1607,295.23,82.41,94,474429,679136
f0:91:27:6b:7a:0a,5758,-17,1608,295.09,82.41,73,474502,679209
f0:91:27:6b:7a:0a,5764,-18,1609,295.24,82.42,539,475041,679748
f0:91:27:6b:7a:0a,5765,-18,1610,295.12,82.42,95,475136,679843
f0:91:27:6b:7a:0a,5781,-17,1611,295.86,82.45,1500,476636,681343
f0:91:27:6b:7a:0a,5786,-17,1612,295.97,82.46,472,477108,681815
f0:91:27:6b:7a:0a,5787,-18,1613,295.85,82.46,91,477199,681906
f0:91:27:6b:7a:0a,5792,-17,1614,295.94,82.47,455,477654,682361
f0:91:27:6b:7a:0a,5793,-18,1615,295.81,82.47,87,477741,682448
f0:91:27:6b:7a:0a,5795,-17,1616,295.74,82.47,179,477920,682627
f0:91:27:6b:7a:0a,5800,-17,1617,295.84,82.48,461,478381,683088
f0:91:27:6b:7a:0a,5801,-17,1618,295.72,82.48,97,478478,683185
f0:91:27:6b:7a:0a,5808,-18,1619,295.94,82.50,653,479131,683838
f0:91:27:6b:7a:0a,5814,-17,1620,296.11,82.51,563,479694,684401
f0:91:27:6b:7a:0a,5824,-17,1621,296.50,82.52,928,480622,685329
f0:91:27:6b:7a:0a,5827,-18,1622,296.48,82.53,269,480891,685598
f0:91:27:6b:7a:0a,5828,-18,1623,296.36,82.53,99,480990,685697
f0:91:27:6b:7a:0a,5831,-17,1624,296.34,82.53,271,481261,685968
f0:91:27:6b:7a:0a,5833,-17,1625,296.28,82.54,190,481451,686158
f0:91:27:6b:7a:0a,5835,-17,1626,296.21,82.54,186,481637,686344
f0:91:27:6b:7a:0a,5837,-18,1627,296.14,82.54,177,481814,686521
f0:91:27:6b:7a:0a,5838,-17,1628,296.02,82.55,99,481913,686620
f0:91:27:6b:7a:0a,5842,-17,1629,296.06,82.55,372,482285,686992
f0:91:27:6b:7a:0a,5849,-18,1630,296.27,82.57,639,482924,687631
f0:91:27:6b:7a:0a,5852,-17,1631,296.26,82.57,274,483198,687905
f0:91:27:6b:7a:0a,5855,-18,1632,296.25,82.57,274,483472,688179
f0:91:27:6b:7a:0a,5857,-18,1633,296.17,82.58,177,483649,688356
f0:91:27:6b:7a:0a,5873,-17,1634,296.88,82.60,1460,485109,689816
f0:91:27:6b:7a:0a,5877,-17,1635,296.92,82.60,357,485466,690173
f0:91:27:6b:7a:0a,5878,-17,1636,296.80,82.61,97,485563,690270
f0:91:27:6b:7a:0a,5879,-18,1637,296.67,82.61,91,485654,690361
f0:91:27:6b:7a:0a,5880,-17,1638,296.55,82.61,93,485747,690454
f0:91:27:6b:7a:0a,5881,-17,1639,296.43,82.61,99,485846,690553
f0:91:27:6b:7a:0a,5888,-17,1640,296.62,82.62,612,486458,691165
f0:91:27:6b:7a:0a,5896,-17,1641,296.86,82.62,688,487146,691853
f0:91:27:6b:7a:0a,5898,-17,1642,296.78,82.62,170,487316,692023
f0:91:27:6b:7a:0a,5899,-16,1643,296.66,82.63,92,487408,692115
f0:91:27:6b:7a:0a,5928,-18,1644,297.95,82.63,2425,489833,694540
f0:91:27:6b:7a:0a,5942,-17,1645,298.49,82.64,1188,491021,695728
f0:91:27:6b:7a:0a,5944,-17,1646,298.41,82.64,170,491191,695898
f0:91:27:6b:7a:0a,5945,-18,1647,298.28,82.64,84,491275,695982
f0:91:27:6b:7a:0a,5946,-17,1648,298.16,82.64,94,491369,696076
f0:91:27:6b:7a:0a,5957,-17,1649,298.52,82.64,893,492262,696969
f0:91:27:6b:7a:0a,5959,-17,1650,298.44,82.64,162,492424,697131
f0:91:27:6b:7a:0a,5960,-17,1651,298.31,82.64,82,492506,697213
f0:91:27:6b:7a:0a,5961,-17,1652,298.18,82.64,90,492596,697303
f0:91:27:6b:7a:0a,5962,-17,1653,298.05,82.64,76,492672,697379
f0:91:27:6b:7a:0a,5963,-18,1654,297.91,82.63,78,492750,697457
f0:91:27:6b:7a:0a,5964,-17,1655,297.78,82.63,78,492828,697535
f0:91:27:6b:7a:0a,5965,-17,1656,297.65,82.63,74,492902,697609
f0:91:27:6b:7a:0a,5970,-17,1657,297.72,82.63,418,493320,698027
f0:91:27:6b:7a:0a,5971,-17,1658,297.59,82.63,83,493403,698110
f0:91:27:6b:7a:0a,5972,-17,1659,297.46,82.63,76,493479,698186
f0:91:27:6b:7a:0a,5977,-17,1660,297.52,82.63,399,493878,698585
f0:91:27:6b:7a:0a,5999,-17,1661,298.40,82.62,1768,495646,700353
f0:91:27:6b:7a:0a,6010,-17,1662,298.75,82.62,881,496527,701234
f0:91:27:6b:7a:0a,6021,-18,1663,299.10,82.61,873,497400,702107
f0:91:27:6b:7a:0a,6023,-17,1664,299.01,82.61,152,497552,702259
f0:91:27:6b:7a:0a,6031,-17,1665,299.22,82.61,645,498197,702904
f0:91:27:6b:7a:0a,6035,-18,1666,299.23,82.60,319,498516,703223
f0:91:27:6b:7a:0a,6038,-18,1667,299.19,82.60,233,498749,703456
f0:91:27:6b:7a:0a,6039,-17,1668,299.06,82.60,85,498834,703541
f0:91:27:6b:7a:0a,6045,-17,1669,299.16,82.60,468,499302,704009
f0:91:27:6b:7a:0a,6046,-18,1670,299.03,82.60,82,499384,704091
f0:91:27:6b:7a:0a,6058,-17,1671,299.43,82.59,960,500344,705051
f0:91:27:6b:7a:0a,6063,-17,1672,299.49,82.59,397,500741,705448
f0:91:27:6b:7a:0a,6064,-18,1673,299.35,82.59,77,500818,705525
f0:91:27:6b:7a:0a,6098,-17,1674,300.79,82.57,2699,503517,708224
f0:91:27:6b:7a:0a,6109,-17,1675,301.13,82.56,868,504385,709092
f0:91:27:6b:7a:0a,6119,-17,1676,301.43,82.56,811,505196,709903
f0:91:27:6b:7a:0a,6120,-18,1677,301.30,82.56,87,505283,709990
f0:91:27:6b:7a:0a,6121,-18,1678,301.17,82.56,75,505358,710065
f0:91:27:6b:7a:0a,6143,-18,1679,302.05,82.55,1776,507134,711841
f0:91:27:6b:7a:0a,6146,-17,1680,302.01,82.55,235,507369,712076
f0:91:27:6b:7a:0a,6148,-18,1681,301.93,82.55,169,507538,712245
f0:91:27:6b:7a:0a,6150,-17,1682,301.84,82.55,163,507701,712408
f0:91:27:6b:7a:0a,6151,-17,1683,301.71,82.55,73,507774,712481
f0:91:27:6b:7a:0a,6156,-17,1684,301.77,82.55,403,508177,712884
f0:91:27:6b:7a:0a,6172,-17,1685,302.35,82.54,1279,509456,714163
f0:91:27:6b:7a:0a,6173,-18,1686,302.22,82.54,80,509536,714243
f0:91:27:6b:7a:0a,6175,-18,1687,302.14,82.54,175,509711,714418
f0:91:27:6b:7a:0a,6176,-18,1688,302.01,82.54,81,509792,714499
f0:91:27:6b:7a:0a,6178,-18,1689,301.93,82.54,168,509960,714667
f0:91:27:6b:7a:0a,6180,-17,1690,301.84,82.54,157,510117,714824
f0:91:27:6b:7a:0a,6181,-18,1691,301.72,82.54,85,510202,714909
f0:91:27:6b:7a:0a,6182,-17,1692,301.58,82.54,74,510276,714983
f0:91:27:6b:7a:0a,6187,-17,1693,301.64,82.54,397,510673,715380
f0:91:27:6b:7a:0a,6190,-17,1694,301.60,82.54,230,510903,715610
f0:91:27:6b:7a:0a,6193,-17,1695,301.57,82.54,256,511159,715866
f0:91:27:6b:7a:0a,6195,-17,1696,301.49,82.54,162,511321,716028
f0:91:27:6b:7a:0a,6196,-17,1697,301.35,82.54,78,511399,716106
f0:91:27:6b:7a:0a,6197,-18,1698,301.22,82.54,76,511475,716182
f0:91:27:6b:7a:0a,6198,-17,1699,301.10,82.54,87,511562,716269
f0:91:27:6b:7a:0a,6199,-17,1700,300.96,82.54,73,511635,716342
f0:91:27:6b:7a:0a,6204,-17,1701,301.02,82.53,408,512043,716750
f0:91:27:6b:7a:0a,6205,-17,1702,300.89,82.53,78,512121,716828
f0:91:27:6b:7a:0a,6211,-17,1703,301.00,82.53,481,512602,717309
f0:91:27:6b:7a:0a,6212,-17,1704,300.87,82.53,80,512682,717389
f0:91:27:6b:7a:0a,6221,-17,1705,301.12,82.53,720,513402,718109
f0:91:27:6b:7a:0a,6223,-18,1706,301.04,82.53,164,513566,718273
f0:91:27:6b:7a:0a,6225,-17,1707,300.95,82.53,154,513720,718427
f0:91:27:6b:7a:0a,6226,-18,1708,300.82,82.52,78,513798,718505
f0:91:27:6b:7a:0a,6227,-17,1709,300.69,82.52,81,513879,718586
f0:91:27:6b:7a:0a,6228,-17,1710,300.56,82.52,83,513962,718669
f0:91:27:6b:7a:0a,6233,-18,1711,300.61,82.52,386,514348,719055
f0:91:27:6b:7a:0a,6236,-17,1712,300.57,82.52,232,514580,719287
f0:91:27:6b:7a:0a,6237,-18,1713,300.44,82.52,81,514661,719368
f0:91:27:6b:7a:0a,6251,-17,1714,300.92,82.51,1119,515780,720487
f0:91:27:6b:7a:0a,6252,-18,1715,300.79,82.51,76,515856,720563
f0:91:27:6b:7a:0a,6253,-17,1716,300.66,82.51,79,515935,720642
f0:91:27:6b:7a:0a,6254,-17,1717,300.53,82.51,73,516008,720715
f0:91:27:6b:7a:0a,6255,-17,1718,300.40,82.51,81,516089,720796
f0:91:27:6b:7a:0a,6259,-17,1719,300.41,82.51,316,516405,721112
f0:91:27:6b:7a:0a,6277,-17,1720,301.05,82.49,1409,517814,722521
f0:91:27:6b:7a:0a,6278,-17,1721,300.92,82.49,77,517891,722598
f0:91:27:6b:7a:0a,6282,-18,1722,300.93,82.49,314,518205,722912
f0:91:27:6b:7a:0a,6284,-17,1723,300.85,82.49,158,518363,723070
f0:91:27:6b:7a:0a,6289,-18,1724,300.91,82.49,399,518762,723469
f0:91:27:6b:7a:0a,6296,-17,1725,301.05,82.48,553,519315,724022
f0:91:27:6b:7a:0a,6297,-17,1726,300.93,82.48,85,519400,724107
f0:91:27:6b:7a:0a,6299,-18,1727,300.84,82.48,152,519552,724259
f0:91:27:6b:7a:0a,6303,-17,1728,300.85,82.48,319,519871,724578
f0:91:27:6b:7a:0a,6304,-17,1729,300.72,82.48,71,519942,724649
f0:91:27:6b:7a:0a,6305,-18,1730,300.59,82.48,77,520019,724726
f0:91:27:6b:7a:0a,6306,-17,1731,300.46,82.48,80,520099,724806
f0:91:27:6b:7a:0a,6310,-17,1732,300.47,82.47,311,520410,725117
f0:91:27:6b:7a:0a,6332,-18,1733,301.31,82.46,1755,522165,726872
f0:91:27:6b:7a:0a,6334,-17,1734,301.22,82.46,158,522323,727030
f0:91:27:6b:7a:0a,6374,-17,1735,302.86,82.44,3143,525466,730173
f0:91:27:6b:7a:0a,6375,-17,1736,302.74,82.44,83,525549,730256
f0:91:27:6b:7a:0a,6460,-17,1737,306.49,82.41,6817,532366,737073
f0:91:27:6b:7a:0a,6462,-17,1738,306.40,82.41,158,532524,737231
f0:91:27:6b:7a:0a,6470,-17,1739,306.62,82.41,691,533215,737922
f0:91:27:6b:7a:0a,6471,-18,1740,306.50,82.41,89,533304,738011
f0:91:27:6b:7a:0a,6472,-17,1741,306.37,82.42,86,533390,738097
f0:91:27:6b:7a:0a,6476,-17,1742,306.40,82.42,361,533751,738458
f0:91:27:6b:7a:0a,6488,-17,1743,306.88,82.44,1135,534886,739593
f0:91:27:6b:7a:0a,6489,-18,1744,306.76,82.44,99,534985,739692
f0:91:27:6b:7a:0a,6490,-17,1745,306.63,82.45,92,535077,739784
f0:91:27:6b:7a:0a,6491,-17,1746,306.51,82.45,89,535166,739873
f0:91:27:6b:7a:0a,6492,-18,1747,306.39,82.45,96,535262,739969
f0:91:27:6b:7a:0a,6501,-17,1748,306.68,82.46,823,536085,740792
f0:91:27:6b:7a:0a,6502,-17,1749,306.57,82.46,98,536183,740890
f0:91:27:6b:7a:0a,6504,-17,1750,306.49,82.47,179,536362,741069
f0:91:27:6b:7a:0a,6507,-17,1751,306.48,82.47,276,536638,741345
f0:91:27:6b:7a:0a,6508,-17,1752,306.35,82.47,93,536731,741438
f0:91:27:6b:7a:0a,6511,-17,1753,306.34,82.48,282,537013,741720
f0:91:27:6b:7a:0a,6512,-17,1754,306.22,82.48,94,537107,741814
f0:91:27:6b:7a:0a,6514,-17,1755,306.15,82.48,188,537295,742002
f0:91:27:6b:7a:0a,6515,-17,1756,306.03,82.48,91,537386,742093
f0:91:27:6b:7a:0a,6516,-18,1757,305.90,82.49,89,537475,742182
f0:91:27:6b:7a:0a,6533,-18,1758,306.63,82.51,1586,539061,743768
f0:91:27:6b:7a:0a,6536,-17,1759,306.62,82.52,277,539338,744045
f0:91:27:6b:7a:0a,6537,-17,1760,306.50,82.52,99,539437,744144
f0:91:27:6b:7a:0a,6539,-18,1761,306.43,82.52,179,539616,744323
f0:91:27:6b:7a:0a,6540,-17,1762,306.30,82.52,91,539707,744414
f0:91:27:6b:7a:0a,6541,-17,1763,306.19,82.53,98,539805,744512
f0:91:27:6b:7a:0a,6542,-17,1764,306.07,82.53,100,539905,744612
f0:91:27:6b:7a:0a,6543,-18,1765,305.95,82.53,91,539996,744703
f0:91:27:6b:7a:0a,6545,-17,1766,305.88,82.53,191,540187,744894
f0:91:27:6b:7a:0a,6546,-17,1767,305.76,82.54,95,540282,744989
f0:91:27:6b:7a:0a,6551,-17,1768,305.85,82.54,463,540745,745452
f0:91:27:6b:7a:0a,6571,-18,1769,306.71,82.57,1830,542575,747282
f0:91:27:6b:7a:0a,6572,-17,1770,306.59,82.57,97,542672,747379
f0:91:27:6b:7a:0a,6573,-17,1771,306.47,82.58,94,542766,747473
f0:91:27:6b:7a:0a,6577,-17,1772,306.51,82.58,365,543131,747838
f0:91:27:6b:7a:0a,6586,-17,1773,306.80,82.59,831,543962,748669
f0:91:27:6b:7a:0a,6592,-17,1774,306.93,82.60,540,544502,749209
f0:91:27:6b:7a:0a,6594,-18,1775,306.87,82.60,189,544691,749398
f0:91:27:6b:7a:0a,6597,-17,1776,306.85,82.61,270,544961,749668
f0:91:27:6b:7a:0a,6598,-17,1777,306.72,82.61,82,545043,749750
f0:91:27:6b:7a:0a,6600,-17,1778,306.65,82.61,178,545221,749928
f0:91:27:6b:7a:0a,6601,-18,1779,306.52,82.61,83,545304,750011
f0:91:27:6b:7a:0a,6602,-17,1780,306.40,82.61,84,545388,750095
f0:91:27:6b:7a:0a,6603,-17,1781,306.28,82.61,96,545484,750191
f0:91:27:6b:7a:0a,6605,-17,1782,306.20,82.61,167,545651,750358
f0:91:27:6b:7a:0a,6606,-17,1783,306.08,82.61,82,545733,750440
f0:91:27:6b:7a:0a,6609,-17,1784,306.05,82.61,261,545994,750701
f0:91:27:6b:7a:0a,6611,-17,1785,305.97,82.61,169,546163,750870
f0:91:27:6b:7a:0a,6615,-17,1786,305.99,82.62,340,546503,751210
f0:91:27:6b:7a:0a,6617,-17,1787,305.91,82.62,167,546670,751377
f0:91:27:6b:7a:0a,6618,-18,1788,305.79,82.62,91,546761,751468
f0:91:27:6b:7a:0a,6620,-18,1789,305.72,82.62,164,546925,751632
f0:91:27:6b:7a:0a,6623,-17,1790,305.68,82.62,246,547171,751878
f0:91:27:6b:7a:0a,6627,-18,1791,305.70,82.62,340,547511,752218
f0:91:27:6b:7a:0a,6628,-17,1792,305.57,82.62,74,547585,752292
f0:91:27:6b:7a:0a,6629,-17,1793,305.45,82.62,85,547670,752377
f0:91:27:6b:7a:0a,6630,-18,1794,305.33,82.62,85,547755,752462
f0:91:27:6b:7a:0a,6632,-18,1795,305.25,82.62,163,547918,752625
f0:91:27:6b:7a:0a,6638,-18,1796,305.37,82.62,519,548437,753144
f0:91:27:6b:7a:0a,6642,-18,1797,305.38,82.62,329,548766,753473
f0:91:27:6b:7a:0a,6649,-17,1798,305.55,82.62,604,549370,754077
f0:91:27:6b:7a:0a,6654,-17,1799,305.61,82.63,426,549796,754503
f0:91:27:6b:7a:0a,6657,-18,1800,305.58,82.63,250,550046,754753
f0:91:27:6b:7a:0a,6660,-17,1801,305.56,82.63,261,550307,755014
f0:91:27:6b:7a:0a,6661,-17,1802,305.43,82.63,80,550387,755094
f0:91:27:6b:7a:0a,6663,-17,1803,305.35,82.63,165,550552,755259
f0:91:27:6b:7a:0a,6666,-17,1804,305.32,82.63,242,550794,755501
f0:91:27:6b:7a:0a,6671,-18,1805,305.37,82.63,406,551200,755907
f0:91:27:6b:7a:0a,6674,-17,1806,305.35,82.63,255,551455,756162
f0:91:27:6b:7a:0a,6675,-17,1807,305.22,82.63,77,551532,756239
f0:91:27:6b:7a:0a,6682,-17,1808,305.36,82.62,562,552094,756801
f0:91:27:6b:7a:0a,6684,-18,1809,305.29,82.62,168,552262,756969
f0:91:27:6b:7a:0a,6685,-17,1810,305.16,82.62,79,552341,757048
f0:91:27:6b:7a:0a,6686,-17,1811,305.04,82.62,85,552426,757133
f0:91:27:6b:7a:0a,6688,-18,1812,304.95,82.62,147,552573,757280
f0:91:27:6b:7a:0a,6689,-17,1813,304.83,82.62,82,552655,757362
f0:91:27:6b:7a:0a,6692,-18,1814,304.79,82.62,243,552898,757605
f0:91:27:6b:7a:0a,6693,-17,1815,304.67,82.62,79,552977,757684
f0:91:27:6b:7a:0a,6695,-17,1816,304.59,82.62,157,553134,757841
f0:91:27:6b:7a:0a,6697,-17,1817,304.51,82.62,162,553296,758003
f0:91:27:6b:7a:0a,6698,-17,1818,304.38,82.62,71,553367,758074
f0:91:27:6b:7a:0a,6700,-17,1819,304.30,82.62,157,553524,758231
f0:91:27:6b:7a:0a,6701,-17,1820,304.18,82.62,86,553610,758317
f0:91:27:6b:7a:0a,6702,-18,1821,304.05,82.61,73,553683,758390
f0:91:27:6b:7a:0a,6703,-17,1822,303.93,82.61,76,553759,758466
f0:91:27:6b:7a:0a,6704,-17,1823,303.80,82.61,77,553836,758543
f0:91:27:6b:7a:0a,6705,-17,1824,303.68,82.61,73,553909,758616
f0:91:27:6b:7a:0a,6709,-18,1825,303.69,82.61,331,554240,758947
f0:91:27:6b:7a:0a,6710,-18,1826,303.57,82.61,74,554314,759021
f0:91:27:6b:7a:0a,6724,-17,1827,304.01,82.60,1115,555429,760136
f0:91:27:6b:7a:0a,6726,-17,1828,303.94,82.60,166,555595,760302
f0:91:27:6b:7a:0a,6729,-17,1829,303.90,82.60,241,555836,760543
f0:91:27:6b:7a:0a,6730,-17,1830,303.78,82.60,76,555912,760619
f0:91:27:6b:7a:0a,6731,-17,1831,303.66,82.60,83,555995,760702
f0:91:27:6b:7a:0a,6732,-17,1832,303.54,82.60,86,556081,760788
f0:91:27:6b:7a:0a,6733,-17,1833,303.42,82.60,79,556160,760867
f0:91:27:6b:7a:0a,6734,-18,1834,303.30,82.60,84,556244,760951
f0:91:27:6b:7a:0a,6735,-17,1835,303.17,82.60,77,556321,761028
f0:91:27:6b:7a:0a,6736,-17,1836,303.05,82.60,73,556394,761101
f0:91:27:6b:7a:0a,6737,-18,1837,302.93,82.60,82,556476,761183
f0:91:27:6b:7a:0a,6753,-18,1838,303.45,82.59,1261,557737,762444
f0:91:27:6b:7a:0a,6756,-17,1839,303.42,82.59,252,557989,762696
f0:91:27:6b:7a:0a,6757,-17,1840,303.29,82.59,70,558059,762766
f0:91:27:6b:7a:0a,6758,-18,1841,303.17,82.59,86,558145,762852
f0:91:27:6b:7a:0a,6768,-18,1842,303.43,82.58,779,558924,763631
f0:91:27:6b:7a:0a,6769,-17,1843,303.31,82.58,80,559004,763711
f0:91:27:6b:7a:0a,6771,-17,1844,303.23,82.58,161,559165,763872
f0:91:27:6b:7a:0a,6792,-17,1845,303.98,82.57,1681,560846,765553
f0:91:27:6b:7a:0a,6793,-18,1846,303.86,82.57,83,560929,765636
f0:91:27:6b:7a:0a,6794,-17,1847,303.75,82.58,92,561021,765728
f0:91:27:6b:7a:0a,6804,-17,1848,304.00,82.57,778,561799,766506
f0:91:27:6b:7a:0a,6805,-17,1849,303.88,82.57,83,561882,766589
f0:91:27:6b:7a:0a,6807,-18,1850,303.81,82.57,159,562041,766748
f0:91:27:6b:7a:0a,6809,-17,1851,303.73,82.57,158,562199,766906
f0:91:27:6b:7a:0a,6812,-18,1852,303.70,82.57,248,562447,767154
f0:91:27:6b:7a:0a,6814,-17,1853,303.62,82.57,155,562602,767309
f0:91:27:6b:7a:0a,6816,-17,1854,303.54,82.56,156,562758,767465
f0:91:27:6b:7a:0a,6818,-18,1855,303.46,82.56,154,562912,767619
f0:91:27:6b:7a:0a,6819,-17,1856,303.33,82.56,77,562989,767696
f0:91:27:6b:7a:0a,6822,-18,1857,303.30,82.56,230,563219,767926
f0:91:27:6b:7a:0a,6825,-17,1858,303.26,82.56,242,563461,768168
f0:91:27:6b:7a:0a,6829,-17,1859,303.27,82.56,320,563781,768488
f0:91:27:6b:7a:0a,6844,-18,1860,303.76,82.55,1213,564994,769701
f0:91:27:6b:7a:0a,6850,-17,1861,303.85,82.55,480,565474,770181
f0:91:27:6b:7a:0a,6851,-17,1862,303.74,82.55,81,565555,770262
f0:91:27:6b:7a:0a,6863,-17,1863,304.08,82.54,949,566504,771211
f0:91:27:6b:7a:0a,6864,-17,1864,303.96,82.54,76,566580,771287
f0:91:27:6b:7a:0a,6865,-17,1865,303.84,82.54,81,566661,771368
f0:91:27:6b:7a:0a,6874,-18,1866,304.05,82.54,704,567365,772072
f0:91:27:6b:7a:0a,6888,-17,1867,304.49,82.53,1110,568475,773182
f0:91:27:6b:7a:0a,6890,-18,1868,304.41,82.53,158,568633,773340
f0:91:27:6b:7a:0a,6894,-17,1869,304.42,82.53,330,568963,773670
f0:91:27:6b:7a:0a,6895,-17,1870,304.30,82.53,81,569044,773751
f0:91:27:6b:7a:0a,6897,-17,1871,304.23,82.53,164,569208,773915
f0:91:27:6b:7a:0a,6898,-17,1872,304.10,82.53,76,569284,773991
f0:91:27:6b:7a:0a,6899,-17,1873,303.98,82.53,74,569358,774065
f0:91:27:6b:7a:0a,6900,-18,1874,303.86,82.53,81,569439,774146
f0:91:27:6b:7a:0a,6905,-17,1875,303.91,82.52,396,569835,774542
f0:91:27:6b:7a:0a,6927,-17,1876,304.68,82.51,1740,571575,776282
f0:91:27:6b:7a:0a,6928,-18,1877,304.56,82.51,79,571654,776361
f0:91:27:6b:7a:0a,6929,-18,1878,304.44,82.51,80,571734,776441
f0:91:27:6b:7a:0a,6930,-17,1879,304.32,82.51,79,571813,776520
f0:91:27:6b:7a:0a,6932,-18,1880,304.24,82.51,152,571965,776672
f0:91:27:6b:7a:0a,6955,-17,1881,305.05,82.50,1838,573803,778510
f0:91:27:6b:7a:0a,6959,-18,1882,305.07,82.50,335,574138,778845
f0:91:27:6b:7a:0a,6960,-17,1883,304.95,82.50,79,574217,778924
f0:91:27:6b:7a:0a,6961,-17,1884,304.83,82.50,75,574292,778999
f0:91:27:6b:7a:0a,6962,-18,1885,304.71,82.50,83,574375,779082
f0:91:27:6b:7a:0a,6963,-17,1886,304.59,82.50,77,574452,779159
f0:91:27:6b:7a:0a,6964,-17,1887,304.47,82.50,82,574534,779241
f0:91:27:6b:7a:0a,6965,-18,1888,304.35,82.50,84,574618,779325
f0:91:27:6b:7a:0a,6966,-17,1889,304.23,82.50,72,574690,779397
f0:91:27:6b:7a:0a,6967,-17,1890,304.11,82.50,79,574769,779476
f0:91:27:6b:7a:0a,6968,-18,1891,303.99,82.50,82,574851,779558
f0:91:27:6b:7a:0a,6969,-17,1892,303.87,82.50,80,574931,779638
f0:91:27:6b:7a:0a,6974,-18,1893,303.93,82.50,402,575333,780040
f0:91:27:6b:7a:0a,6977,-18,1894,303.89,82.50,241,575574,780281
f0:91:27:6b:7a:0a,6978,-17,1895,303.78,82.50,82,575656,780363
f0:91:27:6b:7a:0a,6980,-18,1896,303.70,82.49,157,575813,780520
f0:91:27:6b:7a:0a,6981,-17,1897,303.58,82.49,73,575886,780593
f0:91:27:6b:7a:0a,6987,-17,1898,303.67,82.49,479,576365,781072
f0:91:27:6b:7a:0a,6988,-17,1899,303.55,82.49,83,576448,781155
f0:91:27:6b:7a:0a,6989,-17,1900,303.44,82.49,84,576532,781239
f0:91:27:6b:7a:0a,6991,-18,1901,303.36,82.49,161,576693,781400
f0:91:27:6b:7a:0a,6992,-17,1902,303.24,82.49,79,576772,781479
f0:91:27:6b:7a:0a,6993,-17,1903,303.12,82.49,73,576845,781552
f0:91:27:6b:7a:0a,6994,-18,1904,303.01,82.49,85,576930,781637
f0:91:27:6b:7a:0a,6995,-18,1905,302.89,82.49,81,577011,781718
f0:91:27:6b:7a:0a,6996,-17,1906,302.77,82.49,75,577086,781793
f0:91:27:6b:7a:0a,6997,-17,1907,302.66,82.49,79,577165,781872
f0:91:27:6b:7a:0a,6998,-17,1908,302.54,82.49,78,577243,781950
f0:91:27:6b:7a:0a,6999,-18,1909,302.42,82.49,81,577324,782031
f0:91:27:6b:7a:0a,7000,-17,1910,302.31,82.49,83,577407,782114
f0:91:27:6b:7a:0a,7001,-17,1911,302.19,82.49,75,577482,782189
f0:91:27:6b:7a:0a,7002,-18,1912,302.07,82.48,77,577559,782266
f0:91:27:6b:7a:0a,7003,-17,1913,301.96,82.48,83,577642,782349
f0:91:27:6b:7a:0a,7005,-17,1914,301.88,82.48,150,577792,782499
f0:91:27:6b:7a:0a,7006,-17,1915,301.76,82.48,79,577871,782578
f0:91:27:6b:7a:0a,7007,-17,1916,301.64,82.48,77,577948,782655
f0:91:27:6b:7a:0a,7013,-17,1917,301.74,82.48,490,578438,783145
f0:91:27:6b:7a:0a,7018,-17,1918,301.79,82.48,397,578835,783542
f0:91:27:6b:7a:0a,7019,-17,1919,301.67,82.48,72,578907,783614
f0:91:27:6b:7a:0a,7021,-17,1920,301.60,82.48,156,579063,783770
f0:91:27:6b:7a:0a,7022,-17,1921,301.48,82.48,81,579144,783851
f0:91:27:6b:7a:0a,7023,-18,1922,301.36,82.47,77,579221,783928
f0:91:27:6b:7a:0a,7024,-17,1923,301.25,82.47,79,579300,784007
f0:91:27:6b:7a:0a,7027,-17,1924,301.21,82.47,235,579535,784242
f0:91:27:6b:7a:0a,7043,-17,1925,301.73,82.47,1296,580831,785538
f0:91:27:6b:7a:0a,7044,-17,1926,301.62,82.47,82,580913,785620
f0:91:27:6b:7a:0a,7045,-18,1927,301.50,82.47,75,580988,785695
f0:91:27:6b:7a:0a,7046,-17,1928,301.38,82.47,79,581067,785774
f0:91:27:6b:7a:0a,7047,-17,1929,301.27,82.47,85,581152,785859
f0:91:27:6b:7a:0a,7072,-18,1930,302.14,82.46,1978,583130,787837
f0:91:27:6b:7a:0a,7074,-17,1931,302.06,82.45,154,583284,787991
f0:91:27:6b:7a:0a,7075,-17,1932,301.95,82.45,77,583361,788068
f0:91:27:6b:7a:0a,7076,-18,1933,301.83,82.45,76,583437,788144
f0:91:27:6b:7a:0a,7078,-17,1934,301.76,82.45,159,583596,788303
f0:91:27:6b:7a:0a,7088,-17,1935,302.01,82.45,787,584383,789090
f0:91:27:6b:7a:0a,7092,-17,1936,302.02,82.45,327,584710,789417
f0:91:27:6b:7a:0a,7093,-18,1937,301.90,82.45,77,584787,789494
f0:91:27:6b:7a:0a,7097,-17,1938,301.92,82.45,326,585113,789820
f0:91:27:6b:7a:0a,7128,-18,1939,303.04,82.43,2481,587594,792301
f0:91:27:6b:7a:0a,7129,-17,1940,302.92,82.43,78,587672,792379
f0:91:27:6b:7a:0a,7131,-18,1941,302.85,82.43,164,587836,792543
f0:91:27:6b:7a:0a,7140,-17,1942,303.06,82.43,709,588545,793252
f0:91:27:6b:7a:0a,7141,-17,1943,302.95,82.43,84,588629,793336
f0:91:27:6b:7a:0a,7146,-17,1944,303.00,82.43,395,589024,793731
f0:91:27:6b:7a:0a,7147,-18,1945,302.89,82.43,89,589113,793820
f0:91:27:6b:7a:0a,7149,-17,1946,302.81,82.43,149,589262,793969
f0:91:27:6b:7a:0a,7150,-17,1947,302.69,82.43,81,589343,794050
f0:91:27:6b:7a:0a,7154,-18,1948,302.70,82.42,324,589667,794374
f0:91:27:6b:7a:0a,7155,-17,1949,302.59,82.42,80,589747,794454
f0:91:27:6b:7a:0a,7159,-17,1950,302.60,82.42,320,590067,794774
f0:91:27:6b:7a:0a,7161,-17,1951,302.52,82.42,153,590220,794927
f0:91:27:6b:7a:0a,7165,-17,1952,302.53,82.42,316,590536,795243
f0:91:27:6b:7a:0a,7167,-18,1953,302.45,82.42,154,590690,795397
f0:91:27:6b:7a:0a,7168,-17,1954,302.34,82.42,86,590776,795483
f0:91:27:6b:7a:0a,7170,-18,1955,302.27,82.42,159,590935,795642
f0:91:27:6b:7a:0a,7171,-17,1956,302.15,82.42,76,591011,795718
f0:91:27:6b:7a:0a,7175,-18,1957,302.17,82.42,331,591342,796049
f0:91:27:6b:7a:0a,7177,-17,1958,302.09,82.42,152,591494,796201
f0:91:27:6b:7a:0a,7178,-18,1959,301.98,82.41,78,591572,796279
f0:91:27:6b:7a:0a,7179,-17,1960,301.87,82.41,84,591656,796363
f0:91:27:6b:7a:0a,7180,-17,1961,301.76,82.42,86,591742,796449
f0:91:27:6b:7a:0a,7181,-17,1962,301.65,82.42,94,591836,796543
f0:91:27:6b:7a:0a,7183,-18,1963,301.58,82.42,160,591996,796703
f0:91:27:6b:7a:0a,7184,-17,1964,301.47,82.42,92,592088,796795
f0:91:27:6b:7a:0a,7188,-18,1965,301.49,82.42,346,592434,797141
f0:91:27:6b:7a:0a,7194,-17,1966,301.62,82.43,557,592991,797698
f0:91:27:6b:7a:0a,7195,-17,1967,301.52,82.43,100,593091,797798
f0:91:27:6b:7a:0a,7196,-18,1968,301.42,82.43,94,593185,797892
f0:91:27:6b:7a:0a,7200,-18,1969,301.45,82.44,379,593564,798271
f0:91:27:6b:7a:0a,7201,-17,1970,301.34,82.44,85,593649,798356
f0:91:27:6b:7a:0a,7202,-17,1971,301.24,82.44,94,593743,798450
f0:91:27:6b:7a:0a,7204,-18,1972,301.18,82.44,179,593922,798629
f0:91:27:6b:7a:0a,7205,-17,1973,301.07,82.45,95,594017,798724
f0:91:27:6b:7a:0a,7206,-17,1974,300.97,82.45,94,594111,798818
f0:91:27:6b:7a:0a,7208,-18,1975,300.91,82.45,188,594299,799006
f0:91:27:6b:7a:0a,7209,-17,1976,300.80,82.45,89,594388,799095
f0:91:27:6b:7a:0a,7210,-17,1977,300.70,82.45,87,594475,799182
f0:91:27:6b:7a:0a,7211,-17,1978,300.59,82.45,93,594568,799275
f0:91:27:6b:7a:0a,7212,-17,1979,300.49,82.45,94,594662,799369
f0:91:27:6b:7a:0a,7213,-17,1980,300.38,82.46,96,594758,799465
f0:91:27:6b:7a:0a,7215,-17,1981,300.32,82.46,182,594940,799647
f0:91:27:6b:7a:0a,7216,-17,1982,300.22,82.46,94,595034,799741
f0:91:27:6b:7a:0a,7217,-18,1983,300.11,82.46,93,595127,799834
f0:91:27:6b:7a:0a,7218,-17,1984,300.01,82.46,95,595222,799929
f0:91:27:6b:7a:0a,7222,-18,1985,300.06,82.47,388,595610,800317
f0:91:27:6b:7a:0a,7224,-17,1986,300.00,82.47,185,595795,800502
f0:91:27:6b:7a:0a,7225,-18,1987,299.89,82.48,92,595887,800594
f0:91:27:6b:7a:0a,7226,-17,1988,299.79,82.48,95,595982,800689
f0:91:27:6b:7a:0a,7227,-17,1989,299.69,82.48,93,596075,800782
f0:91:27:6b:7a:0a,7228,-17,1990,299.58,82.48,97,596172,800879
f0:91:27:6b:7a:0a,7229,-18,1991,299.48,82.48,88,596260,800967
f0:91:27:6b:7a:0a,7230,-17,1992,299.38,82.48,96,596356,801063
f0:91:27:6b:7a:0a,7231,-17,1993,299.27,82.49,98,596454,801161
f0:91:27:6b:7a:0a,7233,-17,1994,299.22,82.49,187,596641,801348
f0:91:27:6b:7a:0a,7237,-17,1995,299.26,82.50,384,597025,801732
f0:91:27:6b:7a:0a,7239,-18,1996,299.20,82.50,186,597211,801918
f0:91:27:6b:7a:0a,7240,-17,1997,299.10,82.50,95,597306,802013
f0:91:27:6b:7a:0a,7247,-16,1998,299.28,82.51,657,597963,802670
f0:91:27:6b:7a:0a,7248,-18,1999,299.18,82.51,93,598056,802763
f0:91:27:6b:7a:0a,7250,-17,2000,299.12,82.52,184,598240,802947
f0:91:27:6b:7a:0a,7252,-18,2001,299.07,82.52,193,598433,803140
f0:91:27:6b:7a:0a,7253,-18,2002,298.97,82.52,102,598535,803242
f0:91:27:6b:7a:0a,7254,-17,2003,298.86,82.52,90,598625,803332
f0:91:27:6b:7a:0a,7257,-17,2004,298.86,82.53,283,598908,803615
f0:91:27:6b:7a:0a,7259,-17,2005,298.81,82.53,197,599105,803812
f0:91:27:6b:7a:0a,7294,-17,2006,300.28,82.58,3262,602367,807074
f0:91:27:6b:7a:0a,7301,-17,2007,300.46,82.59,654,603021,807728
f0:91:27:6b:7a:0a,7302,-17,2008,300.36,82.60,92,603113,807820
f0:91:27:6b:7a:0a,7303,-18,2009,300.25,82.60,87,603200,807907
f0:91:27:6b:7a:0a,7304,-17,2010,300.15,82.60,92,603292,807999
f0:91:27:6b:7a:0a,7316,-17,2011,300.52,82.61,1062,604354,809061
f0:91:27:6b:7a:0a,7317,-18,2012,300.42,82.61,81,604435,809142
f0:91:27:6b:7a:0a,7318,-17,2013,300.30,82.61,78,604513,809220
f0:91:27:6b:7a:0a,7326,-18,2014,300.49,82.61,683,605196,809903
f0:91:27:6b:7a:0a,7353,-18,2015,301.48,82.62,2290,607486,812193
f0:91:27:6b:7a:0a,7364,-18,2016,301.80,82.62,934,608420,813127
f0:91:27:6b:7a:0a,7367,-17,2017,301.78,82.62,265,608685,813392
f0:91:27:6b:7a:0a,7368,-18,2018,301.67,82.62,78,608763,813470
f0:91:27:6b:7a:0a,7372,-18,2019,301.69,82.62,341,609104,813811
f0:91:27:6b:7a:0a,7373,-17,2020,301.57,82.62,76,609180,813887
f0:91:27:6b:7a:0a,7376,-17,2021,301.55,82.62,246,609426,814133
f0:91:27:6b:7a:0a,7377,-17,2022,301.43,82.62,72,609498,814205
f0:91:27:6b:7a:0a,7380,-18,2023,301.41,82.62,251,609749,814456
f0:91:27:6b:7a:0a,7381,-17,2024,301.30,82.62,86,609835,814542
f0:91:27:6b:7a:0a,7382,-17,2025,301.19,82.62,84,609919,814626
f0:91:27:6b:7a:0a,7383,-18,2026,301.09,82.62,83,610002,814709
f0:91:27:6b:7a:0a,7384,-17,2027,300.97,82.62,71,610073,814780
f0:91:27:6b:7a:0a,7386,-18,2028,300.91,82.62,166,610239,814946
f0:91:27:6b:7a:0a,7387,-17,2029,300.80,82.62,81,610320,815027
f0:91:27:6b:7a:0a,7388,-18,2030,300.69,82.62,80,610400,815107
f0:91:27:6b:7a:0a,7389,-17,2031,300.58,82.62,82,610482,815189
f0:91:27:6b:7a:0a,7390,-17,2032,300.47,82.62,75,610557,815264
f0:91:27:6b:7a:0a,7391,-18,2033,300.37,82.62,87,610644,815351
f0:91:27:6b:7a:0a,7392,-17,2034,300.26,82.62,78,610722,815429
f0:91:27:6b:7a:0a,7393,-17,2035,300.15,82.62,84,610806,815513
f0:91:27:6b:7a:0a,7394,-17,2036,300.04,82.62,69,610875,815582
f0:91:27:6b:7a:0a,7396,-17,2037,299.97,82.62,169,611044,815751
f0:91:27:6b:7a:0a,7397,-17,2038,299.86,82.62,71,611115,815822
f0:91:27:6b:7a:0a,7398,-18,2039,299.75,82.62,80,611195,815902
f0:91:27:6b:7a:0a,7399,-17,2040,299.65,82.62,81,611276,815983
f0:91:27:6b:7a:0a,7400,-17,2041,299.54,82.62,86,611362,816069
f0:91:27:6b:7a:0a,7401,-17,2042,299.44,82.62,93,611455,816162
f0:91:27:6b:7a:0a,7402,-17,2043,299.33,82.62,77,611532,816239
f0:91:27:6b:7a:0a,7403,-17,2044,299.22,82.62,72,611604,816311
f0:91:27:6b:7a:0a,7405,-17,2045,299.15,82.62,161,611765,816472
f0:91:27:6b:7a:0a,7407,-17,2046,299.09,82.62,169,611934,816641
f0:91:27:6b:7a:0a,7408,-17,2047,298.98,82.61,76,612010,816717
f0:91:27:6b:7a:0a,7416,-18,2048,299.15,82.61,646,612656,817363
f0:91:27:6b:7a:0a,7418,-17,2049,299.08,82.61,156,612812,817519
f0:91:27:6b:7a:0a,7419,-18,2050,298.97,82.61,78,612890,817597
f0:91:27:6b:7a:0a,7420,-17,2051,298.86,82.61,82,612972,817679
f0:91:27:6b:7a:0a,7422,-17,2052,298.80,82.61,163,613135,817842
f0:91:27:6b:7a:0a,7423,-17,2053,298.69,82.61,81,613216,817923
f0:91:27:6b:7a:0a,7424,-17,2054,298.58,82.61,77,613293,818000
f0:91:27:6b:7a:0a,7425,-18,2055,298.48,82.61,84,613377,818084
f0:91:27:6b:7a:0a,7440,-17,2056,298.92,82.60,1193,614570,819277
f0:91:27:6b:7a:0a,7443,-17,2057,298.89,82.60,247,614817,819524
f0:91:27:6b:7a:0a,7445,-18,2058,298.82,82.60,155,614972,819679
f0:91:27:6b:7a:0a,7447,-17,2059,298.75,82.60,152,615124,819831
f0:91:27:6b:7a:0a,7448,-17,2060,298.64,82.60,82,615206,819913
f0:91:27:6b:7a:0a,7454,-17,2061,298.73,82.60,469,615675,820382
f0:91:27:6b:7a:0a,7465,-17,2062,299.00,82.59,867,616542,821249
f0:91:27:6b:7a:0a,7466,-17,2063,298.89,82.59,76,616618,821325
f0:91:27:6b:7a:0a,7469,-17,2064,298.87,82.59,240,616858,821565
f0:91:27:6b:7a:0a,7477,-17,2065,299.03,82.59,635,617493,822200
f0:91:27:6b:7a:0a,7479,-17,2066,298.96,82.59,165,617658,822365
f0:91:27:6b:7a:0a,7480,-17,2067,298.86,82.58,76,617734,822441
f0:91:27:6b:7a:0a,7481,-18,2068,298.75,82.58,76,617810,822517
f0:91:27:6b:7a:0a,7495,-18,2069,299.14,82.58,1105,618915,823622
f0:91:27:6b:7a:0a,7496,-17,2070,299.03,82.58,86,619001,823708
f0:91:27:6b:7a:0a,7497,-17,2071,298.93,82.58,81,619082,823789
f0:91:27:6b:7a:0a,7498,-18,2072,298.82,82.58,78,619160,823867
f0:91:27:6b:7a:0a,7499,-17,2073,298.71,82.58,73,619233,823940
f0:91:27:6b:7a:0a,7501,-18,2074,298.65,82.58,165,619398,824105
f0:91:27:6b:7a:0a,7502,-18,2075,298.54,82.57,74,619472,824179
f0:91:27:6b:7a:0a,7503,-16,2076,298.43,82.57,73,619545,824252
f0:91:27:6b:7a:0a,7504,-17,2077,298.33,82.57,87,619632,824339
f0:91:27:6b:7a:0a,7505,-18,2078,298.22,82.57,77,619709,824416
f0:91:27:6b:7a:0a,7516,-18,2079,298.50,82.57,878,620587,825294
f0:91:27:6b:7a:0a,7518,-17,2080,298.44,82.57,162,620749,825456
f0:91:27:6b:7a:0a,7519,-17,2081,298.34,82.57,87,620836,825543
f0:91:27:6b:7a:0a,7520,-18,2082,298.23,82.57,76,620912,825619
f0:91:27:6b:7a:0a,7522,-17,2083,298.16,82.57,156,621068,825775
f0:91:27:6b:7a:0a,7525,-18,2084,298.13,82.57,241,621309,826016
f0:91:27:6b:7a:0a,7528,-17,2085,298.10,82.56,235,621544,826251
f0:91:27:6b:7a:0a,7531,-18,2086,298.08,82.56,251,621795,826502
f0:91:27:6b:7a:0a,7532,-17,2087,297.97,82.56,78,621873,826580
f0:91:27:6b:7a:0a,7533,-17,2088,297.87,82.56,79,621952,826659
f0:91:27:6b:7a:0a,7534,-17,2089,297.77,82.56,80,622032,826739
f0:91:27:6b:7a:0a,7535,-18,2090,297.66,82.56,80,622112,826819
f0:91:27:6b:7a:0a,7538,-17,2091,297.64,82.56,244,622356,827063
f0:91:27:6b:7a:0a,7540,-18,2092,297.57,82.56,161,622517,827224
f0:91:27:6b:7a:0a,7541,-17,2093,297.47,82.56,79,622596,827303
f0:91:27:6b:7a:0a,7542,-17,2094,297.36,82.56,84,622680,827387
f0:91:27:6b:7a:0a,7543,-18,2095,297.26,82.56,77,622757,827464
f0:91:27:6b:7a:0a,7544,-18,2096,297.15,82.56,79,622836,827543
f0:91:27:6b:7a:0a,7546,-17,2097,297.09,82.56,158,622994,827701
f0:91:27:6b:7a:0a,7547,-17,2098,296.98,82.56,72,623066,827773
f0:91:27:6b:7a:0a,7548,-18,2099,296.88,82.56,88,623154,827861
f0:91:27:6b:7a:0a,7549,-18,2100,296.78,82.56,75,623229,827936
f0:91:27:6b:7a:0a,7551,-17,2101,296.71,82.56,154,623383,828090
f0:91:27:6b:7a:0a,7552,-17,2102,296.61,82.56,83,623466,828173
f0:91:27:6b:7a:0a,7553,-18,2103,296.50,82.56,77,623543,828250
f0:91:27:6b:7a:0a,7554,-17,2104,296.40,82.56,87,623630,828337
f0:91:27:6b:7a:0a,7556,-17,2105,296.34,82.56,158,623788,828495
f0:91:27:6b:7a:0a,7562,-17,2106,296.42,82.55,476,624264,828971
f0:91:27:6b:7a:0a,7565,-18,2107,296.39,82.55,237,624501,829208
f0:91:27:6b:7a:0a,7566,-18,2108,296.29,82.55,76,624577,829284
f0:91:27:6b:7a:0a,7567,-17,2109,296.19,82.55,80,624657,829364
f0:91:27:6b:7a:0a,7571,-17,2110,296.20,82.55,321,624978,829685
f0:91:27:6b:7a:0a,7580,-17,2111,296.39,82.54,708,625686,830393
f0:91:27:6b:7a:0a,7581,-17,2112,296.29,82.54,78,625764,830471
f0:91:27:6b:7a:0a,7585,-17,2113,296.30,82.54,312,626076,830783
f0:91:27:6b:7a:0a,7586,-17,2114,296.20,82.54,81,626157,830864
f0:91:27:6b:7a:0a,7587,-18,2115,296.09,82.54,72,626229,830936
f0:91:27:6b:7a:0a,7592,-18,2116,296.14,82.54,401,626630,831337
f0:91:27:6b:7a:0a,7594,-18,2117,296.08,82.54,165,626795,831502
f0:91:27:6b:7a:0a,7596,-17,2118,296.01,82.54,153,626948,831655
f0:91:27:6b:7a:0a,7597,-18,2119,295.91,82.54,78,627026,831733
f0:91:27:6b:7a:0a,7598,-17,2120,295.80,82.54,79,627105,831812
f0:91:27:6b:7a:0a,7606,-18,2121,295.97,82.53,643,627748,832455
f0:91:27:6b:7a:0a,7607,-17,2122,295.87,82.53,81,627829,832536
f0:91:27:6b:7a:0a,7614,-18,2123,295.99,82.53,549,628378,833085
f0:91:27:6b:7a:0a,7615,-17,2124,295.88,82.53,72,628450,833157
f0:91:27:6b:7a:0a,7617,-18,2125,295.82,82.53,169,628619,833326
f0:91:27:6b:7a:0a,7619,-17,2126,295.75,82.53,156,628775,833482
f0:91:27:6b:7a:0a,7622,-17,2127,295.73,82.53,249,629024,833731
f0:91:27:6b:7a:0a,7623,-16,2128,295.63,82.53,80,629104,833811
f0:91:27:6b:7a:0a,7624,-17,2129,295.53,82.53,77,629181,833888
f0:91:27:6b:7a:0a,7626,-18,2130,295.47,82.53,166,629347,834054
f0:91:27:6b:7a:0a,7627,-17,2131,295.37,82.53,76,629423,834130
f0:91:27:6b:7a:0a,7628,-18,2132,295.26,82.53,80,629503,834210
f0:91:27:6b:7a:0a,7634,-17,2133,295.35,82.52,484,629987,834694
f0:91:27:6b:7a:0a,7637,-17,2134,295.32,82.52,236,630223,834930
f0:91:27:6b:7a:0a,7684,-17,2135,296.94,82.50,3743,633966,838673
f0:91:27:6b:7a:0a,7687,-17,2136,296.91,82.50,234,634200,838907
f0:91:27:6b:7a:0a,7695,-17,2137,297.07,82.50,645,634845,839552
f0:91:27:6b:7a:0a,7696,-17,2138,296.97,82.50,76,634921,839628
f0:91:27:6b:7a:0a,7706,-18,2139,297.20,82.49,781,635702,840409
f0:91:27:6b:7a:0a,7707,-17,2140,297.09,82.49,78,635780,840487
f0:91:27:6b:7a:0a,7712,-17,2141,297.14,82.49,391,636171,840878
f0:91:27:6b:7a:0a,7719,-16,2142,297.26,82.49,562,636733,841440
f0:91:27:6b:7a:0a,7720,-17,2143,297.16,82.49,78,636811,841518
f0:91:27:6b:7a:0a,7721,-17,2144,297.06,82.49,77,636888,841595
f0:91:27:6b:7a:0a,7722,-17,2145,296.96,82.49,91,636979,841686
f0:91:27:6b:7a:0a,7723,-17,2146,296.86,82.49,75,637054,841761
f0:91:27:6b:7a:0a,7728,-17,2147,296.90,82.49,393,637447,842154
f0:91:27:6b:7a:0a,7729,-18,2148,296.80,82.48,73,637520,842227
f0:91:27:6b:7a:0a,7730,-17,2149,296.70,82.48,87,637607,842314
f0:91:27:6b:7a:0a,7734,-17,2150,296.71,82.48,325,637932,842639
f0:91:27:6b:7a:0a,7737,-17,2151,296.68,82.48,228,638160,842867
f0:91:27:6b:7a:0a,7738,-18,2152,296.58,82.48,89,638249,842956
f0:91:27:6b:7a:0a,7750,-17,2153,296.88,82.48,944,639193,843900
f0:91:27:6b:7a:0a,7751,-17,2154,296.78,82.48,79,639272,843979
f0:91:27:6b:7a:0a,7752,-18,2155,296.68,82.48,80,639352,844059
f0:91:27:6b:7a:0a,7761,-17,2156,296.87,82.47,710,640062,844769
f0:91:27:6b:7a:0a,7762,-17,2157,296.77,82.47,77,640139,844846
f0:91:27:6b:7a:0a,7765,-17,2158,296.75,82.47,241,640380,845087
f0:91:27:6b:7a:0a,7766,-17,2159,296.65,82.47,77,640457,845164
f0:91:27:6b:7a:0a,7767,-17,2160,296.54,82.47,78,640535,845242
f0:91:27:6b:7a:0a,7768,-17,2161,296.44,82.47,80,640615,845322
f0:91:27:6b:7a:0a,7769,-17,2162,296.34,82.47,81,640696,845403
f0:91:27:6b:7a:0a,7770,-18,2163,296.24,82.47,75,640771,845478
f0:91:27:6b:7a:0a,7780,-17,2164,296.49,82.47,831,641602,846309
f0:91:27:6b:7a:0a,7781,-17,2165,296.39,82.47,74,641676,846383
f0:91:27:6b:7a:0a,7782,-17,2166,296.28,82.47,75,641751,846458
f0:91:27:6b:7a:0a,7799,-17,2167,296.77,82.46,1356,643107,847814
f0:91:27:6b:7a:0a,7800,-18,2168,296.67,82.46,80,643187,847894
f0:91:27:6b:7a:0a,7813,-17,2169,297.01,82.45,1026,644213,848920
f0:91:27:6b:7a:0a,7816,-17,2170,296.98,82.45,237,644450,849157
f0:91:27:6b:7a:0a,7820,-18,2171,296.99,82.45,323,644773,849480
f0:91:27:6b:7a:0a,7822,-17,2172,296.93,82.45,162,644935,849642
f0:91:27:6b:7a:0a,7823,-18,2173,296.84,82.45,88,645023,849730
f0:91:27:6b:7a:0a,7824,-17,2174,296.74,82.45,85,645108,849815
f0:91:27:6b:7a:0a,7864,-17,2175,298.05,82.43,3159,648267,852974
f0:91:27:6b:7a:0a,7865,-17,2176,297.95,82.43,79,648346,853053
f0:91:27:6b:7a:0a,7891,-17,2177,298.78,82.43,2106,650452,855159
f0:91:27:6b:7a:0a,7892,-17,2178,298.68,82.43,78,650530,855237
f0:91:27:6b:7a:0a,7904,-18,2179,299.03,82.44,1060,651590,856297
f0:91:27:6b:7a:0a,7906,-17,2180,298.98,82.44,182,651772,856479
f0:91:27:6b:7a:0a,7960,-17,2181,301.13,82.51,4991,656763,861470
f0:91:27:6b:7a:0a,7962,-17,2182,301.08,82.51,192,656955,861662
f0:91:27:6b:7a:0a,7966,-17,2183,301.11,82.52,379,657334,862041
f0:91:27:6b:7a:0a,7967,-17,2184,301.02,82.52,93,657427,862134
f0:91:27:6b:7a:0a,7975,-17,2185,301.23,82.53,766,658193,862900
f0:91:27:6b:7a:0a,7977,-17,2186,301.18,82.53,185,658378,863085
f0:91:27:6b:7a:0a,7993,-17,2187,301.72,82.56,1491,659869,864576
f0:91:27:6b:7a:0a,7994,-18,2188,301.62,82.56,85,659954,864661
f0:91:27:6b:7a:0a,7997,-18,2189,301.61,82.56,279,660233,864940
f0:91:27:6b:7a:0a,8010,-18,2190,302.03,82.58,1202,661435,866142
f0:91:27:6b:7a:0a,8011,-17,2191,301.93,82.58,89,661524,866231
f0:91:27:6b:7a:0a,8012,-17,2192,301.84,82.58,100,661624,866331
f0:91:27:6b:7a:0a,8027,-17,2193,302.32,82.60,1370,662994,867701
f0:91:27:6b:7a:0a,8031,-17,2194,302.35,82.60,351,663345,868052
f0:91:27:6b:7a:0a,8032,-17,2195,302.25,82.60,85,663430,868137
f0:91:27:6b:7a:0a,8055,-17,2196,302.99,82.60,1940,665370,870077
f0:91:27:6b:7a:0a,8056,-18,2197,302.89,82.60,86,665456,870163
f0:91:27:6b:7a:0a,8066,-17,2198,303.14,82.61,839,666295,871002
f0:91:27:6b:7a:0a,8068,-18,2199,303.07,82.61,164,666459,871166
f0:91:27:6b:7a:0a,8072,-18,2200,303.10,82.61,351,666810,871517
f0:91:27:6b:7a:0a,8074,-18,2201,303.03,82.61,163,666973,871680
f0:91:27:6b:7a:0a,8076,-18,2202,302.97,82.61,169,667142,871849
f0:91:27:6b:7a:0a,8078,-17,2203,302.91,82.61,171,667313,872020
f0:91:27:6b:7a:0a,8079,-17,2204,302.81,82.61,91,667404,872111
f0:91:27:6b:7a:0a,8080,-17,2205,302.71,82.61,80,667484,872191
f0:91:27:6b:7a:0a,8089,-17,2206,302.92,82.61,764,668248,872955
f0:91:27:6b:7a:0a,8091,-17,2207,302.86,82.61,162,668410,873117
f0:91:27:6b:7a:0a,8092,-17,2208,302.76,82.61,90,668500,873207
f0:91:27:6b:7a:0a,8095,-17,2209,302.74,82.61,249,668749,873456
f0:91:27:6b:7a:0a,8163,-17,2210,305.08,82.60,5488,674237,878944
f0:91:27:6b:7a:0a,8164,-17,2211,304.98,82.60,74,674311,879018
f0:91:27:6b:7a:0a,8165,-17,2212,304.88,82.60,79,674390,879097
f0:91:27:6b:7a:0a,8166,-18,2213,304.77,82.59,74,674464,879171
f0:91:27:6b:7a:0a,8167,-17,2214,304.67,82.59,85,674549,879256
f0:91:27:6b:7a:0a,8169,-18,2215,304.61,82.59,154,674703,879410
f0:91:27:6b:7a:0a,8177,-18,2216,304.76,82.59,637,675340,880047
f0:91:27:6b:7a:0a,8185,-18,2217,304.90,82.59,632,675972,880679
f0:91:27:6b:7a:0a,8189,-18,2218,304.91,82.58,312,676284,880991
f0:91:27:6b:7a:0a,8191,-17,2219,304.84,82.58,160,676444,881151
f0:91:27:6b:7a:0a,8228,-17,2220,306.03,82.57,2943,679387,884094
f0:91:27:6b:7a:0a,8229,-17,2221,305.93,82.57,80,679467,884174
f0:91:27:6b:7a:0a,8230,-17,2222,305.83,82.57,87,679554,884261
f0:91:27:6b:7a:0a,8239,-18,2223,306.02,82.57,719,680273,884980
f0:91:27:6b:7a:0a,8247,-18,2224,306.16,82.56,617,680890,885597
f0:91:27:6b:7a:0a,8248,-17,2225,306.05,82.56,78,680968,885675
f0:91:27:6b:7a:0a,8251,-18,2226,306.03,82.56,245,681213,885920
f0:91:27:6b:7a:0a,8252,-17,2227,305.93,82.56,85,681298,886005
f0:91:27:6b:7a:0a,8254,-17,2228,305.86,82.56,148,681446,886153
f0:91:27:6b:7a:0a,8255,-18,2229,305.75,82.56,79,681525,886232
f0:91:27:6b:7a:0a,8256,-17,2230,305.65,82.56,74,681599,886306
f0:91:27:6b:7a:0a,8262,-17,2231,305.73,82.56,474,682073,886780
f0:91:27:6b:7a:0a,8263,-18,2232,305.63,82.56,84,682157,886864
f0:91:27:6b:7a:0a,8269,-17,2233,305.70,82.55,477,682634,887341
f0:91:27:6b:7a:0a,8274,-17,2234,305.74,82.55,397,683031,887738
f0:91:27:6b:7a:0a,8275,-17,2235,305.64,82.55,81,683112,887819
f0:91:27:6b:7a:0a,8277,-18,2236,305.58,82.55,158,683270,887977
f0:91:27:6b:7a:0a,8289,-17,2237,305.88,82.55,975,684245,888952
f0:91:27:6b:7a:0a,8292,-18,2238,305.84,82.55,234,684479,889186
f0:91:27:6b:7a:0a,8294,-17,2239,305.78,82.55,163,684642,889349
f0:91:27:6b:7a:0a,8296,-17,2240,305.71,82.55,156,684798,889505
f0:91:27:6b:7a:0a,8299,-17,2241,305.68,82.54,240,685038,889745
f0:91:27:6b:7a:0a,8300,-18,2242,305.58,82.54,82,685120,889827
f0:91:27:6b:7a:0a,8312,-17,2243,305.87,82.54,953,686073,890780
f0:91:27:6b:7a:0a,8313,-17,2244,305.77,82.54,80,686153,890860
f0:91:27:6b:7a:0a,8315,-17,2245,305.71,82.54,159,686312,891019
f0:91:27:6b:7a:0a,8316,-17,2246,305.61,82.54,82,686394,891101
f0:91:27:6b:7a:0a,8318,-18,2247,305.54,82.54,147,686541,891248
f0:91:27:6b:7a:0a,8320,-17,2248,305.48,82.54,171,686712,891419
f0:91:27:6b:7a:0a,8352,-17,2249,306.48,82.53,2561,689273,893980
f0:91:27:6b:7a:0a,8353,-18,2250,306.38,82.53,75,689348,894055
f0:91:27:6b:7a:0a,8354,-17,2251,306.28,82.53,88,689436,894143
f0:91:27:6b:7a:0a,8366,-17,2252,306.56,82.52,938,690374,895081
f0:91:27:6b:7a:0a,8367,-17,2253,306.46,82.52,87,690461,895168
f0:91:27:6b:7a:0a,8368,-17,2254,306.36,82.52,80,690541,895248
f0:91:27:6b:7a:0a,8370,-17,2255,306.29,82.52,153,690694,895401
f0:91:27:6b:7a:0a,8372,-17,2256,306.23,82.52,162,690856,895563
f0:91:27:6b:7a:0a,8373,-17,2257,306.13,82.52,73,690929,895636
f0:91:27:6b:7a:0a,8374,-17,2258,306.03,82.52,82,691011,895718
f0:91:27:6b:7a:0a,8388,-17,2259,306.40,82.52,1137,692148,896855
f0:91:27:6b:7a:0a,8390,-17,2260,306.33,82.52,159,692307,897014
f0:91:27:6b:7a:0a,8392,-17,2261,306.26,82.51,153,692460,897167
f0:91:27:6b:7a:0a,8394,-18,2262,306.20,82.51,163,692623,897330
f0:91:27:6b:7a:0a,8395,-18,2263,306.10,82.51,74,692697,897404
f0:91:27:6b:7a:0a,8396,-16,2264,306.00,82.51,79,692776,897483
f0:91:27:6b:7a:0a,8410,-18,2265,306.36,82.51,1122,693898,898605
f0:91:27:6b:7a:0a,8411,-17,2266,306.25,82.51,75,693973,898680
f0:91:27:6b:7a:0a,8423,-17,2267,306.55,82.51,969,694942,899649
f0:91:27:6b:7a:0a,8426,-18,2268,306.51,82.50,230,695172,899879
f0:91:27:6b:7a:0a,8435,-17,2269,306.70,82.50,724,695896,900603
f0:91:27:6b:7a:0a,8436,-17,2270,306.60,82.50,76,695972,900679
f0:91:27:6b:7a:0a,8439,-18,2271,306.57,82.50,241,696213,900920
f0:91:27:6b:7a:0a,8442,-17,2272,306.54,82.50,235,696448,901155
f0:91:27:6b:7a:0a,8443,-17,2273,306.44,82.50,92,696540,901247
f0:91:27:6b:7a:0a,8445,-18,2274,306.37,82.50,152,696692,901399
f0:91:27:6b:7a:0a,8447,-17,2275,306.31,82.50,157,696849,901556
f0:91:27:6b:7a:0a,8448,-18,2276,306.21,82.50,86,696935,901642
f0:91:27:6b:7a:0a,8464,-18,2277,306.63,82.49,1272,698207,902914
f0:91:27:6b:7a:0a,8470,-18,2278,306.71,82.49,484,698691,903398
f0:91:27:6b:7a:0a,8471,-17,2279,306.61,82.49,77,698768,903475
f0:91:27:6b:7a:0a,8611,-17,2280,311.38,82.45,11175,709943,914650
f0:91:27:6b:7a:0a,8612,-17,2281,311.28,82.45,86,710029,914736
f0:91:27:6b:7a:0a,8650,-17,2282,312.67,82.49,3482,713511,918218
f0:91:27:6b:7a:0a,8662,-17,2283,313.03,82.50,1128,714639,919346
f0:91:27:6b:7a:0a,8665,-17,2284,313.02,82.51,289,714928,919635
f0:91:27:6b:7a:0a,8666,-17,2285,312.92,82.51,91,715019,919726
f0:91:27:6b:7a:0a,8668,-18,2286,312.87,82.51,192,715211,919918
f0:91:27:6b:7a:0a,8671,-17,2287,312.85,82.52,285,715496,920203
f0:91:27:6b:7a:0a,8672,-17,2288,312.76,82.52,93,715589,920296
f0:91:27:6b:7a:0a,8674,-17,2289,312.71,82.52,195,715784,920491
f0:91:27:6b:7a:0a,8675,-17,2290,312.61,82.52,95,715879,920586
f0:91:27:6b:7a:0a,8687,-17,2291,312.97,82.54,1130,717009,921716
f0:91:27:6b:7a:0a,8688,-17,2292,312.87,82.54,94,717103,921810
f0:91:27:6b:7a:0a,8689,-18,2293,312.78,82.54,94,717197,921904
f0:91:27:6b:7a:0a,8711,-18,2294,313.53,82.57,2051,719248,923955
f0:91:27:6b:7a:0a,8712,-17,2295,313.44,82.57,92,719340,924047
f0:91:27:6b:7a:0a,8713,-17,2296,313.34,82.57,93,719433,924140
f0:91:27:6b:7a:0a,8723,-17,2297,313.61,82.58,931,720364,925071
f0:91:27:6b:7a:0a,8741,-18,2298,314.18,82.60,1623,721987,926694
f0:91:27:6b:7a:0a,8754,-18,2299,314.54,82.61,1140,723127,927834
f0:91:27:6b:7a:0a,8782,-18,2300,315.42,82.61,2341,725468,930175
f0:91:27:6b:7a:0a,8783,-17,2301,315.32,82.61,84,725552,930259
f0:91:27:6b:7a:0a,8784,-17,2302,315.22,82.61,89,725641,930348
f0:91:27:6b:7a:0a,8787,-17,2303,315.20,82.61,256,725897,930604
f0:91:27:6b:7a:0a,8793,-16,2304,315.28,82.61,510,726407,931114
f0:91:27:6b:7a:0a,8794,-17,2305,315.18,82.61,77,726484,931191
f0:91:27:6b:7a:0a,8795,-18,2306,315.08,82.61,84,726568,931275
f0:91:27:6b:7a:0a,8807,-17,2307,315.39,82.62,1035,727603,932310
f0:91:27:6b:7a:0a,8809,-18,2308,315.32,82.62,158,727761,932468
f0:91:27:6b:7a:0a,8810,-17,2309,315.22,82.62,84,727845,932552
f0:91:27:6b:7a:0a,8811,-18,2310,315.12,82.62,85,727930,932637
f0:91:27:6b:7a:0a,8812,-17,2311,315.02,82.62,83,728013,932720
f0:91:27:6b:7a:0a,8840,-18,2312,315.85,82.61,2240,730253,934960
f0:91:27:6b:7a:0a,8841,-17,2313,315.75,82.61,83,730336,935043
f0:91:27:6b:7a:0a,8842,-17,2314,315.65,82.61,78,730414,935121
f0:91:27:6b:7a:0a,8844,-18,2315,315.58,82.61,152,730566,935273
f0:91:27:6b:7a:0a,8849,-18,2316,315.62,82.61,417,730983,935690
f0:91:27:6b:7a:0a,8851,-17,2317,315.56,82.61,158,731141,935848
f0:91:27:6b:7a:0a,8852,-16,2318,315.46,82.61,93,731234,935941
f0:91:27:6b:7a:0a,8853,-17,2319,315.36,82.61,81,731315,936022
f0:91:27:6b:7a:0a,8854,-18,2320,315.26,82.61,78,731393,936100
f0:91:27:6b:7a:0a,8855,-17,2321,315.16,82.61,82,731475,936182
f0:91:27:6b:7a:0a,8856,-17,2322,315.05,82.61,77,731552,936259
f0:91:27:6b:7a:0a,8861,-18,2323,315.09,82.60,410,731962,936669
f0:91:27:6b:7a:0a,8862,-18,2324,314.99,82.60,73,732035,936742
f0:91:27:6b:7a:0a,8864,-18,2325,314.93,82.60,174,732209,936916
f0:91:27:6b:7a:0a,8867,-18,2326,314.90,82.60,244,732453,937160
f0:91:27:6b:7a:0a,8868,-17,2327,314.80,82.60,83,732536,937243
f0:91:27:6b:7a:0a,8870,-18,2328,314.73,82.60,161,732697,937404
f0:91:27:6b:7a:0a,8872,-17,2329,314.67,82.60,162,732859,937566
f0:91:27:6b:7a:0a,8874,-17,2330,314.60,82.60,157,733016,937723
f0:91:27:6b:7a:0a,8876,-17,2331,314.53,82.60,154,733170,937877
f0:91:27:6b:7a:0a,8877,-17,2332,314.43,82.60,81,733251,937958
f0:91:27:6b:7a:0a,8887,-17,2333,314.64,82.60,815,734066,938773
f0:91:27:6b:7a:0a,8907,-18,2334,315.19,82.59,1583,735649,940356
f0:91:27:6b:7a:0a,8911,-17,2335,315.19,82.59,325,735974,940681
f0:91:27:6b:7a:0a,8918,-18,2336,315.29,82.59,554,736528,941235
f0:91:27:6b:7a:0a,8929,-17,2337,315.53,82.58,872,737400,942107
f0:91:27:6b:7a:0a,8933,-17,2338,315.53,82.58,312,737712,942419
f0:91:27:6b:7a:0a,8934,-17,2339,315.43,82.58,85,737797,942504
f0:91:27:6b:7a:0a,8937,-17,2340,315.40,82.58,231,738028,942735
f0:91:27:6b:7a:0a,8955,-18,2341,315.89,82.58,1461,739489,944196
f0:91:27:6b:7a:0a,8960,-17,2342,315.92,82.58,394,739883,944590
f0:91:27:6b:7a:0a,8967,-17,2343,316.02,82.57,551,740434,945141
f0:91:27:6b:7a:0a,8976,-17,2344,316.19,82.57,709,741143,945850
f0:91:27:6b:7a:0a,8978,-17,2345,316.12,82.57,161,741304,946011
f0:91:27:6b:7a:0a,8979,-17,2346,316.02,82.57,82,741386,946093
f0:91:27:6b:7a:0a,8998,-18,2347,316.52,82.56,1495,742881,947588
f0:91:27:6b:7a:0a,9008,-17,2348,316.72,82.56,782,743663,948370
f0:91:27:6b:7a:0a,9009,-18,2349,316.62,82.55,70,743733,948440
f0:91:27:6b:7a:0a,9010,-18,2350,316.52,82.55,79,743812,948519
f0:91:27:6b:7a:0a,9012,-17,2351,316.45,82.55,155,743967,948674
f0:91:27:6b:7a:0a,9016,-18,2352,316.45,82.55,320,744287,948994
f0:91:27:6b:7a:0a,9017,-17,2353,316.35,82.55,76,744363,949070
f0:91:27:6b:7a:0a,9030,-17,2354,316.66,82.55,1043,745406,950113
f0:91:27:6b:7a:0a,9033,-17,2355,316.62,82.55,241,745647,950354
f0:91:27:6b:7a:0a,9038,-18,2356,316.66,82.55,395,746042,950749
f0:91:27:6b:7a:0a,9039,-17,2357,316.56,82.55,84,746126,950833
f0:91:27:6b:7a:0a,9046,-17,2358,316.67,82.54,572,746698,951405
f0:91:27:6b:7a:0a,9049,-18,2359,316.63,82.54,236,746934,951641
f0:91:27:6b:7a:0a,9050,-17,2360,316.53,82.54,79,747013,951720
f0:91:27:6b:7a:0a,9066,-17,2361,316.95,82.54,1302,748315,953022
f0:91:27:6b:7a:0a,9072,-17,2362,317.02,82.54,488,748803,953510
f0:91:27:6b:7a:0a,9075,-18,2363,316.98,82.54,230,749033,953740
f0:91:27:6b:7a:0a,9076,-17,2364,316.88,82.54,78,749111,953818
f0:91:27:6b:7a:0a,9078,-18,2365,316.82,82.54,168,749279,953986
f0:91:27:6b:7a:0a,9080,-17,2366,316.75,82.54,159,749438,954145
f0:91:27:6b:7a:0a,9086,-17,2367,316.82,82.53,472,749910,954617
f0:91:27:6b:7a:0a,9087,-18,2368,316.72,82.54,87,749997,954704
f0:91:27:6b:7a:0a,9089,-18,2369,316.66,82.54,168,750165,954872
f0:91:27:6b:7a:0a,9118,-17,2370,317.50,82.53,2301,752466,957173
f0:91:27:6b:7a:0a,9119,-17,2371,317.40,82.53,83,752549,957256
f0:91:27:6b:7a:0a,9121,-17,2372,317.33,82.52,154,752703,957410
f0:91:27:6b:7a:0a,9132,-17,2373,317.57,82.52,901,753604,958311
f0:91:27:6b:7a:0a,9135,-17,2374,317.54,82.52,241,753845,958552
f0:91:27:6b:7a:0a,9136,-18,2375,317.44,82.52,84,753929,958636
f0:91:27:6b:7a:0a,9140,-17,2376,317.45,82.52,332,754261,958968
f0:91:27:6b:7a:0a,9145,-18,2377,317.48,82.52,391,754652,959359
f0:91:27:6b:7a:0a,9146,-17,2378,317.38,82.52,79,754731,959438
f0:91:27:6b:7a:0a,9151,-17,2379,317.41,82.52,395,755126,959833
f0:91:27:6b:7a:0a,9175,-17,2380,318.08,82.51,1906,757032,961739
f0:91:27:6b:7a:0a,9188,-18,2381,318.37,82.50,1016,758048,962755
f0:91:27:6b:7a:0a,9198,-17,2382,318.57,82.50,796,758844,963551
f0:91:27:6b:7a:0a,9202,-17,2383,318.57,82.50,313,759157,963864
f0:91:27:6b:7a:0a,9204,-17,2384,318.51,82.50,163,759320,964027
f0:91:27:6b:7a:0a,9205,-17,2385,318.40,82.50,73,759393,964100
f0:91:27:6b:7a:0a,9206,-17,2386,318.31,82.50,83,759476,964183
f0:91:27:6b:7a:0a,9207,-18,2387,318.20,82.50,79,759555,964262
f0:91:27:6b:7a:0a,9208,-17,2388,318.11,82.50,80,759635,964342
f0:91:27:6b:7a:0a,9211,-18,2389,318.07,82.50,235,759870,964577
f0:91:27:6b:7a:0a,9218,-17,2390,318.18,82.50,574,760444,965151
f0:91:27:6b:7a:0a,9219,-18,2391,318.08,82.49,77,760521,965228
f0:91:27:6b:7a:0a,9222,-17,2392,318.04,82.49,240,760761,965468
f0:91:27:6b:7a:0a,9223,-17,2393,317.95,82.49,90,760851,965558
f0:91:27:6b:7a:0a,9233,-17,2394,318.14,82.49,787,761638,966345
f0:91:27:6b:7a:0a,9235,-17,2395,318.08,82.49,171,761809,966516
f0:91:27:6b:7a:0a,9237,-17,2396,318.02,82.49,169,761978,966685
f0:91:27:6b:7a:0a,9238,-17,2397,317.92,82.49,72,762050,966757
f0:91:27:6b:7a:0a,9254,-18,2398,318.32,82.49,1275,763325,968032
f0:91:27:6b:7a:0a,9257,-17,2399,318.29,82.49,245,763570,968277
f0:91:27:6b:7a:0a,9258,-17,2400,318.19,82.49,80,763650,968357
f0:91:27:6b:7a:0a,9259,-17,2401,318.08,82.48,72,763722,968429
f0:91:27:6b:7a:0a,9261,-17,2402,318.02,82.48,162,763884,968591
f0:91:27:6b:7a:0a,9265,-16,2403,318.02,82.48,312,764196,968903
f0:91:27:6b:7a:0a,9271,-17,2404,318.08,82.48,472,764668,969375
f0:91:27:6b:7a:0a,9273,-17,2405,318.02,82.48,159,764827,969534
f0:91:27:6b:7a:0a,9280,-17,2406,318.13,82.48,586,765413,970120
f0:91:27:6b:7a:0a,9281,-17,2407,318.03,82.48,77,765490,970197
f0:91:27:6b:7a:0a,9282,-18,2408,317.93,82.48,80,765570,970277
f0:91:27:6b:7a:0a,9283,-17,2409,317.83,82.48,85,765655,970362
f0:91:27:6b:7a:0a,9284,-17,2410,317.73,82.48,77,765732,970439
f0:91:27:6b:7a:0a,9285,-18,2411,317.63,82.48,84,765816,970523
f0:91:27:6b:7a:0a,9286,-17,2412,317.54,82.48,82,765898,970605
f0:91:27:6b:7a:0a,9291,-17,2413,317.57,82.48,387,766285,970992
f0:91:27:6b:7a:0a,9292,-17,2414,317.47,82.48,83,766368,971075
f0:91:27:6b:7a:0a,9298,-17,2415,317.54,82.47,484,766852,971559
f0:91:27:6b:7a:0a,9316,-18,2416,317.99,82.47,1421,768273,972980
f0:91:27:6b:7a:0a,9318,-17,2417,317.93,82.47,155,768428,973135
f0:91:27:6b:7a:0a,9322,-17,2418,317.93,82.47,318,768746,973453
f0:91:27:6b:7a:0a,9331,-18,2419,318.10,82.47,737,769483,974190
f0:91:27:6b:7a:0a,9339,-18,2420,318.26,82.47,715,770198,974905
f0:91:27:6b:7a:0a,9397,-17,2421,320.36,82.54,5398,775596,980303
f0:91:27:6b:7a:0a,9398,-18,2422,320.27,82.54,90,775686,980393
f0:91:27:6b:7a:0a,9405,-17,2423,320.41,82.55,656,776342,981049
f0:91:27:6b:7a:0a,9426,-17,2424,321.09,82.57,1973,778315,983022
f0:91:27:6b:7a:0a,9434,-18,2425,321.26,82.58,736,779051,983758
f0:91:27:6b:7a:0a,9435,-17,2426,321.16,82.58,89,779140,983847
f0:91:27:6b:7a:0a,9437,-17,2427,321.11,82.58,189,779329,984036
f0:91:27:6b:7a:0a,9461,-17,2428,321.89,82.61,2208,781537,986244
f0:91:27:6b:7a:0a,9464,-18,2429,321.86,82.61,263,781800,986507
f0:91:27:6b:7a:0a,9465,-17,2430,321.77,82.61,89,781889,986596
f0:91:27:6b:7a:0a,9467,-18,2431,321.71,82.61,192,782081,986788
f0:91:27:6b:7a:0a,9468,-17,2432,321.61,82.61,85,782166,986873
f0:91:27:6b:7a:0a,9471,-17,2433,321.59,82.61,258,782424,987131
f0:91:27:6b:7a:0a,9534,-17,2434,323.61,82.62,5247,787671,992378
f0:91:27:6b:7a:0a,9535,-18,2435,323.51,82.62,80,787751,992458
f0:91:27:6b:7a:0a,9537,-18,2436,323.45,82.62,168,787919,992626
f0:91:27:6b:7a:0a,9538,-17,2437,323.35,82.62,84,788003,992710
f0:91:27:6b:7a:0a,9539,-18,2438,323.25,82.62,82,788085,992792
f0:91:27:6b:7a:0a,9545,-17,2439,323.31,82.62,480,788565,993272
f0:91:27:6b:7a:0a,9546,-18,2440,323.21,82.62,78,788643,993350
f0:91:27:6b:7a:0a,9547,-17,2441,323.11,82.61,77,788720,993427
f0:91:27:6b:7a:0a,9559,-17,2442,323.37,82.61,949,789669,994376
f0:91:27:6b:7a:0a,9576,-18,2443,323.79,82.60,1345,791014,995721
f0:91:27:6b:7a:0a,9589,-17,2444,324.07,82.60,1016,792030,996737
f0:91:27:6b:7a:0a,9591,-17,2445,324.00,82.60,156,792186,996893
f0:91:27:6b:7a:0a,9665,-18,2446,326.28,82.57,5899,798085,1002792
f0:91:27:6b:7a:0a,9667,-17,2447,326.21,82.57,149,798234,1002941
f0:91:27:6b:7a:0a,9668,-17,2448,326.11,82.57,83,798317,1003024
f0:91:27:6b:7a:0a,9669,-17,2449,326.01,82.57,73,798390,1003097
f0:91:27:6b:7a:0a,9684,-17,2450,326.35,82.57,1173,799563,1004270
f0:91:27:6b:7a:0a,9949,-17,2451,334.83,82.49,21112,820675,1025382
f0:91:27:6b:7a:0a,9955,-17,2452,334.89,82.49,477,821152,1025859
f0:91:27:6b:7a:0a,9958,-17,2453,334.85,82.49,247,821399,1026106
f0:91:27:6b:7a:0a,9962,-17,2454,334.85,82.49,321,821720,1026427
f0:91:27:6b:7a:0a,9973,-18,2455,335.06,82.48,861,822581,1027288
f0:91:27:6b:7a:0a,9975,-17,2456,334.99,82.48,157,822738,1027445
f0:91:27:6b:7a:0a,9981,-17,2457,335.05,82.48,490,823228,1027935
f0:91:27:6b:7a:0a,9998,-17,2458,335.48,82.48,1383,824611,1029318
f0:91:27:6b:7a:0a,10002,-18,2459,335.48,82.48,329,824940,1029647
f0:91:27:6b:7a:0a,10005,-18,2460,335.44,82.48,239,825179,1029886
f0:91:27:6b:7a:0a,10018,-17,2461,335.71,82.47,1013,826192,1030899
f0:91:27:6b:7a:0a,10403,-18,2462,348.88,82.57,32756,858948,1063655
f0:91:27:6b:7a:0a,10487,-18,2463,351.45,82.54,6666,865614,1070321
f0:91:27:6b:7a:0a,10488,-17,2464,351.34,82.54,85,865699,1070406
f0:91:27:6b:7a:0a,10500,-18,2465,351.58,82.54,955,866654,1071361
f0:91:27:6b:7a:0a,10509,-18,2466,351.73,82.54,720,867374,1072081
f0:91:27:6b:7a:0a,10514,-17,2467,351.75,82.53,396,867770,1072477
f0:91:27:6b:7a:0a,10516,-18,2468,351.68,82.53,164,867934,1072641
f0:91:27:6b:7a:0a,10517,-17,2469,351.56,82.53,76,868010,1072717
f0:91:27:6b:7a:0a,10520,-17,2470,351.52,82.53,244,868254,1072961
f0:91:27:6b:7a:0a,10521,-18,2471,351.41,82.53,79,868333,1073040
f0:91:27:6b:7a:0a,10522,-17,2472,351.30,82.53,84,868417,1073124
f0:91:27:6b:7a:0a,10525,-17,2473,351.25,82.53,235,868652,1073359
f0:91:27:6b:7a:0a,10539,-17,2474,351.56,82.53,1117,869769,1074476
f0:91:27:6b:7a:0a,10540,-17,2475,351.46,82.53,83,869852,1074559
f0:91:27:6b:7a:0a,10543,-17,2476,351.41,82.53,243,870095,1074802
f0:91:27:6b:7a:0a,10550,-17,2477,351.50,82.53,561,870656,1075363
f0:91:27:6b:7a:0a,10552,-17,2478,351.42,82.53,155,870811,1075518
f0:91:27:6b:7a:0a,10557,-17,2479,351.43,82.52,392,871203,1075910
f0:91:27:6b:7a:0a,10558,-17,2480,351.32,82.52,73,871276,1075983
f0:91:27:6b:7a:0a,10562,-17,2481,351.31,82.52,319,871595,1076302
f0:91:27:6b:7a:0a,10569,-18,2482,351.39,82.52,563,872158,1076865
f0:91:27:6b:7a:0a,10570,-17,2483,351.28,82.52,73,872231,1076938
f0:91:27:6b:7a:0a,10584,-18,2484,351.59,82.52,1110,873341,1078048
f0:91:27:6b:7a:0a,10586,-17,2485,351.51,82.52,165,873506,1078213
f0:91:27:6b:7a:0a,10594,-17,2486,351.63,82.51,656,874162,1078869
f0:91:27:6b:7a:0a,10597,-17,2487,351.58,82.51,226,874388,1079095
f0:91:27:6b:7a:0a,10598,-17,2488,351.47,82.51,80,874468,1079175
f0:91:27:6b:7a:0a,10599,-17,2489,351.36,82.51,78,874546,1079253
f0:91:27:6b:7a:0a,10600,-17,2490,351.26,82.51,84,874630,1079337
f0:91:27:6b:7a:0a,10610,-17,2491,351.43,82.51,788,875418,1080125
f0:91:27:6b:7a:0a,10611,-17,2492,351.32,82.51,71,875489,1080196
f0:91:27:6b:7a:0a,10612,-18,2493,351.22,82.51,92,875581,1080288
f0:91:27:6b:7a:0a,10613,-18,2494,351.10,82.51,73,875654,1080361
f0:91:27:6b:7a:0a,10614,-17,2495,351.00,82.51,79,875733,1080440
f0:91:27:6b:7a:0a,10615,-18,2496,350.89,82.51,82,875815,1080522
f0:91:27:6b:7a:0a,10616,-17,2497,350.78,82.51,76,875891,1080598
f0:91:27:6b:7a:0a,10620,-17,2498,350.77,82.51,324,876215,1080922
f0:91:27:6b:7a:0a,10629,-17,2499,350.91,82.50,707,876922,1081629
f0:91:27:6b:7a:0a,10630,-17,2500,350.80,82.50,76,876998,1081705
f0:91:27:6b:7a:0a,10635,-18,2501,350.81,82.50,389,877387,1082094
f0:91:27:6b:7a:0a,10636,-17,2502,350.71,82.50,81,877468,1082175
f0:91:27:6b:7a:0a,10641,-17,2503,350.73,82.50,416,877884,1082591
f0:91:27:6b:7a:0a,10642,-18,2504,350.63,82.50,88,877972,1082679
f0:91:27:6b:7a:0a,10643,-17,2505,350.52,82.50,78,878050,1082757
f0:91:27:6b:7a:0a,10645,-17,2506,350.45,82.50,173,878223,1082930
f0:91:27:6b:7a:0a,10649,-18,2507,350.44,82.50,322,878545,1083252
f0:91:27:6b:7a:0a,10650,-17,2508,350.33,82.50,86,878631,1083338
f0:91:27:6b:7a:0a,10655,-18,2509,350.35,82.50,393,879024,1083731
f0:91:27:6b:7a:0a,10681,-17,2510,351.04,82.49,2084,881108,1085815
f0:91:27:6b:7a:0a,10683,-17,2511,350.96,82.49,155,881263,1085970
f0:91:27:6b:7a:0a,10684,-17,2512,350.85,82.49,76,881339,1086046
f0:91:27:6b:7a:0a,10699,-17,2513,351.19,82.49,1194,882533,1087240
f0:91:27:6b:7a:0a,10724,-17,2514,351.83,82.48,1970,884503,1089210
f0:91:27:6b:7a:0a,10726,-18,2515,351.75,82.48,159,884662,1089369
f0:91:27:6b:7a:0a,10738,-18,2516,352.00,82.48,963,885625,1090332
f0:91:27:6b:7a:0a,10749,-17,2517,352.20,82.47,870,886495,1091202
f0:91:27:6b:7a:0a,10778,-18,2518,352.98,82.46,2311,888806,1093513
f0:91:27:6b:7a:0a,10780,-17,2519,352.90,82.46,150,888956,1093663
f0:91:27:6b:7a:0a,10794,-17,2520,353.23,82.47,1175,890131,1094838
f0:91:27:6b:7a:0a,10800,-18,2521,353.29,82.47,514,890645,1095352
f0:91:27:6b:7a:0a,10801,-18,2522,353.19,82.47,95,890740,1095447
f0:91:27:6b:7a:0a,10806,-17,2523,353.23,82.47,467,891207,1095914
f0:91:27:6b:7a:0a,10845,-17,2524,354.53,82.51,3620,894827,1099534
f0:91:27:6b:7a:0a,10848,-17,2525,354.50,82.51,280,895107,1099814
f0:91:27:6b:7a:0a,10849,-17,2526,354.40,82.52,99,895206,1099913
f0:91:27:6b:7a:0a,10854,-17,2527,354.44,82.52,475,895681,1100388
f0:91:27:6b:7a:0a,10855,-17,2528,354.34,82.52,90,895771,1100478
f0:91:27:6b:7a:0a,10862,-17,2529,354.46,82.53,667,896438,1101145
f0:91:27:6b:7a:0a,10863,-17,2530,354.36,82.53,89,896527,1101234
f0:91:27:6b:7a:0a,10864,-18,2531,354.25,82.53,91,896618,1101325
f0:91:27:6b:7a:0a,10875,-18,2532,354.52,82.54,1037,897655,1102362
f0:91:27:6b:7a:0a,10876,-18,2533,354.42,82.54,98,897753,1102460
f0:91:27:6b:7a:0a,10877,-17,2534,354.32,82.55,91,897844,1102551
f0:91:27:6b:7a:0a,10878,-18,2535,354.21,82.55,90,897934,1102641
f0:91:27:6b:7a:0a,10916,-17,2536,355.46,82.58,3504,901438,1106145
f0:91:27:6b:7a:0a,10950,-17,2537,356.50,82.60,2998,904436,1109143
f0:91:27:6b:7a:0a,10976,-18,2538,357.22,82.60,2188,906624,1111331
f0:91:27:6b:7a:0a,10979,-17,2539,357.18,82.60,256,906880,1111587
f0:91:27:6b:7a:0a,10981,-17,2540,357.11,82.60,172,907052,1111759
f0:91:27:6b:7a:0a,10988,-17,2541,357.20,82.60,583,907635,1112342
f0:91:27:6b:7a:0a,10989,-17,2542,357.09,82.60,85,907720,1112427
f0:91:27:6b:7a:0a,10996,-17,2543,357.18,82.60,587,908307,1113014
f0:91:27:6b:7a:0a,11032,-17,2544,358.19,82.60,2924,911231,1115938
f0:91:27:6b:7a:0a,11045,-17,2545,358.46,82.60,1044,912275,1116982
f0:91:27:6b:7a:0a,11046,-18,2546,358.35,82.60,76,912351,1117058
f0:91:27:6b:7a:0a,11047,-17,2547,358.24,82.60,80,912431,1117138
f0:91:27:6b:7a:0a,11049,-17,2548,358.16,82.59,158,912589,1117296
f0:91:27:6b:7a:0a,11086,-17,2549,359.18,82.59,2952,915541,1120248
f0:91:27:6b:7a:0a,11093,-17,2550,359.25,82.58,559,916100,1120807
f0:91:27:6b:7a:0a,11094,-17,2551,359.15,82.58,81,916181,1120888
f0:91:27:6b:7a:0a,11097,-17,2552,359.10,82.58,238,916419,1121126
f0:91:27:6b:7a:0a,11099,-18,2553,359.02,82.58,161,916580,1121287
f0:91:27:6b:7a:0a,11100,-17,2554,358.91,82.58,75,916655,1121362
f0:91:27:6b:7a:0a,11101,-17,2555,358.80,82.58,80,916735,1121442
f0:91:27:6b:7a:0a,11102,-18,2556,358.69,82.58,80,916815,1121522
f0:91:27:6b:7a:0a,11103,-17,2557,358.58,82.58,83,916898,1121605
f0:91:27:6b:7a:0a,11105,-18,2558,358.51,82.58,158,917056,1121763
f0:91:27:6b:7a:0a,11116,-18,2559,358.71,82.58,873,917929,1122636
f0:91:27:6b:7a:0a,11139,-17,2560,359.27,82.57,1813,919742,1124449
f0:91:27:6b:7a:0a,11152,-18,2561,359.53,82.56,1018,920760,1125467
f0:91:27:6b:7a:0a,11159,-17,2562,359.60,82.56,547,921307,1126014
f0:91:27:6b:7a:0a,11160,-18,2563,359.49,82.56,76,921383,1126090
f0:91:27:6b:7a:0a,11161,-17,2564,359.39,82.56,85,921468,1126175
f0:91:27:6b:7a:0a,11163,-17,2565,359.31,82.56,152,921620,1126327
f0:91:27:6b:7a:0a,11225,-17,2566,361.12,82.55,5024,926644,1131351
f0:91:27:6b:7a:0a,11229,-17,2567,361.11,82.55,338,926982,1131689
f0:91:27:6b:7a:0a,11231,-17,2568,361.03,82.55,153,927135,1131842
f0:91:27:6b:7a:0a,11233,-17,2569,360.96,82.55,166,927301,1132008
f0:91:27:6b:7a:0a,11234,-18,2570,360.85,82.55,81,927382,1132089
f0:91:27:6b:7a:0a,11255,-17,2571,361.37,82.55,1690,929072,1133779
f0:91:27:6b:7a:0a,11266,-17,2572,361.57,82.55,895,929967,1134674
f0:91:27:6b:7a:0a,11286,-17,2573,362.06,82.54,1602,931569,1136276
f0:91:27:6b:7a:0a,11304,-17,2574,362.47,82.54,1428,932997,1137704
f0:91:27:6b:7a:0a,11307,-17,2575,362.43,82.54,248,933245,1137952
f0:91:27:6b:7a:0a,11310,-17,2576,362.38,82.54,234,933479,1138186
f0:91:27:6b:7a:0a,11313,-17,2577,362.33,82.53,239,933718,1138425
f0:91:27:6b:7a:0a,11317,-16,2578,362.31,82.53,312,934030,1138737
f0:91:27:6b:7a:0a,11319,-17,2579,362.23,82.53,160,934190,1138897
f0:91:27:6b:7a:0a,11322,-17,2580,362.18,82.53,239,934429,1139136
f0:91:27:6b:7a:0a,11325,-17,2581,362.13,82.53,229,934658,1139365
f0:91:27:6b:7a:0a,11327,-17,2582,362.05,82.53,161,934819,1139526
f0:91:27:6b:7a:0a,11328,-17,2583,361.95,82.53,94,934913,1139620
f0:91:27:6b:7a:0a,11330,-18,2584,361.87,82.53,157,935070,1139777
f0:91:27:6b:7a:0a,11344,-18,2585,362.16,82.53,1115,936185,1140892
f0:91:27:6b:7a:0a,11345,-17,2586,362.05,82.53,75,936260,1140967
f0:91:27:6b:7a:0a,11350,-17,2587,362.06,82.52,390,936650,1141357
f0:91:27:6b:7a:0a,11402,-18,2588,363.53,82.51,4174,940824,1145531
f0:91:27:6b:7a:0a,11403,-18,2589,363.42,82.51,75,940899,1145606
f0:91:27:6b:7a:0a,11404,-17,2590,363.31,82.51,79,940978,1145685
f0:91:27:6b:7a:0a,11406,-17,2591,363.23,82.51,155,941133,1145840
f0:91:27:6b:7a:0a,11409,-18,2592,363.19,82.51,246,941379,1146086
f0:91:27:6b:7a:0a,11411,-17,2593,363.11,82.51,155,941534,1146241
f0:91:27:6b:7a:0a,11432,-18,2594,363.61,82.51,1668,943202,1147909
f0:91:27:6b:7a:0a,11436,-18,2595,363.59,82.50,312,943514,1148221
f0:91:27:6b:7a:0a,11437,-17,2596,363.48,82.50,79,943593,1148300
f0:91:27:6b:7a:0a,11438,-17,2597,363.37,82.50,85,943678,1148385
f0:91:27:6b:7a:0a,11440,-17,2598,363.29,82.50,161,943839,1148546
f0:91:27:6b:7a:0a,11441,-17,2599,363.18,82.50,74,943913,1148620
f0:91:27:6b:7a:0a,11443,-18,2600,363.10,82.50,157,944070,1148777
f0:91:27:6b:7a:0a,11444,-17,2601,363.00,82.50,86,944156,1148863
f0:91:27:6b:7a:0a,11445,-17,2602,362.89,82.50,78,944234,1148941
f0:91:27:6b:7a:0a,11446,-17,2603,362.78,82.50,74,944308,1149015
f0:91:27:6b:7a:0a,11447,-18,2604,362.67,82.50,78,944386,1149093
f0:91:27:6b:7a:0a,11451,-18,2605,362.65,82.50,316,944702,1149409
f0:91:27:6b:7a:0a,11454,-18,2606,362.60,82.50,245,944947,1149654
f0:91:27:6b:7a:0a,11463,-17,2607,362.74,82.50,706,945653,1150360
f0:91:27:6b:7a:0a,11468,-17,2608,362.75,82.50,406,946059,1150766
f0:91:27:6b:7a:0a,11478,-18,2609,362.92,82.49,805,946864,1151571
f0:91:27:6b:7a:0a,11479,-17,2610,362.82,82.49,86,946950,1151657
f0:91:27:6b:7a:0a,11480,-18,2611,362.71,82.49,90,947040,1151747
f0:91:27:6b:7a:0a,11482,-17,2612,362.63,82.49,152,947192,1151899
f0:91:27:6b:7a:0a,11485,-18,2613,362.58,82.49,232,947424,1152131
f0:91:27:6b:7a:0a,11490,-17,2614,362.59,82.49,391,947815,1152522
f0:91:27:6b:7a:0a,11492,-18,2615,362.51,82.49,156,947971,1152678
f0:91:27:6b:7a:0a,11512,-18,2616,362.98,82.48,1590,949561,1154268
f0:91:27:6b:7a:0a,11513,-17,2617,362.87,82.48,71,949632,1154339
f0:91:27:6b:7a:0a,11515,-17,2618,362.79,82.48,159,949791,1154498
f0:91:27:6b:7a:0a,11575,-17,2619,364.74,82.53,5476,955267,1159974
f0:91:27:6b:7a:0a,11576,-17,2620,364.65,82.53,106,955373,1160080
f0:91:27:6b:7a:0a,11592,-17,2621,365.07,82.54,1482,956855,1161562
f0:91:27:6b:7a:0a,11593,-17,2622,364.97,82.55,92,956947,1161654
f0:91:27:6b:7a:0a,11595,-17,2623,364.90,82.55,183,957130,1161837
f0:91:27:6b:7a:0a,11596,-17,2624,364.80,82.55,104,957234,1161941
f0:91:27:6b:7a:0a,11600,-18,2625,364.80,82.55,372,957606,1162313
f0:91:27:6b:7a:0a,11602,-17,2626,364.73,82.55,184,957790,1162497
f0:91:27:6b:7a:0a,11603,-18,2627,364.63,82.55,93,957883,1162590
f0:91:27:6b:7a:0a,11608,-17,2628,364.67,82.56,476,958359,1163066
f0:91:27:6b:7a:0a,11609,-16,2629,364.57,82.56,89,958448,1163155
f0:91:27:6b:7a:0a,11610,-17,2630,364.47,82.56,102,958550,1163257
f0:91:27:6b:7a:0a,11611,-18,2631,364.36,82.56,87,958637,1163344
f0:91:27:6b:7a:0a,11612,-17,2632,364.26,82.56,97,958734,1163441
f0:91:27:6b:7a:0a,11625,-17,2633,364.57,82.57,1188,959922,1164629
f0:91:27:6b:7a:0a,11628,-17,2634,364.54,82.58,274,960196,1164903
f0:91:27:6b:7a:0a,11632,-17,2635,364.54,82.58,380,960576,1165283
f0:91:27:6b:7a:0a,11648,-17,2636,364.97,82.59,1483,962059,1166766
f0:91:27:6b:7a:0a,11652,-17,2637,364.96,82.60,350,962409,1167116
f0:91:27:6b:7a:0a,11656,-18,2638,364.96,82.60,368,962777,1167484
f0:91:27:6b:7a:0a,11665,-17,2639,365.12,82.60,773,963550,1168257
f0:91:27:6b:7a:0a,11667,-17,2640,365.05,82.60,174,963724,1168431
f0:91:27:6b:7a:0a,11680,-17,2641,365.32,82.60,1080,964804,1169511
f0:91:27:6b:7a:0a,11681,-17,2642,365.21,82.60,86,964890,1169597
f0:91:27:6b:7a:0a,11689,-17,2643,365.33,82.60,670,965560,1170267
f0:91:27:6b:7a:0a,11703,-17,2644,365.64,82.61,1182,966742,1171449
f0:91:27:6b:7a:0a,11704,-18,2645,365.53,82.61,79,966821,1171528
f0:91:27:6b:7a:0a,11705,-17,2646,365.42,82.61,87,966908,1171615
f0:91:27:6b:7a:0a,11732,-17,2647,366.12,82.61,2222,969130,1173837
f0:91:27:6b:7a:0a,11737,-18,2648,366.14,82.60,397,969527,1174234
f0:91:27:6b:7a:0a,11739,-17,2649,366.06,82.60,161,969688,1174395
f0:91:27:6b:7a:0a,11740,-18,2650,365.95,82.60,80,969768,1174475
f0:91:27:6b:7a:0a,11751,-17,2651,366.14,82.60,880,970648,1175355
f0:91:27:6b:7a:0a,11754,-18,2652,366.09,82.60,231,970879,1175586
f0:91:27:6b:7a:0a,11755,-17,2653,365.98,82.60,75,970954,1175661
f0:91:27:6b:7a:0a,11756,-17,2654,365.87,82.60,76,971030,1175737
f0:91:27:6b:7a:0a,11779,-17,2655,366.42,82.59,1802,972832,1177539
f0:91:27:6b:7a:0a,11782,-17,2656,366.36,82.59,232,973064,1177771
f0:91:27:6b:7a:0a,11783,-18,2657,366.26,82.59,83,973147,1177854
f0:91:27:6b:7a:0a,11785,-17,2658,366.18,82.59,158,973305,1178012
f0:91:27:6b:7a:0a,11790,-18,2659,366.19,82.59,394,973699,1178406
f0:91:27:6b:7a:0a,11798,-17,2660,366.29,82.59,643,974342,1179049
f0:91:27:6b:7a:0a,11799,-17,2661,366.19,82.59,81,974423,1179130
f0:91:27:6b:7a:0a,11800,-18,2662,366.08,82.58,77,974500,1179207
f0:91:27:6b:7a:0a,11805,-17,2663,366.09,82.58,398,974898,1179605
f0:91:27:6b:7a:0a,11806,-18,2664,365.98,82.58,78,974976,1179683
f0:91:27:6b:7a:0a,11808,-17,2665,365.90,82.58,158,975134,1179841
f0:91:27:6b:7a:0a,11809,-18,2666,365.80,82.58,77,975211,1179918
f0:91:27:6b:7a:0a,11811,-17,2667,365.72,82.58,153,975364,1180071
f0:91:27:6b:7a:0a,11812,-18,2668,365.61,82.58,80,975444,1180151
f0:91:27:6b:7a:0a,11814,-17,2669,365.53,82.58,159,975603,1180310
f0:91:27:6b:7a:0a,11816,-18,2670,365.45,82.58,160,975763,1180470
f0:91:27:6b:7a:0a,11817,-17,2671,365.35,82.58,75,975838,1180545
f0:91:27:6b:7a:0a,11820,-18,2672,365.30,82.58,238,976076,1180783
f0:91:27:6b:7a:0a,11823,-18,2673,365.25,82.58,244,976320,1181027
f0:91:27:6b:7a:0a,11824,-17,2674,365.14,82.58,75,976395,1181102
f0:91:27:6b:7a:0a,11825,-18,2675,365.04,82.58,82,976477,1181184
f0:91:27:6b:7a:0a,11826,-18,2676,364.93,82.58,81,976558,1181265
f0:91:27:6b:7a:0a,11827,-17,2677,364.83,82.58,81,976639,1181346
f0:91:27:6b:7a:0a,11828,-17,2678,364.72,82.58,74,976713,1181420
f0:91:27:6b:7a:0a,11829,-18,2679,364.61,82.58,83,976796,1181503
f0:91:27:6b:7a:0a,11845,-17,2680,364.95,82.57,1264,978060,1182767
f0:91:27:6b:7a:0a,11846,-18,2681,364.84,82.57,78,978138,1182845
f0:91:27:6b:7a:0a,11847,-17,2682,364.73,82.57,81,978219,1182926
f0:91:27:6b:7a:0a,11848,-17,2683,364.63,82.57,84,978303,1183010
f0:91:27:6b:7a:0a,11849,-18,2684,364.52,82.57,76,978379,1183086
f0:91:27:6b:7a:0a,11857,-18,2685,364.62,82.57,622,979001,1183708
f0:91:27:6b:7a:0a,11892,-18,2686,365.51,82.56,2758,981759,1186466
f0:91:27:6b:7a:0a,11900,-18,2687,365.62,82.56,652,982411,1187118
f0:91:27:6b:7a:0a,11903,-17,2688,365.58,82.56,258,982669,1187376
f0:91:27:6b:7a:0a,11904,-18,2689,365.47,82.56,79,982748,1187455
f0:91:27:6b:7a:0a,11908,-18,2690,365.45,82.55,316,983064,1187771
f0:91:27:6b:7a:0a,11909,-17,2691,365.35,82.55,80,983144,1187851
f0:91:27:6b:7a:0a,11910,-18,2692,365.24,82.55,81,983225,1187932
f0:91:27:6b:7a:0a,11911,-17,2693,365.14,82.56,91,983316,1188023
f0:91:27:6b:7a:0a,11912,-17,2694,365.04,82.56,90,983406,1188113
f0:91:27:6b:7a:0a,11914,-17,2695,364.96,82.55,150,983556,1188263
f0:91:27:6b:7a:0a,11915,-18,2696,364.85,82.55,85,983641,1188348
f0:91:27:6b:7a:0a,11916,-16,2697,364.74,82.55,71,983712,1188419
f0:91:27:6b:7a:0a,11917,-17,2698,364.64,82.55,82,983794,1188501
f0:91:27:6b:7a:0a,11919,-17,2699,364.56,82.55,159,983953,1188660
f0:91:27:6b:7a:0a,11921,-17,2700,364.49,82.55,163,984116,1188823
f0:91:27:6b:7a:0a,11923,-17,2701,364.41,82.55,158,984274,1188981
f0:91:27:6b:7a:0a,11924,-18,2702,364.31,82.55,79,984353,1189060
f0:91:27:6b:7a:0a,11925,-17,2703,364.20,82.55,80,984433,1189140
f0:91:27:6b:7a:0a,11953,-17,2704,364.90,82.55,2255,986688,1191395
f0:91:27:6b:7a:0a,11965,-17,2705,365.12,82.54,955,987643,1192350
f0:91:27:6b:7a:0a,11978,-17,2706,365.38,82.54,1065,988708,1193415
f0:91:27:6b:7a:0a,11980,-18,2707,365.30,82.54,160,988868,1193575
f0:91:27:6b:7a:0a,11982,-17,2708,365.22,82.54,161,989029,1193736
f0:91:27:6b:7a:0a,11983,-17,2709,365.12,82.54,80,989109,1193816
f0:91:27:6b:7a:0a,12001,-17,2710,365.52,82.54,1447,990556,1195263
f0:91:27:6b:7a:0a,12009,-17,2711,365.62,82.54,632,991188,1195895
f0:91:27:6b:7a:0a,12011,-18,2712,365.54,82.54,154,991342,1196049
f0:91:27:6b:7a:0a,12013,-17,2713,365.47,82.54,168,991510,1196217
f0:91:27:6b:7a:0a,12015,-18,2714,365.39,82.54,159,991669,1196376
f0:91:27:6b:7a:0a,12017,-17,2715,365.31,82.54,160,991829,1196536
f0:91:27:6b:7a:0a,12018,-17,2716,365.21,82.54,90,991919,1196626
f0:91:27:6b:7a:0a,12049,-17,2717,365.98,82.53,2443,994362,1199069
f0:91:27:6b:7a:0a,12050,-17,2718,365.87,82.53,77,994439,1199146
f0:91:27:6b:7a:0a,12064,-17,2719,366.15,82.52,1125,995564,1200271
f0:91:27:6b:7a:0a,12067,-17,2720,366.10,82.52,241,995805,1200512
f0:91:27:6b:7a:0a,12072,-18,2721,366.11,82.52,391,996196,1200903
f0:91:27:6b:7a:0a,12073,-18,2722,366.01,82.52,74,996270,1200977
f0:91:27:6b:7a:0a,12132,-17,2723,367.61,82.51,4729,1000999,1205706
f0:91:27:6b:7a:0a,12146,-17,2724,367.88,82.50,1103,1002102,1206809
f0:91:27:6b:7a:0a,12149,-17,2725,367.83,82.50,246,1002348,1207055
f0:91:27:6b:7a:0a,12172,-18,2726,368.37,82.50,1820,1004168,1208875
f0:91:27:6b:7a:0a,12202,-16,2727,369.12,82.49,2413,1006581,1211288
f0:91:27:6b:7a:0a,12203,-17,2728,369.01,82.49,84,1006665,1211372
f0:91:27:6b:7a:0a,12207,-18,2729,369.00,82.49,329,1006994,1211701
f0:91:27:6b:7a:0a,12236,-18,2730,369.72,82.49,2336,1009330,1214037
f0:91:27:6b:7a:0a,12237,-17,2731,369.61,82.49,82,1009412,1214119
f0:91:27:6b:7a:0a,12241,-18,2732,369.59,82.49,321,1009733,1214440
f0:91:27:6b:7a:0a,12243,-17,2733,369.51,82.49,151,1009884,1214591
f0:91:27:6b:7a:0a,12245,-18,2734,369.44,82.49,155,1010039,1214746
f0:91:27:6b:7a:0a,12246,-17,2735,369.33,82.49,90,1010129,1214836
f0:91:27:6b:7a:0a,12247,-17,2736,369.23,82.49,83,1010212,1214919
f0:91:27:6b:7a:0a,12272,-17,2737,369.92,82.50,2248,1012460,1217167
f0:91:27:6b:7a:0a,12379,-18,2738,373.42,82.59,9958,1022418,1227125
f0:91:27:6b:7a:0a,12386,-17,2739,373.51,82.60,626,1023044,1227751
f0:91:27:6b:7a:0a,12406,-17,2740,373.99,82.60,1698,1024742,1229449
f0:91:27:6b:7a:0a,12408,-17,2741,373.92,82.60,168,1024910,1229617
f0:91:27:6b:7a:0a,12409,-18,2742,373.81,82.60,81,1024991,1229698
f0:91:27:6b:7a:0a,12426,-17,2743,374.20,82.60,1449,1026440,1231147
f0:91:27:6b:7a:0a,12440,-18,2744,374.49,82.61,1169,1027609,1232316
f0:91:27:6b:7a:0a,12441,-17,2745,374.39,82.61,91,1027700,1232407
f0:91:27:6b:7a:0a,12450,-18,2746,374.52,82.60,730,1028430,1233137
f0:91:27:6b:7a:0a,12451,-18,2747,374.41,82.60,75,1028505,1233212
f0:91:27:6b:7a:0a,12452,-17,2748,374.30,82.60,85,1028590,1233297
f0:91:27:6b:7a:0a,12455,-17,2749,374.26,82.60,242,1028832,1233539
f0:91:27:6b:7a:0a,12459,-18,2750,374.24,82.60,324,1029156,1233863
f0:91:27:6b:7a:0a,12475,-17,2751,374.57,82.60,1290,1030446,1235153
f0:91:27:6b:7a:0a,12477,-18,2752,374.49,82.60,154,1030600,1235307
f0:91:27:6b:7a:0a,12478,-17,2753,374.39,82.60,91,1030691,1235398
f0:91:27:6b:7a:0a,12479,-17,2754,374.28,82.60,77,1030768,1235475
f0:91:27:6b:7a:0a,12480,-18,2755,374.17,82.60,76,1030844,1235551
f0:91:27:6b:7a:0a,12487,-17,2756,374.24,82.60,563,1031407,1236114
f0:91:27:6b:7a:0a,12531,-18,2757,375.36,82.58,3464,1034871,1239578
f0:91:27:6b:7a:0a,12546,-17,2758,375.66,82.58,1210,1036081,1240788
f0:91:27:6b:7a:0a,12547,-18,2759,375.56,82.58,78,1036159,1240866
f0:91:27:6b:7a:0a,12548,-17,2760,375.45,82.58,73,1036232,1240939
f0:91:27:6b:7a:0a,12549,-17,2761,375.34,82.58,76,1036308,1241015
f0:91:27:6b:7a:0a,12551,-17,2762,375.26,82.58,172,1036480,1241187
f0:91:27:6b:7a:0a,12552,-17,2763,375.16,82.58,80,1036560,1241267
f0:91:27:6b:7a:0a,12555,-17,2764,375.11,82.58,238,1036798,1241505
f0:91:27:6b:7a:0a,12556,-17,2765,375.00,82.58,82,1036880,1241587
f0:91:27:6b:7a:0a,12557,-18,2766,374.89,82.58,77,1036957,1241664
f0:91:27:6b:7a:0a,12621,-17,2767,376.61,82.57,5128,1042085,1246792
f0:91:27:6b:7a:0a,12623,-17,2768,376.54,82.57,165,1042250,1246957
f0:91:27:6b:7a:0a,12626,-17,2769,376.48,82.57,234,1042484,1247191
f0:91:27:6b:7a:0a,12627,-17,2770,376.37,82.57,74,1042558,1247265
f0:91:27:6b:7a:0a,12628,-18,2771,376.27,82.57,80,1042638,1247345
f0:91:27:6b:7a:0a,12632,-18,2772,376.25,82.56,321,1042959,1247666
f0:91:27:6b:7a:0a,12633,-17,2773,376.14,82.56,78,1043037,1247744
f0:91:27:6b:7a:0a,12655,-18,2774,376.65,82.56,1786,1044823,1249530
f0:91:27:6b:7a:0a,12656,-18,2775,376.54,82.56,76,1044899,1249606
f0:91:27:6b:7a:0a,12657,-17,2776,376.43,82.56,84,1044983,1249690
f0:91:27:6b:7a:0a,12658,-17,2777,376.33,82.56,82,1045065,1249772
f0:91:27:6b:7a:0a,12699,-17,2778,377.37,82.55,3280,1048345,1253052
f0:91:27:6b:7a:0a,12700,-17,2779,377.27,82.55,83,1048428,1253135
f0:91:27:6b:7a:0a,12702,-18,2780,377.19,82.55,154,1048582,1253289
f0:91:27:6b:7a:0a,12703,-17,2781,377.08,82.55,87,1048669,1253376
f0:91:27:6b:7a:0a,12704,-18,2782,376.98,82.55,90,1048759,1253466
f0:91:27:6b:7a:0a,12739,-17,2783,377.85,82.55,2790,1051549,1256256
f0:91:27:6b:7a:0a,12740,-17,2784,377.74,82.54,74,1051623,1256330
f0:91:27:6b:7a:0a,12741,-18,2785,377.63,82.54,73,1051696,1256403
f0:91:27:6b:7a:0a,12742,-18,2786,377.52,82.54,83,1051779,1256486
f0:91:27:6b:7a:0a,12747,-18,2787,377.53,82.54,396,1052175,1256882
f0:91:27:6b:7a:0a,12748,-18,2788,377.42,82.54,73,1052248,1256955
f0:91:27:6b:7a:0a,12752,-17,2789,377.40,82.54,323,1052571,1257278
f0:91:27:6b:7a:0a,12763,-17,2790,377.58,82.54,873,1053444,1258151
f0:91:27:6b:7a:0a,12764,-18,2791,377.48,82.54,92,1053536,1258243
f0:91:27:6b:7a:0a,12892,-17,2792,381.00,82.51,10207,1063743,1268450
f0:91:27:6b:7a:0a,12899,-17,2793,381.05,82.51,543,1064286,1268993
f0:91:27:6b:7a:0a,12900,-18,2794,380.95,82.51,79,1064365,1269072
f0:91:27:6b:7a:0a,12903,-17,2795,380.90,82.51,238,1064603,1269310
f0:91:27:6b:7a:0a,12906,-17,2796,380.84,82.51,239,1064842,1269549
f0:91:27:6b:7a:0a,12907,-17,2797,380.74,82.51,78,1064920,1269627
f0:91:27:6b:7a:0a,12908,-18,2798,380.63,82.51,71,1064991,1269698
f0:91:27:6b:7a:0a,12909,-17,2799,380.52,82.51,86,1065077,1269784
f0:91:27:6b:7a:0a,12910,-17,2800,380.41,82.51,77,1065154,1269861
f0:91:27:6b:7a:0a,12993,-18,2801,382.67,82.49,6694,1071848,1276555
f0:91:27:6b:7a:0a,12994,-18,2802,382.56,82.50,96,1071944,1276651
f0:91:27:6b:7a:0a,12995,-17,2803,382.46,82.50,96,1072040,1276747
f0:91:27:6b:7a:0a,12999,-17,2804,382.46,82.50,386,1072426,1277133
f0:91:27:6b:7a:0a,13013,-17,2805,382.78,82.51,1269,1073695,1278402
f0:91:27:6b:7a:0a,13015,-18,2806,382.71,82.51,182,1073877,1278584
f0:91:27:6b:7a:0a,13017,-17,2807,382.64,82.51,187,1074064,1278771
f0:91:27:6b:7a:0a,13018,-17,2808,382.54,82.51,95,1074159,1278866
f0:91:27:6b:7a:0a,13020,-17,2809,382.46,82.51,180,1074339,1279046
f0:91:27:6b:7a:0a,13021,-17,2810,382.36,82.52,92,1074431,1279138
f0:91:27:6b:7a:0a,13023,-18,2811,382.29,82.52,184,1074615,1279322
f0:91:27:6b:7a:0a,13063,-17,2812,383.47,82.55,3714,1078329,1283036
f0:91:27:6b:7a:0a,13064,-17,2813,383.37,82.55,98,1078427,1283134
f0:91:27:6b:7a:0a,13066,-17,2814,383.30,82.55,186,1078613,1283320
f0:91:27:6b:7a:0a,13069,-17,2815,383.26,82.55,265,1078878,1283585
f0:91:27:6b:7a:0a,13070,-17,2816,383.16,82.55,102,1078980,1283687
f0:91:27:6b:7a:0a,13071,-18,2817,383.06,82.55,86,1079066,1283773
f0:91:27:6b:7a:0a,13073,-17,2818,382.99,82.56,187,1079253,1283960
f0:91:27:6b:7a:0a,13074,-18,2819,382.88,82.56,92,1079345,1284052
f0:91:27:6b:7a:0a,13108,-17,2820,383.86,82.58,3129,1082474,1287181
f0:91:27:6b:7a:0a,13109,-17,2821,383.75,82.58,95,1082569,1287276
f0:91:27:6b:7a:0a,13110,-18,2822,383.64,82.58,77,1082646,1287353
f0:91:27:6b:7a:0a,13162,-17,2823,385.10,82.60,4482,1087128,1291835
f0:91:27:6b:7a:0a,13163,-17,2824,384.99,82.60,82,1087210,1291917
f0:91:27:6b:7a:0a,13166,-18,2825,384.94,82.60,250,1087460,1292167
f0:91:27:6b:7a:0a,13167,-17,2826,384.84,82.60,87,1087547,1292254
f0:91:27:6b:7a:0a,13168,-18,2827,384.73,82.60,88,1087635,1292342
f0:91:27:6b:7a:0a,13172,-18,2828,384.72,82.60,347,1087982,1292689
f0:91:27:6b:7a:0a,13173,-17,2829,384.61,82.60,84,1088066,1292773
f0:91:27:6b:7a:0a,13310,-17,2830,388.32,82.57,10889,1098955,1303662
f0:91:27:6b:7a:0a,13311,-17,2831,388.21,82.57,78,1099033,1303740
f0:91:27:6b:7a:0a,13324,-17,2832,388.44,82.56,1034,1100067,1304774
f0:91:27:6b:7a:0a,13327,-17,2833,388.39,82.56,242,1100309,1305016
f0:91:27:6b:7a:0a,13328,-17,2834,388.28,82.56,74,1100383,1305090
f0:91:27:6b:7a:0a,13329,-18,2835,388.17,82.56,79,1100462,1305169
f0:91:27:6b:7a:0a,13330,-17,2836,388.06,82.56,75,1100537,1305244
f0:91:27:6b:7a:0a,13331,-17,2837,387.95,82.56,81,1100618,1305325
f0:91:27:6b:7a:0a,13334,-17,2838,387.90,82.56,230,1100848,1305555
f0:91:27:6b:7a:0a,13335,-17,2839,387.79,82.56,81,1100929,1305636
f0:91:27:6b:7a:0a,13340,-18,2840,387.79,82.56,388,1101317,1306024
f0:91:27:6b:7a:0a,13352,-17,2841,387.99,82.56,959,1102276,1306983
f0:91:27:6b:7a:0a,13356,-18,2842,387.97,82.55,321,1102597,1307304
f0:91:27:6b:7a:0a,13375,-17,2843,388.36,82.55,1520,1104117,1308824
f0:91:27:6b:7a:0a,13376,-17,2844,388.25,82.55,79,1104196,1308903
f0:91:27:6b:7a:0a,13380,-18,2845,388.23,82.55,328,1104524,1309231
f0:91:27:6b:7a:0a,13441,-17,2846,389.83,82.54,4938,1109462,1314169
f0:91:27:6b:7a:0a,13443,-17,2847,389.76,82.54,174,1109636,1314343
f0:91:27:6b:7a:0a,13496,-17,2848,391.10,82.53,4220,1113856,1318563
f0:91:27:6b:7a:0a,13498,-18,2849,391.02,82.53,155,1114011,1318718
f0:91:27:6b:7a:0a,13501,-17,2850,390.97,82.53,244,1114255,1318962
f0:91:27:6b:7a:0a,13502,-18,2851,390.85,82.53,72,1114327,1319034
f0:91:27:6b:7a:0a,13503,-18,2852,390.75,82.53,79,1114406,1319113
f0:91:27:6b:7a:0a,13505,-17,2853,390.66,82.53,159,1114565,1319272
f0:91:27:6b:7a:0a,13508,-18,2854,390.61,82.53,236,1114801,1319508
f0:91:27:6b:7a:0a,13510,-18,2855,390.53,82.53,156,1114957,1319664
f0:91:27:6b:7a:0a,13514,-17,2856,390.50,82.53,310,1115267,1319974
f0:91:27:6b:7a:0a,13524,-17,2857,390.64,82.52,794,1116061,1320768
f0:91:27:6b:7a:0a,13526,-17,2858,390.56,82.52,163,1116224,1320931
f0:91:27:6b:7a:0a,13540,-17,2859,390.82,82.52,1123,1117347,1322054
f0:91:27:6b:7a:0a,13541,-18,2860,390.71,82.52,77,1117424,1322131
f0:91:27:6b:7a:0a,13572,-17,2861,391.44,82.52,2474,1119898,1324605
f0:91:27:6b:7a:0a,13587,-17,2862,391.72,82.51,1201,1121099,1325806
f0:91:27:6b:7a:0a,13588,-17,2863,391.61,82.51,83,1121182,1325889
f0:91:27:6b:7a:0a,13594,-17,2864,391.64,82.51,468,1121650,1326357
f0:91:27:6b:7a:0a,13604,-17,2865,391.77,82.51,782,1122432,1327139
f0:91:27:6b:7a:0a,13612,-17,2866,391.87,82.51,660,1123092,1327799
f0:91:27:6b:7a:0a,13625,-17,2867,392.10,82.51,1065,1124157,1328864
f0:91:27:6b:7a:0a,13627,-17,2868,392.02,82.51,160,1124317,1329024
f0:91:27:6b:7a:0a,13629,-18,2869,391.94,82.51,165,1124482,1329189
f0:91:27:6b:7a:0a,13630,-17,2870,391.84,82.51,85,1124567,1329274
f0:91:27:6b:7a:0a,13703,-18,2871,393.72,82.49,5812,1130379,1335086
f0:91:27:6b:7a:0a,13704,-18,2872,393.61,82.49,75,1130454,1335161
f0:91:27:6b:7a:0a,13705,-17,2873,393.50,82.49,74,1130528,1335235
f0:91:27:6b:7a:0a,13707,-18,2874,393.42,82.49,164,1130692,1335399
f0:91:27:6b:7a:0a,13708,-17,2875,393.31,82.49,81,1130773,1335480
f0:91:27:6b:7a:0a,13709,-17,2876,393.20,82.49,70,1130843,1335550
f0:91:27:6b:7a:0a,13710,-18,2877,393.09,82.49,82,1130925,1335632
f0:91:27:6b:7a:0a,13711,-17,2878,392.99,82.49,94,1131019,1335726
f0:91:27:6b:7a:0a,13712,-18,2879,392.88,82.49,86,1131105,1335812
f0:91:27:6b:7a:0a,13713,-17,2880,392.77,82.49,79,1131184,1335891
f0:91:27:6b:7a:0a,13716,-17,2881,392.72,82.49,241,1131425,1336132
f0:91:27:6b:7a:0a,13717,-17,2882,392.61,82.49,86,1131511,1336218
f0:91:27:6b:7a:0a,13722,-17,2883,392.64,82.49,458,1131969,1336676
f0:91:27:6b:7a:0a,13736,-17,2884,392.94,82.50,1263,1133232,1337939
f0:91:27:6b:7a:0a,13737,-18,2885,392.83,82.50,94,1133326,1338033
f0:91:27:6b:7a:0a,13740,-17,2886,392.79,82.50,271,1133597,1338304
f0:91:27:6b:7a:0a,13742,-17,2887,392.72,82.50,182,1133779,1338486
f0:91:27:6b:7a:0a,13743,-17,2888,392.61,82.51,93,1133872,1338579
f0:91:27:6b:7a:0a,13746,-17,2889,392.58,82.51,284,1134156,1338863
f0:91:27:6b:7a:0a,13747,-18,2890,392.47,82.51,93,1134249,1338956
f0:91:27:6b:7a:0a,13748,-17,2891,392.37,82.51,91,1134340,1339047
f0:91:27:6b:7a:0a,13765,-18,2892,392.77,82.52,1565,1135905,1340612
f0:91:27:6b:7a:0a,13767,-17,2893,392.70,82.52,189,1136094,1340801
f0:91:27:6b:7a:0a,13769,-18,2894,392.63,82.52,179,1136273,1340980
f0:91:27:6b:7a:0a,13777,-17,2895,392.76,82.53,755,1137028,1341735
f0:91:27:6b:7a:0a,13778,-18,2896,392.65,82.53,91,1137119,1341826
f0:91:27:6b:7a:0a,13779,-17,2897,392.55,82.53,91,1137210,1341917
f0:91:27:6b:7a:0a,13780,-17,2898,392.44,82.53,94,1137304,1342011
f0:91:27:6b:7a:0a,13787,-17,2899,392.53,82.54,654,1137958,1342665
f0:91:27:6b:7a:0a,13806,-18,2900,393.01,82.55,1784,1139742,1344449
f0:91:27:6b:7a:0a,13809,-18,2901,392.97,82.56,271,1140013,1344720
f0:91:27:6b:7a:0a,13820,-18,2902,393.19,82.56,1013,1141026,1345733
f0:91:27:6b:7a:0a,13826,-18,2903,393.24,82.57,554,1141580,1346287
f0:91:27:6b:7a:0a,13827,-17,2904,393.13,82.57,84,1141664,1346371
f0:91:27:6b:7a:0a,13828,-18,2905,393.03,82.57,90,1141754,1346461
f0:91:27:6b:7a:0a,13829,-17,2906,392.93,82.57,93,1141847,1346554
f0:91:27:6b:7a:0a,13830,-16,2907,392.82,82.57,86,1141933,1346640
f0:91:27:6b:7a:0a,13831,-18,2908,392.72,82.57,89,1142022,1346729
f0:91:27:6b:7a:0a,13832,-17,2909,392.61,82.57,94,1142116,1346823
f0:91:27:6b:7a:0a,13835,-17,2910,392.57,82.57,273,1142389,1347096
f0:91:27:6b:7a:0a,13838,-17,2911,392.53,82.57,268,1142657,1347364
f0:91:27:6b:7a:0a,13852,-18,2912,392.83,82.58,1272,1143929,1348636
f0:91:27:6b:7a:0a,13860,-18,2913,392.93,82.58,686,1144615,1349322
f0:91:27:6b:7a:0a,13861,-18,2914,392.83,82.58,81,1144696,1349403
f0:91:27:6b:7a:0a,13876,-17,2915,393.13,82.59,1276,1145972,1350679
f0:91:27:6b:7a:0a,13878,-17,2916,393.05,82.59,176,1146148,1350855
f0:91:27:6b:7a:0a,13883,-18,2917,393.07,82.59,430,1146578,1351285
f0:91:27:6b:7a:0a,13906,-18,2918,393.59,82.59,1906,1148484,1353191
f0:91:27:6b:7a:0a,14005,-17,2919,396.18,82.57,7977,1156461,1361168
f0:91:27:6b:7a:0a,14006,-17,2920,396.08,82.57,79,1156540,1361247
f0:91:27:6b:7a:0a,14007,-18,2921,395.97,82.57,78,1156618,1361325
f0:91:27:6b:7a:0a,14017,-18,2922,396.11,82.57,801,1157419,1362126
f0:91:27:6b:7a:0a,14018,-17,2923,395.99,82.57,73,1157492,1362199
f0:91:27:6b:7a:0a,14020,-18,2924,395.92,82.57,168,1157660,1362367
f0:91:27:6b:7a:0a,14021,-17,2925,395.81,82.57,76,1157736,1362443
f0:91:27:6b:7a:0a,14024,-17,2926,395.75,82.57,241,1157977,1362684
f0:91:27:6b:7a:0a,14026,-18,2927,395.68,82.57,166,1158143,1362850
f0:91:27:6b:7a:0a,14027,-17,2928,395.57,82.57,87,1158230,1362937
f0:91:27:6b:7a:0a,14028,-18,2929,395.46,82.57,75,1158305,1363012
f0:91:27:6b:7a:0a,14029,-17,2930,395.35,82.57,79,1158384,1363091
f0:91:27:6b:7a:0a,14034,-18,2931,395.36,82.57,402,1158786,1363493
f0:91:27:6b:7a:0a,14039,-17,2932,395.35,82.57,391,1159177,1363884
f0:91:27:6b:7a:0a,14041,-17,2933,395.27,82.57,154,1159331,1364038
f0:91:27:6b:7a:0a,14054,-17,2934,395.48,82.56,1016,1160347,1365054
f0:91:27:6b:7a:0a,14055,-17,2935,395.38,82.56,79,1160426,1365133
f0:91:27:6b:7a:0a,14057,-17,2936,395.30,82.56,161,1160587,1365294
f0:91:27:6b:7a:0a,14066,-17,2937,395.40,82.56,698,1161285,1365992
f0:91:27:6b:7a:0a,14067,-18,2938,395.29,82.56,79,1161364,1366071
f0:91:27:6b:7a:0a,14068,-17,2939,395.18,82.56,76,1161440,1366147
f0:91:27:6b:7a:0a,14069,-18,2940,395.08,82.56,95,1161535,1366242
f0:91:27:6b:7a:0a,14083,-18,2941,395.33,82.56,1117,1162652,1367359
f0:91:27:6b:7a:0a,14088,-18,2942,395.32,82.56,383,1163035,1367742
f0:91:27:6b:7a:0a,14089,-17,2943,395.22,82.56,88,1163123,1367830
f0:91:27:6b:7a:0a,14090,-17,2944,395.11,82.55,75,1163198,1367905
f0:91:27:6b:7a:0a,14091,-18,2945,395.00,82.55,84,1163282,1367989
f0:91:27:6b:7a:0a,14092,-17,2946,394.90,82.56,85,1163367,1368074
f0:91:27:6b:7a:0a,14093,-17,2947,394.79,82.55,78,1163445,1368152
f0:91:27:6b:7a:0a,14094,-18,2948,394.68,82.55,77,1163522,1368229
f0:91:27:6b:7a:0a,14096,-17,2949,394.60,82.55,163,1163685,1368392
f0:91:27:6b:7a:0a,14097,-18,2950,394.50,82.55,78,1163763,1368470
f0:91:27:6b:7a:0a,14098,-17,2951,394.39,82.55,89,1163852,1368559
f0:91:27:6b:7a:0a,14099,-17,2952,394.29,82.55,85,1163937,1368644
f0:91:27:6b:7a:0a,14101,-18,2953,394.21,82.55,167,1164104,1368811
f0:91:27:6b:7a:0a,14181,-17,2954,396.26,82.54,6462,1170566,1375273
f0:91:27:6b:7a:0a,14186,-17,2955,396.26,82.54,393,1170959,1375666
f0:91:27:6b:7a:0a,14195,-17,2956,396.37,82.54,717,1171676,1376383
f0:91:27:6b:7a:0a,14203,-18,2957,396.46,82.54,649,1172325,1377032
f0:91:27:6b:7a:0a,14286,-17,2958,398.59,82.53,6709,1179034,1383741
f0:91:27:6b:7a:0a,14290,-18,2959,398.56,82.53,318,1179352,1384059
f0:91:27:6b:7a:0a,14291,-17,2960,398.46,82.53,81,1179433,1384140
f0:91:27:6b:7a:0a,14303,-17,2961,398.64,82.53,948,1180381,1385088
f0:91:27:6b:7a:0a,14306,-17,2962,398.59,82.53,242,1180623,1385330
f0:91:27:6b:7a:0a,14338,-18,2963,399.31,82.52,2534,1183157,1387864
f0:91:27:6b:7a:0a,14339,-17,2964,399.20,82.52,76,1183233,1387940
f0:91:27:6b:7a:0a,14341,-18,2965,399.12,82.52,157,1183390,1388097
f0:91:27:6b:7a:0a,14343,-17,2966,399.04,82.52,161,1183551,1388258
f0:91:27:6b:7a:0a,14345,-17,2967,398.96,82.52,153,1183704,1388411
f0:91:27:6b:7a:0a,14346,-18,2968,398.85,82.52,85,1183789,1388496
f0:91:27:6b:7a:0a,14400,-17,2969,400.17,82.51,4322,1188111,1392818
f0:91:27:6b:7a:0a,14401,-17,2970,400.06,82.51,82,1188193,1392900
f0:91:27:6b:7a:0a,14402,-17,2971,399.96,82.51,80,1188273,1392980
f0:91:27:6b:7a:0a,14403,-17,2972,399.85,82.51,77,1188350,1393057
f0:91:27:6b:7a:0a,14405,-18,2973,399.77,82.51,159,1188509,1393216
f0:91:27:6b:7a:0a,14411,-17,2974,399.79,82.51,474,1188983,1393690
f0:91:27:6b:7a:0a,14412,-18,2975,399.68,82.50,71,1189054,1393761
f0:91:27:6b:7a:0a,14414,-17,2976,399.60,82.50,163,1189217,1393924
f0:91:27:6b:7a:0a,14415,-17,2977,399.49,82.50,69,1189286,1393993
f0:91:27:6b:7a:0a,14417,-17,2978,399.41,82.50,161,1189447,1394154
f0:91:27:6b:7a:0a,14430,-18,2979,399.62,82.50,1028,1190475,1395182
f0:91:27:6b:7a:0a,14447,-16,2980,399.99,82.51,1497,1191972,1396679
f0:91:27:6b:7a:0a,14451,-17,2981,399.98,82.51,364,1192336,1397043
f0:91:27:6b:7a:0a,14452,-17,2982,399.88,82.51,97,1192433,1397140
f0:91:27:6b:7a:0a,14460,-17,2983,399.99,82.52,742,1193175,1397882
f0:91:27:6b:7a:0a,14468,-17,2984,400.10,82.52,720,1193895,1398602
f0:91:27:6b:7a:0a,14469,-18,2985,400.00,82.52,98,1193993,1398700
f0:91:27:6b:7a:0a,14472,-18,2986,399.96,82.52,275,1194268,1398975
f0:91:27:6b:7a:0a,14473,-17,2987,399.85,82.52,93,1194361,1399068
f0:91:27:6b:7a:0a,14474,-17,2988,399.75,82.52,93,1194454,1399161
f0:91:27:6b:7a:0a,14475,-17,2989,399.65,82.52,93,1194547,1399254
f0:91:27:6b:7a:0a,14477,-17,2990,399.57,82.53,180,1194727,1399434
f0:91:27:6b:7a:0a,14481,-17,2991,399.56,82.53,370,1195097,1399804
f0:91:27:6b:7a:0a,14482,-18,2992,399.46,82.53,94,1195191,1399898
f0:91:27:6b:7a:0a,14483,-17,2993,399.36,82.53,96,1195287,1399994
f0:91:27:6b:7a:0a,14484,-17,2994,399.26,82.53,89,1195376,1400083
f0:91:27:6b:7a:0a,14486,-18,2995,399.19,82.53,188,1195564,1400271
f0:91:27:6b:7a:0a,14487,-18,2996,399.08,82.53,89,1195653,1400360
f0:91:27:6b:7a:0a,14489,-17,2997,399.01,82.53,191,1195844,1400551
f0:91:27:6b:7a:0a,14491,-17,2998,398.94,82.54,193,1196037,1400744
f0:91:27:6b:7a:0a,14495,-18,2999,398.94,82.54,370,1196407,1401114
f0:91:27:6b:7a:0a,14501,-18,3000,398.99,82.54,553,1196960,1401667
f0:91:27:6b:7a:0a,14502,-17,3001,398.89,82.54,103,1197063,1401770
f0:91:27:6b:7a:0a,14507,-18,3002,398.91,82.55,452,1197515,1402222
f0:91:27:6b:7a:0a,14510,-18,3003,398.87,82.55,278,1197793,1402500
f0:91:27:6b:7a:0a,14513,-18,3004,398.82,82.55,273,1198066,1402773
f0:91:27:6b:7a:0a,14514,-18,3005,398.72,82.55,99,1198165,1402872
f0:91:27:6b:7a:0a,14516,-17,3006,398.65,82.55,187,1198352,1403059
f0:91:27:6b:7a:0a,14518,-17,3007,398.58,82.56,188,1198540,1403247
f0:91:27:6b:7a:0a,14526,-18,3008,398.70,82.56,740,1199280,1403987
f0:91:27:6b:7a:0a,14547,-18,3009,399.21,82.58,1939,1201219,1405926
f0:91:27:6b:7a:0a,14548,-17,3010,399.11,82.58,94,1201313,1406020
f0:91:27:6b:7a:0a,14549,-17,3011,399.01,82.58,97,1201410,1406117
f0:91:27:6b:7a:0a,14554,-18,3012,399.02,82.58,448,1201858,1406565
f0:91:27:6b:7a:0a,14574,-17,3013,399.50,82.59,1837,1203695,1408402
f0:91:27:6b:7a:0a,14577,-17,3014,399.45,82.59,246,1203941,1408648
f0:91:27:6b:7a:0a,14580,-17,3015,399.40,82.59,264,1204205,1408912
f0:91:27:6b:7a:0a,14581,-16,3016,399.30,82.59,76,1204281,1408988
f0:91:27:6b:7a:0a,14583,-18,3017,399.22,82.59,169,1204450,1409157
f0:91:27:6b:7a:0a,14585,-17,3018,399.15,82.59,170,1204620,1409327
f0:91:27:6b:7a:0a,14596,-17,3019,399.32,82.59,928,1205548,1410255
f0:91:27:6b:7a:0a,14597,-17,3020,399.22,82.59,87,1205635,1410342
f0:91:27:6b:7a:0a,14598,-17,3021,399.11,82.59,81,1205716,1410423
f0:91:27:6b:7a:0a,14614,-17,3022,399.42,82.60,1330,1207046,1411753
f0:91:27:6b:7a:0a,14615,-17,3023,399.32,82.60,87,1207133,1411840
f0:91:27:6b:7a:0a,14616,-17,3024,399.21,82.60,82,1207215,1411922
f0:91:27:6b:7a:0a,14620,-17,3025,399.19,82.60,333,1207548,1412255
f0:91:27:6b:7a:0a,14629,-17,3026,399.31,82.60,755,1208303,1413010
f0:91:27:6b:7a:0a,14630,-17,3027,399.20,82.60,78,1208381,1413088
f0:91:27:6b:7a:0a,14634,-18,3028,399.18,82.60,334,1208715,1413422
f0:91:27:6b:7a:0a,14638,-17,3029,399.16,82.60,335,1209050,1413757
f0:91:27:6b:7a:0a,14639,-18,3030,399.05,82.60,84,1209134,1413841
f0:91:27:6b:7a:0a,14640,-17,3031,398.95,82.60,82,1209216,1413923
f0:91:27:6b:7a:0a,14664,-18,3032,399.45,82.59,1921,1211137,1415844
f0:91:27:6b:7a:0a,14665,-18,3033,399.34,82.59,70,1211207,1415914
f0:91:27:6b:7a:0a,14666,-17,3034,399.24,82.59,79,1211286,1415993
f0:91:27:6b:7a:0a,14671,-17,3035,399.24,82.59,405,1211691,1416398
f0:91:27:6b:7a:0a,14672,-17,3036,399.13,82.59,76,1211767,1416474
f0:91:27:6b:7a:0a,14673,-17,3037,399.03,82.59,83,1211850,1416557
f0:91:27:6b:7a:0a,14674,-18,3038,398.92,82.59,77,1211927,1416634
f0:91:27:6b:7a:0a,14677,-18,3039,398.87,82.59,248,1212175,1416882
f0:91:27:6b:7a:0a,14678,-18,3040,398.77,82.59,76,1212251,1416958
f0:91:27:6b:7a:0a,14680,-17,3041,398.69,82.59,163,1212414,1417121
f0:91:27:6b:7a:0a,14682,-18,3042,398.61,82.59,160,1212574,1417281
f0:91:27:6b:7a:0a,14683,-17,3043,398.50,82.59,74,1212648,1417355
f0:91:27:6b:7a:0a,14685,-17,3044,398.43,82.59,164,1212812,1417519
f0:91:27:6b:7a:0a,14686,-17,3045,398.32,82.59,80,1212892,1417599
f0:91:27:6b:7a:0a,14687,-17,3046,398.22,82.59,73,1212965,1417672
f0:91:27:6b:7a:0a,14688,-18,3047,398.11,82.59,85,1213050,1417757
f0:91:27:6b:7a:0a,14693,-18,3048,398.11,82.59,390,1213440,1418147
f0:91:27:6b:7a:0a,14695,-17,3049,398.03,82.59,153,1213593,1418300
f0:91:27:6b:7a:0a,14696,-18,3050,397.93,82.59,82,1213675,1418382
f0:91:27:6b:7a:0a,14697,-17,3051,397.82,82.58,76,1213751,1418458
f0:91:27:6b:7a:0a,14698,-17,3052,397.72,82.58,80,1213831,1418538
f0:91:27:6b:7a:0a,14699,-17,3053,397.61,82.58,77,1213908,1418615
f0:91:27:6b:7a:0a,14708,-17,3054,397.72,82.58,718,1214626,1419333
f0:91:27:6b:7a:0a,14715,-18,3055,397.77,82.58,554,1215180,1419887
f0:91:27:6b:7a:0a,14721,-18,3056,397.80,82.58,485,1215665,1420372
f0:91:27:6b:7a:0a,14725,-18,3057,397.77,82.58,310,1215975,1420682
f0:91:27:6b:7a:0a,14726,-17,3058,397.66,82.58,81,1216056,1420763
f0:91:27:6b:7a:0a,14727,-17,3059,397.56,82.58,87,1216143,1420850
f0:91:27:6b:7a:0a,14728,-18,3060,397.46,82.58,83,1216226,1420933
f0:91:27:6b:7a:0a,14729,-17,3061,397.36,82.58,83,1216309,1421016
f0:91:27:6b:7a:0a,14736,-17,3062,397.41,82.58,555,1216864,1421571
f0:91:27:6b:7a:0a,14737,-18,3063,397.30,82.58,80,1216944,1421651
f0:91:27:6b:7a:0a,14738,-17,3064,397.20,82.58,79,1217023,1421730
f0:91:27:6b:7a:0a,14739,-18,3065,397.10,82.58,88,1217111,1421818
f0:91:27:6b:7a:0a,14740,-17,3066,397.00,82.58,79,1217190,1421897
f0:91:27:6b:7a:0a,14742,-17,3067,396.92,82.58,158,1217348,1422055
f0:91:27:6b:7a:0a,14743,-18,3068,396.81,82.58,76,1217424,1422131
f0:91:27:6b:7a:0a,14749,-18,3069,396.84,82.58,479,1217903,1422610
f0:91:27:6b:7a:0a,14754,-17,3070,396.84,82.57,392,1218295,1423002
f0:91:27:6b:7a:0a,14756,-17,3071,396.76,82.57,159,1218454,1423161
f0:91:27:6b:7a:0a,14757,-17,3072,396.66,82.57,80,1218534,1423241
f0:91:27:6b:7a:0a,14761,-18,3073,396.64,82.57,330,1218864,1423571
f0:91:27:6b:7a:0a,14763,-17,3074,396.56,82.57,159,1219023,1423730
f0:91:27:6b:7a:0a,14821,-17,3075,397.93,82.56,4612,1223635,1428342
f0:91:27:6b:7a:0a,14835,-18,3076,398.16,82.56,1112,1224747,1429454
f0:91:27:6b:7a:0a,14854,-18,3077,398.52,82.55,1512,1226259,1430966
f0:91:27:6b:7a:0a,14855,-18,3078,398.42,82.55,84,1226343,1431050
f0:91:27:6b:7a:0a,14856,-17,3079,398.32,82.55,74,1226417,1431124
f0:91:27:6b:7a:0a,14858,-17,3080,398.24,82.55,158,1226575,1431282
f0:91:27:6b:7a:0a,14859,-18,3081,398.14,82.55,79,1226654,1431361
f0:91:27:6b:7a:0a,14861,-18,3082,398.06,82.55,175,1226829,1431536
f0:91:27:6b:7a:0a,14862,-17,3083,397.96,82.55,76,1226905,1431612
f0:91:27:6b:7a:0a,14863,-17,3084,397.86,82.55,83,1226988,1431695
f0:91:27:6b:7a:0a,14864,-17,3085,397.75,82.55,78,1227066,1431773
f0:91:27:6b:7a:0a,14865,-18,3086,397.65,82.55,75,1227141,1431848
f0:91:27:6b:7a:0a,14866,-18,3087,397.54,82.55,76,1227217,1431924
f0:91:27:6b:7a:0a,14881,-17,3088,397.80,82.55,1197,1228414,1433121
f0:91:27:6b:7a:0a,14882,-17,3089,397.70,82.55,90,1228504,1433211
f0:91:27:6b:7a:0a,14883,-17,3090,397.60,82.55,78,1228582,1433289
f0:91:27:6b:7a:0a,14884,-18,3091,397.50,82.55,83,1228665,1433372
f0:91:27:6b:7a:0a,14906,-18,3092,397.93,82.54,1733,1230398,1435105
f0:91:27:6b:7a:0a,14911,-17,3093,397.93,82.54,399,1230797,1435504
f0:91:27:6b:7a:0a,14931,-18,3094,398.32,82.54,1604,1232401,1437108
f0:91:27:6b:7a:0a,14932,-17,3095,398.22,82.54,79,1232480,1437187
f0:91:27:6b:7a:0a,14933,-17,3096,398.11,82.54,74,1232554,1437261
f0:91:27:6b:7a:0a,14934,-18,3097,398.01,82.54,77,1232631,1437338
f0:91:27:6b:7a:0a,14935,-17,3098,397.91,82.54,85,1232716,1437423
f0:91:27:6b:7a:0a,14938,-17,3099,397.86,82.54,245,1232961,1437668
f0:91:27:6b:7a:0a,14950,-18,3100,398.04,82.54,971,1233932,1438639
f0:91:27:6b:7a:0a,14954,-18,3101,398.01,82.54,309,1234241,1438948
f0:91:27:6b:7a:0a,14959,-17,3102,398.01,82.53,389,1234630,1439337
f0:91:27:6b:7a:0a,14960,-17,3103,397.91,82.53,78,1234708,1439415
f0:91:27:6b:7a:0a,14961,-18,3104,397.81,82.53,83,1234791,1439498
f0:91:27:6b:7a:0a,14962,-17,3105,397.70,82.53,79,1234870,1439577
f0:91:27:6b:7a:0a,14963,-18,3106,397.60,82.53,82,1234952,1439659
f0:91:27:6b:7a:0a,14964,-17,3107,397.50,82.53,89,1235041,1439748
f0:91:27:6b:7a:0a,14965,-17,3108,397.40,82.53,89,1235130,1439837
f0:91:27:6b:7a:0a,14967,-18,3109,397.33,82.53,165,1235295,1440002
f0:91:27:6b:7a:0a,14968,-17,3110,397.23,82.53,79,1235374,1440081
f0:91:27:6b:7a:0a,14969,-17,3111,397.12,82.53,81,1235455,1440162
f0:91:27:6b:7a:0a,14970,-18,3112,397.02,82.53,81,1235536,1440243
f0:91:27:6b:7a:0a,14971,-18,3113,396.92,82.53,82,1235618,1440325
f0:91:27:6b:7a:0a,14972,-17,3114,396.82,82.53,71,1235689,1440396
f0:91:27:6b:7a:0a,14981,-18,3115,396.92,82.53,720,1236409,1441116
f0:91:27:6b:7a:0a,14983,-17,3116,396.84,82.53,154,1236563,1441270
f0:91:27:6b:7a:0a,15000,-18,3117,397.15,82.53,1357,1237920,1442627
f0:91:27:6b:7a:0a,15001,-18,3118,397.05,82.53,69,1237989,1442696
f0:91:27:6b:7a:0a,15006,-17,3119,397.05,82.53,420,1238409,1443116
f0:91:27:6b:7a:0a,15007,-17,3120,396.96,82.53,92,1238501,1443208
f0:91:27:6b:7a:0a,15014,-17,3121,397.01,82.53,568,1239069,1443776
f0:91:27:6b:7a:0a,15015,-18,3122,396.91,82.53,83,1239152,1443859
f0:91:27:6b:7a:0a,15016,-17,3123,396.81,82.53,75,1239227,1443934
f0:91:27:6b:7a:0a,15019,-18,3124,396.76,82.53,240,1239467,1444174
f0:91:27:6b:7a:0a,15021,-17,3125,396.68,82.53,166,1239633,1444340
f0:91:27:6b:7a:0a,15022,-17,3126,396.58,82.53,74,1239707,1444414
f0:91:27:6b:7a:0a,15095,-17,3127,398.33,82.52,5858,1245565,1450272
f0:91:27:6b:7a:0a,15097,-17,3128,398.25,82.52,167,1245732,1450439
f0:91:27:6b:7a:0a,15098,-17,3129,398.15,82.51,78,1245810,1450517
f0:91:27:6b:7a:0a,15102,-17,3130,398.12,82.51,305,1246115,1450822
f0:91:27:6b:7a:0a,15103,-18,3131,398.02,82.51,86,1246201,1450908
f0:91:27:6b:7a:0a,15105,-17,3132,397.94,82.51,157,1246358,1451065
f0:91:27:6b:7a:0a,15116,-17,3133,398.10,82.51,885,1247243,1451950
f0:91:27:6b:7a:0a,15124,-18,3134,398.17,82.51,636,1247879,1452586
f0:91:27:6b:7a:0a,15125,-18,3135,398.07,82.51,78,1247957,1452664
f0:91:27:6b:7a:0a,15140,-17,3136,398.32,82.51,1181,1249138,1453845
f0:91:27:6b:7a:0a,15141,-17,3137,398.22,82.51,77,1249215,1453922
f0:91:27:6b:7a:0a,15143,-18,3138,398.14,82.50,150,1249365,1454072
f0:91:27:6b:7a:0a,15146,-17,3139,398.09,82.50,238,1249603,1454310
f0:91:27:6b:7a:0a,15147,-18,3140,397.99,82.50,74,1249677,1454384
f0:91:27:6b:7a:0a,15149,-17,3141,397.91,82.50,166,1249843,1454550
f0:91:27:6b:7a:0a,15153,-18,3142,397.89,82.50,312,1250155,1454862
f0:91:27:6b:7a:0a,15154,-17,3143,397.79,82.50,86,1250241,1454948
f0:91:27:6b:7a:0a,15163,-18,3144,397.90,82.50,745,1250986,1455693
f0:91:27:6b:7a:0a,15187,-18,3145,398.46,82.51,2166,1253152,1457859
f0:91:27:6b:7a:0a,15188,-18,3146,398.36,82.52,96,1253248,1457955
f0:91:27:6b:7a:0a,15189,-17,3147,398.27,82.52,94,1253342,1458049
f0:91:27:6b:7a:0a,15193,-17,3148,398.25,82.52,362,1253704,1458411
f0:91:27:6b:7a:0a,15199,-18,3149,398.30,82.52,554,1254258,1458965
f0:91:27:6b:7a:0a,15207,-17,3150,398.41,82.53,746,1255004,1459711
f0:91:27:6b:7a:0a,15208,-17,3151,398.32,82.53,97,1255101,1459808
f0:91:27:6b:7a:0a,15213,-17,3152,398.34,82.53,462,1255563,1460270
f0:91:27:6b:7a:0a,15214,-17,3153,398.24,82.53,86,1255649,1460356
f0:91:27:6b:7a:0a,15215,-18,3154,398.14,82.53,100,1255749,1460456
f0:91:27:6b:7a:0a,15217,-17,3155,398.08,82.53,183,1255932,1460639
f0:91:27:6b:7a:0a,15221,-17,3156,398.07,82.54,382,1256314,1461021
f0:91:27:6b:7a:0a,15224,-17,3157,398.04,82.54,286,1256600,1461307
f0:91:27:6b:7a:0a,15225,-17,3158,397.94,82.54,82,1256682,1461389
f0:91:27:6b:7a:0a,15233,-17,3159,398.05,82.55,765,1257447,1462154
f0:91:27:6b:7a:0a,15274,-17,3160,399.13,82.58,3807,1261254,1465961
f0:91:27:6b:7a:0a,15277,-17,3161,399.09,82.58,264,1261518,1466225
f0:91:27:6b:7a:0a,15279,-17,3162,399.02,82.58,186,1261704,1466411
f0:91:27:6b:7a:0a,15338,-17,3163,400.52,82.60,5141,1266845,1471552
f0:91:27:6b:7a:0a,15342,-17,3164,400.50,82.60,339,1267184,1471891
f0:91:27:6b:7a:0a,15344,-18,3165,400.43,82.60,167,1267351,1472058
f0:91:27:6b:7a:0a,15346,-18,3166,400.36,82.60,176,1267527,1472234
f0:91:27:6b:7a:0a,15347,-17,3167,400.25,82.60,80,1267607,1472314
f0:91:27:6b:7a:0a,15354,-17,3168,400.31,82.60,585,1268192,1472899
f0:91:27:6b:7a:0a,15388,-18,3169,401.07,82.60,2801,1270993,1475700
f0:91:27:6b:7a:0a,15390,-17,3170,400.99,82.60,152,1271145,1475852
f0:91:27:6b:7a:0a,15411,-17,3171,401.39,82.59,1660,1272805,1477512
f0:91:27:6b:7a:0a,15413,-17,3172,401.31,82.59,153,1272958,1477665
f0:91:27:6b:7a:0a,15414,-18,3173,401.21,82.59,77,1273035,1477742
f0:91:27:6b:7a:0a,15422,-17,3174,401.28,82.59,633,1273668,1478375
f0:91:27:6b:7a:0a,15423,-17,3175,401.18,82.59,80,1273748,1478455
f0:91:27:6b:7a:0a,15430,-17,3176,401.23,82.59,563,1274311,1479018
f0:91:27:6b:7a:0a,15431,-17,3177,401.13,82.59,90,1274401,1479108
f0:91:27:6b:7a:0a,15434,-17,3178,401.08,82.59,238,1274639,1479346
f0:91:27:6b:7a:0a,15441,-18,3179,401.14,82.59,572,1275211,1479918
f0:91:27:6b:7a:0a,15540,-17,3180,403.48,82.56,7846,1283057,1487764
f0:91:27:6b:7a:0a,15541,-18,3181,403.37,82.56,78,1283135,1487842
f0:91:27:6b:7a:0a,15542,-17,3182,403.27,82.56,76,1283211,1487918
f0:91:27:6b:7a:0a,15543,-17,3183,403.17,82.56,83,1283294,1488001
f0:91:27:6b:7a:0a,15551,-17,3184,403.25,82.56,656,1283950,1488657
f0:91:27:6b:7a:0a,15553,-17,3185,403.18,82.56,168,1284118,1488825
f0:91:27:6b:7a:0a,15555,-18,3186,403.10,82.56,150,1284268,1488975
f0:91:27:6b:7a:0a,15601,-18,3187,404.13,82.56,3696,1287964,1492671
f0:91:27:6b:7a:0a,15602,-17,3188,404.03,82.56,93,1288057,1492764
f0:91:27:6b:7a:0a,15621,-17,3189,404.39,82.56,1539,1289596,1494303
f0:91:27:6b:7a:0a,15622,-17,3190,404.29,82.56,89,1289685,1494392
f0:91:27:6b:7a:0a,15629,-17,3191,404.33,82.55,548,1290233,1494940
f0:91:27:6b:7a:0a,15630,-17,3192,404.23,82.55,77,1290310,1495017
f0:91:27:6b:7a:0a,15631,-18,3193,404.13,82.55,80,1290390,1495097
f0:91:27:6b:7a:0a,15632,-17,3194,404.03,82.55,85,1290475,1495182
f0:91:27:6b:7a:0a,15633,-18,3195,403.93,82.55,78,1290553,1495260
f0:91:27:6b:7a:0a,15671,-17,3196,404.76,82.55,3050,1293603,1498310
f0:91:27:6b:7a:0a,15672,-18,3197,404.66,82.55,81,1293684,1498391
f0:91:27:6b:7a:0a,15679,-18,3198,404.70,82.55,562,1294246,1498953
f0:91:27:6b:7a:0a,15725,-17,3199,405.72,82.54,3661,1297907,1502614
f0:91:27:6b:7a:0a,15728,-17,3200,405.67,82.54,241,1298148,1502855
f0:91:27:6b:7a:0a,15731,-17,3201,405.62,82.54,237,1298385,1503092
f0:91:27:6b:7a:0a,15733,-18,3202,405.54,82.54,166,1298551,1503258
f0:91:27:6b:7a:0a,15734,-17,3203,405.44,82.54,77,1298628,1503335
f0:91:27:6b:7a:0a,15738,-18,3204,405.42,82.54,334,1298962,1503669
f0:91:27:6b:7a:0a,15744,-17,3205,405.45,82.54,497,1299459,1504166
f0:91:27:6b:7a:0a,15886,-17,3206,408.89,82.52,11437,1310896,1515603
f0:91:27:6b:7a:0a,15888,-17,3207,408.81,82.52,169,1311065,1515772
f0:91:27:6b:7a:0a,15889,-18,3208,408.71,82.52,83,1311148,1515855
f0:91:27:6b:7a:0a,15931,-18,3209,409.77,82.54,3797,1314945,1519652
f0:91:27:6b:7a:0a,15969,-18,3210,410.75,82.57,3548,1318493,1523200
f0:91:27:6b:7a:0a,15971,-17,3211,410.68,82.57,193,1318686,1523393
f0:91:27:6b:7a:0a,16003,-18,3212,411.47,82.59,2951,1321637,1526344
f0:91:27:6b:7a:0a,16004,-17,3213,411.37,82.59,83,1321720,1526427
f0:91:27:6b:7a:0a,16007,-17,3214,411.32,82.59,272,1321992,1526699
f0:91:27:6b:7a:0a,16016,-17,3215,411.45,82.59,835,1322827,1527534
f0:91:27:6b:7a:0a,16018,-17,3216,411.39,82.60,192,1323019,1527726
f0:91:27:6b:7a:0a,16022,-18,3217,411.37,82.60,359,1323378,1528085
f0:91:27:6b:7a:0a,16035,-18,3218,411.60,82.60,1144,1324522,1529229
f0:91:27:6b:7a:0a,16041,-18,3219,411.63,82.60,517,1325039,1529746
f0:91:27:6b:7a:0a,16042,-17,3220,411.53,82.60,79,1325118,1529825
f0:91:27:6b:7a:0a,16077,-17,3221,412.33,82.61,2983,1328101,1532808
f0:91:27:6b:7a:0a,16079,-17,3222,412.25,82.61,161,1328262,1532969
f0:91:27:6b:7a:0a,16093,-17,3223,412.48,82.61,1147,1329409,1534116
f0:91:27:6b:7a:0a,16094,-17,3224,412.37,82.61,81,1329490,1534197
f0:91:27:6b:7a:0a,16096,-17,3225,412.30,82.61,165,1329655,1534362
f0:91:27:6b:7a:0a,16097,-18,3226,412.19,82.61,77,1329732,1534439
f0:91:27:6b:7a:0a,16112,-18,3227,412.44,82.61,1221,1330953,1535660
f0:91:27:6b:7a:0a,16114,-17,3228,412.36,82.61,149,1331102,1535809
f0:91:27:6b:7a:0a,16122,-17,3229,412.43,82.60,641,1331743,1536450
f0:91:27:6b:7a:0a,16150,-17,3230,412.99,82.60,2220,1333963,1538670
f0:91:27:6b:7a:0a,16153,-18,3231,412.94,82.60,237,1334200,1538907
f0:91:27:6b:7a:0a,16273,-17,3232,415.77,82.58,9582,1343782,1548489
f0:91:27:6b:7a:0a,16282,-17,3233,415.87,82.58,721,1344503,1549210
f0:91:27:6b:7a:0a,16305,-18,3234,416.32,82.57,1860,1346363,1551070
f0:91:27:6b:7a:0a,16306,-17,3235,416.21,82.57,88,1346451,1551158
f0:91:27:6b:7a:0a,16309,-17,3236,416.16,82.57,243,1346694,1551401
f0:91:27:6b:7a:0a,16310,-18,3237,416.05,82.57,73,1346767,1551474
f0:91:27:6b:7a:0a,16311,-18,3238,415.95,82.57,75,1346842,1551549
f0:91:27:6b:7a:0a,16314,-17,3239,415.90,82.57,261,1347103,1551810
f0:91:27:6b:7a:0a,16321,-17,3240,415.94,82.57,558,1347661,1552368
f0:91:27:6b:7a:0a,16323,-18,3241,415.86,82.57,155,1347816,1552523
f0:91:27:6b:7a:0a,16324,-17,3242,415.76,82.57,90,1347906,1552613
f0:91:27:6b:7a:0a,16327,-17,3243,415.71,82.57,237,1348143,1552850
f0:91:27:6b:7a:0a,16328,-17,3244,415.60,82.57,77,1348220,1552927
f0:91:27:6b:7a:0a,16337,-18,3245,415.70,82.57,716,1348936,1553643
f0:91:27:6b:7a:0a,16340,-18,3246,415.64,82.57,245,1349181,1553888
f0:91:27:6b:7a:0a,16344,-18,3247,415.61,82.57,320,1349501,1554208
f0:91:27:6b:7a:0a,16345,-17,3248,415.51,82.57,80,1349581,1554288
f0:91:27:6b:7a:0a,16352,-17,3249,415.55,82.57,555,1350136,1554843
f0:91:27:6b:7a:0a,16353,-18,3250,415.45,82.57,87,1350223,1554930
f0:91:27:6b:7a:0a,16361,-17,3251,415.53,82.57,651,1350874,1555581
f0:91:27:6b:7a:0a,16368,-18,3252,415.57,82.56,549,1351423,1556130
f0:91:27:6b:7a:0a,16369,-17,3253,415.47,82.57,85,1351508,1556215
f0:91:27:6b:7a:0a,16370,-17,3254,415.36,82.56,73,1351581,1556288
f0:91:27:6b:7a:0a,16371,-18,3255,415.26,82.56,84,1351665,1556372
f0:91:27:6b:7a:0a,16372,-17,3256,415.15,82.56,77,1351742,1556449
f0:91:27:6b:7a:0a,16418,-18,3257,416.16,82.56,3681,1355423,1560130
f0:91:27:6b:7a:0a,16422,-17,3258,416.13,82.56,316,1355739,1560446
f0:91:27:6b:7a:0a,16672,-18,3259,422.35,82.56,20684,1376423,1581130
f0:91:27:6b:7a:0a,16675,-17,3260,422.30,82.56,286,1376709,1581416
f0:91:27:6b:7a:0a,16676,-17,3261,422.20,82.56,94,1376803,1581510
f0:91:27:6b:7a:0a,16690,-17,3262,422.47,82.57,1310,1378113,1582820
f0:91:27:6b:7a:0a,16705,-17,3263,422.78,82.58,1402,1379515,1584222
f0:91:27:6b:7a:0a,16706,-17,3264,422.67,82.58,91,1379606,1584313
f0:91:27:6b:7a:0a,16707,-17,3265,422.57,82.58,92,1379698,1584405
f0:91:27:6b:7a:0a,16709,-17,3266,422.50,82.58,190,1379888,1584595
f0:91:27:6b:7a:0a,16710,-17,3267,422.40,82.58,87,1379975,1584682
f0:91:27:6b:7a:0a,16714,-17,3268,422.39,82.59,381,1380356,1585063
f0:91:27:6b:7a:0a,16715,-17,3269,422.28,82.59,81,1380437,1585144
f0:91:27:6b:7a:0a,16716,-17,3270,422.18,82.59,92,1380529,1585236
