address,packet_id,rssi,count,rx_speed,tx_speed,last_time_elapsed,total_time_elapsed,timestamp
f0:91:27:6b:7a:0a,3,-16,1,370.00,370.00,31291,370,31291
f0:91:27:6b:7a:0a,10,-16,2,459.00,114.75,548,918,31839
f0:91:27:6b:7a:0a,11,-16,3,335.33,111.78,88,1006,31927
f0:91:27:6b:7a:0a,12,-16,4,273.75,109.50,89,1095,32016
f0:91:27:6b:7a:0a,13,-18,5,234.00,106.36,75,1170,32091
f0:91:27:6b:7a:0a,14,-18,6,207.50,103.75,75,1245,32166
f0:91:27:6b:7a:0a,15,-16,7,189.29,101.92,80,1325,32246
f0:91:27:6b:7a:0a,16,-17,8,176.62,100.93,88,1413,32334
f0:91:27:6b:7a:0a,18,-16,9,174.33,98.06,156,1569,32490
f0:91:27:6b:7a:0a,19,-17,10,165.10,97.12,82,1651,32572
f0:91:27:6b:7a:0a,20,-16,11,157.73,96.39,84,1735,32656
f0:91:27:6b:7a:0a,24,-16,12,171.08,93.32,318,2053,32974
f0:91:27:6b:7a:0a,25,-16,13,163.62,92.48,74,2127,33048
f0:91:27:6b:7a:0a,29,-16,14,174.00,90.22,309,2436,33357
f0:91:27:6b:7a:0a,30,-17,15,168.07,90.04,85,2521,33442
f0:91:27:6b:7a:0a,31,-16,16,162.44,89.62,78,2599,33520
f0:91:27:6b:7a:0a,32,-16,17,157.41,89.20,77,2676,33597
f0:91:27:6b:7a:0a,33,-17,18,153.33,89.03,84,2760,33681
f0:91:27:6b:7a:0a,34,-16,19,149.58,88.81,82,2842,33763
f0:91:27:6b:7a:0a,35,-17,20,146.15,88.58,81,2923,33844
f0:91:27:6b:7a:0a,36,-18,21,142.90,88.26,78,3001,33922
f0:91:27:6b:7a:0a,37,-16,22,139.95,87.97,78,3079,34000
f0:91:27:6b:7a:0a,38,-18,23,137.57,87.89,85,3164,34085
f0:91:27:6b:7a:0a,39,-18,24,135.08,87.62,78,3242,34163
f0:91:27:6b:7a:0a,40,-16,25,133.00,87.50,83,3325,34246
f0:91:27:6b:7a:0a,41,-16,26,130.81,87.21,76,3401,34322
f0:91:27:6b:7a:0a,43,-18,27,131.63,86.68,153,3554,34475
f0:91:27:6b:7a:0a,44,-16,28,129.71,86.48,78,3632,34553
f0:91:27:6b:7a:0a,45,-17,29,127.90,86.26,77,3709,34630
f0:91:27:6b:7a:0a,46,-18,30,126.53,86.27,87,3796,34717
f0:91:27:6b:7a:0a,47,-16,31,124.94,86.07,77,3873,34794
f0:91:27:6b:7a:0a,49,-17,32,125.78,85.64,152,4025,34946
f0:91:27:6b:7a:0a,50,-17,33,124.30,85.46,77,4102,35023
f0:91:27:6b:7a:0a,51,-16,34,123.03,85.37,81,4183,35104
f0:91:27:6b:7a:0a,53,-16,35,123.83,84.98,151,4334,35255
f0:91:27:6b:7a:0a,54,-18,36,122.72,84.96,84,4418,35339
f0:91:27:6b:7a:0a,55,-16,37,121.57,84.87,80,4498,35419
f0:91:27:6b:7a:0a,56,-16,38,120.29,84.65,73,4571,35492
f0:91:27:6b:7a:0a,57,-18,39,119.28,84.58,81,4652,35573
f0:91:27:6b:7a:0a,61,-17,40,123.90,84.00,304,4956,35877
f0:91:27:6b:7a:0a,67,-17,41,132.46,83.55,475,5431,36352
f0:91:27:6b:7a:0a,68,-16,42,131.21,83.50,80,5511,36432
f0:91:27:6b:7a:0a,70,-16,43,131.86,83.38,159,5670,36591
f0:91:27:6b:7a:0a,72,-18,44,132.45,83.26,158,5828,36749
f0:91:27:6b:7a:0a,73,-16,45,131.36,83.25,83,5911,36832
f0:91:27:6b:7a:0a,74,-16,46,130.11,83.12,74,5985,36906
f0:91:27:6b:7a:0a,75,-16,47,128.96,83.03,76,6061,36982
f0:91:27:6b:7a:0a,77,-16,48,129.46,82.85,153,6214,37135
f0:91:27:6b:7a:0a,78,-16,49,128.45,82.82,80,6294,37215
f0:91:27:6b:7a:0a,87,-18,50,139.96,82.33,704,6998,37919
f0:91:27:6b:7a:0a,89,-16,51,140.20,82.18,152,7150,38071
f0:91:27:6b:7a:0a,90,-17,52,139.04,82.16,80,7230,38151
f0:91:27:6b:7a:0a,91,-16,53,137.92,82.13,80,7310,38231
f0:91:27:6b:7a:0a,92,-16,54,136.91,82.14,83,7393,38314
f0:91:27:6b:7a:0a,93,-18,55,135.85,82.11,79,7472,38393
f0:91:27:6b:7a:0a,95,-16,56,136.27,82.05,159,7631,38552
f0:91:27:6b:7a:0a,96,-18,57,135.23,82.00,77,7708,38629
f0:91:27:6b:7a:0a,100,-17,58,138.31,81.86,314,8022,38943
f0:91:27:6b:7a:0a,102,-16,59,138.61,81.78,156,8178,39099
f0:91:27:6b:7a:0a,107,-17,60,142.93,81.68,398,8576,39497
f0:91:27:6b:7a:0a,108,-17,61,141.85,81.63,77,8653,39574
f0:91:27:6b:7a:0a,109,-16,62,140.82,81.60,78,8731,39652
f0:91:27:6b:7a:0a,111,-17,63,141.19,81.61,164,8895,39816
f0:91:27:6b:7a:0a,114,-16,64,142.66,81.52,235,9130,40051
f0:91:27:6b:7a:0a,116,-17,65,142.78,81.41,151,9281,40202
f0:91:27:6b:7a:0a,119,-17,66,144.17,81.32,234,9515,40436
f0:91:27:6b:7a:0a,120,-18,67,143.18,81.30,78,9593,40514
f0:91:27:6b:7a:0a,121,-16,68,142.25,81.29,80,9673,40594
f0:91:27:6b:7a:0a,123,-17,69,142.59,81.31,166,9839,40760
f0:91:27:6b:7a:0a,136,-16,70,155.37,81.16,1037,10876,41797
f0:91:27:6b:7a:0a,139,-17,71,156.72,81.22,251,11127,42048
f0:91:27:6b:7a:0a,140,-18,72,155.56,81.16,73,11200,42121
f0:91:27:6b:7a:0a,141,-16,73,154.58,81.18,84,11284,42205
f0:91:27:6b:7a:0a,142,-16,74,153.49,81.13,74,11358,42279
f0:91:27:6b:7a:0a,143,-16,75,152.48,81.11,78,11436,42357
f0:91:27:6b:7a:0a,145,-17,76,152.49,81.04,153,11589,42510
f0:91:27:6b:7a:0a,146,-16,77,151.52,81.02,78,11667,42588
f0:91:27:6b:7a:0a,147,-17,78,150.58,81.00,78,11745,42666
f0:91:27:6b:7a:0a,148,-18,79,149.70,81.00,81,11826,42747
f0:91:27:6b:7a:0a,150,-17,80,149.81,80.98,159,11985,42906
f0:91:27:6b:7a:0a,154,-16,81,151.79,80.89,310,12295,43216
f0:91:27:6b:7a:0a,156,-18,82,151.80,80.83,153,12448,43369
f0:91:27:6b:7a:0a,157,-16,83,150.93,80.82,79,12527,43448
f0:91:27:6b:7a:0a,158,-16,84,150.07,80.81,79,12606,43527
f0:91:27:6b:7a:0a,160,-18,85,150.08,80.74,151,12757,43678
f0:91:27:6b:7a:0a,162,-17,86,150.17,80.72,158,12915,43836
f0:91:27:6b:7a:0a,163,-16,87,149.34,80.70,78,12993,43914
f0:91:27:6b:7a:0a,164,-17,88,148.58,80.71,82,13075,43996
f0:91:27:6b:7a:0a,165,-16,89,147.80,80.70,79,13154,44075
f0:91:27:6b:7a:0a,166,-16,90,147.00,80.67,76,13230,44151
f0:91:27:6b:7a:0a,167,-18,91,146.26,80.67,80,13310,44231
f0:91:27:6b:7a:0a,168,-18,92,145.53,80.66,79,13389,44310
f0:91:27:6b:7a:0a,169,-16,93,144.86,80.67,83,13472,44393
f0:91:27:6b:7a:0a,170,-17,94,144.21,80.69,84,13556,44477
f0:91:27:6b:7a:0a,171,-18,95,143.45,80.64,72,13628,44549
f0:91:27:6b:7a:0a,172,-16,96,142.86,80.68,87,13715,44636
f0:91:27:6b:7a:0a,175,-16,97,143.84,80.65,237,13952,44873
f0:91:27:6b:7a:0a,176,-16,98,143.14,80.62,76,14028,44949
f0:91:27:6b:7a:0a,177,-16,99,142.53,80.63,82,14110,45031
f0:91:27:6b:7a:0a,181,-17,100,144.37,80.65,327,14437,45358
f0:91:27:6b:7a:0a,182,-16,101,143.67,80.62,74,14511,45432
f0:91:27:6b:7a:0a,183,-16,102,143.14,80.66,89,14600,45521
f0:91:27:6b:7a:0a,184,-17,103,142.60,80.70,88,14688,45609
f0:91:27:6b:7a:0a,188,-16,104,144.23,80.65,312,15000,45921
f0:91:27:6b:7a:0a,189,-16,105,143.70,80.68,88,15088,46009
f0:91:27:6b:7a:0a,190,-17,106,143.06,80.66,76,15164,46085
f0:91:27:6b:7a:0a,192,-16,107,143.13,80.61,151,15315,46236
f0:91:27:6b:7a:0a,193,-16,108,142.56,80.61,82,15397,46318
f0:91:27:6b:7a:0a,194,-17,109,142.01,80.62,82,15479,46400
f0:91:27:6b:7a:0a,195,-16,110,141.42,80.60,77,15556,46477
f0:91:27:6b:7a:0a,203,-17,111,145.88,80.56,637,16193,47114
f0:91:27:6b:7a:0a,205,-16,112,145.97,80.54,156,16349,47270
f0:91:27:6b:7a:0a,214,-17,113,151.07,80.52,722,17071,47992
f0:91:27:6b:7a:0a,223,-17,114,155.96,80.45,709,17780,48701
f0:91:27:6b:7a:0a,224,-16,115,155.28,80.44,77,17857,48778
f0:91:27:6b:7a:0a,225,-16,116,154.61,80.43,78,17935,48856
f0:91:27:6b:7a:0a,226,-17,117,153.97,80.42,80,18015,48936
f0:91:27:6b:7a:0a,227,-16,118,153.36,80.43,81,18096,49017
f0:91:27:6b:7a:0a,231,-17,119,154.71,80.40,315,18411,49332
f0:91:27:6b:7a:0a,232,-16,120,154.01,80.35,70,18481,49402
f0:91:27:6b:7a:0a,233,-16,121,153.43,80.37,84,18565,49486
f0:91:27:6b:7a:0a,234,-16,122,152.80,80.35,76,18641,49562
f0:91:27:6b:7a:0a,235,-16,123,152.23,80.36,83,18724,49645
f0:91:27:6b:7a:0a,236,-17,124,151.65,80.36,80,18804,49725
f0:91:27:6b:7a:0a,239,-16,125,152.25,80.30,227,19031,49952
f0:91:27:6b:7a:0a,242,-18,126,152.88,80.26,232,19263,50184
f0:91:27:6b:7a:0a,243,-16,127,152.32,80.27,82,19345,50266
f0:91:27:6b:7a:0a,245,-16,128,152.38,80.26,159,19504,50425
f0:91:27:6b:7a:0a,252,-16,129,155.55,80.26,562,20066,50987
f0:91:27:6b:7a:0a,256,-16,130,156.78,80.24,315,20381,51302
f0:91:27:6b:7a:0a,257,-16,131,156.18,80.24,79,20460,51381
f0:91:27:6b:7a:0a,258,-17,132,155.60,80.23,79,20539,51460
f0:91:27:6b:7a:0a,259,-17,133,155.05,80.24,82,20621,51542
f0:91:27:6b:7a:0a,260,-16,134,154.46,80.22,76,20697,51618
f0:91:27:6b:7a:0a,261,-16,135,153.94,80.24,85,20782,51703
f0:91:27:6b:7a:0a,262,-17,136,153.36,80.22,75,20857,51778
f0:91:27:6b:7a:0a,263,-17,137,152.80,80.21,77,20934,51855
f0:91:27:6b:7a:0a,265,-17,138,152.84,80.20,158,21092,52013
f0:91:27:6b:7a:0a,266,-17,139,152.32,80.20,81,21173,52094
f0:91:27:6b:7a:0a,267,-16,140,151.90,80.25,93,21266,52187
f0:91:27:6b:7a:0a,269,-16,141,151.98,80.26,163,21429,52350
f0:91:27:6b:7a:0a,270,-16,142,151.42,80.23,73,21502,52423
f0:91:27:6b:7a:0a,272,-17,143,151.44,80.21,154,21656,52577
f0:91:27:6b:7a:0a,273,-16,144,150.92,80.20,77,21733,52654
f0:91:27:6b:7a:0a,274,-17,145,150.45,80.20,82,21815,52736
f0:91:27:6b:7a:0a,275,-17,146,149.95,80.19,77,21892,52813
f0:91:27:6b:7a:0a,276,-16,147,149.46,80.19,79,21971,52892
f0:91:27:6b:7a:0a,278,-16,148,149.54,80.19,161,22132,53053
f0:91:27:6b:7a:0a,279,-16,149,149.04,80.17,75,22207,53128
f0:91:27:6b:7a:0a,280,-17,150,148.58,80.17,80,22287,53208
f0:91:27:6b:7a:0a,281,-16,151,148.11,80.16,77,22364,53285
f0:91:27:6b:7a:0a,282,-16,152,147.63,80.14,76,22440,53361
f0:91:27:6b:7a:0a,283,-17,153,147.22,80.16,84,22524,53445
f0:91:27:6b:7a:0a,284,-16,154,146.77,80.15,78,22602,53523
f0:91:27:6b:7a:0a,286,-16,155,146.92,80.18,170,22772,53693
f0:91:27:6b:7a:0a,287,-16,156,146.45,80.16,74,22846,53767
f0:91:27:6b:7a:0a,288,-17,157,146.06,80.18,86,22932,53853
f0:91:27:6b:7a:0a,289,-16,158,145.64,80.18,79,23011,53932
f0:91:27:6b:7a:0a,291,-16,159,145.79,80.21,170,23181,54102
f0:91:27:6b:7a:0a,292,-16,160,145.34,80.19,73,23254,54175
f0:91:27:6b:7a:0a,296,-17,161,146.41,80.18,318,23572,54493
f0:91:27:6b:7a:0a,297,-18,162,145.98,80.16,76,23648,54569
f0:91:27:6b:7a:0a,299,-16,163,146.04,80.15,156,23804,54725
f0:91:27:6b:7a:0a,300,-17,164,145.65,80.16,83,23887,54808
f0:91:27:6b:7a:0a,301,-16,165,145.25,80.15,79,23966,54887
f0:91:27:6b:7a:0a,303,-17,166,145.30,80.13,153,24119,55040
f0:91:27:6b:7a:0a,308,-16,167,146.78,80.11,394,24513,55434
f0:91:27:6b:7a:0a,309,-17,168,146.39,80.11,81,24594,55515
f0:91:27:6b:7a:0a,310,-18,169,146.01,80.12,82,24676,55597
f0:91:27:6b:7a:0a,311,-16,170,145.66,80.14,86,24762,55683
f0:91:27:6b:7a:0a,312,-17,171,145.26,80.13,77,24839,55760
f0:91:27:6b:7a:0a,313,-16,172,144.86,80.12,77,24916,55837
f0:91:27:6b:7a:0a,316,-17,173,145.39,80.11,237,25153,56074
f0:91:27:6b:7a:0a,317,-16,174,145.05,80.12,86,25239,56160
f0:91:27:6b:7a:0a,319,-16,175,145.09,80.09,151,25390,56311
f0:91:27:6b:7a:0a,320,-18,176,144.70,80.08,77,25467,56388
f0:91:27:6b:7a:0a,321,-16,177,144.34,80.09,82,25549,56470
f0:91:27:6b:7a:0a,323,-17,178,144.45,80.10,163,25712,56633
f0:91:27:6b:7a:0a,324,-16,179,144.09,80.10,81,25793,56714
f0:91:27:6b:7a:0a,325,-16,180,143.77,80.12,85,25878,56799
f0:91:27:6b:7a:0a,326,-17,181,143.43,80.13,83,25961,56882
f0:91:27:6b:7a:0a,327,-16,182,143.06,80.11,76,26037,56958
f0:91:27:6b:7a:0a,328,-18,183,142.73,80.12,82,26119,57040
f0:91:27:6b:7a:0a,330,-16,184,142.82,80.12,159,26278,57199
f0:91:27:6b:7a:0a,332,-17,185,142.90,80.11,158,26436,57357
f0:91:27:6b:7a:0a,334,-17,186,142.97,80.10,157,26593,57514
f0:91:27:6b:7a:0a,336,-16,187,143.05,80.09,157,26750,57671
f0:91:27:6b:7a:0a,340,-16,188,143.96,80.07,315,27065,57986
f0:91:27:6b:7a:0a,341,-17,189,143.60,80.06,76,27141,58062
f0:91:27:6b:7a:0a,342,-17,190,143.26,80.06,79,27220,58141
f0:91:27:6b:7a:0a,345,-18,191,143.83,80.09,251,27471,58392
f0:91:27:6b:7a:0a,346,-16,192,143.51,80.10,83,27554,58475
f0:91:27:6b:7a:0a,347,-17,193,143.21,80.12,86,27640,58561
f0:91:27:6b:7a:0a,348,-16,194,142.84,80.09,71,27711,58632
f0:91:27:6b:7a:0a,349,-16,195,142.51,80.09,79,27790,58711
f0:91:27:6b:7a:0a,350,-18,196,142.19,80.09,80,27870,58791
f0:91:27:6b:7a:0a,351,-16,197,141.87,80.08,79,27949,58870
f0:91:27:6b:7a:0a,359,-16,198,144.38,80.08,638,28587,59508
f0:91:27:6b:7a:0a,362,-16,199,144.84,80.07,237,28824,59745
f0:91:27:6b:7a:0a,363,-18,200,144.48,80.04,72,28896,59817
f0:91:27:6b:7a:0a,364,-16,201,144.19,80.06,87,28983,59904
f0:91:27:6b:7a:0a,365,-16,202,143.86,80.06,77,29060,59981
f0:91:27:6b:7a:0a,366,-16,203,143.55,80.06,81,29141,60062
f0:91:27:6b:7a:0a,368,-17,204,143.60,80.04,153,29294,60215
f0:91:27:6b:7a:0a,369,-16,205,143.29,80.04,81,29375,60296
f0:91:27:6b:7a:0a,371,-17,206,143.38,80.04,161,29536,60457
f0:91:27:6b:7a:0a,372,-16,207,143.03,80.02,72,29608,60529
f0:91:27:6b:7a:0a,374,-17,208,143.14,80.03,165,29773,60694
f0:91:27:6b:7a:0a,377,-16,209,143.59,80.03,238,30011,60932
f0:91:27:6b:7a:0a,378,-17,210,143.26,80.01,74,30085,61006
f0:91:27:6b:7a:0a,380,-16,211,143.38,80.04,169,30254,61175
f0:91:27:6b:7a:0a,382,-17,212,143.51,80.07,171,30425,61346
f0:91:27:6b:7a:0a,384,-16,213,143.57,80.05,156,30581,61502
f0:91:27:6b:7a:0a,386,-18,214,143.63,80.04,156,30737,61658
f0:91:27:6b:7a:0a,388,-16,215,143.67,80.02,152,30889,61810
f0:91:27:6b:7a:0a,389,-16,216,143.37,80.02,78,30967,61888
f0:91:27:6b:7a:0a,390,-16,217,143.11,80.04,88,31055,61976
f0:91:27:6b:7a:0a,391,-16,218,142.82,80.04,80,31135,62056
f0:91:27:6b:7a:0a,392,-16,219,142.59,80.07,93,31228,62149
f0:91:27:6b:7a:0a,393,-17,220,142.26,80.05,70,31298,62219
f0:91:27:6b:7a:0a,397,-17,221,143.06,80.04,318,31616,62537
f0:91:27:6b:7a:0a,398,-16,222,142.81,80.06,87,31703,62624
f0:91:27:6b:7a:0a,400,-17,223,142.86,80.04,154,31857,62778
f0:91:27:6b:7a:0a,401,-17,224,142.62,80.07,89,31946,62867
f0:91:27:6b:7a:0a,402,-17,225,142.34,80.07,81,32027,62948
f0:91:27:6b:7a:0a,403,-16,226,142.06,80.06,78,32105,63026
f0:91:27:6b:7a:0a,404,-16,227,141.76,80.05,75,32180,63101
f0:91:27:6b:7a:0a,406,-18,228,141.84,80.05,160,32340,63261
f0:91:27:6b:7a:0a,407,-16,229,141.60,80.07,87,32427,63348
f0:91:27:6b:7a:0a,408,-17,230,141.32,80.06,76,32503,63424
f0:91:27:6b:7a:0a,410,-16,231,141.40,80.06,161,32664,63585
f0:91:27:6b:7a:0a,411,-16,232,141.17,80.08,87,32751,63672
f0:91:27:6b:7a:0a,412,-17,233,140.91,80.08,81,32832,63753
f0:91:27:6b:7a:0a,413,-16,234,140.68,80.09,86,32918,63839
f0:91:27:6b:7a:0a,414,-17,235,140.40,80.08,77,32995,63916
f0:91:27:6b:7a:0a,416,-16,236,140.47,80.07,156,33151,64072
f0:91:27:6b:7a:0a,417,-17,237,140.22,80.08,81,33232,64153
f0:91:27:6b:7a:0a,418,-17,238,139.95,80.07,76,33308,64229
f0:91:27:6b:7a:0a,420,-16,239,140.04,80.07,162,33470,64391
f0:91:27:6b:7a:0a,423,-16,240,140.44,80.06,235,33705,64626
f0:91:27:6b:7a:0a,424,-16,241,140.23,80.08,90,33795,64716
f0:91:27:6b:7a:0a,425,-17,242,140.00,80.09,84,33879,64800
f0:91:27:6b:7a:0a,426,-16,243,139.73,80.08,75,33954,64875
f0:91:27:6b:7a:0a,428,-17,244,139.82,80.08,161,34115,65036
f0:91:27:6b:7a:0a,436,-16,245,141.82,80.06,630,34745,65666
f0:91:27:6b:7a:0a,437,-16,246,141.56,80.05,78,34823,65744
f0:91:27:6b:7a:0a,439,-16,247,141.64,80.06,163,34986,65907
f0:91:27:6b:7a:0a,440,-16,248,141.38,80.05,77,35063,65984
f0:91:27:6b:7a:0a,441,-17,249,141.14,80.05,80,35143,66064
f0:91:27:6b:7a:0a,442,-16,250,140.88,80.05,77,35220,66141
f0:91:27:6b:7a:0a,444,-17,251,140.97,80.05,164,35384,66305
f0:91:27:6b:7a:0a,445,-16,252,140.73,80.05,79,35463,66384
f0:91:27:6b:7a:0a,446,-16,253,140.50,80.06,84,35547,66468
f0:91:27:6b:7a:0a,447,-17,254,140.25,80.05,77,35624,66545
f0:91:27:6b:7a:0a,448,-16,255,140.00,80.04,75,35699,66620
f0:91:27:6b:7a:0a,449,-16,256,139.77,80.04,81,35780,66701
f0:91:27:6b:7a:0a,450,-17,257,139.53,80.04,80,35860,66781
f0:91:27:6b:7a:0a,453,-16,258,139.89,80.03,232,36092,67013
f0:91:27:6b:7a:0a,454,-16,259,139.62,80.00,70,36162,67083
f0:91:27:6b:7a:0a,455,-16,260,139.42,80.02,87,36249,67170
f0:91:27:6b:7a:0a,458,-16,261,139.82,80.03,245,36494,67415
f0:91:27:6b:7a:0a,461,-17,262,140.21,80.03,241,36735,67656
f0:91:27:6b:7a:0a,462,-17,263,139.99,80.04,82,36817,67738
f0:91:27:6b:7a:0a,463,-16,264,139.76,80.03,79,36896,67817
f0:91:27:6b:7a:0a,464,-16,265,139.53,80.03,79,36975,67896
f0:91:27:6b:7a:0a,465,-16,266,139.33,80.05,88,37063,67984
f0:91:27:6b:7a:0a,467,-17,267,139.43,80.06,165,37228,68149
f0:91:27:6b:7a:0a,471,-16,268,140.15,80.08,331,37559,68480
f0:91:27:6b:7a:0a,476,-16,269,141.28,80.18,445,38004,68925
f0:91:27:6b:7a:0a,479,-16,270,141.72,80.22,260,38264,69185
f0:91:27:6b:7a:0a,493,-17,271,145.93,80.55,1284,39548,70469
f0:91:27:6b:7a:0a,494,-16,272,145.75,80.58,96,39644,70565
f0:91:27:6b:7a:0a,496,-16,273,145.86,80.61,176,39820,70741
f0:91:27:6b:7a:0a,497,-16,274,145.68,80.64,96,39916,70837
f0:91:27:6b:7a:0a,498,-17,275,145.48,80.66,92,40008,70929
f0:91:27:6b:7a:0a,499,-16,276,145.30,80.69,94,40102,71023
f0:91:27:6b:7a:0a,500,-17,277,145.10,80.71,90,40192,71113
f0:91:27:6b:7a:0a,501,-16,278,144.91,80.73,93,40285,71206
f0:91:27:6b:7a:0a,503,-17,279,145.05,80.77,183,40468,71389
f0:91:27:6b:7a:0a,504,-16,280,144.86,80.80,93,40561,71482
f0:91:27:6b:7a:0a,505,-16,281,144.68,80.83,95,40656,71577
f0:91:27:6b:7a:0a,506,-17,282,144.49,80.85,90,40746,71667
f0:91:27:6b:7a:0a,507,-16,283,144.32,80.88,96,40842,71763
f0:91:27:6b:7a:0a,509,-17,284,144.46,80.92,186,41028,71949
f0:91:27:6b:7a:0a,513,-17,285,145.24,81.01,366,41394,72315
f0:91:27:6b:7a:0a,515,-17,286,145.38,81.05,184,41578,72499
f0:91:27:6b:7a:0a,522,-17,287,147.21,81.25,672,42250,73171
f0:91:27:6b:7a:0a,523,-16,288,146.99,81.26,84,42334,73255
f0:91:27:6b:7a:0a,525,-17,289,147.13,81.30,187,42521,73442
f0:91:27:6b:7a:0a,529,-16,290,147.91,81.39,374,42895,73816
f0:91:27:6b:7a:0a,531,-16,291,148.03,81.43,183,43078,73999
f0:91:27:6b:7a:0a,534,-17,292,148.46,81.49,273,43351,74272
f0:91:27:6b:7a:0a,545,-17,293,151.48,81.74,1032,44383,75304
f0:91:27:6b:7a:0a,546,-16,294,151.28,81.76,94,44477,75398
f0:91:27:6b:7a:0a,547,-16,295,151.10,81.79,98,44575,75496
f0:91:27:6b:7a:0a,548,-17,296,150.89,81.80,87,44662,75583
f0:91:27:6b:7a:0a,552,-16,297,151.65,81.89,379,45041,75962
f0:91:27:6b:7a:0a,553,-16,298,151.48,81.93,100,45141,76062
f0:91:27:6b:7a:0a,554,-18,299,151.24,81.92,79,45220,76141
f0:91:27:6b:7a:0a,556,-16,300,151.34,81.95,181,45401,76322
f0:91:27:6b:7a:0a,558,-18,301,151.48,82.00,193,45594,76515
f0:91:27:6b:7a:0a,559,-16,302,151.25,82.01,84,45678,76599
f0:91:27:6b:7a:0a,562,-16,303,151.67,82.06,277,45955,76876
f0:91:27:6b:7a:0a,563,-17,304,151.48,82.08,94,46049,76970
f0:91:27:6b:7a:0a,564,-16,305,151.28,82.10,91,46140,77061
f0:91:27:6b:7a:0a,566,-17,306,151.45,82.17,204,46344,77265
f0:91:27:6b:7a:0a,567,-16,307,151.26,82.19,92,46436,77357
f0:91:27:6b:7a:0a,568,-17,308,151.06,82.20,91,46527,77448
f0:91:27:6b:7a:0a,569,-16,309,150.86,82.21,88,46615,77536
f0:91:27:6b:7a:0a,570,-16,310,150.70,82.25,102,46717,77638
f0:91:27:6b:7a:0a,572,-17,311,150.80,82.28,181,46898,77819
f0:91:27:6b:7a:0a,573,-16,312,150.65,82.32,104,47002,77923
f0:91:27:6b:7a:0a,575,-17,313,150.74,82.34,179,47181,78102
f0:91:27:6b:7a:0a,576,-16,314,150.57,82.37,97,47278,78199
f0:91:27:6b:7a:0a,578,-17,315,150.68,82.40,186,47464,78385
f0:91:27:6b:7a:0a,579,-16,316,150.48,82.41,88,47552,78473
f0:91:27:6b:7a:0a,581,-18,317,150.61,82.46,190,47742,78663
f0:91:27:6b:7a:0a,582,-16,318,150.40,82.46,84,47826,78747
f0:91:27:6b:7a:0a,583,-16,319,150.23,82.49,98,47924,78845
f0:91:27:6b:7a:0a,584,-16,320,150.03,82.49,86,48010,78931
f0:91:27:6b:7a:0a,585,-16,321,149.84,82.50,90,48100,79021
f0:91:27:6b:7a:0a,586,-17,322,149.66,82.52,91,48191,79112
f0:91:27:6b:7a:0a,587,-16,323,149.49,82.54,94,48285,79206
f0:91:27:6b:7a:0a,588,-16,324,149.31,82.55,92,48377,79298
f0:91:27:6b:7a:0a,589,-17,325,149.11,82.56,85,48462,79383
f0:91:27:6b:7a:0a,591,-16,326,149.21,82.59,181,48643,79564
f0:91:27:6b:7a:0a,593,-16,327,149.32,82.62,186,48829,79750
f0:91:27:6b:7a:0a,594,-16,328,149.16,82.64,96,48925,79846
f0:91:27:6b:7a:0a,596,-16,329,149.25,82.66,178,49103,80024
f0:91:27:6b:7a:0a,598,-17,330,149.40,82.72,199,49302,80223
f0:91:27:6b:7a:0a,599,-16,331,149.21,82.73,88,49390,80311
f0:91:27:6b:7a:0a,601,-16,332,149.31,82.75,180,49570,80491
f0:91:27:6b:7a:0a,602,-17,333,149.13,82.76,89,49659,80580
f0:91:27:6b:7a:0a,603,-16,334,148.96,82.78,94,49753,80674
f0:91:27:6b:7a:0a,613,-16,335,151.03,82.81,843,50596,81517
f0:91:27:6b:7a:0a,615,-17,336,151.05,82.80,158,50754,81675
f0:91:27:6b:7a:0a,616,-16,337,150.88,82.81,92,50846,81767
f0:91:27:6b:7a:0a,617,-17,338,150.64,82.79,72,50918,81839
f0:91:27:6b:7a:0a,618,-16,339,150.45,82.80,85,51003,81924
f0:91:27:6b:7a:0a,619,-16,340,150.25,82.80,83,51086,82007
f0:91:27:6b:7a:0a,621,-16,341,150.32,82.81,174,51260,82181
f0:91:27:6b:7a:0a,622,-17,342,150.11,82.80,77,51337,82258
f0:91:27:6b:7a:0a,624,-17,343,150.17,82.81,171,51508,82429
f0:91:27:6b:7a:0a,625,-16,344,149.99,82.82,87,51595,82516
f0:91:27:6b:7a:0a,631,-17,345,151.01,82.83,504,52099,83020
f0:91:27:6b:7a:0a,632,-16,346,150.81,82.83,82,52181,83102
f0:91:27:6b:7a:0a,633,-17,347,150.65,82.84,94,52275,83196
f0:91:27:6b:7a:0a,634,-16,348,150.46,82.85,86,52361,83282
f0:91:27:6b:7a:0a,639,-16,349,151.22,82.85,415,52776,83697
f0:91:27:6b:7a:0a,640,-16,350,151.05,82.86,90,52866,83787
f0:91:27:6b:7a:0a,641,-16,351,150.85,82.86,82,52948,83869
f0:91:27:6b:7a:0a,642,-17,352,150.66,82.86,85,53033,83954
f0:91:27:6b:7a:0a,645,-17,353,150.93,82.86,246,53279,84200
f0:91:27:6b:7a:0a,646,-17,354,150.76,82.87,91,53370,84291
f0:91:27:6b:7a:0a,647,-17,355,150.56,82.87,80,53450,84371
f0:91:27:6b:7a:0a,651,-16,356,151.08,82.87,335,53785,84706
f0:91:27:6b:7a:0a,653,-17,357,151.10,82.86,157,53942,84863
f0:91:27:6b:7a:0a,655,-16,358,151.16,82.87,175,54117,85038
f0:91:27:6b:7a:0a,657,-17,359,151.20,82.87,164,54281,85202
f0:91:27:6b:7a:0a,659,-16,360,151.27,82.89,176,54457,85378
f0:91:27:6b:7a:0a,666,-16,361,152.42,82.87,567,55024,85945
f0:91:27:6b:7a:0a,668,-16,362,152.46,82.87,168,55192,86113
f0:91:27:6b:7a:0a,670,-17,363,152.53,82.88,175,55367,86288
f0:91:27:6b:7a:0a,671,-17,364,152.33,82.88,80,55447,86368
f0:91:27:6b:7a:0a,672,-16,365,152.14,82.88,83,55530,86451
f0:91:27:6b:7a:0a,674,-18,366,152.16,82.88,162,55692,86613
f0:91:27:6b:7a:0a,676,-17,367,152.22,82.88,171,55863,86784
f0:91:27:6b:7a:0a,677,-16,368,152.01,82.88,78,55941,86862
f0:91:27:6b:7a:0a,678,-16,369,151.81,82.87,76,56017,86938
f0:91:27:6b:7a:0a,679,-17,370,151.61,82.86,79,56096,87017
f0:91:27:6b:7a:0a,680,-16,371,151.43,82.86,83,56179,87100
f0:91:27:6b:7a:0a,681,-16,372,151.23,82.85,78,56257,87178
f0:91:27:6b:7a:0a,683,-16,373,151.25,82.84,160,56417,87338
f0:91:27:6b:7a:0a,684,-16,374,151.05,82.84,77,56494,87415
f0:91:27:6b:7a:0a,685,-17,375,150.84,82.82,72,56566,87487
f0:91:27:6b:7a:0a,686,-17,376,150.64,82.81,76,56642,87563
f0:91:27:6b:7a:0a,694,-16,377,151.95,82.78,642,57284,88205
f0:91:27:6b:7a:0a,696,-17,378,151.97,82.78,162,57446,88367
f0:91:27:6b:7a:0a,697,-16,379,151.79,82.78,84,57530,88451
f0:91:27:6b:7a:0a,701,-17,380,152.22,82.75,312,57842,88763
f0:91:27:6b:7a:0a,703,-16,381,152.27,82.76,174,58016,88937
f0:91:27:6b:7a:0a,705,-17,382,152.26,82.74,148,58164,89085
f0:91:27:6b:7a:0a,707,-16,383,152.28,82.73,159,58323,89244
f0:91:27:6b:7a:0a,709,-16,384,152.29,82.72,157,58480,89401
f0:91:27:6b:7a:0a,710,-17,385,152.09,82.70,75,58555,89476
f0:91:27:6b:7a:0a,712,-18,386,152.10,82.69,156,58711,89632
f0:91:27:6b:7a:0a,713,-17,387,151.92,82.69,81,58792,89713
f0:91:27:6b:7a:0a,714,-16,388,151.76,82.70,90,58882,89803
f0:91:27:6b:7a:0a,715,-17,389,151.56,82.69,76,58958,89879
f0:91:27:6b:7a:0a,717,-16,390,151.58,82.68,157,59115,90036
f0:91:27:6b:7a:0a,721,-16,391,152.02,82.67,323,59438,90359
f0:91:27:6b:7a:0a,723,-16,392,152.01,82.65,151,59589,90510
f0:91:27:6b:7a:0a,724,-17,393,151.84,82.65,85,59674,90595
f0:91:27:6b:7a:0a,729,-16,394,152.45,82.62,390,60064,90985
f0:91:27:6b:7a:0a,733,-16,395,152.86,82.60,315,60379,91300
f0:91:27:6b:7a:0a,734,-16,396,152.67,82.59,79,60458,91379
f0:91:27:6b:7a:0a,735,-18,397,152.49,82.59,79,60537,91458
f0:91:27:6b:7a:0a,737,-16,398,152.49,82.58,156,60693,91614
f0:91:27:6b:7a:0a,738,-18,399,152.33,82.58,88,60781,91702
f0:91:27:6b:7a:0a,741,-17,400,152.58,82.59,250,61031,91952
f0:91:27:6b:7a:0a,742,-17,401,152.39,82.58,76,61107,92028
f0:91:27:6b:7a:0a,747,-16,402,153.00,82.56,399,61506,92427
f0:91:27:6b:7a:0a,748,-17,403,152.82,82.55,80,61586,92507
f0:91:27:6b:7a:0a,750,-16,404,152.82,82.54,154,61740,92661
f0:91:27:6b:7a:0a,751,-17,405,152.64,82.53,78,61818,92739
f0:91:27:6b:7a:0a,752,-16,406,152.45,82.53,78,61896,92817
f0:91:27:6b:7a:0a,759,-16,407,153.42,82.48,544,62440,93361
f0:91:27:6b:7a:0a,760,-17,408,153.23,82.48,79,62519,93440
f0:91:27:6b:7a:0a,771,-16,409,155.03,82.46,889,63408,94329
f0:91:27:6b:7a:0a,773,-17,410,155.01,82.43,146,63554,94475
f0:91:27:6b:7a:0a,775,-16,411,155.02,82.42,159,63713,94634
f0:91:27:6b:7a:0a,784,-16,412,156.41,82.41,728,64441,95362
f0:91:27:6b:7a:0a,785,-16,413,156.21,82.39,73,64514,95435
f0:91:27:6b:7a:0a,792,-16,414,157.16,82.36,551,65065,95986
f0:91:27:6b:7a:0a,793,-17,415,156.97,82.36,79,65144,96065
f0:91:27:6b:7a:0a,797,-16,416,157.36,82.34,318,65462,96383
f0:91:27:6b:7a:0a,799,-17,417,157.37,82.34,161,65623,96544
f0:91:27:6b:7a:0a,800,-16,418,157.20,82.34,86,65709,96630
f0:91:27:6b:7a:0a,802,-17,419,157.21,82.34,160,65869,96790
f0:91:27:6b:7a:0a,803,-16,420,157.02,82.33,80,65949,96870
f0:91:27:6b:7a:0a,804,-17,421,156.84,82.33,82,66031,96952
f0:91:27:6b:7a:0a,805,-16,422,156.68,82.34,88,66119,97040
f0:91:27:6b:7a:0a,808,-17,423,156.85,82.32,230,66349,97270
f0:91:27:6b:7a:0a,809,-16,424,156.68,82.32,83,66432,97353
f0:91:27:6b:7a:0a,812,-17,425,156.87,82.31,239,66671,97592
f0:91:27:6b:7a:0a,816,-17,426,157.25,82.30,319,66990,97911
f0:91:27:6b:7a:0a,818,-17,427,157.26,82.29,161,67151,98072
f0:91:27:6b:7a:0a,819,-17,428,157.07,82.29,77,67228,98149
f0:91:27:6b:7a:0a,820,-16,429,156.88,82.28,74,67302,98223
f0:91:27:6b:7a:0a,821,-16,430,156.69,82.27,75,67377,98298
f0:91:27:6b:7a:0a,822,-16,431,156.51,82.26,78,67455,98376
f0:91:27:6b:7a:0a,823,-16,432,156.31,82.25,73,67528,98449
f0:91:27:6b:7a:0a,824,-17,433,156.15,82.25,83,67611,98532
f0:91:27:6b:7a:0a,826,-16,434,156.14,82.24,154,67765,98686
f0:91:27:6b:7a:0a,827,-16,435,155.97,82.24,80,67845,98766
f0:91:27:6b:7a:0a,828,-17,436,155.79,82.23,81,67926,98847
f0:91:27:6b:7a:0a,829,-16,437,155.61,82.23,77,68003,98924
f0:91:27:6b:7a:0a,830,-16,438,155.43,82.22,76,68079,99000
f0:91:27:6b:7a:0a,831,-17,439,155.26,82.22,80,68159,99080
f0:91:27:6b:7a:0a,832,-16,440,155.08,82.21,77,68236,99157
f0:91:27:6b:7a:0a,836,-16,441,155.44,82.19,313,68549,99470
f0:91:27:6b:7a:0a,837,-16,442,155.26,82.19,76,68625,99546
f0:91:27:6b:7a:0a,840,-16,443,155.45,82.18,241,68866,99787
f0:91:27:6b:7a:0a,841,-17,444,155.28,82.17,78,68944,99865
f0:91:27:6b:7a:0a,843,-17,445,155.29,82.17,160,69104,100025
f0:91:27:6b:7a:0a,844,-16,446,155.10,82.15,70,69174,100095
f0:91:27:6b:7a:0a,845,-16,447,154.94,82.16,83,69257,100178
f0:91:27:6b:7a:0a,846,-18,448,154.76,82.15,74,69331,100252
f0:91:27:6b:7a:0a,847,-16,449,154.60,82.15,84,69415,100336
f0:91:27:6b:7a:0a,848,-16,450,154.45,82.15,86,69501,100422
f0:91:27:6b:7a:0a,849,-18,451,154.28,82.15,79,69580,100501
f0:91:27:6b:7a:0a,850,-16,452,154.12,82.15,80,69660,100581
f0:91:27:6b:7a:0a,852,-17,453,154.12,82.14,158,69818,100739
f0:91:27:6b:7a:0a,853,-16,454,153.95,82.13,77,69895,100816
f0:91:27:6b:7a:0a,854,-16,455,153.79,82.13,78,69973,100894
f0:91:27:6b:7a:0a,857,-16,456,153.96,82.11,234,70207,101128
f0:91:27:6b:7a:0a,858,-17,457,153.82,82.12,87,70294,101215
f0:91:27:6b:7a:0a,859,-16,458,153.66,82.12,80,70374,101295
f0:91:27:6b:7a:0a,860,-16,459,153.49,82.11,80,70454,101375
f0:91:27:6b:7a:0a,869,-17,460,154.70,82.08,710,71164,102085
f0:91:27:6b:7a:0a,870,-16,461,154.54,82.07,77,71241,102162
f0:91:27:6b:7a:0a,871,-16,462,154.38,82.07,82,71323,102244
f0:91:27:6b:7a:0a,872,-16,463,154.23,82.08,85,71408,102329
f0:91:27:6b:7a:0a,873,-16,464,154.07,82.08,80,71488,102409
f0:91:27:6b:7a:0a,874,-16,465,153.90,82.07,74,71562,102483
f0:91:27:6b:7a:0a,875,-17,466,153.74,82.06,79,71641,102562
f0:91:27:6b:7a:0a,876,-16,467,153.58,82.06,79,71720,102641
f0:91:27:6b:7a:0a,877,-16,468,153.42,82.06,82,71802,102723
f0:91:27:6b:7a:0a,878,-17,469,153.26,82.05,76,71878,102799
f0:91:27:6b:7a:0a,879,-16,470,153.11,82.05,84,71962,102883
f0:91:27:6b:7a:0a,880,-16,471,152.96,82.05,80,72042,102963
f0:91:27:6b:7a:0a,885,-16,472,153.48,82.04,402,72444,103365
f0:91:27:6b:7a:0a,886,-17,473,153.32,82.04,77,72521,103442
f0:91:27:6b:7a:0a,887,-16,474,153.16,82.03,79,72600,103521
f0:91:27:6b:7a:0a,888,-17,475,153.03,82.04,91,72691,103612
f0:91:27:6b:7a:0a,889,-16,476,152.87,82.04,75,72766,103687
f0:91:27:6b:7a:0a,890,-16,477,152.72,82.03,81,72847,103768
f0:91:27:6b:7a:0a,892,-17,478,152.73,82.03,159,73006,103927
f0:91:27:6b:7a:0a,893,-16,479,152.57,82.02,76,73082,104003
f0:91:27:6b:7a:0a,894,-16,480,152.41,82.02,77,73159,104080
f0:91:27:6b:7a:0a,895,-17,481,152.26,82.01,77,73236,104157
f0:91:27:6b:7a:0a,896,-16,482,152.11,82.01,82,73318,104239
f0:91:27:6b:7a:0a,899,-17,483,152.29,82.00,237,73555,104476
f0:91:27:6b:7a:0a,900,-16,484,152.13,81.99,74,73629,104550
f0:91:27:6b:7a:0a,901,-16,485,151.97,81.99,77,73706,104627
f0:91:27:6b:7a:0a,906,-16,486,152.46,81.96,389,74095,105016
f0:91:27:6b:7a:0a,907,-18,487,152.31,81.96,79,74174,105095
f0:91:27:6b:7a:0a,908,-16,488,152.17,81.96,83,74257,105178
f0:91:27:6b:7a:0a,910,-17,489,152.17,81.95,155,74412,105333
f0:91:27:6b:7a:0a,919,-18,490,153.33,81.93,722,75134,106055
f0:91:27:6b:7a:0a,921,-16,491,153.34,81.93,158,75292,106213
f0:91:27:6b:7a:0a,922,-17,492,153.20,81.93,80,75372,106293
f0:91:27:6b:7a:0a,928,-18,493,153.85,81.91,476,75848,106769
f0:91:27:6b:7a:0a,931,-17,494,154.04,81.91,246,76094,107015
f0:91:27:6b:7a:0a,932,-16,495,153.88,81.90,77,76171,107092
f0:91:27:6b:7a:0a,933,-16,496,153.72,81.90,74,76245,107166
f0:91:27:6b:7a:0a,934,-16,497,153.57,81.89,77,76322,107243
f0:91:27:6b:7a:0a,938,-16,498,153.90,81.88,319,76641,107562
f0:91:27:6b:7a:0a,939,-16,499,153.76,81.89,87,76728,107649
f0:91:27:6b:7a:0a,942,-16,500,153.94,81.88,240,76968,107889
f0:91:27:6b:7a:0a,943,-16,501,153.78,81.87,76,77044,107965
f0:91:27:6b:7a:0a,944,-17,502,153.63,81.87,77,77121,108042
f0:91:27:6b:7a:0a,946,-16,503,153.64,81.86,159,77280,108201
f0:91:27:6b:7a:0a,947,-17,504,153.49,81.86,80,77360,108281
f0:91:27:6b:7a:0a,949,-17,505,153.52,81.87,169,77529,108450
f0:91:27:6b:7a:0a,950,-18,506,153.38,81.87,80,77609,108530
f0:91:27:6b:7a:0a,951,-16,507,153.22,81.86,75,77684,108605
f0:91:27:6b:7a:0a,953,-16,508,153.23,81.85,157,77841,108762
f0:91:27:6b:7a:0a,954,-17,509,153.08,81.85,79,77920,108841
f0:91:27:6b:7a:0a,955,-16,510,152.95,81.85,83,78003,108924
f0:91:27:6b:7a:0a,956,-16,511,152.78,81.84,70,78073,108994
f0:91:27:6b:7a:0a,959,-17,512,152.96,81.83,243,78316,109237
f0:91:27:6b:7a:0a,961,-16,513,152.97,81.83,158,78474,109395
f0:91:27:6b:7a:0a,962,-17,514,152.82,81.82,76,78550,109471
f0:91:27:6b:7a:0a,967,-17,515,153.32,81.82,409,78959,109880
f0:91:27:6b:7a:0a,968,-16,516,153.18,81.82,82,79041,109962
f0:91:27:6b:7a:0a,969,-16,517,153.03,81.82,76,79117,110038
f0:91:27:6b:7a:0a,972,-16,518,153.20,81.81,240,79357,110278
f0:91:27:6b:7a:0a,973,-16,519,153.05,81.81,77,79434,110355
f0:91:27:6b:7a:0a,975,-16,520,153.06,81.80,158,79592,110513
f0:91:27:6b:7a:0a,977,-17,521,153.07,81.80,159,79751,110672
f0:91:27:6b:7a:0a,978,-16,522,152.94,81.80,82,79833,110754
f0:91:27:6b:7a:0a,979,-16,523,152.79,81.79,76,79909,110830
f0:91:27:6b:7a:0a,981,-17,524,152.81,81.79,163,80072,110993
f0:91:27:6b:7a:0a,982,-16,525,152.66,81.78,77,80149,111070
f0:91:27:6b:7a:0a,983,-16,526,152.54,81.79,85,80234,111155
f0:91:27:6b:7a:0a,984,-18,527,152.40,81.79,79,80313,111234
f0:91:27:6b:7a:0a,986,-16,528,152.40,81.78,156,80469,111390
f0:91:27:6b:7a:0a,988,-16,529,152.42,81.77,159,80628,111549
f0:91:27:6b:7a:0a,989,-16,530,152.27,81.77,77,80705,111626
f0:91:27:6b:7a:0a,991,-16,531,152.28,81.76,158,80863,111784
f0:91:27:6b:7a:0a,994,-16,532,152.45,81.76,239,81102,112023
f0:91:27:6b:7a:0a,995,-16,533,152.31,81.75,77,81179,112100
f0:91:27:6b:7a:0a,996,-17,534,152.17,81.75,80,81259,112180
f0:91:27:6b:7a:0a,998,-17,535,152.17,81.74,154,81413,112334
f0:91:27:6b:7a:0a,1005,-16,536,152.96,81.74,573,81986,112907
f0:91:27:6b:7a:0a,1006,-17,537,152.85,81.75,92,82078,112999
f0:91:27:6b:7a:0a,1007,-16,538,152.72,81.75,83,82161,113082
f0:91:27:6b:7a:0a,1008,-16,539,152.58,81.75,78,82239,113160
f0:91:27:6b:7a:0a,1009,-18,540,152.44,81.75,80,82319,113240
f0:91:27:6b:7a:0a,1010,-17,541,152.30,81.74,78,82397,113318
f0:91:27:6b:7a:0a,1013,-16,542,152.47,81.74,240,82637,113558
f0:91:27:6b:7a:0a,1014,-17,543,152.32,81.73,74,82711,113632
f0:91:27:6b:7a:0a,1015,-16,544,152.19,81.73,83,82794,113715
f0:91:27:6b:7a:0a,1016,-16,545,152.06,81.73,76,82870,113791
f0:91:27:6b:7a:0a,1018,-16,546,152.08,81.73,164,83034,113955
f0:91:27:6b:7a:0a,1021,-17,547,152.22,81.71,231,83265,114186
f0:91:27:6b:7a:0a,1022,-16,548,152.11,81.72,90,83355,114276
f0:91:27:6b:7a:0a,1029,-16,549,152.83,81.70,550,83905,114826
f0:91:27:6b:7a:0a,1030,-16,550,152.70,81.70,81,83986,114907
f0:91:27:6b:7a:0a,1032,-16,551,152.70,81.69,150,84136,115057
f0:91:27:6b:7a:0a,1033,-17,552,152.57,81.69,85,84221,115142
f0:91:27:6b:7a:0a,1034,-17,553,152.43,81.68,73,84294,115215
f0:91:27:6b:7a:0a,1037,-16,554,152.59,81.67,239,84533,115454
f0:91:27:6b:7a:0a,1039,-16,555,152.59,81.66,153,84686,115607
f0:91:27:6b:7a:0a,1041,-18,556,152.59,81.66,155,84841,115762
f0:91:27:6b:7a:0a,1043,-16,557,152.60,81.65,156,84997,115918
f0:91:27:6b:7a:0a,1044,-16,558,152.47,81.65,79,85076,115997
f0:91:27:6b:7a:0a,1047,-16,559,152.63,81.64,243,85319,116240
f0:91:27:6b:7a:0a,1048,-16,560,152.49,81.64,76,85395,116316
f0:91:27:6b:7a:0a,1052,-17,561,152.79,81.63,319,85714,116635
f0:91:27:6b:7a:0a,1070,-16,562,155.07,81.60,1433,87147,118068
f0:91:27:6b:7a:0a,1074,-16,563,155.35,81.59,316,87463,118384
f0:91:27:6b:7a:0a,1082,-16,564,156.19,81.57,629,88092,119013
f0:91:27:6b:7a:0a,1083,-17,565,156.06,81.57,83,88175,119096
f0:91:27:6b:7a:0a,1084,-16,566,155.94,81.57,87,88262,119183
f0:91:27:6b:7a:0a,1085,-17,567,155.81,81.57,82,88344,119265
f0:91:27:6b:7a:0a,1086,-16,568,155.68,81.57,81,88425,119346
f0:91:27:6b:7a:0a,1089,-16,569,155.82,81.56,235,88660,119581
f0:91:27:6b:7a:0a,1091,-16,570,155.85,81.57,173,88833,119754
f0:91:27:6b:7a:0a,1093,-16,571,155.86,81.57,162,88995,119916
f0:91:27:6b:7a:0a,1094,-16,572,155.72,81.57,76,89071,119992
f0:91:27:6b:7a:0a,1106,-16,573,157.10,81.54,946,90017,120938
f0:91:27:6b:7a:0a,1108,-16,574,157.10,81.54,161,90178,121099
f0:91:27:6b:7a:0a,1110,-17,575,157.11,81.53,162,90340,121261
f0:91:27:6b:7a:0a,1123,-16,576,158.61,81.50,1020,91360,122281
f0:91:27:6b:7a:0a,1126,-16,577,158.75,81.49,240,91600,122521
f0:91:27:6b:7a:0a,1132,-16,578,159.31,81.49,483,92083,123004
f0:91:27:6b:7a:0a,1147,-16,579,161.13,81.48,1212,93295,124216
f0:91:27:6b:7a:0a,1149,-17,580,161.13,81.48,160,93455,124376
f0:91:27:6b:7a:0a,1152,-16,581,161.25,81.47,230,93685,124606
f0:91:27:6b:7a:0a,1154,-16,582,161.24,81.46,159,93844,124765
f0:91:27:6b:7a:0a,1168,-16,583,162.89,81.45,1122,94966,125887
f0:91:27:6b:7a:0a,1172,-17,584,163.15,81.43,311,95277,126198
f0:91:27:6b:7a:0a,1178,-16,585,163.69,81.43,479,95756,126677
f0:91:27:6b:7a:0a,1179,-16,586,163.53,81.42,74,95830,126751
f0:91:27:6b:7a:0a,1181,-16,587,163.55,81.43,173,96003,126924
f0:91:27:6b:7a:0a,1183,-16,588,163.57,81.44,177,96180,127101
f0:91:27:6b:7a:0a,1184,-16,589,163.45,81.45,90,96270,127191
f0:91:27:6b:7a:0a,1185,-16,590,163.30,81.44,75,96345,127266
f0:91:27:6b:7a:0a,1186,-16,591,163.18,81.45,92,96437,127358
f0:91:27:6b:7a:0a,1187,-17,592,163.05,81.46,89,96526,127447
f0:91:27:6b:7a:0a,1192,-18,593,163.54,81.50,456,96982,127903
f0:91:27:6b:7a:0a,1194,-16,594,163.57,81.51,180,97162,128083
f0:91:27:6b:7a:0a,1196,-17,595,163.61,81.53,183,97345,128266
f0:91:27:6b:7a:0a,1197,-17,596,163.49,81.54,95,97440,128361
f0:91:27:6b:7a:0a,1200,-17,597,163.68,81.57,277,97717,128638
f0:91:27:6b:7a:0a,1201,-16,598,163.56,81.58,94,97811,128732
f0:91:27:6b:7a:0a,1202,-17,599,163.44,81.58,90,97901,128822
f0:91:27:6b:7a:0a,1205,-17,600,163.63,81.61,275,98176,129097
f0:91:27:6b:7a:0a,1207,-16,601,163.66,81.63,186,98362,129283
f0:91:27:6b:7a:0a,1215,-17,602,164.63,81.70,743,99105,130026
f0:91:27:6b:7a:0a,1217,-16,603,164.68,81.73,195,99300,130221
f0:91:27:6b:7a:0a,1218,-16,604,164.57,81.75,102,99402,130323
f0:91:27:6b:7a:0a,1220,-16,605,164.60,81.76,179,99581,130502
f0:91:27:6b:7a:0a,1221,-16,606,164.49,81.77,98,99679,130600
f0:91:27:6b:7a:0a,1226,-16,607,164.97,81.81,457,100136,131057
f0:91:27:6b:7a:0a,1230,-16,608,165.30,81.84,369,100505,131426
f0:91:27:6b:7a:0a,1231,-16,609,165.19,81.86,97,100602,131523
f0:91:27:6b:7a:0a,1232,-16,610,165.06,81.86,86,100688,131609
f0:91:27:6b:7a:0a,1236,-16,611,165.42,81.90,382,101070,131991
f0:91:27:6b:7a:0a,1239,-16,612,165.62,81.94,291,101361,132282
f0:91:27:6b:7a:0a,1240,-16,613,165.51,81.95,97,101458,132379
f0:91:27:6b:7a:0a,1244,-17,614,165.86,82.00,382,101840,132761
f0:91:27:6b:7a:0a,1245,-16,615,165.75,82.01,95,101935,132856
f0:91:27:6b:7a:0a,1246,-16,616,165.62,82.01,90,102025,132946
f0:91:27:6b:7a:0a,1248,-16,617,165.67,82.04,191,102216,133137
f0:91:27:6b:7a:0a,1249,-17,618,165.55,82.05,95,102311,133232
f0:91:27:6b:7a:0a,1250,-16,619,165.42,82.05,85,102396,133317
f0:91:27:6b:7a:0a,1252,-17,620,165.46,82.07,189,102585,133506
f0:91:27:6b:7a:0a,1254,-16,621,165.51,82.09,195,102780,133701
f0:91:27:6b:7a:0a,1256,-18,622,165.55,82.11,189,102969,133890
f0:91:27:6b:7a:0a,1257,-16,623,165.44,82.13,100,103069,133990
f0:91:27:6b:7a:0a,1258,-16,624,165.33,82.14,98,103167,134088
f0:91:27:6b:7a:0a,1260,-16,625,165.35,82.15,179,103346,134267
f0:91:27:6b:7a:0a,1261,-16,626,165.24,82.16,93,103439,134360
f0:91:27:6b:7a:0a,1262,-17,627,165.11,82.16,83,103522,134443
f0:91:27:6b:7a:0a,1263,-16,628,165.00,82.17,98,103620,134541
f0:91:27:6b:7a:0a,1264,-16,629,164.88,82.18,92,103712,134633
f0:91:27:6b:7a:0a,1265,-17,630,164.78,82.19,99,103811,134732
f0:91:27:6b:7a:0a,1266,-16,631,164.66,82.20,91,103902,134823
f0:91:27:6b:7a:0a,1269,-17,632,164.84,82.22,275,104177,135098
f0:91:27:6b:7a:0a,1272,-17,633,165.02,82.25,279,104456,135377
f0:91:27:6b:7a:0a,1273,-16,634,164.92,82.27,105,104561,135482
f0:91:27:6b:7a:0a,1274,-16,635,164.80,82.27,87,104648,135569
f0:91:27:6b:7a:0a,1276,-16,636,164.82,82.28,180,104828,135749
f0:91:27:6b:7a:0a,1278,-16,637,164.87,82.30,192,105020,135941
f0:91:27:6b:7a:0a,1279,-16,638,164.74,82.31,85,105105,136026
f0:91:27:6b:7a:0a,1280,-16,639,164.64,82.32,97,105202,136123
f0:91:27:6b:7a:0a,1281,-17,640,164.52,82.32,90,105292,136213
f0:91:27:6b:7a:0a,1283,-16,641,164.55,82.34,183,105475,136396
f0:91:27:6b:7a:0a,1284,-17,642,164.44,82.35,95,105570,136491
f0:91:27:6b:7a:0a,1285,-16,643,164.31,82.35,84,105654,136575
f0:91:27:6b:7a:0a,1286,-17,644,164.21,82.36,96,105750,136671
f0:91:27:6b:7a:0a,1293,-16,645,164.94,82.41,636,106386,137307
f0:91:27:6b:7a:0a,1294,-17,646,164.83,82.42,96,106482,137403
f0:91:27:6b:7a:0a,1295,-16,647,164.72,82.43,94,106576,137497
f0:91:27:6b:7a:0a,1299,-16,648,165.03,82.45,361,106937,137858
f0:91:27:6b:7a:0a,1300,-17,649,164.92,82.46,93,107030,137951
f0:91:27:6b:7a:0a,1301,-16,650,164.79,82.46,84,107114,138035
f0:91:27:6b:7a:0a,1302,-16,651,164.67,82.46,84,107198,138119
f0:91:27:6b:7a:0a,1303,-16,652,164.56,82.47,98,107296,138217
f0:91:27:6b:7a:0a,1304,-16,653,164.46,82.48,94,107390,138311
f0:91:27:6b:7a:0a,1307,-16,654,164.61,82.49,265,107655,138576
f0:91:27:6b:7a:0a,1308,-16,655,164.50,82.50,90,107745,138666
f0:91:27:6b:7a:0a,1309,-17,656,164.38,82.50,89,107834,138755
f0:91:27:6b:7a:0a,1310,-16,657,164.28,82.52,99,107933,138854
f0:91:27:6b:7a:0a,1312,-17,658,164.30,82.53,176,108109,139030
f0:91:27:6b:7a:0a,1313,-16,659,164.19,82.53,89,108198,139119
f0:91:27:6b:7a:0a,1314,-17,660,164.07,82.53,85,108283,139204
f0:91:27:6b:7a:0a,1316,-17,661,164.09,82.54,178,108461,139382
f0:91:27:6b:7a:0a,1326,-16,662,165.12,82.56,846,109307,140228
f0:91:27:6b:7a:0a,1327,-17,663,165.00,82.56,91,109398,140319
f0:91:27:6b:7a:0a,1328,-16,664,164.89,82.57,87,109485,140406
f0:91:27:6b:7a:0a,1329,-16,665,164.77,82.57,86,109571,140492
f0:91:27:6b:7a:0a,1330,-17,666,164.64,82.57,82,109653,140574
f0:91:27:6b:7a:0a,1332,-16,667,164.65,82.57,166,109819,140740
f0:91:27:6b:7a:0a,1333,-17,668,164.53,82.57,87,109906,140827
f0:91:27:6b:7a:0a,1334,-16,669,164.40,82.57,79,109985,140906
f0:91:27:6b:7a:0a,1335,-16,670,164.28,82.57,85,110070,140991
f0:91:27:6b:7a:0a,1336,-17,671,164.16,82.57,80,110150,141071
f0:91:27:6b:7a:0a,1338,-17,672,164.15,82.57,161,110311,141232
f0:91:27:6b:7a:0a,1339,-16,673,164.04,82.57,91,110402,141323
f0:91:27:6b:7a:0a,1342,-17,674,164.19,82.59,262,110664,141585
f0:91:27:6b:7a:0a,1344,-17,675,164.19,82.59,167,110831,141752
f0:91:27:6b:7a:0a,1345,-16,676,164.08,82.59,89,110920,141841
f0:91:27:6b:7a:0a,1346,-17,677,163.97,82.59,86,111006,141927
f0:91:27:6b:7a:0a,1347,-16,678,163.84,82.59,80,111086,142007
f0:91:27:6b:7a:0a,1353,-16,679,164.35,82.60,506,111592,142513
f0:91:27:6b:7a:0a,1354,-16,680,164.23,82.60,83,111675,142596
f0:91:27:6b:7a:0a,1355,-17,681,164.11,82.60,83,111758,142679
f0:91:27:6b:7a:0a,1357,-16,682,164.11,82.60,167,111925,142846
f0:91:27:6b:7a:0a,1358,-17,683,164.00,82.60,84,112009,142930
f0:91:27:6b:7a:0a,1359,-16,684,163.88,82.61,87,112096,143017
f0:91:27:6b:7a:0a,1360,-16,685,163.78,82.61,90,112186,143107
f0:91:27:6b:7a:0a,1361,-16,686,163.65,82.61,79,112265,143186
f0:91:27:6b:7a:0a,1362,-17,687,163.54,82.61,84,112349,143270
f0:91:27:6b:7a:0a,1363,-16,688,163.43,82.61,90,112439,143360
f0:91:27:6b:7a:0a,1365,-16,689,163.43,82.61,163,112602,143523
f0:91:27:6b:7a:0a,1366,-16,690,163.31,82.61,81,112683,143604
f0:91:27:6b:7a:0a,1367,-16,691,163.20,82.62,90,112773,143694
f0:91:27:6b:7a:0a,1370,-16,692,163.32,82.62,246,113019,143940
f0:91:27:6b:7a:0a,1371,-17,693,163.20,82.61,80,113099,144020
f0:91:27:6b:7a:0a,1372,-16,694,163.09,82.61,83,113182,144103
f0:91:27:6b:7a:0a,1373,-16,695,162.97,82.61,82,113264,144185
f0:91:27:6b:7a:0a,1374,-17,696,162.86,82.62,84,113348,144269
f0:91:27:6b:7a:0a,1376,-17,697,162.86,82.62,168,113516,144437
f0:91:27:6b:7a:0a,1377,-16,698,162.73,82.61,71,113587,144508
f0:91:27:6b:7a:0a,1378,-16,699,162.62,82.61,86,113673,144594
f0:91:27:6b:7a:0a,1379,-17,700,162.51,82.61,81,113754,144675
f0:91:27:6b:7a:0a,1382,-17,701,162.61,82.60,237,113991,144912
f0:91:27:6b:7a:0a,1383,-16,702,162.50,82.60,83,114074,144995
f0:91:27:6b:7a:0a,1384,-16,703,162.38,82.60,78,114152,145073
f0:91:27:6b:7a:0a,1387,-17,704,162.50,82.60,245,114397,145318
f0:91:27:6b:7a:0a,1388,-16,705,162.38,82.60,84,114481,145402
f0:91:27:6b:7a:0a,1389,-16,706,162.26,82.59,76,114557,145478
f0:91:27:6b:7a:0a,1390,-17,707,162.16,82.60,91,114648,145569
f0:91:27:6b:7a:0a,1391,-17,708,162.04,82.59,76,114724,145645
f0:91:27:6b:7a:0a,1392,-16,709,161.93,82.59,81,114805,145726
f0:91:27:6b:7a:0a,1393,-16,710,161.81,82.59,78,114883,145804
f0:91:27:6b:7a:0a,1397,-17,711,162.05,82.59,331,115214,146135
f0:91:27:6b:7a:0a,1399,-16,712,162.03,82.58,152,115366,146287
f0:91:27:6b:7a:0a,1402,-17,713,162.13,82.57,233,115599,146520
f0:91:27:6b:7a:0a,1404,-16,714,162.13,82.57,162,115761,146682
f0:91:27:6b:7a:0a,1407,-16,715,162.22,82.55,228,115989,146910
f0:91:27:6b:7a:0a,1409,-17,716,162.22,82.55,159,116148,147069
f0:91:27:6b:7a:0a,1411,-16,717,162.22,82.55,166,116314,147235
f0:91:27:6b:7a:0a,1412,-17,718,162.11,82.55,81,116395,147316
f0:91:27:6b:7a:0a,1426,-16,719,163.45,82.53,1122,117517,148438
f0:91:27:6b:7a:0a,1431,-16,720,163.77,82.51,394,117911,148832
f0:91:27:6b:7a:0a,1432,-17,721,163.64,82.51,77,117988,148909
f0:91:27:6b:7a:0a,1433,-16,722,163.53,82.51,80,118068,148989
f0:91:27:6b:7a:0a,1434,-16,723,163.40,82.50,72,118140,149061
f0:91:27:6b:7a:0a,1435,-16,724,163.29,82.50,82,118222,149143
f0:91:27:6b:7a:0a,1436,-18,725,163.17,82.50,79,118301,149222
f0:91:27:6b:7a:0a,1438,-17,726,163.18,82.50,165,118466,149387
f0:91:27:6b:7a:0a,1446,-17,727,163.83,82.48,636,119102,150023
f0:91:27:6b:7a:0a,1453,-17,728,164.35,82.46,548,119650,150571
f0:91:27:6b:7a:0a,1457,-16,729,164.58,82.46,332,119982,150903
f0:91:27:6b:7a:0a,1460,-16,730,164.68,82.45,233,120215,151136
f0:91:27:6b:7a:0a,1467,-18,731,165.22,82.44,559,120774,151695
f0:91:27:6b:7a:0a,1468,-17,732,165.09,82.43,71,120845,151766
f0:91:27:6b:7a:0a,1470,-16,733,165.08,82.43,159,121004,151925
f0:91:27:6b:7a:0a,1471,-16,734,164.96,82.42,78,121082,152003
f0:91:27:6b:7a:0a,1472,-17,735,164.85,82.42,80,121162,152083
f0:91:27:6b:7a:0a,1475,-16,736,164.93,82.41,230,121392,152313
f0:91:27:6b:7a:0a,1476,-17,737,164.82,82.41,82,121474,152395
f0:91:27:6b:7a:0a,1477,-16,738,164.70,82.41,78,121552,152473
f0:91:27:6b:7a:0a,1478,-17,739,164.59,82.40,77,121629,152550
f0:91:27:6b:7a:0a,1479,-18,740,164.47,82.40,82,121711,152632
f0:91:27:6b:7a:0a,1480,-16,741,164.36,82.40,81,121792,152713
f0:91:27:6b:7a:0a,1481,-17,742,164.24,82.40,77,121869,152790
f0:91:27:6b:7a:0a,1483,-16,743,164.24,82.40,162,122031,152952
f0:91:27:6b:7a:0a,1484,-16,744,164.12,82.39,78,122109,153030
f0:91:27:6b:7a:0a,1485,-17,745,164.02,82.40,86,122195,153116
f0:91:27:6b:7a:0a,1486,-16,746,163.91,82.39,79,122274,153195
f0:91:27:6b:7a:0a,1487,-16,747,163.79,82.39,79,122353,153274
f0:91:27:6b:7a:0a,1493,-16,748,164.21,82.38,478,122831,153752
f0:91:27:6b:7a:0a,1494,-16,749,164.10,82.38,78,122909,153830
f0:91:27:6b:7a:0a,1519,-17,750,166.52,82.33,1981,124890,155811
f0:91:27:6b:7a:0a,1523,-17,751,166.71,82.31,306,125196,156117
f0:91:27:6b:7a:0a,1524,-16,752,166.61,82.32,94,125290,156211
f0:91:27:6b:7a:0a,1525,-16,753,166.49,82.31,75,125365,156286
f0:91:27:6b:7a:0a,1526,-18,754,166.38,82.32,87,125452,156373
f0:91:27:6b:7a:0a,1527,-16,755,166.25,82.31,66,125518,156439
f0:91:27:6b:7a:0a,1528,-16,756,166.15,82.31,89,125607,156528
f0:91:27:6b:7a:0a,1529,-17,757,166.04,82.31,83,125690,156611
f0:91:27:6b:7a:0a,1530,-17,758,165.91,82.30,70,125760,156681
f0:91:27:6b:7a:0a,1533,-17,759,166.01,82.30,238,125998,156919
f0:91:27:6b:7a:0a,1534,-17,760,165.89,82.30,80,126078,156999
f0:91:27:6b:7a:0a,1535,-16,761,165.78,82.29,80,126158,157079
f0:91:27:6b:7a:0a,1536,-16,762,165.66,82.29,72,126230,157151
f0:91:27:6b:7a:0a,1537,-18,763,165.55,82.29,84,126314,157235
f0:91:27:6b:7a:0a,1538,-16,764,165.43,82.29,76,126390,157311
f0:91:27:6b:7a:0a,1539,-16,765,165.31,82.28,75,126465,157386
f0:91:27:6b:7a:0a,1543,-17,766,165.53,82.28,328,126793,157714
f0:91:27:6b:7a:0a,1547,-16,767,165.71,82.27,309,127102,158023
f0:91:27:6b:7a:0a,1555,-17,768,166.33,82.25,638,127740,158661
f0:91:27:6b:7a:0a,1556,-16,769,166.21,82.25,76,127816,158737
f0:91:27:6b:7a:0a,1559,-16,770,166.31,82.25,242,128058,158979
f0:91:27:6b:7a:0a,1560,-17,771,166.21,82.25,89,128147,159068
f0:91:27:6b:7a:0a,1564,-16,772,166.42,82.25,327,128474,159395
f0:91:27:6b:7a:0a,1565,-16,773,166.32,82.26,93,128567,159488
f0:91:27:6b:7a:0a,1566,-16,774,166.20,82.25,74,128641,159562
f0:91:27:6b:7a:0a,1567,-16,775,166.10,82.25,86,128727,159648
f0:91:27:6b:7a:0a,1568,-16,776,165.99,82.25,84,128811,159732
f0:91:27:6b:7a:0a,1569,-18,777,165.88,82.25,76,128887,159808
f0:91:27:6b:7a:0a,1573,-16,778,166.09,82.25,333,129220,160141
f0:91:27:6b:7a:0a,1574,-16,779,165.97,82.25,74,129294,160215
f0:91:27:6b:7a:0a,1575,-17,780,165.87,82.25,86,129380,160301
f0:91:27:6b:7a:0a,1581,-16,781,166.27,82.24,475,129855,160776
f0:91:27:6b:7a:0a,1582,-17,782,166.15,82.24,77,129932,160853
f0:91:27:6b:7a:0a,1583,-16,783,166.04,82.23,78,130010,160931
f0:91:27:6b:7a:0a,1584,-16,784,165.93,82.23,81,130091,161012
f0:91:27:6b:7a:0a,1585,-18,785,165.82,82.23,76,130167,161088
f0:91:27:6b:7a:0a,1590,-16,786,166.11,82.22,399,130566,161487
f0:91:27:6b:7a:0a,1591,-16,787,166.01,82.22,82,130648,161569
f0:91:27:6b:7a:0a,1593,-17,788,165.99,82.21,152,130800,161721
f0:91:27:6b:7a:0a,1594,-16,789,165.89,82.22,87,130887,161808
f0:91:27:6b:7a:0a,1596,-16,790,165.89,82.22,166,131053,161974
f0:91:27:6b:7a:0a,1597,-16,791,165.78,82.21,79,131132,162053
f0:91:27:6b:7a:0a,1598,-16,792,165.67,82.21,77,131209,162130
f0:91:27:6b:7a:0a,1599,-17,793,165.56,82.21,78,131287,162208
f0:91:27:6b:7a:0a,1600,-17,794,165.45,82.21,83,131370,162291
f0:91:27:6b:7a:0a,1605,-17,795,165.76,82.21,407,131777,162698
f0:91:27:6b:7a:0a,1613,-16,796,166.34,82.19,627,132404,163325
f0:91:27:6b:7a:0a,1617,-16,797,166.52,82.18,313,132717,163638
f0:91:27:6b:7a:0a,1619,-16,798,166.51,82.18,160,132877,163798
f0:91:27:6b:7a:0a,1630,-17,799,167.40,82.16,875,133752,164673
f0:91:27:6b:7a:0a,1633,-17,800,167.48,82.15,230,133982,164903
f0:91:27:6b:7a:0a,1634,-17,801,167.37,82.15,82,134064,164985
f0:91:27:6b:7a:0a,1635,-16,802,167.27,82.15,84,134148,165069
f0:91:27:6b:7a:0a,1638,-16,803,167.35,82.14,234,134382,165303
f0:91:27:6b:7a:0a,1640,-16,804,167.33,82.13,148,134530,165451
f0:91:27:6b:7a:0a,1643,-17,805,167.42,82.13,242,134772,165693
f0:91:27:6b:7a:0a,1646,-17,806,167.51,82.12,239,135011,165932
f0:91:27:6b:7a:0a,1648,-16,807,167.50,82.12,158,135169,166090
f0:91:27:6b:7a:0a,1649,-17,808,167.39,82.12,83,135252,166173
f0:91:27:6b:7a:0a,1650,-16,809,167.28,82.12,79,135331,166252
f0:91:27:6b:7a:0a,1658,-17,810,167.88,82.11,650,135981,166902
f0:91:27:6b:7a:0a,1661,-16,811,167.96,82.11,235,136216,167137
f0:91:27:6b:7a:0a,1663,-16,812,167.94,82.10,155,136371,167292
f0:91:27:6b:7a:0a,1684,-17,813,169.79,82.07,1667,138038,168959
f0:91:27:6b:7a:0a,1685,-16,814,169.69,82.07,86,138124,169045
f0:91:27:6b:7a:0a,1687,-17,815,169.69,82.07,170,138294,169215
f0:91:27:6b:7a:0a,1690,-16,816,169.77,82.07,238,138532,169453
f0:91:27:6b:7a:0a,1692,-16,817,169.76,82.07,163,138695,169616
f0:91:27:6b:7a:0a,1693,-16,818,169.66,82.07,85,138780,169701
f0:91:27:6b:7a:0a,1698,-16,819,169.94,82.06,398,139178,170099
f0:91:27:6b:7a:0a,1703,-16,820,170.22,82.06,403,139581,170502
f0:91:27:6b:7a:0a,1706,-17,821,170.31,82.06,244,139825,170746
f0:91:27:6b:7a:0a,1707,-16,822,170.19,82.05,74,139899,170820
f0:91:27:6b:7a:0a,1708,-17,823,170.09,82.06,87,139986,170907
f0:91:27:6b:7a:0a,1712,-18,824,170.29,82.06,330,140316,171237
f0:91:27:6b:7a:0a,1713,-17,825,170.18,82.05,80,140396,171317
f0:91:27:6b:7a:0a,1719,-16,826,170.53,82.04,465,140861,171782
f0:91:27:6b:7a:0a,1722,-17,827,170.61,82.03,235,141096,172017
f0:91:27:6b:7a:0a,1723,-17,828,170.51,82.03,85,141181,172102
f0:91:27:6b:7a:0a,1724,-16,829,170.40,82.03,83,141264,172185
f0:91:27:6b:7a:0a,1725,-16,830,170.30,82.04,86,141350,172271
f0:91:27:6b:7a:0a,1728,-16,831,170.39,82.03,241,141591,172512
f0:91:27:6b:7a:0a,1731,-17,832,170.48,82.04,248,141839,172760
f0:91:27:6b:7a:0a,1732,-17,833,170.36,82.03,73,141912,172833
f0:91:27:6b:7a:0a,1733,-16,834,170.25,82.03,76,141988,172909
f0:91:27:6b:7a:0a,1735,-17,835,170.24,82.03,166,142154,173075
f0:91:27:6b:7a:0a,1739,-17,836,170.41,82.02,312,142466,173387
f0:91:27:6b:7a:0a,1741,-16,837,170.41,82.02,167,142633,173554
f0:91:27:6b:7a:0a,1742,-16,838,170.30,82.02,76,142709,173630
f0:91:27:6b:7a:0a,1743,-17,839,170.20,82.02,89,142798,173719
f0:91:27:6b:7a:0a,1744,-17,840,170.10,82.02,83,142881,173802
f0:91:27:6b:7a:0a,1747,-16,841,170.19,82.02,250,143131,174052
f0:91:27:6b:7a:0a,1748,-16,842,170.08,82.02,80,143211,174132
f0:91:27:6b:7a:0a,1751,-16,843,170.17,82.02,245,143456,174377
f0:91:27:6b:7a:0a,1754,-16,844,170.25,82.02,236,143692,174613
f0:91:27:6b:7a:0a,1756,-17,845,170.23,82.01,151,143843,174764
f0:91:27:6b:7a:0a,1757,-16,846,170.13,82.01,87,143930,174851
f0:91:27:6b:7a:0a,1758,-16,847,170.02,82.01,79,144009,174930
f0:91:27:6b:7a:0a,1763,-16,848,170.29,82.00,393,144402,175323
f0:91:27:6b:7a:0a,1764,-17,849,170.17,81.99,71,144473,175394
f0:91:27:6b:7a:0a,1766,-16,850,170.15,81.99,155,144628,175549
f0:91:27:6b:7a:0a,1767,-16,851,170.05,81.99,83,144711,175632
f0:91:27:6b:7a:0a,1769,-16,852,170.03,81.98,154,144865,175786
f0:91:27:6b:7a:0a,1770,-16,853,169.92,81.98,76,144941,175862
f0:91:27:6b:7a:0a,1771,-16,854,169.81,81.98,80,145021,175942
f0:91:27:6b:7a:0a,1772,-17,855,169.70,81.97,71,145092,176013
f0:91:27:6b:7a:0a,1774,-16,856,169.69,81.97,163,145255,176176
f0:91:27:6b:7a:0a,1776,-16,857,169.69,81.97,168,145423,176344
f0:91:27:6b:7a:0a,1778,-17,858,169.67,81.97,152,145575,176496
f0:91:27:6b:7a:0a,1779,-16,859,169.56,81.97,81,145656,176577
f0:91:27:6b:7a:0a,1781,-16,860,169.55,81.96,156,145812,176733
f0:91:27:6b:7a:0a,1782,-17,861,169.44,81.96,72,145884,176805
f0:91:27:6b:7a:0a,1783,-17,862,169.34,81.96,83,145967,176888
f0:91:27:6b:7a:0a,1785,-16,863,169.31,81.95,150,146117,177038
f0:91:27:6b:7a:0a,1786,-17,864,169.21,81.95,80,146197,177118
f0:91:27:6b:7a:0a,1787,-17,865,169.11,81.95,79,146276,177197
f0:91:27:6b:7a:0a,1792,-17,866,169.36,81.94,388,146664,177585
f0:91:27:6b:7a:0a,1794,-17,867,169.36,81.94,169,146833,177754
f0:91:27:6b:7a:0a,1799,-16,868,169.63,81.94,409,147242,178163
f0:91:27:6b:7a:0a,1804,-16,869,169.90,81.93,398,147640,178561
f0:91:27:6b:7a:0a,1807,-17,870,169.99,81.93,252,147892,178813
f0:91:27:6b:7a:0a,1809,-17,871,169.97,81.93,156,148048,178969
f0:91:27:6b:7a:0a,1810,-16,872,169.88,81.93,85,148133,179054
f0:91:27:6b:7a:0a,1811,-16,873,169.77,81.93,74,148207,179128
f0:91:27:6b:7a:0a,1817,-16,874,170.12,81.92,474,148681,179602
f0:91:27:6b:7a:0a,1819,-17,875,170.09,81.91,151,148832,179753
f0:91:27:6b:7a:0a,1824,-17,876,170.35,81.90,398,149230,180151
f0:91:27:6b:7a:0a,1825,-17,877,170.25,81.90,81,149311,180232
f0:91:27:6b:7a:0a,1826,-17,878,170.14,81.90,76,149387,180308
f0:91:27:6b:7a:0a,1831,-17,879,170.41,81.90,400,149787,180708
f0:91:27:6b:7a:0a,1836,-16,880,170.67,81.89,404,150191,181112
f0:91:27:6b:7a:0a,1837,-16,881,170.56,81.89,76,150267,181188
f0:91:27:6b:7a:0a,1838,-17,882,170.47,81.89,84,150351,181272
f0:91:27:6b:7a:0a,1841,-17,883,170.54,81.88,235,150586,181507
f0:91:27:6b:7a:0a,1843,-16,884,170.53,81.88,161,150747,181668
f0:91:27:6b:7a:0a,1858,-17,885,171.67,81.86,1178,151925,182846
f0:91:27:6b:7a:0a,1859,-16,886,171.57,81.86,89,152014,182935
f0:91:27:6b:7a:0a,1860,-16,887,171.47,81.86,77,152091,183012
f0:91:27:6b:7a:0a,1866,-16,888,171.81,81.85,478,152569,183490
f0:91:27:6b:7a:0a,1877,-16,889,172.60,81.84,873,153442,184363
f0:91:27:6b:7a:0a,1878,-17,890,172.49,81.83,75,153517,184438
f0:91:27:6b:7a:0a,1881,-16,891,172.56,81.83,238,153755,184676
f0:91:27:6b:7a:0a,1882,-16,892,172.46,81.83,77,153832,184753
f0:91:27:6b:7a:0a,1883,-17,893,172.36,81.83,84,153916,184837
f0:91:27:6b:7a:0a,1884,-16,894,172.26,81.83,80,153996,184917
f0:91:27:6b:7a:0a,1887,-16,895,172.34,81.83,251,154247,185168
f0:91:27:6b:7a:0a,1888,-17,896,172.25,81.83,89,154336,185257
f0:91:27:6b:7a:0a,1889,-16,897,172.13,81.83,69,154405,185326
f0:91:27:6b:7a:0a,1890,-16,898,172.05,81.83,96,154501,185422
