address,packet_id,rssi,count,rx_speed,tx_speed,last_time_elapsed,total_time_elapsed,timestamp
f0:91:27:6b:7a:0a,1,-29,1,80.00,80.00,202534,80,202534
f0:91:27:6b:7a:0a,2,-31,2,82.00,82.00,84,164,202618
f0:91:27:6b:7a:0a,4,-29,3,107.33,80.50,158,322,202776
f0:91:27:6b:7a:0a,10,-29,4,201.50,80.60,484,806,203260
f0:91:27:6b:7a:0a,11,-30,5,176.80,80.36,78,884,203338
f0:91:27:6b:7a:0a,12,-33,6,160.67,80.33,80,964,203418
f0:91:27:6b:7a:0a,15,-34,7,171.71,80.13,238,1202,203656
f0:91:27:6b:7a:0a,17,-32,8,171.62,80.76,171,1373,203827
f0:91:27:6b:7a:0a,19,-28,9,169.89,80.47,156,1529,203983
f0:91:27:6b:7a:0a,21,-33,10,168.50,80.24,156,1685,204139
f0:91:27:6b:7a:0a,22,-26,11,160.64,80.32,82,1767,204221
f0:91:27:6b:7a:0a,24,-33,12,160.33,80.17,157,1924,204378
f0:91:27:6b:7a:0a,25,-28,13,154.15,80.16,80,2004,204458
f0:91:27:6b:7a:0a,27,-29,14,154.57,80.15,160,2164,204618
f0:91:27:6b:7a:0a,28,-28,15,149.33,80.00,76,2240,204694
f0:91:27:6b:7a:0a,29,-30,16,145.50,80.28,88,2328,204782
f0:91:27:6b:7a:0a,30,-34,17,141.41,80.13,76,2404,204858
f0:91:27:6b:7a:0a,31,-26,18,138.00,80.13,80,2484,204938
f0:91:27:6b:7a:0a,34,-33,19,143.05,79.94,234,2718,205172
f0:91:27:6b:7a:0a,35,-28,20,139.90,79.94,80,2798,205252
f0:91:27:6b:7a:0a,37,-33,21,140.86,79.95,160,2958,205412
f0:91:27:6b:7a:0a,38,-28,22,138.05,79.92,79,3037,205491
f0:91:27:6b:7a:0a,39,-30,23,135.52,79.92,80,3117,205571
f0:91:27:6b:7a:0a,40,-34,24,133.25,79.95,81,3198,205652
f0:91:27:6b:7a:0a,43,-34,25,137.40,79.88,237,3435,205889
f0:91:27:6b:7a:0a,44,-28,26,135.35,79.98,84,3519,205973
f0:91:27:6b:7a:0a,46,-27,27,136.11,79.89,156,3675,206129
f0:91:27:6b:7a:0a,48,-30,28,137.36,80.12,171,3846,206300
f0:91:27:6b:7a:0a,57,-28,29,157.31,80.04,716,4562,207016
f0:91:27:6b:7a:0a,58,-34,30,154.83,80.09,83,4645,207099
f0:91:27:6b:7a:0a,59,-28,31,152.42,80.08,80,4725,207179
f0:91:27:6b:7a:0a,60,-30,32,150.16,80.08,80,4805,207259
f0:91:27:6b:7a:0a,63,-27,33,152.70,79.98,234,5039,207493
f0:91:27:6b:7a:0a,64,-31,34,150.38,79.89,74,5113,207567
f0:91:27:6b:7a:0a,67,-30,35,152.91,79.88,239,5352,207806
f0:91:27:6b:7a:0a,68,-34,36,150.78,79.82,76,5428,207882
f0:91:27:6b:7a:0a,71,-30,37,153.14,79.80,238,5666,208120
f0:91:27:6b:7a:0a,72,-33,38,151.13,79.76,77,5743,208197
f0:91:27:6b:7a:0a,74,-30,39,151.33,79.76,159,5902,208356
f0:91:27:6b:7a:0a,106,-29,40,211.98,79.99,2577,8479,210933
f0:91:27:6b:7a:0a,108,-29,41,211.02,80.11,173,8652,211106
f0:91:27:6b:7a:0a,109,-31,42,207.95,80.13,82,8734,211188
f0:91:27:6b:7a:0a,110,-28,43,205.33,80.26,95,8829,211283
f0:91:27:6b:7a:0a,111,-30,44,202.55,80.29,83,8912,211366
f0:91:27:6b:7a:0a,112,-30,45,200.20,80.44,97,9009,211463
f0:91:27:6b:7a:0a,113,-34,46,197.54,80.42,78,9087,211541
f0:91:27:6b:7a:0a,114,-27,47,195.26,80.50,90,9177,211631
f0:91:27:6b:7a:0a,115,-28,48,193.10,80.60,92,9269,211723
f0:91:27:6b:7a:0a,119,-33,49,196.67,80.98,368,9637,212091
f0:91:27:6b:7a:0a,120,-27,50,194.54,81.06,90,9727,212181
f0:91:27:6b:7a:0a,121,-28,51,192.55,81.16,93,9820,212274
f0:91:27:6b:7a:0a,122,-34,52,190.65,81.26,94,9914,212368
f0:91:27:6b:7a:0a,124,-28,53,190.57,81.45,186,10100,212554
f0:91:27:6b:7a:0a,128,-30,54,193.57,81.66,353,10453,212907
f0:91:27:6b:7a:0a,129,-28,55,191.87,81.81,100,10553,213007
f0:91:27:6b:7a:0a,130,-30,56,189.96,81.83,85,10638,213092
f0:91:27:6b:7a:0a,131,-30,57,188.33,81.95,97,10735,213189
f0:91:27:6b:7a:0a,136,-27,58,192.97,82.29,457,11192,213646
f0:91:27:6b:7a:0a,137,-28,59,191.17,82.33,87,11279,213733
f0:91:27:6b:7a:0a,141,-33,60,194.15,82.62,370,11649,214103
f0:91:27:6b:7a:0a,143,-30,61,193.98,82.75,184,11833,214287
f0:91:27:6b:7a:0a,145,-33,62,193.87,82.90,187,12020,214474
f0:91:27:6b:7a:0a,147,-33,63,193.59,82.97,176,12196,214650
f0:91:27:6b:7a:0a,152,-34,64,197.72,83.25,458,12654,215108
f0:91:27:6b:7a:0a,154,-30,65,197.63,83.42,192,12846,215300
f0:91:27:6b:7a:0a,155,-28,66,196.00,83.46,90,12936,215390
f0:91:27:6b:7a:0a,158,-27,67,197.22,83.63,278,13214,215668
f0:91:27:6b:7a:0a,161,-28,68,198.40,83.80,277,13491,215945
f0:91:27:6b:7a:0a,163,-30,69,198.19,83.90,184,13675,216129
f0:91:27:6b:7a:0a,164,-28,70,196.69,83.95,93,13768,216222
f0:91:27:6b:7a:0a,165,-28,71,195.31,84.04,99,13867,216321
f0:91:27:6b:7a:0a,166,-33,72,193.90,84.10,94,13961,216415
f0:91:27:6b:7a:0a,167,-30,73,192.53,84.16,94,14055,216509
f0:91:27:6b:7a:0a,169,-28,74,192.50,84.29,190,14245,216699
f0:91:27:6b:7a:0a,170,-33,75,191.17,84.34,93,14338,216792
f0:91:27:6b:7a:0a,171,-30,76,189.87,84.39,92,14430,216884
f0:91:27:6b:7a:0a,173,-33,77,189.73,84.45,179,14609,217063
f0:91:27:6b:7a:0a,175,-30,78,189.74,84.57,191,14800,217254
f0:91:27:6b:7a:0a,176,-26,79,188.48,84.60,90,14890,217344
f0:91:27:6b:7a:0a,177,-31,80,187.31,84.66,95,14985,217439
f0:91:27:6b:7a:0a,178,-27,81,186.15,84.71,93,15078,217532
f0:91:27:6b:7a:0a,180,-30,82,186.02,84.74,176,15254,217708
f0:91:27:6b:7a:0a,181,-28,83,184.92,84.80,94,15348,217802
f0:91:27:6b:7a:0a,182,-31,84,183.88,84.87,98,15446,217900
f0:91:27:6b:7a:0a,184,-26,85,183.84,84.92,180,15626,218080
f0:91:27:6b:7a:0a,185,-33,86,182.76,84.96,91,15717,218171
f0:91:27:6b:7a:0a,186,-30,87,181.70,84.99,91,15808,218262
f0:91:27:6b:7a:0a,187,-28,88,180.66,85.02,90,15898,218352
f0:91:27:6b:7a:0a,188,-33,89,179.64,85.04,90,15988,218442
f0:91:27:6b:7a:0a,189,-30,90,178.74,85.12,99,16087,218541
f0:91:27:6b:7a:0a,190,-28,91,177.77,85.14,90,16177,218631
f0:91:27:6b:7a:0a,192,-30,92,177.83,85.21,183,16360,218814
f0:91:27:6b:7a:0a,193,-30,93,176.91,85.25,93,16453,218907
f0:91:27:6b:7a:0a,195,-34,94,176.99,85.32,184,16637,219091
f0:91:27:6b:7a:0a,196,-30,95,176.12,85.36,94,16731,219185
f0:91:27:6b:7a:0a,197,-28,96,175.20,85.38,88,16819,219273
f0:91:27:6b:7a:0a,198,-34,97,174.42,85.45,100,16919,219373
f0:91:27:6b:7a:0a,199,-30,98,173.58,85.48,92,17011,219465
f0:91:27:6b:7a:0a,201,-30,99,173.57,85.49,172,17183,219637
f0:91:27:6b:7a:0a,202,-28,100,172.74,85.51,91,17274,219728
f0:91:27:6b:7a:0a,203,-32,101,172.00,85.58,98,17372,219826
f0:91:27:6b:7a:0a,205,-28,102,172.13,85.64,185,17557,220011
f0:91:27:6b:7a:0a,206,-30,103,171.28,85.64,85,17642,220096
f0:91:27:6b:7a:0a,207,-30,104,170.58,85.70,98,17740,220194
f0:91:27:6b:7a:0a,208,-28,105,169.85,85.74,94,17834,220288
f0:91:27:6b:7a:0a,209,-30,106,169.04,85.73,84,17918,220372
f0:91:27:6b:7a:0a,210,-28,107,168.44,85.82,105,18023,220477
f0:91:27:6b:7a:0a,211,-28,108,167.71,85.84,90,18113,220567
f0:91:27:6b:7a:0a,212,-31,109,167.00,85.86,90,18203,220657
f0:91:27:6b:7a:0a,213,-28,110,166.28,85.87,88,18291,220745
f0:91:27:6b:7a:0a,214,-34,111,165.50,85.85,80,18371,220825
f0:91:27:6b:7a:0a,216,-34,112,165.65,85.89,182,18553,221007
f0:91:27:6b:7a:0a,219,-30,113,166.52,85.92,264,18817,221271
f0:91:27:6b:7a:0a,220,-30,114,165.93,85.98,99,18916,221370
f0:91:27:6b:7a:0a,222,-30,115,165.99,85.99,173,19089,221543
f0:91:27:6b:7a:0a,224,-34,116,166.19,86.06,189,19278,221732
f0:91:27:6b:7a:0a,225,-30,117,165.50,86.06,86,19364,221818
f0:91:27:6b:7a:0a,226,-31,118,164.81,86.05,84,19448,221902
f0:91:27:6b:7a:0a,227,-30,119,164.24,86.10,96,19544,221998
f0:91:27:6b:7a:0a,229,-30,120,164.30,86.10,172,19716,222170
f0:91:27:6b:7a:0a,231,-30,121,164.40,86.12,177,19893,222347
f0:91:27:6b:7a:0a,232,-33,122,163.75,86.11,85,19978,222432
f0:91:27:6b:7a:0a,233,-26,123,163.08,86.09,81,20059,222513
f0:91:27:6b:7a:0a,234,-30,124,162.42,86.07,81,20140,222594
f0:91:27:6b:7a:0a,236,-30,125,162.47,86.06,169,20309,222763
f0:91:27:6b:7a:0a,237,-34,126,161.85,86.05,84,20393,222847
f0:91:27:6b:7a:0a,240,-30,127,162.57,86.03,254,20647,223101
f0:91:27:6b:7a:0a,241,-34,128,162.01,86.05,90,20737,223191
f0:91:27:6b:7a:0a,242,-28,129,161.40,86.03,83,20820,223274
f0:91:27:6b:7a:0a,245,-30,130,162.01,85.96,241,21061,223515
f0:91:27:6b:7a:0a,247,-30,131,162.06,85.95,169,21230,223684
f0:91:27:6b:7a:0a,248,-30,132,161.42,85.92,78,21308,223762
f0:91:27:6b:7a:0a,249,-28,133,160.87,85.93,88,21396,223850
f0:91:27:6b:7a:0a,251,-34,134,160.87,85.88,161,21557,224011
f0:91:27:6b:7a:0a,252,-30,135,160.31,85.88,85,21642,224096
f0:91:27:6b:7a:0a,253,-33,136,159.73,85.86,81,21723,224177
f0:91:27:6b:7a:0a,257,-28,137,160.96,85.81,329,22052,224506
f0:91:27:6b:7a:0a,262,-28,138,162.80,85.75,414,22466,224920
f0:91:27:6b:7a:0a,263,-30,139,162.24,85.75,86,22552,225006
f0:91:27:6b:7a:0a,264,-28,140,161.72,85.76,89,22641,225095
f0:91:27:6b:7a:0a,265,-30,141,161.13,85.73,78,22719,225173
f0:91:27:6b:7a:0a,266,-34,142,160.56,85.71,80,22799,225253
f0:91:27:6b:7a:0a,267,-28,143,160.03,85.71,85,22884,225338
f0:91:27:6b:7a:0a,269,-30,144,160.20,85.76,185,23069,225523
f0:91:27:6b:7a:0a,271,-27,145,160.25,85.74,167,23236,225690
f0:91:27:6b:7a:0a,272,-34,146,159.75,85.75,87,23323,225777
f0:91:27:6b:7a:0a,273,-28,147,159.23,85.74,84,23407,225861
f0:91:27:6b:7a:0a,275,-33,148,159.24,85.70,161,23568,226022
f0:91:27:6b:7a:0a,276,-28,149,158.71,85.68,80,23648,226102
f0:91:27:6b:7a:0a,279,-26,150,159.32,85.66,250,23898,226352
f0:91:27:6b:7a:0a,282,-34,151,159.98,85.66,259,24157,226611
f0:91:27:6b:7a:0a,283,-28,152,159.41,85.62,73,24230,226684
f0:91:27:6b:7a:0a,284,-30,153,158.92,85.62,85,24315,226769
f0:91:27:6b:7a:0a,285,-34,154,158.41,85.60,80,24395,226849
f0:91:27:6b:7a:0a,287,-28,155,158.52,85.61,175,24570,227024
f0:91:27:6b:7a:0a,288,-30,156,158.00,85.58,78,24648,227102
f0:91:27:6b:7a:0a,289,-31,157,157.49,85.56,78,24726,227180
f0:91:27:6b:7a:0a,291,-34,158,157.58,85.56,171,24897,227351
f0:91:27:6b:7a:0a,292,-30,159,157.11,85.55,84,24981,227435
f0:91:27:6b:7a:0a,293,-34,160,156.67,85.55,86,25067,227521
f0:91:27:6b:7a:0a,295,-31,161,156.68,85.51,159,25226,227680
f0:91:27:6b:7a:0a,296,-28,162,156.23,85.51,84,25310,227764
f0:91:27:6b:7a:0a,297,-30,163,155.78,85.49,82,25392,227846
f0:91:27:6b:7a:0a,302,-28,164,157.32,85.43,409,25801,228255
f0:91:27:6b:7a:0a,303,-30,165,156.82,85.40,75,25876,228330
f0:91:27:6b:7a:0a,305,-26,166,156.87,85.38,165,26041,228495
f0:91:27:6b:7a:0a,308,-29,167,157.36,85.32,238,26279,228733
f0:91:27:6b:7a:0a,310,-34,168,157.40,85.30,165,26444,228898
f0:91:27:6b:7a:0a,311,-28,169,156.93,85.28,77,26521,228975
f0:91:27:6b:7a:0a,312,-30,170,156.49,85.27,82,26603,229057
f0:91:27:6b:7a:0a,313,-34,171,156.05,85.26,82,26685,229139
f0:91:27:6b:7a:0a,314,-28,172,155.59,85.23,77,26762,229216
f0:91:27:6b:7a:0a,315,-30,173,155.13,85.20,75,26837,229291
f0:91:27:6b:7a:0a,316,-30,174,154.66,85.16,74,26911,229365
f0:91:27:6b:7a:0a,317,-32,175,154.25,85.15,82,26993,229447
f0:91:27:6b:7a:0a,318,-34,176,153.80,85.12,76,27069,229523
f0:91:27:6b:7a:0a,319,-28,177,153.36,85.09,76,27145,229599
f0:91:27:6b:7a:0a,320,-30,178,152.95,85.08,80,27225,229679
f0:91:27:6b:7a:0a,322,-28,179,152.97,85.04,157,27382,229836
f0:91:27:6b:7a:0a,325,-28,180,153.46,84.99,241,27623,230077
f0:91:27:6b:7a:0a,326,-27,181,153.01,84.95,72,27695,230149
f0:91:27:6b:7a:0a,327,-30,182,152.60,84.94,79,27774,230228
f0:91:27:6b:7a:0a,328,-33,183,152.22,84.93,83,27857,230311
f0:91:27:6b:7a:0a,333,-28,184,153.48,84.81,384,28241,230695
f0:91:27:6b:7a:0a,334,-28,185,153.05,84.78,74,28315,230769
f0:91:27:6b:7a:0a,336,-28,186,153.13,84.77,167,28482,230936
f0:91:27:6b:7a:0a,337,-30,187,152.73,84.75,78,28560,231014
f0:91:27:6b:7a:0a,338,-30,188,152.32,84.72,76,28636,231090
f0:91:27:6b:7a:0a,341,-30,189,152.76,84.67,236,28872,231326
f0:91:27:6b:7a:0a,342,-33,190,152.39,84.66,82,28954,231408
f0:91:27:6b:7a:0a,343,-28,191,152.00,84.64,78,29032,231486
f0:91:27:6b:7a:0a,345,-33,192,152.02,84.60,155,29187,231641
f0:91:27:6b:7a:0a,346,-28,193,151.66,84.60,84,29271,231725
f0:91:27:6b:7a:0a,347,-30,194,151.30,84.59,81,29352,231806
f0:91:27:6b:7a:0a,349,-28,195,151.32,84.55,155,29507,231961
f0:91:27:6b:7a:0a,350,-30,196,150.96,84.54,81,29588,232042
f0:91:27:6b:7a:0a,351,-33,197,150.59,84.52,79,29667,232121
f0:91:27:6b:7a:0a,352,-29,198,150.27,84.53,86,29753,232207
f0:91:27:6b:7a:0a,354,-34,199,150.30,84.49,157,29910,232364
f0:91:27:6b:7a:0a,356,-28,200,150.33,84.46,156,30066,232520
f0:91:27:6b:7a:0a,357,-30,201,149.98,84.44,80,30146,232600
f0:91:27:6b:7a:0a,360,-28,202,150.37,84.37,228,30374,232828
f0:91:27:6b:7a:0a,361,-31,203,150.04,84.37,84,30458,232912
f0:91:27:6b:7a:0a,362,-33,204,149.68,84.35,76,30534,232988
f0:91:27:6b:7a:0a,363,-28,205,149.31,84.32,74,30608,233062
f0:91:27:6b:7a:0a,364,-29,206,148.99,84.32,83,30691,233145
f0:91:27:6b:7a:0a,365,-33,207,148.67,84.32,84,30775,233229
f0:91:27:6b:7a:0a,367,-26,208,148.68,84.27,151,30926,233380
f0:91:27:6b:7a:0a,369,-31,209,148.76,84.26,165,31091,233545
f0:91:27:6b:7a:0a,370,-25,210,148.43,84.25,80,31171,233625
f0:91:27:6b:7a:0a,371,-29,211,148.12,84.24,83,31254,233708
f0:91:27:6b:7a:0a,372,-33,212,147.81,84.24,82,31336,233790
f0:91:27:6b:7a:0a,374,-27,213,147.84,84.20,154,31490,233944
f0:91:27:6b:7a:0a,376,-25,214,147.89,84.17,159,31649,234103
f0:91:27:6b:7a:0a,377,-27,215,147.56,84.15,77,31726,234180
f0:91:27:6b:7a:0a,378,-30,216,147.25,84.14,79,31805,234259
f0:91:27:6b:7a:0a,379,-28,217,146.95,84.14,84,31889,234343
f0:91:27:6b:7a:0a,381,-30,218,147.00,84.11,157,32046,234500
f0:91:27:6b:7a:0a,382,-31,219,146.68,84.09,77,32123,234577
f0:91:27:6b:7a:0a,383,-31,220,146.35,84.07,74,32197,234651
f0:91:27:6b:7a:0a,384,-33,221,146.05,84.06,81,32278,234732
f0:91:27:6b:7a:0a,385,-28,222,145.73,84.03,75,32353,234807
f0:91:27:6b:7a:0a,386,-30,223,145.48,84.05,89,32442,234896
f0:91:27:6b:7a:0a,387,-34,224,145.19,84.04,80,32522,234976
f0:91:27:6b:7a:0a,389,-28,225,145.24,84.01,157,32679,235133
f0:91:27:6b:7a:0a,391,-30,226,145.27,83.97,153,32832,235286
f0:91:27:6b:7a:0a,392,-33,227,144.98,83.96,79,32911,235365
f0:91:27:6b:7a:0a,393,-31,228,144.69,83.94,78,32989,235443
f0:91:27:6b:7a:0a,394,-26,229,144.41,83.94,82,33071,235525
f0:91:27:6b:7a:0a,397,-33,230,144.81,83.89,235,33306,235760
f0:91:27:6b:7a:0a,399,-28,231,144.89,83.88,164,33470,235924
f0:91:27:6b:7a:0a,400,-30,232,144.62,83.88,83,33553,236007
f0:91:27:6b:7a:0a,401,-31,233,144.32,83.86,73,33626,236080
f0:91:27:6b:7a:0a,402,-26,234,144.07,83.86,87,33713,236167
f0:91:27:6b:7a:0a,404,-27,235,144.10,83.82,151,33864,236318
f0:91:27:6b:7a:0a,408,-30,236,144.86,83.79,322,34186,236640
f0:91:27:6b:7a:0a,410,-28,237,144.96,83.80,170,34356,236810
f0:91:27:6b:7a:0a,412,-29,238,145.01,83.77,157,34513,236967
f0:91:27:6b:7a:0a,413,-33,239,144.74,83.76,79,34592,237046
f0:91:27:6b:7a:0a,415,-30,240,144.79,83.73,157,34749,237203
f0:91:27:6b:7a:0a,418,-28,241,145.18,83.71,240,34989,237443
f0:91:27:6b:7a:0a,419,-30,242,144.95,83.72,88,35077,237531
f0:91:27:6b:7a:0a,420,-33,243,144.66,83.70,76,35153,237607
f0:91:27:6b:7a:0a,421,-33,244,144.39,83.68,78,35231,237685
f0:91:27:6b:7a:0a,422,-28,245,144.12,83.67,79,35310,237764
f0:91:27:6b:7a:0a,423,-30,246,143.87,83.67,82,35392,237846
f0:91:27:6b:7a:0a,425,-33,247,143.93,83.65,159,35551,238005
f0:91:27:6b:7a:0a,426,-33,248,143.65,83.63,74,35625,238079
f0:91:27:6b:7a:0a,428,-33,249,143.74,83.63,167,35792,238246
f0:91:27:6b:7a:0a,429,-28,250,143.47,83.61,75,35867,238321
f0:91:27:6b:7a:0a,430,-31,251,143.25,83.62,88,35955,238409
f0:91:27:6b:7a:0a,431,-33,252,142.99,83.61,79,36034,238488
f0:91:27:6b:7a:0a,432,-28,253,142.74,83.60,80,36114,238568
f0:91:27:6b:7a:0a,433,-30,254,142.51,83.60,83,36197,238651
f0:91:27:6b:7a:0a,434,-33,255,142.25,83.58,77,36274,238728
f0:91:27:6b:7a:0a,435,-28,256,141.98,83.56,74,36348,238802
f0:91:27:6b:7a:0a,436,-28,257,141.76,83.56,84,36432,238886
f0:91:27:6b:7a:0a,437,-30,258,141.51,83.55,78,36510,238964
f0:91:27:6b:7a:0a,439,-28,259,141.58,83.53,158,36668,239122
f0:91:27:6b:7a:0a,440,-30,260,141.32,83.51,75,36743,239197
f0:91:27:6b:7a:0a,441,-34,261,141.09,83.50,82,36825,239279
f0:91:27:6b:7a:0a,442,-28,262,140.85,83.49,78,36903,239357
f0:91:27:6b:7a:0a,443,-30,263,140.61,83.48,77,36980,239434
f0:91:27:6b:7a:0a,444,-34,264,140.42,83.49,91,37071,239525
f0:91:27:6b:7a:0a,446,-28,265,140.48,83.47,155,37226,239680
f0:91:27:6b:7a:0a,447,-30,266,140.22,83.44,73,37299,239753
f0:91:27:6b:7a:0a,448,-30,267,140.00,83.44,81,37380,239834
f0:91:27:6b:7a:0a,451,-28,268,140.38,83.42,243,37623,240077
f0:91:27:6b:7a:0a,455,-27,269,141.05,83.39,320,37943,240397
f0:91:27:6b:7a:0a,456,-30,270,140.83,83.39,82,38025,240479
f0:91:27:6b:7a:0a,457,-34,271,140.58,83.36,72,38097,240551
f0:91:27:6b:7a:0a,458,-28,272,140.35,83.35,78,38175,240629
f0:91:27:6b:7a:0a,459,-30,273,140.14,83.35,82,38257,240711
f0:91:27:6b:7a:0a,460,-33,274,139.92,83.34,80,38337,240791
f0:91:27:6b:7a:0a,462,-28,275,139.99,83.32,159,38496,240950
f0:91:27:6b:7a:0a,464,-33,276,140.04,83.30,156,38652,241106
f0:91:27:6b:7a:0a,466,-30,277,140.12,83.29,160,38812,241266
f0:91:27:6b:7a:0a,474,-28,278,141.91,83.23,639,39451,241905
f0:91:27:6b:7a:0a,475,-30,279,141.69,83.22,80,39531,241985
f0:91:27:6b:7a:0a,476,-31,280,141.45,83.21,76,39607,242061
f0:91:27:6b:7a:0a,477,-26,281,141.22,83.19,75,39682,242136
f0:91:27:6b:7a:0a,485,-30,282,142.97,83.13,636,40318,242772
f0:91:27:6b:7a:0a,487,-28,283,143.05,83.13,165,40483,242937
f0:91:27:6b:7a:0a,489,-32,284,143.11,83.12,161,40644,243098
f0:91:27:6b:7a:0a,491,-30,285,143.16,83.10,157,40801,243255
f0:91:27:6b:7a:0a,493,-30,286,143.28,83.12,176,40977,243431
f0:91:27:6b:7a:0a,497,-31,287,143.89,83.09,320,41297,243751
f0:91:27:6b:7a:0a,498,-34,288,143.66,83.08,77,41374,243828
f0:91:27:6b:7a:0a,499,-28,289,143.45,83.08,83,41457,243911
f0:91:27:6b:7a:0a,500,-30,290,143.21,83.06,75,41532,243986
f0:91:27:6b:7a:0a,503,-31,291,143.55,83.05,242,41774,244228
f0:91:27:6b:7a:0a,505,-29,292,143.60,83.03,157,41931,244385
f0:91:27:6b:7a:0a,508,-34,293,143.92,83.01,237,42168,244622
f0:91:27:6b:7a:0a,509,-28,294,143.70,83.00,80,42248,244702
f0:91:27:6b:7a:0a,511,-30,295,143.76,82.99,160,42408,244862
f0:91:27:6b:7a:0a,522,-28,296,146.19,82.90,865,43273,245727
f0:91:27:6b:7a:0a,523,-30,297,145.94,82.87,70,43343,245797
f0:91:27:6b:7a:0a,546,-30,298,151.54,82.71,1815,45158,247612
f0:91:27:6b:7a:0a,548,-31,299,151.53,82.68,150,45308,247762
f0:91:27:6b:7a:0a,549,-27,300,151.27,82.66,74,45382,247836
f0:91:27:6b:7a:0a,550,-30,301,151.06,82.67,86,45468,247922
f0:91:27:6b:7a:0a,551,-28,302,150.83,82.67,84,45552,248006
f0:91:27:6b:7a:0a,552,-28,303,150.60,82.67,80,45632,248086
f0:91:27:6b:7a:0a,562,-34,304,152.70,82.60,789,46421,248875
f0:91:27:6b:7a:0a,567,-28,305,153.48,82.56,390,46811,249265
f0:91:27:6b:7a:0a,569,-34,306,153.50,82.55,161,46972,249426
f0:91:27:6b:7a:0a,570,-28,307,153.26,82.54,78,47050,249504
f0:91:27:6b:7a:0a,572,-34,308,153.28,82.53,159,47209,249663
f0:91:27:6b:7a:0a,573,-30,309,153.06,82.54,86,47295,249749
f0:91:27:6b:7a:0a,574,-34,310,152.84,82.54,85,47380,249834
f0:91:27:6b:7a:0a,575,-28,311,152.59,82.53,75,47455,249909
f0:91:27:6b:7a:0a,576,-30,312,152.37,82.53,84,47539,249993
f0:91:27:6b:7a:0a,577,-32,313,152.15,82.53,83,47622,250076
f0:91:27:6b:7a:0a,580,-32,314,152.44,82.53,244,47866,250320
f0:91:27:6b:7a:0a,582,-30,315,152.48,82.53,164,48030,250484
f0:91:27:6b:7a:0a,583,-34,316,152.25,82.52,80,48110,250564
f0:91:27:6b:7a:0a,585,-28,317,152.25,82.50,153,48263,250717
f0:91:27:6b:7a:0a,586,-30,318,152.03,82.50,82,48345,250799
f0:91:27:6b:7a:0a,588,-28,319,152.05,82.49,158,48503,250957
f0:91:27:6b:7a:0a,593,-31,320,152.78,82.44,386,48889,251343
f0:91:27:6b:7a:0a,594,-34,321,152.55,82.44,81,48970,251424
f0:91:27:6b:7a:0a,595,-26,322,152.34,82.44,82,49052,251506
f0:91:27:6b:7a:0a,596,-30,323,152.11,82.44,80,49132,251586
f0:91:27:6b:7a:0a,597,-31,324,151.89,82.43,81,49213,251667
f0:91:27:6b:7a:0a,598,-32,325,151.66,82.42,75,49288,251742
f0:91:27:6b:7a:0a,599,-28,326,151.43,82.42,79,49367,251821
f0:91:27:6b:7a:0a,600,-30,327,151.21,82.41,78,49445,251899
f0:91:27:6b:7a:0a,601,-34,328,150.99,82.41,81,49526,251980
f0:91:27:6b:7a:0a,602,-28,329,150.77,82.40,77,49603,252057
f0:91:27:6b:7a:0a,604,-28,330,150.77,82.37,150,49753,252207
f0:91:27:6b:7a:0a,605,-34,331,150.56,82.37,81,49834,252288
f0:91:27:6b:7a:0a,606,-28,332,150.34,82.36,79,49913,252367
f0:91:27:6b:7a:0a,607,-30,333,150.12,82.35,76,49989,252443
f0:91:27:6b:7a:0a,608,-34,334,149.91,82.35,82,50071,252525
f0:91:27:6b:7a:0a,610,-28,335,149.92,82.33,152,50223,252677
f0:91:27:6b:7a:0a,615,-28,336,150.66,82.31,400,50623,253077
f0:91:27:6b:7a:0a,616,-28,337,150.44,82.30,76,50699,253153
f0:91:27:6b:7a:0a,618,-28,338,150.47,82.30,160,50859,253313
f0:91:27:6b:7a:0a,620,-30,339,150.49,82.28,156,51015,253469
f0:91:27:6b:7a:0a,622,-28,340,150.52,82.28,163,51178,253632
f0:91:27:6b:7a:0a,626,-28,341,150.99,82.25,310,51488,253942
f0:91:27:6b:7a:0a,627,-30,342,150.79,82.25,82,51570,254024
f0:91:27:6b:7a:0a,631,-33,343,151.26,82.22,312,51882,254336
f0:91:27:6b:7a:0a,634,-31,344,151.52,82.21,240,52122,254576
f0:91:27:6b:7a:0a,636,-31,345,151.57,82.22,168,52290,254744
f0:91:27:6b:7a:0a,638,-28,346,151.55,82.19,148,52438,254892
f0:91:27:6b:7a:0a,639,-28,347,151.36,82.19,83,52521,254975
f0:91:27:6b:7a:0a,641,-33,348,151.36,82.17,152,52673,255127
f0:91:27:6b:7a:0a,642,-28,349,151.16,82.17,82,52755,255209
f0:91:27:6b:7a:0a,643,-30,350,150.95,82.17,78,52833,255287
f0:91:27:6b:7a:0a,654,-28,351,152.98,82.10,863,53696,256150
f0:91:27:6b:7a:0a,655,-28,352,152.76,82.09,74,53770,256224
f0:91:27:6b:7a:0a,657,-33,353,152.76,82.08,155,53925,256379
f0:91:27:6b:7a:0a,658,-28,354,152.56,82.08,83,54008,256462
f0:91:27:6b:7a:0a,659,-30,355,152.36,82.07,79,54087,256541
f0:91:27:6b:7a:0a,665,-33,356,153.30,82.07,488,54575,257029
f0:91:27:6b:7a:0a,677,-28,357,155.51,82.01,943,55518,257972
f0:91:27:6b:7a:0a,678,-28,358,155.30,82.00,80,55598,258052
f0:91:27:6b:7a:0a,680,-33,359,155.29,81.98,150,55748,258202
f0:91:27:6b:7a:0a,683,-34,360,155.49,81.96,229,55977,258431
f0:91:27:6b:7a:0a,687,-29,361,155.95,81.95,322,56299,258753
f0:91:27:6b:7a:0a,690,-30,362,156.16,81.93,232,56531,258985
f0:91:27:6b:7a:0a,691,-33,363,155.93,81.92,73,56604,259058
f0:91:27:6b:7a:0a,692,-26,364,155.74,81.92,87,56691,259145
f0:91:27:6b:7a:0a,693,-28,365,155.53,81.92,78,56769,259223
f0:91:27:6b:7a:0a,694,-31,366,155.32,81.91,78,56847,259301
f0:91:27:6b:7a:0a,695,-31,367,155.11,81.91,78,56925,259379
f0:91:27:6b:7a:0a,696,-30,368,154.93,81.92,91,57016,259470
f0:91:27:6b:7a:0a,697,-30,369,154.71,81.91,72,57088,259542
f0:91:27:6b:7a:0a,699,-30,370,154.72,81.90,160,57248,259702
f0:91:27:6b:7a:0a,700,-30,371,154.50,81.89,72,57320,259774
f0:91:27:6b:7a:0a,701,-28,372,154.31,81.89,84,57404,259858
f0:91:27:6b:7a:0a,702,-28,373,154.10,81.88,74,57478,259932
f0:91:27:6b:7a:0a,706,-33,374,154.56,81.88,327,57805,260259
f0:91:27:6b:7a:0a,707,-28,375,154.35,81.87,78,57883,260337
f0:91:27:6b:7a:0a,710,-28,376,154.59,81.86,241,58124,260578
f0:91:27:6b:7a:0a,714,-31,377,155.00,81.84,311,58435,260889
f0:91:27:6b:7a:0a,721,-28,378,156.07,81.82,559,58994,261448
f0:91:27:6b:7a:0a,722,-30,379,155.87,81.82,80,59074,261528
f0:91:27:6b:7a:0a,723,-26,380,155.69,81.83,87,59161,261615
f0:91:27:6b:7a:0a,724,-30,381,155.48,81.82,76,59237,261691
f0:91:27:6b:7a:0a,725,-33,382,155.30,81.83,87,59324,261778
f0:91:27:6b:7a:0a,726,-33,383,155.09,81.82,75,59399,261853
f0:91:27:6b:7a:0a,727,-26,384,154.90,81.82,82,59481,261935
f0:91:27:6b:7a:0a,728,-30,385,154.71,81.82,83,59564,262018
f0:91:27:6b:7a:0a,729,-33,386,154.50,81.81,72,59636,262090
f0:91:27:6b:7a:0a,731,-30,387,154.52,81.80,162,59798,262252
f0:91:27:6b:7a:0a,732,-33,388,154.31,81.80,76,59874,262328
f0:91:27:6b:7a:0a,733,-28,389,154.12,81.79,79,59953,262407
f0:91:27:6b:7a:0a,736,-30,390,154.36,81.80,249,60202,262656
f0:91:27:6b:7a:0a,737,-33,391,154.16,81.79,75,60277,262731
f0:91:27:6b:7a:0a,738,-28,392,153.98,81.79,83,60360,262814
f0:91:27:6b:7a:0a,742,-26,393,154.39,81.77,317,60677,263131
f0:91:27:6b:7a:0a,748,-33,394,155.22,81.76,481,61158,263612
f0:91:27:6b:7a:0a,749,-28,395,155.03,81.76,78,61236,263690
f0:91:27:6b:7a:0a,750,-28,396,154.82,81.75,74,61310,263764
f0:91:27:6b:7a:0a,756,-33,397,155.65,81.74,485,61795,264249
f0:91:27:6b:7a:0a,757,-28,398,155.47,81.74,84,61879,264333
f0:91:27:6b:7a:0a,758,-30,399,155.29,81.74,80,61959,264413
f0:91:27:6b:7a:0a,760,-30,400,155.30,81.74,162,62121,264575
f0:91:27:6b:7a:0a,761,-27,401,155.12,81.74,82,62203,264657
f0:91:27:6b:7a:0a,763,-33,402,155.12,81.73,155,62358,264812
f0:91:27:6b:7a:0a,764,-28,403,154.93,81.72,79,62437,264891
f0:91:27:6b:7a:0a,765,-27,404,154.75,81.72,81,62518,264972
f0:91:27:6b:7a:0a,767,-28,405,154.76,81.72,158,62676,265130
f0:91:27:6b:7a:0a,769,-33,406,154.74,81.70,150,62826,265280
f0:91:27:6b:7a:0a,771,-30,407,154.77,81.70,166,62992,265446
f0:91:27:6b:7a:0a,772,-33,408,154.58,81.70,78,63070,265524
f0:91:27:6b:7a:0a,780,-33,409,155.75,81.67,630,63700,266154
f0:91:27:6b:7a:0a,783,-28,410,155.98,81.67,250,63950,266404
f0:91:27:6b:7a:0a,785,-30,411,155.98,81.66,157,64107,266561
f0:91:27:6b:7a:0a,786,-33,412,155.81,81.67,85,64192,266646
f0:91:27:6b:7a:0a,788,-30,413,155.81,81.66,157,64349,266803
f0:91:27:6b:7a:0a,789,-31,414,155.63,81.66,81,64430,266884
f0:91:27:6b:7a:0a,790,-28,415,155.45,81.66,81,64511,266965
f0:91:27:6b:7a:0a,791,-30,416,155.27,81.66,80,64591,267045
f0:91:27:6b:7a:0a,793,-33,417,155.27,81.65,155,64746,267200
f0:91:27:6b:7a:0a,794,-28,418,155.09,81.64,80,64826,267280
f0:91:27:6b:7a:0a,795,-29,419,154.91,81.65,83,64909,267363
f0:91:27:6b:7a:0a,798,-28,420,155.17,81.67,261,65170,267624
f0:91:27:6b:7a:0a,799,-33,421,155.01,81.68,90,65260,267714
f0:91:27:6b:7a:0a,802,-28,422,155.23,81.68,249,65509,267963
f0:91:27:6b:7a:0a,808,-33,423,156.16,81.75,548,66057,268511
f0:91:27:6b:7a:0a,810,-30,424,156.24,81.78,188,66245,268699
f0:91:27:6b:7a:0a,813,-33,425,156.54,81.83,284,66529,268983
f0:91:27:6b:7a:0a,814,-30,426,156.39,81.84,92,66621,269075
f0:91:27:6b:7a:0a,815,-30,427,156.24,81.86,94,66715,269169
f0:91:27:6b:7a:0a,817,-30,428,156.29,81.87,176,66891,269345
f0:91:27:6b:7a:0a,819,-28,429,156.38,81.92,198,67089,269543
f0:91:27:6b:7a:0a,820,-30,430,156.23,81.92,88,67177,269631
f0:91:27:6b:7a:0a,821,-30,431,156.10,81.95,101,67278,269732
f0:91:27:6b:7a:0a,823,-28,432,156.17,81.97,186,67464,269918
f0:91:27:6b:7a:0a,824,-33,433,156.01,81.98,88,67552,270006
f0:91:27:6b:7a:0a,826,-27,434,156.09,82.01,192,67744,270198
f0:91:27:6b:7a:0a,827,-31,435,155.94,82.03,91,67835,270289
f0:91:27:6b:7a:0a,828,-30,436,155.79,82.04,91,67926,270380
f0:91:27:6b:7a:0a,829,-30,437,155.65,82.05,93,68019,270473
f0:91:27:6b:7a:0a,837,-28,438,157.01,82.16,753,68772,271226
f0:91:27:6b:7a:0a,842,-26,439,157.73,82.24,473,69245,271699
f0:91:27:6b:7a:0a,844,-34,440,157.82,82.27,194,69439,271893
f0:91:27:6b:7a:0a,845,-31,441,157.66,82.28,87,69526,271980
f0:91:27:6b:7a:0a,848,-34,442,157.95,82.33,287,69813,272267
f0:91:27:6b:7a:0a,852,-34,443,158.43,82.38,371,70184,272638
f0:91:27:6b:7a:0a,853,-34,444,158.29,82.39,95,70279,272733
f0:91:27:6b:7a:0a,854,-27,445,158.16,82.41,101,70380,272834
f0:91:27:6b:7a:0a,855,-30,446,158.03,82.43,100,70480,272934
f0:91:27:6b:7a:0a,856,-28,447,157.87,82.44,88,70568,273022
f0:91:27:6b:7a:0a,857,-34,448,157.74,82.46,100,70668,273122
f0:91:27:6b:7a:0a,858,-31,449,157.58,82.46,86,70754,273208
f0:91:27:6b:7a:0a,864,-28,450,158.51,82.56,574,71328,273782
f0:91:27:6b:7a:0a,865,-34,451,158.35,82.56,90,71418,273872
f0:91:27:6b:7a:0a,866,-30,452,158.23,82.58,100,71518,273972
f0:91:27:6b:7a:0a,867,-26,453,158.10,82.61,101,71619,274073
f0:91:27:6b:7a:0a,868,-34,454,157.94,82.61,88,71707,274161
f0:91:27:6b:7a:0a,869,-30,455,157.81,82.63,98,71805,274259
f0:91:27:6b:7a:0a,872,-31,456,158.07,82.66,276,72081,274535
f0:91:27:6b:7a:0a,875,-33,457,158.36,82.71,289,72370,274824
f0:91:27:6b:7a:0a,876,-32,458,158.24,82.73,103,72473,274927
f0:91:27:6b:7a:0a,881,-31,459,158.89,82.78,457,72930,275384
f0:91:27:6b:7a:0a,887,-30,460,159.76,82.85,559,73489,275943
f0:91:27:6b:7a:0a,890,-28,461,160.02,82.89,279,73768,276222
f0:91:27:6b:7a:0a,892,-30,462,160.07,82.90,183,73951,276405
f0:91:27:6b:7a:0a,893,-28,463,159.92,82.92,93,74044,276498
f0:91:27:6b:7a:0a,894,-32,464,159.78,82.93,96,74140,276594
f0:91:27:6b:7a:0a,895,-30,465,159.63,82.94,88,74228,276682
f0:91:27:6b:7a:0a,896,-28,466,159.51,82.96,103,74331,276785
f0:91:27:6b:7a:0a,897,-34,467,159.36,82.97,90,74421,276875
f0:91:27:6b:7a:0a,903,-34,468,160.17,83.01,540,74961,277415
f0:91:27:6b:7a:0a,904,-28,469,160.04,83.03,96,75057,277511
f0:91:27:6b:7a:0a,913,-29,470,161.43,83.10,817,75874,278328
f0:91:27:6b:7a:0a,919,-31,471,162.20,83.13,522,76396,278850
f0:91:27:6b:7a:0a,922,-29,472,162.43,83.15,272,76668,279122
f0:91:27:6b:7a:0a,926,-29,473,162.80,83.16,338,77006,279460
f0:91:27:6b:7a:0a,927,-34,474,162.65,83.17,90,77096,279550
f0:91:27:6b:7a:0a,928,-31,475,162.49,83.17,86,77182,279636
f0:91:27:6b:7a:0a,929,-34,476,162.33,83.18,88,77270,279724
f0:91:27:6b:7a:0a,936,-28,477,163.23,83.18,591,77861,280315
f0:91:27:6b:7a:0a,937,-29,478,163.05,83.18,75,77936,280390
f0:91:27:6b:7a:0a,940,-30,479,163.21,83.17,242,78178,280632
f0:91:27:6b:7a:0a,946,-32,480,163.92,83.17,502,78680,281134
f0:91:27:6b:7a:0a,949,-32,481,164.07,83.16,240,78920,281374
f0:91:27:6b:7a:0a,953,-26,482,164.40,83.15,323,79243,281697
f0:91:27:6b:7a:0a,956,-28,483,164.58,83.15,248,79491,281945
f0:91:27:6b:7a:0a,960,-28,484,164.92,83.15,329,79820,282274
f0:91:27:6b:7a:0a,966,-30,485,165.61,83.15,499,80319,282773
f0:91:27:6b:7a:0a,970,-30,486,165.97,83.15,340,80659,283113
f0:91:27:6b:7a:0a,971,-33,487,165.79,83.15,83,80742,283196
f0:91:27:6b:7a:0a,973,-30,488,165.79,83.15,165,80907,283361
f0:91:27:6b:7a:0a,974,-28,489,165.62,83.15,80,80987,283441
f0:91:27:6b:7a:0a,975,-30,490,165.47,83.16,92,81079,283533
f0:91:27:6b:7a:0a,976,-28,491,165.30,83.16,85,81164,283618
f0:91:27:6b:7a:0a,977,-30,492,165.14,83.16,87,81251,283705
f0:91:27:6b:7a:0a,979,-30,493,165.15,83.17,170,81421,283875
f0:91:27:6b:7a:0a,981,-32,494,165.14,83.16,158,81579,284033
f0:91:27:6b:7a:0a,982,-28,495,164.97,83.16,81,81660,284114
f0:91:27:6b:7a:0a,983,-31,496,164.81,83.16,88,81748,284202
f0:91:27:6b:7a:0a,984,-30,497,164.67,83.17,91,81839,284293
f0:91:27:6b:7a:0a,989,-32,498,165.19,83.18,424,82263,284717
f0:91:27:6b:7a:0a,990,-29,499,165.02,83.17,80,82343,284797
f0:91:27:6b:7a:0a,991,-28,500,164.84,83.17,77,82420,284874
f0:91:27:6b:7a:0a,994,-34,501,165.03,83.18,260,82680,285134
f0:91:27:6b:7a:0a,999,-34,502,165.51,83.17,405,83085,285539
f0:91:27:6b:7a:0a,1000,-26,503,165.35,83.17,84,83169,285623
f0:91:27:6b:7a:0a,1001,-30,504,165.18,83.17,81,83250,285704
f0:91:27:6b:7a:0a,1002,-28,505,165.01,83.17,82,83332,285786
f0:91:27:6b:7a:0a,1009,-30,506,165.82,83.15,571,83903,286357
f0:91:27:6b:7a:0a,1012,-28,507,165.97,83.15,243,84146,286600
f0:91:27:6b:7a:0a,1013,-30,508,165.79,83.14,74,84220,286674
f0:91:27:6b:7a:0a,1014,-30,509,165.61,83.13,78,84298,286752
f0:91:27:6b:7a:0a,1015,-33,510,165.46,83.14,86,84384,286838
f0:91:27:6b:7a:0a,1016,-28,511,165.28,83.13,75,84459,286913
f0:91:27:6b:7a:0a,1018,-30,512,165.27,83.12,158,84617,287071
f0:91:27:6b:7a:0a,1023,-27,513,165.75,83.12,415,85032,287486
f0:91:27:6b:7a:0a,1024,-30,514,165.58,83.11,76,85108,287562
f0:91:27:6b:7a:0a,1027,-28,515,165.72,83.10,236,85344,287798
f0:91:27:6b:7a:0a,1029,-28,516,165.73,83.11,172,85516,287970
f0:91:27:6b:7a:0a,1034,-28,517,166.19,83.09,402,85918,288372
f0:91:27:6b:7a:0a,1035,-30,518,166.02,83.09,80,85998,288452
f0:91:27:6b:7a:0a,1036,-34,519,165.83,83.08,70,86068,288522
f0:91:27:6b:7a:0a,1038,-27,520,165.84,83.08,168,86236,288690
f0:91:27:6b:7a:0a,1039,-34,521,165.67,83.07,77,86313,288767
f0:91:27:6b:7a:0a,1040,-28,522,165.50,83.07,79,86392,288846
f0:91:27:6b:7a:0a,1041,-30,523,165.34,83.07,83,86475,288929
f0:91:27:6b:7a:0a,1042,-26,524,165.20,83.08,91,86566,289020
f0:91:27:6b:7a:0a,1043,-30,525,165.04,83.07,81,86647,289101
f0:91:27:6b:7a:0a,1044,-34,526,164.88,83.07,81,86728,289182
f0:91:27:6b:7a:0a,1045,-28,527,164.72,83.07,78,86806,289260
f0:91:27:6b:7a:0a,1046,-30,528,164.57,83.07,85,86891,289345
f0:91:27:6b:7a:0a,1047,-30,529,164.40,83.06,76,86967,289421
f0:91:27:6b:7a:0a,1053,-28,530,165.03,83.06,498,87465,289919
f0:91:27:6b:7a:0a,1058,-27,531,165.46,83.04,395,87860,290314
f0:91:27:6b:7a:0a,1060,-30,532,165.46,83.04,166,88026,290480
f0:91:27:6b:7a:0a,1061,-34,533,165.31,83.05,85,88111,290565
f0:91:27:6b:7a:0a,1063,-28,534,165.29,83.03,152,88263,290717
f0:91:27:6b:7a:0a,1064,-30,535,165.12,83.02,74,88337,290791
f0:91:27:6b:7a:0a,1065,-34,536,164.96,83.02,82,88419,290873
f0:91:27:6b:7a:0a,1066,-26,537,164.80,83.02,76,88495,290949
f0:91:27:6b:7a:0a,1068,-30,538,164.77,83.00,153,88648,291102
f0:91:27:6b:7a:0a,1070,-32,539,164.76,82.99,156,88804,291258
f0:91:27:6b:7a:0a,1071,-28,540,164.60,82.99,78,88882,291336
f0:91:27:6b:7a:0a,1072,-30,541,164.44,82.99,79,88961,291415
f0:91:27:6b:7a:0a,1073,-34,542,164.28,82.98,77,89038,291492
f0:91:27:6b:7a:0a,1074,-28,543,164.12,82.98,80,89118,291572
f0:91:27:6b:7a:0a,1075,-30,544,163.95,82.97,72,89190,291644
f0:91:27:6b:7a:0a,1076,-30,545,163.80,82.97,83,89273,291727
f0:91:27:6b:7a:0a,1079,-30,546,163.94,82.96,237,89510,291964
f0:91:27:6b:7a:0a,1080,-34,547,163.78,82.95,75,89585,292039
f0:91:27:6b:7a:0a,1081,-28,548,163.64,82.95,87,89672,292126
f0:91:27:6b:7a:0a,1082,-30,549,163.47,82.95,75,89747,292201
f0:91:27:6b:7a:0a,1083,-34,550,163.31,82.94,76,89823,292277
f0:91:27:6b:7a:0a,1084,-28,551,163.17,82.94,83,89906,292360
f0:91:27:6b:7a:0a,1085,-30,552,163.01,82.93,76,89982,292436
f0:91:27:6b:7a:0a,1086,-32,553,162.86,82.93,82,90064,292518
f0:91:27:6b:7a:0a,1087,-28,554,162.71,82.93,80,90144,292598
f0:91:27:6b:7a:0a,1088,-30,555,162.57,82.93,80,90224,292678
f0:91:27:6b:7a:0a,1090,-32,556,162.54,82.91,147,90371,292825
f0:91:27:6b:7a:0a,1092,-30,557,162.55,82.91,168,90539,292993
f0:91:27:6b:7a:0a,1093,-34,558,162.40,82.91,79,90618,293072
f0:91:27:6b:7a:0a,1094,-28,559,162.25,82.90,78,90696,293150
f0:91:27:6b:7a:0a,1095,-30,560,162.11,82.91,85,90781,293235
f0:91:27:6b:7a:0a,1096,-34,561,161.95,82.90,75,90856,293310
f0:91:27:6b:7a:0a,1097,-28,562,161.80,82.89,76,90932,293386
f0:91:27:6b:7a:0a,1098,-28,563,161.66,82.89,84,91016,293470
f0:91:27:6b:7a:0a,1099,-28,564,161.51,82.88,74,91090,293544
f0:91:27:6b:7a:0a,1101,-28,565,161.52,82.89,168,91258,293712
f0:91:27:6b:7a:0a,1103,-28,566,161.52,82.88,163,91421,293875
f0:91:27:6b:7a:0a,1104,-28,567,161.38,82.88,84,91505,293959
f0:91:27:6b:7a:0a,1105,-30,568,161.23,82.88,74,91579,294033
f0:91:27:6b:7a:0a,1106,-28,569,161.10,82.88,87,91666,294120
f0:91:27:6b:7a:0a,1108,-30,570,161.09,82.87,153,91819,294273
f0:91:27:6b:7a:0a,1112,-34,571,161.37,82.86,324,92143,294597
f0:91:27:6b:7a:0a,1114,-30,572,161.37,82.86,161,92304,294758
f0:91:27:6b:7a:0a,1115,-34,573,161.22,82.85,73,92377,294831
f0:91:27:6b:7a:0a,1116,-26,574,161.09,82.85,86,92463,294917
f0:91:27:6b:7a:0a,1117,-26,575,160.94,82.85,75,92538,294992
f0:91:27:6b:7a:0a,1118,-30,576,160.79,82.84,79,92617,295071
f0:91:27:6b:7a:0a,1119,-33,577,160.66,82.84,84,92701,295155
f0:91:27:6b:7a:0a,1124,-28,578,161.07,82.83,398,93099,295553
f0:91:27:6b:7a:0a,1129,-27,579,161.47,82.81,393,93492,295946
f0:91:27:6b:7a:0a,1131,-34,580,161.46,82.80,153,93645,296099
f0:91:27:6b:7a:0a,1143,-28,581,162.83,82.77,962,94607,297061
f0:91:27:6b:7a:0a,1144,-28,582,162.70,82.77,82,94689,297143
f0:91:27:6b:7a:0a,1145,-34,583,162.56,82.77,82,94771,297225
f0:91:27:6b:7a:0a,1147,-28,584,162.55,82.76,156,94927,297381
f0:91:27:6b:7a:0a,1148,-30,585,162.40,82.76,78,95005,297459
f0:91:27:6b:7a:0a,1151,-34,586,162.55,82.76,247,95252,297706
f0:91:27:6b:7a:0a,1152,-26,587,162.41,82.75,81,95333,297787
f0:91:27:6b:7a:0a,1153,-30,588,162.27,82.75,80,95413,297867
f0:91:27:6b:7a:0a,1154,-34,589,162.12,82.75,77,95490,297944
f0:91:27:6b:7a:0a,1155,-28,590,161.99,82.75,82,95572,298026
f0:91:27:6b:7a:0a,1163,-30,591,162.80,82.73,642,96214,298668
f0:91:27:6b:7a:0a,1164,-33,592,162.65,82.72,77,96291,298745
f0:91:27:6b:7a:0a,1165,-30,593,162.52,82.72,83,96374,298828
f0:91:27:6b:7a:0a,1169,-26,594,162.78,82.71,319,96693,299147
f0:91:27:6b:7a:0a,1171,-39,595,162.78,82.71,162,96855,299309
f0:91:27:6b:7a:0a,1172,-28,596,162.64,82.71,76,96931,299385
f0:91:27:6b:7a:0a,1173,-30,597,162.50,82.71,83,97014,299468
f0:91:27:6b:7a:0a,1177,-30,598,162.75,82.69,308,97322,299776
f0:91:27:6b:7a:0a,1178,-34,599,162.61,82.69,81,97403,299857
f0:91:27:6b:7a:0a,1179,-28,600,162.48,82.68,82,97485,299939
f0:91:27:6b:7a:0a,1180,-30,601,162.34,82.68,79,97564,300018
f0:91:27:6b:7a:0a,1181,-34,602,162.19,82.68,77,97641,300095
f0:91:27:6b:7a:0a,1183,-30,603,162.19,82.67,160,97801,300255
f0:91:27:6b:7a:0a,1184,-27,604,162.05,82.67,77,97878,300332
f0:91:27:6b:7a:0a,1185,-34,605,161.91,82.66,79,97957,300411
f0:91:27:6b:7a:0a,1186,-28,606,161.78,82.66,81,98038,300492
f0:91:27:6b:7a:0a,1188,-33,607,161.78,82.66,160,98198,300652
f0:91:27:6b:7a:0a,1189,-28,608,161.64,82.66,82,98280,300734
f0:91:27:6b:7a:0a,1190,-27,609,161.51,82.66,82,98362,300816
f0:91:27:6b:7a:0a,1191,-30,610,161.37,82.65,74,98436,300890
f0:91:27:6b:7a:0a,1192,-26,611,161.24,82.65,81,98517,300971
f0:91:27:6b:7a:0a,1193,-25,612,161.10,82.64,78,98595,301049
f0:91:27:6b:7a:0a,1198,-28,613,161.51,82.64,412,99007,301461
f0:91:27:6b:7a:0a,1199,-28,614,161.37,82.64,75,99082,301536
f0:91:27:6b:7a:0a,1202,-28,615,161.51,82.64,247,99329,301783
f0:91:27:6b:7a:0a,1203,-30,616,161.37,82.63,77,99406,301860
f0:91:27:6b:7a:0a,1204,-34,617,161.24,82.63,79,99485,301939
f0:91:27:6b:7a:0a,1205,-26,618,161.12,82.63,85,99570,302024
f0:91:27:6b:7a:0a,1206,-30,619,160.98,82.63,79,99649,302103
f0:91:27:6b:7a:0a,1210,-30,620,161.22,82.61,307,99956,302410
f0:91:27:6b:7a:0a,1211,-33,621,161.09,82.61,80,100036,302490
f0:91:27:6b:7a:0a,1213,-25,622,161.08,82.60,155,100191,302645
f0:91:27:6b:7a:0a,1214,-30,623,160.95,82.59,79,100270,302724
f0:91:27:6b:7a:0a,1219,-33,624,161.31,82.58,389,100659,303113
f0:91:27:6b:7a:0a,1220,-28,625,161.20,82.58,91,100750,303204
f0:91:27:6b:7a:0a,1221,-27,626,161.06,82.58,76,100826,303280
f0:91:27:6b:7a:0a,1222,-34,627,160.94,82.58,81,100907,303361
f0:91:27:6b:7a:0a,1224,-30,628,160.94,82.58,165,101072,303526
f0:91:27:6b:7a:0a,1225,-33,629,160.82,82.57,82,101154,303608
f0:91:27:6b:7a:0a,1226,-28,630,160.69,82.57,82,101236,303690
f0:91:27:6b:7a:0a,1227,-33,631,160.57,82.57,82,101318,303772
f0:91:27:6b:7a:0a,1229,-28,632,160.56,82.57,155,101473,303927
f0:91:27:6b:7a:0a,1232,-26,633,160.68,82.56,238,101711,304165
f0:91:27:6b:7a:0a,1233,-31,634,160.57,82.56,91,101802,304256
f0:91:27:6b:7a:0a,1235,-27,635,160.57,82.56,160,101962,304416
f0:91:27:6b:7a:0a,1236,-25,636,160.46,82.56,88,102050,304504
f0:91:27:6b:7a:0a,1237,-25,637,160.32,82.56,74,102124,304578
f0:91:27:6b:7a:0a,1239,-31,638,160.32,82.55,157,102281,304735
f0:91:27:6b:7a:0a,1240,-34,639,160.18,82.55,75,102356,304810
f0:91:27:6b:7a:0a,1245,-27,640,160.55,82.53,399,102755,305209
f0:91:27:6b:7a:0a,1246,-30,641,160.43,82.53,79,102834,305288
f0:91:27:6b:7a:0a,1247,-34,642,160.31,82.53,83,102917,305371
f0:91:27:6b:7a:0a,1248,-33,643,160.18,82.53,78,102995,305449
f0:91:27:6b:7a:0a,1249,-26,644,160.05,82.52,77,103072,305526
f0:91:27:6b:7a:0a,1251,-33,645,160.05,82.52,161,103233,305687
f0:91:27:6b:7a:0a,1252,-28,646,159.93,82.52,80,103313,305767
f0:91:27:6b:7a:0a,1253,-30,647,159.80,82.51,77,103390,305844
f0:91:27:6b:7a:0a,1254,-31,648,159.67,82.51,77,103467,305921
f0:91:27:6b:7a:0a,1255,-28,649,159.56,82.51,85,103552,306006
f0:91:27:6b:7a:0a,1256,-27,650,159.43,82.51,76,103628,306082
f0:91:27:6b:7a:0a,1257,-34,651,159.31,82.51,82,103710,306164
f0:91:27:6b:7a:0a,1258,-27,652,159.20,82.51,89,103799,306253
f0:91:27:6b:7a:0a,1259,-33,653,159.09,82.51,85,103884,306338
f0:91:27:6b:7a:0a,1260,-25,654,158.96,82.51,75,103959,306413
f0:91:27:6b:7a:0a,1263,-27,655,159.09,82.51,248,104207,306661
f0:91:27:6b:7a:0a,1266,-28,656,159.20,82.49,225,104432,306886
f0:91:27:6b:7a:0a,1267,-30,657,159.09,82.49,87,104519,306973
f0:91:27:6b:7a:0a,1268,-31,658,158.97,82.49,81,104600,307054
f0:91:27:6b:7a:0a,1270,-27,659,158.98,82.49,165,104765,307219
f0:91:27:6b:7a:0a,1271,-33,660,158.85,82.49,79,104844,307298
f0:91:27:6b:7a:0a,1272,-28,661,158.74,82.49,83,104927,307381
f0:91:27:6b:7a:0a,1273,-29,662,158.62,82.49,82,105009,307463
f0:91:27:6b:7a:0a,1276,-30,663,158.74,82.48,236,105245,307699
f0:91:27:6b:7a:0a,1277,-29,664,158.62,82.48,79,105324,307778
f0:91:27:6b:7a:0a,1278,-33,665,158.51,82.48,85,105409,307863
f0:91:27:6b:7a:0a,1279,-28,666,158.39,82.48,81,105490,307944
f0:91:27:6b:7a:0a,1280,-25,667,158.26,82.47,70,105560,308014
f0:91:27:6b:7a:0a,1281,-29,668,158.15,82.47,82,105642,308096
f0:91:27:6b:7a:0a,1282,-33,669,158.03,82.47,81,105723,308177
f0:91:27:6b:7a:0a,1283,-31,670,157.91,82.46,75,105798,308252
f0:91:27:6b:7a:0a,1285,-33,671,157.92,82.46,165,105963,308417
f0:91:27:6b:7a:0a,1287,-30,672,157.92,82.46,158,106121,308575
f0:91:27:6b:7a:0a,1288,-33,673,157.80,82.45,80,106201,308655
f0:91:27:6b:7a:0a,1289,-28,674,157.70,82.46,86,106287,308741
f0:91:27:6b:7a:0a,1290,-30,675,157.57,82.45,76,106363,308817
f0:91:27:6b:7a:0a,1291,-33,676,157.46,82.45,82,106445,308899
f0:91:27:6b:7a:0a,1292,-28,677,157.34,82.44,73,106518,308972
f0:91:27:6b:7a:0a,1293,-26,678,157.22,82.44,77,106595,309049
f0:91:27:6b:7a:0a,1294,-30,679,157.11,82.44,81,106676,309130
f0:91:27:6b:7a:0a,1295,-32,680,157.00,82.44,82,106758,309212
f0:91:27:6b:7a:0a,1296,-28,681,156.89,82.44,82,106840,309294
f0:91:27:6b:7a:0a,1297,-30,682,156.77,82.44,79,106919,309373
f0:91:27:6b:7a:0a,1298,-28,683,156.67,82.44,87,107006,309460
f0:91:27:6b:7a:0a,1299,-28,684,156.55,82.43,72,107078,309532
f0:91:27:6b:7a:0a,1300,-34,685,156.45,82.44,88,107166,309620
f0:91:27:6b:7a:0a,1301,-34,686,156.32,82.43,72,107238,309692
f0:91:27:6b:7a:0a,1302,-33,687,156.21,82.42,76,107314,309768
f0:91:27:6b:7a:0a,1303,-30,688,156.10,82.42,82,107396,309850
f0:91:27:6b:7a:0a,1304,-33,689,156.00,82.43,87,107483,309937
f0:91:27:6b:7a:0a,1305,-28,690,155.89,82.42,79,107562,310016
f0:91:27:6b:7a:0a,1306,-30,691,155.77,82.42,77,107639,310093
f0:91:27:6b:7a:0a,1309,-28,692,155.89,82.41,237,107876,310330
f0:91:27:6b:7a:0a,1311,-34,693,155.89,82.41,158,108034,310488
f0:91:27:6b:7a:0a,1312,-28,694,155.78,82.40,78,108112,310566
f0:91:27:6b:7a:0a,1313,-30,695,155.67,82.40,78,108190,310644
f0:91:27:6b:7a:0a,1315,-28,696,155.67,82.39,156,108346,310800
f0:91:27:6b:7a:0a,1316,-28,697,155.56,82.39,76,108422,310876
f0:91:27:6b:7a:0a,1318,-34,698,155.56,82.38,160,108582,311036
f0:91:27:6b:7a:0a,1319,-26,699,155.44,82.37,68,108650,311104
f0:91:27:6b:7a:0a,1320,-27,700,155.34,82.38,88,108738,311192
f0:91:27:6b:7a:0a,1321,-30,701,155.23,82.37,75,108813,311267
f0:91:27:6b:7a:0a,1323,-28,702,155.22,82.36,154,108967,311421
f0:91:27:6b:7a:0a,1324,-28,703,155.12,82.36,82,109049,311503
f0:91:27:6b:7a:0a,1325,-30,704,155.01,82.36,75,109124,311578
f0:91:27:6b:7a:0a,1326,-27,705,154.89,82.35,75,109199,311653
f0:91:27:6b:7a:0a,1327,-31,706,154.79,82.35,82,109281,311735
f0:91:27:6b:7a:0a,1329,-28,707,154.79,82.34,153,109434,311888
f0:91:27:6b:7a:0a,1330,-30,708,154.67,82.34,72,109506,311960
f0:91:27:6b:7a:0a,1331,-34,709,154.57,82.34,85,109591,312045
f0:91:27:6b:7a:0a,1332,-28,710,154.46,82.33,73,109664,312118
f0:91:27:6b:7a:0a,1333,-27,711,154.35,82.33,81,109745,312199
f0:91:27:6b:7a:0a,1334,-34,712,154.23,82.32,70,109815,312269
f0:91:27:6b:7a:0a,1335,-28,713,154.14,82.32,85,109900,312354
f0:91:27:6b:7a:0a,1336,-30,714,154.03,82.32,79,109979,312433
f0:91:27:6b:7a:0a,1337,-28,715,153.94,82.32,86,110065,312519
f0:91:27:6b:7a:0a,1338,-27,716,153.83,82.32,79,110144,312598
f0:91:27:6b:7a:0a,1341,-30,717,153.95,82.32,241,110385,312839
f0:91:27:6b:7a:0a,1344,-30,718,154.06,82.31,233,110618,313072
f0:91:27:6b:7a:0a,1345,-33,719,153.97,82.31,85,110703,313157
f0:91:27:6b:7a:0a,1346,-30,720,153.88,82.31,88,110791,313245
f0:91:27:6b:7a:0a,1347,-33,721,153.77,82.31,77,110868,313322
f0:91:27:6b:7a:0a,1348,-33,722,153.66,82.30,78,110946,313400
f0:91:27:6b:7a:0a,1349,-28,723,153.56,82.30,78,111024,313478
f0:91:27:6b:7a:0a,1350,-30,724,153.46,82.30,78,111102,313556
f0:91:27:6b:7a:0a,1351,-34,725,153.35,82.29,78,111180,313634
f0:91:27:6b:7a:0a,1352,-33,726,153.25,82.29,78,111258,313712
f0:91:27:6b:7a:0a,1353,-28,727,153.15,82.29,80,111338,313792
f0:91:27:6b:7a:0a,1355,-30,728,153.15,82.28,157,111495,313949
f0:91:27:6b:7a:0a,1356,-33,729,153.05,82.28,81,111576,314030
f0:91:27:6b:7a:0a,1357,-28,730,152.94,82.27,71,111647,314101
f0:91:27:6b:7a:0a,1359,-33,731,152.96,82.28,165,111812,314266
f0:91:27:6b:7a:0a,1360,-28,732,152.85,82.27,72,111884,314338
f0:91:27:6b:7a:0a,1361,-30,733,152.75,82.27,80,111964,314418
f0:91:27:6b:7a:0a,1362,-33,734,152.65,82.27,84,112048,314502
f0:91:27:6b:7a:0a,1363,-28,735,152.55,82.26,75,112123,314577
f0:91:27:6b:7a:0a,1364,-28,736,152.45,82.26,78,112201,314655
f0:91:27:6b:7a:0a,1365,-30,737,152.34,82.25,77,112278,314732
f0:91:27:6b:7a:0a,1366,-34,738,152.24,82.25,77,112355,314809
f0:91:27:6b:7a:0a,1368,-26,739,152.25,82.25,159,112514,314968
f0:91:27:6b:7a:0a,1369,-28,740,152.15,82.24,79,112593,315047
f0:91:27:6b:7a:0a,1370,-30,741,152.06,82.24,81,112674,315128
f0:91:27:6b:7a:0a,1376,-32,742,152.50,82.23,479,113153,315607
f0:91:27:6b:7a:0a,1377,-33,743,152.41,82.23,84,113237,315691
f0:91:27:6b:7a:0a,1378,-26,744,152.31,82.23,82,113319,315773
f0:91:27:6b:7a:0a,1379,-28,745,152.22,82.24,84,113403,315857
f0:91:27:6b:7a:0a,1380,-28,746,152.12,82.23,78,113481,315935
f0:91:27:6b:7a:0a,1390,-28,747,153.01,82.23,814,114295,316749
f0:91:27:6b:7a:0a,1391,-30,748,152.89,82.22,70,114365,316819
f0:91:27:6b:7a:0a,1392,-33,749,152.80,82.22,85,114450,316904
f0:91:27:6b:7a:0a,1393,-28,750,152.71,82.22,81,114531,316985
f0:91:27:6b:7a:0a,1395,-30,751,152.72,82.22,163,114694,317148
f0:91:27:6b:7a:0a,1401,-34,752,153.14,82.20,464,115158,317612
f0:91:27:6b:7a:0a,1402,-32,753,153.04,82.19,79,115237,317691
f0:91:27:6b:7a:0a,1403,-30,754,152.96,82.20,92,115329,317783
f0:91:27:6b:7a:0a,1405,-28,755,152.95,82.19,152,115481,317935
f0:91:27:6b:7a:0a,1406,-28,756,152.86,82.19,78,115559,318013
f0:91:27:6b:7a:0a,1407,-28,757,152.76,82.19,80,115639,318093
f0:91:27:6b:7a:0a,1413,-30,758,153.17,82.17,464,116103,318557
f0:91:27:6b:7a:0a,1414,-34,759,153.07,82.16,76,116179,318633
f0:91:27:6b:7a:0a,1415,-34,760,152.97,82.16,81,116260,318714
f0:91:27:6b:7a:0a,1416,-26,761,152.88,82.16,81,116341,318795
f0:91:27:6b:7a:0a,1420,-28,762,153.09,82.15,312,116653,319107
f0:91:27:6b:7a:0a,1422,-30,763,153.09,82.14,153,116806,319260
f0:91:27:6b:7a:0a,1423,-34,764,153.00,82.14,84,116890,319344
f0:91:27:6b:7a:0a,1424,-30,765,152.90,82.14,78,116968,319422
f0:91:27:6b:7a:0a,1425,-30,766,152.81,82.14,81,117049,319503
f0:91:27:6b:7a:0a,1426,-33,767,152.70,82.13,73,117122,319576
f0:91:27:6b:7a:0a,1427,-28,768,152.61,82.13,83,117205,319659
f0:91:27:6b:7a:0a,1428,-30,769,152.53,82.14,90,117295,319749
f0:91:27:6b:7a:0a,1429,-34,770,152.42,82.13,72,117367,319821
f0:91:27:6b:7a:0a,1430,-28,771,152.33,82.13,77,117444,319898
f0:91:27:6b:7a:0a,1431,-31,772,152.24,82.13,88,117532,319986
f0:91:27:6b:7a:0a,1434,-34,773,152.36,82.13,239,117771,320225
f0:91:27:6b:7a:0a,1435,-28,774,152.26,82.12,77,117848,320302
f0:91:27:6b:7a:0a,1436,-30,775,152.16,82.12,78,117926,320380
f0:91:27:6b:7a:0a,1439,-29,776,152.27,82.11,234,118160,320614
f0:91:27:6b:7a:0a,1442,-26,777,152.38,82.11,239,118399,320853
f0:91:27:6b:7a:0a,1443,-27,778,152.29,82.11,85,118484,320938
f0:91:27:6b:7a:0a,1444,-30,779,152.20,82.11,77,118561,321015
f0:91:27:6b:7a:0a,1448,-26,780,152.42,82.10,323,118884,321338
f0:91:27:6b:7a:0a,1449,-30,781,152.32,82.10,79,118963,321417
f0:91:27:6b:7a:0a,1452,-29,782,152.42,82.09,229,119192,321646
f0:91:27:6b:7a:0a,1453,-26,783,152.32,82.09,78,119270,321724
f0:91:27:6b:7a:0a,1455,-33,784,152.33,82.08,156,119426,321880
f0:91:27:6b:7a:0a,1456,-31,785,152.23,82.08,77,119503,321957
f0:91:27:6b:7a:0a,1458,-30,786,152.24,82.07,157,119660,322114
f0:91:27:6b:7a:0a,1459,-26,787,152.15,82.07,85,119745,322199
f0:91:27:6b:7a:0a,1460,-30,788,152.06,82.07,79,119824,322278
f0:91:27:6b:7a:0a,1464,-33,789,152.26,82.06,312,120136,322590
f0:91:27:6b:7a:0a,1552,-32,790,161.87,82.40,7744,127880,330334
f0:91:27:6b:7a:0a,1571,-34,791,163.94,82.54,1793,129673,332127
f0:91:27:6b:7a:0a,1572,-30,792,163.85,82.55,97,129770,332224
f0:91:27:6b:7a:0a,1574,-30,793,163.86,82.56,174,129944,332398
f0:91:27:6b:7a:0a,1575,-30,794,163.77,82.56,86,130030,332484
f0:91:27:6b:7a:0a,1576,-28,795,163.69,82.57,100,130130,332584
f0:91:27:6b:7a:0a,1577,-34,796,163.60,82.58,99,130229,332683
f0:91:27:6b:7a:0a,1578,-30,797,163.52,82.59,93,130322,332776
f0:91:27:6b:7a:0a,1580,-32,798,163.54,82.60,183,130505,332959
f0:91:27:6b:7a:0a,1581,-28,799,163.45,82.60,91,130596,333050
f0:91:27:6b:7a:0a,1582,-32,800,163.35,82.60,85,130681,333135
f0:91:27:6b:7a:0a,1583,-30,801,163.26,82.61,90,130771,333225
f0:91:27:6b:7a:0a,1585,-30,802,163.28,82.62,178,130949,333403
f0:91:27:6b:7a:0a,1586,-28,803,163.18,82.62,88,131037,333491
f0:91:27:6b:7a:0a,1587,-28,804,163.08,82.62,82,131119,333573
f0:91:27:6b:7a:0a,1588,-28,805,163.00,82.63,95,131214,333668
f0:91:27:6b:7a:0a,1589,-34,806,162.92,82.64,97,131311,333765
f0:91:27:6b:7a:0a,1590,-26,807,162.83,82.64,91,131402,333856
f0:91:27:6b:7a:0a,1594,-30,808,163.09,82.67,378,131780,334234
f0:91:27:6b:7a:0a,1595,-28,809,163.01,82.68,96,131876,334330
f0:91:27:6b:7a:0a,1597,-30,810,163.03,82.69,176,132052,334506
f0:91:27:6b:7a:0a,1598,-28,811,162.95,82.70,98,132150,334604
f0:91:27:6b:7a:0a,1599,-30,812,162.86,82.70,90,132240,334694
f0:91:27:6b:7a:0a,1600,-28,813,162.77,82.71,89,132329,334783
f0:91:27:6b:7a:0a,1603,-30,814,162.91,82.73,283,132612,335066
f0:91:27:6b:7a:0a,1604,-28,815,162.83,82.74,98,132710,335164
f0:91:27:6b:7a:0a,1614,-30,816,163.75,82.79,907,133617,336071
f0:91:27:6b:7a:0a,1615,-28,817,163.65,82.79,86,133703,336157
f0:91:27:6b:7a:0a,1641,-30,818,166.19,82.84,2237,135940,338394
f0:91:27:6b:7a:0a,1642,-34,819,166.08,82.84,83,136023,338477
f0:91:27:6b:7a:0a,1643,-28,820,165.98,82.84,78,136101,338555
f0:91:27:6b:7a:0a,1644,-30,821,165.88,82.84,88,136189,338643
f0:91:27:6b:7a:0a,1673,-33,822,168.63,82.85,2421,138610,341064
f0:91:27:6b:7a:0a,1680,-26,823,169.15,82.86,601,139211,341665
f0:91:27:6b:7a:0a,1684,-34,824,169.34,82.86,325,139536,341990
f0:91:27:6b:7a:0a,1686,-28,825,169.35,82.87,180,139716,342170
f0:91:27:6b:7a:0a,1688,-32,826,169.33,82.86,152,139868,342322
f0:91:27:6b:7a:0a,1689,-26,827,169.23,82.86,82,139950,342404
f0:91:27:6b:7a:0a,1706,-31,828,170.69,82.85,1385,141335,343789
f0:91:27:6b:7a:0a,1707,-25,829,170.58,82.84,75,141410,343864
f0:91:27:6b:7a:0a,1708,-33,830,170.47,82.84,84,141494,343948
f0:91:27:6b:7a:0a,1709,-28,831,170.37,82.84,84,141578,344032
f0:91:27:6b:7a:0a,1710,-30,832,170.26,82.84,79,141657,344111
f0:91:27:6b:7a:0a,1720,-28,833,171.00,82.82,790,142447,344901
f0:91:27:6b:7a:0a,1724,-29,834,171.19,82.81,324,142771,345225
f0:91:27:6b:7a:0a,1734,-28,835,171.94,82.80,798,143569,346023
f0:91:27:6b:7a:0a,1739,-34,836,172.22,82.79,408,143977,346431
f0:91:27:6b:7a:0a,1740,-28,837,172.11,82.79,79,144056,346510
f0:91:27:6b:7a:0a,1744,-33,838,172.29,82.79,323,144379,346833
f0:91:27:6b:7a:0a,1745,-28,839,172.18,82.78,77,144456,346910
f0:91:27:6b:7a:0a,1746,-28,840,172.07,82.78,80,144536,346990
f0:91:27:6b:7a:0a,1747,-31,841,171.96,82.78,85,144621,347075
f0:91:27:6b:7a:0a,1748,-25,842,171.85,82.78,78,144699,347153
f0:91:27:6b:7a:0a,1763,-34,843,173.05,82.74,1178,145877,348331
f0:91:27:6b:7a:0a,1797,-26,844,176.07,82.70,2727,148604,351058
f0:91:27:6b:7a:0a,1800,-29,845,176.15,82.69,244,148848,351302
f0:91:27:6b:7a:0a,1801,-30,846,176.04,82.69,83,148931,351385
f0:91:27:6b:7a:0a,1808,-34,847,176.50,82.69,565,149496,351950
f0:91:27:6b:7a:0a,1820,-26,848,177.40,82.66,940,150436,352890
f0:91:27:6b:7a:0a,1821,-30,849,177.28,82.65,71,150507,352961
f0:91:27:6b:7a:0a,1831,-31,850,178.01,82.64,800,151307,353761
f0:91:27:6b:7a:0a,1832,-32,851,177.90,82.64,84,151391,353845
f0:91:27:6b:7a:0a,1833,-26,852,177.78,82.63,78,151469,353923
f0:91:27:6b:7a:0a,1839,-32,853,178.13,82.62,474,151943,354397
f0:91:27:6b:7a:0a,1840,-29,854,178.01,82.62,80,152023,354477
f0:91:27:6b:7a:0a,1848,-30,855,178.55,82.61,641,152664,355118
f0:91:27:6b:7a:0a,1849,-33,856,178.44,82.61,79,152743,355197
f0:91:27:6b:7a:0a,1853,-32,857,178.59,82.60,310,153053,355507
f0:91:27:6b:7a:0a,1861,-28,858,179.14,82.59,652,153705,356159
f0:91:27:6b:7a:0a,1862,-28,859,179.02,82.59,73,153778,356232
f0:91:27:6b:7a:0a,1863,-30,860,178.91,82.59,82,153860,356314
f0:91:27:6b:7a:0a,1864,-34,861,178.78,82.58,71,153931,356385
f0:91:27:6b:7a:0a,1865,-33,862,178.67,82.58,85,154016,356470
f0:91:27:6b:7a:0a,1866,-29,863,178.56,82.58,83,154099,356553
f0:91:27:6b:7a:0a,1868,-30,864,178.54,82.58,159,154258,356712
f0:91:27:6b:7a:0a,1879,-30,865,179.34,82.56,875,155133,357587
f0:91:27:6b:7a:0a,1887,-28,866,179.87,82.55,635,155768,358222
f0:91:27:6b:7a:0a,1889,-30,867,179.85,82.54,158,155926,358380
f0:91:27:6b:7a:0a,1891,-33,868,179.81,82.54,153,156079,358533
f0:91:27:6b:7a:0a,1892,-29,869,179.69,82.53,74,156153,358607
f0:91:27:6b:7a:0a,1893,-29,870,179.58,82.53,84,156237,358691
f0:91:27:6b:7a:0a,1894,-29,871,179.47,82.53,78,156315,358769
f0:91:27:6b:7a:0a,1898,-28,872,179.63,82.53,320,156635,359089
f0:91:27:6b:7a:0a,1912,-29,873,180.70,82.50,1112,157747,360201
f0:91:27:6b:7a:0a,1913,-28,874,180.58,82.50,76,157823,360277
f0:91:27:6b:7a:0a,1923,-29,875,181.28,82.49,799,158622,361076
f0:91:27:6b:7a:0a,1924,-31,876,181.16,82.48,73,158695,361149
f0:91:27:6b:7a:0a,1925,-34,877,181.05,82.48,83,158778,361232
f0:91:27:6b:7a:0a,1926,-31,878,180.95,82.49,92,158870,361324
f0:91:27:6b:7a:0a,1928,-32,879,180.91,82.48,152,159022,361476
f0:91:27:6b:7a:0a,1929,-29,880,180.80,82.48,79,159101,361555
f0:91:27:6b:7a:0a,1932,-28,881,180.86,82.47,238,159339,361793
f0:91:27:6b:7a:0a,1933,-28,882,180.75,82.47,81,159420,361874
f0:91:27:6b:7a:0a,1934,-30,883,180.63,82.47,80,159500,361954
f0:91:27:6b:7a:0a,1936,-28,884,180.61,82.47,156,159656,362110
f0:91:27:6b:7a:0a,1937,-30,885,180.50,82.47,87,159743,362197
f0:91:27:6b:7a:0a,1938,-30,886,180.38,82.46,72,159815,362269
f0:91:27:6b:7a:0a,1941,-28,887,180.45,82.46,243,160058,362512
f0:91:27:6b:7a:0a,1943,-26,888,180.44,82.46,170,160228,362682
f0:91:27:6b:7a:0a,1944,-30,889,180.32,82.46,78,160306,362760
f0:91:27:6b:7a:0a,1949,-33,890,180.56,82.45,395,160701,363155
f0:91:27:6b:7a:0a,1955,-28,891,180.89,82.44,475,161176,363630
f0:91:27:6b:7a:0a,1958,-31,892,180.95,82.44,235,161411,363865
f0:91:27:6b:7a:0a,1960,-29,893,180.94,82.44,168,161579,364033
f0:91:27:6b:7a:0a,1964,-31,894,181.09,82.43,311,161890,364344
f0:91:27:6b:7a:0a,1965,-32,895,180.97,82.43,79,161969,364423
f0:91:27:6b:7a:0a,1966,-32,896,180.86,82.43,79,162048,364502
f0:91:27:6b:7a:0a,1967,-26,897,180.74,82.42,79,162127,364581
f0:91:27:6b:7a:0a,1968,-28,898,180.63,82.42,78,162205,364659
f0:91:27:6b:7a:0a,1970,-34,899,180.60,82.41,151,162356,364810
f0:91:27:6b:7a:0a,1971,-26,900,180.49,82.41,81,162437,364891
f0:91:27:6b:7a:0a,1972,-30,901,180.37,82.41,78,162515,364969
f0:91:27:6b:7a:0a,1973,-28,902,180.26,82.41,80,162595,365049
f0:91:27:6b:7a:0a,1975,-26,903,180.23,82.41,157,162752,365206
f0:91:27:6b:7a:0a,1976,-30,904,180.12,82.40,78,162830,365284
f0:91:27:6b:7a:0a,1977,-30,905,180.00,82.40,74,162904,365358
f0:91:27:6b:7a:0a,1978,-31,906,179.89,82.40,80,162984,365438
f0:91:27:6b:7a:0a,1979,-34,907,179.78,82.40,77,163061,365515
f0:91:27:6b:7a:0a,1980,-26,908,179.67,82.39,77,163138,365592
f0:91:27:6b:7a:0a,1981,-31,909,179.55,82.39,76,163214,365668
f0:91:27:6b:7a:0a,1982,-34,910,179.45,82.39,90,163304,365758
f0:91:27:6b:7a:0a,1983,-29,911,179.34,82.39,72,163376,365830
f0:91:27:6b:7a:0a,1984,-31,912,179.23,82.39,79,163455,365909
f0:91:27:6b:7a:0a,1985,-32,913,179.11,82.38,76,163531,365985
f0:91:27:6b:7a:0a,1986,-29,914,179.01,82.38,85,163616,366070
f0:91:27:6b:7a:0a,1988,-31,915,178.98,82.38,150,163766,366220
f0:91:27:6b:7a:0a,1989,-34,916,178.87,82.38,82,163848,366302
f0:91:27:6b:7a:0a,1990,-29,917,178.76,82.37,76,163924,366378
f0:91:27:6b:7a:0a,1991,-28,918,178.66,82.37,84,164008,366462
f0:91:27:6b:7a:0a,1992,-28,919,178.55,82.37,77,164085,366539
f0:91:27:6b:7a:0a,1993,-30,920,178.44,82.37,81,164166,366620
f0:91:27:6b:7a:0a,1994,-32,921,178.33,82.37,74,164240,366694
f0:91:27:6b:7a:0a,1996,-30,922,178.31,82.36,158,164398,366852
f0:91:27:6b:7a:0a,2002,-28,923,178.62,82.35,470,164868,367322
f0:91:27:6b:7a:0a,2007,-33,924,178.87,82.35,404,165272,367726
f0:91:27:6b:7a:0a,2020,-33,925,179.78,82.32,1020,166292,368746
f0:91:27:6b:7a:0a,2022,-28,926,179.76,82.32,165,166457,368911
f0:91:27:6b:7a:0a,2024,-33,927,179.73,82.32,149,166606,369060
f0:91:27:6b:7a:0a,2025,-26,928,179.62,82.32,83,166689,369143
f0:91:27:6b:7a:0a,2026,-30,929,179.50,82.31,71,166760,369214
f0:91:27:6b:7a:0a,2027,-31,930,179.40,82.31,84,166844,369298
f0:91:27:6b:7a:0a,2028,-28,931,179.29,82.31,78,166922,369376
f0:91:27:6b:7a:0a,2029,-30,932,179.19,82.31,85,167007,369461
f0:91:27:6b:7a:0a,2031,-33,933,179.17,82.31,157,167164,369618
f0:91:27:6b:7a:0a,2032,-28,934,179.06,82.30,74,167238,369692
f0:91:27:6b:7a:0a,2033,-30,935,178.96,82.30,87,167325,369779
f0:91:27:6b:7a:0a,2034,-33,936,178.85,82.30,78,167403,369857
f0:91:27:6b:7a:0a,2036,-28,937,178.83,82.30,157,167560,370014
f0:91:27:6b:7a:0a,2037,-31,938,178.72,82.30,79,167639,370093
f0:91:27:6b:7a:0a,2038,-34,939,178.61,82.29,76,167715,370169
f0:91:27:6b:7a:0a,2039,-28,940,178.51,82.29,80,167795,370249
f0:91:27:6b:7a:0a,2040,-30,941,178.39,82.29,74,167869,370323
f0:91:27:6b:7a:0a,2041,-34,942,178.29,82.29,79,167948,370402
f0:91:27:6b:7a:0a,2042,-31,943,178.18,82.28,72,168020,370474
f0:91:27:6b:7a:0a,2043,-28,944,178.07,82.28,79,168099,370553
f0:91:27:6b:7a:0a,2044,-34,945,177.98,82.28,90,168189,370643
f0:91:27:6b:7a:0a,2045,-28,946,177.87,82.28,77,168266,370720
f0:91:27:6b:7a:0a,2046,-30,947,177.76,82.28,76,168342,370796
f0:91:27:6b:7a:0a,2053,-28,948,178.16,82.27,552,168894,371348
f0:91:27:6b:7a:0a,2055,-28,949,178.14,82.26,157,169051,371505
f0:91:27:6b:7a:0a,2058,-30,950,178.20,82.26,242,169293,371747
f0:91:27:6b:7a:0a,2059,-33,951,178.09,82.26,75,169368,371822
f0:91:27:6b:7a:0a,2060,-28,952,178.00,82.26,88,169456,371910
f0:91:27:6b:7a:0a,2061,-28,953,177.90,82.26,79,169535,371989
f0:91:27:6b:7a:0a,2062,-28,954,177.79,82.26,75,169610,372064
f0:91:27:6b:7a:0a,2066,-31,955,177.94,82.25,325,169935,372389
f0:91:27:6b:7a:0a,2068,-30,956,177.92,82.25,153,170088,372542
f0:91:27:6b:7a:0a,2070,-34,957,177.89,82.24,157,170245,372699
f0:91:27:6b:7a:0a,2073,-34,958,177.96,82.24,241,170486,372940
f0:91:27:6b:7a:0a,2074,-28,959,177.85,82.24,73,170559,373013
f0:91:27:6b:7a:0a,2075,-27,960,177.75,82.24,80,170639,373093
f0:91:27:6b:7a:0a,2079,-27,961,177.89,82.23,315,170954,373408
f0:91:27:6b:7a:0a,2083,-30,962,178.04,82.22,318,171272,373726
f0:91:27:6b:7a:0a,2084,-34,963,177.93,82.22,79,171351,373805
f0:91:27:6b:7a:0a,2085,-28,964,177.83,82.22,75,171426,373880
f0:91:27:6b:7a:0a,2088,-28,965,177.90,82.22,250,171676,374130
f0:91:27:6b:7a:0a,2106,-30,966,179.19,82.19,1420,173096,375550
f0:91:27:6b:7a:0a,2112,-34,967,179.49,82.18,469,173565,376019
f0:91:27:6b:7a:0a,2116,-34,968,179.63,82.18,320,173885,376339
f0:91:27:6b:7a:0a,2117,-26,969,179.52,82.17,72,173957,376411
f0:91:27:6b:7a:0a,2118,-28,970,179.42,82.17,79,174036,376490
f0:91:27:6b:7a:0a,2119,-30,971,179.31,82.17,77,174113,376567
f0:91:27:6b:7a:0a,2120,-33,972,179.21,82.16,75,174188,376642
f0:91:27:6b:7a:0a,2123,-31,973,179.26,82.16,234,174422,376876
f0:91:27:6b:7a:0a,2125,-30,974,179.25,82.16,166,174588,377042
f0:91:27:6b:7a:0a,2127,-28,975,179.24,82.16,167,174755,377209
f0:91:27:6b:7a:0a,2134,-30,976,179.63,82.15,563,175318,377772
f0:91:27:6b:7a:0a,2144,-30,977,180.27,82.15,805,176123,378577
f0:91:27:6b:7a:0a,2148,-33,978,180.41,82.14,320,176443,378897
f0:91:27:6b:7a:0a,2149,-28,979,180.31,82.14,80,176523,378977
f0:91:27:6b:7a:0a,2151,-30,980,180.28,82.14,154,176677,379131
f0:91:27:6b:7a:0a,2155,-28,981,180.43,82.14,327,177004,379458
f0:91:27:6b:7a:0a,2156,-28,982,180.32,82.13,75,177079,379533
f0:91:27:6b:7a:0a,2158,-34,983,180.30,82.13,157,177236,379690
f0:91:27:6b:7a:0a,2161,-28,984,180.35,82.12,231,177467,379921
f0:91:27:6b:7a:0a,2162,-33,985,180.24,82.12,74,177541,379995
f0:91:27:6b:7a:0a,2164,-30,986,180.22,82.12,158,177699,380153
f0:91:27:6b:7a:0a,2165,-27,987,180.12,82.11,79,177778,380232
f0:91:27:6b:7a:0a,2175,-30,988,180.75,82.11,806,178584,381038
f0:91:27:6b:7a:0a,2178,-30,989,180.81,82.10,238,178822,381276
f0:91:27:6b:7a:0a,2194,-33,990,181.90,82.08,1256,180078,382532
f0:91:27:6b:7a:0a,2195,-26,991,181.80,82.08,81,180159,382613
f0:91:27:6b:7a:0a,2196,-30,992,181.70,82.08,86,180245,382699
f0:91:27:6b:7a:0a,2199,-30,993,181.76,82.08,244,180489,382943
f0:91:27:6b:7a:0a,2228,-30,994,184.23,82.19,2633,183122,385576
f0:91:27:6b:7a:0a,2229,-28,995,184.13,82.20,91,183213,385667
f0:91:27:6b:7a:0a,2230,-33,996,184.04,82.20,91,183304,385758
f0:91:27:6b:7a:0a,2232,-30,997,184.04,82.21,185,183489,385943
f0:91:27:6b:7a:0a,2233,-26,998,183.95,82.21,97,183586,386040
f0:91:27:6b:7a:0a,2234,-30,999,183.86,82.22,87,183673,386127
f0:91:27:6b:7a:0a,2235,-30,1000,183.77,82.22,98,183771,386225
f0:91:27:6b:7a:0a,2236,-28,1001,183.69,82.23,99,183870,386324
f0:91:27:6b:7a:0a,2238,-27,1002,183.68,82.24,181,184051,386505
f0:91:27:6b:7a:0a,2239,-28,1003,183.60,82.24,95,184146,386600
f0:91:27:6b:7a:0a,2244,-33,1004,183.87,82.27,460,184606,387060
f0:91:27:6b:7a:0a,2245,-30,1005,183.78,82.27,94,184700,387154
f0:91:27:6b:7a:0a,2246,-33,1006,183.69,82.27,88,184788,387242
f0:91:27:6b:7a:0a,2249,-28,1007,183.80,82.30,295,185083,387537
f0:91:27:6b:7a:0a,2250,-33,1008,183.70,82.30,86,185169,387623
f0:91:27:6b:7a:0a,2252,-28,1009,183.70,82.31,183,185352,387806
f0:91:27:6b:7a:0a,2253,-33,1010,183.61,82.31,94,185446,387900
f0:91:27:6b:7a:0a,2259,-31,1011,183.97,82.34,549,185995,388449
f0:91:27:6b:7a:0a,2262,-27,1012,184.09,82.36,304,186299,388753
f0:91:27:6b:7a:0a,2263,-28,1013,184.00,82.36,88,186387,388841
f0:91:27:6b:7a:0a,2264,-28,1014,183.91,82.37,98,186485,388939
f0:91:27:6b:7a:0a,2266,-27,1015,183.92,82.38,189,186674,389128
f0:91:27:6b:7a:0a,2267,-25,1016,183.82,82.38,91,186765,389219
f0:91:27:6b:7a:0a,2268,-33,1017,183.74,82.39,96,186861,389315
f0:91:27:6b:7a:0a,2269,-33,1018,183.65,82.40,98,186959,389413
f0:91:27:6b:7a:0a,2270,-33,1019,183.57,82.40,99,187058,389512
f0:91:27:6b:7a:0a,2271,-27,1020,183.48,82.41,93,187151,389605
f0:91:27:6b:7a:0a,2272,-28,1021,183.38,82.41,85,187236,389690
f0:91:27:6b:7a:0a,2275,-30,1022,183.49,82.43,291,187527,389981
f0:91:27:6b:7a:0a,2284,-30,1023,184.15,82.48,858,188385,390839
f0:91:27:6b:7a:0a,2285,-28,1024,184.05,82.48,87,188472,390926
f0:91:27:6b:7a:0a,2286,-28,1025,183.98,82.49,110,188582,391036
f0:91:27:6b:7a:0a,2287,-33,1026,183.89,82.50,90,188672,391126
f0:91:27:6b:7a:0a,2288,-30,1027,183.80,82.50,93,188765,391219
f0:91:27:6b:7a:0a,2290,-28,1028,183.80,82.51,185,188950,391404
f0:91:27:6b:7a:0a,2295,-33,1029,184.08,82.54,469,189419,391873
f0:91:27:6b:7a:0a,2296,-27,1030,184.00,82.54,99,189518,391972
f0:91:27:6b:7a:0a,2297,-30,1031,183.91,82.55,92,189610,392064
f0:91:27:6b:7a:0a,2299,-27,1032,183.91,82.55,180,189790,392244
f0:91:27:6b:7a:0a,2301,-33,1033,183.90,82.56,181,189971,392425
f0:91:27:6b:7a:0a,2307,-31,1034,184.26,82.59,555,190526,392980
f0:91:27:6b:7a:0a,2311,-27,1035,184.43,82.60,362,190888,393342
f0:91:27:6b:7a:0a,2313,-33,1036,184.43,82.61,182,191070,393524
f0:91:27:6b:7a:0a,2315,-30,1037,184.44,82.62,192,191262,393716
f0:91:27:6b:7a:0a,2316,-25,1038,184.35,82.62,95,191357,393811
f0:91:27:6b:7a:0a,2318,-30,1039,184.35,82.63,186,191543,393997
f0:91:27:6b:7a:0a,2320,-30,1040,184.34,82.64,175,191718,394172
f0:91:27:6b:7a:0a,2321,-27,1041,184.26,82.64,96,191814,394268
f0:91:27:6b:7a:0a,2322,-28,1042,184.17,82.65,91,191905,394359
f0:91:27:6b:7a:0a,2323,-33,1043,184.08,82.65,93,191998,394452
f0:91:27:6b:7a:0a,2324,-28,1044,183.99,82.65,91,192089,394543
f0:91:27:6b:7a:0a,2326,-30,1045,183.98,82.66,175,192264,394718
f0:91:27:6b:7a:0a,2328,-30,1046,183.98,82.66,176,192440,394894
f0:91:27:6b:7a:0a,2331,-28,1047,184.06,82.67,274,192714,395168
f0:91:27:6b:7a:0a,2332,-33,1048,183.97,82.68,88,192802,395256
f0:91:27:6b:7a:0a,2334,-33,1049,183.96,82.68,168,192970,395424
f0:91:27:6b:7a:0a,2335,-30,1050,183.87,82.68,92,193062,395516
f0:91:27:6b:7a:0a,2347,-28,1051,184.67,82.70,1031,194093,396547
f0:91:27:6b:7a:0a,2348,-25,1052,184.57,82.70,78,194171,396625
f0:91:27:6b:7a:0a,2357,-28,1053,185.11,82.70,751,194922,397376
f0:91:27:6b:7a:0a,2367,-30,1054,185.75,82.71,856,195778,398232
f0:91:27:6b:7a:0a,2368,-31,1055,185.65,82.71,85,195863,398317
f0:91:27:6b:7a:0a,2369,-27,1056,185.56,82.71,88,195951,398405
f0:91:27:6b:7a:0a,2371,-33,1057,185.55,82.72,176,196127,398581
f0:91:27:6b:7a:0a,2372,-27,1058,185.45,82.72,84,196211,398665
f0:91:27:6b:7a:0a,2376,-30,1059,185.61,82.73,345,196556,399010
f0:91:27:6b:7a:0a,2397,-28,1060,187.08,82.73,1744,198300,400754
f0:91:27:6b:7a:0a,2407,-30,1061,187.67,82.72,813,199113,401567
f0:91:27:6b:7a:0a,2409,-30,1062,187.65,82.72,169,199282,401736
f0:91:27:6b:7a:0a,2410,-33,1063,187.55,82.72,84,199366,401820
f0:91:27:6b:7a:0a,2413,-27,1064,187.59,82.72,229,199595,402049
f0:91:27:6b:7a:0a,2416,-28,1065,187.64,82.71,242,199837,402291
f0:91:27:6b:7a:0a,2419,-28,1066,187.68,82.71,230,200067,402521
f0:91:27:6b:7a:0a,2422,-33,1067,187.73,82.70,240,200307,402761
f0:91:27:6b:7a:0a,2429,-30,1068,188.10,82.70,580,200887,403341
f0:91:27:6b:7a:0a,2430,-33,1069,188.00,82.70,83,200970,403424
f0:91:27:6b:7a:0a,2434,-28,1070,188.13,82.70,324,201294,403748
f0:91:27:6b:7a:0a,2437,-27,1071,188.18,82.70,250,201544,403998
f0:91:27:6b:7a:0a,2446,-28,1072,188.69,82.70,735,202279,404733
f0:91:27:6b:7a:0a,2447,-30,1073,188.60,82.70,92,202371,404825
f0:91:27:6b:7a:0a,2448,-31,1074,188.49,82.70,72,202443,404897
f0:91:27:6b:7a:0a,2450,-28,1075,188.47,82.70,162,202605,405059
f0:91:27:6b:7a:0a,2453,-30,1076,188.52,82.69,241,202846,405300
f0:91:27:6b:7a:0a,2454,-33,1077,188.42,82.69,82,202928,405382
f0:91:27:6b:7a:0a,2483,-28,1078,190.44,82.68,2361,205289,407743
f0:91:27:6b:7a:0a,2485,-33,1079,190.41,82.68,162,205451,407905
f0:91:27:6b:7a:0a,2493,-28,1080,190.82,82.67,636,206087,408541
f0:91:27:6b:7a:0a,2494,-28,1081,190.72,82.67,84,206171,408625
f0:91:27:6b:7a:0a,2495,-30,1082,190.62,82.66,77,206248,408702
f0:91:27:6b:7a:0a,2496,-31,1083,190.52,82.66,80,206328,408782
f0:91:27:6b:7a:0a,2497,-25,1084,190.41,82.66,76,206404,408858
f0:91:27:6b:7a:0a,2498,-30,1085,190.31,82.66,81,206485,408939
f0:91:27:6b:7a:0a,2499,-27,1086,190.20,82.66,77,206562,409016
f0:91:27:6b:7a:0a,2500,-25,1087,190.11,82.66,86,206648,409102
f0:91:27:6b:7a:0a,2502,-33,1088,190.08,82.66,156,206804,409258
f0:91:27:6b:7a:0a,2503,-28,1089,189.97,82.65,72,206876,409330
f0:91:27:6b:7a:0a,2504,-30,1090,189.87,82.65,83,206959,409413
f0:91:27:6b:7a:0a,2506,-33,1091,189.84,82.65,156,207115,409569
f0:91:27:6b:7a:0a,2508,-28,1092,189.80,82.64,149,207264,409718
f0:91:27:6b:7a:0a,2509,-27,1093,189.70,82.64,79,207343,409797
f0:91:27:6b:7a:0a,2510,-33,1094,189.60,82.64,78,207421,409875
f0:91:27:6b:7a:0a,2512,-30,1095,189.57,82.64,161,207582,410036
f0:91:27:6b:7a:0a,2513,-33,1096,189.47,82.63,76,207658,410112
f0:91:27:6b:7a:0a,2514,-28,1097,189.37,82.63,82,207740,410194
f0:91:27:6b:7a:0a,2515,-30,1098,189.27,82.63,78,207818,410272
f0:91:27:6b:7a:0a,2517,-33,1099,189.24,82.63,161,207979,410433
f0:91:27:6b:7a:0a,2518,-28,1100,189.14,82.63,78,208057,410511
f0:91:27:6b:7a:0a,2520,-25,1101,189.12,82.63,163,208220,410674
f0:91:27:6b:7a:0a,2521,-27,1102,189.02,82.62,75,208295,410749
f0:91:27:6b:7a:0a,2523,-28,1103,188.99,82.62,166,208461,410915
f0:91:27:6b:7a:0a,2524,-27,1104,188.90,82.62,82,208543,410997
f0:91:27:6b:7a:0a,2525,-33,1105,188.80,82.62,80,208623,411077
f0:91:27:6b:7a:0a,2534,-33,1106,189.27,82.61,710,209333,411787
f0:91:27:6b:7a:0a,2539,-30,1107,189.47,82.61,413,209746,412200
f0:91:27:6b:7a:0a,2540,-33,1108,189.38,82.61,82,209828,412282
f0:91:27:6b:7a:0a,2541,-28,1109,189.28,82.61,84,209912,412366
f0:91:27:6b:7a:0a,2544,-33,1110,189.34,82.61,255,210167,412621
f0:91:27:6b:7a:0a,2548,-33,1111,189.46,82.61,321,210488,412942
f0:91:27:6b:7a:0a,2550,-27,1112,189.43,82.61,157,210645,413099
f0:91:27:6b:7a:0a,2551,-31,1113,189.33,82.60,80,210725,413179
f0:91:27:6b:7a:0a,2553,-25,1114,189.30,82.60,156,210881,413335
f0:91:27:6b:7a:0a,2554,-30,1115,189.20,82.60,73,210954,413408
f0:91:27:6b:7a:0a,2555,-33,1116,189.10,82.60,87,211041,413495
f0:91:27:6b:7a:0a,2556,-30,1117,189.01,82.60,86,211127,413581
f0:91:27:6b:7a:0a,2557,-33,1118,188.91,82.60,73,211200,413654
f0:91:27:6b:7a:0a,2559,-26,1119,188.88,82.59,158,211358,413812
f0:91:27:6b:7a:0a,2560,-30,1120,188.79,82.59,82,211440,413894
f0:91:27:6b:7a:0a,2561,-31,1121,188.69,82.59,79,211519,413973
f0:91:27:6b:7a:0a,2562,-33,1122,188.59,82.59,75,211594,414048
f0:91:27:6b:7a:0a,2563,-28,1123,188.50,82.59,88,211682,414136
f0:91:27:6b:7a:0a,2564,-27,1124,188.41,82.59,86,211768,414222
f0:91:27:6b:7a:0a,2565,-33,1125,188.31,82.59,76,211844,414298
f0:91:27:6b:7a:0a,2566,-28,1126,188.20,82.59,74,211918,414372
f0:91:27:6b:7a:0a,2568,-33,1127,188.19,82.59,168,212086,414540
f0:91:27:6b:7a:0a,2569,-33,1128,188.09,82.59,76,212162,414616
f0:91:27:6b:7a:0a,2581,-31,1129,188.76,82.57,949,213111,415565
f0:91:27:6b:7a:0a,2583,-30,1130,188.74,82.57,164,213275,415729
f0:91:27:6b:7a:0a,2585,-28,1131,188.71,82.57,159,213434,415888
f0:91:27:6b:7a:0a,2586,-30,1132,188.62,82.56,79,213513,415967
f0:91:27:6b:7a:0a,2590,-33,1133,188.74,82.56,327,213840,416294
f0:91:27:6b:7a:0a,2591,-28,1134,188.64,82.56,81,213921,416375
f0:91:27:6b:7a:0a,2594,-28,1135,188.68,82.56,234,214155,416609
f0:91:27:6b:7a:0a,2595,-30,1136,188.58,82.55,74,214229,416683
f0:91:27:6b:7a:0a,2596,-33,1137,188.49,82.56,86,214315,416769
f0:91:27:6b:7a:0a,2597,-28,1138,188.39,82.55,74,214389,416843
f0:91:27:6b:7a:0a,2599,-30,1139,188.36,82.55,155,214544,416998
f0:91:27:6b:7a:0a,2601,-33,1140,188.33,82.54,153,214697,417151
f0:91:27:6b:7a:0a,2603,-30,1141,188.30,82.54,156,214853,417307
f0:91:27:6b:7a:0a,2607,-33,1142,188.42,82.54,323,215176,417630
f0:91:27:6b:7a:0a,2608,-28,1143,188.33,82.54,81,215257,417711
f0:91:27:6b:7a:0a,2609,-30,1144,188.23,82.54,77,215334,417788
f0:91:27:6b:7a:0a,2610,-33,1145,188.13,82.53,80,215414,417868
f0:91:27:6b:7a:0a,2614,-28,1146,188.26,82.53,328,215742,418196
f0:91:27:6b:7a:0a,2632,-27,1147,189.34,82.51,1427,217169,419623
f0:91:27:6b:7a:0a,2634,-25,1148,189.32,82.51,167,217336,419790
f0:91:27:6b:7a:0a,2635,-30,1149,189.22,82.51,77,217413,419867
f0:91:27:6b:7a:0a,2638,-25,1150,189.26,82.50,235,217648,420102
f0:91:27:6b:7a:0a,2643,-28,1151,189.44,82.50,392,218040,420494
f0:91:27:6b:7a:0a,2644,-30,1152,189.34,82.50,78,218118,420572
f0:91:27:6b:7a:0a,2645,-31,1153,189.25,82.50,86,218204,420658
f0:91:27:6b:7a:0a,2646,-28,1154,189.15,82.50,78,218282,420736
f0:91:27:6b:7a:0a,2648,-33,1155,189.13,82.49,158,218440,420894
f0:91:27:6b:7a:0a,2649,-27,1156,189.03,82.49,79,218519,420973
f0:91:27:6b:7a:0a,2650,-30,1157,188.93,82.49,76,218595,421049
f0:91:27:6b:7a:0a,2651,-28,1158,188.85,82.49,89,218684,421138
f0:91:27:6b:7a:0a,2652,-30,1159,188.75,82.49,78,218762,421216
f0:91:27:6b:7a:0a,2656,-33,1160,188.87,82.49,322,219084,421538
f0:91:27:6b:7a:0a,2658,-27,1161,188.84,82.48,154,219238,421692
f0:91:27:6b:7a:0a,2659,-31,1162,188.74,82.48,79,219317,421771
f0:91:27:6b:7a:0a,2663,-28,1163,188.86,82.48,325,219642,422096
f0:91:27:6b:7a:0a,2665,-30,1164,188.83,82.48,157,219799,422253
f0:91:27:6b:7a:0a,2671,-28,1165,189.07,82.47,469,220268,422722
f0:91:27:6b:7a:0a,2673,-27,1166,189.05,82.47,163,220431,422885
f0:91:27:6b:7a:0a,2676,-28,1167,189.09,82.46,232,220663,423117
f0:91:27:6b:7a:0a,2677,-27,1168,188.99,82.46,74,220737,423191
f0:91:27:6b:7a:0a,2683,-29,1169,189.23,82.45,476,221213,423667
f0:91:27:6b:7a:0a,2684,-33,1170,189.14,82.45,80,221293,423747
f0:91:27:6b:7a:0a,2685,-28,1171,189.04,82.45,78,221371,423825
f0:91:27:6b:7a:0a,2687,-30,1172,189.02,82.44,156,221527,423981
f0:91:27:6b:7a:0a,2689,-27,1173,188.99,82.44,157,221684,424138
f0:91:27:6b:7a:0a,2692,-29,1174,189.04,82.44,245,221929,424383
f0:91:27:6b:7a:0a,2693,-33,1175,188.94,82.44,80,222009,424463
f0:91:27:6b:7a:0a,2694,-25,1176,188.85,82.44,75,222084,424538
f0:91:27:6b:7a:0a,2695,-27,1177,188.76,82.44,85,222169,424623
f0:91:27:6b:7a:0a,2706,-27,1178,189.34,82.43,878,223047,425501
f0:91:27:6b:7a:0a,2707,-31,1179,189.26,82.43,86,223133,425587
f0:91:27:6b:7a:0a,2708,-25,1180,189.16,82.43,79,223212,425666
f0:91:27:6b:7a:0a,2712,-28,1181,189.27,82.42,320,223532,425986
f0:91:27:6b:7a:0a,2714,-33,1182,189.25,82.42,163,223695,426149
f0:91:27:6b:7a:0a,2719,-33,1183,189.44,82.42,416,224111,426565
f0:91:27:6b:7a:0a,2727,-28,1184,189.82,82.42,637,224748,427202
f0:91:27:6b:7a:0a,2734,-31,1185,190.16,82.42,596,225344,427798
f0:91:27:6b:7a:0a,2740,-25,1186,190.41,82.42,488,225832,428286
f0:91:27:6b:7a:0a,2741,-27,1187,190.32,82.42,83,225915,428369
f0:91:27:6b:7a:0a,2743,-30,1188,190.30,82.42,159,226074,428528
f0:91:27:6b:7a:0a,2744,-30,1189,190.20,82.41,71,226145,428599
f0:91:27:6b:7a:0a,2745,-33,1190,190.10,82.41,78,226223,428677
f0:91:27:6b:7a:0a,2746,-28,1191,190.01,82.41,81,226304,428758
f0:91:27:6b:7a:0a,2748,-34,1192,189.99,82.41,164,226468,428922
f0:91:27:6b:7a:0a,2749,-34,1193,189.89,82.41,76,226544,428998
f0:91:27:6b:7a:0a,2750,-25,1194,189.80,82.41,78,226622,429076
f0:91:27:6b:7a:0a,2751,-30,1195,189.71,82.41,80,226702,429156
f0:91:27:6b:7a:0a,2752,-34,1196,189.62,82.41,78,226780,429234
f0:91:27:6b:7a:0a,2753,-27,1197,189.52,82.41,81,226861,429315
f0:91:27:6b:7a:0a,2756,-28,1198,189.58,82.41,253,227114,429568
f0:91:27:6b:7a:0a,2757,-30,1199,189.49,82.41,84,227198,429652
f0:91:27:6b:7a:0a,2758,-34,1200,189.40,82.41,76,227274,429728
f0:91:27:6b:7a:0a,2760,-30,1201,189.38,82.41,170,227444,429898
f0:91:27:6b:7a:0a,2761,-34,1202,189.28,82.40,75,227519,429973
f0:91:27:6b:7a:0a,2762,-30,1203,189.20,82.41,94,227613,430067
f0:91:27:6b:7a:0a,2764,-27,1204,189.18,82.41,158,227771,430225
f0:91:27:6b:7a:0a,2765,-33,1205,189.10,82.41,89,227860,430314
f0:91:27:6b:7a:0a,2775,-33,1206,189.60,82.40,795,228655,431109
f0:91:27:6b:7a:0a,2779,-27,1207,189.70,82.39,311,228966,431420
f0:91:27:6b:7a:0a,2782,-27,1208,189.74,82.39,241,229207,431661
f0:91:27:6b:7a:0a,2783,-29,1209,189.65,82.39,78,229285,431739
f0:91:27:6b:7a:0a,2784,-31,1210,189.56,82.39,77,229362,431816
f0:91:27:6b:7a:0a,2787,-33,1211,189.60,82.39,249,229611,432065
f0:91:27:6b:7a:0a,2788,-27,1212,189.51,82.38,74,229685,432139
f0:91:27:6b:7a:0a,2790,-29,1213,189.48,82.38,158,229843,432297
f0:91:27:6b:7a:0a,2799,-27,1214,189.92,82.37,720,230563,433017
f0:91:27:6b:7a:0a,2834,-30,1215,192.06,82.34,2793,233356,435810
f0:91:27:6b:7a:0a,2849,-34,1216,192.92,82.34,1230,234586,437040
f0:91:27:6b:7a:0a,2850,-28,1217,192.83,82.34,84,234670,437124
f0:91:27:6b:7a:0a,2851,-27,1218,192.73,82.34,76,234746,437200
f0:91:27:6b:7a:0a,2852,-30,1219,192.63,82.34,75,234821,437275
f0:91:27:6b:7a:0a,2855,-33,1220,192.66,82.33,230,235051,437505
f0:91:27:6b:7a:0a,2857,-31,1221,192.63,82.33,154,235205,437659
f0:91:27:6b:7a:0a,2858,-28,1222,192.54,82.32,78,235283,437737
f0:91:27:6b:7a:0a,2859,-29,1223,192.45,82.32,82,235365,437819
f0:91:27:6b:7a:0a,2860,-31,1224,192.36,82.33,85,235450,437904
f0:91:27:6b:7a:0a,2861,-30,1225,192.27,82.32,77,235527,437981
f0:91:27:6b:7a:0a,2862,-30,1226,192.17,82.32,77,235604,438058
f0:91:27:6b:7a:0a,2869,-25,1227,192.47,82.32,560,236164,438618
f0:91:27:6b:7a:0a,2880,-27,1228,193.03,82.31,876,237040,439494
f0:91:27:6b:7a:0a,2883,-33,1229,193.06,82.30,232,237272,439726
f0:91:27:6b:7a:0a,2888,-28,1230,193.24,82.30,408,237680,440134
f0:91:27:6b:7a:0a,2896,-29,1231,193.59,82.29,627,238307,440761
f0:91:27:6b:7a:0a,2898,-30,1232,193.56,82.29,161,238468,440922
f0:91:27:6b:7a:0a,2899,-34,1233,193.48,82.29,88,238556,441010
f0:91:27:6b:7a:0a,2902,-34,1234,193.51,82.29,241,238797,441251
f0:91:27:6b:7a:0a,2906,-29,1235,193.63,82.29,336,239133,441587
f0:91:27:6b:7a:0a,2908,-29,1236,193.62,82.30,186,239319,441773
f0:91:27:6b:7a:0a,2910,-29,1237,193.62,82.30,183,239502,441956
f0:91:27:6b:7a:0a,2913,-31,1238,193.69,82.31,281,239783,442237
f0:91:27:6b:7a:0a,2915,-34,1239,193.67,82.32,170,239953,442407
f0:91:27:6b:7a:0a,2916,-28,1240,193.59,82.32,100,240053,442507
f0:91:27:6b:7a:0a,2920,-33,1241,193.74,82.34,382,240435,442889
f0:91:27:6b:7a:0a,2922,-28,1242,193.74,82.35,186,240621,443075
f0:91:27:6b:7a:0a,2941,-28,1243,194.98,82.41,1740,242361,444815
f0:91:27:6b:7a:0a,2945,-27,1244,195.12,82.42,370,242731,445185
f0:91:27:6b:7a:0a,2946,-28,1245,195.04,82.42,89,242820,445274
f0:91:27:6b:7a:0a,2948,-28,1246,195.03,82.43,184,243004,445458
f0:91:27:6b:7a:0a,2949,-28,1247,194.94,82.43,92,243096,445550
f0:91:27:6b:7a:0a,2950,-34,1248,194.86,82.44,90,243186,445640
f0:91:27:6b:7a:0a,2951,-34,1249,194.78,82.44,98,243284,445738
f0:91:27:6b:7a:0a,2952,-30,1250,194.70,82.45,94,243378,445832
f0:91:27:6b:7a:0a,2954,-31,1251,194.69,82.45,183,243561,446015
f0:91:27:6b:7a:0a,2955,-30,1252,194.62,82.46,97,243658,446112
f0:91:27:6b:7a:0a,2956,-28,1253,194.53,82.46,91,243749,446203
f0:91:27:6b:7a:0a,2958,-33,1254,194.53,82.47,191,243940,446394
f0:91:27:6b:7a:0a,2960,-30,1255,194.53,82.48,193,244133,446587
f0:91:27:6b:7a:0a,2961,-29,1256,194.44,82.48,86,244219,446673
f0:91:27:6b:7a:0a,2965,-34,1257,194.58,82.49,371,244590,447044
f0:91:27:6b:7a:0a,2966,-30,1258,194.50,82.50,96,244686,447140
f0:91:27:6b:7a:0a,2967,-30,1259,194.43,82.50,97,244783,447237
f0:91:27:6b:7a:0a,2969,-26,1260,194.42,82.51,190,244973,447427
f0:91:27:6b:7a:0a,2970,-33,1261,194.34,82.51,93,245066,447520
f0:91:27:6b:7a:0a,2971,-30,1262,194.26,82.52,93,245159,447613
f0:91:27:6b:7a:0a,2972,-28,1263,194.19,82.52,98,245257,447711
f0:91:27:6b:7a:0a,2973,-28,1264,194.11,82.53,94,245351,447805
f0:91:27:6b:7a:0a,2974,-28,1265,194.03,82.53,102,245453,447907
f0:91:27:6b:7a:0a,2975,-33,1266,193.95,82.54,94,245547,448001
f0:91:27:6b:7a:0a,2976,-27,1267,193.88,82.54,93,245640,448094
f0:91:27:6b:7a:0a,2977,-27,1268,193.79,82.54,89,245729,448183
f0:91:27:6b:7a:0a,2978,-33,1269,193.71,82.55,91,245820,448274
f0:91:27:6b:7a:0a,2980,-29,1270,193.71,82.56,197,246017,448471
f0:91:27:6b:7a:0a,2982,-33,1271,193.71,82.56,191,246208,448662
f0:91:27:6b:7a:0a,2984,-30,1272,193.71,82.57,185,246393,448847
f0:91:27:6b:7a:0a,2989,-31,1273,193.92,82.59,466,246859,449313
f0:91:27:6b:7a:0a,2990,-30,1274,193.84,82.59,92,246951,449405
f0:91:27:6b:7a:0a,2996,-28,1275,194.12,82.61,549,247500,449954
f0:91:27:6b:7a:0a,2997,-31,1276,194.03,82.61,86,247586,450040
f0:91:27:6b:7a:0a,3000,-33,1277,194.10,82.62,281,247867,450321
f0:91:27:6b:7a:0a,3001,-34,1278,194.03,82.63,97,247964,450418
f0:91:27:6b:7a:0a,3004,-30,1279,194.08,82.63,266,248230,450684
f0:91:27:6b:7a:0a,3006,-33,1280,194.07,82.64,182,248412,450866
f0:91:27:6b:7a:0a,3007,-33,1281,194.00,82.64,99,248511,450965
f0:91:27:6b:7a:0a,3008,-30,1282,193.92,82.65,95,248606,451060
f0:91:27:6b:7a:0a,3009,-28,1283,193.84,82.65,93,248699,451153
f0:91:27:6b:7a:0a,3010,-34,1284,193.76,82.65,92,248791,451245
f0:91:27:6b:7a:0a,3011,-31,1285,193.69,82.66,100,248891,451345
f0:91:27:6b:7a:0a,3016,-28,1286,193.89,82.67,449,249340,451794
f0:91:27:6b:7a:0a,3017,-34,1287,193.81,82.68,96,249436,451890
f0:91:27:6b:7a:0a,3021,-27,1288,193.95,82.69,368,249804,452258
f0:91:27:6b:7a:0a,3027,-28,1289,194.22,82.71,550,250354,452808
f0:91:27:6b:7a:0a,3039,-30,1290,194.88,82.72,1045,251399,453853
f0:91:27:6b:7a:0a,3040,-34,1291,194.79,82.72,80,251479,453933
f0:91:27:6b:7a:0a,3042,-34,1292,194.77,82.72,170,251649,454103
f0:91:27:6b:7a:0a,3049,-28,1293,195.09,82.73,598,252247,454701
f0:91:27:6b:7a:0a,3050,-30,1294,195.00,82.73,82,252329,454783
f0:91:27:6b:7a:0a,3051,-34,1295,194.91,82.73,83,252412,454866
f0:91:27:6b:7a:0a,3102,-26,1296,198.11,82.77,4335,256747,459201
f0:91:27:6b:7a:0a,3103,-30,1297,198.01,82.77,78,256825,459279
f0:91:27:6b:7a:0a,3105,-28,1298,197.98,82.76,159,256984,459438
f0:91:27:6b:7a:0a,3114,-25,1299,198.40,82.76,737,257721,460175
f0:91:27:6b:7a:0a,3115,-30,1300,198.31,82.76,83,257804,460258
f0:91:27:6b:7a:0a,3117,-28,1301,198.28,82.76,156,257960,460414
f0:91:27:6b:7a:0a,3121,-34,1302,198.37,82.75,313,258273,460727
f0:91:27:6b:7a:0a,3123,-30,1303,198.34,82.75,166,258439,460893
f0:91:27:6b:7a:0a,3124,-34,1304,198.25,82.75,79,258518,460972
f0:91:27:6b:7a:0a,3125,-31,1305,198.15,82.75,73,258591,461045
f0:91:27:6b:7a:0a,3126,-28,1306,198.07,82.75,86,258677,461131
f0:91:27:6b:7a:0a,3127,-30,1307,197.97,82.75,74,258751,461205
f0:91:27:6b:7a:0a,3129,-28,1308,197.94,82.75,160,258911,461365
f0:91:27:6b:7a:0a,3130,-27,1309,197.85,82.74,80,258991,461445
f0:91:27:6b:7a:0a,3131,-30,1310,197.76,82.74,72,259063,461517
f0:91:27:6b:7a:0a,3132,-34,1311,197.67,82.74,83,259146,461600
f0:91:27:6b:7a:0a,3134,-28,1312,197.64,82.74,154,259300,461754
f0:91:27:6b:7a:0a,3135,-30,1313,197.55,82.74,78,259378,461832
f0:91:27:6b:7a:0a,3136,-32,1314,197.45,82.73,77,259455,461909
f0:91:27:6b:7a:0a,3138,-26,1315,197.42,82.73,148,259603,462057
f0:91:27:6b:7a:0a,3139,-30,1316,197.33,82.73,79,259682,462136
f0:91:27:6b:7a:0a,3140,-30,1317,197.24,82.73,78,259760,462214
f0:91:27:6b:7a:0a,3142,-34,1318,197.20,82.72,156,259916,462370
f0:91:27:6b:7a:0a,3162,-28,1319,198.26,82.70,1591,261507,463961
f0:91:27:6b:7a:0a,3163,-28,1320,198.17,82.70,73,261580,464034
f0:91:27:6b:7a:0a,3165,-33,1321,198.14,82.70,160,261740,464194
f0:91:27:6b:7a:0a,3166,-25,1322,198.05,82.70,80,261820,464274
f0:91:27:6b:7a:0a,3168,-27,1323,198.02,82.69,155,261975,464429
f0:91:27:6b:7a:0a,3169,-33,1324,197.93,82.69,80,262055,464509
f0:91:27:6b:7a:0a,3172,-30,1325,197.95,82.69,232,262287,464741
f0:91:27:6b:7a:0a,3175,-30,1326,197.98,82.69,241,262528,464982
f0:91:27:6b:7a:0a,3176,-34,1327,197.90,82.69,84,262612,465066
f0:91:27:6b:7a:0a,3177,-30,1328,197.81,82.68,77,262689,465143
f0:91:27:6b:7a:0a,3178,-33,1329,197.73,82.69,88,262777,465231
f0:91:27:6b:7a:0a,3186,-28,1330,198.05,82.68,636,263413,465867
f0:91:27:6b:7a:0a,3192,-28,1331,198.27,82.67,481,263894,466348
f0:91:27:6b:7a:0a,3195,-34,1332,198.30,82.67,235,264129,466583
f0:91:27:6b:7a:0a,3198,-32,1333,198.33,82.67,242,264371,466825
f0:91:27:6b:7a:0a,3199,-27,1334,198.24,82.67,87,264458,466912
f0:91:27:6b:7a:0a,3200,-27,1335,198.15,82.67,78,264536,466990
f0:91:27:6b:7a:0a,3201,-32,1336,198.07,82.67,80,264616,467070
f0:91:27:6b:7a:0a,3202,-33,1337,197.97,82.66,75,264691,467145
f0:91:27:6b:7a:0a,3204,-30,1338,197.94,82.66,159,264850,467304
f0:91:27:6b:7a:0a,3205,-33,1339,197.86,82.66,78,264928,467382
f0:91:27:6b:7a:0a,3206,-28,1340,197.77,82.66,80,265008,467462
f0:91:27:6b:7a:0a,3207,-30,1341,197.68,82.66,76,265084,467538
f0:91:27:6b:7a:0a,3208,-34,1342,197.59,82.66,82,265166,467620
f0:91:27:6b:7a:0a,3209,-28,1343,197.50,82.66,76,265242,467696
f0:91:27:6b:7a:0a,3210,-30,1344,197.42,82.66,88,265330,467784
f0:91:27:6b:7a:0a,3213,-33,1345,197.46,82.66,247,265577,468031
f0:91:27:6b:7a:0a,3214,-34,1346,197.36,82.65,70,265647,468101
f0:91:27:6b:7a:0a,3215,-26,1347,197.28,82.65,83,265730,468184
f0:91:27:6b:7a:0a,3219,-30,1348,197.36,82.65,318,266048,468502
f0:91:27:6b:7a:0a,3220,-28,1349,197.29,82.65,90,266138,468592
f0:91:27:6b:7a:0a,3224,-30,1350,197.37,82.65,311,266449,468903
f0:91:27:6b:7a:0a,3225,-33,1351,197.28,82.64,81,266530,468984
f0:91:27:6b:7a:0a,3226,-28,1352,197.20,82.64,79,266609,469063
f0:91:27:6b:7a:0a,3228,-30,1353,197.17,82.64,156,266765,469219
f0:91:27:6b:7a:0a,3229,-34,1354,197.08,82.64,83,266848,469302
f0:91:27:6b:7a:0a,3230,-28,1355,196.99,82.64,78,266926,469380
f0:91:27:6b:7a:0a,3231,-27,1356,196.91,82.64,82,267008,469462
f0:91:27:6b:7a:0a,3240,-33,1357,197.28,82.63,705,267713,470167
f0:91:27:6b:7a:0a,3241,-28,1358,197.20,82.63,78,267791,470245
f0:91:27:6b:7a:0a,3244,-28,1359,197.22,82.62,234,268025,470479
f0:91:27:6b:7a:0a,3245,-30,1360,197.14,82.62,82,268107,470561
f0:91:27:6b:7a:0a,3246,-26,1361,197.06,82.62,90,268197,470651
f0:91:27:6b:7a:0a,3247,-30,1362,196.97,82.62,77,268274,470728
f0:91:27:6b:7a:0a,3256,-30,1363,197.34,82.61,698,268972,471426
f0:91:27:6b:7a:0a,3261,-26,1364,197.49,82.60,398,269370,471824
f0:91:27:6b:7a:0a,3262,-30,1365,197.40,82.60,81,269451,471905
f0:91:27:6b:7a:0a,3272,-28,1366,197.83,82.59,783,270234,472688
f0:91:27:6b:7a:0a,3274,-28,1367,197.80,82.59,164,270398,472852
f0:91:27:6b:7a:0a,3280,-34,1368,198.01,82.58,473,270871,473325
f0:91:27:6b:7a:0a,3287,-34,1369,198.27,82.58,564,271435,473889
f0:91:27:6b:7a:0a,3292,-34,1370,198.41,82.57,390,271825,474279
f0:91:27:6b:7a:0a,3295,-33,1371,198.44,82.57,236,272061,474515
f0:91:27:6b:7a:0a,3297,-34,1372,198.42,82.57,166,272227,474681
f0:91:27:6b:7a:0a,3298,-33,1373,198.32,82.57,73,272300,474754
f0:91:27:6b:7a:0a,3299,-28,1374,198.24,82.57,82,272382,474836
f0:91:27:6b:7a:0a,3301,-32,1375,198.21,82.56,158,272540,474994
f0:91:27:6b:7a:0a,3302,-28,1376,198.13,82.56,86,272626,475080
f0:91:27:6b:7a:0a,3303,-30,1377,198.04,82.56,79,272705,475159
f0:91:27:6b:7a:0a,3305,-28,1378,198.01,82.56,157,272862,475316
f0:91:27:6b:7a:0a,3306,-30,1379,197.92,82.56,76,272938,475392
f0:91:27:6b:7a:0a,3307,-34,1380,197.84,82.56,82,273020,475474
f0:91:27:6b:7a:0a,3310,-30,1381,197.86,82.55,230,273250,475704
f0:91:27:6b:7a:0a,3311,-33,1382,197.77,82.55,75,273325,475779
f0:91:27:6b:7a:0a,3312,-27,1383,197.69,82.55,81,273406,475860
f0:91:27:6b:7a:0a,3313,-33,1384,197.61,82.55,83,273489,475943
f0:91:27:6b:7a:0a,3314,-34,1385,197.52,82.55,77,273566,476020
f0:91:27:6b:7a:0a,3316,-33,1386,197.50,82.55,165,273731,476185
f0:91:27:6b:7a:0a,3319,-30,1387,197.53,82.55,237,273968,476422
f0:91:27:6b:7a:0a,3326,-34,1388,197.78,82.54,553,274521,476975
f0:91:27:6b:7a:0a,3327,-28,1389,197.70,82.54,78,274599,477053
f0:91:27:6b:7a:0a,3328,-30,1390,197.61,82.53,76,274675,477129
f0:91:27:6b:7a:0a,3329,-33,1391,197.52,82.53,82,274757,477211
f0:91:27:6b:7a:0a,3331,-30,1392,197.50,82.53,159,274916,477370
f0:91:27:6b:7a:0a,3340,-28,1393,197.87,82.52,713,275629,478083
f0:91:27:6b:7a:0a,3345,-30,1394,198.01,82.52,395,276024,478478
f0:91:27:6b:7a:0a,3347,-28,1395,197.98,82.52,158,276182,478636
f0:91:27:6b:7a:0a,3348,-28,1396,197.90,82.52,82,276264,478718
f0:91:27:6b:7a:0a,3349,-30,1397,197.81,82.52,80,276344,478798
f0:91:27:6b:7a:0a,3352,-31,1398,197.84,82.51,242,276586,479040
f0:91:27:6b:7a:0a,3356,-30,1399,197.93,82.51,313,276899,479353
f0:91:27:6b:7a:0a,3367,-33,1400,198.42,82.50,893,277792,480246
f0:91:27:6b:7a:0a,3368,-33,1401,198.33,82.50,74,277866,480320
f0:91:27:6b:7a:0a,3369,-27,1402,198.25,82.50,86,277952,480406
f0:91:27:6b:7a:0a,3370,-29,1403,198.17,82.50,79,278031,480485
f0:91:27:6b:7a:0a,3371,-30,1404,198.08,82.50,74,278105,480559
f0:91:27:6b:7a:0a,3376,-33,1405,198.22,82.50,399,278504,480958
f0:91:27:6b:7a:0a,3394,-27,1406,199.11,82.48,1443,279947,482401
f0:91:27:6b:7a:0a,3395,-29,1407,199.03,82.48,82,280029,482483
f0:91:27:6b:7a:0a,3396,-31,1408,198.94,82.48,82,280111,482565
f0:91:27:6b:7a:0a,3400,-29,1409,199.03,82.48,323,280434,482888
f0:91:27:6b:7a:0a,3401,-27,1410,198.95,82.48,81,280515,482969
f0:91:27:6b:7a:0a,3402,-29,1411,198.86,82.48,80,280595,483049
f0:91:27:6b:7a:0a,3411,-25,1412,199.22,82.47,704,281299,483753
f0:91:27:6b:7a:0a,3426,-30,1413,199.93,82.46,1209,282508,484962
f0:91:27:6b:7a:0a,3495,-30,1414,203.69,82.41,5503,288011,490465
f0:91:27:6b:7a:0a,3496,-33,1415,203.59,82.40,72,288083,490537
f0:91:27:6b:7a:0a,3499,-27,1416,203.61,82.40,235,288318,490772
f0:91:27:6b:7a:0a,3500,-30,1417,203.52,82.40,75,288393,490847
f0:91:27:6b:7a:0a,3501,-33,1418,203.44,82.40,82,288475,490929
f0:91:27:6b:7a:0a,3503,-30,1419,203.40,82.40,156,288631,491085
f0:91:27:6b:7a:0a,3508,-30,1420,203.54,82.39,398,289029,491483
f0:91:27:6b:7a:0a,3509,-26,1421,203.46,82.39,85,289114,491568
f0:91:27:6b:7a:0a,3513,-28,1422,203.53,82.39,308,289422,491876
f0:91:27:6b:7a:0a,3514,-30,1423,203.44,82.38,75,289497,491951
f0:91:27:6b:7a:0a,3515,-33,1424,203.36,82.38,85,289582,492036
f0:91:27:6b:7a:0a,3516,-30,1425,203.28,82.39,89,289671,492125
f0:91:27:6b:7a:0a,3530,-26,1426,203.91,82.37,1103,290774,493228
f0:91:27:6b:7a:0a,3543,-28,1427,204.48,82.36,1023,291797,494251
f0:91:27:6b:7a:0a,3550,-28,1428,204.73,82.35,555,292352,494806
f0:91:27:6b:7a:0a,3551,-30,1429,204.64,82.35,85,292437,494891
f0:91:27:6b:7a:0a,3553,-28,1430,204.61,82.35,154,292591,495045
f0:91:27:6b:7a:0a,3557,-30,1431,204.69,82.35,325,292916,495370
f0:91:27:6b:7a:0a,3558,-33,1432,204.61,82.35,83,292999,495453
f0:91:27:6b:7a:0a,3559,-28,1433,204.52,82.35,79,293078,495532
f0:91:27:6b:7a:0a,3563,-27,1434,204.60,82.35,323,293401,495855
f0:91:27:6b:7a:0a,3564,-30,1435,204.51,82.34,76,293477,495931
f0:91:27:6b:7a:0a,3565,-33,1436,204.43,82.35,84,293561,496015
f0:91:27:6b:7a:0a,3571,-33,1437,204.62,82.34,475,294036,496490
f0:91:27:6b:7a:0a,3573,-28,1438,204.59,82.34,158,294194,496648
f0:91:27:6b:7a:0a,3582,-31,1439,204.93,82.33,707,294901,497355
f0:91:27:6b:7a:0a,3586,-30,1440,205.01,82.32,307,295208,497662
f0:91:27:6b:7a:0a,3603,-33,1441,205.83,82.32,1387,296595,499049
f0:91:27:6b:7a:0a,3604,-26,1442,205.74,82.32,78,296673,499127
f0:91:27:6b:7a:0a,3615,-33,1443,206.19,82.31,862,297535,499989
f0:91:27:6b:7a:0a,3619,-28,1444,206.29,82.31,353,297888,500342
f0:91:27:6b:7a:0a,3623,-31,1445,206.38,82.31,338,298226,500680
f0:91:27:6b:7a:0a,3624,-28,1446,206.30,82.32,85,298311,500765
f0:91:27:6b:7a:0a,3625,-34,1447,206.22,82.32,96,298407,500861
f0:91:27:6b:7a:0a,3629,-31,1448,206.34,82.33,372,298779,501233
f0:91:27:6b:7a:0a,3630,-27,1449,206.26,82.33,93,298872,501326
f0:91:27:6b:7a:0a,3650,-30,1450,207.40,82.39,1857,300729,503183
f0:91:27:6b:7a:0a,3651,-28,1451,207.32,82.39,91,300820,503274
f0:91:27:6b:7a:0a,3652,-31,1452,207.24,82.40,88,300908,503362
f0:91:27:6b:7a:0a,3663,-28,1453,207.79,82.43,1018,301926,504380
f0:91:27:6b:7a:0a,3674,-30,1454,208.37,82.46,1041,302967,505421
f0:91:27:6b:7a:0a,3675,-28,1455,208.29,82.47,94,303061,505515
f0:91:27:6b:7a:0a,3676,-33,1456,208.21,82.47,94,303155,505609
f0:91:27:6b:7a:0a,3677,-31,1457,208.13,82.47,97,303252,505706
f0:91:27:6b:7a:0a,3679,-28,1458,208.12,82.48,187,303439,505893
f0:91:27:6b:7a:0a,3680,-33,1459,208.04,82.48,98,303537,505991
f0:91:27:6b:7a:0a,3681,-31,1460,207.97,82.49,98,303635,506089
f0:91:27:6b:7a:0a,3696,-28,1461,208.79,82.53,1408,305043,507497
f0:91:27:6b:7a:0a,3697,-26,1462,208.72,82.54,101,305144,507598
f0:91:27:6b:7a:0a,3699,-30,1463,208.70,82.54,189,305333,507787
f0:91:27:6b:7a:0a,3700,-30,1464,208.63,82.55,102,305435,507889
f0:91:27:6b:7a:0a,3701,-28,1465,208.55,82.55,93,305528,507982
f0:91:27:6b:7a:0a,3702,-34,1466,208.47,82.55,88,305616,508070
f0:91:27:6b:7a:0a,3703,-28,1467,208.39,82.56,96,305712,508166
f0:91:27:6b:7a:0a,3704,-33,1468,208.31,82.56,90,305802,508256
f0:91:27:6b:7a:0a,3705,-30,1469,208.23,82.56,87,305889,508343
f0:91:27:6b:7a:0a,3706,-28,1470,208.15,82.56,92,305981,508435
f0:91:27:6b:7a:0a,3707,-33,1471,208.07,82.57,89,306070,508524
f0:91:27:6b:7a:0a,3709,-28,1472,208.05,82.57,185,306255,508709
f0:91:27:6b:7a:0a,3710,-33,1473,207.98,82.57,93,306348,508802
f0:91:27:6b:7a:0a,3711,-33,1474,207.90,82.58,95,306443,508897
f0:91:27:6b:7a:0a,3720,-30,1475,208.32,82.60,822,307265,509719
f0:91:27:6b:7a:0a,3722,-31,1476,208.30,82.60,185,307450,509904
f0:91:27:6b:7a:0a,3723,-30,1477,208.22,82.61,92,307542,509996
f0:91:27:6b:7a:0a,3724,-28,1478,208.14,82.61,90,307632,510086
f0:91:27:6b:7a:0a,3726,-31,1479,208.13,82.62,197,307829,510283
f0:91:27:6b:7a:0a,3730,-28,1480,208.23,82.62,355,308184,510638
f0:91:27:6b:7a:0a,3731,-28,1481,208.16,82.63,100,308284,510738
f0:91:27:6b:7a:0a,3732,-33,1482,208.08,82.63,93,308377,510831
f0:91:27:6b:7a:0a,3733,-29,1483,208.00,82.63,83,308460,510914
f0:91:27:6b:7a:0a,3735,-33,1484,207.98,82.64,186,308646,511100
f0:91:27:6b:7a:0a,3755,-28,1485,209.02,82.66,1750,310396,512850
f0:91:27:6b:7a:0a,3756,-30,1486,208.94,82.66,87,310483,512937
f0:91:27:6b:7a:0a,3757,-28,1487,208.86,82.67,93,310576,513030
f0:91:27:6b:7a:0a,3758,-27,1488,208.78,82.67,86,310662,513116
f0:91:27:6b:7a:0a,3761,-33,1489,208.81,82.67,250,310912,513366
f0:91:27:6b:7a:0a,3762,-30,1490,208.72,82.67,86,310998,513452
f0:91:27:6b:7a:0a,3763,-33,1491,208.64,82.67,86,311084,513538
f0:91:27:6b:7a:0a,3764,-28,1492,208.56,82.67,83,311167,513621
f0:91:27:6b:7a:0a,3765,-30,1493,208.47,82.67,81,311248,513702
f0:91:27:6b:7a:0a,3766,-28,1494,208.39,82.67,85,311333,513787
f0:91:27:6b:7a:0a,3770,-28,1495,208.48,82.67,347,311680,514134
f0:91:27:6b:7a:0a,3771,-30,1496,208.40,82.67,82,311762,514216
f0:91:27:6b:7a:0a,3773,-33,1497,208.37,82.68,175,311937,514391
f0:91:27:6b:7a:0a,3774,-30,1498,208.29,82.68,83,312020,514474
f0:91:27:6b:7a:0a,3775,-33,1499,208.21,82.68,86,312106,514560
f0:91:27:6b:7a:0a,3776,-27,1500,208.13,82.68,89,312195,514649
f0:91:27:6b:7a:0a,3777,-33,1501,208.05,82.68,88,312283,514737
f0:91:27:6b:7a:0a,3778,-28,1502,207.96,82.68,77,312360,514814
f0:91:27:6b:7a:0a,3779,-33,1503,207.88,82.68,85,312445,514899
f0:91:27:6b:7a:0a,3780,-26,1504,207.80,82.68,83,312528,514982
f0:91:27:6b:7a:0a,3781,-30,1505,207.71,82.68,77,312605,515059
f0:91:27:6b:7a:0a,3784,-30,1506,207.74,82.68,251,312856,515310
f0:91:27:6b:7a:0a,3785,-28,1507,207.66,82.68,83,312939,515393
f0:91:27:6b:7a:0a,3789,-33,1508,207.74,82.68,333,313272,515726
f0:91:27:6b:7a:0a,3790,-28,1509,207.66,82.68,84,313356,515810
f0:91:27:6b:7a:0a,3791,-30,1510,207.57,82.68,82,313438,515892
f0:91:27:6b:7a:0a,3792,-31,1511,207.49,82.68,82,313520,515974
f0:91:27:6b:7a:0a,3802,-28,1512,207.91,82.68,845,314365,516819
f0:91:27:6b:7a:0a,3806,-31,1513,208.00,82.69,337,314702,517156
f0:91:27:6b:7a:0a,3818,-30,1514,208.51,82.68,987,315689,518143
f0:91:27:6b:7a:0a,3819,-28,1515,208.43,82.68,80,315769,518223
f0:91:27:6b:7a:0a,3824,-29,1516,208.57,82.69,426,316195,518649
f0:91:27:6b:7a:0a,3832,-26,1517,208.86,82.68,640,316835,519289
f0:91:27:6b:7a:0a,3852,-28,1518,209.77,82.67,1594,318429,520883
f0:91:27:6b:7a:0a,3853,-26,1519,209.68,82.66,78,318507,520961
f0:91:27:6b:7a:0a,3858,-30,1520,209.80,82.66,383,318890,521344
f0:91:27:6b:7a:0a,3859,-27,1521,209.71,82.66,78,318968,521422
f0:91:27:6b:7a:0a,3864,-28,1522,209.83,82.65,396,319364,521818
f0:91:27:6b:7a:0a,3869,-31,1523,209.96,82.65,411,319775,522229
f0:91:27:6b:7a:0a,3872,-30,1524,209.99,82.65,244,320019,522473
f0:91:27:6b:7a:0a,3880,-33,1525,210.26,82.64,621,320640,523094
f0:91:27:6b:7a:0a,3881,-26,1526,210.18,82.64,90,320730,523184
f0:91:27:6b:7a:0a,3883,-30,1527,210.15,82.64,163,320893,523347
f0:91:27:6b:7a:0a,3884,-33,1528,210.06,82.64,78,320971,523425
f0:91:27:6b:7a:0a,3897,-33,1529,210.60,82.63,1031,322002,524456
f0:91:27:6b:7a:0a,3899,-27,1530,210.57,82.63,169,322171,524625
f0:91:27:6b:7a:0a,3900,-33,1531,210.49,82.63,86,322257,524711
f0:91:27:6b:7a:0a,3901,-28,1532,210.40,82.63,75,322332,524786
f0:91:27:6b:7a:0a,3902,-30,1533,210.31,82.63,75,322407,524861
f0:91:27:6b:7a:0a,3904,-33,1534,210.28,82.62,161,322568,525022
f0:91:27:6b:7a:0a,3905,-28,1535,210.19,82.62,73,322641,525095
f0:91:27:6b:7a:0a,3906,-30,1536,210.10,82.62,79,322720,525174
f0:91:27:6b:7a:0a,3914,-33,1537,210.38,82.62,637,323357,525811
f0:91:27:6b:7a:0a,3916,-33,1538,210.34,82.61,152,323509,525963
f0:91:27:6b:7a:0a,3918,-31,1539,210.32,82.61,171,323680,526134
f0:91:27:6b:7a:0a,3920,-28,1540,210.28,82.61,156,323836,526290
f0:91:27:6b:7a:0a,3923,-33,1541,210.30,82.61,238,324074,526528
f0:91:27:6b:7a:0a,3930,-33,1542,210.52,82.60,546,324620,527074
f0:91:27:6b:7a:0a,3946,-33,1543,211.21,82.59,1277,325897,528351
f0:91:27:6b:7a:0a,3947,-33,1544,211.12,82.59,79,325976,528430
f0:91:27:6b:7a:0a,3948,-28,1545,211.04,82.59,80,326056,528510
f0:91:27:6b:7a:0a,3961,-33,1546,211.58,82.58,1048,327104,529558
f0:91:27:6b:7a:0a,3963,-30,1547,211.55,82.58,170,327274,529728
f0:91:27:6b:7a:0a,3964,-33,1548,211.47,82.58,76,327350,529804
f0:91:27:6b:7a:0a,3965,-28,1549,211.38,82.58,79,327429,529883
f0:91:27:6b:7a:0a,3972,-28,1550,211.60,82.57,555,327984,530438
f0:91:27:6b:7a:0a,3976,-31,1551,211.66,82.57,307,328291,530745
f0:91:27:6b:7a:0a,3977,-28,1552,211.58,82.57,79,328370,530824
f0:91:27:6b:7a:0a,3978,-30,1553,211.50,82.57,84,328454,530908
f0:91:27:6b:7a:0a,3981,-30,1554,211.51,82.56,235,328689,531143
f0:91:27:6b:7a:0a,3982,-33,1555,211.42,82.56,74,328763,531217
f0:91:27:6b:7a:0a,3984,-30,1556,211.39,82.56,160,328923,531377
f0:91:27:6b:7a:0a,3987,-28,1557,211.40,82.56,232,329155,531609
f0:91:27:6b:7a:0a,3988,-30,1558,211.32,82.56,76,329231,531685
f0:91:27:6b:7a:0a,3989,-33,1559,211.23,82.56,82,329313,531767
f0:91:27:6b:7a:0a,3996,-28,1560,211.46,82.55,565,329878,532332
f0:91:27:6b:7a:0a,3998,-30,1561,211.42,82.55,155,330033,532487
f0:91:27:6b:7a:0a,4018,-33,1562,212.32,82.54,1616,331649,534103
f0:91:27:6b:7a:0a,4019,-28,1563,212.24,82.54,83,331732,534186
f0:91:27:6b:7a:0a,4026,-33,1564,212.45,82.53,547,332279,534733
f0:91:27:6b:7a:0a,4027,-28,1565,212.37,82.53,83,332362,534816
f0:91:27:6b:7a:0a,4028,-27,1566,212.29,82.53,79,332441,534895
f0:91:27:6b:7a:0a,4029,-33,1567,212.20,82.53,79,332520,534974
f0:91:27:6b:7a:0a,4030,-29,1568,212.12,82.53,79,332599,535053
f0:91:27:6b:7a:0a,4031,-28,1569,212.03,82.53,78,332677,535131
f0:91:27:6b:7a:0a,4035,-29,1570,212.10,82.53,317,332994,535448
f0:91:27:6b:7a:0a,4038,-27,1571,212.12,82.53,243,333237,535691
f0:91:27:6b:7a:0a,4048,-29,1572,212.50,82.52,819,334056,536510
f0:91:27:6b:7a:0a,4051,-33,1573,212.51,82.52,230,334286,536740
f0:91:27:6b:7a:0a,4052,-28,1574,212.43,82.52,81,334367,536821
f0:91:27:6b:7a:0a,4053,-28,1575,212.35,82.52,79,334446,536900
f0:91:27:6b:7a:0a,4054,-27,1576,212.26,82.52,79,334525,536979
f0:91:27:6b:7a:0a,4056,-30,1577,212.23,82.52,162,334687,537141
f0:91:27:6b:7a:0a,4059,-31,1578,212.25,82.52,248,334935,537389
f0:91:27:6b:7a:0a,4063,-33,1579,212.32,82.51,312,335247,537701
f0:91:27:6b:7a:0a,4064,-27,1580,212.24,82.51,86,335333,537787
f0:91:27:6b:7a:0a,4065,-33,1581,212.15,82.51,80,335413,537867
f0:91:27:6b:7a:0a,4070,-28,1582,212.27,82.51,394,335807,538261
f0:91:27:6b:7a:0a,4089,-30,1583,213.09,82.49,1510,337317,539771
f0:91:27:6b:7a:0a,4107,-33,1584,213.87,82.49,1452,338769,541223
f0:91:27:6b:7a:0a,4111,-33,1585,213.93,82.48,308,339077,541531
f0:91:27:6b:7a:0a,4113,-29,1586,213.89,82.48,156,339233,541687
f0:91:27:6b:7a:0a,4126,-26,1587,214.41,82.47,1040,340273,542727
f0:91:27:6b:7a:0a,4135,-26,1588,214.73,82.47,726,340999,543453
f0:91:27:6b:7a:0a,4136,-30,1589,214.65,82.46,75,341074,543528
f0:91:27:6b:7a:0a,4137,-33,1590,214.56,82.46,83,341157,543611
f0:91:27:6b:7a:0a,4138,-28,1591,214.48,82.46,80,341237,543691
f0:91:27:6b:7a:0a,4139,-30,1592,214.40,82.46,84,341321,543775
f0:91:27:6b:7a:0a,4140,-33,1593,214.31,82.46,74,341395,543849
f0:91:27:6b:7a:0a,4141,-28,1594,214.22,82.46,79,341474,543928
f0:91:27:6b:7a:0a,4146,-30,1595,214.34,82.46,396,341870,544324
f0:91:27:6b:7a:0a,4147,-33,1596,214.26,82.46,85,341955,544409
f0:91:27:6b:7a:0a,4150,-28,1597,214.28,82.46,249,342204,544658
f0:91:27:6b:7a:0a,4152,-33,1598,214.24,82.46,159,342363,544817
f0:91:27:6b:7a:0a,4154,-27,1599,214.21,82.46,161,342524,544978
f0:91:27:6b:7a:0a,4155,-33,1600,214.13,82.46,79,342603,545057
f0:91:27:6b:7a:0a,4157,-27,1601,214.09,82.46,163,342766,545220
f0:91:27:6b:7a:0a,4158,-33,1602,214.01,82.46,84,342850,545304
f0:91:27:6b:7a:0a,4159,-28,1603,213.93,82.46,82,342932,545386
f0:91:27:6b:7a:0a,4160,-27,1604,213.85,82.45,80,343012,545466
f0:91:27:6b:7a:0a,4161,-31,1605,213.77,82.45,83,343095,545549
f0:91:27:6b:7a:0a,4164,-33,1606,213.78,82.45,234,343329,545783
f0:91:27:6b:7a:0a,4165,-30,1607,213.70,82.45,87,343416,545870
f0:91:27:6b:7a:0a,4166,-27,1608,213.62,82.45,84,343500,545954
f0:91:27:6b:7a:0a,4167,-31,1609,213.53,82.45,77,343577,546031
f0:91:27:6b:7a:0a,4168,-29,1610,213.46,82.45,86,343663,546117
f0:91:27:6b:7a:0a,4169,-30,1611,213.37,82.45,78,343741,546195
f0:91:27:6b:7a:0a,4171,-30,1612,213.35,82.45,174,343915,546369
f0:91:27:6b:7a:0a,4172,-33,1613,213.26,82.45,77,343992,546446
f0:91:27:6b:7a:0a,4173,-28,1614,213.18,82.45,82,344074,546528
f0:91:27:6b:7a:0a,4177,-30,1615,213.24,82.45,316,344390,546844
f0:91:27:6b:7a:0a,4180,-33,1616,213.26,82.45,244,344634,547088
f0:91:27:6b:7a:0a,4182,-30,1617,213.23,82.45,156,344790,547244
f0:91:27:6b:7a:0a,4183,-33,1618,213.15,82.45,82,344872,547326
f0:91:27:6b:7a:0a,4186,-31,1619,213.17,82.45,243,345115,547569
f0:91:27:6b:7a:0a,4187,-26,1620,213.08,82.44,81,345196,547650
f0:91:27:6b:7a:0a,4190,-28,1621,213.10,82.44,243,345439,547893
f0:91:27:6b:7a:0a,4191,-30,1622,213.02,82.44,77,345516,547970
f0:91:27:6b:7a:0a,4192,-33,1623,212.94,82.44,90,345606,548060
f0:91:27:6b:7a:0a,4193,-29,1624,212.86,82.44,76,345682,548136
f0:91:27:6b:7a:0a,4194,-30,1625,212.78,82.44,82,345764,548218
f0:91:27:6b:7a:0a,4200,-26,1626,212.94,82.44,472,346236,548690
f0:91:27:6b:7a:0a,4205,-28,1627,213.05,82.43,389,346625,549079
f0:91:27:6b:7a:0a,4206,-30,1628,212.96,82.43,77,346702,549156
f0:91:27:6b:7a:0a,4207,-33,1629,212.88,82.43,85,346787,549241
f0:91:27:6b:7a:0a,4213,-30,1630,213.05,82.43,478,347265,549719
f0:91:27:6b:7a:0a,4214,-33,1631,212.97,82.43,90,347355,549809
f0:91:27:6b:7a:0a,4287,-27,1632,216.44,82.40,5882,353237,555691
f0:91:27:6b:7a:0a,4309,-31,1633,217.38,82.38,1739,354976,557430
f0:91:27:6b:7a:0a,4310,-33,1634,217.29,82.38,78,355054,557508
f0:91:27:6b:7a:0a,4363,-28,1635,220.02,82.45,4676,359730,562184
f0:91:27:6b:7a:0a,4366,-31,1636,220.05,82.46,273,360003,562457
f0:91:27:6b:7a:0a,4367,-30,1637,219.97,82.46,96,360099,562553
f0:91:27:6b:7a:0a,4368,-29,1638,219.90,82.46,90,360189,562643
f0:91:27:6b:7a:0a,4371,-31,1639,219.93,82.47,275,360464,562918
f0:91:27:6b:7a:0a,4372,-33,1640,219.85,82.47,92,360556,563010
f0:91:27:6b:7a:0a,4373,-26,1641,219.78,82.47,99,360655,563109
f0:91:27:6b:7a:0a,4374,-28,1642,219.69,82.47,81,360736,563190
f0:91:27:6b:7a:0a,4379,-27,1643,219.85,82.49,471,361207,563661
f0:91:27:6b:7a:0a,4382,-28,1644,219.88,82.49,280,361487,563941
f0:91:27:6b:7a:0a,4383,-30,1645,219.80,82.49,88,361575,564029
f0:91:27:6b:7a:0a,4384,-28,1646,219.72,82.50,92,361667,564121
f0:91:27:6b:7a:0a,4385,-33,1647,219.65,82.50,90,361757,564211
f0:91:27:6b:7a:0a,4387,-28,1648,219.63,82.50,192,361949,564403
f0:91:27:6b:7a:0a,4391,-29,1649,219.73,82.52,382,362331,564785
f0:91:27:6b:7a:0a,4392,-29,1650,219.66,82.52,101,362432,564886
f0:91:27:6b:7a:0a,4393,-31,1651,219.58,82.52,94,362526,564980
f0:91:27:6b:7a:0a,4394,-33,1652,219.50,82.53,94,362620,565074
f0:91:27:6b:7a:0a,4395,-30,1653,219.43,82.53,97,362717,565171
f0:91:27:6b:7a:0a,4396,-29,1654,219.35,82.53,91,362808,565262
f0:91:27:6b:7a:0a,4397,-33,1655,219.28,82.53,95,362903,565357
f0:91:27:6b:7a:0a,4399,-28,1656,219.26,82.54,185,363088,565542
f0:91:27:6b:7a:0a,4400,-33,1657,219.18,82.54,96,363184,565638
f0:91:27:6b:7a:0a,4401,-30,1658,219.11,82.55,98,363282,565736
f0:91:27:6b:7a:0a,4405,-27,1659,219.20,82.56,375,363657,566111
f0:91:27:6b:7a:0a,4407,-30,1660,219.18,82.56,186,363843,566297
f0:91:27:6b:7a:0a,4408,-28,1661,219.11,82.56,92,363935,566389
f0:91:27:6b:7a:0a,4409,-28,1662,219.03,82.57,95,364030,566484
f0:91:27:6b:7a:0a,4412,-31,1663,219.07,82.57,277,364307,566761
f0:91:27:6b:7a:0a,4415,-28,1664,219.11,82.58,285,364592,567046
f0:91:27:6b:7a:0a,4416,-37,1665,219.03,82.58,93,364685,567139
f0:91:27:6b:7a:0a,4419,-35,1666,219.06,82.59,271,364956,567410
f0:91:27:6b:7a:0a,4420,-34,1667,218.99,82.59,92,365048,567502
f0:91:27:6b:7a:0a,4421,-39,1668,218.91,82.59,88,365136,567590
f0:91:27:6b:7a:0a,4423,-30,1669,218.89,82.60,187,365323,567777
f0:91:27:6b:7a:0a,4424,-34,1670,218.81,82.60,88,365411,567865
f0:91:27:6b:7a:0a,4426,-31,1671,218.79,82.60,184,365595,568049
f0:91:27:6b:7a:0a,4428,-32,1672,218.77,82.61,183,365778,568232
f0:91:27:6b:7a:0a,4432,-34,1673,218.86,82.61,367,366145,568599
f0:91:27:6b:7a:0a,4441,-27,1674,219.22,82.63,824,366969,569423
f0:91:27:6b:7a:0a,4442,-34,1675,219.14,82.63,91,367060,569514
f0:91:27:6b:7a:0a,4443,-31,1676,219.07,82.64,97,367157,569611
f0:91:27:6b:7a:0a,4444,-30,1677,218.99,82.64,91,367248,569702
f0:91:27:6b:7a:0a,4449,-33,1678,219.14,82.65,475,367723,570177
f0:91:27:6b:7a:0a,4452,-28,1679,219.18,82.66,285,368008,570462
f0:91:27:6b:7a:0a,4453,-33,1680,219.11,82.66,93,368101,570555
f0:91:27:6b:7a:0a,4454,-28,1681,219.03,82.66,82,368183,570637
f0:91:27:6b:7a:0a,4455,-31,1682,218.95,82.67,90,368273,570727
f0:91:27:6b:7a:0a,4457,-30,1683,218.93,82.67,186,368459,570913
f0:91:27:6b:7a:0a,4461,-30,1684,219.01,82.68,355,368814,571268
f0:91:27:6b:7a:0a,4462,-33,1685,218.93,82.68,86,368900,571354
f0:91:27:6b:7a:0a,4464,-28,1686,218.90,82.68,173,369073,571527
f0:91:27:6b:7a:0a,4465,-33,1687,218.83,82.68,90,369163,571617
f0:91:27:6b:7a:0a,4466,-30,1688,218.75,82.68,80,369243,571697
f0:91:27:6b:7a:0a,4470,-30,1689,218.82,82.68,350,369593,572047
f0:91:27:6b:7a:0a,4472,-30,1690,218.79,82.68,169,369762,572216
f0:91:27:6b:7a:0a,4478,-28,1691,218.97,82.69,513,370275,572729
f0:91:27:6b:7a:0a,4480,-27,1692,218.94,82.69,178,370453,572907
f0:91:27:6b:7a:0a,4481,-33,1693,218.86,82.69,81,370534,572988
f0:91:27:6b:7a:0a,4482,-26,1694,218.78,82.69,84,370618,573072
f0:91:27:6b:7a:0a,4486,-33,1695,218.85,82.69,331,370949,573403
f0:91:27:6b:7a:0a,4488,-33,1696,218.82,82.69,171,371120,573574
f0:91:27:6b:7a:0a,4489,-29,1697,218.74,82.69,76,371196,573650
f0:91:27:6b:7a:0a,4491,-34,1698,218.70,82.69,165,371361,573815
f0:91:27:6b:7a:0a,4494,-34,1699,218.72,82.69,247,371608,574062
f0:91:27:6b:7a:0a,4495,-27,1700,218.64,82.69,79,371687,574141
f0:91:27:6b:7a:0a,4496,-28,1701,218.56,82.69,78,371765,574219
f0:91:27:6b:7a:0a,4504,-29,1702,218.82,82.69,674,372439,574893
f0:91:27:6b:7a:0a,4506,-28,1703,218.80,82.69,171,372610,575064
f0:91:27:6b:7a:0a,4514,-33,1704,219.07,82.70,689,373299,575753
f0:91:27:6b:7a:0a,4516,-28,1705,219.04,82.70,165,373464,575918
f0:91:27:6b:7a:0a,4517,-29,1706,218.96,82.70,88,373552,576006
f0:91:27:6b:7a:0a,4519,-29,1707,218.93,82.70,168,373720,576174
f0:91:27:6b:7a:0a,4520,-28,1708,218.86,82.70,89,373809,576263
f0:91:27:6b:7a:0a,4521,-34,1709,218.78,82.70,78,373887,576341
f0:91:27:6b:7a:0a,4523,-30,1710,218.74,82.70,160,374047,576501
f0:91:27:6b:7a:0a,4524,-33,1711,218.66,82.70,78,374125,576579
f0:91:27:6b:7a:0a,4525,-26,1712,218.58,82.70,89,374214,576668
f0:91:27:6b:7a:0a,4526,-29,1713,218.50,82.70,75,374289,576743
f0:91:27:6b:7a:0a,4527,-26,1714,218.42,82.70,87,374376,576830
f0:91:27:6b:7a:0a,4528,-30,1715,218.34,82.70,79,374455,576909
f0:91:27:6b:7a:0a,4530,-27,1716,218.30,82.70,156,374611,577065
f0:91:27:6b:7a:0a,4532,-26,1717,218.27,82.70,165,374776,577230
f0:91:27:6b:7a:0a,4535,-29,1718,218.29,82.69,238,375014,577468
f0:91:27:6b:7a:0a,4537,-33,1719,218.25,82.69,161,375175,577629
f0:91:27:6b:7a:0a,4540,-33,1720,218.27,82.69,246,375421,577875
f0:91:27:6b:7a:0a,4541,-29,1721,218.19,82.69,84,375505,577959
f0:91:27:6b:7a:0a,4543,-30,1722,218.15,82.69,151,375656,578110
f0:91:27:6b:7a:0a,4547,-30,1723,218.21,82.69,319,375975,578429
f0:91:27:6b:7a:0a,4548,-34,1724,218.13,82.69,84,376059,578513
f0:91:27:6b:7a:0a,4549,-27,1725,218.05,82.69,79,376138,578592
f0:91:27:6b:7a:0a,4550,-31,1726,217.97,82.69,82,376220,578674
f0:91:27:6b:7a:0a,4552,-29,1727,217.94,82.68,158,376378,578832
f0:91:27:6b:7a:0a,4555,-34,1728,217.95,82.68,232,376610,579064
f0:91:27:6b:7a:0a,4558,-28,1729,217.95,82.68,229,376839,579293
f0:91:27:6b:7a:0a,4561,-30,1730,217.97,82.68,242,377081,579535
f0:91:27:6b:7a:0a,4562,-30,1731,217.89,82.67,79,377160,579614
f0:91:27:6b:7a:0a,4563,-31,1732,217.81,82.67,79,377239,579693
f0:91:27:6b:7a:0a,4564,-33,1733,217.72,82.67,71,377310,579764
f0:91:27:6b:7a:0a,4565,-29,1734,217.64,82.67,77,377387,579841
f0:91:27:6b:7a:0a,4566,-33,1735,217.57,82.67,90,377477,579931
f0:91:27:6b:7a:0a,4567,-32,1736,217.48,82.67,74,377551,580005
f0:91:27:6b:7a:0a,4568,-29,1737,217.41,82.67,82,377633,580087
f0:91:27:6b:7a:0a,4570,-31,1738,217.36,82.67,147,377780,580234
f0:91:27:6b:7a:0a,4572,-32,1739,217.33,82.66,158,377938,580392
f0:91:27:6b:7a:0a,4575,-32,1740,217.34,82.66,242,378180,580634
f0:91:27:6b:7a:0a,4576,-31,1741,217.27,82.66,88,378268,580722
f0:91:27:6b:7a:0a,4577,-35,1742,217.19,82.66,83,378351,580805
f0:91:27:6b:7a:0a,4578,-29,1743,217.11,82.66,75,378426,580880
f0:91:27:6b:7a:0a,4581,-34,1744,217.12,82.66,238,378664,581118
f0:91:27:6b:7a:0a,4582,-28,1745,217.04,82.66,75,378739,581193
f0:91:27:6b:7a:0a,4590,-28,1746,217.28,82.65,624,379363,581817
f0:91:27:6b:7a:0a,4595,-29,1747,217.39,82.65,410,379773,582227
f0:91:27:6b:7a:0a,4596,-31,1748,217.31,82.65,81,379854,582308
f0:91:27:6b:7a:0a,4597,-35,1749,217.23,82.65,74,379928,582382
f0:91:27:6b:7a:0a,4598,-29,1750,217.15,82.65,76,380004,582458
f0:91:27:6b:7a:0a,4599,-30,1751,217.07,82.65,85,380089,582543
f0:91:27:6b:7a:0a,4600,-34,1752,216.99,82.65,80,380169,582623
f0:91:27:6b:7a:0a,4601,-29,1753,216.92,82.65,84,380253,582707
f0:91:27:6b:7a:0a,4606,-29,1754,217.01,82.64,384,380637,583091
f0:91:27:6b:7a:0a,4610,-31,1755,217.07,82.64,318,380955,583409
f0:91:27:6b:7a:0a,4611,-34,1756,216.99,82.64,76,381031,583485
f0:91:27:6b:7a:0a,4612,-29,1757,216.91,82.63,78,381109,583563
f0:91:27:6b:7a:0a,4613,-30,1758,216.83,82.63,86,381195,583649
f0:91:27:6b:7a:0a,4614,-34,1759,216.76,82.63,79,381274,583728
f0:91:27:6b:7a:0a,4615,-31,1760,216.68,82.64,89,381363,583817
f0:91:27:6b:7a:0a,4616,-34,1761,216.61,82.64,82,381445,583899
f0:91:27:6b:7a:0a,4617,-31,1762,216.53,82.64,87,381532,583986
f0:91:27:6b:7a:0a,4618,-34,1763,216.45,82.63,76,381608,584062
f0:91:27:6b:7a:0a,4619,-34,1764,216.38,82.63,80,381688,584142
f0:91:27:6b:7a:0a,4620,-27,1765,216.30,82.63,80,381768,584222
f0:91:27:6b:7a:0a,4621,-30,1766,216.22,82.63,78,381846,584300
f0:91:27:6b:7a:0a,4622,-28,1767,216.14,82.63,76,381922,584376
f0:91:27:6b:7a:0a,4624,-29,1768,216.11,82.63,161,382083,584537
f0:91:27:6b:7a:0a,4625,-31,1769,216.03,82.63,80,382163,584617
f0:91:27:6b:7a:0a,4626,-30,1770,215.95,82.63,69,382232,584686
f0:91:27:6b:7a:0a,4628,-30,1771,215.93,82.63,175,382407,584861
f0:91:27:6b:7a:0a,4629,-34,1772,215.85,82.63,81,382488,584942
f0:91:27:6b:7a:0a,4630,-29,1773,215.77,82.63,80,382568,585022
f0:91:27:6b:7a:0a,4631,-31,1774,215.70,82.63,77,382645,585099
f0:91:27:6b:7a:0a,4633,-29,1775,215.67,82.63,165,382810,585264
f0:91:27:6b:7a:0a,4635,-28,1776,215.63,82.63,157,382967,585421
f0:91:27:6b:7a:0a,4648,-29,1777,216.09,82.62,1030,383997,586451
f0:91:27:6b:7a:0a,4650,-30,1778,216.05,82.61,148,384145,586599
f0:91:27:6b:7a:0a,4654,-32,1779,216.11,82.61,323,384468,586922
f0:91:27:6b:7a:0a,4655,-27,1780,216.03,82.61,74,384542,586996
f0:91:27:6b:7a:0a,4656,-28,1781,215.96,82.61,83,384625,587079
f0:91:27:6b:7a:0a,4659,-30,1782,215.97,82.61,236,384861,587315
f0:91:27:6b:7a:0a,4660,-34,1783,215.90,82.61,84,384945,587399
f0:91:27:6b:7a:0a,4661,-27,1784,215.82,82.61,79,385024,587478
f0:91:27:6b:7a:0a,4666,-30,1785,215.92,82.60,392,385416,587870
f0:91:27:6b:7a:0a,4669,-30,1786,215.93,82.60,237,385653,588107
f0:91:27:6b:7a:0a,4670,-32,1787,215.86,82.60,86,385739,588193
f0:91:27:6b:7a:0a,4672,-29,1788,215.82,82.60,155,385894,588348
f0:91:27:6b:7a:0a,4673,-31,1789,215.75,82.60,83,385977,588431
f0:91:27:6b:7a:0a,4677,-30,1790,215.80,82.59,307,386284,588738
f0:91:27:6b:7a:0a,4679,-31,1791,215.77,82.59,168,386452,588906
f0:91:27:6b:7a:0a,4680,-34,1792,215.70,82.59,77,386529,588983
f0:91:27:6b:7a:0a,4681,-27,1793,215.62,82.59,74,386603,589057
f0:91:27:6b:7a:0a,4682,-30,1794,215.55,82.59,88,386691,589145
f0:91:27:6b:7a:0a,4683,-31,1795,215.47,82.59,73,386764,589218
f0:91:27:6b:7a:0a,4685,-29,1796,215.44,82.59,162,386926,589380
f0:91:27:6b:7a:0a,4686,-30,1797,215.36,82.59,74,387000,589454
f0:91:27:6b:7a:0a,4687,-34,1798,215.29,82.59,84,387084,589538
f0:91:27:6b:7a:0a,4690,-28,1799,215.30,82.58,235,387319,589773
f0:91:27:6b:7a:0a,4691,-34,1800,215.22,82.58,77,387396,589850
f0:91:27:6b:7a:0a,4692,-29,1801,215.14,82.58,79,387475,589929
f0:91:27:6b:7a:0a,4693,-30,1802,215.07,82.58,82,387557,590011
f0:91:27:6b:7a:0a,4694,-32,1803,214.99,82.58,71,387628,590082
f0:91:27:6b:7a:0a,4695,-29,1804,214.92,82.58,83,387711,590165
f0:91:27:6b:7a:0a,4698,-30,1805,214.93,82.58,236,387947,590401
f0:91:27:6b:7a:0a,4699,-30,1806,214.85,82.58,78,388025,590479
f0:91:27:6b:7a:0a,4700,-34,1807,214.78,82.58,83,388108,590562
f0:91:27:6b:7a:0a,4701,-27,1808,214.71,82.58,80,388188,590642
f0:91:27:6b:7a:0a,4702,-30,1809,214.63,82.57,75,388263,590717
f0:91:27:6b:7a:0a,4703,-33,1810,214.55,82.57,79,388342,590796
f0:91:27:6b:7a:0a,4705,-30,1811,214.52,82.57,162,388504,590958
f0:91:27:6b:7a:0a,4708,-31,1812,214.54,82.57,234,388738,591192
f0:91:27:6b:7a:0a,4709,-34,1813,214.46,82.57,80,388818,591272
f0:91:27:6b:7a:0a,4710,-27,1814,214.39,82.57,82,388900,591354
f0:91:27:6b:7a:0a,4711,-29,1815,214.31,82.57,78,388978,591432
f0:91:27:6b:7a:0a,4712,-31,1816,214.24,82.57,81,389059,591513
f0:91:27:6b:7a:0a,4715,-29,1817,214.26,82.57,245,389304,591758
f0:91:27:6b:7a:0a,4716,-30,1818,214.18,82.57,78,389382,591836
f0:91:27:6b:7a:0a,4717,-34,1819,214.11,82.57,78,389460,591914
f0:91:27:6b:7a:0a,4718,-27,1820,214.03,82.56,76,389536,591990
f0:91:27:6b:7a:0a,4720,-34,1821,214.01,82.57,171,389707,592161
f0:91:27:6b:7a:0a,4723,-29,1822,214.02,82.56,230,389937,592391
f0:91:27:6b:7a:0a,4730,-31,1823,214.21,82.56,559,390496,592950
f0:91:27:6b:7a:0a,4731,-34,1824,214.13,82.56,74,390570,593024
f0:91:27:6b:7a:0a,4733,-29,1825,214.10,82.55,160,390730,593184
f0:91:27:6b:7a:0a,4734,-31,1826,214.03,82.55,83,390813,593267
f0:91:27:6b:7a:0a,4736,-28,1827,214.00,82.55,160,390973,593427
f0:91:27:6b:7a:0a,4739,-31,1828,214.02,82.55,250,391223,593677
f0:91:27:6b:7a:0a,4740,-31,1829,213.94,82.55,71,391294,593748
f0:91:27:6b:7a:0a,4743,-30,1830,213.95,82.55,238,391532,593986
f0:91:27:6b:7a:0a,4744,-34,1831,213.88,82.55,79,391611,594065
f0:91:27:6b:7a:0a,4745,-29,1832,213.81,82.55,82,391693,594147
f0:91:27:6b:7a:0a,4748,-27,1833,213.82,82.55,235,391928,594382
f0:91:27:6b:7a:0a,4749,-30,1834,213.75,82.55,84,392012,594466
f0:91:27:6b:7a:0a,4753,-29,1835,213.81,82.54,322,392334,594788
f0:91:27:6b:7a:0a,4762,-28,1836,214.07,82.54,700,393034,595488
f0:91:27:6b:7a:0a,4763,-28,1837,214.00,82.53,77,393111,595565
f0:91:27:6b:7a:0a,4766,-30,1838,214.01,82.53,244,393355,595809
f0:91:27:6b:7a:0a,4770,-34,1839,214.07,82.53,324,393679,596133
f0:91:27:6b:7a:0a,4772,-31,1840,214.04,82.53,156,393835,596289
f0:91:27:6b:7a:0a,4785,-34,1841,214.49,82.52,1032,394867,597321
f0:91:27:6b:7a:0a,4786,-29,1842,214.41,82.52,80,394947,597401
f0:91:27:6b:7a:0a,4831,-28,1843,216.23,82.49,3564,398511,600965
f0:91:27:6b:7a:0a,4833,-30,1844,216.20,82.49,167,398678,601132
f0:91:27:6b:7a:0a,4834,-28,1845,216.13,82.49,85,398763,601217
f0:91:27:6b:7a:0a,4844,-30,1846,216.45,82.49,811,399574,602028
f0:91:27:6b:7a:0a,4846,-32,1847,216.42,82.49,156,399730,602184
f0:91:27:6b:7a:0a,4847,-29,1848,216.35,82.49,76,399806,602260
f0:91:27:6b:7a:0a,4848,-29,1849,216.27,82.48,79,399885,602339
f0:91:27:6b:7a:0a,4850,-34,1850,216.25,82.49,170,400055,602509
f0:91:27:6b:7a:0a,4851,-29,1851,216.17,82.48,75,400130,602584
f0:91:27:6b:7a:0a,4853,-30,1852,216.14,82.48,158,400288,602742
f0:91:27:6b:7a:0a,4857,-30,1853,216.20,82.48,333,400621,603075
f0:91:27:6b:7a:0a,4879,-30,1854,217.04,82.47,1766,402387,604841
f0:91:27:6b:7a:0a,4880,-30,1855,216.96,82.47,75,402462,604916
f0:91:27:6b:7a:0a,4881,-34,1856,216.89,82.47,79,402541,604995
f0:91:27:6b:7a:0a,4890,-34,1857,217.15,82.47,714,403255,605709
f0:91:27:6b:7a:0a,4891,-34,1858,217.08,82.46,73,403328,605782
f0:91:27:6b:7a:0a,4893,-34,1859,217.05,82.46,161,403489,605943
f0:91:27:6b:7a:0a,4897,-34,1860,217.10,82.46,318,403807,606261
f0:91:27:6b:7a:0a,4899,-29,1861,217.07,82.46,152,403959,606413
f0:91:27:6b:7a:0a,4900,-30,1862,217.00,82.46,88,404047,606501
f0:91:27:6b:7a:0a,4901,-29,1863,216.93,82.46,92,404139,606593
f0:91:27:6b:7a:0a,4903,-28,1864,216.90,82.46,160,404299,606753
f0:91:27:6b:7a:0a,4907,-28,1865,216.95,82.45,306,404605,607059
f0:91:27:6b:7a:0a,4909,-29,1866,216.91,82.45,157,404762,607216
f0:91:27:6b:7a:0a,4910,-31,1867,216.84,82.45,73,404835,607289
f0:91:27:6b:7a:0a,4911,-29,1868,216.77,82.45,84,404919,607373
f0:91:27:6b:7a:0a,4912,-28,1869,216.69,82.45,81,405000,607454
f0:91:27:6b:7a:0a,4914,-30,1870,216.67,82.45,180,405180,607634
f0:91:27:6b:7a:0a,4915,-29,1871,216.60,82.45,81,405261,607715
f0:91:27:6b:7a:0a,4916,-30,1872,216.53,82.45,74,405335,607789
f0:91:27:6b:7a:0a,4917,-28,1873,216.45,82.45,83,405418,607872
f0:91:27:6b:7a:0a,4918,-30,1874,216.38,82.45,76,405494,607948
f0:91:27:6b:7a:0a,4919,-31,1875,216.30,82.45,74,405568,608022
f0:91:27:6b:7a:0a,4938,-34,1876,216.97,82.43,1477,407045,609499
f0:91:27:6b:7a:0a,4941,-32,1877,216.99,82.43,243,407288,609742
f0:91:27:6b:7a:0a,4942,-35,1878,216.92,82.43,83,407371,609825
f0:91:27:6b:7a:0a,4943,-29,1879,216.85,82.43,89,407460,609914
f0:91:27:6b:7a:0a,4944,-30,1880,216.77,82.43,73,407533,609987
f0:91:27:6b:7a:0a,4949,-34,1881,216.87,82.43,403,407936,610390
f0:91:27:6b:7a:0a,4952,-34,1882,216.88,82.43,233,408169,610623
f0:91:27:6b:7a:0a,4956,-29,1883,216.93,82.42,314,408483,610937
f0:91:27:6b:7a:0a,4957,-29,1884,216.86,82.42,73,408556,611010
f0:91:27:6b:7a:0a,4958,-28,1885,216.78,82.42,83,408639,611093
f0:91:27:6b:7a:0a,4959,-34,1886,216.71,82.42,80,408719,611173
f0:91:27:6b:7a:0a,4960,-27,1887,216.64,82.42,83,408802,611256
f0:91:27:6b:7a:0a,4961,-28,1888,216.57,82.42,82,408884,611338
f0:91:27:6b:7a:0a,4969,-34,1889,216.79,82.41,632,409516,611970
f0:91:27:6b:7a:0a,4970,-32,1890,216.72,82.41,78,409594,612048
f0:91:27:6b:7a:0a,4971,-29,1891,216.64,82.41,80,409674,612128
f0:91:27:6b:7a:0a,4973,-30,1892,216.62,82.41,172,409846,612300
f0:91:27:6b:7a:0a,4974,-31,1893,216.55,82.41,74,409920,612374
f0:91:27:6b:7a:0a,4977,-31,1894,216.56,82.41,237,410157,612611
f0:91:27:6b:7a:0a,4978,-34,1895,216.48,82.41,76,410233,612687
f0:91:27:6b:7a:0a,4983,-31,1896,216.58,82.41,407,410640,613094
f0:91:27:6b:7a:0a,4984,-30,1897,216.51,82.41,85,410725,613179
f0:91:27:6b:7a:0a,4985,-29,1898,216.44,82.41,76,410801,613255
f0:91:27:6b:7a:0a,4986,-30,1899,216.37,82.41,85,410886,613340
f0:91:27:6b:7a:0a,5006,-35,1900,217.09,82.40,1587,412473,614927
f0:91:27:6b:7a:0a,5007,-28,1901,217.02,82.40,81,412554,615008
f0:91:27:6b:7a:0a,5011,-32,1902,217.07,82.39,321,412875,615329
f0:91:27:6b:7a:0a,5020,-30,1903,217.33,82.39,712,413587,616041
f0:91:27:6b:7a:0a,5023,-33,1904,217.34,82.38,231,413818,616272
f0:91:27:6b:7a:0a,5024,-30,1905,217.27,82.38,81,413899,616353
f0:91:27:6b:7a:0a,5031,-30,1906,217.44,82.38,551,414450,616904
f0:91:27:6b:7a:0a,5032,-31,1907,217.37,82.38,80,414530,616984
f0:91:27:6b:7a:0a,5033,-40,1908,217.30,82.38,77,414607,617061
f0:91:27:6b:7a:0a,5035,-31,1909,217.27,82.38,161,414768,617222
f0:91:27:6b:7a:0a,5037,-30,1910,217.24,82.38,161,414929,617383
f0:91:27:6b:7a:0a,5038,-31,1911,217.17,82.38,79,415008,617462
f0:91:27:6b:7a:0a,5039,-32,1912,217.10,82.37,78,415086,617540
f0:91:27:6b:7a:0a,5040,-27,1913,217.03,82.37,83,415169,617623
f0:91:27:6b:7a:0a,5041,-31,1914,216.95,82.37,79,415248,617702
f0:91:27:6b:7a:0a,5042,-35,1915,216.89,82.38,89,415337,617791
f0:91:27:6b:7a:0a,5046,-31,1916,216.96,82.38,353,415690,618144
f0:91:27:6b:7a:0a,5054,-31,1917,217.22,82.39,730,416420,618874
f0:91:27:6b:7a:0a,5055,-29,1918,217.16,82.40,97,416517,618971
f0:91:27:6b:7a:0a,5059,-34,1919,217.24,82.40,368,416885,619339
f0:91:27:6b:7a:0a,5060,-34,1920,217.18,82.41,103,416988,619442
f0:91:27:6b:7a:0a,5062,-29,1921,217.16,82.41,180,417168,619622
f0:91:27:6b:7a:0a,5069,-34,1922,217.39,82.43,648,417816,620270
f0:91:27:6b:7a:0a,5071,-27,1923,217.37,82.43,184,418000,620454
f0:91:27:6b:7a:0a,5072,-29,1924,217.31,82.43,96,418096,620550
f0:91:27:6b:7a:0a,5073,-34,1925,217.24,82.43,93,418189,620643
f0:91:27:6b:7a:0a,5076,-34,1926,217.27,82.44,274,418463,620917
f0:91:27:6b:7a:0a,5078,-27,1927,217.25,82.44,180,418643,621097
f0:91:27:6b:7a:0a,5079,-34,1928,217.18,82.44,89,418732,621186
f0:91:27:6b:7a:0a,5080,-30,1929,217.12,82.45,93,418825,621279
f0:91:27:6b:7a:0a,5087,-30,1930,217.35,82.46,666,419491,621945
f0:91:27:6b:7a:0a,5089,-27,1931,217.34,82.47,186,419677,622131
f0:91:27:6b:7a:0a,5090,-34,1932,217.27,82.47,95,419772,622226
f0:91:27:6b:7a:0a,5095,-31,1933,217.40,82.48,468,420240,622694
f0:91:27:6b:7a:0a,5096,-29,1934,217.34,82.48,99,420339,622793
f0:91:27:6b:7a:0a,5098,-31,1935,217.33,82.49,185,420524,622978
f0:91:27:6b:7a:0a,5102,-29,1936,217.40,82.50,372,420896,623350
f0:91:27:6b:7a:0a,5103,-34,1937,217.34,82.50,88,420984,623438
f0:91:27:6b:7a:0a,5107,-30,1938,217.41,82.50,366,421350,623804
f0:91:27:6b:7a:0a,5108,-30,1939,217.36,82.51,107,421457,623911
f0:91:27:6b:7a:0a,5113,-27,1940,217.48,82.52,461,421918,624372
f0:91:27:6b:7a:0a,5114,-34,1941,217.42,82.52,90,422008,624462
f0:91:27:6b:7a:0a,5115,-32,1942,217.36,82.52,102,422110,624564
f0:91:27:6b:7a:0a,5116,-30,1943,217.29,82.53,88,422198,624652
f0:91:27:6b:7a:0a,5120,-34,1944,217.37,82.53,366,422564,625018
f0:91:27:6b:7a:0a,5123,-33,1945,217.40,82.54,272,422836,625290
f0:91:27:6b:7a:0a,5130,-34,1946,217.62,82.55,658,423494,625948
f0:91:27:6b:7a:0a,5133,-34,1947,217.65,82.56,277,423771,626225
f0:91:27:6b:7a:0a,5134,-30,1948,217.59,82.56,91,423862,626316
f0:91:27:6b:7a:0a,5136,-34,1949,217.57,82.56,187,424049,626503
f0:91:27:6b:7a:0a,5137,-31,1950,217.51,82.57,95,424144,626598
f0:91:27:6b:7a:0a,5140,-34,1951,217.54,82.57,274,424418,626872
f0:91:27:6b:7a:0a,5145,-29,1952,217.67,82.58,466,424884,627338
f0:91:27:6b:7a:0a,5146,-32,1953,217.60,82.58,93,424977,627431
f0:91:27:6b:7a:0a,5155,-34,1954,217.91,82.60,820,425797,628251
f0:91:27:6b:7a:0a,5157,-29,1955,217.89,82.60,177,425974,628428
f0:91:27:6b:7a:0a,5158,-34,1956,217.82,82.60,87,426061,628515
f0:91:27:6b:7a:0a,5161,-32,1957,217.85,82.61,277,426338,628792
f0:91:27:6b:7a:0a,5167,-34,1958,218.02,82.62,553,426891,629345
f0:91:27:6b:7a:0a,5169,-34,1959,218.00,82.62,175,427066,629520
f0:91:27:6b:7a:0a,5170,-29,1960,217.93,82.62,86,427152,629606
f0:91:27:6b:7a:0a,5180,-27,1961,218.27,82.63,875,428027,630481
f0:91:27:6b:7a:0a,5190,-29,1962,218.59,82.64,854,428881,631335
f0:91:27:6b:7a:0a,5191,-34,1963,218.53,82.64,92,428973,631427
f0:91:27:6b:7a:0a,5195,-32,1964,218.59,82.64,346,429319,631773
f0:91:27:6b:7a:0a,5196,-26,1965,218.52,82.64,77,429396,631850
f0:91:27:6b:7a:0a,5198,-29,1966,218.50,82.64,169,429565,632019
f0:91:27:6b:7a:0a,5204,-34,1967,218.64,82.64,499,430064,632518
f0:91:27:6b:7a:0a,5205,-29,1968,218.57,82.64,81,430145,632599
f0:91:27:6b:7a:0a,5207,-28,1969,218.54,82.64,164,430309,632763
f0:91:27:6b:7a:0a,5208,-31,1970,218.47,82.64,85,430394,632848
f0:91:27:6b:7a:0a,5209,-34,1971,218.41,82.64,88,430482,632936
f0:91:27:6b:7a:0a,5225,-27,1972,218.98,82.65,1349,431831,634285
f0:91:27:6b:7a:0a,5236,-29,1973,219.34,82.65,928,432759,635213
f0:91:27:6b:7a:0a,5238,-29,1974,219.31,82.65,165,432924,635378
f0:91:27:6b:7a:0a,5239,-30,1975,219.25,82.65,85,433009,635463
f0:91:27:6b:7a:0a,5241,-28,1976,219.22,82.65,166,433175,635629
f0:91:27:6b:7a:0a,5250,-32,1977,219.48,82.65,738,433913,636367
f0:91:27:6b:7a:0a,5251,-29,1978,219.41,82.65,83,433996,636450
f0:91:27:6b:7a:0a,5253,-34,1979,219.38,82.65,159,434155,636609
f0:91:27:6b:7a:0a,5255,-29,1980,219.35,82.65,154,434309,636763
f0:91:27:6b:7a:0a,5256,-30,1981,219.28,82.65,78,434387,636841
f0:91:27:6b:7a:0a,5259,-30,1982,219.28,82.64,235,434622,637076
f0:91:27:6b:7a:0a,5260,-34,1983,219.21,82.64,79,434701,637155
f0:91:27:6b:7a:0a,5261,-29,1984,219.14,82.64,76,434777,637231
f0:91:27:6b:7a:0a,5265,-30,1985,219.19,82.64,323,435100,637554
f0:91:27:6b:7a:0a,5267,-30,1986,219.17,82.64,167,435267,637721
f0:91:27:6b:7a:0a,5269,-34,1987,219.14,82.64,161,435428,637882
f0:91:27:6b:7a:0a,5272,-34,1988,219.15,82.64,239,435667,638121
f0:91:27:6b:7a:0a,5273,-29,1989,219.08,82.64,81,435748,638202
f0:91:27:6b:7a:0a,5280,-30,1990,219.25,82.63,556,436304,638758
f0:91:27:6b:7a:0a,5281,-30,1991,219.17,82.63,73,436377,638831
f0:91:27:6b:7a:0a,5282,-32,1992,219.10,82.63,77,436454,638908
f0:91:27:6b:7a:0a,5284,-30,1993,219.07,82.63,153,436607,639061
f0:91:27:6b:7a:0a,5285,-34,1994,219.00,82.63,79,436686,639140
f0:91:27:6b:7a:0a,5286,-29,1995,218.93,82.63,81,436767,639221
f0:91:27:6b:7a:0a,5287,-30,1996,218.86,82.63,83,436850,639304
f0:91:27:6b:7a:0a,5288,-33,1997,218.79,82.63,77,436927,639381
f0:91:27:6b:7a:0a,5289,-29,1998,218.72,82.62,73,437000,639454
f0:91:27:6b:7a:0a,5291,-29,1999,218.69,82.63,171,437171,639625
f0:91:27:6b:7a:0a,5292,-29,2000,218.62,82.62,77,437248,639702
f0:91:27:6b:7a:0a,5294,-34,2001,218.59,82.62,158,437406,639860
f0:91:27:6b:7a:0a,5295,-31,2002,218.53,82.62,82,437488,639942
f0:91:27:6b:7a:0a,5296,-32,2003,218.46,82.62,81,437569,640023
f0:91:27:6b:7a:0a,5298,-30,2004,218.43,82.62,162,437731,640185
f0:91:27:6b:7a:0a,5302,-31,2005,218.48,82.62,323,438054,640508
f0:91:27:6b:7a:0a,5304,-29,2006,218.45,82.62,163,438217,640671
f0:91:27:6b:7a:0a,5305,-31,2007,218.38,82.62,77,438294,640748
f0:91:27:6b:7a:0a,5306,-30,2008,218.32,82.62,83,438377,640831
f0:91:27:6b:7a:0a,5310,-34,2009,218.36,82.62,318,438695,641149
f0:91:27:6b:7a:0a,5311,-30,2010,218.30,82.62,88,438783,641237
f0:91:27:6b:7a:0a,5312,-32,2011,218.23,82.62,71,438854,641308
f0:91:27:6b:7a:0a,5313,-29,2012,218.16,82.62,80,438934,641388
f0:91:27:6b:7a:0a,5314,-30,2013,218.09,82.61,74,439008,641462
f0:91:27:6b:7a:0a,5315,-30,2014,218.02,82.61,83,439091,641545
f0:91:27:6b:7a:0a,5317,-32,2015,217.99,82.61,155,439246,641700
f0:91:27:6b:7a:0a,5319,-29,2016,217.96,82.61,162,439408,641862
f0:91:27:6b:7a:0a,5320,-26,2017,217.89,82.61,75,439483,641937
f0:91:27:6b:7a:0a,5321,-30,2018,217.82,82.61,81,439564,642018
f0:91:27:6b:7a:0a,5323,-30,2019,217.79,82.61,162,439726,642180
f0:91:27:6b:7a:0a,5324,-30,2020,217.72,82.61,75,439801,642255
f0:91:27:6b:7a:0a,5325,-33,2021,217.66,82.61,85,439886,642340
f0:91:27:6b:7a:0a,5328,-31,2022,217.67,82.61,236,440122,642576
f0:91:27:6b:7a:0a,5329,-32,2023,217.60,82.60,76,440198,642652
f0:91:27:6b:7a:0a,5330,-29,2024,217.53,82.60,86,440284,642738
f0:91:27:6b:7a:0a,5331,-30,2025,217.46,82.60,82,440366,642820
f0:91:27:6b:7a:0a,5332,-31,2026,217.39,82.60,76,440442,642896
f0:91:27:6b:7a:0a,5333,-34,2027,217.33,82.60,85,440527,642981
f0:91:27:6b:7a:0a,5334,-29,2028,217.26,82.60,79,440606,643060
f0:91:27:6b:7a:0a,5336,-30,2029,217.23,82.60,161,440767,643221
f0:91:27:6b:7a:0a,5353,-34,2030,217.79,82.59,1341,442108,644562
f0:91:27:6b:7a:0a,5358,-34,2031,217.87,82.59,393,442501,644955
f0:91:27:6b:7a:0a,5359,-34,2032,217.80,82.58,72,442573,645027
f0:91:27:6b:7a:0a,5360,-27,2033,217.73,82.58,82,442655,645109
f0:91:27:6b:7a:0a,5367,-30,2034,217.91,82.58,564,443219,645673
f0:91:27:6b:7a:0a,5368,-34,2035,217.83,82.58,74,443293,645747
f0:91:27:6b:7a:0a,5369,-29,2036,217.77,82.58,82,443375,645829
f0:91:27:6b:7a:0a,5370,-30,2037,217.70,82.58,78,443453,645907
f0:91:27:6b:7a:0a,5375,-31,2038,217.79,82.58,394,443847,646301
f0:91:27:6b:7a:0a,5377,-28,2039,217.76,82.58,159,444006,646460
f0:91:27:6b:7a:0a,5379,-29,2040,217.73,82.58,165,444171,646625
f0:91:27:6b:7a:0a,5380,-30,2041,217.66,82.57,82,444253,646707
f0:91:27:6b:7a:0a,5382,-27,2042,217.64,82.57,158,444411,646865
f0:91:27:6b:7a:0a,5383,-27,2043,217.56,82.57,73,444484,646938
f0:91:27:6b:7a:0a,5384,-28,2044,217.50,82.57,81,444565,647019
f0:91:27:6b:7a:0a,5386,-29,2045,217.47,82.57,155,444720,647174
f0:91:27:6b:7a:0a,5387,-29,2046,217.40,82.57,82,444802,647256
f0:91:27:6b:7a:0a,5388,-30,2047,217.33,82.57,77,444879,647333
f0:91:27:6b:7a:0a,5389,-29,2048,217.27,82.57,81,444960,647414
f0:91:27:6b:7a:0a,5397,-29,2049,217.47,82.56,640,445600,648054
f0:91:27:6b:7a:0a,5402,-29,2050,217.55,82.56,387,445987,648441
f0:91:27:6b:7a:0a,5404,-33,2051,217.53,82.56,157,446144,648598
f0:91:27:6b:7a:0a,5406,-30,2052,217.50,82.56,170,446314,648768
f0:91:27:6b:7a:0a,5408,-27,2053,217.47,82.56,155,446469,648923
f0:91:27:6b:7a:0a,5409,-33,2054,217.41,82.56,89,446558,649012
f0:91:27:6b:7a:0a,5411,-30,2055,217.38,82.56,155,446713,649167
f0:91:27:6b:7a:0a,5417,-33,2056,217.50,82.55,466,447179,649633
f0:91:27:6b:7a:0a,5418,-29,2057,217.43,82.55,79,447258,649712
f0:91:27:6b:7a:0a,5421,-29,2058,217.44,82.55,233,447491,649945
f0:91:27:6b:7a:0a,5423,-30,2059,217.41,82.55,158,447649,650103
f0:91:27:6b:7a:0a,5424,-31,2060,217.34,82.54,74,447723,650177
f0:91:27:6b:7a:0a,5425,-29,2061,217.27,82.54,79,447802,650256
f0:91:27:6b:7a:0a,5427,-34,2062,217.25,82.54,158,447960,650414
f0:91:27:6b:7a:0a,5428,-29,2063,217.18,82.54,89,448049,650503
f0:91:27:6b:7a:0a,5437,-29,2064,217.43,82.54,727,448776,651230
f0:91:27:6b:7a:0a,5438,-30,2065,217.36,82.54,75,448851,651305
f0:91:27:6b:7a:0a,5442,-31,2066,217.41,82.54,314,449165,651619
f0:91:27:6b:7a:0a,5443,-34,2067,217.34,82.54,79,449244,651698
f0:91:27:6b:7a:0a,5446,-34,2068,217.35,82.54,244,449488,651942
f0:91:27:6b:7a:0a,5447,-29,2069,217.29,82.54,81,449569,652023
f0:91:27:6b:7a:0a,5448,-28,2070,217.22,82.53,72,449641,652095
f0:91:27:6b:7a:0a,5453,-29,2071,217.31,82.53,405,450046,652500
f0:91:27:6b:7a:0a,5504,-34,2072,219.16,82.50,4049,454095,656549
f0:91:27:6b:7a:0a,5531,-29,2073,220.10,82.49,2177,456272,658726
f0:91:27:6b:7a:0a,5533,-34,2074,220.08,82.49,167,456439,658893
f0:91:27:6b:7a:0a,5534,-29,2075,220.01,82.49,76,456515,658969
f0:91:27:6b:7a:0a,5535,-29,2076,219.94,82.49,71,456586,659040
f0:91:27:6b:7a:0a,5544,-32,2077,220.17,82.49,716,457302,659756
f0:91:27:6b:7a:0a,5546,-34,2078,220.15,82.49,166,457468,659922
f0:91:27:6b:7a:0a,5549,-34,2079,220.16,82.49,246,457714,660168
f0:91:27:6b:7a:0a,5550,-27,2080,220.09,82.48,74,457788,660242
f0:91:27:6b:7a:0a,5552,-28,2081,220.06,82.48,156,457944,660398
f0:91:27:6b:7a:0a,5559,-34,2082,220.22,82.48,558,458502,660956
f0:91:27:6b:7a:0a,5562,-31,2083,220.23,82.48,232,458734,661188
f0:91:27:6b:7a:0a,5572,-34,2084,220.51,82.47,807,459541,661995
f0:91:27:6b:7a:0a,5573,-28,2085,220.44,82.47,82,459623,662077
f0:91:27:6b:7a:0a,5574,-34,2086,220.38,82.47,80,459703,662157
f0:91:27:6b:7a:0a,5575,-29,2087,220.31,82.47,83,459786,662240
f0:91:27:6b:7a:0a,5576,-28,2088,220.24,82.47,81,459867,662321
f0:91:27:6b:7a:0a,5581,-32,2089,220.33,82.47,405,460272,662726
f0:91:27:6b:7a:0a,5582,-31,2090,220.27,82.47,84,460356,662810
f0:91:27:6b:7a:0a,5583,-31,2091,220.20,82.47,72,460428,662882
f0:91:27:6b:7a:0a,5586,-34,2092,220.21,82.47,252,460680,663134
f0:91:27:6b:7a:0a,5591,-31,2093,220.30,82.47,401,461081,663535
f0:91:27:6b:7a:0a,5592,-34,2094,220.23,82.47,87,461168,663622
f0:91:27:6b:7a:0a,5593,-29,2095,220.17,82.47,81,461249,663703
f0:91:27:6b:7a:0a,5594,-28,2096,220.10,82.47,86,461335,663789
f0:91:27:6b:7a:0a,5597,-31,2097,220.11,82.47,243,461578,664032
f0:91:27:6b:7a:0a,5598,-34,2098,220.04,82.47,72,461650,664104
f0:91:27:6b:7a:0a,5599,-34,2099,219.97,82.47,77,461727,664181
f0:91:27:6b:7a:0a,5603,-31,2100,220.03,82.47,337,462064,664518
f0:91:27:6b:7a:0a,5605,-30,2101,220.00,82.47,164,462228,664682
f0:91:27:6b:7a:0a,5611,-27,2102,220.13,82.47,484,462712,665166
f0:91:27:6b:7a:0a,5612,-31,2103,220.06,82.46,81,462793,665247
f0:91:27:6b:7a:0a,5615,-34,2104,220.07,82.46,224,463017,665471
f0:91:27:6b:7a:0a,5616,-29,2105,220.00,82.46,80,463097,665551
f0:91:27:6b:7a:0a,5617,-31,2106,219.93,82.46,86,463183,665637
f0:91:27:6b:7a:0a,5620,-34,2107,219.94,82.46,228,463411,665865
f0:91:27:6b:7a:0a,5629,-31,2108,220.18,82.45,723,464134,666588
f0:91:27:6b:7a:0a,5630,-34,2109,220.11,82.45,83,464217,666671
f0:91:27:6b:7a:0a,5631,-29,2110,220.04,82.45,71,464288,666742
f0:91:27:6b:7a:0a,5632,-29,2111,219.98,82.45,84,464372,666826
f0:91:27:6b:7a:0a,5635,-34,2112,219.98,82.45,234,464606,667060
f0:91:27:6b:7a:0a,5636,-31,2113,219.92,82.45,89,464695,667149
f0:91:27:6b:7a:0a,5637,-34,2114,219.85,82.45,77,464772,667226
f0:91:27:6b:7a:0a,5638,-27,2115,219.79,82.45,81,464853,667307
f0:91:27:6b:7a:0a,5640,-29,2116,219.77,82.45,173,465026,667480
f0:91:27:6b:7a:0a,5641,-34,2117,219.70,82.45,83,465109,667563
f0:91:27:6b:7a:0a,5643,-29,2118,219.67,82.45,153,465262,667716
f0:91:27:6b:7a:0a,5644,-28,2119,219.61,82.45,86,465348,667802
f0:91:27:6b:7a:0a,5670,-31,2120,220.47,82.43,2055,467403,669857
f0:91:27:6b:7a:0a,5673,-31,2121,220.48,82.43,233,467636,670090
f0:91:27:6b:7a:0a,5676,-29,2122,220.49,82.43,244,467880,670334
f0:91:27:6b:7a:0a,5677,-28,2123,220.42,82.43,82,467962,670416
f0:91:27:6b:7a:0a,5686,-33,2124,220.66,82.43,725,468687,671141
f0:91:27:6b:7a:0a,5695,-31,2125,220.89,82.42,707,469394,671848
f0:91:27:6b:7a:0a,5696,-34,2126,220.82,82.42,75,469469,671923
f0:91:27:6b:7a:0a,5698,-31,2127,220.80,82.42,162,469631,672085
f0:91:27:6b:7a:0a,5705,-34,2128,220.96,82.42,564,470195,672649
f0:91:27:6b:7a:0a,5709,-32,2129,221.00,82.41,308,470503,672957
f0:91:27:6b:7a:0a,5710,-29,2130,220.93,82.41,82,470585,673039
f0:91:27:6b:7a:0a,5711,-31,2131,220.86,82.41,78,470663,673117
f0:91:27:6b:7a:0a,5715,-31,2132,220.91,82.41,311,470974,673428
f0:91:27:6b:7a:0a,5718,-29,2133,220.91,82.41,236,471210,673664
f0:91:27:6b:7a:0a,5720,-27,2134,220.89,82.41,160,471370,673824
f0:91:27:6b:7a:0a,5721,-31,2135,220.82,82.41,81,471451,673905
f0:91:27:6b:7a:0a,5723,-29,2136,220.79,82.41,156,471607,674061
f0:91:27:6b:7a:0a,5724,-31,2137,220.73,82.41,87,471694,674148
f0:91:27:6b:7a:0a,5725,-34,2138,220.66,82.41,79,471773,674227
f0:91:27:6b:7a:0a,5727,-29,2139,220.63,82.40,157,471930,674384
f0:91:27:6b:7a:0a,5728,-31,2140,220.56,82.40,78,472008,674462
f0:91:27:6b:7a:0a,5733,-27,2141,220.65,82.40,393,472401,674855
f0:91:27:6b:7a:0a,5734,-31,2142,220.58,82.40,79,472480,674934
f0:91:27:6b:7a:0a,5740,-31,2143,220.70,82.40,474,472954,675408
f0:91:27:6b:7a:0a,5742,-34,2144,220.67,82.40,162,473116,675570
f0:91:27:6b:7a:0a,5749,-33,2145,220.82,82.39,546,473662,676116
f0:91:27:6b:7a:0a,5750,-27,2146,220.76,82.39,85,473747,676201
f0:91:27:6b:7a:0a,5751,-31,2147,220.69,82.39,80,473827,676281
f0:91:27:6b:7a:0a,5752,-34,2148,220.63,82.39,81,473908,676362
f0:91:27:6b:7a:0a,5753,-27,2149,220.56,82.39,84,473992,676446
f0:91:27:6b:7a:0a,5756,-34,2150,220.58,82.39,265,474257,676711
f0:91:27:6b:7a:0a,5757,-31,2151,220.52,82.40,92,474349,676803
f0:91:27:6b:7a:0a,5758,-32,2152,220.46,82.39,78,474427,676881
f0:91:27:6b:7a:0a,5759,-29,2153,220.39,82.39,82,474509,676963
f0:91:27:6b:7a:0a,5761,-33,2154,220.38,82.40,183,474692,677146
f0:91:27:6b:7a:0a,5765,-28,2155,220.45,82.40,369,475061,677515
f0:91:27:6b:7a:0a,5766,-29,2156,220.39,82.41,91,475152,677606
f0:91:27:6b:7a:0a,5768,-32,2157,220.38,82.41,198,475350,677804
f0:91:27:6b:7a:0a,5770,-29,2158,220.36,82.42,185,475535,677989
f0:91:27:6b:7a:0a,5771,-34,2159,220.30,82.42,88,475623,678077
f0:91:27:6b:7a:0a,5772,-34,2160,220.24,82.42,105,475728,678182
f0:91:27:6b:7a:0a,5786,-30,2161,220.75,82.45,1308,477036,679490
f0:91:27:6b:7a:0a,5790,-32,2162,220.81,82.45,355,477391,679845
f0:91:27:6b:7a:0a,5791,-28,2163,220.75,82.45,96,477487,679941
f0:91:27:6b:7a:0a,5792,-29,2164,220.69,82.46,94,477581,680035
f0:91:27:6b:7a:0a,5793,-33,2165,220.63,82.46,88,477669,680123
f0:91:27:6b:7a:0a,5798,-34,2166,220.74,82.46,457,478126,680580
f0:91:27:6b:7a:0a,5799,-30,2167,220.68,82.46,88,478214,680668
f0:91:27:6b:7a:0a,5801,-34,2168,220.66,82.47,186,478400,680854
f0:91:27:6b:7a:0a,5812,-30,2169,221.04,82.49,1030,479430,681884
f0:91:27:6b:7a:0a,5813,-29,2170,220.98,82.49,91,479521,681975
f0:91:27:6b:7a:0a,5814,-34,2171,220.92,82.49,91,479612,682066
f0:91:27:6b:7a:0a,5815,-30,2172,220.86,82.49,89,479701,682155
f0:91:27:6b:7a:0a,5818,-29,2173,220.88,82.50,281,479982,682436
f0:91:27:6b:7a:0a,5819,-32,2174,220.83,82.50,100,480082,682536
f0:91:27:6b:7a:0a,5820,-28,2175,220.77,82.50,85,480167,682621
f0:91:27:6b:7a:0a,5822,-30,2176,220.75,82.51,187,480354,682808
f0:91:27:6b:7a:0a,5831,-34,2177,221.03,82.52,830,481184,683638
f0:91:27:6b:7a:0a,5834,-31,2178,221.06,82.53,282,481466,683920
f0:91:27:6b:7a:0a,5835,-32,2179,221.00,82.53,87,481553,684007
f0:91:27:6b:7a:0a,5836,-30,2180,220.94,82.53,101,481654,684108
f0:91:27:6b:7a:0a,5837,-29,2181,220.88,82.53,84,481738,684192
f0:91:27:6b:7a:0a,5838,-29,2182,220.83,82.54,103,481841,684295
f0:91:27:6b:7a:0a,5839,-33,2183,220.77,82.54,96,481937,684391
f0:91:27:6b:7a:0a,5843,-29,2184,220.83,82.54,360,482297,684751
f0:91:27:6b:7a:0a,5844,-34,2185,220.77,82.54,89,482386,684840
f0:91:27:6b:7a:0a,5853,-34,2186,221.05,82.56,832,483218,685672
f0:91:27:6b:7a:0a,5855,-29,2187,221.03,82.56,180,483398,685852
f0:91:27:6b:7a:0a,5856,-34,2188,220.97,82.56,93,483491,685945
f0:91:27:6b:7a:0a,5857,-29,2189,220.91,82.56,83,483574,686028
f0:91:27:6b:7a:0a,5861,-30,2190,220.98,82.57,365,483939,686393
f0:91:27:6b:7a:0a,5862,-27,2191,220.92,82.57,87,484026,686480
f0:91:27:6b:7a:0a,5863,-32,2192,220.86,82.57,92,484118,686572
f0:91:27:6b:7a:0a,5865,-33,2193,220.84,82.57,184,484302,686756
f0:91:27:6b:7a:0a,5871,-34,2194,220.99,82.58,549,484851,687305
f0:91:27:6b:7a:0a,5872,-29,2195,220.93,82.58,86,484937,687391
f0:91:27:6b:7a:0a,5873,-34,2196,220.87,82.59,95,485032,687486
f0:91:27:6b:7a:0a,5874,-30,2197,220.81,82.59,90,485122,687576
f0:91:27:6b:7a:0a,5876,-34,2198,220.79,82.59,183,485305,687759
f0:91:27:6b:7a:0a,5886,-34,2199,221.10,82.60,898,486203,688657
f0:91:27:6b:7a:0a,5887,-29,2200,221.04,82.60,87,486290,688744
f0:91:27:6b:7a:0a,5888,-34,2201,220.98,82.61,89,486379,688833
f0:91:27:6b:7a:0a,5890,-29,2202,220.96,82.61,176,486555,689009
f0:91:27:6b:7a:0a,5893,-30,2203,220.98,82.61,257,486812,689266
f0:91:27:6b:7a:0a,5896,-32,2204,220.99,82.61,256,487068,689522
f0:91:27:6b:7a:0a,5897,-28,2205,220.94,82.61,94,487162,689616
f0:91:27:6b:7a:0a,5898,-34,2206,220.87,82.61,80,487242,689696
f0:91:27:6b:7a:0a,5899,-29,2207,220.81,82.61,89,487331,689785
f0:91:27:6b:7a:0a,5902,-28,2208,220.82,82.61,250,487581,690035
f0:91:27:6b:7a:0a,5904,-29,2209,220.80,82.61,163,487744,690198
f0:91:27:6b:7a:0a,5923,-34,2210,221.42,82.62,1598,489342,691796
f0:91:27:6b:7a:0a,5937,-34,2211,221.86,82.62,1182,490524,692978
f0:91:27:6b:7a:0a,5938,-30,2212,221.80,82.62,87,490611,693065
f0:91:27:6b:7a:0a,5942,-29,2213,221.85,82.62,339,490950,693404
f0:91:27:6b:7a:0a,5943,-31,2214,221.78,82.62,80,491030,693484
f0:91:27:6b:7a:0a,5946,-29,2215,221.80,82.63,264,491294,693748
f0:91:27:6b:7a:0a,5949,-32,2216,221.82,82.63,251,491545,693999
f0:91:27:6b:7a:0a,5956,-34,2217,221.97,82.62,555,492100,694554
f0:91:27:6b:7a:0a,5958,-28,2218,221.94,82.62,169,492269,694723
f0:91:27:6b:7a:0a,5959,-32,2219,221.88,82.62,79,492348,694802
f0:91:27:6b:7a:0a,5960,-29,2220,221.82,82.62,83,492431,694885
f0:91:27:6b:7a:0a,5961,-34,2221,221.76,82.62,87,492518,694972
f0:91:27:6b:7a:0a,5962,-32,2222,221.69,82.62,80,492598,695052
f0:91:27:6b:7a:0a,5971,-34,2223,221.92,82.62,728,493326,695780
f0:91:27:6b:7a:0a,5974,-31,2224,221.93,82.62,236,493562,696016
f0:91:27:6b:7a:0a,5976,-29,2225,221.90,82.62,161,493723,696177
f0:91:27:6b:7a:0a,5977,-31,2226,221.84,82.62,83,493806,696260
f0:91:27:6b:7a:0a,5985,-34,2227,222.02,82.61,637,494443,696897
f0:91:27:6b:7a:0a,5991,-29,2228,222.14,82.61,484,494927,697381
f0:91:27:6b:7a:0a,5996,-34,2229,222.22,82.61,397,495324,697778
f0:91:27:6b:7a:0a,5998,-34,2230,222.19,82.61,161,495485,697939
f0:91:27:6b:7a:0a,5999,-34,2231,222.13,82.61,81,495566,698020
f0:91:27:6b:7a:0a,6006,-27,2232,222.28,82.61,560,496126,698580
f0:91:27:6b:7a:0a,6007,-34,2233,222.22,82.61,84,496210,698664
f0:91:27:6b:7a:0a,6021,-31,2234,222.62,82.60,1116,497326,699780
f0:91:27:6b:7a:0a,6025,-30,2235,222.66,82.60,316,497642,700096
f0:91:27:6b:7a:0a,6029,-34,2236,222.70,82.60,326,497968,700422
f0:91:27:6b:7a:0a,6031,-27,2237,222.67,82.59,155,498123,700577
f0:91:27:6b:7a:0a,6032,-30,2238,222.61,82.59,75,498198,700652
f0:91:27:6b:7a:0a,6033,-34,2239,222.55,82.59,81,498279,700733
f0:91:27:6b:7a:0a,6035,-29,2240,222.52,82.59,157,498436,700890
f0:91:27:6b:7a:0a,6037,-32,2241,222.49,82.59,162,498598,701052
f0:91:27:6b:7a:0a,6040,-28,2242,222.49,82.59,233,498831,701285
f0:91:27:6b:7a:0a,6044,-34,2243,222.54,82.59,324,499155,701609
f0:91:27:6b:7a:0a,6049,-27,2244,222.61,82.58,389,499544,701998
f0:91:27:6b:7a:0a,6050,-33,2245,222.55,82.58,90,499634,702088
f0:91:27:6b:7a:0a,6051,-27,2246,222.49,82.58,80,499714,702168
f0:91:27:6b:7a:0a,6052,-28,2247,222.42,82.58,74,499788,702242
f0:91:27:6b:7a:0a,6053,-31,2248,222.36,82.58,75,499863,702317
f0:91:27:6b:7a:0a,6054,-34,2249,222.29,82.58,76,499939,702393
f0:91:27:6b:7a:0a,6055,-29,2250,222.23,82.58,80,500019,702473
f0:91:27:6b:7a:0a,6056,-28,2251,222.17,82.58,76,500095,702549
f0:91:27:6b:7a:0a,6078,-30,2252,222.85,82.57,1764,501859,704313
f0:91:27:6b:7a:0a,6082,-28,2253,222.89,82.57,307,502166,704620
f0:91:27:6b:7a:0a,6083,-34,2254,222.82,82.56,74,502240,704694
f0:91:27:6b:7a:0a,6084,-29,2255,222.76,82.57,88,502328,704782
f0:91:27:6b:7a:0a,6085,-31,2256,222.70,82.56,78,502406,704860
f0:91:27:6b:7a:0a,6096,-31,2257,222.99,82.56,873,503279,705733
f0:91:27:6b:7a:0a,6097,-34,2258,222.92,82.56,82,503361,705815
f0:91:27:6b:7a:0a,6098,-27,2259,222.86,82.56,79,503440,705894
f0:91:27:6b:7a:0a,6102,-31,2260,222.90,82.56,318,503758,706212
f0:91:27:6b:7a:0a,6107,-34,2261,222.98,82.55,391,504149,706603
f0:91:27:6b:7a:0a,6110,-29,2262,222.99,82.55,245,504394,706848
f0:91:27:6b:7a:0a,6112,-32,2263,222.96,82.55,161,504555,707009
f0:91:27:6b:7a:0a,6113,-29,2264,222.90,82.55,81,504636,707090
f0:91:27:6b:7a:0a,6115,-33,2265,222.87,82.55,168,504804,707258
f0:91:27:6b:7a:0a,6116,-29,2266,222.81,82.55,80,504884,707338
f0:91:27:6b:7a:0a,6118,-38,2267,222.78,82.55,167,505051,707505
f0:91:27:6b:7a:0a,6129,-30,2268,223.08,82.55,894,505945,708399
f0:91:27:6b:7a:0a,6138,-31,2269,223.29,82.54,700,506645,709099
f0:91:27:6b:7a:0a,6139,-29,2270,223.23,82.54,88,506733,709187
f0:91:27:6b:7a:0a,6140,-28,2271,223.17,82.54,81,506814,709268
f0:91:27:6b:7a:0a,6146,-29,2272,223.28,82.54,481,507295,709749
f0:91:27:6b:7a:0a,6152,-30,2273,223.40,82.54,488,507783,710237
f0:91:27:6b:7a:0a,6153,-32,2274,223.33,82.54,78,507861,710315
f0:91:27:6b:7a:0a,6154,-28,2275,223.27,82.54,86,507947,710401
f0:91:27:6b:7a:0a,6156,-30,2276,223.24,82.54,154,508101,710555
f0:91:27:6b:7a:0a,6161,-27,2277,223.32,82.54,406,508507,710961
f0:91:27:6b:7a:0a,6163,-32,2278,223.30,82.54,160,508667,711121
f0:91:27:6b:7a:0a,6164,-27,2279,223.23,82.54,81,508748,711202
f0:91:27:6b:7a:0a,6165,-30,2280,223.17,82.53,72,508820,711274
f0:91:27:6b:7a:0a,6166,-33,2281,223.10,82.53,80,508900,711354
f0:91:27:6b:7a:0a,6169,-28,2282,223.11,82.53,235,509135,711589
f0:91:27:6b:7a:0a,6171,-29,2283,223.08,82.53,165,509300,711754
f0:91:27:6b:7a:0a,6176,-28,2284,223.17,82.53,419,509719,712173
f0:91:27:6b:7a:0a,6177,-31,2285,223.10,82.53,74,509793,712247
f0:91:27:6b:7a:0a,6201,-29,2286,223.85,82.52,1935,511728,714182
f0:91:27:6b:7a:0a,6210,-34,2287,224.07,82.52,719,512447,714901
f0:91:27:6b:7a:0a,6224,-34,2288,224.46,82.51,1120,513567,716021
f0:91:27:6b:7a:0a,6226,-29,2289,224.43,82.51,158,513725,716179
f0:91:27:6b:7a:0a,6227,-31,2290,224.37,82.51,79,513804,716258
f0:91:27:6b:7a:0a,6228,-34,2291,224.31,82.51,79,513883,716337
f0:91:27:6b:7a:0a,6229,-29,2292,224.24,82.51,76,513959,716413
f0:91:27:6b:7a:0a,6230,-29,2293,224.18,82.51,82,514041,716495
f0:91:27:6b:7a:0a,6249,-31,2294,224.74,82.50,1506,515547,718001
f0:91:27:6b:7a:0a,6250,-34,2295,224.68,82.50,84,515631,718085
f0:91:27:6b:7a:0a,6252,-30,2296,224.64,82.50,149,515780,718234
f0:91:27:6b:7a:0a,6258,-34,2297,224.75,82.49,467,516247,718701
f0:91:27:6b:7a:0a,6259,-29,2298,224.68,82.49,76,516323,718777
f0:91:27:6b:7a:0a,6260,-31,2299,224.62,82.49,79,516402,718856
f0:91:27:6b:7a:0a,6263,-28,2300,224.63,82.49,241,516643,719097
f0:91:27:6b:7a:0a,6265,-29,2301,224.60,82.49,155,516798,719252
f0:91:27:6b:7a:0a,6275,-32,2302,224.84,82.48,781,517579,720033
f0:91:27:6b:7a:0a,6277,-28,2303,224.81,82.48,159,517738,720192
f0:91:27:6b:7a:0a,6279,-32,2304,224.78,82.48,152,517890,720344
f0:91:27:6b:7a:0a,6281,-31,2305,224.75,82.48,166,518056,720510
f0:91:27:6b:7a:0a,6282,-33,2306,224.69,82.48,72,518128,720582
f0:91:27:6b:7a:0a,6305,-29,2307,225.38,82.47,1815,519943,722397
f0:91:27:6b:7a:0a,6307,-34,2308,225.35,82.46,160,520103,722557
f0:91:27:6b:7a:0a,6311,-32,2309,225.39,82.46,313,520416,722870
f0:91:27:6b:7a:0a,6313,-29,2310,225.36,82.46,157,520573,723027
f0:91:27:6b:7a:0a,6319,-32,2311,225.47,82.46,479,521052,723506
f0:91:27:6b:7a:0a,6320,-29,2312,225.40,82.46,80,521132,723586
f0:91:27:6b:7a:0a,6321,-29,2313,225.34,82.46,79,521211,723665
f0:91:27:6b:7a:0a,6323,-31,2314,225.31,82.46,161,521372,723826
f0:91:27:6b:7a:0a,6327,-27,2315,225.35,82.45,308,521680,724134
f0:91:27:6b:7a:0a,6328,-29,2316,225.29,82.45,84,521764,724218
f0:91:27:6b:7a:0a,6329,-31,2317,225.22,82.45,80,521844,724298
f0:91:27:6b:7a:0a,6330,-34,2318,225.17,82.45,89,521933,724387
f0:91:27:6b:7a:0a,6331,-29,2319,225.10,82.45,76,522009,724463
f0:91:27:6b:7a:0a,6336,-35,2320,225.17,82.45,395,522404,724858
f0:91:27:6b:7a:0a,6340,-35,2321,225.21,82.45,310,522714,725168
f0:91:27:6b:7a:0a,6342,-27,2322,225.18,82.45,155,522869,725323
f0:91:27:6b:7a:0a,6344,-27,2323,225.15,82.44,151,523020,725474
f0:91:27:6b:7a:0a,6345,-35,2324,225.09,82.44,87,523107,725561
f0:91:27:6b:7a:0a,6346,-37,2325,225.02,82.44,70,523177,725631
f0:91:27:6b:7a:0a,6347,-27,2326,224.96,82.44,79,523256,725710
f0:91:27:6b:7a:0a,6348,-31,2327,224.90,82.44,80,523336,725790
f0:91:27:6b:7a:0a,6349,-35,2328,224.84,82.44,84,523420,725874
f0:91:27:6b:7a:0a,6350,-29,2329,224.78,82.44,83,523503,725957
f0:91:27:6b:7a:0a,6351,-31,2330,224.71,82.44,76,523579,726033
f0:91:27:6b:7a:0a,6352,-33,2331,224.65,82.44,80,523659,726113
f0:91:27:6b:7a:0a,6355,-29,2332,224.65,82.44,231,523890,726344
f0:91:27:6b:7a:0a,6356,-29,2333,224.59,82.44,83,523973,726427
f0:91:27:6b:7a:0a,6361,-29,2334,224.66,82.43,393,524366,726820
f0:91:27:6b:7a:0a,6363,-29,2335,224.64,82.43,157,524523,726977
f0:91:27:6b:7a:0a,6370,-31,2336,224.78,82.43,558,525081,727535
f0:91:27:6b:7a:0a,6375,-29,2337,224.85,82.43,394,525475,727929
f0:91:27:6b:7a:0a,6376,-34,2338,224.79,82.43,84,525559,728013
f0:91:27:6b:7a:0a,6380,-29,2339,224.83,82.43,315,525874,728328
f0:91:27:6b:7a:0a,6387,-34,2340,224.98,82.42,570,526444,728898
f0:91:27:6b:7a:0a,6391,-27,2341,225.02,82.42,318,526762,729216
f0:91:27:6b:7a:0a,6419,-29,2342,225.88,82.41,2253,529015,731469
f0:91:27:6b:7a:0a,6420,-31,2343,225.82,82.41,80,529095,731549
f0:91:27:6b:7a:0a,6434,-32,2344,226.20,82.41,1116,530211,732665
f0:91:27:6b:7a:0a,6440,-29,2345,226.30,82.40,474,530685,733139
f0:91:27:6b:7a:0a,6441,-34,2346,226.24,82.40,77,530762,733216
f0:91:27:6b:7a:0a,6443,-29,2347,226.21,82.40,159,530921,733375
f0:91:27:6b:7a:0a,6445,-32,2348,226.18,82.40,159,531080,733534
f0:91:27:6b:7a:0a,6446,-29,2349,226.12,82.40,78,531158,733612
f0:91:27:6b:7a:0a,6450,-29,2350,226.16,82.40,311,531469,733923
f0:91:27:6b:7a:0a,6452,-34,2351,226.13,82.40,163,531632,734086
f0:91:27:6b:7a:0a,6453,-29,2352,226.07,82.40,83,531715,734169
f0:91:27:6b:7a:0a,6455,-34,2353,226.04,82.40,156,531871,734325
f0:91:27:6b:7a:0a,6456,-31,2354,225.98,82.40,90,531961,734415
f0:91:27:6b:7a:0a,6457,-35,2355,225.92,82.40,80,532041,734495
f0:91:27:6b:7a:0a,6458,-27,2356,225.86,82.40,84,532125,734579
f0:91:27:6b:7a:0a,6459,-31,2357,225.80,82.40,83,532208,734662
f0:91:27:6b:7a:0a,6461,-28,2358,225.77,82.40,167,532375,734829
f0:91:27:6b:7a:0a,6464,-29,2359,225.77,82.40,228,532603,735057
f0:91:27:6b:7a:0a,6466,-34,2360,225.75,82.39,159,532762,735216
f0:91:27:6b:7a:0a,6467,-31,2361,225.69,82.40,90,532852,735306
f0:91:27:6b:7a:0a,6468,-31,2362,225.64,82.40,103,532955,735409
f0:91:27:6b:7a:0a,6469,-29,2363,225.58,82.40,92,533047,735501
f0:91:27:6b:7a:0a,6470,-34,2364,225.52,82.40,91,533138,735592
f0:91:27:6b:7a:0a,6471,-31,2365,225.47,82.40,89,533227,735681
f0:91:27:6b:7a:0a,6475,-32,2366,225.52,82.41,353,533580,736034
f0:91:27:6b:7a:0a,6476,-31,2367,225.47,82.41,96,533676,736130
f0:91:27:6b:7a:0a,6479,-32,2368,225.49,82.41,282,533958,736412
f0:91:27:6b:7a:0a,6483,-31,2369,225.55,82.42,369,534327,736781
f0:91:27:6b:7a:0a,6484,-31,2370,225.50,82.42,104,534431,736885
f0:91:27:6b:7a:0a,6485,-28,2371,225.44,82.43,99,534530,736984
f0:91:27:6b:7a:0a,6490,-29,2372,225.55,82.43,466,534996,737450
f0:91:27:6b:7a:0a,6492,-34,2373,225.53,82.44,184,535180,737634
f0:91:27:6b:7a:0a,6501,-34,2374,225.78,82.45,829,536009,738463
f0:91:27:6b:7a:0a,6502,-31,2375,225.73,82.45,93,536102,738556
f0:91:27:6b:7a:0a,6503,-29,2376,225.67,82.45,92,536194,738648
f0:91:27:6b:7a:0a,6504,-34,2377,225.61,82.45,92,536286,738740
f0:91:27:6b:7a:0a,6505,-31,2378,225.56,82.46,90,536376,738830
f0:91:27:6b:7a:0a,6516,-29,2379,225.89,82.47,1022,537398,739852
f0:91:27:6b:7a:0a,6518,-32,2380,225.88,82.48,191,537589,740043
f0:91:27:6b:7a:0a,6520,-29,2381,225.86,82.48,187,537776,740230
f0:91:27:6b:7a:0a,6521,-32,2382,225.80,82.48,89,537865,740319
f0:91:27:6b:7a:0a,6522,-31,2383,225.75,82.48,91,537956,740410
f0:91:27:6b:7a:0a,6523,-27,2384,225.69,82.48,87,538043,740497
f0:91:27:6b:7a:0a,6524,-34,2385,225.64,82.49,97,538140,740594
f0:91:27:6b:7a:0a,6526,-31,2386,225.62,82.49,197,538337,740791
f0:91:27:6b:7a:0a,6527,-34,2387,225.56,82.49,83,538420,740874
f0:91:27:6b:7a:0a,6528,-31,2388,225.51,82.49,92,538512,740966
f0:91:27:6b:7a:0a,6529,-34,2389,225.45,82.49,88,538600,741054
f0:91:27:6b:7a:0a,6532,-31,2390,225.48,82.50,291,538891,741345
f0:91:27:6b:7a:0a,6533,-31,2391,225.42,82.50,93,538984,741438
f0:91:27:6b:7a:0a,6535,-34,2392,225.41,82.51,189,539173,741627
f0:91:27:6b:7a:0a,6536,-31,2393,225.35,82.51,92,539265,741719
f0:91:27:6b:7a:0a,6537,-29,2394,225.30,82.51,96,539361,741815
f0:91:27:6b:7a:0a,6538,-34,2395,225.24,82.51,91,539452,741906
f0:91:27:6b:7a:0a,6541,-32,2396,225.26,82.52,280,539732,742186
f0:91:27:6b:7a:0a,6543,-31,2397,225.25,82.52,188,539920,742374
f0:91:27:6b:7a:0a,6544,-29,2398,225.19,82.52,94,540014,742468
f0:91:27:6b:7a:0a,6545,-34,2399,225.14,82.52,94,540108,742562
f0:91:27:6b:7a:0a,6549,-31,2400,225.20,82.53,370,540478,742932
f0:91:27:6b:7a:0a,6551,-34,2401,225.18,82.53,191,540669,743123
f0:91:27:6b:7a:0a,6561,-34,2402,225.48,82.55,931,541600,744054
f0:91:27:6b:7a:0a,6562,-31,2403,225.42,82.55,91,541691,744145
f0:91:27:6b:7a:0a,6563,-34,2404,225.37,82.55,89,541780,744234
f0:91:27:6b:7a:0a,6564,-34,2405,225.31,82.55,99,541879,744333
f0:91:27:6b:7a:0a,6565,-31,2406,225.25,82.55,84,541963,744417
f0:91:27:6b:7a:0a,6596,-29,2407,226.34,82.59,2830,544793,747247
f0:91:27:6b:7a:0a,6598,-29,2408,226.32,82.60,176,544969,747423
f0:91:27:6b:7a:0a,6599,-28,2409,226.26,82.60,82,545051,747505
f0:91:27:6b:7a:0a,6600,-29,2410,226.20,82.60,93,545144,747598
f0:91:27:6b:7a:0a,6601,-31,2411,226.14,82.60,82,545226,747680
f0:91:27:6b:7a:0a,6602,-29,2412,226.08,82.60,91,545317,747771
f0:91:27:6b:7a:0a,6603,-38,2413,226.03,82.60,90,545407,747861
f0:91:27:6b:7a:0a,6610,-29,2414,226.18,82.60,594,546001,748455
f0:91:27:6b:7a:0a,6611,-31,2415,226.12,82.60,85,546086,748540
f0:91:27:6b:7a:0a,6612,-29,2416,226.07,82.60,89,546175,748629
f0:91:27:6b:7a:0a,6613,-28,2417,226.01,82.60,82,546257,748711
f0:91:27:6b:7a:0a,6615,-35,2418,225.99,82.60,175,546432,748886
f0:91:27:6b:7a:0a,6617,-35,2419,225.96,82.61,166,546598,749052
f0:91:27:6b:7a:0a,6619,-31,2420,225.93,82.60,163,546761,749215
f0:91:27:6b:7a:0a,6620,-29,2421,225.88,82.61,89,546850,749304
f0:91:27:6b:7a:0a,6623,-31,2422,225.89,82.61,246,547096,749550
f0:91:27:6b:7a:0a,6628,-35,2423,225.96,82.61,416,547512,749966
f0:91:27:6b:7a:0a,6629,-29,2424,225.91,82.61,84,547596,750050
f0:91:27:6b:7a:0a,6630,-31,2425,225.85,82.61,81,547677,750131
f0:91:27:6b:7a:0a,6631,-34,2426,225.79,82.61,80,547757,750211
f0:91:27:6b:7a:0a,6632,-28,2427,225.73,82.61,81,547838,750292
f0:91:27:6b:7a:0a,6633,-32,2428,225.67,82.61,91,547929,750383
f0:91:27:6b:7a:0a,6634,-27,2429,225.61,82.61,83,548012,750466
f0:91:27:6b:7a:0a,6635,-31,2430,225.55,82.61,81,548093,750547
f0:91:27:6b:7a:0a,6636,-29,2431,225.50,82.61,88,548181,750635
f0:91:27:6b:7a:0a,6638,-29,2432,225.48,82.61,179,548360,750814
f0:91:27:6b:7a:0a,6639,-28,2433,225.42,82.61,79,548439,750893
f0:91:27:6b:7a:0a,6655,-29,2434,225.88,82.61,1358,549797,752251
f0:91:27:6b:7a:0a,6656,-34,2435,225.83,82.62,92,549889,752343
f0:91:27:6b:7a:0a,6657,-29,2436,225.77,82.61,76,549965,752419
f0:91:27:6b:7a:0a,6658,-31,2437,225.71,82.62,86,550051,752505
f0:91:27:6b:7a:0a,6682,-29,2438,226.43,82.61,1976,552027,754481
f0:91:27:6b:7a:0a,6693,-31,2439,226.69,82.61,871,552898,755352
f0:91:27:6b:7a:0a,6694,-34,2440,226.63,82.61,78,552976,755430
f0:91:27:6b:7a:0a,6695,-29,2441,226.57,82.61,81,553057,755511
f0:91:27:6b:7a:0a,6700,-31,2442,226.64,82.60,389,553446,755900
f0:91:27:6b:7a:0a,6733,-33,2443,227.62,82.59,2635,556081,758535
f0:91:27:6b:7a:0a,6743,-28,2444,227.85,82.58,788,556869,759323
f0:91:27:6b:7a:0a,6747,-30,2445,227.89,82.58,320,557189,759643
f0:91:27:6b:7a:0a,6749,-26,2446,227.86,82.58,163,557352,759806
f0:91:27:6b:7a:0a,6752,-27,2447,227.86,82.58,233,557585,760039
f0:91:27:6b:7a:0a,6753,-32,2448,227.80,82.58,74,557659,760113
f0:91:27:6b:7a:0a,6790,-30,2449,228.92,82.56,2957,560616,763070
f0:91:27:6b:7a:0a,6794,-37,2450,228.96,82.56,328,560944,763398
f0:91:27:6b:7a:0a,6879,-28,2451,231.61,82.52,6741,567685,770139
f0:91:27:6b:7a:0a,6894,-28,2452,232.01,82.52,1198,568883,771337
f0:91:27:6b:7a:0a,6895,-29,2453,231.95,82.52,82,568965,771419
f0:91:27:6b:7a:0a,6899,-31,2454,231.98,82.52,320,569285,771739
f0:91:27:6b:7a:0a,6915,-30,2455,232.40,82.51,1269,570554,773008
f0:91:27:6b:7a:0a,6921,-30,2456,232.51,82.51,479,571033,773487
f0:91:27:6b:7a:0a,6987,-30,2457,234.55,82.48,5256,576289,778743
f0:91:27:6b:7a:0a,7008,-29,2458,235.13,82.47,1666,577955,780409
f0:91:27:6b:7a:0a,7009,-30,2459,235.07,82.47,75,578030,780484
f0:91:27:6b:7a:0a,7010,-32,2460,235.01,82.47,86,578116,780570
f0:91:27:6b:7a:0a,7011,-30,2461,234.95,82.47,88,578204,780658
f0:91:27:6b:7a:0a,7012,-31,2462,234.88,82.47,79,578283,780737
f0:91:27:6b:7a:0a,7020,-28,2463,235.04,82.47,630,578913,781367
f0:91:27:6b:7a:0a,7021,-30,2464,234.98,82.47,75,578988,781442
f0:91:27:6b:7a:0a,7023,-28,2465,234.95,82.46,158,579146,781600
f0:91:27:6b:7a:0a,7027,-28,2466,234.98,82.46,318,579464,781918
f0:91:27:6b:7a:0a,7032,-33,2467,235.05,82.46,408,579872,782326
f0:91:27:6b:7a:0a,7042,-28,2468,235.28,82.46,794,580666,783120
f0:91:27:6b:7a:0a,7045,-28,2469,235.28,82.46,245,580911,783365
f0:91:27:6b:7a:0a,7060,-33,2470,235.67,82.45,1188,582099,784553
f0:91:27:6b:7a:0a,7070,-33,2471,235.90,82.45,798,582897,785351
f0:91:27:6b:7a:0a,7074,-28,2472,235.93,82.44,311,583208,785662
f0:91:27:6b:7a:0a,7075,-30,2473,235.86,82.44,79,583287,785741
f0:91:27:6b:7a:0a,7076,-30,2474,235.80,82.44,73,583360,785814
f0:91:27:6b:7a:0a,7077,-31,2475,235.73,82.44,78,583438,785892
f0:91:27:6b:7a:0a,7078,-28,2476,235.67,82.44,81,583519,785973
f0:91:27:6b:7a:0a,7087,-33,2477,235.86,82.44,706,584225,786679
f0:91:27:6b:7a:0a,7092,-31,2478,235.93,82.44,416,584641,787095
f0:91:27:6b:7a:0a,7094,-30,2479,235.90,82.43,152,584793,787247
f0:91:27:6b:7a:0a,7095,-33,2480,235.84,82.44,84,584877,787331
f0:91:27:6b:7a:0a,7104,-28,2481,236.04,82.43,741,585618,788072
f0:91:27:6b:7a:0a,7105,-30,2482,235.98,82.43,82,585700,788154
f0:91:27:6b:7a:0a,7106,-33,2483,235.91,82.43,75,585775,788229
f0:91:27:6b:7a:0a,7107,-28,2484,235.85,82.43,78,585853,788307
f0:91:27:6b:7a:0a,7109,-30,2485,235.82,82.43,155,586008,788462
f0:91:27:6b:7a:0a,7111,-28,2486,235.79,82.43,157,586165,788619
f0:91:27:6b:7a:0a,7112,-33,2487,235.72,82.43,82,586247,788701
f0:91:27:6b:7a:0a,7113,-28,2488,235.67,82.43,89,586336,788790
f0:91:27:6b:7a:0a,7114,-30,2489,235.60,82.43,80,586416,788870
f0:91:27:6b:7a:0a,7118,-30,2490,235.63,82.43,309,586725,789179
f0:91:27:6b:7a:0a,7121,-28,2491,235.63,82.43,235,586960,789414
f0:91:27:6b:7a:0a,7123,-31,2492,235.60,82.43,160,587120,789574
f0:91:27:6b:7a:0a,7124,-28,2493,235.54,82.43,85,587205,789659
f0:91:27:6b:7a:0a,7127,-26,2494,235.54,82.43,239,587444,789898
f0:91:27:6b:7a:0a,7129,-30,2495,235.51,82.42,157,587601,790055
f0:91:27:6b:7a:0a,7140,-30,2496,235.77,82.42,872,588473,790927
f0:91:27:6b:7a:0a,7145,-28,2497,235.83,82.42,402,588875,791329
f0:91:27:6b:7a:0a,7146,-28,2498,235.77,82.42,80,588955,791409
f0:91:27:6b:7a:0a,7147,-33,2499,235.71,82.42,79,589034,791488
f0:91:27:6b:7a:0a,7148,-31,2500,235.64,82.42,75,589109,791563
f0:91:27:6b:7a:0a,7149,-28,2501,235.58,82.42,80,589189,791643
f0:91:27:6b:7a:0a,7150,-30,2502,235.52,82.42,80,589269,791723
f0:91:27:6b:7a:0a,7152,-30,2503,235.49,82.41,163,589432,791886
f0:91:27:6b:7a:0a,7157,-28,2504,235.56,82.41,399,589831,792285
f0:91:27:6b:7a:0a,7159,-33,2505,235.52,82.41,156,589987,792441
f0:91:27:6b:7a:0a,7160,-28,2506,235.46,82.41,82,590069,792523
f0:91:27:6b:7a:0a,7161,-30,2507,235.40,82.41,78,590147,792601
f0:91:27:6b:7a:0a,7168,-30,2508,235.53,82.41,552,590699,793153
f0:91:27:6b:7a:0a,7169,-33,2509,235.46,82.41,81,590780,793234
f0:91:27:6b:7a:0a,7170,-26,2510,235.40,82.41,81,590861,793315
f0:91:27:6b:7a:0a,7171,-30,2511,235.34,82.41,75,590936,793390
f0:91:27:6b:7a:0a,7172,-33,2512,235.28,82.41,88,591024,793478
f0:91:27:6b:7a:0a,7173,-31,2513,235.22,82.41,75,591099,793553
f0:91:27:6b:7a:0a,7174,-28,2514,235.16,82.41,85,591184,793638
f0:91:27:6b:7a:0a,7175,-30,2515,235.10,82.41,80,591264,793718
f0:91:27:6b:7a:0a,7178,-28,2516,235.10,82.40,237,591501,793955
f0:91:27:6b:7a:0a,7179,-30,2517,235.04,82.41,88,591589,794043
f0:91:27:6b:7a:0a,7183,-27,2518,235.08,82.41,332,591921,794375
f0:91:27:6b:7a:0a,7184,-26,2519,235.02,82.41,96,592017,794471
f0:91:27:6b:7a:0a,7185,-26,2520,234.96,82.41,76,592093,794547
f0:91:27:6b:7a:0a,7186,-33,2521,234.90,82.41,90,592183,794637
f0:91:27:6b:7a:0a,7187,-28,2522,234.84,82.41,83,592266,794720
f0:91:27:6b:7a:0a,7194,-33,2523,235.00,82.42,651,592917,795371
f0:91:27:6b:7a:0a,7199,-33,2524,235.10,82.43,486,593403,795857
f0:91:27:6b:7a:0a,7201,-33,2525,235.08,82.43,176,593579,796033
f0:91:27:6b:7a:0a,7202,-29,2526,235.03,82.43,97,593676,796130
f0:91:27:6b:7a:0a,7204,-29,2527,235.00,82.43,173,593849,796303
f0:91:27:6b:7a:0a,7212,-33,2528,235.20,82.44,741,594590,797044
f0:91:27:6b:7a:0a,7214,-25,2529,235.18,82.45,180,594770,797224
f0:91:27:6b:7a:0a,7218,-28,2530,235.23,82.45,374,595144,797598
f0:91:27:6b:7a:0a,7219,-33,2531,235.18,82.46,99,595243,797697
f0:91:27:6b:7a:0a,7220,-33,2532,235.12,82.46,90,595333,797787
f0:91:27:6b:7a:0a,7221,-27,2533,235.07,82.46,104,595437,797891
f0:91:27:6b:7a:0a,7222,-28,2534,235.02,82.46,92,595529,797983
f0:91:27:6b:7a:0a,7228,-29,2535,235.15,82.47,566,596095,798549
f0:91:27:6b:7a:0a,7229,-29,2536,235.09,82.47,90,596185,798639
f0:91:27:6b:7a:0a,7230,-30,2537,235.03,82.47,90,596275,798729
f0:91:27:6b:7a:0a,7231,-33,2538,234.98,82.47,101,596376,798830
f0:91:27:6b:7a:0a,7232,-29,2539,234.92,82.48,91,596467,798921
f0:91:27:6b:7a:0a,7236,-29,2540,234.98,82.48,388,596855,799309
f0:91:27:6b:7a:0a,7237,-28,2541,234.92,82.48,88,596943,799397
f0:91:27:6b:7a:0a,7248,-29,2542,235.24,82.50,1039,597982,800436
f0:91:27:6b:7a:0a,7264,-33,2543,235.75,82.53,1526,599508,801962
f0:91:27:6b:7a:0a,7267,-30,2544,235.77,82.54,292,599800,802254
f0:91:27:6b:7a:0a,7269,-29,2545,235.75,82.54,189,599989,802443
f0:91:27:6b:7a:0a,7271,-27,2546,235.74,82.54,194,600183,802637
f0:91:27:6b:7a:0a,7275,-33,2547,235.78,82.55,361,600544,802998
f0:91:27:6b:7a:0a,7276,-27,2548,235.73,82.55,86,600630,803084
f0:91:27:6b:7a:0a,7277,-33,2549,235.67,82.55,91,600721,803175
f0:91:27:6b:7a:0a,7278,-30,2550,235.61,82.55,97,600818,803272
f0:91:27:6b:7a:0a,7279,-29,2551,235.56,82.55,92,600910,803364
f0:91:27:6b:7a:0a,7282,-27,2552,235.58,82.56,284,601194,803648
f0:91:27:6b:7a:0a,7305,-33,2553,236.31,82.59,2114,603308,805762
f0:91:27:6b:7a:0a,7306,-29,2554,236.26,82.59,91,603399,805853
f0:91:27:6b:7a:0a,7308,-29,2555,236.24,82.59,183,603582,806036
f0:91:27:6b:7a:0a,7309,-32,2556,236.17,82.59,75,603657,806111
f0:91:27:6b:7a:0a,7324,-27,2557,236.59,82.60,1300,604957,807411
f0:91:27:6b:7a:0a,7326,-32,2558,236.56,82.60,160,605117,807571
f0:91:27:6b:7a:0a,7327,-29,2559,236.50,82.60,85,605202,807656
f0:91:27:6b:7a:0a,7334,-30,2560,236.64,82.60,592,605794,808248
f0:91:27:6b:7a:0a,7335,-25,2561,236.58,82.60,99,605893,808347
f0:91:27:6b:7a:0a,7342,-32,2562,236.72,82.61,595,606488,808942
f0:91:27:6b:7a:0a,7343,-27,2563,236.66,82.60,80,606568,809022
f0:91:27:6b:7a:0a,7344,-29,2564,236.60,82.60,81,606649,809103
f0:91:27:6b:7a:0a,7346,-29,2565,236.58,82.60,166,606815,809269
f0:91:27:6b:7a:0a,7347,-33,2566,236.51,82.60,78,606893,809347
f0:91:27:6b:7a:0a,7351,-29,2567,236.55,82.61,343,607236,809690
f0:91:27:6b:7a:0a,7365,-33,2568,236.93,82.61,1197,608433,810887
f0:91:27:6b:7a:0a,7367,-31,2569,236.91,82.61,177,608610,811064
f0:91:27:6b:7a:0a,7383,-29,2570,237.32,82.61,1311,609921,812375
f0:91:27:6b:7a:0a,7392,-29,2571,237.51,82.61,724,610645,813099
f0:91:27:6b:7a:0a,7419,-27,2572,238.26,82.60,2167,612812,815266
f0:91:27:6b:7a:0a,7420,-29,2573,238.20,82.60,82,612894,815348
f0:91:27:6b:7a:0a,7425,-29,2574,238.27,82.60,406,613300,815754
f0:91:27:6b:7a:0a,7441,-33,2575,238.67,82.59,1279,614579,817033
f0:91:27:6b:7a:0a,7454,-29,2576,238.97,82.59,1019,615598,818052
f0:91:27:6b:7a:0a,7458,-27,2577,239.01,82.59,321,615919,818373
f0:91:27:6b:7a:0a,7461,-27,2578,239.00,82.58,229,616148,818602
f0:91:27:6b:7a:0a,7464,-25,2579,239.00,82.58,240,616388,818842
f0:91:27:6b:7a:0a,7467,-28,2580,239.00,82.58,237,616625,819079
f0:91:27:6b:7a:0a,7468,-29,2581,238.94,82.58,82,616707,819161
f0:91:27:6b:7a:0a,7469,-33,2582,238.88,82.58,79,616786,819240
f0:91:27:6b:7a:0a,7470,-28,2583,238.82,82.58,79,616865,819319
f0:91:27:6b:7a:0a,7472,-29,2584,238.79,82.58,157,617022,819476
f0:91:27:6b:7a:0a,7474,-27,2585,238.76,82.58,160,617182,819636
f0:91:27:6b:7a:0a,7475,-29,2586,238.69,82.58,75,617257,819711
f0:91:27:6b:7a:0a,7476,-33,2587,238.63,82.58,82,617339,819793
f0:91:27:6b:7a:0a,7477,-28,2588,238.57,82.58,79,617418,819872
f0:91:27:6b:7a:0a,7478,-27,2589,238.51,82.57,76,617494,819948
f0:91:27:6b:7a:0a,7479,-33,2590,238.45,82.58,87,617581,820035
f0:91:27:6b:7a:0a,7480,-33,2591,238.38,82.57,74,617655,820109
f0:91:27:6b:7a:0a,7484,-33,2592,238.41,82.57,314,617969,820423
f0:91:27:6b:7a:0a,7485,-27,2593,238.35,82.57,84,618053,820507
f0:91:27:6b:7a:0a,7486,-29,2594,238.29,82.57,74,618127,820581
f0:91:27:6b:7a:0a,7493,-29,2595,238.41,82.57,553,618680,821134
f0:91:27:6b:7a:0a,7495,-32,2596,238.38,82.57,164,618844,821298
f0:91:27:6b:7a:0a,7496,-29,2597,238.32,82.57,78,618922,821376
f0:91:27:6b:7a:0a,7501,-32,2598,238.38,82.56,395,619317,821771
f0:91:27:6b:7a:0a,7503,-29,2599,238.35,82.56,159,619476,821930
f0:91:27:6b:7a:0a,7504,-33,2600,238.29,82.56,86,619562,822016
f0:91:27:6b:7a:0a,7506,-29,2601,238.26,82.56,157,619719,822173
f0:91:27:6b:7a:0a,7507,-33,2602,238.20,82.56,77,619796,822250
f0:91:27:6b:7a:0a,7512,-27,2603,238.26,82.56,390,620186,822640
f0:91:27:6b:7a:0a,7514,-29,2604,238.23,82.56,158,620344,822798
f0:91:27:6b:7a:0a,7515,-30,2605,238.17,82.56,84,620428,822882
f0:91:27:6b:7a:0a,7518,-33,2606,238.17,82.56,244,620672,823126
f0:91:27:6b:7a:0a,7519,-27,2607,238.11,82.56,89,620761,823215
f0:91:27:6b:7a:0a,7520,-29,2608,238.05,82.56,79,620840,823294
f0:91:27:6b:7a:0a,7522,-33,2609,238.02,82.56,149,620989,823443
f0:91:27:6b:7a:0a,7534,-30,2610,238.30,82.55,973,621962,824416
f0:91:27:6b:7a:0a,7540,-27,2611,238.39,82.55,479,622441,824895
f0:91:27:6b:7a:0a,7543,-28,2612,238.39,82.55,238,622679,825133
f0:91:27:6b:7a:0a,7544,-29,2613,238.33,82.55,81,622760,825214
f0:91:27:6b:7a:0a,7553,-29,2614,238.51,82.55,709,623469,825923
f0:91:27:6b:7a:0a,7554,-33,2615,238.45,82.55,77,623546,826000
f0:91:27:6b:7a:0a,7561,-28,2616,238.58,82.54,572,624118,826572
f0:91:27:6b:7a:0a,7563,-29,2617,238.54,82.54,150,624268,826722
f0:91:27:6b:7a:0a,7566,-32,2618,238.54,82.54,238,624506,826960
f0:91:27:6b:7a:0a,7567,-27,2619,238.48,82.54,82,624588,827042
f0:91:27:6b:7a:0a,7569,-31,2620,238.45,82.54,157,624745,827199
f0:91:27:6b:7a:0a,7575,-30,2621,238.54,82.54,469,625214,827668
f0:91:27:6b:7a:0a,7576,-27,2622,238.48,82.54,86,625300,827754
f0:91:27:6b:7a:0a,7577,-27,2623,238.42,82.54,74,625374,827828
f0:91:27:6b:7a:0a,7578,-33,2624,238.36,82.54,84,625458,827912
f0:91:27:6b:7a:0a,7580,-28,2625,238.33,82.53,156,625614,828068
f0:91:27:6b:7a:0a,7584,-25,2626,238.36,82.53,307,625921,828375
f0:91:27:6b:7a:0a,7585,-29,2627,238.29,82.53,77,625998,828452
f0:91:27:6b:7a:0a,7587,-33,2628,238.26,82.53,156,626154,828608
f0:91:27:6b:7a:0a,7588,-25,2629,238.20,82.53,79,626233,828687
f0:91:27:6b:7a:0a,7589,-30,2630,238.14,82.53,84,626317,828771
f0:91:27:6b:7a:0a,7590,-33,2631,238.08,82.53,83,626400,828854
f0:91:27:6b:7a:0a,7591,-27,2632,238.02,82.53,80,626480,828934
f0:91:27:6b:7a:0a,7593,-29,2633,237.99,82.53,152,626632,829086
f0:91:27:6b:7a:0a,7594,-33,2634,237.93,82.53,85,626717,829171
f0:91:27:6b:7a:0a,7598,-28,2635,237.96,82.53,314,627031,829485
f0:91:27:6b:7a:0a,7602,-31,2636,238.00,82.53,327,627358,829812
f0:91:27:6b:7a:0a,7603,-27,2637,237.94,82.53,80,627438,829892
f0:91:27:6b:7a:0a,7604,-27,2638,237.87,82.52,73,627511,829965
f0:91:27:6b:7a:0a,7607,-27,2639,237.87,82.52,236,627747,830201
f0:91:27:6b:7a:0a,7614,-27,2640,237.99,82.52,552,628299,830753
f0:91:27:6b:7a:0a,7616,-33,2641,237.96,82.52,165,628464,830918
f0:91:27:6b:7a:0a,7619,-27,2642,237.96,82.52,234,628698,831152
f0:91:27:6b:7a:0a,7620,-27,2643,237.90,82.52,80,628778,831232
f0:91:27:6b:7a:0a,7621,-29,2644,237.84,82.52,82,628860,831314
f0:91:27:6b:7a:0a,7625,-31,2645,237.88,82.52,324,629184,831638
f0:91:27:6b:7a:0a,7637,-29,2646,238.15,82.51,963,630147,832601
f0:91:27:6b:7a:0a,7638,-33,2647,238.09,82.51,80,630227,832681
f0:91:27:6b:7a:0a,7642,-33,2648,238.12,82.51,322,630549,833003
f0:91:27:6b:7a:0a,7645,-31,2649,238.12,82.51,241,630790,833244
f0:91:27:6b:7a:0a,7648,-29,2650,238.12,82.51,227,631017,833471
f0:91:27:6b:7a:0a,7649,-33,2651,238.06,82.51,86,631103,833557
f0:91:27:6b:7a:0a,7650,-29,2652,238.01,82.51,88,631191,833645
f0:91:27:6b:7a:0a,7652,-33,2653,237.97,82.51,154,631345,833799
f0:91:27:6b:7a:0a,7655,-29,2654,237.97,82.51,231,631576,834030
f0:91:27:6b:7a:0a,7670,-27,2655,238.33,82.50,1202,632778,835232
f0:91:27:6b:7a:0a,7671,-29,2656,238.27,82.50,80,632858,835312
f0:91:27:6b:7a:0a,7672,-33,2657,238.22,82.50,80,632938,835392
f0:91:27:6b:7a:0a,7681,-29,2658,238.39,82.50,707,633645,836099
f0:91:27:6b:7a:0a,7687,-28,2659,238.48,82.49,477,634122,836576
f0:91:27:6b:7a:0a,7688,-29,2660,238.42,82.49,77,634199,836653
f0:91:27:6b:7a:0a,7709,-33,2661,238.95,82.48,1660,635859,838313
f0:91:27:6b:7a:0a,7710,-27,2662,238.90,82.48,80,635939,838393
f0:91:27:6b:7a:0a,7712,-29,2663,238.86,82.48,154,636093,838547
f0:91:27:6b:7a:0a,7730,-29,2664,239.31,82.47,1435,637528,839982
f0:91:27:6b:7a:0a,7733,-31,2665,239.32,82.47,251,637779,840233
f0:91:27:6b:7a:0a,7735,-27,2666,239.28,82.47,152,637931,840385
f0:91:27:6b:7a:0a,7736,-29,2667,239.23,82.47,85,638016,840470
f0:91:27:6b:7a:0a,7737,-33,2668,239.16,82.47,74,638090,840544
f0:91:27:6b:7a:0a,7738,-27,2669,239.11,82.47,87,638177,840631
f0:91:27:6b:7a:0a,7739,-27,2670,239.05,82.47,75,638252,840706
f0:91:27:6b:7a:0a,7740,-26,2671,238.99,82.47,79,638331,840785
f0:91:27:6b:7a:0a,7741,-31,2672,238.93,82.47,79,638410,840864
f0:91:27:6b:7a:0a,7742,-27,2673,238.87,82.47,79,638489,840943
f0:91:27:6b:7a:0a,7743,-29,2674,238.81,82.47,80,638569,841023
f0:91:27:6b:7a:0a,7746,-28,2675,238.80,82.47,232,638801,841255
f0:91:27:6b:7a:0a,7748,-33,2676,238.78,82.47,161,638962,841416
f0:91:27:6b:7a:0a,7749,-27,2677,238.72,82.47,79,639041,841495
f0:91:27:6b:7a:0a,7750,-27,2678,238.66,82.47,81,639122,841576
f0:91:27:6b:7a:0a,7751,-29,2679,238.60,82.47,78,639200,841654
f0:91:27:6b:7a:0a,7752,-32,2680,238.54,82.47,75,639275,841729
f0:91:27:6b:7a:0a,7753,-28,2681,238.48,82.47,79,639354,841808
f0:91:27:6b:7a:0a,7755,-29,2682,238.44,82.46,155,639509,841963
f0:91:27:6b:7a:0a,7756,-33,2683,238.39,82.46,81,639590,842044
f0:91:27:6b:7a:0a,7757,-25,2684,238.33,82.46,75,639665,842119
f0:91:27:6b:7a:0a,7762,-29,2685,238.39,82.46,400,640065,842519
f0:91:27:6b:7a:0a,7763,-33,2686,238.33,82.46,79,640144,842598
f0:91:27:6b:7a:0a,7764,-28,2687,238.27,82.46,76,640220,842674
f0:91:27:6b:7a:0a,7765,-29,2688,238.21,82.46,84,640304,842758
f0:91:27:6b:7a:0a,7766,-29,2689,238.15,82.46,72,640376,842830
f0:91:27:6b:7a:0a,7767,-27,2690,238.09,82.46,81,640457,842911
f0:91:27:6b:7a:0a,7768,-29,2691,238.03,82.46,80,640537,842991
f0:91:27:6b:7a:0a,7769,-29,2692,237.97,82.46,81,640618,843072
f0:91:27:6b:7a:0a,7770,-33,2693,237.91,82.46,82,640700,843154
f0:91:27:6b:7a:0a,7771,-27,2694,237.86,82.46,88,640788,843242
f0:91:27:6b:7a:0a,7773,-25,2695,237.83,82.46,159,640947,843401
f0:91:27:6b:7a:0a,7774,-29,2696,237.77,82.46,84,641031,843485
f0:91:27:6b:7a:0a,7775,-33,2697,237.71,82.46,77,641108,843562
f0:91:27:6b:7a:0a,7786,-32,2698,237.95,82.46,893,642001,844455
f0:91:27:6b:7a:0a,7789,-31,2699,237.95,82.45,235,642236,844690
f0:91:27:6b:7a:0a,7790,-27,2700,237.90,82.45,83,642319,844773
f0:91:27:6b:7a:0a,7794,-27,2701,237.92,82.45,315,642634,845088
f0:91:27:6b:7a:0a,7797,-33,2702,237.93,82.45,241,642875,845329
f0:91:27:6b:7a:0a,7803,-27,2703,238.01,82.45,475,643350,845804
f0:91:27:6b:7a:0a,7804,-29,2704,237.96,82.45,82,643432,845886
f0:91:27:6b:7a:0a,7813,-29,2705,238.13,82.44,700,644132,846586
f0:91:27:6b:7a:0a,7814,-29,2706,238.07,82.44,78,644210,846664
f0:91:27:6b:7a:0a,7815,-32,2707,238.01,82.44,77,644287,846741
f0:91:27:6b:7a:0a,7822,-33,2708,238.13,82.44,581,644868,847322
f0:91:27:6b:7a:0a,7823,-27,2709,238.07,82.44,74,644942,847396
f0:91:27:6b:7a:0a,7824,-29,2710,238.02,82.44,90,645032,847486
f0:91:27:6b:7a:0a,7827,-26,2711,238.02,82.44,244,645276,847730
f0:91:27:6b:7a:0a,7828,-33,2712,237.96,82.44,71,645347,847801
f0:91:27:6b:7a:0a,7829,-33,2713,237.90,82.44,76,645423,847877
f0:91:27:6b:7a:0a,7833,-33,2714,237.93,82.44,323,645746,848200
f0:91:27:6b:7a:0a,7835,-27,2715,237.90,82.44,154,645900,848354
f0:91:27:6b:7a:0a,7857,-27,2716,238.46,82.43,1746,647646,850100
f0:91:27:6b:7a:0a,7858,-29,2717,238.40,82.43,74,647720,850174
f0:91:27:6b:7a:0a,7866,-25,2718,238.54,82.42,635,648355,850809
f0:91:27:6b:7a:0a,7867,-26,2719,238.48,82.42,79,648434,850888
f0:91:27:6b:7a:0a,7870,-26,2720,238.48,82.42,235,648669,851123
f0:91:27:6b:7a:0a,7897,-27,2721,239.21,82.42,2216,650885,853339
f0:91:27:6b:7a:0a,7899,-31,2722,239.18,82.42,166,651051,853505
f0:91:27:6b:7a:0a,7904,-32,2723,239.26,82.43,459,651510,853964
f0:91:27:6b:7a:0a,7906,-29,2724,239.24,82.43,183,651693,854147
f0:91:27:6b:7a:0a,7908,-33,2725,239.22,82.43,188,651881,854335
f0:91:27:6b:7a:0a,7909,-29,2726,239.17,82.43,88,651969,854423
f0:91:27:6b:7a:0a,7910,-27,2727,239.11,82.44,93,652062,854516
f0:91:27:6b:7a:0a,7912,-33,2728,239.10,82.44,190,652252,854706
f0:91:27:6b:7a:0a,7914,-32,2729,239.07,82.44,180,652432,854886
f0:91:27:6b:7a:0a,7916,-33,2730,239.05,82.44,174,652606,855060
f0:91:27:6b:7a:0a,7931,-33,2731,239.48,82.46,1404,654010,856464
f0:91:27:6b:7a:0a,7940,-26,2732,239.69,82.47,817,654827,857281
f0:91:27:6b:7a:0a,7950,-31,2733,239.93,82.48,913,655740,858194
f0:91:27:6b:7a:0a,7954,-32,2734,239.99,82.49,381,656121,858575
f0:91:27:6b:7a:0a,7958,-32,2735,240.04,82.50,376,656497,858951
f0:91:27:6b:7a:0a,7961,-31,2736,240.05,82.50,287,656784,859238
f0:91:27:6b:7a:0a,7963,-29,2737,240.03,82.50,190,656974,859428
f0:91:27:6b:7a:0a,7964,-27,2738,239.98,82.50,91,657065,859519
f0:91:27:6b:7a:0a,7966,-33,2739,239.96,82.51,196,657261,859715
f0:91:27:6b:7a:0a,7968,-29,2740,239.94,82.51,182,657443,859897
f0:91:27:6b:7a:0a,7969,-33,2741,239.89,82.51,101,657544,859998
f0:91:27:6b:7a:0a,7977,-31,2742,240.08,82.53,767,658311,860765
f0:91:27:6b:7a:0a,7978,-26,2743,240.03,82.53,80,658391,860845
f0:91:27:6b:7a:0a,7980,-26,2744,240.01,82.53,183,658574,861028
f0:91:27:6b:7a:0a,7981,-31,2745,239.95,82.53,95,658669,861123
f0:91:27:6b:7a:0a,7982,-30,2746,239.90,82.53,91,658760,861214
f0:91:27:6b:7a:0a,7983,-30,2747,239.85,82.53,100,658860,861314
f0:91:27:6b:7a:0a,7984,-28,2748,239.79,82.53,93,658953,861407
f0:91:27:6b:7a:0a,7986,-30,2749,239.78,82.54,189,659142,861596
f0:91:27:6b:7a:0a,7988,-28,2750,239.76,82.54,191,659333,861787
f0:91:27:6b:7a:0a,7993,-29,2751,239.84,82.55,465,659798,862252
f0:91:27:6b:7a:0a,7997,-28,2752,239.88,82.55,364,660162,862616
f0:91:27:6b:7a:0a,8010,-30,2753,240.23,82.57,1201,661363,863817
f0:91:27:6b:7a:0a,8011,-28,2754,240.18,82.57,94,661457,863911
f0:91:27:6b:7a:0a,8012,-33,2755,240.13,82.57,91,661548,864002
f0:91:27:6b:7a:0a,8013,-30,2756,240.07,82.57,90,661638,864092
f0:91:27:6b:7a:0a,8014,-30,2757,240.02,82.57,86,661724,864178
f0:91:27:6b:7a:0a,8016,-28,2758,240.00,82.57,188,661912,864366
f0:91:27:6b:7a:0a,8020,-33,2759,240.05,82.58,376,662288,864742
f0:91:27:6b:7a:0a,8031,-30,2760,240.32,82.59,985,663273,865727
f0:91:27:6b:7a:0a,8032,-25,2761,240.26,82.59,86,663359,865813
f0:91:27:6b:7a:0a,8036,-28,2762,240.30,82.59,339,663698,866152
f0:91:27:6b:7a:0a,8039,-33,2763,240.30,82.59,255,663953,866407
f0:91:27:6b:7a:0a,8046,-28,2764,240.42,82.59,581,664534,866988
f0:91:27:6b:7a:0a,8047,-30,2765,240.37,82.59,91,664625,867079
f0:91:27:6b:7a:0a,8048,-33,2766,240.31,82.59,85,664710,867164
f0:91:27:6b:7a:0a,8049,-28,2767,240.26,82.59,84,664794,867248
f0:91:27:6b:7a:0a,8050,-30,2768,240.20,82.59,83,664877,867331
f0:91:27:6b:7a:0a,8051,-28,2769,240.14,82.59,81,664958,867412
f0:91:27:6b:7a:0a,8053,-33,2770,240.12,82.59,171,665129,867583
f0:91:27:6b:7a:0a,8056,-25,2771,240.12,82.59,253,665382,867836
f0:91:27:6b:7a:0a,8059,-33,2772,240.13,82.60,253,665635,868089
f0:91:27:6b:7a:0a,8060,-28,2773,240.07,82.60,86,665721,868175
f0:91:27:6b:7a:0a,8061,-33,2774,240.01,82.60,79,665800,868254
f0:91:27:6b:7a:0a,8062,-26,2775,239.96,82.60,87,665887,868341
f0:91:27:6b:7a:0a,8066,-33,2776,239.99,82.60,338,666225,868679
f0:91:27:6b:7a:0a,8067,-28,2777,239.94,82.60,80,666305,868759
f0:91:27:6b:7a:0a,8068,-30,2778,239.88,82.60,78,666383,868837
f0:91:27:6b:7a:0a,8069,-28,2779,239.82,82.60,86,666469,868923
f0:91:27:6b:7a:0a,8070,-30,2780,239.77,82.60,95,666564,869018
f0:91:27:6b:7a:0a,8071,-33,2781,239.72,82.60,85,666649,869103
f0:91:27:6b:7a:0a,8074,-28,2782,239.72,82.60,245,666894,869348
f0:91:27:6b:7a:0a,8079,-30,2783,239.79,82.60,435,667329,869783
f0:91:27:6b:7a:0a,8098,-33,2784,240.27,82.60,1590,668919,871373
f0:91:27:6b:7a:0a,8099,-25,2785,240.21,82.60,78,668997,871451
f0:91:27:6b:7a:0a,8105,-31,2786,240.31,82.60,496,669493,871947
f0:91:27:6b:7a:0a,8107,-30,2787,240.28,82.60,162,669655,872109
f0:91:27:6b:7a:0a,8111,-33,2788,240.31,82.60,319,669974,872428
f0:91:27:6b:7a:0a,8134,-33,2789,240.88,82.59,1845,671819,874273
f0:91:27:6b:7a:0a,8135,-28,2790,240.82,82.59,81,671900,874354
f0:91:27:6b:7a:0a,8148,-28,2791,241.11,82.59,1042,672942,875396
f0:91:27:6b:7a:0a,8150,-31,2792,241.08,82.59,164,673106,875560
f0:91:27:6b:7a:0a,8164,-33,2793,241.40,82.59,1128,674234,876688
f0:91:27:6b:7a:0a,8165,-28,2794,241.34,82.59,79,674313,876767
f0:91:27:6b:7a:0a,8173,-25,2795,241.48,82.58,633,674946,877400
f0:91:27:6b:7a:0a,8174,-30,2796,241.42,82.58,73,675019,877473
f0:91:27:6b:7a:0a,8175,-33,2797,241.37,82.58,84,675103,877557
f0:91:27:6b:7a:0a,8176,-28,2798,241.31,82.58,80,675183,877637
f0:91:27:6b:7a:0a,8177,-30,2799,241.25,82.58,77,675260,877714
f0:91:27:6b:7a:0a,8178,-33,2800,241.19,82.58,79,675339,877793
f0:91:27:6b:7a:0a,8181,-33,2801,241.19,82.58,241,675580,878034
f0:91:27:6b:7a:0a,8193,-31,2802,241.45,82.57,950,676530,878984
f0:91:27:6b:7a:0a,8195,-33,2803,241.42,82.57,167,676697,879151
f0:91:27:6b:7a:0a,8198,-25,2804,241.42,82.57,244,676941,879395
f0:91:27:6b:7a:0a,8199,-30,2805,241.36,82.57,77,677018,879472
f0:91:27:6b:7a:0a,8203,-30,2806,241.39,82.57,317,677335,879789
f0:91:27:6b:7a:0a,8204,-33,2807,241.33,82.57,77,677412,879866
f0:91:27:6b:7a:0a,8215,-33,2808,241.55,82.57,867,678279,880733
f0:91:27:6b:7a:0a,8217,-27,2809,241.53,82.57,166,678445,880899
f0:91:27:6b:7a:0a,8224,-31,2810,241.64,82.56,557,679002,881456
f0:91:27:6b:7a:0a,8228,-33,2811,241.66,82.56,312,679314,881768
f0:91:27:6b:7a:0a,8230,-30,2812,241.64,82.56,164,679478,881932
f0:91:27:6b:7a:0a,8256,-29,2813,242.28,82.55,2050,681528,883982
f0:91:27:6b:7a:0a,8261,-33,2814,242.33,82.55,394,681922,884376
f0:91:27:6b:7a:0a,8275,-31,2815,242.64,82.54,1118,683040,885494
f0:91:27:6b:7a:0a,8279,-28,2816,242.67,82.54,330,683370,885824
f0:91:27:6b:7a:0a,8280,-30,2817,242.61,82.54,74,683444,885898
f0:91:27:6b:7a:0a,8283,-27,2818,242.62,82.54,246,683690,886144
f0:91:27:6b:7a:0a,8294,-33,2819,242.84,82.54,879,684569,887023
f0:91:27:6b:7a:0a,8298,-33,2820,242.87,82.54,315,684884,887338
f0:91:27:6b:7a:0a,8305,-33,2821,242.98,82.53,556,685440,887894
f0:91:27:6b:7a:0a,8320,-33,2822,243.32,82.53,1197,686637,889091
f0:91:27:6b:7a:0a,8321,-33,2823,243.26,82.53,75,686712,889166
f0:91:27:6b:7a:0a,8322,-33,2824,243.20,82.53,81,686793,889247
f0:91:27:6b:7a:0a,8324,-28,2825,243.17,82.53,159,686952,889406
f0:91:27:6b:7a:0a,8325,-29,2826,243.11,82.53,78,687030,889484
f0:91:27:6b:7a:0a,8327,-28,2827,243.09,82.53,173,687203,889657
f0:91:27:6b:7a:0a,8328,-33,2828,243.03,82.53,80,687283,889737
f0:91:27:6b:7a:0a,8340,-29,2829,243.28,82.52,951,688234,890688
f0:91:27:6b:7a:0a,8341,-26,2830,243.22,82.52,81,688315,890769
f0:91:27:6b:7a:0a,8342,-33,2831,243.16,82.52,81,688396,890850
f0:91:27:6b:7a:0a,8343,-33,2832,243.10,82.52,74,688470,890924
f0:91:27:6b:7a:0a,8344,-27,2833,243.05,82.52,85,688555,891009
f0:91:27:6b:7a:0a,8350,-27,2834,243.13,82.52,485,689040,891494
f0:91:27:6b:7a:0a,8353,-27,2835,243.13,82.52,239,689279,891733
f0:91:27:6b:7a:0a,8355,-29,2836,243.10,82.52,153,689432,891886
f0:91:27:6b:7a:0a,8356,-31,2837,243.04,82.52,77,689509,891963
f0:91:27:6b:7a:0a,8357,-27,2838,242.98,82.52,82,689591,892045
f0:91:27:6b:7a:0a,8358,-30,2839,242.93,82.52,75,689666,892120
f0:91:27:6b:7a:0a,8362,-29,2840,242.95,82.51,315,689981,892435
f0:91:27:6b:7a:0a,8364,-27,2841,242.92,82.51,154,690135,892589
f0:91:27:6b:7a:0a,8366,-31,2842,242.89,82.51,166,690301,892755
f0:91:27:6b:7a:0a,8367,-29,2843,242.84,82.51,81,690382,892836
f0:91:27:6b:7a:0a,8370,-28,2844,242.84,82.51,242,690624,893078
f0:91:27:6b:7a:0a,8371,-27,2845,242.78,82.51,78,690702,893156
f0:91:27:6b:7a:0a,8372,-33,2846,242.72,82.51,75,690777,893231
f0:91:27:6b:7a:0a,8376,-28,2847,242.75,82.51,321,691098,893552
f0:91:27:6b:7a:0a,8378,-28,2848,242.72,82.51,161,691259,893713
f0:91:27:6b:7a:0a,8379,-30,2849,242.66,82.51,85,691344,893798
f0:91:27:6b:7a:0a,8380,-33,2850,242.60,82.51,76,691420,893874
f0:91:27:6b:7a:0a,8381,-28,2851,242.55,82.51,83,691503,893957
f0:91:27:6b:7a:0a,8382,-29,2852,242.49,82.51,83,691586,894040
f0:91:27:6b:7a:0a,8383,-33,2853,242.43,82.51,75,691661,894115
f0:91:27:6b:7a:0a,8388,-27,2854,242.49,82.51,409,692070,894524
f0:91:27:6b:7a:0a,8389,-31,2855,242.43,82.51,79,692149,894603
f0:91:27:6b:7a:0a,8390,-28,2856,242.38,82.51,76,692225,894679
f0:91:27:6b:7a:0a,8393,-28,2857,242.37,82.50,239,692464,894918
f0:91:27:6b:7a:0a,8395,-27,2858,242.34,82.50,156,692620,895074
f0:91:27:6b:7a:0a,8396,-33,2859,242.29,82.50,82,692702,895156
f0:91:27:6b:7a:0a,8403,-28,2860,242.40,82.50,556,693258,895712
f0:91:27:6b:7a:0a,8404,-29,2861,242.34,82.50,76,693334,895788
f0:91:27:6b:7a:0a,8410,-29,2862,242.42,82.50,485,693819,896273
f0:91:27:6b:7a:0a,8449,-30,2863,243.43,82.49,3127,696946,899400
f0:91:27:6b:7a:0a,8456,-28,2864,243.54,82.48,547,697493,899947
f0:91:27:6b:7a:0a,8458,-33,2865,243.51,82.48,159,697652,900106
f0:91:27:6b:7a:0a,8459,-28,2866,243.45,82.48,81,697733,900187
f0:91:27:6b:7a:0a,8467,-30,2867,243.59,82.48,643,698376,900830
f0:91:27:6b:7a:0a,8468,-33,2868,243.53,82.48,78,698454,900908
f0:91:27:6b:7a:0a,8469,-28,2869,243.48,82.48,80,698534,900988
f0:91:27:6b:7a:0a,8470,-30,2870,243.42,82.48,84,698618,901072
f0:91:27:6b:7a:0a,8485,-28,2871,243.75,82.48,1188,699806,902260
f0:91:27:6b:7a:0a,8487,-29,2872,243.72,82.47,153,699959,902413
f0:91:27:6b:7a:0a,8488,-31,2873,243.66,82.47,80,700039,902493
f0:91:27:6b:7a:0a,8498,-28,2874,243.86,82.47,801,700840,903294
f0:91:27:6b:7a:0a,8501,-29,2875,243.86,82.47,255,701095,903549
f0:91:27:6b:7a:0a,8515,-28,2876,244.16,82.47,1114,702209,904663
f0:91:27:6b:7a:0a,8519,-30,2877,244.19,82.47,326,702535,904989
f0:91:27:6b:7a:0a,8520,-30,2878,244.14,82.47,101,702636,905090
f0:91:27:6b:7a:0a,8522,-25,2879,244.11,82.47,168,702804,905258
f0:91:27:6b:7a:0a,8523,-33,2880,244.06,82.47,87,702891,905345
f0:91:27:6b:7a:0a,8524,-28,2881,244.00,82.47,79,702970,905424
f0:91:27:6b:7a:0a,8525,-29,2882,243.94,82.47,78,703048,905502
f0:91:27:6b:7a:0a,8526,-33,2883,243.89,82.47,78,703126,905580
f0:91:27:6b:7a:0a,8528,-28,2884,243.86,82.47,158,703284,905738
f0:91:27:6b:7a:0a,8529,-29,2885,243.80,82.47,77,703361,905815
f0:91:27:6b:7a:0a,8531,-28,2886,243.77,82.47,166,703527,905981
f0:91:27:6b:7a:0a,8532,-27,2887,243.72,82.47,81,703608,906062
f0:91:27:6b:7a:0a,8539,-28,2888,243.82,82.46,541,704149,906603
f0:91:27:6b:7a:0a,8540,-30,2889,243.76,82.46,84,704233,906687
f0:91:27:6b:7a:0a,8541,-33,2890,243.70,82.46,73,704306,906760
f0:91:27:6b:7a:0a,8542,-33,2891,243.65,82.46,79,704385,906839
f0:91:27:6b:7a:0a,8543,-28,2892,243.59,82.46,77,704462,906916
f0:91:27:6b:7a:0a,8546,-30,2893,243.59,82.46,249,704711,907165
f0:91:27:6b:7a:0a,8547,-33,2894,243.54,82.46,84,704795,907249
f0:91:27:6b:7a:0a,8554,-27,2895,243.64,82.46,553,705348,907802
f0:91:27:6b:7a:0a,8555,-31,2896,243.59,82.46,84,705432,907886
f0:91:27:6b:7a:0a,8556,-28,2897,243.53,82.46,79,705511,907965
f0:91:27:6b:7a:0a,8559,-33,2898,243.53,82.46,230,705741,908195
f0:91:27:6b:7a:0a,8562,-31,2899,243.53,82.45,238,705979,908433
f0:91:27:6b:7a:0a,8565,-33,2900,243.52,82.45,237,706216,908670
f0:91:27:6b:7a:0a,8567,-27,2901,243.50,82.45,166,706382,908836
f0:91:27:6b:7a:0a,8570,-28,2902,243.49,82.45,234,706616,909070
f0:91:27:6b:7a:0a,8572,-31,2903,243.46,82.45,160,706776,909230
f0:91:27:6b:7a:0a,8575,-29,2904,243.46,82.45,233,707009,909463
f0:91:27:6b:7a:0a,8577,-28,2905,243.43,82.45,161,707170,909624
f0:91:27:6b:7a:0a,8581,-25,2906,243.46,82.45,318,707488,909942
f0:91:27:6b:7a:0a,8587,-28,2907,243.54,82.45,481,707969,910423
f0:91:27:6b:7a:0a,8588,-29,2908,243.48,82.45,75,708044,910498
f0:91:27:6b:7a:0a,8597,-30,2909,243.64,82.44,715,708759,911213
f0:91:27:6b:7a:0a,8603,-29,2910,243.72,82.44,470,709229,911683
f0:91:27:6b:7a:0a,8606,-27,2911,243.72,82.44,234,709463,911917
f0:91:27:6b:7a:0a,8607,-29,2912,243.66,82.44,86,709549,912003
f0:91:27:6b:7a:0a,8608,-33,2913,243.61,82.44,73,709622,912076
f0:91:27:6b:7a:0a,8609,-27,2914,243.55,82.44,82,709704,912158
f0:91:27:6b:7a:0a,8610,-29,2915,243.50,82.44,84,709788,912242
f0:91:27:6b:7a:0a,8611,-31,2916,243.44,82.44,87,709875,912329
f0:91:27:6b:7a:0a,8612,-28,2917,243.38,82.44,79,709954,912408
f0:91:27:6b:7a:0a,8614,-29,2918,243.36,82.44,175,710129,912583
f0:91:27:6b:7a:0a,8630,-29,2919,243.77,82.45,1430,711559,914013
f0:91:27:6b:7a:0a,8637,-33,2920,243.91,82.46,648,712207,914661
f0:91:27:6b:7a:0a,8638,-33,2921,243.86,82.46,96,712303,914757
f0:91:27:6b:7a:0a,8639,-27,2922,243.81,82.46,101,712404,914858
f0:91:27:6b:7a:0a,8640,-28,2923,243.76,82.46,92,712496,914950
f0:91:27:6b:7a:0a,8659,-29,2924,244.28,82.49,1785,714281,916735
f0:91:27:6b:7a:0a,8663,-30,2925,244.33,82.50,380,714661,917115
f0:91:27:6b:7a:0a,8665,-33,2926,244.31,82.50,192,714853,917307
f0:91:27:6b:7a:0a,8673,-32,2927,244.49,82.51,759,715612,918066
f0:91:27:6b:7a:0a,8674,-31,2928,244.44,82.51,98,715710,918164
f0:91:27:6b:7a:0a,8675,-29,2929,244.38,82.51,90,715800,918254
f0:91:27:6b:7a:0a,8676,-32,2930,244.33,82.51,92,715892,918346
f0:91:27:6b:7a:0a,8678,-29,2931,244.31,82.52,190,716082,918536
f0:91:27:6b:7a:0a,8679,-27,2932,244.26,82.52,99,716181,918635
f0:91:27:6b:7a:0a,8683,-27,2933,244.31,82.52,382,716563,919017
f0:91:27:6b:7a:0a,8684,-33,2934,244.26,82.53,90,716653,919107
f0:91:27:6b:7a:0a,8762,-25,2935,246.58,82.60,7069,723722,926176
f0:91:27:6b:7a:0a,8769,-27,2936,246.70,82.60,591,724313,926767
f0:91:27:6b:7a:0a,8772,-27,2937,246.70,82.60,250,724563,927017
f0:91:27:6b:7a:0a,8773,-31,2938,246.65,82.60,92,724655,927109
f0:91:27:6b:7a:0a,8777,-27,2939,246.68,82.60,324,724979,927433
f0:91:27:6b:7a:0a,8779,-31,2940,246.65,82.60,172,725151,927605
f0:91:27:6b:7a:0a,8781,-33,2941,246.62,82.60,152,725303,927757
f0:91:27:6b:7a:0a,8782,-27,2942,246.56,82.60,88,725391,927845
f0:91:27:6b:7a:0a,8785,-29,2943,246.57,82.60,262,725653,928107
f0:91:27:6b:7a:0a,8788,-29,2944,246.57,82.60,254,725907,928361
f0:91:27:6b:7a:0a,8790,-27,2945,246.54,82.60,166,726073,928527
f0:91:27:6b:7a:0a,8793,-29,2946,246.55,82.60,260,726333,928787
f0:91:27:6b:7a:0a,8794,-33,2947,246.49,82.60,80,726413,928867
f0:91:27:6b:7a:0a,8796,-26,2948,246.47,82.60,169,726582,929036
f0:91:27:6b:7a:0a,8797,-33,2949,246.41,82.60,77,726659,929113
f0:91:27:6b:7a:0a,8803,-27,2950,246.50,82.61,522,727181,929635
f0:91:27:6b:7a:0a,8804,-29,2951,246.44,82.61,77,727258,929712
f0:91:27:6b:7a:0a,8805,-31,2952,246.39,82.61,87,727345,929799
f0:91:27:6b:7a:0a,8815,-33,2953,246.59,82.61,839,728184,930638
f0:91:27:6b:7a:0a,8816,-27,2954,246.53,82.61,79,728263,930717
f0:91:27:6b:7a:0a,8818,-29,2955,246.50,82.61,155,728418,930872
f0:91:27:6b:7a:0a,8819,-33,2956,246.45,82.61,82,728500,930954
f0:91:27:6b:7a:0a,8820,-31,2957,246.39,82.61,79,728579,931033
f0:91:27:6b:7a:0a,8823,-33,2958,246.39,82.61,248,728827,931281
f0:91:27:6b:7a:0a,8825,-27,2959,246.36,82.60,156,728983,931437
f0:91:27:6b:7a:0a,8832,-27,2960,246.47,82.60,573,729556,932010
f0:91:27:6b:7a:0a,8839,-33,2961,246.57,82.60,547,730103,932557
f0:91:27:6b:7a:0a,8840,-25,2962,246.52,82.60,77,730180,932634
f0:91:27:6b:7a:0a,8842,-33,2963,246.49,82.60,158,730338,932792
f0:91:27:6b:7a:0a,8843,-25,2964,246.43,82.60,82,730420,932874
f0:91:27:6b:7a:0a,8847,-25,2965,246.45,82.60,319,730739,933193
f0:91:27:6b:7a:0a,8848,-26,2966,246.40,82.60,85,730824,933278
f0:91:27:6b:7a:0a,8849,-29,2967,246.34,82.60,79,730903,933357
f0:91:27:6b:7a:0a,8853,-26,2968,246.37,82.60,334,731237,933691
f0:91:27:6b:7a:0a,8858,-29,2969,246.42,82.60,398,731635,934089
f0:91:27:6b:7a:0a,8865,-27,2970,246.53,82.60,571,732206,934660
f0:91:27:6b:7a:0a,8867,-27,2971,246.51,82.60,176,732382,934836
f0:91:27:6b:7a:0a,8868,-29,2972,246.45,82.60,73,732455,934909
f0:91:27:6b:7a:0a,8869,-33,2973,246.39,82.59,77,732532,934986
f0:91:27:6b:7a:0a,8870,-29,2974,246.34,82.60,88,732620,935074
f0:91:27:6b:7a:0a,8871,-33,2975,246.29,82.59,80,732700,935154
f0:91:27:6b:7a:0a,8872,-27,2976,246.23,82.60,83,732783,935237
f0:91:27:6b:7a:0a,8873,-29,2977,246.18,82.59,80,732863,935317
f0:91:27:6b:7a:0a,8874,-33,2978,246.12,82.59,74,732937,935391
f0:91:27:6b:7a:0a,8875,-33,2979,246.06,82.59,88,733025,935479
f0:91:27:6b:7a:0a,8876,-27,2980,246.01,82.59,71,733096,935550
f0:91:27:6b:7a:0a,8877,-29,2981,245.95,82.59,77,733173,935627
f0:91:27:6b:7a:0a,8884,-27,2982,246.06,82.59,570,733743,936197
f0:91:27:6b:7a:0a,8886,-33,2983,246.03,82.59,163,733906,936360
f0:91:27:6b:7a:0a,8887,-25,2984,245.97,82.59,83,733989,936443
f0:91:27:6b:7a:0a,8888,-29,2985,245.92,82.59,81,734070,936524
f0:91:27:6b:7a:0a,8889,-32,2986,245.86,82.59,76,734146,936600
f0:91:27:6b:7a:0a,8890,-27,2987,245.81,82.59,83,734229,936683
f0:91:27:6b:7a:0a,8891,-29,2988,245.76,82.59,90,734319,936773
f0:91:27:6b:7a:0a,8892,-31,2989,245.70,82.59,72,734391,936845
f0:91:27:6b:7a:0a,8893,-27,2990,245.64,82.59,75,734466,936920
f0:91:27:6b:7a:0a,8894,-29,2991,245.59,82.59,85,734551,937005
f0:91:27:6b:7a:0a,8896,-32,2992,245.56,82.59,153,734704,937158
f0:91:27:6b:7a:0a,8904,-27,2993,245.69,82.59,633,735337,937791
f0:91:27:6b:7a:0a,8918,-29,2994,245.98,82.58,1117,736454,938908
f0:91:27:6b:7a:0a,8919,-29,2995,245.92,82.58,74,736528,938982
f0:91:27:6b:7a:0a,8928,-29,2996,246.08,82.58,719,737247,939701
f0:91:27:6b:7a:0a,8930,-33,2997,246.05,82.58,158,737405,939859
f0:91:27:6b:7a:0a,8932,-29,2998,246.02,82.58,158,737563,940017
f0:91:27:6b:7a:0a,8934,-33,2999,245.99,82.57,158,737721,940175
f0:91:27:6b:7a:0a,8935,-27,3000,245.93,82.57,81,737802,940256
f0:91:27:6b:7a:0a,8937,-29,3001,245.90,82.57,149,737951,940405
f0:91:27:6b:7a:0a,8939,-29,3002,245.88,82.57,166,738117,940571
f0:91:27:6b:7a:0a,8947,-32,3003,246.01,82.57,641,738758,941212
f0:91:27:6b:7a:0a,8948,-29,3004,245.95,82.57,88,738846,941300
f0:91:27:6b:7a:0a,8949,-33,3005,245.90,82.57,80,738926,941380
f0:91:27:6b:7a:0a,8951,-27,3006,245.87,82.57,153,739079,941533
f0:91:27:6b:7a:0a,8952,-29,3007,245.82,82.57,87,739166,941620
f0:91:27:6b:7a:0a,8953,-31,3008,245.76,82.57,81,739247,941701
f0:91:27:6b:7a:0a,8960,-31,3009,245.86,82.57,556,739803,942257
f0:91:27:6b:7a:0a,8964,-27,3010,245.89,82.57,322,740125,942579
f0:91:27:6b:7a:0a,8965,-25,3011,245.83,82.57,79,740204,942658
f0:91:27:6b:7a:0a,8966,-27,3012,245.78,82.57,74,740278,942732
f0:91:27:6b:7a:0a,8972,-29,3013,245.86,82.56,484,740762,943216
f0:91:27:6b:7a:0a,8975,-29,3014,245.85,82.56,232,740994,943448
f0:91:27:6b:7a:0a,8982,-27,3015,245.95,82.56,546,741540,943994
f0:91:27:6b:7a:0a,8999,-27,3016,246.31,82.55,1344,742884,945338
f0:91:27:6b:7a:0a,9001,-27,3017,246.28,82.55,152,743036,945490
f0:91:27:6b:7a:0a,9002,-32,3018,246.23,82.55,80,743116,945570
f0:91:27:6b:7a:0a,9005,-29,3019,246.22,82.55,232,743348,945802
f0:91:27:6b:7a:0a,9006,-33,3020,246.17,82.55,88,743436,945890
f0:91:27:6b:7a:0a,9007,-27,3021,246.11,82.55,75,743511,945965
f0:91:27:6b:7a:0a,9009,-29,3022,246.09,82.55,158,743669,946123
f0:91:27:6b:7a:0a,9017,-31,3023,246.21,82.54,623,744292,946746
f0:91:27:6b:7a:0a,9019,-27,3024,246.18,82.54,164,744456,946910
f0:91:27:6b:7a:0a,9023,-32,3025,246.21,82.54,318,744774,947228
f0:91:27:6b:7a:0a,9026,-29,3026,246.20,82.54,235,745009,947463
f0:91:27:6b:7a:0a,9033,-31,3027,246.31,82.54,567,745576,948030
f0:91:27:6b:7a:0a,9037,-33,3028,246.33,82.54,309,745885,948339
f0:91:27:6b:7a:0a,9134,-34,3029,248.83,82.51,7807,753692,956146
f0:91:27:6b:7a:0a,9136,-30,3030,248.80,82.51,158,753850,956304
f0:91:27:6b:7a:0a,9143,-30,3031,248.90,82.51,570,754420,956874
f0:91:27:6b:7a:0a,9144,-33,3032,248.85,82.51,80,754500,956954
f0:91:27:6b:7a:0a,9145,-28,3033,248.79,82.51,82,754582,957036
f0:91:27:6b:7a:0a,9146,-27,3034,248.73,82.51,78,754660,957114
f0:91:27:6b:7a:0a,9147,-33,3035,248.68,82.51,79,754739,957193
f0:91:27:6b:7a:0a,9148,-27,3036,248.62,82.51,79,754818,957272
f0:91:27:6b:7a:0a,9149,-28,3037,248.56,82.51,72,754890,957344
f0:91:27:6b:7a:0a,9170,-28,3038,249.03,82.50,1675,756565,959019
f0:91:27:6b:7a:0a,9173,-28,3039,249.03,82.50,237,756802,959256
f0:91:27:6b:7a:0a,9175,-29,3040,249.00,82.50,152,756954,959408
f0:91:27:6b:7a:0a,9178,-28,3041,249.00,82.50,243,757197,959651
f0:91:27:6b:7a:0a,9179,-26,3042,248.94,82.50,74,757271,959725
f0:91:27:6b:7a:0a,9181,-33,3043,248.91,82.50,161,757432,959886
f0:91:27:6b:7a:0a,9182,-28,3044,248.85,82.50,77,757509,959963
f0:91:27:6b:7a:0a,9184,-26,3045,248.82,82.50,152,757661,960115
f0:91:27:6b:7a:0a,9188,-32,3046,248.84,82.50,314,757975,960429
f0:91:27:6b:7a:0a,9194,-32,3047,248.92,82.49,484,758459,960913
f0:91:27:6b:7a:0a,9196,-29,3048,248.89,82.49,154,758613,961067
f0:91:27:6b:7a:0a,9198,-33,3049,248.86,82.49,153,758766,961220
f0:91:27:6b:7a:0a,9202,-28,3050,248.88,82.49,317,759083,961537
f0:91:27:6b:7a:0a,9204,-29,3051,248.85,82.49,154,759237,961691
f0:91:27:6b:7a:0a,9220,-26,3052,249.19,82.49,1289,760526,962980
f0:91:27:6b:7a:0a,9223,-26,3053,249.19,82.49,250,760776,963230
f0:91:27:6b:7a:0a,9224,-26,3054,249.13,82.49,75,760851,963305
f0:91:27:6b:7a:0a,9230,-27,3055,249.21,82.48,476,761327,963781
f0:91:27:6b:7a:0a,9231,-29,3056,249.15,82.48,80,761407,963861
f0:91:27:6b:7a:0a,9232,-33,3057,249.09,82.48,76,761483,963937
f0:91:27:6b:7a:0a,9240,-33,3058,249.23,82.48,661,762144,964598
f0:91:27:6b:7a:0a,9285,-26,3059,250.33,82.47,3602,765746,968200
f0:91:27:6b:7a:0a,9289,-27,3060,250.34,82.47,305,766051,968505
f0:91:27:6b:7a:0a,9291,-29,3061,250.32,82.47,164,766215,968669
f0:91:27:6b:7a:0a,9294,-27,3062,250.31,82.47,247,766462,968916
f0:91:27:6b:7a:0a,9299,-29,3063,250.36,82.47,388,766850,969304
f0:91:27:6b:7a:0a,9300,-29,3064,250.30,82.47,78,766928,969382
f0:91:27:6b:7a:0a,9316,-29,3065,250.64,82.46,1272,768200,970654
f0:91:27:6b:7a:0a,9317,-26,3066,250.58,82.46,74,768274,970728
f0:91:27:6b:7a:0a,9319,-25,3067,250.55,82.46,158,768432,970886
f0:91:27:6b:7a:0a,9340,-32,3068,251.05,82.46,1790,770222,972676
f0:91:27:6b:7a:0a,9343,-30,3069,251.05,82.47,264,770486,972940
f0:91:27:6b:7a:0a,9347,-29,3070,251.09,82.47,372,770858,973312
f0:91:27:6b:7a:0a,9352,-29,3071,251.16,82.47,441,771299,973753
f0:91:27:6b:7a:0a,9356,-26,3072,251.19,82.48,367,771666,974120
f0:91:27:6b:7a:0a,9369,-28,3073,251.51,82.49,1221,772887,975341
f0:91:27:6b:7a:0a,9374,-32,3074,251.58,82.50,460,773347,975801
f0:91:27:6b:7a:0a,9375,-33,3075,251.53,82.50,100,773447,975901
f0:91:27:6b:7a:0a,9386,-26,3076,251.78,82.52,1041,774488,976942
f0:91:27:6b:7a:0a,9387,-29,3077,251.73,82.52,91,774579,977033
f0:91:27:6b:7a:0a,9388,-28,3078,251.68,82.52,90,774669,977123
f0:91:27:6b:7a:0a,9389,-33,3079,251.63,82.52,94,774763,977217
f0:91:27:6b:7a:0a,9390,-33,3080,251.58,82.52,96,774859,977313
f0:91:27:6b:7a:0a,9392,-28,3081,251.56,82.52,182,775041,977495
f0:91:27:6b:7a:0a,9395,-29,3082,251.57,82.53,290,775331,977785
f0:91:27:6b:7a:0a,9404,-28,3083,251.76,82.54,852,776183,978637
f0:91:27:6b:7a:0a,9410,-28,3084,251.86,82.54,546,776729,979183
f0:91:27:6b:7a:0a,9412,-27,3085,251.84,82.55,200,776929,979383
f0:91:27:6b:7a:0a,9414,-28,3086,251.82,82.55,184,777113,979567
f0:91:27:6b:7a:0a,9418,-29,3087,251.86,82.55,381,777494,979948
f0:91:27:6b:7a:0a,9421,-29,3088,251.87,82.56,285,777779,980233
f0:91:27:6b:7a:0a,9422,-25,3089,251.82,82.56,99,777878,980332
f0:91:27:6b:7a:0a,9423,-30,3090,251.77,82.56,88,777966,980420
f0:91:27:6b:7a:0a,9424,-29,3091,251.72,82.56,92,778058,980512
f0:91:27:6b:7a:0a,9425,-28,3092,251.66,82.56,87,778145,980599
f0:91:27:6b:7a:0a,9426,-33,3093,251.61,82.56,89,778234,980688
f0:91:27:6b:7a:0a,9428,-25,3094,251.59,82.57,189,778423,980877
f0:91:27:6b:7a:0a,9430,-27,3095,251.57,82.57,181,778604,981058
f0:91:27:6b:7a:0a,9431,-29,3096,251.52,82.57,88,778692,981146
f0:91:27:6b:7a:0a,9437,-30,3097,251.62,82.57,566,779258,981712
f0:91:27:6b:7a:0a,9438,-29,3098,251.57,82.58,91,779349,981803
f0:91:27:6b:7a:0a,9440,-33,3099,251.54,82.58,185,779534,981988
f0:91:27:6b:7a:0a,9443,-33,3100,251.55,82.58,273,779807,982261
f0:91:27:6b:7a:0a,9444,-26,3101,251.50,82.58,93,779900,982354
f0:91:27:6b:7a:0a,9447,-30,3102,251.51,82.59,289,780189,982643
f0:91:27:6b:7a:0a,9452,-33,3103,251.58,82.59,457,780646,983100
f0:91:27:6b:7a:0a,9453,-29,3104,251.53,82.59,97,780743,983197
f0:91:27:6b:7a:0a,9456,-29,3105,251.54,82.59,275,781018,983472
f0:91:27:6b:7a:0a,9458,-33,3106,251.51,82.60,184,781202,983656
f0:91:27:6b:7a:0a,9459,-27,3107,251.46,82.60,79,781281,983735
f0:91:27:6b:7a:0a,9461,-28,3108,251.43,82.60,178,781459,983913
f0:91:27:6b:7a:0a,9463,-33,3109,251.41,82.60,189,781648,984102
f0:91:27:6b:7a:0a,9464,-25,3110,251.36,82.60,84,781732,984186
f0:91:27:6b:7a:0a,9469,-28,3111,251.42,82.60,445,782177,984631
f0:91:27:6b:7a:0a,9470,-32,3112,251.37,82.60,82,782259,984713
f0:91:27:6b:7a:0a,9471,-28,3113,251.32,82.60,90,782349,984803
f0:91:27:6b:7a:0a,9473,-27,3114,251.29,82.60,163,782512,984966
f0:91:27:6b:7a:0a,9474,-33,3115,251.24,82.61,92,782604,985058
f0:91:27:6b:7a:0a,9475,-27,3116,251.18,82.61,81,782685,985139
f0:91:27:6b:7a:0a,9476,-33,3117,251.13,82.61,89,782774,985228
f0:91:27:6b:7a:0a,9478,-33,3118,251.11,82.61,172,782946,985400
f0:91:27:6b:7a:0a,9479,-27,3119,251.05,82.61,79,783025,985479
f0:91:27:6b:7a:0a,9481,-28,3120,251.03,82.61,174,783199,985653
f0:91:27:6b:7a:0a,9482,-29,3121,250.97,82.61,83,783282,985736
f0:91:27:6b:7a:0a,9487,-29,3122,251.02,82.61,404,783686,986140
f0:91:27:6b:7a:0a,9488,-25,3123,250.97,82.61,93,783779,986233
f0:91:27:6b:7a:0a,9490,-32,3124,250.94,82.61,161,783940,986394
f0:91:27:6b:7a:0a,9510,-29,3125,251.39,82.61,1642,785582,988036
f0:91:27:6b:7a:0a,9511,-30,3126,251.33,82.61,84,785666,988120
f0:91:27:6b:7a:0a,9534,-28,3127,251.87,82.61,1929,787595,990049
f0:91:27:6b:7a:0a,9536,-33,3128,251.84,82.61,156,787751,990205
f0:91:27:6b:7a:0a,9541,-34,3129,251.89,82.61,426,788177,990631
f0:91:27:6b:7a:0a,9546,-28,3130,251.94,82.61,391,788568,991022
f0:91:27:6b:7a:0a,9547,-29,3131,251.88,82.61,80,788648,991102
f0:91:27:6b:7a:0a,9550,-28,3132,251.88,82.60,228,788876,991330
f0:91:27:6b:7a:0a,9551,-29,3133,251.82,82.60,84,788960,991414
f0:91:27:6b:7a:0a,9556,-33,3134,251.87,82.60,401,789361,991815
f0:91:27:6b:7a:0a,9557,-27,3135,251.81,82.60,79,789440,991894
f0:91:27:6b:7a:0a,9560,-29,3136,251.81,82.60,238,789678,992132
f0:91:27:6b:7a:0a,9576,-29,3137,252.13,82.60,1258,790936,993390
f0:91:27:6b:7a:0a,9580,-32,3138,252.15,82.59,307,791243,993697
f0:91:27:6b:7a:0a,9581,-28,3139,252.10,82.59,92,791335,993789
f0:91:27:6b:7a:0a,9582,-29,3140,252.04,82.59,77,791412,993866
f0:91:27:6b:7a:0a,9608,-28,3141,252.62,82.58,2055,793467,995921
f0:91:27:6b:7a:0a,9618,-26,3142,252.79,82.58,795,794262,996716
f0:91:27:6b:7a:0a,9619,-26,3143,252.73,82.58,74,794336,996790
f0:91:27:6b:7a:0a,9627,-29,3144,252.85,82.58,639,794975,997429
f0:91:27:6b:7a:0a,9634,-32,3145,252.95,82.58,556,795531,997985
f0:91:27:6b:7a:0a,9637,-29,3146,252.95,82.57,234,795765,998219
f0:91:27:6b:7a:0a,9639,-28,3147,252.92,82.57,160,795925,998379
f0:91:27:6b:7a:0a,9640,-29,3148,252.86,82.57,79,796004,998458
f0:91:27:6b:7a:0a,9641,-27,3149,252.81,82.57,86,796090,998544
f0:91:27:6b:7a:0a,9642,-29,3150,252.75,82.57,77,796167,998621
f0:91:27:6b:7a:0a,9645,-27,3151,252.75,82.57,241,796408,998862
f0:91:27:6b:7a:0a,9651,-25,3152,252.82,82.57,480,796888,999342
f0:91:27:6b:7a:0a,9655,-28,3153,252.84,82.57,319,797207,999661
f0:91:27:6b:7a:0a,9657,-29,3154,252.81,82.57,158,797365,999819
f0:91:27:6b:7a:0a,9658,-33,3155,252.76,82.57,81,797446,999900
f0:91:27:6b:7a:0a,9660,-29,3156,252.73,82.57,156,797602,1000056
f0:91:27:6b:7a:0a,9661,-28,3157,252.67,82.57,89,797691,1000145
f0:91:27:6b:7a:0a,9662,-29,3158,252.62,82.57,75,797766,1000220
f0:91:27:6b:7a:0a,9663,-30,3159,252.56,82.57,79,797845,1000299
f0:91:27:6b:7a:0a,9664,-28,3160,252.51,82.57,86,797931,1000385
f0:91:27:6b:7a:0a,9665,-29,3161,252.45,82.57,75,798006,1000460
f0:91:27:6b:7a:0a,9669,-29,3162,252.47,82.56,314,798320,1000774
f0:91:27:6b:7a:0a,9679,-29,3163,252.64,82.56,781,799101,1001555
f0:91:27:6b:7a:0a,9682,-29,3164,252.63,82.56,236,799337,1001791
f0:91:27:6b:7a:0a,9683,-29,3165,252.58,82.56,79,799416,1001870
f0:91:27:6b:7a:0a,9686,-29,3166,252.58,82.56,240,799656,1002110
f0:91:27:6b:7a:0a,9688,-30,3167,252.55,82.56,157,799813,1002267
f0:91:27:6b:7a:0a,9689,-25,3168,252.49,82.56,75,799888,1002342
f0:91:27:6b:7a:0a,9690,-27,3169,252.43,82.56,74,799962,1002416
f0:91:27:6b:7a:0a,9692,-30,3170,252.40,82.55,159,800121,1002575
f0:91:27:6b:7a:0a,9693,-25,3171,252.35,82.55,76,800197,1002651
f0:91:27:6b:7a:0a,9694,-27,3172,252.30,82.55,83,800280,1002734
f0:91:27:6b:7a:0a,9695,-33,3173,252.24,82.55,69,800349,1002803
f0:91:27:6b:7a:0a,9696,-28,3174,252.19,82.55,87,800436,1002890
f0:91:27:6b:7a:0a,9698,-29,3175,252.15,82.55,151,800587,1003041
f0:91:27:6b:7a:0a,9704,-28,3176,252.22,82.55,477,801064,1003518
f0:91:27:6b:7a:0a,9709,-33,3177,252.27,82.55,408,801472,1003926
f0:91:27:6b:7a:0a,9721,-28,3178,252.49,82.54,945,802417,1004871
f0:91:27:6b:7a:0a,9725,-26,3179,252.51,82.54,310,802727,1005181
f0:91:27:6b:7a:0a,9727,-29,3180,252.48,82.54,156,802883,1005337
f0:91:27:6b:7a:0a,9732,-33,3181,252.52,82.54,385,803268,1005722
f0:91:27:6b:7a:0a,9734,-29,3182,252.49,82.54,159,803427,1005881
f0:91:27:6b:7a:0a,9736,-26,3183,252.46,82.54,164,803591,1006045
f0:91:27:6b:7a:0a,9739,-30,3184,252.46,82.54,243,803834,1006288
f0:91:27:6b:7a:0a,9740,-30,3185,252.41,82.54,83,803917,1006371
f0:91:27:6b:7a:0a,9741,-33,3186,252.35,82.54,76,803993,1006447
f0:91:27:6b:7a:0a,9743,-28,3187,252.32,82.54,152,804145,1006599
f0:91:27:6b:7a:0a,9746,-27,3188,252.31,82.53,233,804378,1006832
f0:91:27:6b:7a:0a,9750,-29,3189,252.33,82.53,311,804689,1007143
f0:91:27:6b:7a:0a,9754,-33,3190,252.35,82.53,321,805010,1007464
f0:91:27:6b:7a:0a,9755,-28,3191,252.30,82.53,82,805092,1007546
f0:91:27:6b:7a:0a,9756,-29,3192,252.25,82.53,85,805177,1007631
f0:91:27:6b:7a:0a,9757,-33,3193,252.19,82.53,80,805257,1007711
f0:91:27:6b:7a:0a,9758,-26,3194,252.14,82.53,89,805346,1007800
f0:91:27:6b:7a:0a,9759,-33,3195,252.09,82.53,82,805428,1007882
f0:91:27:6b:7a:0a,9764,-29,3196,252.14,82.53,397,805825,1008279
f0:91:27:6b:7a:0a,9767,-27,3197,252.13,82.53,232,806057,1008511
f0:91:27:6b:7a:0a,9787,-27,3198,252.55,82.52,1602,807659,1010113
f0:91:27:6b:7a:0a,9789,-33,3199,252.53,82.52,170,807829,1010283
f0:91:27:6b:7a:0a,9790,-33,3200,252.47,82.52,76,807905,1010359
f0:91:27:6b:7a:0a,9791,-27,3201,252.42,82.52,82,807987,1010441
f0:91:27:6b:7a:0a,9798,-33,3202,252.52,82.52,572,808559,1011013
f0:91:27:6b:7a:0a,9800,-29,3203,252.49,82.52,163,808722,1011176
f0:91:27:6b:7a:0a,9801,-33,3204,252.44,82.52,83,808805,1011259
f0:91:27:6b:7a:0a,9802,-25,3205,252.38,82.52,79,808884,1011338
f0:91:27:6b:7a:0a,9803,-29,3206,252.33,82.52,80,808964,1011418
f0:91:27:6b:7a:0a,9807,-28,3207,252.35,82.52,318,809282,1011736
f0:91:27:6b:7a:0a,9810,-33,3208,252.34,82.52,240,809522,1011976
f0:91:27:6b:7a:0a,9811,-27,3209,252.29,82.52,77,809599,1012053
f0:91:27:6b:7a:0a,9815,-25,3210,252.31,82.52,319,809918,1012372
f0:91:27:6b:7a:0a,9817,-29,3211,252.28,82.52,160,810078,1012532
f0:91:27:6b:7a:0a,9818,-31,3212,252.23,82.52,78,810156,1012610
f0:91:27:6b:7a:0a,9821,-26,3213,252.23,82.52,247,810403,1012857
f0:91:27:6b:7a:0a,9822,-33,3214,252.17,82.52,77,810480,1012934
f0:91:27:6b:7a:0a,9824,-29,3215,252.14,82.52,162,810642,1013096
f0:91:27:6b:7a:0a,9826,-28,3216,252.12,82.52,169,810811,1013265
f0:91:27:6b:7a:0a,9836,-33,3217,252.28,82.51,789,811600,1014054
f0:91:27:6b:7a:0a,9838,-25,3218,252.26,82.51,160,811760,1014214
f0:91:27:6b:7a:0a,9839,-29,3219,252.20,82.51,82,811842,1014296
f0:91:27:6b:7a:0a,9841,-25,3220,252.17,82.51,150,811992,1014446
f0:91:27:6b:7a:0a,9842,-29,3221,252.12,82.51,85,812077,1014531
f0:91:27:6b:7a:0a,9847,-31,3222,252.17,82.51,407,812484,1014938
f0:91:27:6b:7a:0a,9848,-28,3223,252.11,82.51,76,812560,1015014
f0:91:27:6b:7a:0a,9849,-25,3224,252.06,82.51,72,812632,1015086
f0:91:27:6b:7a:0a,9850,-29,3225,252.00,82.51,84,812716,1015170
f0:91:27:6b:7a:0a,9851,-33,3226,251.95,82.51,75,812791,1015245
f0:91:27:6b:7a:0a,9864,-25,3227,252.19,82.51,1040,813831,1016285
f0:91:27:6b:7a:0a,9877,-29,3228,252.44,82.50,1037,814868,1017322
f0:91:27:6b:7a:0a,9880,-25,3229,252.43,82.50,229,815097,1017551
f0:91:27:6b:7a:0a,9884,-32,3230,252.45,82.50,328,815425,1017879
f0:91:27:6b:7a:0a,9885,-28,3231,252.40,82.50,84,815509,1017963
f0:91:27:6b:7a:0a,9898,-33,3232,252.64,82.49,1013,816522,1018976
f0:91:27:6b:7a:0a,9903,-28,3233,252.68,82.49,391,816913,1019367
f0:91:27:6b:7a:0a,9906,-29,3234,252.68,82.49,248,817161,1019615
f0:91:27:6b:7a:0a,9908,-28,3235,252.65,82.49,157,817318,1019772
f0:91:27:6b:7a:0a,9910,-33,3236,252.62,82.49,157,817475,1019929
f0:91:27:6b:7a:0a,9911,-27,3237,252.57,82.49,85,817560,1020014
f0:91:27:6b:7a:0a,9912,-25,3238,252.51,82.49,72,817632,1020086
f0:91:27:6b:7a:0a,9914,-33,3239,252.48,82.49,156,817788,1020242
f0:91:27:6b:7a:0a,9933,-33,3240,252.88,82.48,1534,819322,1021776
f0:91:27:6b:7a:0a,9934,-33,3241,252.82,82.48,74,819396,1021850
f0:91:27:6b:7a:0a,9935,-27,3242,252.77,82.48,81,819477,1021931
f0:91:27:6b:7a:0a,9943,-33,3243,252.89,82.48,650,820127,1022581
f0:91:27:6b:7a:0a,9996,-29,3244,254.12,82.47,4251,824378,1026832
f0:91:27:6b:7a:0a,9998,-25,3245,254.09,82.47,159,824537,1026991
f0:91:27:6b:7a:0a,10007,-29,3246,254.24,82.47,723,825260,1027714
f0:91:27:6b:7a:0a,10009,-33,3247,254.21,82.47,152,825412,1027866
f0:91:27:6b:7a:0a,10011,-29,3248,254.18,82.47,159,825571,1028025
f0:91:27:6b:7a:0a,10012,-29,3249,254.12,82.47,76,825647,1028101
f0:91:27:6b:7a:0a,10014,-26,3250,254.09,82.46,154,825801,1028255
f0:91:27:6b:7a:0a,10016,-29,3251,254.06,82.46,154,825955,1028409
f0:91:27:6b:7a:0a,10032,-27,3252,254.38,82.46,1282,827237,1029691
f0:91:27:6b:7a:0a,10033,-33,3253,254.32,82.46,77,827314,1029768
f0:91:27:6b:7a:0a,10036,-26,3254,254.32,82.46,249,827563,1030017
f0:91:27:6b:7a:0a,10039,-27,3255,254.32,82.46,240,827803,1030257
f0:91:27:6b:7a:0a,10040,-29,3256,254.26,82.46,78,827881,1030335
f0:91:27:6b:7a:0a,10042,-27,3257,254.24,82.46,163,828044,1030498
f0:91:27:6b:7a:0a,10043,-27,3258,254.18,82.46,75,828119,1030573
f0:91:27:6b:7a:0a,10055,-29,3259,254.40,82.45,958,829077,1031531
f0:91:27:6b:7a:0a,10056,-31,3260,254.34,82.45,81,829158,1031612
f0:91:27:6b:7a:0a,10057,-29,3261,254.29,82.45,89,829247,1031701
f0:91:27:6b:7a:0a,10059,-30,3262,254.27,82.46,178,829425,1031879
f0:91:27:6b:7a:0a,10061,-29,3263,254.24,82.46,167,829592,1032046
f0:91:27:6b:7a:0a,10062,-33,3264,254.19,82.46,75,829667,1032121
f0:91:27:6b:7a:0a,10068,-27,3265,254.28,82.46,541,830208,1032662
f0:91:27:6b:7a:0a,10069,-33,3266,254.23,82.46,96,830304,1032758
f0:91:27:6b:7a:0a,10070,-33,3267,254.18,82.46,94,830398,1032852
f0:91:27:6b:7a:0a,10072,-27,3268,254.16,82.47,190,830588,1033042
f0:91:27:6b:7a:0a,10073,-29,3269,254.11,82.47,89,830677,1033131
f0:91:27:6b:7a:0a,10074,-28,3270,254.06,82.47,97,830774,1033228
f0:91:27:6b:7a:0a,10081,-29,3271,254.17,82.47,629,831403,1033857
f0:91:27:6b:7a:0a,10085,-33,3272,254.21,82.48,360,831763,1034217
f0:91:27:6b:7a:0a,10086,-29,3273,254.16,82.48,96,831859,1034313
f0:91:27:6b:7a:0a,10087,-28,3274,254.11,82.48,85,831944,1034398
f0:91:27:6b:7a:0a,10088,-33,3275,254.06,82.48,93,832037,1034491
f0:91:27:6b:7a:0a,10089,-28,3276,254.01,82.48,86,832123,1034577
f0:91:27:6b:7a:0a,10092,-27,3277,254.01,82.48,276,832399,1034853
f0:91:27:6b:7a:0a,10093,-28,3278,253.97,82.48,101,832500,1034954
f0:91:27:6b:7a:0a,10094,-29,3279,253.92,82.48,88,832588,1035042
f0:91:27:6b:7a:0a,10095,-29,3280,253.87,82.48,95,832683,1035137
f0:91:27:6b:7a:0a,10096,-28,3281,253.82,82.49,93,832776,1035230
f0:91:27:6b:7a:0a,10098,-27,3282,253.80,82.49,184,832960,1035414
f0:91:27:6b:7a:0a,10099,-25,3283,253.75,82.49,90,833050,1035504
f0:91:27:6b:7a:0a,10120,-29,3284,254.27,82.51,1970,835020,1037474
f0:91:27:6b:7a:0a,10121,-28,3285,254.22,82.51,92,835112,1037566
f0:91:27:6b:7a:0a,10122,-28,3286,254.17,82.51,100,835212,1037666
f0:91:27:6b:7a:0a,10128,-29,3287,254.27,82.52,564,835776,1038230
f0:91:27:6b:7a:0a,10129,-28,3288,254.22,82.52,91,835867,1038321
f0:91:27:6b:7a:0a,10130,-28,3289,254.17,82.52,101,835968,1038422
f0:91:27:6b:7a:0a,10131,-34,3290,254.12,82.53,94,836062,1038516
f0:91:27:6b:7a:0a,10132,-29,3291,254.07,82.53,97,836159,1038613
f0:91:27:6b:7a:0a,10133,-28,3292,254.03,82.53,93,836252,1038706
f0:91:27:6b:7a:0a,10134,-28,3293,253.98,82.53,96,836348,1038802
f0:91:27:6b:7a:0a,10135,-33,3294,253.93,82.53,95,836443,1038897
f0:91:27:6b:7a:0a,10136,-27,3295,253.88,82.53,92,836535,1038989
f0:91:27:6b:7a:0a,10137,-28,3296,253.83,82.53,97,836632,1039086
f0:91:27:6b:7a:0a,10138,-33,3297,253.78,82.53,85,836717,1039171
f0:91:27:6b:7a:0a,10139,-33,3298,253.74,82.53,103,836820,1039274
f0:91:27:6b:7a:0a,10140,-29,3299,253.69,82.54,91,836911,1039365
f0:91:27:6b:7a:0a,10141,-28,3300,253.64,82.54,90,837001,1039455
f0:91:27:6b:7a:0a,10142,-33,3301,253.59,82.54,91,837092,1039546
f0:91:27:6b:7a:0a,10143,-31,3302,253.54,82.54,98,837190,1039644
f0:91:27:6b:7a:0a,10144,-30,3303,253.49,82.54,89,837279,1039733
f0:91:27:6b:7a:0a,10145,-28,3304,253.44,82.54,88,837367,1039821
f0:91:27:6b:7a:0a,10149,-30,3305,253.48,82.54,373,837740,1040194
f0:91:27:6b:7a:0a,10150,-26,3306,253.43,82.55,97,837837,1040291
f0:91:27:6b:7a:0a,10154,-28,3307,253.46,82.55,368,838205,1040659
f0:91:27:6b:7a:0a,10157,-29,3308,253.47,82.55,282,838487,1040941
f0:91:27:6b:7a:0a,10162,-33,3309,253.53,82.56,458,838945,1041399
f0:91:27:6b:7a:0a,10168,-33,3310,253.63,82.56,569,839514,1041968
f0:91:27:6b:7a:0a,10170,-28,3311,253.61,82.57,183,839697,1042151
f0:91:27:6b:7a:0a,10171,-29,3312,253.56,82.57,85,839782,1042236
f0:91:27:6b:7a:0a,10172,-28,3313,253.51,82.57,98,839880,1042334
f0:91:27:6b:7a:0a,10174,-33,3314,253.49,82.57,189,840069,1042523
f0:91:27:6b:7a:0a,10175,-27,3315,253.44,82.57,95,840164,1042618
f0:91:27:6b:7a:0a,10177,-29,3316,253.42,82.57,171,840335,1042789
f0:91:27:6b:7a:0a,10182,-27,3317,253.48,82.58,467,840802,1043256
f0:91:27:6b:7a:0a,10185,-30,3318,253.49,82.58,273,841075,1043529
f0:91:27:6b:7a:0a,10186,-28,3319,253.44,82.58,93,841168,1043622
f0:91:27:6b:7a:0a,10240,-31,3320,254.75,82.60,4617,845785,1048239
f0:91:27:6b:7a:0a,10241,-28,3321,254.70,82.60,77,845862,1048316
f0:91:27:6b:7a:0a,10242,-29,3322,254.65,82.60,81,845943,1048397
f0:91:27:6b:7a:0a,10244,-30,3323,254.63,82.60,176,846119,1048573
f0:91:27:6b:7a:0a,10249,-28,3324,254.67,82.60,407,846526,1048980
f0:91:27:6b:7a:0a,10250,-30,3325,254.62,82.60,82,846608,1049062
f0:91:27:6b:7a:0a,10251,-33,3326,254.57,82.60,79,846687,1049141
f0:91:27:6b:7a:0a,10258,-27,3327,254.66,82.60,574,847261,1049715
f0:91:27:6b:7a:0a,10275,-29,3328,255.01,82.60,1405,848666,1051120
f0:91:27:6b:7a:0a,10285,-28,3329,255.17,82.59,810,849476,1051930
f0:91:27:6b:7a:0a,10287,-27,3330,255.14,82.59,149,849625,1052079
f0:91:27:6b:7a:0a,10288,-29,3331,255.09,82.59,80,849705,1052159
f0:91:27:6b:7a:0a,10290,-33,3332,255.06,82.59,158,849863,1052317
f0:91:27:6b:7a:0a,10291,-28,3333,255.01,82.59,82,849945,1052399
f0:91:27:6b:7a:0a,10293,-33,3334,254.98,82.59,158,850103,1052557
f0:91:27:6b:7a:0a,10294,-28,3335,254.93,82.59,86,850189,1052643
f0:91:27:6b:7a:0a,10295,-28,3336,254.88,82.59,74,850263,1052717
f0:91:27:6b:7a:0a,10300,-33,3337,254.92,82.59,408,850671,1053125
f0:91:27:6b:7a:0a,10304,-29,3338,254.94,82.59,321,850992,1053446
f0:91:27:6b:7a:0a,10306,-33,3339,254.91,82.59,154,851146,1053600
f0:91:27:6b:7a:0a,10310,-28,3340,254.93,82.59,321,851467,1053921
f0:91:27:6b:7a:0a,10311,-29,3341,254.88,82.59,79,851546,1054000
f0:91:27:6b:7a:0a,10313,-33,3342,254.85,82.59,156,851702,1054156
f0:91:27:6b:7a:0a,10314,-28,3343,254.79,82.58,77,851779,1054233
f0:91:27:6b:7a:0a,10316,-33,3344,254.77,82.59,171,851950,1054404
f0:91:27:6b:7a:0a,10318,-27,3345,254.74,82.58,161,852111,1054565
f0:91:27:6b:7a:0a,10319,-27,3346,254.69,82.58,80,852191,1054645
f0:91:27:6b:7a:0a,10320,-33,3347,254.64,82.59,89,852280,1054734
f0:91:27:6b:7a:0a,10321,-28,3348,254.59,82.59,90,852370,1054824
f0:91:27:6b:7a:0a,10327,-29,3349,254.65,82.58,467,852837,1055291
f0:91:27:6b:7a:0a,10340,-33,3350,254.89,82.58,1042,853879,1056333
f0:91:27:6b:7a:0a,10341,-33,3351,254.84,82.58,78,853957,1056411
f0:91:27:6b:7a:0a,10342,-28,3352,254.78,82.58,80,854037,1056491
f0:91:27:6b:7a:0a,10343,-27,3353,254.73,82.58,74,854111,1056565
f0:91:27:6b:7a:0a,10344,-33,3354,254.68,82.58,81,854192,1056646
f0:91:27:6b:7a:0a,10345,-25,3355,254.63,82.58,80,854272,1056726
f0:91:27:6b:7a:0a,10346,-29,3356,254.57,82.58,75,854347,1056801
f0:91:27:6b:7a:0a,10348,-33,3357,254.54,82.58,156,854503,1056957
f0:91:27:6b:7a:0a,10349,-28,3358,254.49,82.58,76,854579,1057033
f0:91:27:6b:7a:0a,10350,-29,3359,254.44,82.58,81,854660,1057114
f0:91:27:6b:7a:0a,10352,-33,3360,254.41,82.57,153,854813,1057267
f0:91:27:6b:7a:0a,10353,-33,3361,254.36,82.57,80,854893,1057347
f0:91:27:6b:7a:0a,10356,-33,3362,254.35,82.57,233,855126,1057580
f0:91:27:6b:7a:0a,10368,-28,3363,254.56,82.57,965,856091,1058545
f0:91:27:6b:7a:0a,10369,-29,3364,254.51,82.57,76,856167,1058621
f0:91:27:6b:7a:0a,10372,-30,3365,254.50,82.57,235,856402,1058856
f0:91:27:6b:7a:0a,10373,-33,3366,254.45,82.57,83,856485,1058939
f0:91:27:6b:7a:0a,10374,-28,3367,254.40,82.57,81,856566,1059020
f0:91:27:6b:7a:0a,10375,-29,3368,254.35,82.57,80,856646,1059100
f0:91:27:6b:7a:0a,10381,-28,3369,254.41,82.57,464,857110,1059564
f0:91:27:6b:7a:0a,10382,-28,3370,254.36,82.57,80,857190,1059644
f0:91:27:6b:7a:0a,10383,-33,3371,254.31,82.57,85,857275,1059729
f0:91:27:6b:7a:0a,10387,-28,3372,254.33,82.56,326,857601,1060055
f0:91:27:6b:7a:0a,10392,-33,3373,254.37,82.56,396,857997,1060451
f0:91:27:6b:7a:0a,10393,-28,3374,254.32,82.56,81,858078,1060532
f0:91:27:6b:7a:0a,10395,-33,3375,254.29,82.56,165,858243,1060697
f0:91:27:6b:7a:0a,10401,-29,3376,254.36,82.56,473,858716,1061170
f0:91:27:6b:7a:0a,10402,-33,3377,254.31,82.56,78,858794,1061248
f0:91:27:6b:7a:0a,10403,-27,3378,254.25,82.56,77,858871,1061325
f0:91:27:6b:7a:0a,10404,-29,3379,254.20,82.56,82,858953,1061407
f0:91:27:6b:7a:0a,10426,-33,3380,254.64,82.55,1739,860692,1063146
f0:91:27:6b:7a:0a,10427,-25,3381,254.59,82.55,78,860770,1063224
f0:91:27:6b:7a:0a,10429,-29,3382,254.56,82.55,158,860928,1063382
f0:91:27:6b:7a:0a,10430,-33,3383,254.51,82.55,74,861002,1063456
f0:91:27:6b:7a:0a,10432,-33,3384,254.48,82.55,171,861173,1063627
f0:91:27:6b:7a:0a,10439,-29,3385,254.57,82.55,541,861714,1064168
f0:91:27:6b:7a:0a,10441,-33,3386,254.54,82.55,156,861870,1064324
f0:91:27:6b:7a:0a,10442,-27,3387,254.49,82.55,78,861948,1064402
f0:91:27:6b:7a:0a,10443,-30,3388,254.43,82.55,74,862022,1064476
f0:91:27:6b:7a:0a,10444,-28,3389,254.39,82.55,95,862117,1064571
f0:91:27:6b:7a:0a,10445,-29,3390,254.33,82.55,74,862191,1064645
f0:91:27:6b:7a:0a,10447,-33,3391,254.31,82.55,163,862354,1064808
f0:91:27:6b:7a:0a,10465,-29,3392,254.64,82.54,1401,863755,1066209
f0:91:27:6b:7a:0a,10474,-33,3393,254.79,82.54,735,864490,1066944
f0:91:27:6b:7a:0a,10475,-27,3394,254.74,82.54,82,864572,1067026
f0:91:27:6b:7a:0a,10476,-33,3395,254.68,82.54,80,864652,1067106
f0:91:27:6b:7a:0a,10478,-29,3396,254.66,82.54,163,864815,1067269
f0:91:27:6b:7a:0a,10526,-28,3397,255.71,82.52,3838,868653,1071107
f0:91:27:6b:7a:0a,10528,-33,3398,255.68,82.52,156,868809,1071263
f0:91:27:6b:7a:0a,10535,-30,3399,255.77,82.52,570,869379,1071833
f0:91:27:6b:7a:0a,10536,-27,3400,255.72,82.52,71,869450,1071904
f0:91:27:6b:7a:0a,10537,-28,3401,255.67,82.52,94,869544,1071998
f0:91:27:6b:7a:0a,10538,-29,3402,255.62,82.52,76,869620,1072074
f0:91:27:6b:7a:0a,10556,-28,3403,255.97,82.52,1434,871054,1073508
f0:91:27:6b:7a:0a,10565,-29,3404,256.10,82.51,713,871767,1074221
f0:91:27:6b:7a:0a,10566,-27,3405,256.05,82.51,76,871843,1074297
f0:91:27:6b:7a:0a,10567,-26,3406,256.00,82.51,87,871930,1074384
f0:91:27:6b:7a:0a,10569,-29,3407,255.97,82.51,155,872085,1074539
f0:91:27:6b:7a:0a,10580,-33,3408,256.15,82.51,875,872960,1075414
f0:91:27:6b:7a:0a,10583,-29,3409,256.14,82.51,232,873192,1075646
f0:91:27:6b:7a:0a,10598,-27,3410,256.42,82.51,1202,874394,1076848
f0:91:27:6b:7a:0a,10599,-31,3411,256.37,82.51,77,874471,1076925
f0:91:27:6b:7a:0a,10601,-28,3412,256.34,82.50,158,874629,1077083
f0:91:27:6b:7a:0a,10612,-33,3413,256.52,82.50,874,875503,1077957
f0:91:27:6b:7a:0a,10614,-29,3414,256.49,82.50,161,875664,1078118
f0:91:27:6b:7a:0a,10615,-33,3415,256.44,82.50,77,875741,1078195
f0:91:27:6b:7a:0a,10616,-33,3416,256.39,82.50,75,875816,1078270
f0:91:27:6b:7a:0a,10618,-29,3417,256.36,82.50,158,875974,1078428
f0:91:27:6b:7a:0a,10619,-26,3418,256.31,82.50,90,876064,1078518
f0:91:27:6b:7a:0a,10620,-29,3419,256.26,82.50,75,876139,1078593
f0:91:27:6b:7a:0a,10623,-28,3420,256.25,82.50,235,876374,1078828
f0:91:27:6b:7a:0a,10635,-29,3421,256.45,82.49,941,877315,1079769
f0:91:27:6b:7a:0a,10636,-33,3422,256.40,82.49,79,877394,1079848
f0:91:27:6b:7a:0a,10638,-33,3423,256.37,82.49,167,877561,1080015
f0:91:27:6b:7a:0a,10640,-33,3424,256.35,82.49,175,877736,1080190
f0:91:27:6b:7a:0a,10641,-28,3425,256.30,82.49,77,877813,1080267
f0:91:27:6b:7a:0a,10646,-28,3426,256.34,82.49,415,878228,1080682
f0:91:27:6b:7a:0a,10647,-31,3427,256.29,82.49,86,878314,1080768
f0:91:27:6b:7a:0a,10648,-33,3428,256.24,82.49,76,878390,1080844
f0:91:27:6b:7a:0a,10649,-28,3429,256.19,82.49,83,878473,1080927
f0:91:27:6b:7a:0a,10650,-33,3430,256.14,82.49,89,878562,1081016
f0:91:27:6b:7a:0a,10651,-33,3431,256.09,82.49,72,878634,1081088
f0:91:27:6b:7a:0a,10655,-28,3432,256.10,82.49,318,878952,1081406
f0:91:27:6b:7a:0a,10658,-33,3433,256.10,82.49,233,879185,1081639
f0:91:27:6b:7a:0a,10663,-29,3434,256.14,82.49,398,879583,1082037
f0:91:27:6b:7a:0a,10666,-33,3435,256.14,82.49,243,879826,1082280
f0:91:27:6b:7a:0a,10673,-33,3436,256.23,82.49,579,880405,1082859
f0:91:27:6b:7a:0a,10674,-28,3437,256.18,82.49,80,880485,1082939
f0:91:27:6b:7a:0a,10675,-29,3438,256.13,82.49,74,880559,1083013
f0:91:27:6b:7a:0a,10678,-29,3439,256.12,82.49,244,880803,1083257
f0:91:27:6b:7a:0a,10683,-29,3440,256.16,82.49,391,881194,1083648
f0:91:27:6b:7a:0a,10711,-28,3441,256.73,82.48,2207,883401,1085855
f0:91:27:6b:7a:0a,10713,-33,3442,256.70,82.48,160,883561,1086015
f0:91:27:6b:7a:0a,10714,-28,3443,256.65,82.48,78,883639,1086093
f0:91:27:6b:7a:0a,10715,-29,3444,256.60,82.47,79,883718,1086172
f0:91:27:6b:7a:0a,10716,-33,3445,256.55,82.47,80,883798,1086252
f0:91:27:6b:7a:0a,10725,-26,3446,256.68,82.47,708,884506,1086960
f0:91:27:6b:7a:0a,10735,-26,3447,256.83,82.47,803,885309,1087763
f0:91:27:6b:7a:0a,10738,-33,3448,256.83,82.47,240,885549,1088003
f0:91:27:6b:7a:0a,10749,-33,3449,257.01,82.47,869,886418,1088872
f0:91:27:6b:7a:0a,10773,-31,3450,257.48,82.46,1905,888323,1090777
f0:91:27:6b:7a:0a,10799,-30,3451,258.04,82.46,2157,890480,1092934
f0:91:27:6b:7a:0a,10801,-29,3452,258.01,82.46,183,890663,1093117
f0:91:27:6b:7a:0a,10804,-30,3453,258.02,82.46,284,890947,1093401
f0:91:27:6b:7a:0a,10805,-31,3454,257.97,82.47,94,891041,1093495
f0:91:27:6b:7a:0a,10813,-33,3455,258.11,82.47,743,891784,1094238
f0:91:27:6b:7a:0a,10815,-33,3456,258.09,82.48,188,891972,1094426
f0:91:27:6b:7a:0a,10816,-30,3457,258.05,82.48,93,892065,1094519
f0:91:27:6b:7a:0a,10818,-29,3458,258.02,82.48,181,892246,1094700
f0:91:27:6b:7a:0a,10819,-28,3459,257.98,82.48,91,892337,1094791
f0:91:27:6b:7a:0a,10820,-33,3460,257.93,82.48,94,892431,1094885
f0:91:27:6b:7a:0a,10821,-29,3461,257.88,82.48,98,892529,1094983
f0:91:27:6b:7a:0a,10825,-28,3462,257.91,82.48,364,892893,1095347
f0:91:27:6b:7a:0a,10826,-30,3463,257.86,82.49,90,892983,1095437
f0:91:27:6b:7a:0a,10827,-28,3464,257.82,82.49,92,893075,1095529
f0:91:27:6b:7a:0a,10832,-33,3465,257.88,82.49,471,893546,1096000
f0:91:27:6b:7a:0a,10839,-27,3466,257.99,82.50,655,894201,1096655
f0:91:27:6b:7a:0a,10841,-33,3467,257.97,82.50,176,894377,1096831
f0:91:27:6b:7a:0a,10842,-29,3468,257.92,82.50,95,894472,1096926
f0:91:27:6b:7a:0a,10843,-28,3469,257.87,82.50,88,894560,1097014
f0:91:27:6b:7a:0a,10844,-33,3470,257.83,82.50,98,894658,1097112
f0:91:27:6b:7a:0a,10845,-33,3471,257.78,82.50,88,894746,1097200
f0:91:27:6b:7a:0a,10846,-26,3472,257.73,82.50,99,894845,1097299
f0:91:27:6b:7a:0a,10847,-31,3473,257.68,82.51,93,894938,1097392
f0:91:27:6b:7a:0a,10848,-27,3474,257.64,82.51,93,895031,1097485
f0:91:27:6b:7a:0a,10849,-29,3475,257.59,82.51,94,895125,1097579
f0:91:27:6b:7a:0a,10854,-28,3476,257.65,82.51,481,895606,1098060
f0:91:27:6b:7a:0a,10855,-28,3477,257.61,82.51,89,895695,1098149
f0:91:27:6b:7a:0a,10859,-26,3478,257.64,82.52,385,896080,1098534
f0:91:27:6b:7a:0a,10863,-33,3479,257.67,82.52,368,896448,1098902
f0:91:27:6b:7a:0a,10864,-29,3480,257.63,82.52,101,896549,1099003
f0:91:27:6b:7a:0a,10865,-28,3481,257.58,82.53,92,896641,1099095
f0:91:27:6b:7a:0a,10870,-33,3482,257.64,82.53,471,897112,1099566
f0:91:27:6b:7a:0a,10871,-29,3483,257.59,82.53,89,897201,1099655
f0:91:27:6b:7a:0a,10873,-33,3484,257.57,82.53,189,897390,1099844
f0:91:27:6b:7a:0a,10874,-33,3485,257.53,82.54,99,897489,1099943
f0:91:27:6b:7a:0a,10875,-29,3486,257.48,82.54,93,897582,1100036
f0:91:27:6b:7a:0a,10879,-27,3487,257.51,82.54,368,897950,1100404
f0:91:27:6b:7a:0a,10880,-33,3488,257.47,82.54,90,898040,1100494
f0:91:27:6b:7a:0a,10881,-33,3489,257.42,82.54,99,898139,1100593
f0:91:27:6b:7a:0a,10891,-28,3490,257.61,82.55,931,899070,1101524
f0:91:27:6b:7a:0a,10931,-33,3491,258.59,82.58,3659,902729,1105183
f0:91:27:6b:7a:0a,10934,-28,3492,258.59,82.59,266,902995,1105449
f0:91:27:6b:7a:0a,10939,-33,3493,258.64,82.59,433,903428,1105882
f0:91:27:6b:7a:0a,11006,-33,3494,260.18,82.60,5641,909069,1111523
f0:91:27:6b:7a:0a,11007,-26,3495,260.13,82.60,76,909145,1111599
f0:91:27:6b:7a:0a,11010,-33,3496,260.12,82.60,241,909386,1111840
f0:91:27:6b:7a:0a,11011,-26,3497,260.07,82.60,84,909470,1111924
f0:91:27:6b:7a:0a,11012,-29,3498,260.02,82.60,84,909554,1112008
f0:91:27:6b:7a:0a,11013,-33,3499,259.97,82.60,79,909633,1112087
f0:91:27:6b:7a:0a,11015,-29,3500,259.94,82.60,161,909794,1112248
f0:91:27:6b:7a:0a,11016,-33,3501,259.89,82.60,80,909874,1112328
f0:91:27:6b:7a:0a,11019,-25,3502,259.89,82.60,247,910121,1112575
f0:91:27:6b:7a:0a,11020,-29,3503,259.83,82.60,76,910197,1112651
f0:91:27:6b:7a:0a,11021,-28,3504,259.79,82.60,90,910287,1112741
f0:91:27:6b:7a:0a,11024,-26,3505,259.78,82.60,244,910531,1112985
f0:91:27:6b:7a:0a,11033,-31,3506,259.91,82.59,707,911238,1113692
f0:91:27:6b:7a:0a,11034,-28,3507,259.86,82.59,80,911318,1113772
f0:91:27:6b:7a:0a,11035,-30,3508,259.80,82.59,77,911395,1113849
f0:91:27:6b:7a:0a,11036,-33,3509,259.75,82.59,82,911477,1113931
f0:91:27:6b:7a:0a,11038,-29,3510,259.73,82.59,162,911639,1114093
f0:91:27:6b:7a:0a,11039,-33,3511,259.67,82.59,77,911716,1114170
f0:91:27:6b:7a:0a,11040,-28,3512,259.62,82.59,80,911796,1114250
f0:91:27:6b:7a:0a,11041,-29,3513,259.57,82.59,75,911871,1114325
f0:91:27:6b:7a:0a,11043,-28,3514,259.54,82.59,170,912041,1114495
f0:91:27:6b:7a:0a,11045,-28,3515,259.52,82.59,159,912200,1114654
f0:91:27:6b:7a:0a,11046,-30,3516,259.47,82.59,81,912281,1114735
f0:91:27:6b:7a:0a,11049,-28,3517,259.46,82.59,232,912513,1114967
f0:91:27:6b:7a:0a,11064,-30,3518,259.72,82.58,1195,913708,1116162
f0:91:27:6b:7a:0a,11067,-31,3519,259.72,82.58,248,913956,1116410
f0:91:27:6b:7a:0a,11070,-29,3520,259.71,82.58,237,914193,1116647
f0:91:27:6b:7a:0a,11071,-33,3521,259.66,82.58,81,914274,1116728
f0:91:27:6b:7a:0a,11078,-29,3522,259.74,82.58,544,914818,1117272
f0:91:27:6b:7a:0a,11080,-29,3523,259.72,82.58,174,914992,1117446
f0:91:27:6b:7a:0a,11082,-28,3524,259.69,82.58,153,915145,1117599
f0:91:27:6b:7a:0a,11083,-33,3525,259.64,82.58,91,915236,1117690
f0:91:27:6b:7a:0a,11090,-28,3526,259.73,82.58,561,915797,1118251
f0:91:27:6b:7a:0a,11095,-29,3527,259.76,82.58,387,916184,1118638
f0:91:27:6b:7a:0a,11096,-29,3528,259.71,82.58,79,916263,1118717
f0:91:27:6b:7a:0a,11104,-31,3529,259.82,82.57,643,916906,1119360
f0:91:27:6b:7a:0a,11109,-27,3530,259.86,82.57,389,917295,1119749
f0:91:27:6b:7a:0a,11120,-33,3531,260.03,82.57,872,918167,1120621
f0:91:27:6b:7a:0a,11123,-29,3532,260.02,82.57,233,918400,1120854
f0:91:27:6b:7a:0a,11143,-29,3533,260.40,82.56,1580,919980,1122434
f0:91:27:6b:7a:0a,11161,-33,3534,260.72,82.56,1418,921398,1123852
f0:91:27:6b:7a:0a,11167,-31,3535,260.79,82.55,477,921875,1124329
f0:91:27:6b:7a:0a,11168,-28,3536,260.73,82.55,76,921951,1124405
f0:91:27:6b:7a:0a,11181,-31,3537,260.95,82.55,1028,922979,1125433
f0:91:27:6b:7a:0a,11186,-29,3538,260.99,82.55,398,923377,1125831
f0:91:27:6b:7a:0a,11187,-33,3539,260.94,82.55,78,923455,1125909
f0:91:27:6b:7a:0a,11188,-28,3540,260.88,82.55,77,923532,1125986
f0:91:27:6b:7a:0a,11195,-33,3541,260.98,82.55,582,924114,1126568
f0:91:27:6b:7a:0a,11197,-30,3542,260.95,82.55,165,924279,1126733
f0:91:27:6b:7a:0a,11202,-28,3543,260.99,82.55,404,924683,1127137
f0:91:27:6b:7a:0a,11210,-28,3544,261.10,82.55,662,925345,1127799
f0:91:27:6b:7a:0a,11226,-28,3545,261.40,82.55,1308,926653,1129107
f0:91:27:6b:7a:0a,11227,-29,3546,261.35,82.55,80,926733,1129187
f0:91:27:6b:7a:0a,11228,-33,3547,261.29,82.54,77,926810,1129264
f0:91:27:6b:7a:0a,11235,-27,3548,261.38,82.54,581,927391,1129845
f0:91:27:6b:7a:0a,11236,-34,3549,261.33,82.54,78,927469,1129923
f0:91:27:6b:7a:0a,11237,-31,3550,261.28,82.54,77,927546,1130000
f0:91:27:6b:7a:0a,11238,-26,3551,261.23,82.54,78,927624,1130078
f0:91:27:6b:7a:0a,11239,-30,3552,261.18,82.54,80,927704,1130158
f0:91:27:6b:7a:0a,11240,-33,3553,261.13,82.54,78,927782,1130236
f0:91:27:6b:7a:0a,11241,-28,3554,261.07,82.54,76,927858,1130312
f0:91:27:6b:7a:0a,11243,-33,3555,261.05,82.54,166,928024,1130478
f0:91:27:6b:7a:0a,11257,-30,3556,261.29,82.54,1140,929164,1131618
f0:91:27:6b:7a:0a,11258,-33,3557,261.24,82.54,84,929248,1131702
f0:91:27:6b:7a:0a,11259,-27,3558,261.19,82.54,82,929330,1131784
f0:91:27:6b:7a:0a,11260,-33,3559,261.14,82.54,81,929411,1131865
f0:91:27:6b:7a:0a,11264,-28,3560,261.16,82.54,321,929732,1132186
f0:91:27:6b:7a:0a,11265,-28,3561,261.11,82.54,79,929811,1132265
f0:91:27:6b:7a:0a,11269,-25,3562,261.12,82.54,315,930126,1132580
f0:91:27:6b:7a:0a,11271,-30,3563,261.10,82.54,162,930288,1132742
f0:91:27:6b:7a:0a,11272,-33,3564,261.05,82.54,77,930365,1132819
f0:91:27:6b:7a:0a,11273,-28,3565,260.99,82.54,76,930441,1132895
f0:91:27:6b:7a:0a,11276,-33,3566,260.99,82.54,237,930678,1133132
f0:91:27:6b:7a:0a,11277,-27,3567,260.93,82.54,75,930753,1133207
f0:91:27:6b:7a:0a,11278,-27,3568,260.89,82.54,93,930846,1133300
f0:91:27:6b:7a:0a,11279,-33,3569,260.84,82.54,80,930926,1133380
f0:91:27:6b:7a:0a,11280,-31,3570,260.78,82.54,70,930996,1133450
f0:91:27:6b:7a:0a,11282,-31,3571,260.76,82.54,169,931165,1133619
f0:91:27:6b:7a:0a,11283,-28,3572,260.71,82.54,84,931249,1133703
f0:91:27:6b:7a:0a,11290,-27,3573,260.79,82.53,570,931819,1134273
f0:91:27:6b:7a:0a,11291,-33,3574,260.74,82.53,73,931892,1134346
f0:91:27:6b:7a:0a,11292,-28,3575,260.69,82.53,87,931979,1134433
f0:91:27:6b:7a:0a,11294,-27,3576,260.66,82.53,154,932133,1134587
f0:91:27:6b:7a:0a,11295,-29,3577,260.61,82.53,80,932213,1134667
f0:91:27:6b:7a:0a,11296,-33,3578,260.56,82.53,77,932290,1134744
f0:91:27:6b:7a:0a,11313,-30,3579,260.87,82.53,1350,933640,1136094
f0:91:27:6b:7a:0a,11314,-28,3580,260.82,82.53,89,933729,1136183
f0:91:27:6b:7a:0a,11317,-33,3581,260.81,82.53,232,933961,1136415
f0:91:27:6b:7a:0a,11320,-29,3582,260.80,82.53,238,934199,1136653
f0:91:27:6b:7a:0a,11322,-33,3583,260.77,82.53,154,934353,1136807
f0:91:27:6b:7a:0a,11324,-27,3584,260.75,82.53,161,934514,1136968
f0:91:27:6b:7a:0a,11325,-27,3585,260.69,82.52,72,934586,1137040
f0:91:27:6b:7a:0a,11326,-33,3586,260.64,82.52,83,934669,1137123
f0:91:27:6b:7a:0a,11334,-27,3587,260.75,82.52,637,935306,1137760
f0:91:27:6b:7a:0a,11335,-29,3588,260.70,82.52,75,935381,1137835
f0:91:27:6b:7a:0a,11338,-27,3589,260.69,82.52,236,935617,1138071
f0:91:27:6b:7a:0a,11343,-27,3590,260.73,82.52,417,936034,1138488
f0:91:27:6b:7a:0a,11345,-31,3591,260.70,82.52,157,936191,1138645
f0:91:27:6b:7a:0a,11346,-27,3592,260.65,82.52,76,936267,1138721
f0:91:27:6b:7a:0a,11347,-27,3593,260.60,82.52,76,936343,1138797
f0:91:27:6b:7a:0a,11348,-31,3594,260.55,82.52,81,936424,1138878
f0:91:27:6b:7a:0a,11357,-27,3595,260.68,82.52,712,937136,1139590
f0:91:27:6b:7a:0a,11358,-29,3596,260.63,82.52,76,937212,1139666
f0:91:27:6b:7a:0a,11361,-27,3597,260.62,82.52,249,937461,1139915
f0:91:27:6b:7a:0a,11367,-29,3598,260.69,82.51,485,937946,1140400
f0:91:27:6b:7a:0a,11369,-33,3599,260.66,82.51,154,938100,1140554
f0:91:27:6b:7a:0a,11371,-27,3600,260.63,82.51,154,938254,1140708
f0:91:27:6b:7a:0a,11372,-29,3601,260.57,82.51,74,938328,1140782
f0:91:27:6b:7a:0a,11375,-33,3602,260.57,82.51,242,938570,1141024
f0:91:27:6b:7a:0a,11379,-28,3603,260.59,82.51,333,938903,1141357
f0:91:27:6b:7a:0a,11384,-33,3604,260.62,82.51,388,939291,1141745
f0:91:27:6b:7a:0a,11385,-27,3605,260.57,82.51,79,939370,1141824
f0:91:27:6b:7a:0a,11393,-25,3606,260.68,82.51,644,940014,1142468
f0:91:27:6b:7a:0a,11396,-27,3607,260.68,82.51,252,940266,1142720
f0:91:27:6b:7a:0a,11397,-27,3608,260.63,82.51,78,940344,1142798
f0:91:27:6b:7a:0a,11398,-29,3609,260.58,82.51,77,940421,1142875
f0:91:27:6b:7a:0a,11403,-25,3610,260.62,82.51,408,940829,1143283
f0:91:27:6b:7a:0a,11405,-33,3611,260.59,82.51,153,940982,1143436
f0:91:27:6b:7a:0a,11411,-29,3612,260.65,82.51,486,941468,1143922
f0:91:27:6b:7a:0a,11426,-29,3613,260.91,82.50,1190,942658,1145112
f0:91:27:6b:7a:0a,11427,-31,3614,260.86,82.50,80,942738,1145192
f0:91:27:6b:7a:0a,11468,-27,3615,261.68,82.49,3252,945990,1148444
f0:91:27:6b:7a:0a,11471,-31,3616,261.68,82.49,235,946225,1148679
f0:91:27:6b:7a:0a,11472,-25,3617,261.63,82.49,78,946303,1148757
f0:91:27:6b:7a:0a,11481,-27,3618,261.76,82.49,742,947045,1149499
f0:91:27:6b:7a:0a,11482,-33,3619,261.71,82.49,74,947119,1149573
f0:91:27:6b:7a:0a,11485,-29,3620,261.70,82.49,230,947349,1149803
f0:91:27:6b:7a:0a,11490,-33,3621,261.73,82.48,390,947739,1150193
f0:91:27:6b:7a:0a,11493,-33,3622,261.73,82.48,234,947973,1150427
f0:91:27:6b:7a:0a,11504,-33,3623,261.90,82.48,882,948855,1151309
f0:91:27:6b:7a:0a,11524,-28,3624,262.28,82.48,1653,950508,1152962
f0:91:27:6b:7a:0a,11531,-29,3625,262.38,82.49,632,951140,1153594
f0:91:27:6b:7a:0a,11532,-27,3626,262.34,82.49,93,951233,1153687
f0:91:27:6b:7a:0a,11534,-29,3627,262.31,82.49,183,951416,1153870
f0:91:27:6b:7a:0a,11547,-33,3628,262.57,82.50,1197,952613,1155067
f0:91:27:6b:7a:0a,11549,-25,3629,262.55,82.50,174,952787,1155241
f0:91:27:6b:7a:0a,11553,-27,3630,262.58,82.50,365,953152,1155606
f0:91:27:6b:7a:0a,11554,-27,3631,262.53,82.50,90,953242,1155696
f0:91:27:6b:7a:0a,11555,-25,3632,262.48,82.50,90,953332,1155786
f0:91:27:6b:7a:0a,11563,-25,3633,262.62,82.51,755,954087,1156541
f0:91:27:6b:7a:0a,11564,-33,3634,262.57,82.51,86,954173,1156627
f0:91:27:6b:7a:0a,11565,-33,3635,262.53,82.51,110,954283,1156737
f0:91:27:6b:7a:0a,11566,-29,3636,262.48,82.52,89,954372,1156826
f0:91:27:6b:7a:0a,11569,-29,3637,262.48,82.52,269,954641,1157095
f0:91:27:6b:7a:0a,11574,-27,3638,262.54,82.52,468,955109,1157563
f0:91:27:6b:7a:0a,11576,-27,3639,262.51,82.52,183,955292,1157746
f0:91:27:6b:7a:0a,11577,-33,3640,262.47,82.52,98,955390,1157844
f0:91:27:6b:7a:0a,11578,-27,3641,262.42,82.53,97,955487,1157941
f0:91:27:6b:7a:0a,11579,-33,3642,262.38,82.53,88,955575,1158029
f0:91:27:6b:7a:0a,11580,-33,3643,262.33,82.53,94,955669,1158123
f0:91:27:6b:7a:0a,11586,-30,3644,262.41,82.53,542,956211,1158665
f0:91:27:6b:7a:0a,11587,-28,3645,262.36,82.53,94,956305,1158759
f0:91:27:6b:7a:0a,11591,-29,3646,262.39,82.54,386,956691,1159145
f0:91:27:6b:7a:0a,11593,-33,3647,262.37,82.54,187,956878,1159332
f0:91:27:6b:7a:0a,11597,-29,3648,262.40,82.54,373,957251,1159705
f0:91:27:6b:7a:0a,11598,-28,3649,262.36,82.54,94,957345,1159799
f0:91:27:6b:7a:0a,11602,-33,3650,262.39,82.55,373,957718,1160172
f0:91:27:6b:7a:0a,11611,-29,3651,262.55,82.56,849,958567,1161021
f0:91:27:6b:7a:0a,11612,-27,3652,262.50,82.56,90,958657,1161111
f0:91:27:6b:7a:0a,11614,-29,3653,262.48,82.56,181,958838,1161292
f0:91:27:6b:7a:0a,11615,-27,3654,262.43,82.56,90,958928,1161382
f0:91:27:6b:7a:0a,11616,-31,3655,262.39,82.56,102,959030,1161484
f0:91:27:6b:7a:0a,11617,-33,3656,262.34,82.56,101,959131,1161585
f0:91:27:6b:7a:0a,11618,-29,3657,262.30,82.56,86,959217,1161671
f0:91:27:6b:7a:0a,11619,-33,3658,262.25,82.56,81,959298,1161752
f0:91:27:6b:7a:0a,11620,-29,3659,262.20,82.56,93,959391,1161845
f0:91:27:6b:7a:0a,11621,-29,3660,262.16,82.57,97,959488,1161942
f0:91:27:6b:7a:0a,11622,-27,3661,262.11,82.57,87,959575,1162029
f0:91:27:6b:7a:0a,11624,-27,3662,262.08,82.57,177,959752,1162206
f0:91:27:6b:7a:0a,11625,-33,3663,262.04,82.57,93,959845,1162299
f0:91:27:6b:7a:0a,11629,-28,3664,262.07,82.57,381,960226,1162680
f0:91:27:6b:7a:0a,11640,-27,3665,262.28,82.58,1025,961251,1163705
f0:91:27:6b:7a:0a,11641,-33,3666,262.23,82.58,94,961345,1163799
f0:91:27:6b:7a:0a,11642,-27,3667,262.18,82.58,80,961425,1163879
f0:91:27:6b:7a:0a,11643,-28,3668,262.14,82.58,101,961526,1163980
f0:91:27:6b:7a:0a,11644,-33,3669,262.09,82.59,94,961620,1164074
f0:91:27:6b:7a:0a,11646,-27,3670,262.07,82.59,190,961810,1164264
f0:91:27:6b:7a:0a,11649,-31,3671,262.07,82.59,258,962068,1164522
f0:91:27:6b:7a:0a,11650,-29,3672,262.03,82.59,98,962166,1164620
f0:91:27:6b:7a:0a,11653,-25,3673,262.03,82.59,264,962430,1164884
f0:91:27:6b:7a:0a,11659,-27,3674,262.10,82.59,534,962964,1165418
f0:91:27:6b:7a:0a,11660,-29,3675,262.05,82.59,79,963043,1165497
f0:91:27:6b:7a:0a,11661,-33,3676,262.00,82.59,86,963129,1165583
f0:91:27:6b:7a:0a,11664,-27,3677,262.00,82.59,255,963384,1165838
f0:91:27:6b:7a:0a,11668,-25,3678,262.03,82.60,345,963729,1166183
f0:91:27:6b:7a:0a,11670,-27,3679,262.00,82.60,172,963901,1166355
f0:91:27:6b:7a:0a,11676,-29,3680,262.06,82.60,495,964396,1166850
f0:91:27:6b:7a:0a,11677,-33,3681,262.01,82.60,81,964477,1166931
f0:91:27:6b:7a:0a,11679,-30,3682,261.99,82.60,172,964649,1167103
f0:91:27:6b:7a:0a,11682,-33,3683,261.99,82.60,246,964895,1167349
f0:91:27:6b:7a:0a,11685,-28,3684,261.98,82.60,257,965152,1167606
f0:91:27:6b:7a:0a,11686,-29,3685,261.94,82.60,83,965235,1167689
f0:91:27:6b:7a:0a,11690,-28,3686,261.96,82.60,342,965577,1168031
f0:91:27:6b:7a:0a,11691,-30,3687,261.91,82.60,79,965656,1168110
f0:91:27:6b:7a:0a,11692,-33,3688,261.86,82.60,80,965736,1168190
f0:91:27:6b:7a:0a,11697,-26,3689,261.90,82.60,427,966163,1168617
f0:91:27:6b:7a:0a,11701,-33,3690,261.92,82.60,333,966496,1168950
f0:91:27:6b:7a:0a,11702,-27,3691,261.88,82.60,88,966584,1169038
f0:91:27:6b:7a:0a,11709,-28,3692,261.96,82.60,579,967163,1169617
f0:91:27:6b:7a:0a,11807,-29,3693,264.01,82.58,7817,974980,1177434
f0:91:27:6b:7a:0a,11811,-28,3694,264.02,82.58,314,975294,1177748
f0:91:27:6b:7a:0a,11812,-30,3695,263.97,82.57,73,975367,1177821
f0:91:27:6b:7a:0a,11813,-27,3696,263.92,82.57,82,975449,1177903
f0:91:27:6b:7a:0a,11814,-33,3697,263.87,82.57,75,975524,1177978
f0:91:27:6b:7a:0a,11815,-26,3698,263.82,82.57,92,975616,1178070
f0:91:27:6b:7a:0a,11816,-28,3699,263.77,82.57,74,975690,1178144
f0:91:27:6b:7a:0a,11817,-28,3700,263.72,82.57,82,975772,1178226
f0:91:27:6b:7a:0a,11823,-26,3701,263.78,82.57,469,976241,1178695
f0:91:27:6b:7a:0a,11824,-30,3702,263.73,82.57,79,976320,1178774
f0:91:27:6b:7a:0a,11825,-33,3703,263.68,82.57,83,976403,1178857
f0:91:27:6b:7a:0a,11826,-26,3704,263.63,82.57,78,976481,1178935
f0:91:27:6b:7a:0a,11827,-28,3705,263.58,82.57,80,976561,1179015
f0:91:27:6b:7a:0a,11828,-29,3706,263.53,82.57,81,976642,1179096
f0:91:27:6b:7a:0a,11829,-33,3707,263.48,82.57,80,976722,1179176
f0:91:27:6b:7a:0a,11837,-29,3708,263.58,82.57,640,977362,1179816
f0:91:27:6b:7a:0a,11844,-33,3709,263.66,82.57,550,977912,1180366
f0:91:27:6b:7a:0a,11846,-28,3710,263.63,82.56,150,978062,1180516
f0:91:27:6b:7a:0a,11849,-28,3711,263.62,82.56,243,978305,1180759
f0:91:27:6b:7a:0a,11850,-28,3712,263.57,82.56,77,978382,1180836
f0:91:27:6b:7a:0a,11860,-29,3713,263.71,82.56,778,979160,1181614
f0:91:27:6b:7a:0a,11878,-33,3714,264.02,82.55,1404,980564,1183018
f0:91:27:6b:7a:0a,11879,-28,3715,263.97,82.55,81,980645,1183099
f0:91:27:6b:7a:0a,11888,-33,3716,264.09,82.55,722,981367,1183821
f0:91:27:6b:7a:0a,11895,-33,3717,264.17,82.55,550,981917,1184371
f0:91:27:6b:7a:0a,11896,-30,3718,264.12,82.55,95,982012,1184466
f0:91:27:6b:7a:0a,11902,-28,3719,264.18,82.55,491,982503,1184957
f0:91:27:6b:7a:0a,11903,-33,3720,264.14,82.55,96,982599,1185053
f0:91:27:6b:7a:0a,11906,-26,3721,264.13,82.55,232,982831,1185285
f0:91:27:6b:7a:0a,11909,-28,3722,264.13,82.55,247,983078,1185532
f0:91:27:6b:7a:0a,11910,-29,3723,264.08,82.55,76,983154,1185608
f0:91:27:6b:7a:0a,11911,-33,3724,264.03,82.55,86,983240,1185694
f0:91:27:6b:7a:0a,11912,-27,3725,263.98,82.55,90,983330,1185784
f0:91:27:6b:7a:0a,11916,-30,3726,263.99,82.55,312,983642,1186096
f0:91:27:6b:7a:0a,11923,-28,3727,264.07,82.55,558,984200,1186654
f0:91:27:6b:7a:0a,11924,-33,3728,264.02,82.55,83,984283,1186737
f0:91:27:6b:7a:0a,11925,-33,3729,263.97,82.55,78,984361,1186815
f0:91:27:6b:7a:0a,11926,-28,3730,263.92,82.55,79,984440,1186894
f0:91:27:6b:7a:0a,11927,-29,3731,263.88,82.55,78,984518,1186972
f0:91:27:6b:7a:0a,11930,-33,3732,263.87,82.55,256,984774,1187228
f0:91:27:6b:7a:0a,11936,-30,3733,263.93,82.54,470,985244,1187698
f0:91:27:6b:7a:0a,11938,-30,3734,263.90,82.54,155,985399,1187853
f0:91:27:6b:7a:0a,11960,-28,3735,264.30,82.54,1761,987160,1189614
f0:91:27:6b:7a:0a,11964,-28,3736,264.32,82.54,338,987498,1189952
f0:91:27:6b:7a:0a,11968,-33,3737,264.34,82.54,325,987823,1190277
f0:91:27:6b:7a:0a,11969,-28,3738,264.29,82.54,84,987907,1190361
f0:91:27:6b:7a:0a,11973,-33,3739,264.31,82.54,333,988240,1190694
f0:91:27:6b:7a:0a,11977,-28,3740,264.32,82.54,319,988559,1191013
f0:91:27:6b:7a:0a,11978,-33,3741,264.27,82.54,81,988640,1191094
f0:91:27:6b:7a:0a,11980,-30,3742,264.24,82.54,159,988799,1191253
f0:91:27:6b:7a:0a,11981,-31,3743,264.20,82.54,83,988882,1191336
f0:91:27:6b:7a:0a,12000,-28,3744,264.53,82.53,1524,990406,1192860
f0:91:27:6b:7a:0a,12001,-33,3745,264.48,82.53,87,990493,1192947
f0:91:27:6b:7a:0a,12014,-27,3746,264.68,82.53,1013,991506,1193960
f0:91:27:6b:7a:0a,12024,-28,3747,264.83,82.53,813,992319,1194773
f0:91:27:6b:7a:0a,12035,-31,3748,264.99,82.52,853,993172,1195626
f0:91:27:6b:7a:0a,12045,-30,3749,265.13,82.52,803,993975,1196429
f0:91:27:6b:7a:0a,12046,-28,3750,265.08,82.52,82,994057,1196511
f0:91:27:6b:7a:0a,12061,-30,3751,265.33,82.52,1201,995258,1197712
f0:91:27:6b:7a:0a,12065,-33,3752,265.35,82.52,323,995581,1198035
f0:91:27:6b:7a:0a,12066,-28,3753,265.30,82.52,78,995659,1198113
f0:91:27:6b:7a:0a,12067,-30,3754,265.25,82.52,76,995735,1198189
f0:91:27:6b:7a:0a,12073,-33,3755,265.30,82.51,461,996196,1198650
f0:91:27:6b:7a:0a,12078,-28,3756,265.34,82.51,413,996609,1199063
f0:91:27:6b:7a:0a,12079,-28,3757,265.29,82.51,72,996681,1199135
f0:91:27:6b:7a:0a,12090,-28,3758,265.45,82.51,881,997562,1200016
f0:91:27:6b:7a:0a,12095,-33,3759,265.48,82.51,392,997954,1200408
f0:91:27:6b:7a:0a,12109,-33,3760,265.71,82.51,1131,999085,1201539
f0:91:27:6b:7a:0a,12110,-33,3761,265.66,82.51,80,999165,1201619
f0:91:27:6b:7a:0a,12117,-33,3762,265.74,82.51,553,999718,1202172
f0:91:27:6b:7a:0a,12118,-26,3763,265.69,82.50,77,999795,1202249
f0:91:27:6b:7a:0a,12119,-33,3764,265.64,82.50,78,999873,1202327
f0:91:27:6b:7a:0a,12124,-31,3765,265.67,82.50,388,1000261,1202715
f0:91:27:6b:7a:0a,12133,-27,3766,265.80,82.50,741,1001002,1203456
f0:91:27:6b:7a:0a,12134,-29,3767,265.75,82.50,79,1001081,1203535
f0:91:27:6b:7a:0a,12143,-30,3768,265.87,82.50,711,1001792,1204246
f0:91:27:6b:7a:0a,12150,-31,3769,265.95,82.50,568,1002360,1204814
f0:91:27:6b:7a:0a,12167,-29,3770,266.23,82.49,1336,1003696,1206150
f0:91:27:6b:7a:0a,12168,-28,3771,266.18,82.49,86,1003782,1206236
f0:91:27:6b:7a:0a,12170,-27,3772,266.15,82.49,154,1003936,1206390
f0:91:27:6b:7a:0a,12171,-31,3773,266.11,82.49,85,1004021,1206475
f0:91:27:6b:7a:0a,12173,-29,3774,266.08,82.49,158,1004179,1206633
f0:91:27:6b:7a:0a,12176,-29,3775,266.07,82.49,249,1004428,1206882
f0:91:27:6b:7a:0a,12177,-32,3776,266.02,82.49,80,1004508,1206962
f0:91:27:6b:7a:0a,12178,-33,3777,265.97,82.49,69,1004577,1207031
f0:91:27:6b:7a:0a,12179,-28,3778,265.92,82.49,79,1004656,1207110
f0:91:27:6b:7a:0a,12192,-31,3779,266.13,82.49,1054,1005710,1208164
f0:91:27:6b:7a:0a,12196,-28,3780,266.15,82.49,319,1006029,1208483
f0:91:27:6b:7a:0a,12198,-25,3781,266.12,82.49,172,1006201,1208655
f0:91:27:6b:7a:0a,12223,-27,3782,266.58,82.48,2003,1008204,1210658
f0:91:27:6b:7a:0a,12225,-33,3783,266.55,82.48,163,1008367,1210821
f0:91:27:6b:7a:0a,12227,-29,3784,266.52,82.48,153,1008520,1210974
f0:91:27:6b:7a:0a,12230,-33,3785,266.52,82.48,256,1008776,1211230
f0:91:27:6b:7a:0a,12231,-29,3786,266.47,82.48,89,1008865,1211319
f0:91:27:6b:7a:0a,12232,-30,3787,266.42,82.48,81,1008946,1211400
f0:91:27:6b:7a:0a,12233,-31,3788,266.37,82.48,75,1009021,1211475
f0:91:27:6b:7a:0a,12242,-25,3789,266.49,82.48,707,1009728,1212182
f0:91:27:6b:7a:0a,12245,-28,3790,266.48,82.48,240,1009968,1212422
f0:91:27:6b:7a:0a,12248,-30,3791,266.48,82.48,261,1010229,1212683
f0:91:27:6b:7a:0a,12251,-28,3792,266.48,82.48,260,1010489,1212943
f0:91:27:6b:7a:0a,12252,-33,3793,266.43,82.48,94,1010583,1213037
f0:91:27:6b:7a:0a,12253,-30,3794,266.39,82.48,83,1010666,1213120
f0:91:27:6b:7a:0a,12255,-28,3795,266.36,82.48,175,1010841,1213295
f0:91:27:6b:7a:0a,12256,-33,3796,266.31,82.48,84,1010925,1213379
f0:91:27:6b:7a:0a,12276,-34,3797,266.72,82.50,1814,1012739,1215193
f0:91:27:6b:7a:0a,12279,-34,3798,266.72,82.50,276,1013015,1215469
f0:91:27:6b:7a:0a,12281,-28,3799,266.70,82.50,185,1013200,1215654
f0:91:27:6b:7a:0a,12292,-29,3800,266.90,82.51,1022,1014222,1216676
f0:91:27:6b:7a:0a,12300,-27,3801,267.03,82.52,746,1014968,1217422
f0:91:27:6b:7a:0a,12307,-28,3802,267.13,82.52,654,1015622,1218076
f0:91:27:6b:7a:0a,12311,-25,3803,267.16,82.53,384,1016006,1218460
f0:91:27:6b:7a:0a,12320,-26,3804,267.31,82.54,845,1016851,1219305
f0:91:27:6b:7a:0a,12331,-28,3805,267.51,82.55,1041,1017892,1220346
f0:91:27:6b:7a:0a,12340,-30,3806,267.66,82.56,839,1018731,1221185
f0:91:27:6b:7a:0a,12341,-28,3807,267.62,82.56,94,1018825,1221279
f0:91:27:6b:7a:0a,12342,-31,3808,267.57,82.56,95,1018920,1221374
f0:91:27:6b:7a:0a,12361,-26,3809,267.97,82.57,1786,1020706,1223160
f0:91:27:6b:7a:0a,12362,-31,3810,267.93,82.58,95,1020801,1223255
f0:91:27:6b:7a:0a,12363,-25,3811,267.88,82.58,86,1020887,1223341
f0:91:27:6b:7a:0a,12364,-28,3812,267.83,82.58,98,1020985,1223439
f0:91:27:6b:7a:0a,12371,-33,3813,267.93,82.58,642,1021627,1224081
f0:91:27:6b:7a:0a,12382,-30,3814,268.12,82.59,993,1022620,1225074
f0:91:27:6b:7a:0a,12383,-31,3815,268.07,82.59,86,1022706,1225160
f0:91:27:6b:7a:0a,12392,-30,3816,268.21,82.59,782,1023488,1225942
f0:91:27:6b:7a:0a,12393,-28,3817,268.16,82.59,97,1023585,1226039
f0:91:27:6b:7a:0a,12408,-34,3818,268.42,82.59,1252,1024837,1227291
f0:91:27:6b:7a:0a,12409,-28,3819,268.37,82.59,80,1024917,1227371
f0:91:27:6b:7a:0a,12410,-30,3820,268.32,82.59,80,1024997,1227451
f0:91:27:6b:7a:0a,12415,-28,3821,268.36,82.59,415,1025412,1227866
f0:91:27:6b:7a:0a,12418,-34,3822,268.36,82.60,264,1025676,1228130
f0:91:27:6b:7a:0a,12419,-28,3823,268.31,82.60,82,1025758,1228212
f0:91:27:6b:7a:0a,12421,-28,3824,268.29,82.60,174,1025932,1228386
f0:91:27:6b:7a:0a,12426,-25,3825,268.33,82.60,438,1026370,1228824
f0:91:27:6b:7a:0a,12427,-27,3826,268.28,82.60,82,1026452,1228906
f0:91:27:6b:7a:0a,12434,-31,3827,268.37,82.60,586,1027038,1229492
f0:91:27:6b:7a:0a,12443,-29,3828,268.49,82.60,754,1027792,1230246
f0:91:27:6b:7a:0a,12452,-34,3829,268.61,82.60,725,1028517,1230971
f0:91:27:6b:7a:0a,12460,-30,3830,268.71,82.60,636,1029153,1231607
f0:91:27:6b:7a:0a,12461,-28,3831,268.66,82.60,86,1029239,1231693
f0:91:27:6b:7a:0a,12464,-33,3832,268.65,82.60,236,1029475,1231929
f0:91:27:6b:7a:0a,12475,-33,3833,268.81,82.59,892,1030367,1232821
f0:91:27:6b:7a:0a,12523,-30,3834,269.74,82.58,3798,1034165,1236619
f0:91:27:6b:7a:0a,12527,-30,3835,269.75,82.58,314,1034479,1236933
f0:91:27:6b:7a:0a,12532,-27,3836,269.78,82.58,408,1034887,1237341
f0:91:27:6b:7a:0a,12538,-28,3837,269.84,82.58,482,1035369,1237823
f0:91:27:6b:7a:0a,12539,-30,3838,269.79,82.58,82,1035451,1237905
f0:91:27:6b:7a:0a,12558,-34,3839,270.11,82.57,1511,1036962,1239416
f0:91:27:6b:7a:0a,12564,-30,3840,270.17,82.57,472,1037434,1239888
f0:91:27:6b:7a:0a,12567,-30,3841,270.16,82.57,239,1037673,1240127
f0:91:27:6b:7a:0a,12571,-34,3842,270.17,82.57,327,1038000,1240454
f0:91:27:6b:7a:0a,12577,-33,3843,270.23,82.57,511,1038511,1240965
f0:91:27:6b:7a:0a,12578,-28,3844,270.18,82.57,78,1038589,1241043
f0:91:27:6b:7a:0a,12586,-28,3845,270.28,82.57,625,1039214,1241668
f0:91:27:6b:7a:0a,12587,-30,3846,270.23,82.57,83,1039297,1241751
f0:91:27:6b:7a:0a,12591,-30,3847,270.24,82.57,315,1039612,1242066
f0:91:27:6b:7a:0a,12592,-34,3848,270.19,82.57,78,1039690,1242144
f0:91:27:6b:7a:0a,12593,-30,3849,270.14,82.57,86,1039776,1242230
f0:91:27:6b:7a:0a,12594,-33,3850,270.09,82.57,80,1039856,1242310
f0:91:27:6b:7a:0a,12595,-28,3851,270.04,82.57,85,1039941,1242395
f0:91:27:6b:7a:0a,12598,-30,3852,270.04,82.57,247,1040188,1242642
f0:91:27:6b:7a:0a,12599,-28,3853,269.99,82.57,94,1040282,1242736
f0:91:27:6b:7a:0a,12600,-30,3854,269.94,82.57,79,1040361,1242815
f0:91:27:6b:7a:0a,12601,-33,3855,269.89,82.57,74,1040435,1242889
f0:91:27:6b:7a:0a,12603,-29,3856,269.86,82.57,155,1040590,1243044
f0:91:27:6b:7a:0a,12605,-33,3857,269.83,82.57,162,1040752,1243206
f0:91:27:6b:7a:0a,12606,-28,3858,269.79,82.57,87,1040839,1243293
f0:91:27:6b:7a:0a,12607,-30,3859,269.74,82.57,75,1040914,1243368
f0:91:27:6b:7a:0a,12611,-30,3860,269.75,82.57,319,1041233,1243687
f0:91:27:6b:7a:0a,12612,-34,3861,269.70,82.56,76,1041309,1243763
f0:91:27:6b:7a:0a,12613,-33,3862,269.65,82.56,77,1041386,1243840
f0:91:27:6b:7a:0a,12615,-30,3863,269.62,82.56,158,1041544,1243998
f0:91:27:6b:7a:0a,12617,-28,3864,269.59,82.56,161,1041705,1244159
f0:91:27:6b:7a:0a,12618,-30,3865,269.54,82.56,74,1041779,1244233
f0:91:27:6b:7a:0a,12620,-34,3866,269.51,82.56,161,1041940,1244394
f0:91:27:6b:7a:0a,12621,-34,3867,269.46,82.56,74,1042014,1244468
f0:91:27:6b:7a:0a,12628,-33,3868,269.54,82.56,555,1042569,1245023
f0:91:27:6b:7a:0a,12629,-33,3869,269.49,82.56,76,1042645,1245099
f0:91:27:6b:7a:0a,12633,-34,3870,269.50,82.56,318,1042963,1245417
f0:91:27:6b:7a:0a,12634,-28,3871,269.45,82.56,85,1043048,1245502
f0:91:27:6b:7a:0a,12635,-27,3872,269.40,82.56,74,1043122,1245576
f0:91:27:6b:7a:0a,12646,-34,3873,269.56,82.56,880,1044002,1246456
f0:91:27:6b:7a:0a,12647,-27,3874,269.51,82.56,88,1044090,1246544
f0:91:27:6b:7a:0a,12659,-26,3875,269.70,82.56,980,1045070,1247524
f0:91:27:6b:7a:0a,12662,-28,3876,269.69,82.55,235,1045305,1247759
f0:91:27:6b:7a:0a,12663,-30,3877,269.64,82.55,75,1045380,1247834
f0:91:27:6b:7a:0a,12664,-30,3878,269.59,82.55,80,1045460,1247914
f0:91:27:6b:7a:0a,12674,-34,3879,269.73,82.55,809,1046269,1248723
f0:91:27:6b:7a:0a,12675,-30,3880,269.68,82.55,81,1046350,1248804
f0:91:27:6b:7a:0a,12681,-27,3881,269.73,82.55,488,1046838,1249292
f0:91:27:6b:7a:0a,12683,-28,3882,269.71,82.55,161,1046999,1249453
f0:91:27:6b:7a:0a,12691,-34,3883,269.80,82.55,649,1047648,1250102
f0:91:27:6b:7a:0a,12693,-30,3884,269.77,82.55,155,1047803,1250257
f0:91:27:6b:7a:0a,12705,-30,3885,269.95,82.55,962,1048765,1251219
f0:91:27:6b:7a:0a,12706,-34,3886,269.90,82.55,81,1048846,1251300
f0:91:27:6b:7a:0a,12718,-30,3887,270.08,82.54,954,1049800,1252254
f0:91:27:6b:7a:0a,12720,-34,3888,270.05,82.54,163,1049963,1252417
f0:91:27:6b:7a:0a,12721,-28,3889,270.00,82.54,81,1050044,1252498
f0:91:27:6b:7a:0a,12722,-30,3890,269.95,82.54,70,1050114,1252568
f0:91:27:6b:7a:0a,12723,-30,3891,269.90,82.54,81,1050195,1252649
f0:91:27:6b:7a:0a,12739,-34,3892,270.16,82.54,1274,1051469,1253923
f0:91:27:6b:7a:0a,12740,-28,3893,270.11,82.54,83,1051552,1254006
f0:91:27:6b:7a:0a,12741,-30,3894,270.06,82.54,78,1051630,1254084
f0:91:27:6b:7a:0a,12742,-30,3895,270.01,82.54,72,1051702,1254156
f0:91:27:6b:7a:0a,12747,-27,3896,270.05,82.54,401,1052103,1254557
f0:91:27:6b:7a:0a,12748,-33,3897,270.00,82.54,75,1052178,1254632
f0:91:27:6b:7a:0a,12749,-25,3898,269.95,82.54,85,1052263,1254717
f0:91:27:6b:7a:0a,12754,-33,3899,269.98,82.54,393,1052656,1255110
f0:91:27:6b:7a:0a,12755,-28,3900,269.93,82.54,79,1052735,1255189
f0:91:27:6b:7a:0a,12756,-27,3901,269.89,82.54,88,1052823,1255277
f0:91:27:6b:7a:0a,12761,-26,3902,269.92,82.53,389,1053212,1255666
f0:91:27:6b:7a:0a,12763,-32,3903,269.89,82.53,164,1053376,1255830
f0:91:27:6b:7a:0a,12764,-26,3904,269.84,82.53,82,1053458,1255912
f0:91:27:6b:7a:0a,12768,-30,3905,269.85,82.53,309,1053767,1256221
f0:91:27:6b:7a:0a,12769,-26,3906,269.80,82.53,89,1053856,1256310
f0:91:27:6b:7a:0a,12778,-30,3907,269.92,82.53,714,1054570,1257024
f0:91:27:6b:7a:0a,12779,-34,3908,269.87,82.53,82,1054652,1257106
f0:91:27:6b:7a:0a,12784,-31,3909,269.90,82.53,400,1055052,1257506
f0:91:27:6b:7a:0a,12785,-28,3910,269.85,82.53,80,1055132,1257586
f0:91:27:6b:7a:0a,12786,-27,3911,269.81,82.53,80,1055212,1257666
f0:91:27:6b:7a:0a,12787,-27,3912,269.76,82.53,73,1055285,1257739
f0:91:27:6b:7a:0a,12790,-26,3913,269.75,82.53,246,1055531,1257985
f0:91:27:6b:7a:0a,12791,-26,3914,269.70,82.53,74,1055605,1258059
f0:91:27:6b:7a:0a,12792,-27,3915,269.65,82.53,85,1055690,1258144
f0:91:27:6b:7a:0a,12798,-30,3916,269.70,82.53,472,1056162,1258616
f0:91:27:6b:7a:0a,12800,-28,3917,269.68,82.53,162,1056324,1258778
f0:91:27:6b:7a:0a,12807,-30,3918,269.75,82.52,544,1056868,1259322
f0:91:27:6b:7a:0a,12809,-28,3919,269.72,82.52,170,1057038,1259492
f0:91:27:6b:7a:0a,12834,-28,3920,270.16,82.52,1980,1059018,1261472
f0:91:27:6b:7a:0a,12835,-30,3921,270.11,82.52,80,1059098,1261552
f0:91:27:6b:7a:0a,12836,-34,3922,270.06,82.52,74,1059172,1261626
f0:91:27:6b:7a:0a,12858,-30,3923,270.45,82.51,1786,1060958,1263412
f0:91:27:6b:7a:0a,12860,-31,3924,270.42,82.51,159,1061117,1263571
f0:91:27:6b:7a:0a,12861,-26,3925,270.37,82.51,73,1061190,1263644
f0:91:27:6b:7a:0a,12862,-28,3926,270.32,82.51,81,1061271,1263725
f0:91:27:6b:7a:0a,12863,-30,3927,270.27,82.51,79,1061350,1263804
f0:91:27:6b:7a:0a,12864,-30,3928,270.22,82.51,76,1061426,1263880
f0:91:27:6b:7a:0a,12866,-29,3929,270.19,82.51,164,1061590,1264044
f0:91:27:6b:7a:0a,12867,-33,3930,270.14,82.51,76,1061666,1264120
f0:91:27:6b:7a:0a,12868,-25,3931,270.10,82.51,80,1061746,1264200
f0:91:27:6b:7a:0a,12869,-29,3932,270.05,82.51,79,1061825,1264279
f0:91:27:6b:7a:0a,12872,-28,3933,270.04,82.51,240,1062065,1264519
f0:91:27:6b:7a:0a,12892,-28,3934,270.38,82.51,1607,1063672,1266126
f0:91:27:6b:7a:0a,12893,-30,3935,270.33,82.51,75,1063747,1266201
f0:91:27:6b:7a:0a,12894,-31,3936,270.28,82.51,80,1063827,1266281
f0:91:27:6b:7a:0a,12898,-34,3937,270.29,82.50,314,1064141,1266595
f0:91:27:6b:7a:0a,12899,-34,3938,270.24,82.50,77,1064218,1266672
f0:91:27:6b:7a:0a,12903,-34,3939,270.26,82.50,319,1064537,1266991
f0:91:27:6b:7a:0a,12905,-30,3940,270.22,82.50,149,1064686,1267140
f0:91:27:6b:7a:0a,12906,-34,3941,270.18,82.50,80,1064766,1267220
f0:91:27:6b:7a:0a,12907,-28,3942,270.13,82.50,81,1064847,1267301
f0:91:27:6b:7a:0a,12908,-28,3943,270.08,82.50,77,1064924,1267378
f0:91:27:6b:7a:0a,12910,-34,3944,270.05,82.50,155,1065079,1267533
f0:91:27:6b:7a:0a,12914,-34,3945,270.06,82.50,313,1065392,1267846
f0:91:27:6b:7a:0a,12915,-33,3946,270.01,82.50,78,1065470,1267924
f0:91:27:6b:7a:0a,12916,-28,3947,269.96,82.50,81,1065551,1268005
f0:91:27:6b:7a:0a,12917,-27,3948,269.92,82.50,81,1065632,1268086
f0:91:27:6b:7a:0a,12919,-28,3949,269.89,82.50,163,1065795,1268249
f0:91:27:6b:7a:0a,12920,-28,3950,269.84,82.50,75,1065870,1268324
f0:91:27:6b:7a:0a,12922,-33,3951,269.81,82.50,155,1066025,1268479
f0:91:27:6b:7a:0a,12923,-26,3952,269.76,82.50,85,1066110,1268564
f0:91:27:6b:7a:0a,12929,-31,3953,269.82,82.50,474,1066584,1269038
f0:91:27:6b:7a:0a,12930,-28,3954,269.77,82.49,73,1066657,1269111
f0:91:27:6b:7a:0a,12935,-30,3955,269.80,82.49,402,1067059,1269513
f0:91:27:6b:7a:0a,12937,-30,3956,269.77,82.49,164,1067223,1269677
f0:91:27:6b:7a:0a,12938,-30,3957,269.72,82.49,77,1067300,1269754
f0:91:27:6b:7a:0a,12939,-33,3958,269.68,82.49,78,1067378,1269832
f0:91:27:6b:7a:0a,12941,-30,3959,269.65,82.49,162,1067540,1269994
f0:91:27:6b:7a:0a,12943,-28,3960,269.62,82.49,157,1067697,1270151
f0:91:27:6b:7a:0a,12947,-33,3961,269.63,82.49,306,1068003,1270457
f0:91:27:6b:7a:0a,12948,-28,3962,269.58,82.49,73,1068076,1270530
f0:91:27:6b:7a:0a,12949,-30,3963,269.53,82.49,83,1068159,1270613
f0:91:27:6b:7a:0a,12950,-30,3964,269.48,82.49,77,1068236,1270690
f0:91:27:6b:7a:0a,12955,-33,3965,269.52,82.49,415,1068651,1271105
f0:91:27:6b:7a:0a,12959,-28,3966,269.53,82.49,318,1068969,1271423
f0:91:27:6b:7a:0a,12961,-30,3967,269.51,82.49,158,1069127,1271581
f0:91:27:6b:7a:0a,12964,-33,3968,269.50,82.49,249,1069376,1271830
f0:91:27:6b:7a:0a,13002,-34,3969,270.25,82.50,3253,1072629,1275083
f0:91:27:6b:7a:0a,13003,-28,3970,270.21,82.50,87,1072716,1275170
f0:91:27:6b:7a:0a,13004,-34,3971,270.16,82.50,89,1072805,1275259
f0:91:27:6b:7a:0a,13012,-27,3972,270.27,82.50,726,1073531,1275985
f0:91:27:6b:7a:0a,13015,-30,3973,270.28,82.51,272,1073803,1276257
f0:91:27:6b:7a:0a,13019,-30,3974,270.30,82.51,373,1074176,1276630
f0:91:27:6b:7a:0a,13021,-31,3975,270.28,82.51,188,1074364,1276818
f0:91:27:6b:7a:0a,13022,-27,3976,270.23,82.51,90,1074454,1276908
f0:91:27:6b:7a:0a,13024,-31,3977,270.21,82.51,189,1074643,1277097
f0:91:27:6b:7a:0a,13047,-26,3978,270.68,82.53,2115,1076758,1279212
f0:91:27:6b:7a:0a,13048,-33,3979,270.63,82.53,97,1076855,1279309
f0:91:27:6b:7a:0a,13049,-30,3980,270.59,82.53,92,1076947,1279401
f0:91:27:6b:7a:0a,13050,-28,3981,270.54,82.53,88,1077035,1279489
f0:91:27:6b:7a:0a,13051,-33,3982,270.50,82.53,99,1077134,1279588
f0:91:27:6b:7a:0a,13056,-30,3983,270.55,82.54,475,1077609,1280063
f0:91:27:6b:7a:0a,13058,-28,3984,270.53,82.54,184,1077793,1280247
f0:91:27:6b:7a:0a,13061,-30,3985,270.53,82.54,281,1078074,1280528
f0:91:27:6b:7a:0a,13062,-28,3986,270.49,82.54,94,1078168,1280622
f0:91:27:6b:7a:0a,13064,-30,3987,270.47,82.54,184,1078352,1280806
f0:91:27:6b:7a:0a,13065,-28,3988,270.42,82.54,96,1078448,1280902
f0:91:27:6b:7a:0a,13074,-30,3989,270.56,82.55,822,1079270,1281724
f0:91:27:6b:7a:0a,13086,-27,3990,270.77,82.56,1102,1080372,1282826
f0:91:27:6b:7a:0a,13089,-33,3991,270.77,82.56,271,1080643,1283097
f0:91:27:6b:7a:0a,13090,-33,3992,270.73,82.56,96,1080739,1283193
f0:91:27:6b:7a:0a,13091,-29,3993,270.68,82.56,97,1080836,1283290
f0:91:27:6b:7a:0a,13092,-27,3994,270.64,82.56,91,1080927,1283381
f0:91:27:6b:7a:0a,13093,-33,3995,270.59,82.56,96,1081023,1283477
f0:91:27:6b:7a:0a,13094,-33,3996,270.55,82.57,95,1081118,1283572
f0:91:27:6b:7a:0a,13106,-27,3997,270.76,82.57,1099,1082217,1284671
f0:91:27:6b:7a:0a,13114,-29,3998,270.88,82.58,743,1082960,1285414
f0:91:27:6b:7a:0a,13115,-27,3999,270.83,82.58,90,1083050,1285504
f0:91:27:6b:7a:0a,13116,-33,4000,270.79,82.58,90,1083140,1285594
f0:91:27:6b:7a:0a,13118,-25,4001,270.76,82.58,177,1083317,1285771
f0:91:27:6b:7a:0a,13119,-32,4002,270.72,82.58,89,1083406,1285860
f0:91:27:6b:7a:0a,13120,-27,4003,270.67,82.58,82,1083488,1285942
f0:91:27:6b:7a:0a,13121,-32,4004,270.62,82.58,89,1083577,1286031
f0:91:27:6b:7a:0a,13122,-25,4005,270.58,82.58,95,1083672,1286126
f0:91:27:6b:7a:0a,13124,-27,4006,270.55,82.58,171,1083843,1286297
f0:91:27:6b:7a:0a,13128,-33,4007,270.57,82.59,338,1084181,1286635
f0:91:27:6b:7a:0a,13129,-29,4008,270.53,82.59,91,1084272,1286726
f0:91:27:6b:7a:0a,13133,-33,4009,270.54,82.59,339,1084611,1287065
f0:91:27:6b:7a:0a,13135,-33,4010,270.52,82.59,181,1084792,1287246
f0:91:27:6b:7a:0a,13136,-27,4011,270.47,82.59,79,1084871,1287325
f0:91:27:6b:7a:0a,13138,-27,4012,270.45,82.59,166,1085037,1287491
f0:91:27:6b:7a:0a,13140,-29,4013,270.42,82.59,176,1085213,1287667
f0:91:27:6b:7a:0a,13145,-27,4014,270.46,82.59,400,1085613,1288067
f0:91:27:6b:7a:0a,13146,-32,4015,270.41,82.59,88,1085701,1288155
f0:91:27:6b:7a:0a,13147,-27,4016,270.36,82.59,80,1085781,1288235
f0:91:27:6b:7a:0a,13151,-26,4017,270.38,82.59,331,1086112,1288566
f0:91:27:6b:7a:0a,13152,-30,4018,270.33,82.59,81,1086193,1288647
f0:91:27:6b:7a:0a,13155,-27,4019,270.33,82.59,252,1086445,1288899
f0:91:27:6b:7a:0a,13156,-33,4020,270.28,82.59,90,1086535,1288989
f0:91:27:6b:7a:0a,13157,-29,4021,270.24,82.59,87,1086622,1289076
f0:91:27:6b:7a:0a,13158,-33,4022,270.19,82.59,88,1086710,1289164
f0:91:27:6b:7a:0a,13162,-30,4023,270.21,82.59,342,1087052,1289506
f0:91:27:6b:7a:0a,13163,-27,4024,270.16,82.59,82,1087134,1289588
f0:91:27:6b:7a:0a,13164,-33,4025,270.12,82.59,92,1087226,1289680
f0:91:27:6b:7a:0a,13165,-33,4026,270.07,82.59,73,1087299,1289753
f0:91:27:6b:7a:0a,13168,-29,4027,270.07,82.59,269,1087568,1290022
f0:91:27:6b:7a:0a,13169,-27,4028,270.02,82.59,83,1087651,1290105
f0:91:27:6b:7a:0a,13170,-33,4029,269.98,82.59,86,1087737,1290191
f0:91:27:6b:7a:0a,13172,-33,4030,269.95,82.59,169,1087906,1290360
f0:91:27:6b:7a:0a,13173,-27,4031,269.91,82.59,89,1087995,1290449
f0:91:27:6b:7a:0a,13194,-25,4032,270.26,82.59,1693,1089688,1292142
f0:91:27:6b:7a:0a,13195,-29,4033,270.21,82.59,84,1089772,1292226
f0:91:27:6b:7a:0a,13201,-29,4034,270.26,82.59,475,1090247,1292701
f0:91:27:6b:7a:0a,13202,-25,4035,270.22,82.59,91,1090338,1292792
f0:91:27:6b:7a:0a,13203,-29,4036,270.17,82.59,83,1090421,1292875
f0:91:27:6b:7a:0a,13224,-29,4037,270.52,82.58,1658,1092079,1294533
f0:91:27:6b:7a:0a,13225,-33,4038,270.47,82.58,79,1092158,1294612
f0:91:27:6b:7a:0a,13226,-28,4039,270.42,82.58,82,1092240,1294694
f0:91:27:6b:7a:0a,13227,-27,4040,270.38,82.58,80,1092320,1294774
f0:91:27:6b:7a:0a,13228,-27,4041,270.33,82.58,78,1092398,1294852
f0:91:27:6b:7a:0a,13229,-33,4042,270.28,82.58,76,1092474,1294928
f0:91:27:6b:7a:0a,13230,-28,4043,270.23,82.58,77,1092551,1295005
f0:91:27:6b:7a:0a,13231,-29,4044,270.18,82.58,75,1092626,1295080
f0:91:27:6b:7a:0a,13232,-30,4045,270.14,82.58,82,1092708,1295162
f0:91:27:6b:7a:0a,13233,-33,4046,270.09,82.58,75,1092783,1295237
f0:91:27:6b:7a:0a,13236,-25,4047,270.08,82.58,237,1093020,1295474
f0:91:27:6b:7a:0a,13241,-29,4048,270.11,82.58,394,1093414,1295868
f0:91:27:6b:7a:0a,13242,-31,4049,270.06,82.58,78,1093492,1295946
f0:91:27:6b:7a:0a,13243,-25,4050,270.02,82.58,78,1093570,1296024
f0:91:27:6b:7a:0a,13244,-29,4051,269.97,82.58,80,1093650,1296104
f0:91:27:6b:7a:0a,13245,-33,4052,269.92,82.58,72,1093722,1296176
f0:91:27:6b:7a:0a,13273,-33,4053,270.40,82.57,2211,1095933,1298387
f0:91:27:6b:7a:0a,13274,-33,4054,270.35,82.57,86,1096019,1298473
f0:91:27:6b:7a:0a,13275,-27,4055,270.31,82.57,72,1096091,1298545
f0:91:27:6b:7a:0a,13276,-29,4056,270.26,82.57,91,1096182,1298636
f0:91:27:6b:7a:0a,13281,-33,4057,270.29,82.57,397,1096579,1299033
f0:91:27:6b:7a:0a,13282,-25,4058,270.25,82.57,80,1096659,1299113
f0:91:27:6b:7a:0a,13283,-29,4059,270.20,82.57,75,1096734,1299188
f0:91:27:6b:7a:0a,13284,-29,4060,270.15,82.57,80,1096814,1299268
f0:91:27:6b:7a:0a,13285,-33,4061,270.10,82.57,78,1096892,1299346
f0:91:27:6b:7a:0a,13289,-29,4062,270.12,82.57,318,1097210,1299664
f0:91:27:6b:7a:0a,13290,-33,4063,270.07,82.57,87,1097297,1299751
f0:91:27:6b:7a:0a,13292,-27,4064,270.05,82.57,177,1097474,1299928
f0:91:27:6b:7a:0a,13295,-29,4065,270.04,82.56,227,1097701,1300155
f0:91:27:6b:7a:0a,13296,-33,4066,269.99,82.56,74,1097775,1300229
f0:91:27:6b:7a:0a,13307,-28,4067,270.14,82.56,870,1098645,1301099
f0:91:27:6b:7a:0a,13308,-27,4068,270.09,82.56,82,1098727,1301181
f0:91:27:6b:7a:0a,13310,-27,4069,270.06,82.56,153,1098880,1301334
f0:91:27:6b:7a:0a,13311,-29,4070,270.02,82.56,83,1098963,1301417
f0:91:27:6b:7a:0a,13312,-29,4071,269.97,82.56,73,1099036,1301490
f0:91:27:6b:7a:0a,13319,-31,4072,270.04,82.56,552,1099588,1302042
f0:91:27:6b:7a:0a,13321,-25,4073,270.01,82.56,152,1099740,1302194
f0:91:27:6b:7a:0a,13322,-33,4074,269.96,82.56,92,1099832,1302286
f0:91:27:6b:7a:0a,13323,-27,4075,269.92,82.56,72,1099904,1302358
f0:91:27:6b:7a:0a,13327,-28,4076,269.93,82.56,336,1100240,1302694
f0:91:27:6b:7a:0a,13330,-33,4077,269.92,82.56,230,1100470,1302924
f0:91:27:6b:7a:0a,13331,-27,4078,269.87,82.56,77,1100547,1303001
f0:91:27:6b:7a:0a,13332,-29,4079,269.83,82.55,72,1100619,1303073
f0:91:27:6b:7a:0a,13343,-29,4080,269.97,82.55,868,1101487,1303941
f0:91:27:6b:7a:0a,13347,-29,4081,269.98,82.55,321,1101808,1304262
f0:91:27:6b:7a:0a,13348,-33,4082,269.94,82.55,77,1101885,1304339
f0:91:27:6b:7a:0a,13349,-27,4083,269.89,82.55,87,1101972,1304426
f0:91:27:6b:7a:0a,13350,-29,4084,269.85,82.55,80,1102052,1304506
f0:91:27:6b:7a:0a,13354,-29,4085,269.86,82.55,312,1102364,1304818
f0:91:27:6b:7a:0a,13355,-25,4086,269.81,82.55,85,1102449,1304903
f0:91:27:6b:7a:0a,13362,-29,4087,269.88,82.55,557,1103006,1305460
f0:91:27:6b:7a:0a,13364,-27,4088,269.86,82.55,165,1103171,1305625
f0:91:27:6b:7a:0a,13375,-27,4089,270.00,82.55,874,1104045,1306499
f0:91:27:6b:7a:0a,13376,-27,4090,269.96,82.55,78,1104123,1306577
f0:91:27:6b:7a:0a,13377,-27,4091,269.91,82.55,84,1104207,1306661
f0:91:27:6b:7a:0a,13379,-33,4092,269.89,82.55,165,1104372,1306826
f0:91:27:6b:7a:0a,13381,-29,4093,269.86,82.55,166,1104538,1306992
f0:91:27:6b:7a:0a,13382,-33,4094,269.81,82.54,71,1104609,1307063
f0:91:27:6b:7a:0a,13383,-27,4095,269.77,82.54,82,1104691,1307145
f0:91:27:6b:7a:0a,13388,-27,4096,269.80,82.54,421,1105112,1307566
f0:91:27:6b:7a:0a,13391,-31,4097,269.79,82.54,229,1105341,1307795
f0:91:27:6b:7a:0a,13393,-27,4098,269.76,82.54,155,1105496,1307950
f0:91:27:6b:7a:0a,13394,-33,4099,269.72,82.54,88,1105584,1308038
f0:91:27:6b:7a:0a,13395,-33,4100,269.67,82.54,79,1105663,1308117
f0:91:27:6b:7a:0a,13397,-33,4101,269.65,82.54,165,1105828,1308282
f0:91:27:6b:7a:0a,13398,-27,4102,269.60,82.54,84,1105912,1308366
f0:91:27:6b:7a:0a,13403,-33,4103,269.64,82.54,407,1106319,1308773
f0:91:27:6b:7a:0a,13405,-33,4104,269.61,82.54,158,1106477,1308931
f0:91:27:6b:7a:0a,13406,-25,4105,269.56,82.54,78,1106555,1309009
f0:91:27:6b:7a:0a,13409,-33,4106,269.55,82.54,237,1106792,1309246
f0:91:27:6b:7a:0a,13410,-33,4107,269.51,82.54,75,1106867,1309321
f0:91:27:6b:7a:0a,13411,-30,4108,269.46,82.54,86,1106953,1309407
f0:91:27:6b:7a:0a,13412,-31,4109,269.42,82.54,83,1107036,1309490
f0:91:27:6b:7a:0a,13413,-29,4110,269.37,82.54,87,1107123,1309577
f0:91:27:6b:7a:0a,13415,-27,4111,269.35,82.54,160,1107283,1309737
f0:91:27:6b:7a:0a,13416,-29,4112,269.30,82.54,75,1107358,1309812
f0:91:27:6b:7a:0a,13417,-27,4113,269.26,82.54,88,1107446,1309900
f0:91:27:6b:7a:0a,13421,-33,4114,269.27,82.54,329,1107775,1310229
f0:91:27:6b:7a:0a,13427,-27,4115,269.32,82.54,485,1108260,1310714
f0:91:27:6b:7a:0a,13432,-33,4116,269.35,82.54,397,1108657,1311111
f0:91:27:6b:7a:0a,13434,-29,4117,269.33,82.54,163,1108820,1311274
f0:91:27:6b:7a:0a,13435,-29,4118,269.28,82.54,79,1108899,1311353
f0:91:27:6b:7a:0a,13439,-27,4119,269.30,82.54,328,1109227,1311681
f0:91:27:6b:7a:0a,13440,-33,4120,269.25,82.54,88,1109315,1311769
f0:91:27:6b:7a:0a,13441,-28,4121,269.20,82.54,76,1109391,1311845
f0:91:27:6b:7a:0a,13442,-29,4122,269.16,82.54,88,1109479,1311933
f0:91:27:6b:7a:0a,13444,-27,4123,269.13,82.54,163,1109642,1312096
f0:91:27:6b:7a:0a,13445,-30,4124,269.09,82.54,84,1109726,1312180
f0:91:27:6b:7a:0a,13446,-33,4125,269.04,82.54,83,1109809,1312263
f0:91:27:6b:7a:0a,13448,-29,4126,269.02,82.54,153,1109962,1312416
f0:91:27:6b:7a:0a,13449,-33,4127,268.97,82.54,80,1110042,1312496
f0:91:27:6b:7a:0a,13450,-27,4128,268.93,82.54,92,1110134,1312588
f0:91:27:6b:7a:0a,13452,-34,4129,268.90,82.54,160,1110294,1312748
f0:91:27:6b:7a:0a,13453,-27,4130,268.86,82.54,80,1110374,1312828
f0:91:27:6b:7a:0a,13454,-29,4131,268.81,82.54,75,1110449,1312903
f0:91:27:6b:7a:0a,13455,-30,4132,268.76,82.54,75,1110524,1312978
f0:91:27:6b:7a:0a,13456,-33,4133,268.72,82.54,79,1110603,1313057
f0:91:27:6b:7a:0a,13457,-33,4134,268.67,82.54,81,1110684,1313138
f0:91:27:6b:7a:0a,13459,-27,4135,268.64,82.53,151,1110835,1313289
f0:91:27:6b:7a:0a,13464,-27,4136,268.67,82.53,391,1111226,1313680
f0:91:27:6b:7a:0a,13469,-31,4137,268.70,82.53,398,1111624,1314078
f0:91:27:6b:7a:0a,13472,-33,4138,268.70,82.53,238,1111862,1314316
f0:91:27:6b:7a:0a,13473,-25,4139,268.65,82.53,79,1111941,1314395
f0:91:27:6b:7a:0a,13486,-27,4140,268.84,82.53,1057,1112998,1315452
f0:91:27:6b:7a:0a,13488,-33,4141,268.81,82.53,157,1113155,1315609
f0:91:27:6b:7a:0a,13520,-29,4142,269.36,82.52,2524,1115679,1318133
f0:91:27:6b:7a:0a,13521,-29,4143,269.31,82.52,68,1115747,1318201
f0:91:27:6b:7a:0a,13532,-28,4144,269.46,82.52,876,1116623,1319077
f0:91:27:6b:7a:0a,13543,-33,4145,269.60,82.52,886,1117509,1319963
f0:91:27:6b:7a:0a,13544,-28,4146,269.56,82.52,77,1117586,1320040
f0:91:27:6b:7a:0a,13545,-27,4147,269.51,82.52,84,1117670,1320124
f0:91:27:6b:7a:0a,13566,-29,4148,269.85,82.51,1671,1119341,1321795
f0:91:27:6b:7a:0a,13589,-25,4149,270.23,82.51,1839,1121180,1323634
f0:91:27:6b:7a:0a,13590,-29,4150,270.18,82.51,82,1121262,1323716
f0:91:27:6b:7a:0a,13595,-33,4151,270.21,82.50,392,1121654,1324108
f0:91:27:6b:7a:0a,13596,-27,4152,270.17,82.50,79,1121733,1324187
f0:91:27:6b:7a:0a,13597,-27,4153,270.12,82.50,81,1121814,1324268
f0:91:27:6b:7a:0a,13599,-33,4154,270.09,82.50,155,1121969,1324423
f0:91:27:6b:7a:0a,13602,-33,4155,270.09,82.50,240,1122209,1324663
f0:91:27:6b:7a:0a,13604,-27,4156,270.06,82.50,151,1122360,1324814
f0:91:27:6b:7a:0a,13611,-33,4157,270.13,82.50,576,1122936,1325390
f0:91:27:6b:7a:0a,13612,-29,4158,270.09,82.50,86,1123022,1325476
f0:91:27:6b:7a:0a,13613,-31,4159,270.04,82.50,83,1123105,1325559
f0:91:27:6b:7a:0a,13615,-29,4160,270.02,82.50,165,1123270,1325724
f0:91:27:6b:7a:0a,13616,-28,4161,269.97,82.50,91,1123361,1325815
f0:91:27:6b:7a:0a,13620,-25,4162,269.98,82.50,316,1123677,1326131
f0:91:27:6b:7a:0a,13623,-25,4163,269.98,82.50,251,1123928,1326382
f0:91:27:6b:7a:0a,13624,-29,4164,269.93,82.50,81,1124009,1326463
f0:91:27:6b:7a:0a,13625,-33,4165,269.89,82.50,78,1124087,1326541
f0:91:27:6b:7a:0a,13626,-27,4166,269.84,82.50,82,1124169,1326623
f0:91:27:6b:7a:0a,13627,-29,4167,269.80,82.50,76,1124245,1326699
f0:91:27:6b:7a:0a,13628,-33,4168,269.75,82.50,75,1124320,1326774
f0:91:27:6b:7a:0a,13629,-27,4169,269.71,82.50,94,1124414,1326868
f0:91:27:6b:7a:0a,13630,-33,4170,269.66,82.50,78,1124492,1326946
f0:91:27:6b:7a:0a,13631,-27,4171,269.62,82.50,84,1124576,1327030
f0:91:27:6b:7a:0a,13632,-29,4172,269.57,82.50,79,1124655,1327109
f0:91:27:6b:7a:0a,13633,-33,4173,269.53,82.50,83,1124738,1327192
f0:91:27:6b:7a:0a,13634,-27,4174,269.48,82.50,72,1124810,1327264
f0:91:27:6b:7a:0a,13635,-27,4175,269.44,82.50,84,1124894,1327348
f0:91:27:6b:7a:0a,13636,-31,4176,269.39,82.50,83,1124977,1327431
f0:91:27:6b:7a:0a,13637,-27,4177,269.34,82.50,73,1125050,1327504
f0:91:27:6b:7a:0a,13638,-27,4178,269.30,82.50,73,1125123,1327577
f0:91:27:6b:7a:0a,13642,-29,4179,269.31,82.50,317,1125440,1327894
f0:91:27:6b:7a:0a,13650,-33,4180,269.40,82.50,642,1126082,1328536
f0:91:27:6b:7a:0a,13651,-27,4181,269.35,82.50,85,1126167,1328621
f0:91:27:6b:7a:0a,13652,-33,4182,269.31,82.50,91,1126258,1328712
f0:91:27:6b:7a:0a,13657,-29,4183,269.34,82.50,400,1126658,1329112
f0:91:27:6b:7a:0a,13658,-33,4184,269.30,82.50,73,1126731,1329185
f0:91:27:6b:7a:0a,13663,-27,4185,269.33,82.50,412,1127143,1329597
f0:91:27:6b:7a:0a,13664,-33,4186,269.28,82.50,73,1127216,1329670
f0:91:27:6b:7a:0a,13665,-27,4187,269.24,82.50,82,1127298,1329752
f0:91:27:6b:7a:0a,13666,-27,4188,269.19,82.49,71,1127369,1329823
f0:91:27:6b:7a:0a,13667,-29,4189,269.15,82.49,82,1127451,1329905
f0:91:27:6b:7a:0a,13668,-33,4190,269.10,82.49,74,1127525,1329979
f0:91:27:6b:7a:0a,13669,-29,4191,269.05,82.49,84,1127609,1330063
f0:91:27:6b:7a:0a,13674,-33,4192,269.08,82.49,393,1128002,1330456
f0:91:27:6b:7a:0a,13675,-29,4193,269.04,82.49,88,1128090,1330544
f0:91:27:6b:7a:0a,13676,-33,4194,269.00,82.49,87,1128177,1330631
f0:91:27:6b:7a:0a,13681,-33,4195,269.03,82.49,385,1128562,1331016
f0:91:27:6b:7a:0a,13682,-27,4196,268.98,82.49,77,1128639,1331093
f0:91:27:6b:7a:0a,13683,-27,4197,268.93,82.49,75,1128714,1331168
f0:91:27:6b:7a:0a,13684,-29,4198,268.89,82.49,78,1128792,1331246
f0:91:27:6b:7a:0a,13685,-33,4199,268.84,82.49,79,1128871,1331325
f0:91:27:6b:7a:0a,13688,-27,4200,268.84,82.49,243,1129114,1331568
f0:91:27:6b:7a:0a,13690,-27,4201,268.81,82.49,153,1129267,1331721
f0:91:27:6b:7a:0a,13691,-33,4202,268.76,82.49,82,1129349,1331803
f0:91:27:6b:7a:0a,13696,-29,4203,268.80,82.49,401,1129750,1332204
f0:91:27:6b:7a:0a,13697,-33,4204,268.75,82.49,77,1129827,1332281
f0:91:27:6b:7a:0a,13700,-27,4205,268.75,82.49,246,1130073,1332527
f0:91:27:6b:7a:0a,13703,-29,4206,268.74,82.49,234,1130307,1332761
f0:91:27:6b:7a:0a,13713,-33,4207,268.86,82.48,805,1131112,1333566
f0:91:27:6b:7a:0a,13714,-28,4208,268.82,82.48,81,1131193,1333647
f0:91:27:6b:7a:0a,13717,-29,4209,268.82,82.48,250,1131443,1333897
f0:91:27:6b:7a:0a,13733,-27,4210,269.10,82.49,1456,1132899,1335353
f0:91:27:6b:7a:0a,13734,-33,4211,269.06,82.50,92,1132991,1335445
f0:91:27:6b:7a:0a,13736,-33,4212,269.03,82.50,171,1133162,1335616
f0:91:27:6b:7a:0a,13738,-25,4213,269.01,82.50,184,1133346,1335800
f0:91:27:6b:7a:0a,13740,-29,4214,268.99,82.50,179,1133525,1335979
f0:91:27:6b:7a:0a,13741,-25,4215,268.95,82.50,93,1133618,1336072
f0:91:27:6b:7a:0a,13744,-27,4216,268.95,82.50,276,1133894,1336348
f0:91:27:6b:7a:0a,13745,-27,4217,268.91,82.50,96,1133990,1336444
f0:91:27:6b:7a:0a,13747,-33,4218,268.89,82.50,190,1134180,1336634
f0:91:27:6b:7a:0a,13754,-28,4219,268.98,82.51,638,1134818,1337272
f0:91:27:6b:7a:0a,13755,-33,4220,268.94,82.51,95,1134913,1337367
f0:91:27:6b:7a:0a,13756,-29,4221,268.90,82.51,96,1135009,1337463
f0:91:27:6b:7a:0a,13759,-28,4222,268.90,82.51,268,1135277,1337731
f0:91:27:6b:7a:0a,13760,-33,4223,268.85,82.51,89,1135366,1337820
f0:91:27:6b:7a:0a,13762,-28,4224,268.83,82.51,184,1135550,1338004
f0:91:27:6b:7a:0a,13764,-31,4225,268.81,82.51,186,1135736,1338190
f0:91:27:6b:7a:0a,13765,-29,4226,268.77,82.52,97,1135833,1338287
f0:91:27:6b:7a:0a,13766,-25,4227,268.73,82.52,88,1135921,1338375
f0:91:27:6b:7a:0a,13767,-33,4228,268.69,82.52,100,1136021,1338475
f0:91:27:6b:7a:0a,13768,-33,4229,268.65,82.52,90,1136111,1338565
f0:91:27:6b:7a:0a,13769,-29,4230,268.61,82.52,97,1136208,1338662
f0:91:27:6b:7a:0a,13771,-28,4231,268.59,82.52,190,1136398,1338852
f0:91:27:6b:7a:0a,13772,-33,4232,268.55,82.52,89,1136487,1338941
f0:91:27:6b:7a:0a,13778,-29,4233,268.62,82.53,566,1137053,1339507
f0:91:27:6b:7a:0a,13779,-28,4234,268.57,82.53,86,1137139,1339593
f0:91:27:6b:7a:0a,13780,-33,4235,268.53,82.53,94,1137233,1339687
f0:91:27:6b:7a:0a,13784,-25,4236,268.56,82.53,372,1137605,1340059
f0:91:27:6b:7a:0a,13785,-33,4237,268.52,82.53,94,1137699,1340153
f0:91:27:6b:7a:0a,13789,-33,4238,268.54,82.53,376,1138075,1340529
f0:91:27:6b:7a:0a,13792,-27,4239,268.54,82.54,278,1138353,1340807
f0:91:27:6b:7a:0a,13793,-33,4240,268.50,82.54,98,1138451,1340905
f0:91:27:6b:7a:0a,13796,-29,4241,268.50,82.54,273,1138724,1341178
f0:91:27:6b:7a:0a,13797,-27,4242,268.46,82.54,95,1138819,1341273
f0:91:27:6b:7a:0a,13803,-33,4243,268.53,82.55,567,1139386,1341840
f0:91:27:6b:7a:0a,13804,-29,4244,268.49,82.55,94,1139480,1341934
f0:91:27:6b:7a:0a,13805,-25,4245,268.45,82.55,93,1139573,1342027
f0:91:27:6b:7a:0a,13808,-33,4246,268.45,82.55,275,1139848,1342302
f0:91:27:6b:7a:0a,13813,-33,4247,268.50,82.55,461,1140309,1342763
f0:91:27:6b:7a:0a,13826,-29,4248,268.72,82.56,1196,1141505,1343959
f0:91:27:6b:7a:0a,13828,-29,4249,268.69,82.56,175,1141680,1344134
f0:91:27:6b:7a:0a,13830,-29,4250,268.67,82.56,180,1141860,1344314
f0:91:27:6b:7a:0a,13831,-27,4251,268.63,82.56,96,1141956,1344410
f0:91:27:6b:7a:0a,13832,-31,4252,268.59,82.57,85,1142041,1344495
f0:91:27:6b:7a:0a,13833,-27,4253,268.55,82.57,88,1142129,1344583
f0:91:27:6b:7a:0a,13834,-25,4254,268.51,82.57,97,1142226,1344680
f0:91:27:6b:7a:0a,13835,-33,4255,268.46,82.57,91,1142317,1344771
f0:91:27:6b:7a:0a,13836,-30,4256,268.42,82.57,87,1142404,1344858
f0:91:27:6b:7a:0a,13838,-30,4257,268.40,82.57,180,1142584,1345038
f0:91:27:6b:7a:0a,13839,-29,4258,268.36,82.57,102,1142686,1345140
f0:91:27:6b:7a:0a,13841,-28,4259,268.34,82.57,186,1142872,1345326
f0:91:27:6b:7a:0a,13842,-33,4260,268.30,82.57,90,1142962,1345416
f0:91:27:6b:7a:0a,13844,-33,4261,268.28,82.57,174,1143136,1345590
f0:91:27:6b:7a:0a,13845,-29,4262,268.24,82.57,91,1143227,1345681
f0:91:27:6b:7a:0a,13852,-33,4263,268.32,82.58,625,1143852,1346306
f0:91:27:6b:7a:0a,13861,-25,4264,268.44,82.58,777,1144629,1347083
f0:91:27:6b:7a:0a,13862,-29,4265,268.40,82.58,87,1144716,1347170
f0:91:27:6b:7a:0a,13864,-29,4266,268.37,82.58,171,1144887,1347341
f0:91:27:6b:7a:0a,13865,-28,4267,268.33,82.58,85,1144972,1347426
f0:91:27:6b:7a:0a,13867,-28,4268,268.31,82.58,178,1145150,1347604
f0:91:27:6b:7a:0a,13876,-33,4269,268.42,82.58,755,1145905,1348359
f0:91:27:6b:7a:0a,13877,-28,4270,268.38,82.58,76,1145981,1348435
f0:91:27:6b:7a:0a,13880,-27,4271,268.38,82.58,259,1146240,1348694
f0:91:27:6b:7a:0a,13883,-27,4272,268.38,82.58,269,1146509,1348963
f0:91:27:6b:7a:0a,13890,-27,4273,268.45,82.58,590,1147099,1349553
f0:91:27:6b:7a:0a,13891,-33,4274,268.41,82.58,81,1147180,1349634
f0:91:27:6b:7a:0a,13898,-25,4275,268.48,82.58,579,1147759,1350213
f0:91:27:6b:7a:0a,13899,-27,4276,268.44,82.58,81,1147840,1350294
f0:91:27:6b:7a:0a,13901,-27,4277,268.41,82.58,167,1148007,1350461
f0:91:27:6b:7a:0a,13902,-33,4278,268.37,82.59,92,1148099,1350553
f0:91:27:6b:7a:0a,13903,-27,4279,268.33,82.59,82,1148181,1350635
f0:91:27:6b:7a:0a,13904,-29,4280,268.28,82.58,74,1148255,1350709
f0:91:27:6b:7a:0a,13914,-27,4281,268.42,82.59,846,1149101,1351555
f0:91:27:6b:7a:0a,13915,-27,4282,268.37,82.59,72,1149173,1351627
f0:91:27:6b:7a:0a,13916,-29,4283,268.33,82.59,83,1149256,1351710
f0:91:27:6b:7a:0a,13917,-27,4284,268.29,82.59,88,1149344,1351798
f0:91:27:6b:7a:0a,13920,-29,4285,268.28,82.59,256,1149600,1352054
f0:91:27:6b:7a:0a,13926,-29,4286,268.34,82.59,489,1150089,1352543
f0:91:27:6b:7a:0a,13927,-27,4287,268.29,82.59,82,1150171,1352625
f0:91:27:6b:7a:0a,13931,-29,4288,268.30,82.58,315,1150486,1352940
f0:91:27:6b:7a:0a,13934,-27,4289,268.30,82.58,244,1150730,1353184
f0:91:27:6b:7a:0a,13935,-29,4290,268.25,82.58,78,1150808,1353262
f0:91:27:6b:7a:0a,13936,-27,4291,268.21,82.58,77,1150885,1353339
f0:91:27:6b:7a:0a,13938,-27,4292,268.18,82.58,164,1151049,1353503
f0:91:27:6b:7a:0a,13941,-27,4293,268.18,82.58,250,1151299,1353753
f0:91:27:6b:7a:0a,13943,-27,4294,268.15,82.58,153,1151452,1353906
f0:91:27:6b:7a:0a,13946,-31,4295,268.15,82.58,252,1151704,1354158
f0:91:27:6b:7a:0a,13960,-31,4296,268.34,82.58,1104,1152808,1355262
f0:91:27:6b:7a:0a,13961,-27,4297,268.30,82.58,79,1152887,1355341
f0:91:27:6b:7a:0a,13969,-33,4298,268.39,82.58,649,1153536,1355990
f0:91:27:6b:7a:0a,13970,-27,4299,268.34,82.58,73,1153609,1356063
f0:91:27:6b:7a:0a,13971,-29,4300,268.30,82.58,83,1153692,1356146
f0:91:27:6b:7a:0a,13972,-31,4301,268.26,82.58,74,1153766,1356220
f0:91:27:6b:7a:0a,13973,-33,4302,268.21,82.58,80,1153846,1356300
f0:91:27:6b:7a:0a,13974,-28,4303,268.17,82.58,85,1153931,1356385
f0:91:27:6b:7a:0a,13976,-34,4304,268.14,82.58,150,1154081,1356535
f0:91:27:6b:7a:0a,13978,-27,4305,268.12,82.58,157,1154238,1356692
f0:91:27:6b:7a:0a,13979,-29,4306,268.07,82.57,77,1154315,1356769
f0:91:27:6b:7a:0a,13987,-33,4307,268.16,82.57,639,1154954,1357408
f0:91:27:6b:7a:0a,14002,-33,4308,268.37,82.57,1192,1156146,1358600
f0:91:27:6b:7a:0a,14003,-27,4309,268.33,82.57,88,1156234,1358688
f0:91:27:6b:7a:0a,14005,-33,4310,268.30,82.57,157,1156391,1358845
f0:91:27:6b:7a:0a,14006,-27,4311,268.26,82.57,73,1156464,1358918
f0:91:27:6b:7a:0a,14007,-29,4312,268.22,82.57,85,1156549,1359003
f0:91:27:6b:7a:0a,14008,-32,4313,268.17,82.57,71,1156620,1359074
f0:91:27:6b:7a:0a,14013,-26,4314,268.20,82.57,411,1157031,1359485
f0:91:27:6b:7a:0a,14020,-27,4315,268.27,82.57,556,1157587,1360041
f0:91:27:6b:7a:0a,14021,-27,4316,268.23,82.57,83,1157670,1360124
f0:91:27:6b:7a:0a,14031,-29,4317,268.35,82.57,805,1158475,1360929
f0:91:27:6b:7a:0a,14035,-33,4318,268.36,82.56,323,1158798,1361252
f0:91:27:6b:7a:0a,14038,-29,4319,268.36,82.56,230,1159028,1361482
f0:91:27:6b:7a:0a,14039,-33,4320,268.31,82.56,81,1159109,1361563
f0:91:27:6b:7a:0a,14047,-33,4321,268.40,82.56,628,1159737,1362191
f0:91:27:6b:7a:0a,14049,-27,4322,268.37,82.56,151,1159888,1362342
f0:91:27:6b:7a:0a,14063,-27,4323,268.56,82.56,1098,1160986,1363440
f0:91:27:6b:7a:0a,14064,-27,4324,268.51,82.56,71,1161057,1363511
f0:91:27:6b:7a:0a,14067,-27,4325,268.51,82.55,239,1161296,1363750
f0:91:27:6b:7a:0a,14097,-29,4326,269.00,82.55,2398,1163694,1366148
f0:91:27:6b:7a:0a,14098,-33,4327,268.96,82.55,85,1163779,1366233
f0:91:27:6b:7a:0a,14099,-29,4328,268.92,82.55,89,1163868,1366322
f0:91:27:6b:7a:0a,14101,-25,4329,268.89,82.55,167,1164035,1366489
f0:91:27:6b:7a:0a,14102,-33,4330,268.85,82.55,89,1164124,1366578
f0:91:27:6b:7a:0a,14108,-27,4331,268.90,82.55,497,1164621,1367075
f0:91:27:6b:7a:0a,14111,-27,4332,268.90,82.55,250,1164871,1367325
f0:91:27:6b:7a:0a,14118,-27,4333,268.97,82.55,559,1165430,1367884
f0:91:27:6b:7a:0a,14119,-29,4334,268.92,82.55,83,1165513,1367967
f0:91:27:6b:7a:0a,14120,-27,4335,268.88,82.55,79,1165592,1368046
f0:91:27:6b:7a:0a,14121,-29,4336,268.84,82.55,79,1165671,1368125
f0:91:27:6b:7a:0a,14124,-27,4337,268.83,82.55,238,1165909,1368363
f0:91:27:6b:7a:0a,14125,-29,4338,268.78,82.55,76,1165985,1368439
f0:91:27:6b:7a:0a,14126,-27,4339,268.74,82.55,87,1166072,1368526
f0:91:27:6b:7a:0a,14131,-33,4340,268.77,82.55,399,1166471,1368925
f0:91:27:6b:7a:0a,14132,-29,4341,268.73,82.55,81,1166552,1369006
f0:91:27:6b:7a:0a,14133,-33,4342,268.69,82.55,89,1166641,1369095
f0:91:27:6b:7a:0a,14134,-27,4343,268.64,82.55,79,1166720,1369174
f0:91:27:6b:7a:0a,14136,-29,4344,268.62,82.55,150,1166870,1369324
f0:91:27:6b:7a:0a,14137,-31,4345,268.57,82.55,84,1166954,1369408
f0:91:27:6b:7a:0a,14141,-27,4346,268.59,82.55,320,1167274,1369728
f0:91:27:6b:7a:0a,14143,-27,4347,268.56,82.55,175,1167449,1369903
f0:91:27:6b:7a:0a,14165,-27,4348,268.91,82.54,1755,1169204,1371658
f0:91:27:6b:7a:0a,14170,-33,4349,268.93,82.54,393,1169597,1372051
f0:91:27:6b:7a:0a,14173,-33,4350,268.93,82.54,253,1169850,1372304
f0:91:27:6b:7a:0a,14182,-29,4351,269.04,82.54,728,1170578,1373032
f0:91:27:6b:7a:0a,14183,-33,4352,268.99,82.54,76,1170654,1373108
f0:91:27:6b:7a:0a,14185,-27,4353,268.97,82.54,155,1170809,1373263
f0:91:27:6b:7a:0a,14186,-29,4354,268.92,82.54,85,1170894,1373348
f0:91:27:6b:7a:0a,14190,-33,4355,268.93,82.54,314,1171208,1373662
f0:91:27:6b:7a:0a,14191,-25,4356,268.89,82.54,81,1171289,1373743
f0:91:27:6b:7a:0a,14195,-27,4357,268.90,82.54,321,1171610,1374064
f0:91:27:6b:7a:0a,14197,-27,4358,268.88,82.54,162,1171772,1374226
f0:91:27:6b:7a:0a,14205,-26,4359,268.97,82.54,647,1172419,1374873
f0:91:27:6b:7a:0a,14206,-27,4360,268.92,82.54,86,1172505,1374959
f0:91:27:6b:7a:0a,14208,-33,4361,268.90,82.54,166,1172671,1375125
f0:91:27:6b:7a:0a,14210,-33,4362,268.88,82.54,164,1172835,1375289
f0:91:27:6b:7a:0a,14211,-27,4363,268.83,82.54,80,1172915,1375369
f0:91:27:6b:7a:0a,14215,-29,4364,268.84,82.53,316,1173231,1375685
f0:91:27:6b:7a:0a,14216,-33,4365,268.80,82.53,80,1173311,1375765
f0:91:27:6b:7a:0a,14219,-27,4366,268.79,82.53,246,1173557,1376011
f0:91:27:6b:7a:0a,14220,-33,4367,268.75,82.54,93,1173650,1376104
f0:91:27:6b:7a:0a,14222,-33,4368,268.73,82.54,165,1173815,1376269
f0:91:27:6b:7a:0a,14223,-25,4369,268.69,82.53,78,1173893,1376347
f0:91:27:6b:7a:0a,14225,-26,4370,268.66,82.53,153,1174046,1376500
f0:91:27:6b:7a:0a,14256,-29,4371,269.17,82.53,2478,1176524,1378978
f0:91:27:6b:7a:0a,14257,-27,4372,269.13,82.53,97,1176621,1379075
f0:91:27:6b:7a:0a,14258,-29,4373,269.08,82.53,74,1176695,1379149
f0:91:27:6b:7a:0a,14259,-29,4374,269.04,82.53,79,1176774,1379228
f0:91:27:6b:7a:0a,14261,-29,4375,269.01,82.53,164,1176938,1379392
f0:91:27:6b:7a:0a,14262,-33,4376,268.97,82.53,77,1177015,1379469
f0:91:27:6b:7a:0a,14263,-29,4377,268.93,82.53,92,1177107,1379561
f0:91:27:6b:7a:0a,14264,-33,4378,268.89,82.53,76,1177183,1379637
f0:91:27:6b:7a:0a,14268,-25,4379,268.90,82.53,322,1177505,1379959
f0:91:27:6b:7a:0a,14270,-27,4380,268.87,82.53,161,1177666,1380120
f0:91:27:6b:7a:0a,14271,-33,4381,268.83,82.53,77,1177743,1380197
f0:91:27:6b:7a:0a,14273,-29,4382,268.81,82.53,175,1177918,1380372
f0:91:27:6b:7a:0a,14274,-32,4383,268.77,82.53,81,1177999,1380453
f0:91:27:6b:7a:0a,14285,-33,4384,268.91,82.53,884,1178883,1381337
f0:91:27:6b:7a:0a,14290,-27,4385,268.94,82.53,400,1179283,1381737
f0:91:27:6b:7a:0a,14291,-29,4386,268.89,82.52,76,1179359,1381813
f0:91:27:6b:7a:0a,14304,-33,4387,269.07,82.52,1033,1180392,1382846
f0:91:27:6b:7a:0a,14305,-27,4388,269.02,82.52,81,1180473,1382927
f0:91:27:6b:7a:0a,14306,-29,4389,268.98,82.52,80,1180553,1383007
f0:91:27:6b:7a:0a,14313,-33,4390,269.04,82.52,547,1181100,1383554
f0:91:27:6b:7a:0a,14314,-27,4391,269.00,82.52,79,1181179,1383633
f0:91:27:6b:7a:0a,14316,-29,4392,268.97,82.52,157,1181336,1383790
f0:91:27:6b:7a:0a,14325,-33,4393,269.07,82.52,704,1182040,1384494
f0:91:27:6b:7a:0a,14326,-27,4394,269.03,82.52,81,1182121,1384575
f0:91:27:6b:7a:0a,14327,-29,4395,268.99,82.52,78,1182199,1384653
f0:91:27:6b:7a:0a,14333,-27,4396,269.04,82.52,490,1182689,1385143
f0:91:27:6b:7a:0a,14334,-27,4397,268.99,82.51,76,1182765,1385219
f0:91:27:6b:7a:0a,14335,-33,4398,268.95,82.51,85,1182850,1385304
f0:91:27:6b:7a:0a,14336,-27,4399,268.91,82.51,72,1182922,1385376
f0:91:27:6b:7a:0a,14337,-29,4400,268.86,82.51,74,1182996,1385450
f0:91:27:6b:7a:0a,14341,-27,4401,268.87,82.51,319,1183315,1385769
f0:91:27:6b:7a:0a,14343,-33,4402,268.85,82.51,160,1183475,1385929
f0:91:27:6b:7a:0a,14344,-27,4403,268.81,82.51,80,1183555,1386009
f0:91:27:6b:7a:0a,14345,-27,4404,268.76,82.51,77,1183632,1386086
f0:91:27:6b:7a:0a,14346,-29,4405,268.72,82.51,78,1183710,1386164
f0:91:27:6b:7a:0a,14347,-31,4406,268.68,82.51,85,1183795,1386249
f0:91:27:6b:7a:0a,14362,-26,4407,268.89,82.51,1207,1185002,1387456
f0:91:27:6b:7a:0a,14364,-27,4408,268.87,82.51,158,1185160,1387614
f0:91:27:6b:7a:0a,14368,-27,4409,268.88,82.51,315,1185475,1387929
f0:91:27:6b:7a:0a,14373,-33,4410,268.91,82.51,411,1185886,1388340
f0:91:27:6b:7a:0a,14376,-27,4411,268.90,82.51,251,1186137,1388591
f0:91:27:6b:7a:0a,14377,-26,4412,268.86,82.51,79,1186216,1388670
f0:91:27:6b:7a:0a,14378,-33,4413,268.82,82.51,83,1186299,1388753
f0:91:27:6b:7a:0a,14380,-27,4414,268.79,82.51,148,1186447,1388901
f0:91:27:6b:7a:0a,14381,-31,4415,268.75,82.51,81,1186528,1388982
f0:91:27:6b:7a:0a,14382,-27,4416,268.71,82.51,84,1186612,1389066
f0:91:27:6b:7a:0a,14396,-33,4417,268.90,82.50,1118,1187730,1390184
f0:91:27:6b:7a:0a,14397,-27,4418,268.86,82.50,72,1187802,1390256
f0:91:27:6b:7a:0a,14399,-29,4419,268.83,82.50,158,1187960,1390414
f0:91:27:6b:7a:0a,14400,-31,4420,268.79,82.50,75,1188035,1390489
f0:91:27:6b:7a:0a,14401,-27,4421,268.74,82.50,82,1188117,1390571
f0:91:27:6b:7a:0a,14402,-29,4422,268.70,82.50,87,1188204,1390658
f0:91:27:6b:7a:0a,14404,-33,4423,268.68,82.50,151,1188355,1390809
f0:91:27:6b:7a:0a,14410,-29,4424,268.72,82.50,473,1188828,1391282
f0:91:27:6b:7a:0a,14411,-33,4425,268.68,82.50,79,1188907,1391361
f0:91:27:6b:7a:0a,14412,-27,4426,268.64,82.50,82,1188989,1391443
f0:91:27:6b:7a:0a,14427,-27,4427,268.84,82.50,1181,1190170,1392624
f0:91:27:6b:7a:0a,14428,-29,4428,268.80,82.50,83,1190253,1392707
f0:91:27:6b:7a:0a,14431,-29,4429,268.79,82.50,240,1190493,1392947
f0:91:27:6b:7a:0a,14432,-27,4430,268.75,82.50,85,1190578,1393032
f0:91:27:6b:7a:0a,14433,-29,4431,268.71,82.50,81,1190659,1393113
f0:91:27:6b:7a:0a,14434,-27,4432,268.67,82.50,92,1190751,1393205
f0:91:27:6b:7a:0a,14442,-29,4433,268.77,82.50,700,1191451,1393905
f0:91:27:6b:7a:0a,14450,-29,4434,268.87,82.50,729,1192180,1394634
f0:91:27:6b:7a:0a,14455,-27,4435,268.92,82.51,466,1192646,1395100
f0:91:27:6b:7a:0a,14457,-27,4436,268.90,82.51,177,1192823,1395277
f0:91:27:6b:7a:0a,14458,-33,4437,268.86,82.51,95,1192918,1395372
f0:91:27:6b:7a:0a,14466,-33,4438,268.96,82.51,736,1193654,1396108
f0:91:27:6b:7a:0a,14467,-27,4439,268.92,82.51,84,1193738,1396192
f0:91:27:6b:7a:0a,14468,-33,4440,268.88,82.52,91,1193829,1396283
f0:91:27:6b:7a:0a,14469,-29,4441,268.84,82.52,94,1193923,1396377
f0:91:27:6b:7a:0a,14470,-27,4442,268.80,82.52,81,1194004,1396458
f0:91:27:6b:7a:0a,14472,-29,4443,268.78,82.52,191,1194195,1396649
f0:91:27:6b:7a:0a,14473,-27,4444,268.74,82.52,89,1194284,1396738
f0:91:27:6b:7a:0a,14481,-29,4445,268.85,82.52,749,1195033,1397487
f0:91:27:6b:7a:0a,14482,-27,4446,268.81,82.52,93,1195126,1397580
f0:91:27:6b:7a:0a,14486,-33,4447,268.83,82.53,370,1195496,1397950
f0:91:27:6b:7a:0a,14487,-29,4448,268.79,82.53,91,1195587,1398041
f0:91:27:6b:7a:0a,14501,-29,4449,269.02,82.54,1301,1196888,1399342
f0:91:27:6b:7a:0a,14506,-25,4450,269.07,82.54,462,1197350,1399804
f0:91:27:6b:7a:0a,14507,-26,4451,269.03,82.54,91,1197441,1399895
f0:91:27:6b:7a:0a,14508,-27,4452,268.99,82.54,93,1197534,1399988
f0:91:27:6b:7a:0a,14509,-33,4453,268.95,82.54,90,1197624,1400078
f0:91:27:6b:7a:0a,14510,-29,4454,268.91,82.54,97,1197721,1400175
f0:91:27:6b:7a:0a,14511,-27,4455,268.87,82.54,89,1197810,1400264
f0:91:27:6b:7a:0a,14528,-33,4456,269.16,82.56,1575,1199385,1401839
f0:91:27:6b:7a:0a,14534,-33,4457,269.22,82.56,550,1199935,1402389
f0:91:27:6b:7a:0a,14566,-31,4458,269.83,82.58,2977,1202912,1405366
f0:91:27:6b:7a:0a,14567,-29,4459,269.79,82.58,94,1203006,1405460
f0:91:27:6b:7a:0a,14568,-27,4460,269.75,82.58,90,1203096,1405550
f0:91:27:6b:7a:0a,14569,-33,4461,269.71,82.59,92,1203188,1405642
f0:91:27:6b:7a:0a,14583,-29,4462,269.92,82.59,1192,1204380,1406834
f0:91:27:6b:7a:0a,14584,-31,4463,269.88,82.59,84,1204464,1406918
f0:91:27:6b:7a:0a,14591,-27,4464,269.95,82.59,601,1205065,1407519
f0:91:27:6b:7a:0a,14593,-27,4465,269.93,82.59,171,1205236,1407690
f0:91:27:6b:7a:0a,14594,-27,4466,269.89,82.59,71,1205307,1407761
f0:91:27:6b:7a:0a,14595,-33,4467,269.84,82.59,85,1205392,1407846
f0:91:27:6b:7a:0a,14596,-27,4468,269.80,82.59,85,1205477,1407931
f0:91:27:6b:7a:0a,14601,-29,4469,269.83,82.59,412,1205889,1408343
f0:91:27:6b:7a:0a,14609,-29,4470,269.92,82.59,668,1206557,1409011
f0:91:27:6b:7a:0a,14611,-27,4471,269.90,82.59,161,1206718,1409172
f0:91:27:6b:7a:0a,14616,-27,4472,269.93,82.59,425,1207143,1409597
f0:91:27:6b:7a:0a,14617,-29,4473,269.89,82.59,85,1207228,1409682
f0:91:27:6b:7a:0a,14630,-31,4474,270.07,82.59,1083,1208311,1410765
f0:91:27:6b:7a:0a,14636,-27,4475,270.13,82.59,504,1208815,1411269
f0:91:27:6b:7a:0a,14641,-27,4476,270.16,82.59,412,1209227,1411681
f0:91:27:6b:7a:0a,14642,-29,4477,270.12,82.59,78,1209305,1411759
f0:91:27:6b:7a:0a,14648,-27,4478,270.16,82.59,483,1209788,1412242
f0:91:27:6b:7a:0a,14649,-33,4479,270.12,82.59,77,1209865,1412319
f0:91:27:6b:7a:0a,14652,-29,4480,270.11,82.59,248,1210113,1412567
f0:91:27:6b:7a:0a,14659,-29,4481,270.18,82.59,551,1210664,1413118
f0:91:27:6b:7a:0a,14662,-29,4482,270.17,82.59,235,1210899,1413353
f0:91:27:6b:7a:0a,14670,-29,4483,270.25,82.59,631,1211530,1413984
f0:91:27:6b:7a:0a,14671,-27,4484,270.21,82.59,89,1211619,1414073
f0:91:27:6b:7a:0a,14680,-25,4485,270.31,82.58,720,1212339,1414793
f0:91:27:6b:7a:0a,14683,-33,4486,270.30,82.58,239,1212578,1415032
f0:91:27:6b:7a:0a,14686,-33,4487,270.30,82.58,236,1212814,1415268
f0:91:27:6b:7a:0a,14687,-27,4488,270.25,82.58,86,1212900,1415354
f0:91:27:6b:7a:0a,14696,-29,4489,270.35,82.58,702,1213602,1416056
f0:91:27:6b:7a:0a,14714,-25,4490,270.61,82.58,1421,1215023,1417477
f0:91:27:6b:7a:0a,14715,-26,4491,270.56,82.58,83,1215106,1417560
f0:91:27:6b:7a:0a,14717,-27,4492,270.54,82.58,162,1215268,1417722
f0:91:27:6b:7a:0a,14718,-33,4493,270.50,82.58,85,1215353,1417807
f0:91:27:6b:7a:0a,14726,-29,4494,270.58,82.57,636,1215989,1418443
f0:91:27:6b:7a:0a,14727,-25,4495,270.54,82.57,88,1216077,1418531
f0:91:27:6b:7a:0a,14728,-29,4496,270.50,82.57,75,1216152,1418606
f0:91:27:6b:7a:0a,14729,-27,4497,270.46,82.57,89,1216241,1418695
f0:91:27:6b:7a:0a,14730,-29,4498,270.41,82.57,82,1216323,1418777
f0:91:27:6b:7a:0a,14731,-33,4499,270.37,82.57,79,1216402,1418856
f0:91:27:6b:7a:0a,14732,-27,4500,270.33,82.57,79,1216481,1418935
f0:91:27:6b:7a:0a,14733,-29,4501,270.29,82.57,83,1216564,1419018
f0:91:27:6b:7a:0a,14741,-31,4502,270.37,82.57,631,1217195,1419649
f0:91:27:6b:7a:0a,14745,-27,4503,270.38,82.57,327,1217522,1419976
f0:91:27:6b:7a:0a,14746,-25,4504,270.34,82.57,74,1217596,1420050
f0:91:27:6b:7a:0a,14748,-31,4505,270.31,82.57,163,1217759,1420213
f0:91:27:6b:7a:0a,14749,-33,4506,270.27,82.57,70,1217829,1420283
f0:91:27:6b:7a:0a,14753,-27,4507,270.28,82.57,323,1218152,1420606
f0:91:27:6b:7a:0a,14754,-29,4508,270.24,82.57,73,1218225,1420679
f0:91:27:6b:7a:0a,14756,-29,4509,270.21,82.57,163,1218388,1420842
f0:91:27:6b:7a:0a,14757,-33,4510,270.17,82.57,76,1218464,1420918
f0:91:27:6b:7a:0a,14759,-29,4511,270.15,82.57,165,1218629,1421083
f0:91:27:6b:7a:0a,14760,-31,4512,270.10,82.57,84,1218713,1421167
f0:91:27:6b:7a:0a,14761,-27,4513,270.06,82.57,77,1218790,1421244
f0:91:27:6b:7a:0a,14763,-30,4514,270.04,82.57,155,1218945,1421399
f0:91:27:6b:7a:0a,14765,-33,4515,270.01,82.57,158,1219103,1421557
f0:91:27:6b:7a:0a,14767,-28,4516,269.99,82.57,158,1219261,1421715
f0:91:27:6b:7a:0a,14768,-29,4517,269.94,82.57,75,1219336,1421790
f0:91:27:6b:7a:0a,14770,-33,4518,269.92,82.57,162,1219498,1421952
f0:91:27:6b:7a:0a,14774,-29,4519,269.93,82.56,317,1219815,1422269
f0:91:27:6b:7a:0a,14775,-33,4520,269.89,82.56,79,1219894,1422348
f0:91:27:6b:7a:0a,14778,-29,4521,269.88,82.56,238,1220132,1422586
f0:91:27:6b:7a:0a,14782,-29,4522,269.89,82.56,320,1220452,1422906
f0:91:27:6b:7a:0a,14786,-27,4523,269.90,82.56,319,1220771,1423225
f0:91:27:6b:7a:0a,14794,-33,4524,269.98,82.56,620,1221391,1423845
f0:91:27:6b:7a:0a,14795,-33,4525,269.94,82.56,81,1221472,1423926
f0:91:27:6b:7a:0a,14799,-29,4526,269.95,82.56,311,1221783,1424237
f0:91:27:6b:7a:0a,14801,-28,4527,269.92,82.56,161,1221944,1424398
f0:91:27:6b:7a:0a,14802,-28,4528,269.88,82.56,79,1222023,1424477
f0:91:27:6b:7a:0a,14803,-33,4529,269.84,82.56,79,1222102,1424556
f0:91:27:6b:7a:0a,14807,-33,4530,269.85,82.56,334,1222436,1424890
f0:91:27:6b:7a:0a,14809,-33,4531,269.83,82.56,173,1222609,1425063
f0:91:27:6b:7a:0a,14812,-27,4532,269.83,82.56,248,1222857,1425311
f0:91:27:6b:7a:0a,14817,-27,4533,269.85,82.56,389,1223246,1425700
f0:91:27:6b:7a:0a,14828,-28,4534,269.99,82.55,877,1224123,1426577
f0:91:27:6b:7a:0a,14831,-25,4535,269.98,82.55,235,1224358,1426812
f0:91:27:6b:7a:0a,14832,-33,4536,269.94,82.55,76,1224434,1426888
f0:91:27:6b:7a:0a,14833,-31,4537,269.90,82.55,84,1224518,1426972
f0:91:27:6b:7a:0a,14834,-27,4538,269.85,82.55,77,1224595,1427049
f0:91:27:6b:7a:0a,14835,-27,4539,269.81,82.55,87,1224682,1427136
f0:91:27:6b:7a:0a,14836,-27,4540,269.77,82.55,84,1224766,1427220
f0:91:27:6b:7a:0a,14837,-29,4541,269.73,82.55,85,1224851,1427305
f0:91:27:6b:7a:0a,14842,-29,4542,269.76,82.55,387,1225238,1427692
f0:91:27:6b:7a:0a,14844,-29,4543,269.73,82.55,165,1225403,1427857
f0:91:27:6b:7a:0a,14845,-33,4544,269.69,82.55,82,1225485,1427939
f0:91:27:6b:7a:0a,14847,-29,4545,269.67,82.55,147,1225632,1428086
f0:91:27:6b:7a:0a,14848,-29,4546,269.62,82.55,83,1225715,1428169
f0:91:27:6b:7a:0a,14850,-27,4547,269.60,82.55,165,1225880,1428334
f0:91:27:6b:7a:0a,14858,-33,4548,269.68,82.55,623,1226503,1428957
f0:91:27:6b:7a:0a,14860,-29,4549,269.66,82.55,165,1226668,1429122
f0:91:27:6b:7a:0a,14861,-27,4550,269.62,82.55,86,1226754,1429208
f0:91:27:6b:7a:0a,14866,-29,4551,269.64,82.55,395,1227149,1429603
f0:91:27:6b:7a:0a,14867,-33,4552,269.60,82.55,79,1227228,1429682
f0:91:27:6b:7a:0a,14868,-27,4553,269.56,82.55,77,1227305,1429759
f0:91:27:6b:7a:0a,14870,-33,4554,269.54,82.55,164,1227469,1429923
f0:91:27:6b:7a:0a,14871,-33,4555,269.49,82.55,75,1227544,1429998
f0:91:27:6b:7a:0a,14872,-27,4556,269.45,82.55,77,1227621,1430075
f0:91:27:6b:7a:0a,14874,-30,4557,269.43,82.55,161,1227782,1430236
f0:91:27:6b:7a:0a,14875,-33,4558,269.39,82.55,75,1227857,1430311
f0:91:27:6b:7a:0a,14876,-29,4559,269.35,82.55,87,1227944,1430398
f0:91:27:6b:7a:0a,14877,-31,4560,269.30,82.54,77,1228021,1430475
f0:91:27:6b:7a:0a,14878,-28,4561,269.26,82.54,83,1228104,1430558
f0:91:27:6b:7a:0a,14879,-29,4562,269.22,82.54,76,1228180,1430634
f0:91:27:6b:7a:0a,14880,-33,4563,269.18,82.54,84,1228264,1430718
f0:91:27:6b:7a:0a,14881,-27,4564,269.14,82.54,85,1228349,1430803
f0:91:27:6b:7a:0a,14883,-33,4565,269.12,82.54,166,1228515,1430969
f0:91:27:6b:7a:0a,14884,-27,4566,269.07,82.54,77,1228592,1431046
f0:91:27:6b:7a:0a,14885,-29,4567,269.03,82.54,76,1228668,1431122
f0:91:27:6b:7a:0a,14886,-31,4568,268.99,82.54,85,1228753,1431207
f0:91:27:6b:7a:0a,14887,-29,4569,268.95,82.54,80,1228833,1431287
f0:91:27:6b:7a:0a,14888,-31,4570,268.91,82.54,83,1228916,1431370
f0:91:27:6b:7a:0a,14891,-27,4571,268.90,82.54,233,1229149,1431603
f0:91:27:6b:7a:0a,14893,-33,4572,268.88,82.54,154,1229303,1431757
f0:91:27:6b:7a:0a,14898,-33,4573,268.90,82.54,398,1229701,1432155
f0:91:27:6b:7a:0a,14900,-29,4574,268.88,82.54,166,1229867,1432321
f0:91:27:6b:7a:0a,14901,-29,4575,268.84,82.54,67,1229934,1432388
f0:91:27:6b:7a:0a,14911,-29,4576,268.95,82.54,793,1230727,1433181
f0:91:27:6b:7a:0a,14916,-25,4577,268.98,82.54,401,1231128,1433582
f0:91:27:6b:7a:0a,14921,-33,4578,269.01,82.54,405,1231533,1433987
f0:91:27:6b:7a:0a,14922,-25,4579,268.97,82.54,85,1231618,1434072
f0:91:27:6b:7a:0a,14924,-33,4580,268.95,82.54,157,1231775,1434229
f0:91:27:6b:7a:0a,14925,-28,4581,268.90,82.54,76,1231851,1434305
f0:91:27:6b:7a:0a,14930,-28,4582,268.93,82.53,392,1232243,1434697
f0:91:27:6b:7a:0a,14931,-33,4583,268.89,82.53,86,1232329,1434783
f0:91:27:6b:7a:0a,14932,-33,4584,268.85,82.53,81,1232410,1434864
f0:91:27:6b:7a:0a,14933,-28,4585,268.81,82.53,80,1232490,1434944
f0:91:27:6b:7a:0a,14934,-29,4586,268.77,82.53,75,1232565,1435019
f0:91:27:6b:7a:0a,14936,-28,4587,268.74,82.53,165,1232730,1435184
f0:91:27:6b:7a:0a,14951,-31,4588,268.95,82.53,1207,1233937,1436391
f0:91:27:6b:7a:0a,14954,-29,4589,268.94,82.53,232,1234169,1436623
f0:91:27:6b:7a:0a,14959,-31,4590,268.97,82.53,394,1234563,1437017
f0:91:27:6b:7a:0a,14960,-28,4591,268.93,82.53,76,1234639,1437093
f0:91:27:6b:7a:0a,14961,-29,4592,268.88,82.53,80,1234719,1437173
f0:91:27:6b:7a:0a,14964,-27,4593,268.88,82.53,260,1234979,1437433
f0:91:27:6b:7a:0a,14968,-31,4594,268.90,82.53,327,1235306,1437760
f0:91:27:6b:7a:0a,14969,-33,4595,268.85,82.53,78,1235384,1437838
f0:91:27:6b:7a:0a,14971,-29,4596,268.83,82.53,160,1235544,1437998
f0:91:27:6b:7a:0a,14972,-33,4597,268.79,82.53,79,1235623,1438077
f0:91:27:6b:7a:0a,14973,-28,4598,268.75,82.53,78,1235701,1438155
f0:91:27:6b:7a:0a,14974,-29,4599,268.71,82.53,74,1235775,1438229
f0:91:27:6b:7a:0a,14975,-25,4600,268.67,82.53,92,1235867,1438321
f0:91:27:6b:7a:0a,14976,-29,4601,268.62,82.53,73,1235940,1438394
f0:91:27:6b:7a:0a,14978,-28,4602,268.60,82.53,159,1236099,1438553
f0:91:27:6b:7a:0a,14984,-28,4603,268.64,82.53,473,1236572,1439026
f0:91:27:6b:7a:0a,14988,-33,4604,268.66,82.53,329,1236901,1439355
f0:91:27:6b:7a:0a,14992,-33,4605,268.67,82.52,313,1237214,1439668
f0:91:27:6b:7a:0a,14996,-33,4606,268.68,82.52,313,1237527,1439981
f0:91:27:6b:7a:0a,15002,-29,4607,268.72,82.52,480,1238007,1440461
f0:91:27:6b:7a:0a,15004,-29,4608,268.70,82.52,162,1238169,1440623
f0:91:27:6b:7a:0a,15007,-25,4609,268.70,82.52,261,1238430,1440884
f0:91:27:6b:7a:0a,15018,-28,4610,268.83,82.52,893,1239323,1441777
f0:91:27:6b:7a:0a,15021,-28,4611,268.83,82.52,239,1239562,1442016
f0:91:27:6b:7a:0a,15022,-27,4612,268.79,82.52,80,1239642,1442096
f0:91:27:6b:7a:0a,15027,-33,4613,268.81,82.52,387,1240029,1442483
f0:91:27:6b:7a:0a,15028,-29,4614,268.77,82.52,84,1240113,1442567
f0:91:27:6b:7a:0a,15036,-33,4615,268.85,82.52,640,1240753,1443207
f0:91:27:6b:7a:0a,15037,-29,4616,268.81,82.52,86,1240839,1443293
f0:91:27:6b:7a:0a,15039,-33,4617,268.79,82.52,156,1240995,1443449
f0:91:27:6b:7a:0a,15042,-25,4618,268.78,82.52,248,1241243,1443697
f0:91:27:6b:7a:0a,15047,-33,4619,268.81,82.52,403,1241646,1444100
f0:91:27:6b:7a:0a,15048,-27,4620,268.77,82.52,85,1241731,1444185
f0:91:27:6b:7a:0a,15049,-29,4621,268.73,82.52,84,1241815,1444269
f0:91:27:6b:7a:0a,15050,-33,4622,268.69,82.52,76,1241891,1444345
f0:91:27:6b:7a:0a,15051,-27,4623,268.65,82.52,90,1241981,1444435
f0:91:27:6b:7a:0a,15053,-33,4624,268.63,82.52,147,1242128,1444582
f0:91:27:6b:7a:0a,15054,-28,4625,268.59,82.52,88,1242216,1444670
f0:91:27:6b:7a:0a,15055,-27,4626,268.54,82.52,72,1242288,1444742
f0:91:27:6b:7a:0a,15058,-29,4627,268.54,82.52,247,1242535,1444989
f0:91:27:6b:7a:0a,15059,-33,4628,268.50,82.52,82,1242617,1445071
f0:91:27:6b:7a:0a,15066,-33,4629,268.56,82.52,562,1243179,1445633
f0:91:27:6b:7a:0a,15067,-27,4630,268.52,82.52,77,1243256,1445710
f0:91:27:6b:7a:0a,15068,-27,4631,268.48,82.51,75,1243331,1445785
f0:91:27:6b:7a:0a,15085,-33,4632,268.72,82.51,1358,1244689,1447143
f0:91:27:6b:7a:0a,15098,-27,4633,268.88,82.51,1047,1245736,1448190
f0:91:27:6b:7a:0a,15101,-33,4634,268.88,82.51,233,1245969,1448423
f0:91:27:6b:7a:0a,15111,-28,4635,268.99,82.51,800,1246769,1449223
f0:91:27:6b:7a:0a,15112,-29,4636,268.95,82.51,80,1246849,1449303
f0:91:27:6b:7a:0a,15122,-33,4637,269.06,82.51,801,1247650,1450104
f0:91:27:6b:7a:0a,15129,-29,4638,269.13,82.50,557,1248207,1450661
f0:91:27:6b:7a:0a,15133,-29,4639,269.14,82.50,313,1248520,1450974
f0:91:27:6b:7a:0a,15140,-29,4640,269.19,82.50,544,1249064,1451518
f0:91:27:6b:7a:0a,15145,-29,4641,269.22,82.50,390,1249454,1451908
f0:91:27:6b:7a:0a,15153,-33,4642,269.30,82.50,627,1250081,1452535
f0:91:27:6b:7a:0a,15154,-28,4643,269.26,82.50,87,1250168,1452622
f0:91:27:6b:7a:0a,15156,-27,4644,269.24,82.50,169,1250337,1452791
f0:91:27:6b:7a:0a,15159,-27,4645,269.23,82.50,237,1250574,1453028
f0:91:27:6b:7a:0a,15160,-27,4646,269.19,82.50,79,1250653,1453107
f0:91:27:6b:7a:0a,15163,-27,4647,269.19,82.50,267,1250920,1453374
f0:91:27:6b:7a:0a,15169,-33,4648,269.24,82.50,513,1251433,1453887
f0:91:27:6b:7a:0a,15171,-27,4649,269.22,82.50,183,1251616,1454070
f0:91:27:6b:7a:0a,15180,-29,4650,269.34,82.51,819,1252435,1454889
f0:91:27:6b:7a:0a,15182,-25,4651,269.32,82.51,188,1252623,1455077
f0:91:27:6b:7a:0a,15183,-33,4652,269.29,82.51,97,1252720,1455174
f0:91:27:6b:7a:0a,15185,-27,4653,269.27,82.51,179,1252899,1455353
f0:91:27:6b:7a:0a,15188,-25,4654,269.27,82.51,278,1253177,1455631
f0:91:27:6b:7a:0a,15189,-33,4655,269.23,82.51,93,1253270,1455724
f0:91:27:6b:7a:0a,15190,-32,4656,269.19,82.51,97,1253367,1455821
f0:91:27:6b:7a:0a,15191,-29,4657,269.16,82.51,91,1253458,1455912
f0:91:27:6b:7a:0a,15192,-28,4658,269.12,82.51,86,1253544,1455998
f0:91:27:6b:7a:0a,15193,-34,4659,269.08,82.51,90,1253634,1456088
f0:91:27:6b:7a:0a,15194,-29,4660,269.04,82.51,95,1253729,1456183
f0:91:27:6b:7a:0a,15195,-27,4661,269.00,82.51,84,1253813,1456267
f0:91:27:6b:7a:0a,15197,-27,4662,268.98,82.52,183,1253996,1456450
f0:91:27:6b:7a:0a,15204,-27,4663,269.07,82.52,657,1254653,1457107
f0:91:27:6b:7a:0a,15205,-33,4664,269.03,82.52,95,1254748,1457202
f0:91:27:6b:7a:0a,15207,-28,4665,269.01,82.52,186,1254934,1457388
f0:91:27:6b:7a:0a,15208,-34,4666,268.97,82.52,91,1255025,1457479
f0:91:27:6b:7a:0a,15209,-29,4667,268.93,82.52,94,1255119,1457573
f0:91:27:6b:7a:0a,15211,-29,4668,268.92,82.53,179,1255298,1457752
f0:91:27:6b:7a:0a,15212,-27,4669,268.88,82.53,93,1255391,1457845
f0:91:27:6b:7a:0a,15215,-29,4670,268.88,82.53,289,1255680,1458134
f0:91:27:6b:7a:0a,15217,-29,4671,268.86,82.53,182,1255862,1458316
f0:91:27:6b:7a:0a,15218,-27,4672,268.83,82.53,92,1255954,1458408
f0:91:27:6b:7a:0a,15219,-27,4673,268.79,82.53,102,1256056,1458510
f0:91:27:6b:7a:0a,15222,-30,4674,268.79,82.53,284,1256340,1458794
f0:91:27:6b:7a:0a,15224,-31,4675,268.78,82.54,186,1256526,1458980
f0:91:27:6b:7a:0a,15225,-29,4676,268.74,82.54,90,1256616,1459070
f0:91:27:6b:7a:0a,15226,-27,4677,268.70,82.54,93,1256709,1459163
f0:91:27:6b:7a:0a,15227,-33,4678,268.66,82.54,98,1256807,1459261
f0:91:27:6b:7a:0a,15228,-31,4679,268.63,82.54,98,1256905,1459359
f0:91:27:6b:7a:0a,15229,-26,4680,268.59,82.54,90,1256995,1459449
f0:91:27:6b:7a:0a,15230,-27,4681,268.55,82.54,96,1257091,1459545
f0:91:27:6b:7a:0a,15231,-33,4682,268.51,82.54,96,1257187,1459641
f0:91:27:6b:7a:0a,15232,-29,4683,268.48,82.54,94,1257281,1459735
f0:91:27:6b:7a:0a,15235,-29,4684,268.48,82.54,284,1257565,1460019
f0:91:27:6b:7a:0a,15236,-27,4685,268.44,82.55,93,1257658,1460112
f0:91:27:6b:7a:0a,15237,-27,4686,268.41,82.55,98,1257756,1460210
f0:91:27:6b:7a:0a,15238,-31,4687,268.37,82.55,92,1257848,1460302
f0:91:27:6b:7a:0a,15239,-31,4688,268.33,82.55,96,1257944,1460398
f0:91:27:6b:7a:0a,15242,-27,4689,268.34,82.55,285,1258229,1460683
f0:91:27:6b:7a:0a,15243,-33,4690,268.30,82.55,104,1258333,1460787
f0:91:27:6b:7a:0a,15249,-33,4691,268.36,82.56,554,1258887,1461341
f0:91:27:6b:7a:0a,15256,-29,4692,268.44,82.56,654,1259541,1461995
f0:91:27:6b:7a:0a,15258,-25,4693,268.43,82.56,189,1259730,1462184
f0:91:27:6b:7a:0a,15261,-33,4694,268.43,82.56,279,1260009,1462463
f0:91:27:6b:7a:0a,15262,-29,4695,268.39,82.56,84,1260093,1462547
f0:91:27:6b:7a:0a,15263,-29,4696,268.35,82.56,81,1260174,1462628
f0:91:27:6b:7a:0a,15265,-27,4697,268.33,82.57,191,1260365,1462819
f0:91:27:6b:7a:0a,15266,-29,4698,268.30,82.57,85,1260450,1462904
f0:91:27:6b:7a:0a,15267,-33,4699,268.26,82.57,95,1260545,1462999
f0:91:27:6b:7a:0a,15268,-26,4700,268.22,82.57,89,1260634,1463088
f0:91:27:6b:7a:0a,15270,-29,4701,268.20,82.57,185,1260819,1463273
f0:91:27:6b:7a:0a,15279,-29,4702,268.32,82.57,818,1261637,1464091
f0:91:27:6b:7a:0a,15282,-26,4703,268.32,82.57,262,1261899,1464353
f0:91:27:6b:7a:0a,15284,-29,4704,268.30,82.58,189,1262088,1464542
f0:91:27:6b:7a:0a,15287,-29,4705,268.30,82.58,284,1262372,1464826
f0:91:27:6b:7a:0a,15291,-29,4706,268.32,82.58,351,1262723,1465177
f0:91:27:6b:7a:0a,15293,-27,4707,268.31,82.58,194,1262917,1465371
f0:91:27:6b:7a:0a,15300,-26,4708,268.38,82.58,631,1263548,1466002
f0:91:27:6b:7a:0a,15302,-29,4709,268.36,82.59,173,1263721,1466175
f0:91:27:6b:7a:0a,15306,-27,4710,268.38,82.59,334,1264055,1466509
f0:91:27:6b:7a:0a,15313,-33,4711,268.45,82.59,599,1264654,1467108
f0:91:27:6b:7a:0a,15320,-25,4712,268.51,82.59,588,1265242,1467696
f0:91:27:6b:7a:0a,15321,-27,4713,268.47,82.59,76,1265318,1467772
f0:91:27:6b:7a:0a,15322,-33,4714,268.44,82.59,88,1265406,1467860
f0:91:27:6b:7a:0a,15323,-25,4715,268.40,82.59,84,1265490,1467944
f0:91:27:6b:7a:0a,15325,-33,4716,268.38,82.59,169,1265659,1468113
f0:91:27:6b:7a:0a,15326,-27,4717,268.33,82.59,77,1265736,1468190
f0:91:27:6b:7a:0a,15330,-25,4718,268.35,82.59,354,1266090,1468544
f0:91:27:6b:7a:0a,15333,-29,4719,268.35,82.59,247,1266337,1468791
f0:91:27:6b:7a:0a,15334,-25,4720,268.31,82.59,85,1266422,1468876
f0:91:27:6b:7a:0a,15337,-33,4721,268.31,82.59,264,1266686,1469140
f0:91:27:6b:7a:0a,15340,-27,4722,268.31,82.59,256,1266942,1469396
f0:91:27:6b:7a:0a,15343,-31,4723,268.30,82.59,256,1267198,1469652
f0:91:27:6b:7a:0a,15344,-27,4724,268.27,82.59,87,1267285,1469739
f0:91:27:6b:7a:0a,15346,-27,4725,268.25,82.59,176,1267461,1469915
f0:91:27:6b:7a:0a,15357,-29,4726,268.38,82.59,918,1268379,1470833
f0:91:27:6b:7a:0a,15358,-33,4727,268.34,82.59,86,1268465,1470919
f0:91:27:6b:7a:0a,15360,-33,4728,268.32,82.59,162,1268627,1471081
f0:91:27:6b:7a:0a,15361,-27,4729,268.28,82.59,83,1268710,1471164
f0:91:27:6b:7a:0a,15362,-27,4730,268.24,82.59,83,1268793,1471247
f0:91:27:6b:7a:0a,15363,-27,4731,268.21,82.59,89,1268882,1471336
f0:91:27:6b:7a:0a,15364,-29,4732,268.17,82.59,82,1268964,1471418
f0:91:27:6b:7a:0a,15365,-25,4733,268.13,82.59,90,1269054,1471508
f0:91:27:6b:7a:0a,15366,-29,4734,268.09,82.59,83,1269137,1471591
f0:91:27:6b:7a:0a,15367,-33,4735,268.05,82.59,82,1269219,1471673
f0:91:27:6b:7a:0a,15368,-29,4736,268.01,82.59,90,1269309,1471763
f0:91:27:6b:7a:0a,15370,-29,4737,267.99,82.59,164,1269473,1471927
f0:91:27:6b:7a:0a,15373,-29,4738,267.99,82.59,247,1269720,1472174
f0:91:27:6b:7a:0a,15384,-33,4739,268.12,82.59,882,1270602,1473056
f0:91:27:6b:7a:0a,15386,-29,4740,268.09,82.59,168,1270770,1473224
f0:91:27:6b:7a:0a,15392,-31,4741,268.14,82.59,462,1271232,1473686
f0:91:27:6b:7a:0a,15402,-27,4742,268.25,82.59,795,1272027,1474481
f0:91:27:6b:7a:0a,15405,-27,4743,268.24,82.59,246,1272273,1474727
f0:91:27:6b:7a:0a,15406,-29,4744,268.20,82.59,76,1272349,1474803
f0:91:27:6b:7a:0a,15407,-33,4745,268.16,82.59,74,1272423,1474877
f0:91:27:6b:7a:0a,15408,-27,4746,268.12,82.59,76,1272499,1474953
f0:91:27:6b:7a:0a,15409,-27,4747,268.08,82.59,80,1272579,1475033
f0:91:27:6b:7a:0a,15411,-29,4748,268.06,82.59,156,1272735,1475189
f0:91:27:6b:7a:0a,15424,-33,4749,268.21,82.58,1013,1273748,1476202
f0:91:27:6b:7a:0a,15432,-27,4750,268.30,82.58,665,1274413,1476867
f0:91:27:6b:7a:0a,15436,-29,4751,268.31,82.58,323,1274736,1477190
f0:91:27:6b:7a:0a,15437,-29,4752,268.27,82.58,70,1274806,1477260
f0:91:27:6b:7a:0a,15456,-33,4753,268.53,82.58,1527,1276333,1478787
f0:91:27:6b:7a:0a,15458,-33,4754,268.51,82.58,164,1276497,1478951
f0:91:27:6b:7a:0a,15464,-29,4755,268.55,82.58,476,1276973,1479427
f0:91:27:6b:7a:0a,15468,-29,4756,268.56,82.58,312,1277285,1479739
f0:91:27:6b:7a:0a,15469,-33,4757,268.52,82.58,77,1277362,1479816
f0:91:27:6b:7a:0a,15473,-31,4758,268.53,82.58,327,1277689,1480143
f0:91:27:6b:7a:0a,15482,-29,4759,268.63,82.57,731,1278420,1480874
f0:91:27:6b:7a:0a,15485,-29,4760,268.62,82.57,232,1278652,1481106
f0:91:27:6b:7a:0a,15486,-33,4761,268.58,82.57,80,1278732,1481186
f0:91:27:6b:7a:0a,15487,-27,4762,268.55,82.57,83,1278815,1481269
f0:91:27:6b:7a:0a,15488,-29,4763,268.51,82.57,81,1278896,1481350
f0:91:27:6b:7a:0a,15489,-33,4764,268.47,82.57,79,1278975,1481429
f0:91:27:6b:7a:0a,15490,-29,4765,268.43,82.57,83,1279058,1481512
f0:91:27:6b:7a:0a,15496,-27,4766,268.47,82.57,468,1279526,1481980
f0:91:27:6b:7a:0a,15506,-27,4767,268.58,82.57,783,1280309,1482763
f0:91:27:6b:7a:0a,15507,-33,4768,268.54,82.57,82,1280391,1482845
f0:91:27:6b:7a:0a,15508,-33,4769,268.50,82.57,75,1280466,1482920
f0:91:27:6b:7a:0a,15520,-25,4770,268.64,82.57,952,1281418,1483872
f0:91:27:6b:7a:0a,15529,-33,4771,268.73,82.56,706,1282124,1484578
f0:91:27:6b:7a:0a,15530,-27,4772,268.69,82.56,74,1282198,1484652
f0:91:27:6b:7a:0a,15534,-27,4773,268.70,82.56,320,1282518,1484972
f0:91:27:6b:7a:0a,15535,-26,4774,268.66,82.56,75,1282593,1485047
f0:91:27:6b:7a:0a,15536,-33,4775,268.62,82.56,75,1282668,1485122
f0:91:27:6b:7a:0a,15537,-27,4776,268.58,82.56,83,1282751,1485205
f0:91:27:6b:7a:0a,15539,-31,4777,268.56,82.56,159,1282910,1485364
f0:91:27:6b:7a:0a,15542,-33,4778,268.55,82.56,235,1283145,1485599
f0:91:27:6b:7a:0a,15543,-27,4779,268.51,82.56,77,1283222,1485676
f0:91:27:6b:7a:0a,15544,-29,4780,268.47,82.56,78,1283300,1485754
f0:91:27:6b:7a:0a,15551,-27,4781,268.54,82.56,581,1283881,1486335
f0:91:27:6b:7a:0a,15553,-31,4782,268.52,82.56,167,1284048,1486502
f0:91:27:6b:7a:0a,15554,-25,4783,268.48,82.56,75,1284123,1486577
f0:91:27:6b:7a:0a,15555,-29,4784,268.44,82.56,78,1284201,1486655
f0:91:27:6b:7a:0a,15556,-33,4785,268.40,82.56,80,1284281,1486735
f0:91:27:6b:7a:0a,15557,-27,4786,268.36,82.56,76,1284357,1486811
f0:91:27:6b:7a:0a,15558,-29,4787,268.32,82.56,81,1284438,1486892
f0:91:27:6b:7a:0a,15565,-27,4788,268.38,82.56,567,1285005,1487459
f0:91:27:6b:7a:0a,15567,-33,4789,268.36,82.56,159,1285164,1487618
f0:91:27:6b:7a:0a,15568,-25,4790,268.32,82.56,75,1285239,1487693
f0:91:27:6b:7a:0a,15569,-29,4791,268.28,82.56,76,1285315,1487769
f0:91:27:6b:7a:0a,15573,-33,4792,268.29,82.56,326,1285641,1488095
f0:91:27:6b:7a:0a,15574,-27,4793,268.25,82.56,80,1285721,1488175
f0:91:27:6b:7a:0a,15575,-29,4794,268.21,82.56,86,1285807,1488261
f0:91:27:6b:7a:0a,15576,-27,4795,268.17,82.56,84,1285891,1488345
f0:91:27:6b:7a:0a,15577,-29,4796,268.13,82.56,77,1285968,1488422
f0:91:27:6b:7a:0a,15579,-25,4797,268.11,82.56,169,1286137,1488591
f0:91:27:6b:7a:0a,15581,-33,4798,268.09,82.56,155,1286292,1488746
f0:91:27:6b:7a:0a,15582,-27,4799,268.05,82.56,80,1286372,1488826
f0:91:27:6b:7a:0a,15587,-29,4800,268.08,82.55,406,1286778,1489232
f0:91:27:6b:7a:0a,15588,-25,4801,268.04,82.55,88,1286866,1489320
f0:91:27:6b:7a:0a,15589,-29,4802,268.00,82.55,77,1286943,1489397
f0:91:27:6b:7a:0a,15590,-33,4803,267.96,82.55,81,1287024,1489478
f0:91:27:6b:7a:0a,15594,-27,4804,267.97,82.55,319,1287343,1489797
f0:91:27:6b:7a:0a,15596,-33,4805,267.95,82.55,151,1287494,1489948
f0:91:27:6b:7a:0a,15597,-27,4806,267.91,82.55,86,1287580,1490034
f0:91:27:6b:7a:0a,15600,-27,4807,267.91,82.55,243,1287823,1490277
f0:91:27:6b:7a:0a,15601,-25,4808,267.86,82.55,71,1287894,1490348
f0:91:27:6b:7a:0a,15602,-33,4809,267.83,82.55,97,1287991,1490445
f0:91:27:6b:7a:0a,15626,-33,4810,268.18,82.55,1942,1289933,1492387
f0:91:27:6b:7a:0a,15628,-29,4811,268.15,82.55,152,1290085,1492539
f0:91:27:6b:7a:0a,15629,-33,4812,268.11,82.55,77,1290162,1492616
f0:91:27:6b:7a:0a,15634,-28,4813,268.14,82.55,398,1290560,1493014
f0:91:27:6b:7a:0a,15644,-28,4814,268.25,82.55,801,1291361,1493815
f0:91:27:6b:7a:0a,15655,-33,4815,268.38,82.55,885,1292246,1494700
f0:91:27:6b:7a:0a,15656,-34,4816,268.34,82.54,74,1292320,1494774
f0:91:27:6b:7a:0a,15663,-31,4817,268.40,82.54,559,1292879,1495333
f0:91:27:6b:7a:0a,15664,-34,4818,268.36,82.54,74,1292953,1495407
f0:91:27:6b:7a:0a,15671,-30,4819,268.42,82.54,574,1293527,1495981
f0:91:27:6b:7a:0a,15672,-33,4820,268.38,82.54,84,1293611,1496065
f0:91:27:6b:7a:0a,15673,-28,4821,268.34,82.54,79,1293690,1496144
f0:91:27:6b:7a:0a,15691,-34,4822,268.59,82.54,1437,1295127,1497581
f0:91:27:6b:7a:0a,15693,-30,4823,268.56,82.54,158,1295285,1497739
f0:91:27:6b:7a:0a,15710,-34,4824,268.79,82.54,1364,1296649,1499103
f0:91:27:6b:7a:0a,15732,-28,4825,269.10,82.53,1754,1298403,1500857
f0:91:27:6b:7a:0a,15733,-30,4826,269.06,82.53,75,1298478,1500932
f0:91:27:6b:7a:0a,15743,-31,4827,269.17,82.53,824,1299302,1501756
f0:91:27:6b:7a:0a,15746,-30,4828,269.17,82.53,244,1299546,1502000
f0:91:27:6b:7a:0a,15747,-26,4829,269.13,82.53,80,1299626,1502080
f0:91:27:6b:7a:0a,15755,-32,4830,269.21,82.53,651,1300277,1502731
f0:91:27:6b:7a:0a,15756,-30,4831,269.17,82.53,91,1300368,1502822
f0:91:27:6b:7a:0a,15758,-34,4832,269.15,82.53,161,1300529,1502983
f0:91:27:6b:7a:0a,15759,-30,4833,269.11,82.53,88,1300617,1503071
f0:91:27:6b:7a:0a,15760,-33,4834,269.07,82.53,80,1300697,1503151
f0:91:27:6b:7a:0a,15761,-31,4835,269.04,82.53,88,1300785,1503239
f0:91:27:6b:7a:0a,15764,-30,4836,269.03,82.53,236,1301021,1503475
f0:91:27:6b:7a:0a,15765,-26,4837,268.99,82.53,95,1301116,1503570
f0:91:27:6b:7a:0a,15766,-30,4838,268.95,82.53,77,1301193,1503647
f0:91:27:6b:7a:0a,15770,-28,4839,268.96,82.53,307,1301500,1503954
f0:91:27:6b:7a:0a,15771,-29,4840,268.92,82.53,85,1301585,1504039
f0:91:27:6b:7a:0a,15774,-25,4841,268.92,82.53,233,1301818,1504272
f0:91:27:6b:7a:0a,15787,-32,4842,269.08,82.53,1061,1302879,1505333
f0:91:27:6b:7a:0a,15809,-27,4843,269.38,82.52,1726,1304605,1507059
f0:91:27:6b:7a:0a,15812,-33,4844,269.38,82.52,249,1304854,1507308
f0:91:27:6b:7a:0a,15828,-31,4845,269.58,82.52,1283,1306137,1508591
f0:91:27:6b:7a:0a,15830,-26,4846,269.56,82.52,163,1306300,1508754
f0:91:27:6b:7a:0a,15837,-33,4847,269.63,82.52,608,1306908,1509362
f0:91:27:6b:7a:0a,15849,-29,4848,269.77,82.52,961,1307869,1510323
f0:91:27:6b:7a:0a,15851,-31,4849,269.75,82.52,150,1308019,1510473
f0:91:27:6b:7a:0a,15852,-33,4850,269.71,82.52,76,1308095,1510549
f0:91:27:6b:7a:0a,15853,-27,4851,269.67,82.52,77,1308172,1510626
f0:91:27:6b:7a:0a,15854,-26,4852,269.63,82.52,88,1308260,1510714
f0:91:27:6b:7a:0a,15855,-33,4853,269.59,82.52,76,1308336,1510790
f0:91:27:6b:7a:0a,15856,-27,4854,269.55,82.52,80,1308416,1510870
f0:91:27:6b:7a:0a,15858,-33,4855,269.53,82.52,169,1308585,1511039
f0:91:27:6b:7a:0a,15859,-27,4856,269.49,82.52,72,1308657,1511111
f0:91:27:6b:7a:0a,15860,-29,4857,269.45,82.52,85,1308742,1511196
f0:91:27:6b:7a:0a,15872,-31,4858,269.60,82.52,952,1309694,1512148
f0:91:27:6b:7a:0a,15880,-29,4859,269.67,82.51,631,1310325,1512779
f0:91:27:6b:7a:0a,15923,-29,4860,270.40,82.53,3809,1314134,1516588
f0:91:27:6b:7a:0a,15924,-31,4861,270.36,82.53,90,1314224,1516678
f0:91:27:6b:7a:0a,15934,-33,4862,270.50,82.54,942,1315166,1517620
f0:91:27:6b:7a:0a,15935,-29,4863,270.46,82.54,97,1315263,1517717
f0:91:27:6b:7a:0a,15938,-29,4864,270.46,82.54,270,1315533,1517987
f0:91:27:6b:7a:0a,15949,-31,4865,270.62,82.55,1018,1316551,1519005
f0:91:27:6b:7a:0a,15955,-29,4866,270.68,82.55,566,1317117,1519571
f0:91:27:6b:7a:0a,15956,-33,4867,270.64,82.55,87,1317204,1519658
f0:91:27:6b:7a:0a,15965,-28,4868,270.76,82.56,842,1318046,1520500
f0:91:27:6b:7a:0a,15966,-33,4869,270.72,82.56,95,1318141,1520595
f0:91:27:6b:7a:0a,15967,-29,4870,270.69,82.56,96,1318237,1520691
f0:91:27:6b:7a:0a,15971,-27,4871,270.71,82.56,379,1318616,1521070
f0:91:27:6b:7a:0a,15973,-33,4872,270.69,82.57,195,1318811,1521265
f0:91:27:6b:7a:0a,15974,-29,4873,270.66,82.57,92,1318903,1521357
f0:91:27:6b:7a:0a,15976,-33,4874,270.64,82.57,184,1319087,1521541
f0:91:27:6b:7a:0a,15982,-27,4875,270.70,82.57,555,1319642,1522096
f0:91:27:6b:7a:0a,15985,-33,4876,270.70,82.57,270,1319912,1522366
f0:91:27:6b:7a:0a,15986,-29,4877,270.66,82.57,92,1320004,1522458
f0:91:27:6b:7a:0a,15987,-27,4878,270.62,82.57,91,1320095,1522549
f0:91:27:6b:7a:0a,15989,-27,4879,270.60,82.57,177,1320272,1522726
f0:91:27:6b:7a:0a,15990,-33,4880,270.57,82.57,95,1320367,1522821
f0:91:27:6b:7a:0a,15992,-29,4881,270.55,82.58,191,1320558,1523012
f0:91:27:6b:7a:0a,15994,-31,4882,270.53,82.58,181,1320739,1523193
f0:91:27:6b:7a:0a,15998,-33,4883,270.55,82.58,364,1321103,1523557
f0:91:27:6b:7a:0a,16002,-29,4884,270.57,82.58,377,1321480,1523934
f0:91:27:6b:7a:0a,16004,-26,4885,270.55,82.58,171,1321651,1524105
f0:91:27:6b:7a:0a,16005,-27,4886,270.52,82.58,96,1321747,1524201
f0:91:27:6b:7a:0a,16006,-29,4887,270.48,82.58,88,1321835,1524289
f0:91:27:6b:7a:0a,16007,-28,4888,270.44,82.58,85,1321920,1524374
f0:91:27:6b:7a:0a,16009,-29,4889,270.42,82.58,180,1322100,1524554
f0:91:27:6b:7a:0a,16011,-33,4890,270.41,82.59,188,1322288,1524742
f0:91:27:6b:7a:0a,16014,-33,4891,270.41,82.59,276,1322564,1525018
f0:91:27:6b:7a:0a,16015,-33,4892,270.37,82.59,98,1322662,1525116
f0:91:27:6b:7a:0a,16016,-29,4893,270.34,82.59,91,1322753,1525207
f0:91:27:6b:7a:0a,16022,-27,4894,270.39,82.59,554,1323307,1525761
f0:91:27:6b:7a:0a,16023,-33,4895,270.36,82.59,88,1323395,1525849
f0:91:27:6b:7a:0a,16026,-26,4896,270.35,82.59,254,1323649,1526103
f0:91:27:6b:7a:0a,16027,-33,4897,270.32,82.59,99,1323748,1526202
f0:91:27:6b:7a:0a,16028,-29,4898,270.28,82.60,88,1323836,1526290
f0:91:27:6b:7a:0a,16030,-26,4899,270.26,82.60,171,1324007,1526461
f0:91:27:6b:7a:0a,16031,-27,4900,270.22,82.60,90,1324097,1526551
f0:91:27:6b:7a:0a,16036,-33,4901,270.26,82.60,441,1324538,1526992
f0:91:27:6b:7a:0a,16037,-26,4902,270.22,82.60,88,1324626,1527080
f0:91:27:6b:7a:0a,16041,-29,4903,270.24,82.60,344,1324970,1527424
f0:91:27:6b:7a:0a,16047,-27,4904,270.28,82.60,503,1325473,1527927
f0:91:27:6b:7a:0a,16050,-29,4905,270.28,82.60,253,1325726,1528180
f0:91:27:6b:7a:0a,16068,-26,4906,270.54,82.60,1542,1327268,1529722
f0:91:27:6b:7a:0a,16069,-33,4907,270.50,82.60,79,1327347,1529801
f0:91:27:6b:7a:0a,16070,-29,4908,270.46,82.60,84,1327431,1529885
f0:91:27:6b:7a:0a,16072,-29,4909,270.44,82.60,176,1327607,1530061
f0:91:27:6b:7a:0a,16076,-29,4910,270.46,82.60,340,1327947,1530401
f0:91:27:6b:7a:0a,16088,-33,4911,270.60,82.60,971,1328918,1531372
f0:91:27:6b:7a:0a,16091,-27,4912,270.60,82.60,250,1329168,1531622
f0:91:27:6b:7a:0a,16093,-33,4913,270.58,82.60,172,1329340,1531794
f0:91:27:6b:7a:0a,16094,-27,4914,270.54,82.60,74,1329414,1531868
f0:91:27:6b:7a:0a,16096,-27,4915,270.52,82.60,171,1329585,1532039
f0:91:27:6b:7a:0a,16098,-29,4916,270.49,82.60,158,1329743,1532197
f0:91:27:6b:7a:0a,16102,-33,4917,270.50,82.60,324,1330067,1532521
f0:91:27:6b:7a:0a,16109,-29,4918,270.57,82.60,573,1330640,1533094
f0:91:27:6b:7a:0a,16110,-33,4919,270.53,82.60,77,1330717,1533171
f0:91:27:6b:7a:0a,16111,-27,4920,270.49,82.60,81,1330798,1533252
f0:91:27:6b:7a:0a,16112,-29,4921,270.45,82.60,84,1330882,1533336
f0:91:27:6b:7a:0a,16113,-33,4922,270.41,82.60,78,1330960,1533414
f0:91:27:6b:7a:0a,16116,-29,4923,270.40,82.60,230,1331190,1533644
f0:91:27:6b:7a:0a,16117,-29,4924,270.36,82.60,83,1331273,1533727
f0:91:27:6b:7a:0a,16119,-29,4925,270.34,82.60,163,1331436,1533890
f0:91:27:6b:7a:0a,16122,-27,4926,270.33,82.60,234,1331670,1534124
f0:91:27:6b:7a:0a,16123,-29,4927,270.30,82.60,86,1331756,1534210
f0:91:27:6b:7a:0a,16125,-33,4928,270.27,82.60,157,1331913,1534367
f0:91:27:6b:7a:0a,16131,-26,4929,270.32,82.60,475,1332388,1534842
f0:91:27:6b:7a:0a,16137,-31,4930,270.36,82.60,471,1332859,1535313
f0:91:27:6b:7a:0a,16154,-33,4931,270.58,82.59,1351,1334210,1536664
f0:91:27:6b:7a:0a,16155,-33,4932,270.54,82.59,72,1334282,1536736
f0:91:27:6b:7a:0a,16156,-27,4933,270.50,82.59,79,1334361,1536815
f0:91:27:6b:7a:0a,16234,-31,4934,271.71,82.58,6251,1340612,1543066
f0:91:27:6b:7a:0a,16243,-25,4935,271.80,82.58,716,1341328,1543782
f0:91:27:6b:7a:0a,16352,-33,4936,273.51,82.56,8739,1350067,1552521
f0:91:27:6b:7a:0a,16353,-28,4937,273.48,82.56,87,1350154,1552608
f0:91:27:6b:7a:0a,16371,-33,4938,273.71,82.56,1442,1351596,1554050
f0:91:27:6b:7a:0a,16373,-29,4939,273.69,82.56,165,1351761,1554215
f0:91:27:6b:7a:0a,16374,-31,4940,273.65,82.56,75,1351836,1554290
f0:91:27:6b:7a:0a,16376,-30,4941,273.63,82.56,157,1351993,1554447
f0:91:27:6b:7a:0a,16388,-28,4942,273.76,82.56,953,1352946,1555400
f0:91:27:6b:7a:0a,16392,-25,4943,273.77,82.56,311,1353257,1555711
f0:91:27:6b:7a:0a,16419,-28,4944,274.16,82.55,2181,1355438,1557892
f0:91:27:6b:7a:0a,16420,-25,4945,274.12,82.55,75,1355513,1557967
f0:91:27:6b:7a:0a,16440,-29,4946,274.39,82.55,1635,1357148,1559602
f0:91:27:6b:7a:0a,16447,-30,4947,274.45,82.55,550,1357698,1560152
f0:91:27:6b:7a:0a,16448,-27,4948,274.41,82.55,73,1357771,1560225
f0:91:27:6b:7a:0a,16450,-37,4949,274.39,82.55,167,1357938,1560392
f0:91:27:6b:7a:0a,16452,-28,4950,274.36,82.55,155,1358093,1560547
f0:91:27:6b:7a:0a,16453,-33,4951,274.33,82.55,91,1358184,1560638
f0:91:27:6b:7a:0a,16454,-25,4952,274.29,82.55,76,1358260,1560714
f0:91:27:6b:7a:0a,16455,-29,4953,274.25,82.55,81,1358341,1560795
f0:91:27:6b:7a:0a,16461,-28,4954,274.28,82.55,466,1358807,1561261
f0:91:27:6b:7a:0a,16469,-25,4955,274.36,82.55,643,1359450,1561904
f0:91:27:6b:7a:0a,16473,-27,4956,274.37,82.55,315,1359765,1562219
f0:91:27:6b:7a:0a,16475,-28,4957,274.34,82.54,157,1359922,1562376
f0:91:27:6b:7a:0a,16476,-33,4958,274.31,82.55,90,1360012,1562466
f0:91:27:6b:7a:0a,16477,-28,4959,274.27,82.54,76,1360088,1562542
f0:91:27:6b:7a:0a,16500,-31,4960,274.58,82.54,1849,1361937,1564391
f0:91:27:6b:7a:0a,16502,-28,4961,274.56,82.54,162,1362099,1564553
f0:91:27:6b:7a:0a,16508,-33,4962,274.60,82.54,479,1362578,1565032
f0:91:27:6b:7a:0a,16510,-28,4963,274.58,82.54,153,1362731,1565185
f0:91:27:6b:7a:0a,16512,-33,4964,274.56,82.54,162,1362893,1565347
f0:91:27:6b:7a:0a,16513,-28,4965,274.52,82.54,77,1362970,1565424
f0:91:27:6b:7a:0a,16514,-29,4966,274.48,82.54,81,1363051,1565505
f0:91:27:6b:7a:0a,16517,-30,4967,274.47,82.54,242,1363293,1565747
f0:91:27:6b:7a:0a,16518,-33,4968,274.43,82.54,75,1363368,1565822
f0:91:27:6b:7a:0a,16519,-27,4969,274.39,82.54,79,1363447,1565901
f0:91:27:6b:7a:0a,16520,-30,4970,274.35,82.54,85,1363532,1565986
f0:91:27:6b:7a:0a,16521,-33,4971,274.31,82.54,82,1363614,1566068
f0:91:27:6b:7a:0a,16522,-25,4972,274.27,82.54,77,1363691,1566145
f0:91:27:6b:7a:0a,16523,-28,4973,274.23,82.54,77,1363768,1566222
f0:91:27:6b:7a:0a,16526,-28,4974,274.23,82.54,233,1364001,1566455
f0:91:27:6b:7a:0a,16529,-28,4975,274.22,82.54,243,1364244,1566698
f0:91:27:6b:7a:0a,16532,-28,4976,274.21,82.54,246,1364490,1566944
f0:91:27:6b:7a:0a,16533,-27,4977,274.17,82.54,72,1364562,1567016
f0:91:27:6b:7a:0a,16538,-33,4978,274.20,82.54,403,1364965,1567419
f0:91:27:6b:7a:0a,16539,-33,4979,274.16,82.53,70,1365035,1567489
f0:91:27:6b:7a:0a,16540,-28,4980,274.12,82.53,81,1365116,1567570
f0:91:27:6b:7a:0a,16542,-33,4981,274.10,82.53,154,1365270,1567724
f0:91:27:6b:7a:0a,16543,-25,4982,274.06,82.53,80,1365350,1567804
f0:91:27:6b:7a:0a,16547,-28,4983,274.07,82.53,321,1365671,1568125
f0:91:27:6b:7a:0a,16548,-29,4984,274.03,82.53,70,1365741,1568195
f0:91:27:6b:7a:0a,16552,-29,4985,274.03,82.53,318,1366059,1568513
f0:91:27:6b:7a:0a,16571,-31,4986,274.29,82.53,1532,1367591,1570045
f0:91:27:6b:7a:0a,16572,-29,4987,274.25,82.53,93,1367684,1570138
f0:91:27:6b:7a:0a,16573,-30,4988,274.21,82.53,72,1367756,1570210
f0:91:27:6b:7a:0a,16574,-27,4989,274.17,82.53,90,1367846,1570300
f0:91:27:6b:7a:0a,16588,-27,4990,274.34,82.53,1115,1368961,1571415
f0:91:27:6b:7a:0a,16592,-27,4991,274.35,82.53,320,1369281,1571735
f0:91:27:6b:7a:0a,16593,-29,4992,274.31,82.53,82,1369363,1571817
f0:91:27:6b:7a:0a,16594,-26,4993,274.27,82.53,73,1369436,1571890
f0:91:27:6b:7a:0a,16596,-27,4994,274.25,82.53,162,1369598,1572052
f0:91:27:6b:7a:0a,16601,-29,4995,274.27,82.52,396,1369994,1572448
f0:91:27:6b:7a:0a,16603,-27,4996,274.25,82.52,164,1370158,1572612
f0:91:27:6b:7a:0a,16605,-26,4997,274.23,82.52,148,1370306,1572760
f0:91:27:6b:7a:0a,16613,-27,4998,274.30,82.52,642,1370948,1573402
f0:91:27:6b:7a:0a,16614,-29,4999,274.26,82.52,83,1371031,1573485
f0:91:27:6b:7a:0a,16618,-30,5000,274.28,82.52,345,1371376,1573830
f0:91:27:6b:7a:0a,16621,-29,5001,274.27,82.52,268,1371644,1574098
f0:91:27:6b:7a:0a,16627,-29,5002,274.33,82.53,548,1372192,1574646
f0:91:27:6b:7a:0a,16628,-29,5003,274.29,82.53,97,1372289,1574743
f0:91:27:6b:7a:0a,16632,-26,5004,274.31,82.53,373,1372662,1575116
f0:91:27:6b:7a:0a,16639,-27,5005,274.39,82.54,648,1373310,1575764
f0:91:27:6b:7a:0a,16642,-33,5006,274.39,82.54,276,1373586,1576040
f0:91:27:6b:7a:0a,16645,-27,5007,274.39,82.54,289,1373875,1576329
f0:91:27:6b:7a:0a,16647,-27,5008,274.37,82.54,171,1374046,1576500
f0:91:27:6b:7a:0a,16655,-27,5009,274.46,82.55,749,1374795,1577249
f0:91:27:6b:7a:0a,16656,-33,5010,274.43,82.55,84,1374879,1577333
f0:91:27:6b:7a:0a,16657,-29,5011,274.39,82.55,95,1374974,1577428
f0:91:27:6b:7a:0a,16662,-29,5012,274.43,82.55,447,1375421,1577875
f0:91:27:6b:7a:0a,16663,-27,5013,274.39,82.55,94,1375515,1577969
f0:91:27:6b:7a:0a,16668,-33,5014,274.43,82.55,468,1375983,1578437
f0:91:27:6b:7a:0a,16680,-28,5015,274.60,82.56,1121,1377104,1579558
f0:91:27:6b:7a:0a,16682,-30,5016,274.58,82.56,193,1377297,1579751
f0:91:27:6b:7a:0a,16683,-26,5017,274.54,82.56,91,1377388,1579842
f0:91:27:6b:7a:0a,16687,-29,5018,274.56,82.56,374,1377762,1580216
f0:91:27:6b:7a:0a,16688,-25,5019,274.53,82.57,91,1377853,1580307
f0:91:27:6b:7a:0a,16689,-32,5020,274.49,82.57,97,1377950,1580404
f0:91:27:6b:7a:0a,16691,-27,5021,274.48,82.57,189,1378139,1580593
f0:91:27:6b:7a:0a,16693,-33,5022,274.46,82.57,185,1378324,1580778
f0:91:27:6b:7a:0a,16696,-33,5023,274.46,82.57,279,1378603,1581057
f0:91:27:6b:7a:0a,16697,-26,5024,274.42,82.57,90,1378693,1581147
f0:91:27:6b:7a:0a,16699,-30,5025,274.40,82.57,190,1378883,1581337
f0:91:27:6b:7a:0a,16700,-26,5026,274.37,82.57,98,1378981,1581435
f0:91:27:6b:7a:0a,16703,-29,5027,274.37,82.58,271,1379252,1581706
f0:91:27:6b:7a:0a,16704,-32,5028,274.33,82.58,94,1379346,1581800
