address,packet_id,rssi,count,rx_speed,tx_speed,last_time_elapsed,total_time_elapsed,timestamp
f0:91:27:6b:7a:0a,1,-40,1,159.00,159.00,29096,159,29096
f0:91:27:6b:7a:0a,2,-33,2,122.00,122.00,85,244,29181
f0:91:27:6b:7a:0a,7,-33,3,218.67,93.71,412,656,29593
f0:91:27:6b:7a:0a,9,-40,4,205.75,91.44,167,823,29760
f0:91:27:6b:7a:0a,10,-34,5,182.00,91.00,87,910,29847
f0:91:27:6b:7a:0a,11,-39,6,165.17,90.09,81,991,29928
f0:91:27:6b:7a:0a,12,-31,7,151.86,88.58,72,1063,30000
f0:91:27:6b:7a:0a,19,-30,8,206.38,86.89,588,1651,30588
f0:91:27:6b:7a:0a,22,-32,9,211.22,86.41,250,1901,30838
f0:91:27:6b:7a:0a,25,-36,10,215.20,86.08,251,2152,31089
f0:91:27:6b:7a:0a,26,-29,11,202.64,85.73,77,2229,31166
f0:91:27:6b:7a:0a,28,-29,12,199.92,85.68,170,2399,31336
f0:91:27:6b:7a:0a,29,-31,13,191.62,85.90,92,2491,31428
f0:91:27:6b:7a:0a,30,-31,14,183.50,85.63,78,2569,31506
f0:91:27:6b:7a:0a,31,-35,15,176.67,85.48,81,2650,31587
f0:91:27:6b:7a:0a,34,-35,16,180.75,85.06,242,2892,31829
f0:91:27:6b:7a:0a,36,-36,17,180.76,85.36,181,3073,32010
f0:91:27:6b:7a:0a,37,-32,18,175.78,85.51,91,3164,32101
f0:91:27:6b:7a:0a,40,-37,19,179.63,85.32,249,3413,32350
f0:91:27:6b:7a:0a,42,-40,20,179.20,85.33,171,3584,32521
f0:91:27:6b:7a:0a,46,-35,21,185.81,84.83,318,3902,32839
f0:91:27:6b:7a:0a,47,-32,22,181.41,84.91,89,3991,32928
f0:91:27:6b:7a:0a,51,-29,23,187.96,84.76,332,4323,33260
f0:91:27:6b:7a:0a,52,-32,24,183.54,84.71,82,4405,33342
f0:91:27:6b:7a:0a,53,-28,25,179.84,84.83,91,4496,33433
f0:91:27:6b:7a:0a,61,-29,26,197.88,84.34,649,5145,34082
f0:91:27:6b:7a:0a,62,-39,27,193.63,84.32,83,5228,34165
f0:91:27:6b:7a:0a,63,-29,28,189.61,84.27,81,5309,34246
f0:91:27:6b:7a:0a,64,-31,29,185.72,84.16,77,5386,34323
f0:91:27:6b:7a:0a,66,-26,30,184.80,84.00,158,5544,34481
f0:91:27:6b:7a:0a,68,-34,31,183.74,83.76,152,5696,34633
f0:91:27:6b:7a:0a,71,-31,32,185.44,83.58,238,5934,34871
f0:91:27:6b:7a:0a,72,-37,33,182.24,83.53,80,6014,34951
f0:91:27:6b:7a:0a,73,-28,34,179.29,83.51,82,6096,35033
f0:91:27:6b:7a:0a,75,-35,35,178.80,83.44,162,6258,35195
f0:91:27:6b:7a:0a,76,-28,36,176.03,83.38,79,6337,35274
f0:91:27:6b:7a:0a,77,-27,37,173.24,83.25,73,6410,35347
f0:91:27:6b:7a:0a,78,-32,38,170.84,83.23,82,6492,35429
f0:91:27:6b:7a:0a,79,-29,39,168.51,83.19,80,6572,35509
f0:91:27:6b:7a:0a,104,-36,40,214.20,82.38,1996,8568,37505
f0:91:27:6b:7a:0a,111,-33,41,222.98,82.36,574,9142,38079
f0:91:27:6b:7a:0a,112,-40,42,219.52,82.32,78,9220,38157
f0:91:27:6b:7a:0a,113,-27,43,216.26,82.29,79,9299,38236
f0:91:27:6b:7a:0a,126,-32,44,235.02,82.07,1042,10341,39278
f0:91:27:6b:7a:0a,131,-29,45,238.69,81.99,400,10741,39678
f0:91:27:6b:7a:0a,133,-32,46,236.72,81.87,148,10889,39826
f0:91:27:6b:7a:0a,136,-29,47,236.57,81.76,230,11119,40056
f0:91:27:6b:7a:0a,137,-27,48,233.31,81.74,80,11199,40136
f0:91:27:6b:7a:0a,138,-32,49,230.16,81.72,79,11278,40215
f0:91:27:6b:7a:0a,140,-29,50,228.82,81.72,163,11441,40378
f0:91:27:6b:7a:0a,142,-33,51,227.41,81.68,157,11598,40535
f0:91:27:6b:7a:0a,143,-29,52,224.48,81.63,75,11673,40610
f0:91:27:6b:7a:0a,146,-29,53,224.79,81.60,241,11914,40851
f0:91:27:6b:7a:0a,147,-29,54,221.98,81.54,73,11987,40924
f0:91:27:6b:7a:0a,149,-32,55,220.78,81.50,156,12143,41080
f0:91:27:6b:7a:0a,150,-39,56,218.23,81.47,78,12221,41158
f0:91:27:6b:7a:0a,151,-35,57,215.79,81.46,79,12300,41237
f0:91:27:6b:7a:0a,152,-29,58,213.48,81.46,82,12382,41319
f0:91:27:6b:7a:0a,153,-32,59,211.12,81.41,74,12456,41393
f0:91:27:6b:7a:0a,154,-36,60,208.87,81.38,76,12532,41469
f0:91:27:6b:7a:0a,155,-29,61,206.79,81.38,82,12614,41551
f0:91:27:6b:7a:0a,156,-32,62,204.65,81.33,74,12688,41625
f0:91:27:6b:7a:0a,158,-27,63,203.97,81.33,162,12850,41787
f0:91:27:6b:7a:0a,160,-30,64,203.14,81.26,151,13001,41938
f0:91:27:6b:7a:0a,162,-29,65,202.51,81.25,162,13163,42100
f0:91:27:6b:7a:0a,163,-32,66,200.74,81.28,86,13249,42186
f0:91:27:6b:7a:0a,164,-39,67,198.88,81.25,76,13325,42262
f0:91:27:6b:7a:0a,165,-29,68,197.22,81.28,86,13411,42348
f0:91:27:6b:7a:0a,167,-32,69,196.64,81.25,157,13568,42505
f0:91:27:6b:7a:0a,168,-35,70,194.96,81.23,79,13647,42584
f0:91:27:6b:7a:0a,173,-26,71,197.75,81.16,393,14040,42977
f0:91:27:6b:7a:0a,174,-29,72,196.07,81.13,77,14117,43054
f0:91:27:6b:7a:0a,176,-29,73,195.56,81.11,159,14276,43213
f0:91:27:6b:7a:0a,177,-31,74,194.03,81.12,82,14358,43295
f0:91:27:6b:7a:0a,179,-26,75,193.49,81.07,154,14512,43449
f0:91:27:6b:7a:0a,181,-34,76,192.95,81.02,152,14664,43601
f0:91:27:6b:7a:0a,182,-38,77,191.53,81.03,84,14748,43685
f0:91:27:6b:7a:0a,183,-29,78,190.08,81.02,78,14826,43763
f0:91:27:6b:7a:0a,184,-32,79,188.68,81.01,80,14906,43843
f0:91:27:6b:7a:0a,187,-35,80,189.38,81.02,244,15150,44087
f0:91:27:6b:7a:0a,191,-39,81,190.86,80.94,310,15460,44397
f0:91:27:6b:7a:0a,192,-29,82,189.50,80.93,79,15539,44476
f0:91:27:6b:7a:0a,193,-32,83,188.22,80.94,83,15622,44559
f0:91:27:6b:7a:0a,195,-29,84,187.82,80.91,155,15777,44714
f0:91:27:6b:7a:0a,196,-32,85,186.55,80.90,80,15857,44794
f0:91:27:6b:7a:0a,200,-30,86,188.02,80.85,313,16170,45107
f0:91:27:6b:7a:0a,201,-33,87,186.72,80.82,75,16245,45182
f0:91:27:6b:7a:0a,203,-29,88,186.39,80.80,157,16402,45339
f0:91:27:6b:7a:0a,207,-33,89,187.87,80.77,318,16720,45657
f0:91:27:6b:7a:0a,209,-29,90,187.46,80.72,151,16871,45808
f0:91:27:6b:7a:0a,210,-32,91,186.34,80.75,86,16957,45894
f0:91:27:6b:7a:0a,211,-36,92,185.12,80.72,74,17031,45968
f0:91:27:6b:7a:0a,212,-27,93,183.99,80.71,80,17111,46048
f0:91:27:6b:7a:0a,214,-32,94,183.66,80.67,153,17264,46201
f0:91:27:6b:7a:0a,216,-27,95,183.40,80.66,159,17423,46360
f0:91:27:6b:7a:0a,221,-33,96,185.62,80.63,397,17820,46757
f0:91:27:6b:7a:0a,227,-30,97,188.58,80.58,472,18292,47229
f0:91:27:6b:7a:0a,228,-34,98,187.48,80.58,81,18373,47310
f0:91:27:6b:7a:0a,229,-32,99,186.40,80.59,81,18454,47391
f0:91:27:6b:7a:0a,231,-39,100,186.07,80.55,153,18607,47544
f0:91:27:6b:7a:0a,232,-29,101,185.01,80.54,79,18686,47623
f0:91:27:6b:7a:0a,234,-34,102,184.80,80.56,164,18850,47787
f0:91:27:6b:7a:0a,236,-36,103,184.54,80.54,158,19008,47945
f0:91:27:6b:7a:0a,237,-29,104,183.61,80.57,87,19095,48032
f0:91:27:6b:7a:0a,239,-29,105,183.41,80.58,163,19258,48195
f0:91:27:6b:7a:0a,240,-29,106,182.40,80.56,76,19334,48271
f0:91:27:6b:7a:0a,241,-32,107,181.41,80.54,77,19411,48348
f0:91:27:6b:7a:0a,242,-39,108,180.44,80.53,77,19488,48425
f0:91:27:6b:7a:0a,244,-35,109,180.30,80.55,165,19653,48590
f0:91:27:6b:7a:0a,245,-29,110,179.40,80.55,81,19734,48671
f0:91:27:6b:7a:0a,248,-27,111,180.00,80.56,246,19980,48917
f0:91:27:6b:7a:0a,249,-32,112,179.06,80.54,75,20055,48992
f0:91:27:6b:7a:0a,250,-41,113,178.21,80.55,83,20138,49075
f0:91:27:6b:7a:0a,251,-36,114,177.30,80.53,74,20212,49149
f0:91:27:6b:7a:0a,253,-32,115,177.17,80.53,162,20374,49311
f0:91:27:6b:7a:0a,254,-29,116,176.37,80.55,85,20459,49396
f0:91:27:6b:7a:0a,255,-27,117,175.56,80.55,82,20541,49478
f0:91:27:6b:7a:0a,256,-32,118,174.71,80.53,75,20616,49553
f0:91:27:6b:7a:0a,258,-29,119,174.61,80.53,162,20778,49715
f0:91:27:6b:7a:0a,259,-32,120,173.86,80.55,85,20863,49800
f0:91:27:6b:7a:0a,261,-27,121,173.72,80.54,157,21020,49957
f0:91:27:6b:7a:0a,264,-29,122,174.27,80.53,241,21261,50198
f0:91:27:6b:7a:0a,266,-29,123,174.18,80.54,163,21424,50361
f0:91:27:6b:7a:0a,267,-32,124,173.41,80.54,79,21503,50440
f0:91:27:6b:7a:0a,270,-29,125,173.90,80.51,235,21738,50675
f0:91:27:6b:7a:0a,271,-37,126,173.15,80.51,79,21817,50754
f0:91:27:6b:7a:0a,272,-29,127,172.39,80.49,77,21894,50831
f0:91:27:6b:7a:0a,273,-29,128,171.66,80.49,79,21973,50910
f0:91:27:6b:7a:0a,279,-34,129,174.10,80.50,486,22459,51396
f0:91:27:6b:7a:0a,285,-39,130,176.50,80.51,486,22945,51882
f0:91:27:6b:7a:0a,286,-29,131,175.78,80.51,82,23027,51964
f0:91:27:6b:7a:0a,287,-32,132,175.04,80.51,78,23105,52042
f0:91:27:6b:7a:0a,289,-35,133,174.86,80.47,151,23256,52193
f0:91:27:6b:7a:0a,290,-29,134,174.13,80.46,78,23334,52271
f0:91:27:6b:7a:0a,293,-32,135,174.73,80.51,255,23589,52526
f0:91:27:6b:7a:0a,296,-29,136,175.24,80.51,243,23832,52769
f0:91:27:6b:7a:0a,297,-32,137,174.56,80.52,83,23915,52852
f0:91:27:6b:7a:0a,298,-41,138,173.80,80.48,69,23984,52921
f0:91:27:6b:7a:0a,301,-35,139,174.28,80.48,241,24225,53162
f0:91:27:6b:7a:0a,302,-27,140,173.64,80.50,85,24310,53247
f0:91:27:6b:7a:0a,303,-32,141,172.95,80.48,76,24386,53323
f0:91:27:6b:7a:0a,304,-40,142,172.30,80.48,80,24466,53403
f0:91:27:6b:7a:0a,305,-29,143,171.59,80.45,72,24538,53475
f0:91:27:6b:7a:0a,306,-29,144,170.97,80.46,82,24620,53557
f0:91:27:6b:7a:0a,307,-43,145,170.37,80.47,84,24704,53641
f0:91:27:6b:7a:0a,319,-29,146,175.66,80.40,943,25647,54584
f0:91:27:6b:7a:0a,338,-29,147,184.68,80.32,1501,27148,56085
f0:91:27:6b:7a:0a,339,-30,148,183.93,80.30,74,27222,56159
f0:91:27:6b:7a:0a,341,-29,149,183.79,80.30,162,27384,56321
f0:91:27:6b:7a:0a,342,-32,150,183.08,80.30,78,27462,56399
f0:91:27:6b:7a:0a,343,-33,151,182.42,80.31,84,27546,56483
f0:91:27:6b:7a:0a,344,-36,152,181.73,80.30,77,27623,56560
f0:91:27:6b:7a:0a,345,-29,153,181.06,80.30,79,27702,56639
f0:91:27:6b:7a:0a,346,-32,154,180.39,80.29,78,27780,56717
f0:91:27:6b:7a:0a,347,-39,155,179.72,80.28,76,27856,56793
f0:91:27:6b:7a:0a,348,-40,156,179.07,80.27,79,27935,56872
f0:91:27:6b:7a:0a,349,-40,157,178.41,80.26,76,28011,56948
f0:91:27:6b:7a:0a,350,-29,158,177.75,80.24,74,28085,57022
f0:91:27:6b:7a:0a,351,-29,159,177.14,80.24,80,28165,57102
f0:91:27:6b:7a:0a,356,-27,160,178.51,80.23,397,28562,57499
f0:91:27:6b:7a:0a,364,-35,161,181.34,80.21,633,29195,58132
f0:91:27:6b:7a:0a,365,-39,162,180.69,80.20,77,29272,58209
f0:91:27:6b:7a:0a,366,-27,163,180.06,80.19,78,29350,58287
f0:91:27:6b:7a:0a,367,-32,164,179.46,80.20,82,29432,58369
f0:91:27:6b:7a:0a,369,-35,165,179.33,80.19,158,29590,58527
f0:91:27:6b:7a:0a,370,-38,166,178.72,80.18,78,29668,58605
f0:91:27:6b:7a:0a,371,-29,167,178.14,80.19,81,29749,58686
f0:91:27:6b:7a:0a,373,-32,168,178.02,80.18,159,29908,58845
f0:91:27:6b:7a:0a,374,-35,169,177.42,80.17,76,29984,58921
f0:91:27:6b:7a:0a,375,-34,170,176.86,80.18,82,30066,59003
f0:91:27:6b:7a:0a,376,-29,171,176.26,80.16,75,30141,59078
f0:91:27:6b:7a:0a,378,-32,172,176.13,80.14,153,30294,59231
f0:91:27:6b:7a:0a,379,-33,173,175.58,80.15,82,30376,59313
f0:91:27:6b:7a:0a,380,-35,174,175.02,80.14,77,30453,59390
f0:91:27:6b:7a:0a,384,-37,175,175.85,80.14,321,30774,59711
f0:91:27:6b:7a:0a,386,-29,176,175.74,80.13,157,30931,59868
f0:91:27:6b:7a:0a,391,-32,177,176.95,80.10,389,31320,60257
f0:91:27:6b:7a:0a,394,-39,178,177.31,80.10,241,31561,60498
f0:91:27:6b:7a:0a,395,-27,179,176.74,80.09,75,31636,60573
f0:91:27:6b:7a:0a,396,-32,180,176.18,80.08,76,31712,60649
f0:91:27:6b:7a:0a,397,-33,181,175.67,80.09,84,31796,60733
f0:91:27:6b:7a:0a,399,-29,182,175.55,80.08,155,31951,60888
f0:91:27:6b:7a:0a,400,-32,183,175.03,80.07,79,32030,60967
f0:91:27:6b:7a:0a,402,-29,184,174.97,80.08,164,32194,61131
f0:91:27:6b:7a:0a,404,-32,185,174.89,80.09,161,32355,61292
f0:91:27:6b:7a:0a,405,-35,186,174.37,80.08,78,32433,61370
f0:91:27:6b:7a:0a,406,-33,187,173.88,80.09,82,32515,61452
f0:91:27:6b:7a:0a,407,-33,188,173.33,80.06,71,32586,61523
f0:91:27:6b:7a:0a,408,-27,189,172.85,80.07,82,32668,61605
f0:91:27:6b:7a:0a,412,-33,190,173.59,80.05,314,32982,61919
f0:91:27:6b:7a:0a,413,-29,191,173.06,80.03,72,33054,61991
f0:91:27:6b:7a:0a,414,-27,192,172.58,80.04,81,33135,62072
f0:91:27:6b:7a:0a,416,-30,193,172.49,80.03,156,33291,62228
f0:91:27:6b:7a:0a,418,-37,194,172.41,80.02,157,33448,62385
f0:91:27:6b:7a:0a,419,-29,195,171.97,80.04,87,33535,62472
f0:91:27:6b:7a:0a,420,-30,196,171.48,80.03,76,33611,62548
f0:91:27:6b:7a:0a,423,-30,197,171.84,80.03,241,33852,62789
f0:91:27:6b:7a:0a,425,-39,198,171.76,80.02,156,34008,62945
f0:91:27:6b:7a:0a,427,-29,199,171.67,80.00,154,34162,63099
f0:91:27:6b:7a:0a,428,-35,200,171.21,80.01,81,34243,63180
f0:91:27:6b:7a:0a,430,-32,201,171.17,80.01,163,34406,63343
f0:91:27:6b:7a:0a,431,-33,202,170.71,80.01,77,34483,63420
f0:91:27:6b:7a:0a,434,-32,203,171.01,79.99,233,34716,63653
f0:91:27:6b:7a:0a,435,-33,204,170.56,79.99,78,34794,63731
f0:91:27:6b:7a:0a,436,-29,205,170.12,79.99,81,34875,63812
f0:91:27:6b:7a:0a,437,-30,206,169.67,79.98,77,34952,63889
f0:91:27:6b:7a:0a,439,-27,207,169.59,79.97,154,35106,64043
f0:91:27:6b:7a:0a,440,-32,208,169.19,79.98,86,35192,64129
f0:91:27:6b:7a:0a,442,-29,209,169.16,79.99,163,35355,64292
f0:91:27:6b:7a:0a,443,-30,210,168.74,79.99,80,35435,64372
f0:91:27:6b:7a:0a,445,-27,211,168.71,80.00,163,35598,64535
f0:91:27:6b:7a:0a,446,-32,212,168.29,79.99,79,35677,64614
f0:91:27:6b:7a:0a,447,-33,213,167.88,80.00,82,35759,64696
f0:91:27:6b:7a:0a,448,-29,214,167.51,80.02,89,35848,64785
f0:91:27:6b:7a:0a,449,-29,215,167.06,80.00,70,35918,64855
f0:91:27:6b:7a:0a,452,-29,216,167.38,79.99,237,36155,65092
f0:91:27:6b:7a:0a,453,-29,217,166.96,79.98,76,36231,65168
f0:91:27:6b:7a:0a,454,-32,218,166.55,79.97,77,36308,65245
f0:91:27:6b:7a:0a,457,-29,219,166.85,79.96,232,36540,65477
f0:91:27:6b:7a:0a,458,-32,220,166.46,79.96,81,36621,65558
f0:91:27:6b:7a:0a,459,-30,221,166.08,79.96,82,36703,65640
f0:91:27:6b:7a:0a,464,-33,222,167.15,79.97,405,37108,66045
f0:91:27:6b:7a:0a,467,-30,223,167.43,79.95,230,37338,66275
f0:91:27:6b:7a:0a,468,-40,224,167.05,79.96,81,37419,66356
f0:91:27:6b:7a:0a,469,-27,225,166.65,79.95,77,37496,66433
f0:91:27:6b:7a:0a,471,-37,226,166.62,79.95,159,37655,66592
f0:91:27:6b:7a:0a,473,-32,227,166.59,79.95,160,37815,66752
f0:91:27:6b:7a:0a,474,-35,228,166.20,79.95,79,37894,66831
f0:91:27:6b:7a:0a,478,-41,229,166.85,79.93,314,38208,67145
f0:91:27:6b:7a:0a,484,-32,230,168.19,79.92,475,38683,67620
f0:91:27:6b:7a:0a,485,-36,231,167.80,79.92,79,38762,67699
f0:91:27:6b:7a:0a,490,-32,232,168.82,79.93,404,39166,68103
f0:91:27:6b:7a:0a,491,-35,233,168.42,79.92,75,39241,68178
f0:91:27:6b:7a:0a,492,-29,234,168.06,79.93,85,39326,68263
f0:91:27:6b:7a:0a,493,-32,235,167.66,79.92,73,39399,68336
f0:91:27:6b:7a:0a,494,-35,236,167.28,79.91,79,39478,68415
f0:91:27:6b:7a:0a,496,-27,237,167.24,79.91,159,39637,68574
f0:91:27:6b:7a:0a,497,-32,238,166.87,79.91,79,39716,68653
f0:91:27:6b:7a:0a,498,-35,239,166.48,79.90,73,39789,68726
f0:91:27:6b:7a:0a,500,-32,240,166.47,79.90,163,39952,68889
f0:91:27:6b:7a:0a,502,-29,241,166.45,79.91,162,40114,69051
f0:91:27:6b:7a:0a,504,-39,242,166.42,79.91,160,40274,69211
f0:91:27:6b:7a:0a,507,-35,243,166.72,79.91,238,40512,69449
f0:91:27:6b:7a:0a,508,-36,244,166.33,79.89,73,40585,69522
f0:91:27:6b:7a:0a,509,-27,245,165.99,79.90,83,40668,69605
f0:91:27:6b:7a:0a,510,-32,246,165.63,79.89,76,40744,69681
f0:91:27:6b:7a:0a,511,-37,247,165.28,79.89,79,40823,69760
f0:91:27:6b:7a:0a,513,-29,248,165.25,79.89,160,40983,69920
f0:91:27:6b:7a:0a,514,-32,249,164.88,79.87,72,41055,69992
f0:91:27:6b:7a:0a,540,-27,250,172.47,79.85,2063,43118,72055
f0:91:27:6b:7a:0a,541,-39,251,172.13,79.86,87,43205,72142
f0:91:27:6b:7a:0a,542,-29,252,171.79,79.87,86,43291,72228
f0:91:27:6b:7a:0a,543,-30,253,171.43,79.87,80,43371,72308
f0:91:27:6b:7a:0a,544,-29,254,171.08,79.88,83,43454,72391
f0:91:27:6b:7a:0a,545,-30,255,170.75,79.89,87,43541,72478
f0:91:27:6b:7a:0a,546,-33,256,170.40,79.89,81,43622,72559
f0:91:27:6b:7a:0a,548,-36,257,170.40,79.91,170,43792,72729
f0:91:27:6b:7a:0a,549,-33,258,170.11,79.94,97,43889,72826
f0:91:27:6b:7a:0a,553,-32,259,170.90,80.04,375,44264,73201
f0:91:27:6b:7a:0a,554,-27,260,170.60,80.06,91,44355,73292
f0:91:27:6b:7a:0a,555,-35,261,170.32,80.10,98,44453,73390
f0:91:27:6b:7a:0a,557,-32,262,170.40,80.15,192,44645,73582
f0:91:27:6b:7a:0a,558,-29,263,170.11,80.18,94,44739,73676
f0:91:27:6b:7a:0a,559,-36,264,169.80,80.19,88,44827,73764
f0:91:27:6b:7a:0a,561,-29,265,169.88,80.25,191,45018,73955
f0:91:27:6b:7a:0a,562,-39,266,169.58,80.27,91,45109,74046
f0:91:27:6b:7a:0a,564,-30,267,169.66,80.32,189,45298,74235
f0:91:27:6b:7a:0a,566,-32,268,169.68,80.34,175,45473,74410
f0:91:27:6b:7a:0a,567,-29,269,169.38,80.36,89,45562,74499
f0:91:27:6b:7a:0a,568,-37,270,169.11,80.39,97,45659,74596
f0:91:27:6b:7a:0a,571,-30,271,169.50,80.44,275,45934,74871
f0:91:27:6b:7a:0a,585,-29,272,173.59,80.71,1283,47217,76154
f0:91:27:6b:7a:0a,594,-32,273,175.99,80.88,827,48044,76981
f0:91:27:6b:7a:0a,599,-26,274,177.07,81.00,474,48518,77455
f0:91:27:6b:7a:0a,600,-33,275,176.75,81.01,88,48606,77543
f0:91:27:6b:7a:0a,602,-29,276,176.80,81.06,191,48797,77734
f0:91:27:6b:7a:0a,606,-32,277,177.52,81.14,375,49172,78109
f0:91:27:6b:7a:0a,607,-28,278,177.24,81.18,102,49274,78211
f0:91:27:6b:7a:0a,608,-37,279,176.92,81.19,88,49362,78299
f0:91:27:6b:7a:0a,609,-29,280,176.62,81.20,91,49453,78390
f0:91:27:6b:7a:0a,611,-39,281,176.66,81.25,189,49642,78579
f0:91:27:6b:7a:0a,613,-32,282,176.71,81.29,189,49831,78768
f0:91:27:6b:7a:0a,614,-28,283,176.41,81.31,92,49923,78860
f0:91:27:6b:7a:0a,621,-35,284,178.05,81.43,642,50565,79502
f0:91:27:6b:7a:0a,623,-31,285,178.10,81.47,193,50758,79695
f0:91:27:6b:7a:0a,625,-36,286,178.11,81.50,182,50940,79877
f0:91:27:6b:7a:0a,626,-29,287,177.81,81.52,92,51032,79969
f0:91:27:6b:7a:0a,627,-36,288,177.47,81.52,78,51110,80047
f0:91:27:6b:7a:0a,629,-29,289,177.51,81.56,191,51301,80238
f0:91:27:6b:7a:0a,631,-28,290,177.52,81.58,179,51480,80417
f0:91:27:6b:7a:0a,632,-33,291,177.23,81.60,94,51574,80511
f0:91:27:6b:7a:0a,645,-28,292,180.85,81.87,1233,52807,81744
f0:91:27:6b:7a:0a,646,-38,293,180.56,81.89,96,52903,81840
f0:91:27:6b:7a:0a,649,-31,294,180.85,81.93,268,53171,82108
f0:91:27:6b:7a:0a,650,-28,295,180.54,81.94,87,53258,82195
f0:91:27:6b:7a:0a,651,-34,296,180.26,81.96,98,53356,82293
f0:91:27:6b:7a:0a,652,-31,297,179.95,81.97,88,53444,82381
f0:91:27:6b:7a:0a,655,-31,298,180.29,82.02,281,53725,82662
f0:91:27:6b:7a:0a,656,-28,299,179.99,82.04,92,53817,82754
f0:91:27:6b:7a:0a,657,-35,300,179.69,82.05,90,53907,82844
f0:91:27:6b:7a:0a,661,-29,301,180.29,82.10,360,54267,83204
f0:91:27:6b:7a:0a,662,-28,302,179.98,82.10,86,54353,83290
f0:91:27:6b:7a:0a,663,-31,303,179.67,82.11,87,54440,83377
f0:91:27:6b:7a:0a,664,-28,304,179.37,82.12,89,54529,83466
f0:91:27:6b:7a:0a,665,-38,305,179.09,82.14,92,54621,83558
f0:91:27:6b:7a:0a,666,-28,306,178.78,82.14,86,54707,83644
f0:91:27:6b:7a:0a,667,-35,307,178.49,82.15,89,54796,83733
f0:91:27:6b:7a:0a,668,-31,308,178.21,82.17,92,54888,83825
f0:91:27:6b:7a:0a,669,-28,309,177.92,82.18,90,54978,83915
f0:91:27:6b:7a:0a,672,-28,310,178.23,82.22,274,55252,84189
f0:91:27:6b:7a:0a,674,-26,311,178.21,82.23,172,55424,84361
f0:91:27:6b:7a:0a,675,-31,312,177.91,82.23,84,55508,84445
f0:91:27:6b:7a:0a,676,-34,313,177.60,82.23,81,55589,84526
f0:91:27:6b:7a:0a,677,-28,314,177.30,82.23,83,55672,84609
f0:91:27:6b:7a:0a,678,-38,315,177.00,82.24,84,55756,84693
f0:91:27:6b:7a:0a,679,-28,316,176.71,82.24,85,55841,84778
f0:91:27:6b:7a:0a,680,-31,317,176.42,82.24,83,55924,84861
f0:91:27:6b:7a:0a,681,-33,318,176.11,82.24,80,56004,84941
f0:91:27:6b:7a:0a,684,-28,319,176.34,82.24,250,56254,85191
f0:91:27:6b:7a:0a,685,-31,320,176.07,82.25,88,56342,85279
f0:91:27:6b:7a:0a,686,-35,321,175.76,82.24,77,56419,85356
f0:91:27:6b:7a:0a,687,-31,322,175.50,82.26,91,56510,85447
f0:91:27:6b:7a:0a,688,-35,323,175.20,82.25,78,56588,85525
f0:91:27:6b:7a:0a,689,-28,324,174.92,82.26,86,56674,85611
f0:91:27:6b:7a:0a,690,-31,325,174.63,82.25,81,56755,85692
f0:91:27:6b:7a:0a,691,-34,326,174.33,82.24,76,56831,85768
f0:91:27:6b:7a:0a,692,-31,327,174.08,82.26,93,56924,85861
f0:91:27:6b:7a:0a,695,-31,328,174.28,82.25,241,57165,86102
f0:91:27:6b:7a:0a,705,-28,329,176.29,82.27,834,57999,86936
f0:91:27:6b:7a:0a,708,-29,330,176.53,82.28,255,58254,87191
f0:91:27:6b:7a:0a,709,-28,331,176.25,82.28,85,58339,87276
f0:91:27:6b:7a:0a,724,-28,332,179.51,82.32,1258,59597,88534
f0:91:27:6b:7a:0a,726,-28,333,179.50,82.33,175,59772,88709
f0:91:27:6b:7a:0a,728,-29,334,179.43,82.32,157,59929,88866
f0:91:27:6b:7a:0a,729,-28,335,179.14,82.32,83,60012,88949
f0:91:27:6b:7a:0a,730,-31,336,178.86,82.32,84,60096,89033
f0:91:27:6b:7a:0a,731,-33,337,178.57,82.32,83,60179,89116
f0:91:27:6b:7a:0a,732,-27,338,178.29,82.32,82,60261,89198
f0:91:27:6b:7a:0a,733,-39,339,178.02,82.33,89,60350,89287
f0:91:27:6b:7a:0a,734,-26,340,177.72,82.32,75,60425,89362
f0:91:27:6b:7a:0a,735,-29,341,177.46,82.33,90,60515,89452
f0:91:27:6b:7a:0a,736,-39,342,177.17,82.33,78,60593,89530
f0:91:27:6b:7a:0a,738,-33,343,177.14,82.33,167,60760,89697
f0:91:27:6b:7a:0a,740,-28,344,177.08,82.32,154,60914,89851
f0:91:27:6b:7a:0a,741,-29,345,176.79,82.31,79,60993,89930
f0:91:27:6b:7a:0a,742,-34,346,176.52,82.31,83,61076,90013
f0:91:27:6b:7a:0a,743,-27,347,176.24,82.31,79,61155,90092
f0:91:27:6b:7a:0a,744,-33,348,175.99,82.32,90,61245,90182
f0:91:27:6b:7a:0a,745,-26,349,175.70,82.31,76,61321,90258
f0:91:27:6b:7a:0a,746,-30,350,175.42,82.30,76,61397,90334
f0:91:27:6b:7a:0a,747,-37,351,175.19,82.32,93,61490,90427
f0:91:27:6b:7a:0a,750,-33,352,175.38,82.31,243,61733,90670
f0:91:27:6b:7a:0a,752,-31,353,175.36,82.32,169,61902,90839
f0:91:27:6b:7a:0a,753,-34,354,175.10,82.32,85,61987,90924
f0:91:27:6b:7a:0a,754,-34,355,174.81,82.31,72,62059,90996
f0:91:27:6b:7a:0a,755,-25,356,174.55,82.30,80,62139,91076
f0:91:27:6b:7a:0a,762,-28,357,175.61,82.27,554,62693,91630
f0:91:27:6b:7a:0a,763,-30,358,175.34,82.27,77,62770,91707
f0:91:27:6b:7a:0a,764,-37,359,175.08,82.27,82,62852,91789
f0:91:27:6b:7a:0a,767,-35,360,175.28,82.27,250,63102,92039
f0:91:27:6b:7a:0a,768,-28,361,175.01,82.27,78,63180,92117
f0:91:27:6b:7a:0a,769,-30,362,174.76,82.27,83,63263,92200
f0:91:27:6b:7a:0a,771,-25,363,174.70,82.25,152,63415,92352
f0:91:27:6b:7a:0a,772,-34,364,174.47,82.26,92,63507,92444
f0:91:27:6b:7a:0a,773,-40,365,174.19,82.25,74,63581,92518
f0:91:27:6b:7a:0a,779,-35,366,175.05,82.25,489,64070,93007
f0:91:27:6b:7a:0a,780,-40,367,174.78,82.23,73,64143,93080
f0:91:27:6b:7a:0a,781,-27,368,174.55,82.24,90,64233,93170
f0:91:27:6b:7a:0a,790,-25,369,175.95,82.18,691,64924,93861
f0:91:27:6b:7a:0a,791,-30,370,175.69,82.18,82,65006,93943
f0:91:27:6b:7a:0a,792,-33,371,175.44,82.18,81,65087,94024
f0:91:27:6b:7a:0a,795,-30,372,175.60,82.17,238,65325,94262
f0:91:27:6b:7a:0a,796,-35,373,175.35,82.17,80,65405,94342
f0:91:27:6b:7a:0a,799,-30,374,175.50,82.15,233,65638,94575
f0:91:27:6b:7a:0a,802,-27,375,175.66,82.13,233,65871,94808
f0:91:27:6b:7a:0a,805,-25,376,175.82,82.12,237,66108,95045
f0:91:27:6b:7a:0a,806,-35,377,175.59,82.13,90,66198,95135
f0:91:27:6b:7a:0a,809,-35,378,175.76,82.12,241,66439,95376
f0:91:27:6b:7a:0a,818,-28,379,177.16,82.08,705,67144,96081
f0:91:27:6b:7a:0a,822,-27,380,177.50,82.06,306,67450,96387
f0:91:27:6b:7a:0a,823,-30,381,177.25,82.06,84,67534,96471
f0:91:27:6b:7a:0a,824,-37,382,177.00,82.05,79,67613,96550
f0:91:27:6b:7a:0a,825,-27,383,176.75,82.06,83,67696,96633
f0:91:27:6b:7a:0a,828,-37,384,176.89,82.04,230,67926,96863
f0:91:27:6b:7a:0a,829,-27,385,176.64,82.03,81,68007,96944
f0:91:27:6b:7a:0a,830,-28,386,176.39,82.03,78,68085,97022
f0:91:27:6b:7a:0a,831,-37,387,176.13,82.02,76,68161,97098
f0:91:27:6b:7a:0a,832,-28,388,175.87,82.02,78,68239,97176
f0:91:27:6b:7a:0a,833,-30,389,175.62,82.01,79,68318,97255
f0:91:27:6b:7a:0a,835,-30,390,175.61,82.02,169,68487,97424
f0:91:27:6b:7a:0a,845,-30,391,177.20,81.99,798,69285,98222
f0:91:27:6b:7a:0a,854,-28,392,178.55,81.96,705,69990,98927
f0:91:27:6b:7a:0a,855,-34,393,178.29,81.95,78,70068,99005
f0:91:27:6b:7a:0a,856,-35,394,178.02,81.94,73,70141,99078
f0:91:27:6b:7a:0a,857,-27,395,177.78,81.94,81,70222,99159
f0:91:27:6b:7a:0a,858,-30,396,177.53,81.94,79,70301,99238
f0:91:27:6b:7a:0a,860,-30,397,177.52,81.95,173,70474,99411
f0:91:27:6b:7a:0a,864,-27,398,177.86,81.93,315,70789,99726
f0:91:27:6b:7a:0a,865,-27,399,177.60,81.92,72,70861,99798
f0:91:27:6b:7a:0a,866,-30,400,177.37,81.92,86,70947,99884
f0:91:27:6b:7a:0a,869,-27,401,177.49,81.90,227,71174,100111
f0:91:27:6b:7a:0a,871,-30,402,177.44,81.89,156,71330,100267
f0:91:27:6b:7a:0a,873,-27,403,177.40,81.89,162,71492,100429
f0:91:27:6b:7a:0a,877,-27,404,177.73,81.87,312,71804,100741
f0:91:27:6b:7a:0a,878,-30,405,177.49,81.87,78,71882,100819
f0:91:27:6b:7a:0a,879,-34,406,177.26,81.87,85,71967,100904
f0:91:27:6b:7a:0a,881,-30,407,177.20,81.86,155,72122,101059
f0:91:27:6b:7a:0a,883,-27,408,177.15,81.86,157,72279,101216
f0:91:27:6b:7a:0a,887,-27,409,177.50,81.85,318,72597,101534
f0:91:27:6b:7a:0a,889,-35,410,177.45,81.84,159,72756,101693
f0:91:27:6b:7a:0a,890,-32,411,177.19,81.83,71,72827,101764
f0:91:27:6b:7a:0a,891,-27,412,176.97,81.83,84,72911,101848
f0:91:27:6b:7a:0a,892,-30,413,176.72,81.82,76,72987,101924
f0:91:27:6b:7a:0a,894,-27,414,176.68,81.82,158,73145,102082
f0:91:27:6b:7a:0a,895,-30,415,176.45,81.82,82,73227,102164
f0:91:27:6b:7a:0a,898,-27,416,176.59,81.81,236,73463,102400
f0:91:27:6b:7a:0a,900,-30,417,176.54,81.80,156,73619,102556
f0:91:27:6b:7a:0a,901,-34,418,176.31,81.80,79,73698,102635
f0:91:27:6b:7a:0a,902,-25,419,176.08,81.79,79,73777,102714
f0:91:27:6b:7a:0a,903,-30,420,175.83,81.78,70,73847,102784
f0:91:27:6b:7a:0a,909,-28,421,176.57,81.78,488,74335,103272
f0:91:27:6b:7a:0a,910,-34,422,176.34,81.77,79,74414,103351
f0:91:27:6b:7a:0a,911,-27,423,176.10,81.77,78,74492,103429
f0:91:27:6b:7a:0a,914,-34,424,176.23,81.75,231,74723,103660
f0:91:27:6b:7a:0a,915,-27,425,176.02,81.76,86,74809,103746
f0:91:27:6b:7a:0a,917,-27,426,176.01,81.77,170,74979,103916
f0:91:27:6b:7a:0a,918,-27,427,175.77,81.76,73,75052,103989
f0:91:27:6b:7a:0a,922,-32,428,176.11,81.75,324,75376,104313
f0:91:27:6b:7a:0a,923,-35,429,175.87,81.74,71,75447,104384
f0:91:27:6b:7a:0a,925,-30,430,175.83,81.74,161,75608,104545
f0:91:27:6b:7a:0a,927,-34,431,175.78,81.73,153,75761,104698
f0:91:27:6b:7a:0a,929,-30,432,175.74,81.72,159,75920,104857
f0:91:27:6b:7a:0a,940,-35,433,177.41,81.72,900,76820,105757
f0:91:27:6b:7a:0a,941,-25,434,177.20,81.72,83,76903,105840
f0:91:27:6b:7a:0a,942,-30,435,176.96,81.72,75,76978,105915
f0:91:27:6b:7a:0a,944,-27,436,176.91,81.71,155,77133,106070
f0:91:27:6b:7a:0a,945,-30,437,176.69,81.71,80,77213,106150
f0:91:27:6b:7a:0a,946,-37,438,176.47,81.71,83,77296,106233
f0:91:27:6b:7a:0a,947,-27,439,176.26,81.71,80,77376,106313
f0:91:27:6b:7a:0a,948,-30,440,176.03,81.70,78,77454,106391
f0:91:27:6b:7a:0a,951,-30,441,176.17,81.70,238,77692,106629
f0:91:27:6b:7a:0a,956,-32,442,176.66,81.68,392,78084,107021
f0:91:27:6b:7a:0a,957,-27,443,176.44,81.68,80,78164,107101
f0:91:27:6b:7a:0a,958,-30,444,176.23,81.68,81,78245,107182
f0:91:27:6b:7a:0a,959,-34,445,176.02,81.68,86,78331,107268
f0:91:27:6b:7a:0a,960,-34,446,175.79,81.67,73,78404,107341
f0:91:27:6b:7a:0a,962,-25,447,175.75,81.66,156,78560,107497
f0:91:27:6b:7a:0a,965,-30,448,175.90,81.66,244,78804,107741
f0:91:27:6b:7a:0a,966,-30,449,175.67,81.65,74,78878,107815
f0:91:27:6b:7a:0a,968,-25,450,175.64,81.65,160,79038,107975
f0:91:27:6b:7a:0a,969,-30,451,175.43,81.65,81,79119,108056
f0:91:27:6b:7a:0a,971,-37,452,175.38,81.64,151,79270,108207
f0:91:27:6b:7a:0a,972,-37,453,175.17,81.64,81,79351,108288
f0:91:27:6b:7a:0a,973,-27,454,174.95,81.63,78,79429,108366
f0:91:27:6b:7a:0a,974,-28,455,174.76,81.64,85,79514,108451
f0:91:27:6b:7a:0a,978,-34,456,175.07,81.63,320,79834,108771
f0:91:27:6b:7a:0a,983,-25,457,175.55,81.62,394,80228,109165
f0:91:27:6b:7a:0a,984,-30,458,175.34,81.61,78,80306,109243
f0:91:27:6b:7a:0a,987,-30,459,175.49,81.61,245,80551,109488
f0:91:27:6b:7a:0a,999,-30,460,177.23,81.61,975,81526,110463
f0:91:27:6b:7a:0a,1000,-38,461,176.99,81.59,68,81594,110531
f0:91:27:6b:7a:0a,1001,-32,462,176.78,81.59,77,81671,110608
f0:91:27:6b:7a:0a,1003,-37,463,176.75,81.59,162,81833,110770
f0:91:27:6b:7a:0a,1007,-34,464,177.05,81.58,316,82149,111086
f0:91:27:6b:7a:0a,1009,-27,465,177.04,81.59,176,82325,111262
f0:91:27:6b:7a:0a,1010,-25,466,176.81,81.58,70,82395,111332
f0:91:27:6b:7a:0a,1013,-34,467,176.95,81.57,239,82634,111571
f0:91:27:6b:7a:0a,1015,-30,468,176.93,81.58,168,82802,111739
f0:91:27:6b:7a:0a,1018,-30,469,177.06,81.57,239,83041,111978
f0:91:27:6b:7a:0a,1019,-34,470,176.86,81.58,85,83126,112063
f0:91:27:6b:7a:0a,1020,-27,471,176.66,81.57,79,83205,112142
f0:91:27:6b:7a:0a,1025,-30,472,177.12,81.56,394,83599,112536
f0:91:27:6b:7a:0a,1031,-25,473,177.75,81.55,477,84076,113013
f0:91:27:6b:7a:0a,1038,-30,474,178.57,81.54,566,84642,113579
f0:91:27:6b:7a:0a,1039,-35,475,178.37,81.55,85,84727,113664
f0:91:27:6b:7a:0a,1040,-27,476,178.16,81.54,77,84804,113741
f0:91:27:6b:7a:0a,1041,-28,477,177.97,81.55,86,84890,113827
f0:91:27:6b:7a:0a,1042,-38,478,177.76,81.55,80,84970,113907
f0:91:27:6b:7a:0a,1043,-25,479,177.56,81.54,79,85049,113986
f0:91:27:6b:7a:0a,1044,-27,480,177.34,81.54,76,85125,114062
f0:91:27:6b:7a:0a,1045,-34,481,177.16,81.54,87,85212,114149
f0:91:27:6b:7a:0a,1046,-27,482,176.96,81.54,84,85296,114233
f0:91:27:6b:7a:0a,1047,-30,483,176.75,81.54,76,85372,114309
f0:91:27:6b:7a:0a,1049,-27,484,176.74,81.55,172,85544,114481
f0:91:27:6b:7a:0a,1051,-30,485,176.70,81.54,157,85701,114638
f0:91:27:6b:7a:0a,1054,-28,486,176.85,81.54,246,85947,114884
f0:91:27:6b:7a:0a,1056,-34,487,176.80,81.54,156,86103,115040
f0:91:27:6b:7a:0a,1057,-27,488,176.60,81.53,79,86182,115119
f0:91:27:6b:7a:0a,1059,-30,489,176.57,81.53,162,86344,115281
f0:91:27:6b:7a:0a,1060,-34,490,176.37,81.53,75,86419,115356
f0:91:27:6b:7a:0a,1061,-25,491,176.19,81.54,90,86509,115446
f0:91:27:6b:7a:0a,1063,-30,492,176.15,81.53,157,86666,115603
f0:91:27:6b:7a:0a,1064,-35,493,175.96,81.53,80,86746,115683
f0:91:27:6b:7a:0a,1069,-27,494,176.41,81.52,403,87149,116086
f0:91:27:6b:7a:0a,1071,-34,495,176.39,81.53,165,87314,116251
f0:91:27:6b:7a:0a,1072,-35,496,176.21,81.53,88,87402,116339
f0:91:27:6b:7a:0a,1073,-27,497,176.01,81.53,77,87479,116416
f0:91:27:6b:7a:0a,1074,-27,498,175.82,81.53,81,87560,116497
f0:91:27:6b:7a:0a,1075,-30,499,175.63,81.53,81,87641,116578
f0:91:27:6b:7a:0a,1082,-30,500,176.38,81.51,551,88192,117129
f0:91:27:6b:7a:0a,1085,-27,501,176.50,81.50,234,88426,117363
f0:91:27:6b:7a:0a,1087,-30,502,176.46,81.49,159,88585,117522
f0:91:27:6b:7a:0a,1088,-34,503,176.27,81.49,77,88662,117599
f0:91:27:6b:7a:0a,1089,-27,504,176.07,81.49,77,88739,117676
f0:91:27:6b:7a:0a,1090,-30,505,175.88,81.48,79,88818,117755
f0:91:27:6b:7a:0a,1093,-34,506,175.98,81.47,228,89046,117983
f0:91:27:6b:7a:0a,1109,-27,507,178.17,81.45,1287,90333,119270
f0:91:27:6b:7a:0a,1110,-30,508,177.98,81.46,83,90416,119353
f0:91:27:6b:7a:0a,1116,-27,509,178.60,81.46,493,90909,119846
f0:91:27:6b:7a:0a,1117,-27,510,178.40,81.45,76,90985,119922
f0:91:27:6b:7a:0a,1121,-30,511,178.68,81.45,322,91307,120244
f0:91:27:6b:7a:0a,1123,-34,512,178.64,81.45,156,91463,120400
f0:91:27:6b:7a:0a,1124,-33,513,178.44,81.44,79,91542,120479
f0:91:27:6b:7a:0a,1126,-27,514,178.41,81.44,162,91704,120641
f0:91:27:6b:7a:0a,1127,-30,515,178.21,81.44,74,91778,120715
f0:91:27:6b:7a:0a,1128,-33,516,178.02,81.44,82,91860,120797
f0:91:27:6b:7a:0a,1130,-27,517,177.98,81.43,156,92016,120953
f0:91:27:6b:7a:0a,1132,-33,518,177.95,81.43,163,92179,121116
f0:91:27:6b:7a:0a,1133,-34,519,177.75,81.42,72,92251,121188
f0:91:27:6b:7a:0a,1134,-27,520,177.56,81.42,79,92330,121267
f0:91:27:6b:7a:0a,1135,-30,521,177.36,81.42,77,92407,121344
f0:91:27:6b:7a:0a,1136,-33,522,177.17,81.41,78,92485,121422
f0:91:27:6b:7a:0a,1138,-30,523,177.15,81.41,163,92648,121585
f0:91:27:6b:7a:0a,1140,-26,524,177.11,81.41,159,92807,121744
f0:91:27:6b:7a:0a,1141,-33,525,176.93,81.41,83,92890,121827
f0:91:27:6b:7a:0a,1142,-26,526,176.76,81.42,86,92976,121913
f0:91:27:6b:7a:0a,1143,-30,527,176.57,81.41,78,93054,121991
f0:91:27:6b:7a:0a,1144,-33,528,176.38,81.41,76,93130,122067
f0:91:27:6b:7a:0a,1146,-29,529,176.36,81.41,167,93297,122234
f0:91:27:6b:7a:0a,1148,-24,530,176.33,81.41,156,93453,122390
f0:91:27:6b:7a:0a,1151,-27,531,176.45,81.40,241,93694,122631
f0:91:27:6b:7a:0a,1152,-27,532,176.27,81.40,82,93776,122713
f0:91:27:6b:7a:0a,1153,-27,533,176.11,81.41,90,93866,122803
f0:91:27:6b:7a:0a,1167,-26,534,177.85,81.38,1108,94974,123911
f0:91:27:6b:7a:0a,1168,-29,535,177.67,81.38,81,95055,123992
f0:91:27:6b:7a:0a,1169,-30,536,177.49,81.38,82,95137,124074
f0:91:27:6b:7a:0a,1174,-30,537,177.91,81.38,402,95539,124476
f0:91:27:6b:7a:0a,1175,-34,538,177.74,81.38,83,95622,124559
f0:91:27:6b:7a:0a,1176,-27,539,177.55,81.38,79,95701,124638
f0:91:27:6b:7a:0a,1182,-30,540,178.10,81.37,474,96175,125112
f0:91:27:6b:7a:0a,1190,-27,541,178.93,81.35,628,96803,125740
f0:91:27:6b:7a:0a,1193,-24,542,179.05,81.35,242,97045,125982
f0:91:27:6b:7a:0a,1194,-29,543,178.86,81.34,78,97123,126060
f0:91:27:6b:7a:0a,1195,-33,544,178.69,81.34,83,97206,126143
f0:91:27:6b:7a:0a,1196,-27,545,178.50,81.34,76,97282,126219
f0:91:27:6b:7a:0a,1202,-34,546,179.02,81.32,463,97745,126682
f0:91:27:6b:7a:0a,1203,-27,547,178.83,81.31,75,97820,126757
f0:91:27:6b:7a:0a,1204,-27,548,178.66,81.32,86,97906,126843
f0:91:27:6b:7a:0a,1206,-34,549,178.62,81.31,154,98060,126997
f0:91:27:6b:7a:0a,1208,-29,550,178.57,81.30,152,98212,127149
f0:91:27:6b:7a:0a,1209,-34,551,178.39,81.30,83,98295,127232
f0:91:27:6b:7a:0a,1210,-29,552,178.23,81.31,89,98384,127321
f0:91:27:6b:7a:0a,1211,-29,553,178.04,81.30,73,98457,127394
f0:91:27:6b:7a:0a,1214,-27,554,178.15,81.30,237,98694,127631
f0:91:27:6b:7a:0a,1217,-33,555,178.25,81.29,232,98926,127863
f0:91:27:6b:7a:0a,1218,-26,556,178.07,81.29,83,99009,127946
f0:91:27:6b:7a:0a,1220,-33,557,178.04,81.29,160,99169,128106
f0:91:27:6b:7a:0a,1221,-29,558,177.87,81.29,80,99249,128186
f0:91:27:6b:7a:0a,1223,-26,559,177.85,81.29,168,99417,128354
f0:91:27:6b:7a:0a,1224,-34,560,177.68,81.29,84,99501,128438
f0:91:27:6b:7a:0a,1225,-27,561,177.50,81.29,76,99577,128514
f0:91:27:6b:7a:0a,1226,-29,562,177.33,81.29,85,99662,128599
f0:91:27:6b:7a:0a,1228,-29,563,177.31,81.29,163,99825,128762
f0:91:27:6b:7a:0a,1229,-33,564,177.13,81.29,76,99901,128838
f0:91:27:6b:7a:0a,1233,-33,565,177.42,81.30,343,100244,129181
f0:91:27:6b:7a:0a,1234,-33,566,177.28,81.32,99,100343,129280
f0:91:27:6b:7a:0a,1236,-24,567,177.29,81.33,182,100525,129462
f0:91:27:6b:7a:0a,1237,-31,568,177.15,81.34,96,100621,129558
f0:91:27:6b:7a:0a,1239,-33,569,177.15,81.36,178,100799,129736
f0:91:27:6b:7a:0a,1241,-27,570,177.18,81.38,194,100993,129930
f0:91:27:6b:7a:0a,1246,-26,571,177.71,81.44,480,101473,130410
f0:91:27:6b:7a:0a,1248,-29,572,177.72,81.45,182,101655,130592
f0:91:27:6b:7a:0a,1250,-31,573,177.73,81.47,183,101838,130775
f0:91:27:6b:7a:0a,1253,-33,574,177.89,81.49,272,102110,131047
f0:91:27:6b:7a:0a,1255,-33,575,177.90,81.51,180,102290,131227
f0:91:27:6b:7a:0a,1256,-29,576,177.76,81.52,99,102389,131326
f0:91:27:6b:7a:0a,1257,-24,577,177.60,81.53,89,102478,131415
f0:91:27:6b:7a:0a,1263,-33,578,178.25,81.57,550,103028,131965
f0:91:27:6b:7a:0a,1264,-27,579,178.10,81.58,93,103121,132058
f0:91:27:6b:7a:0a,1265,-26,580,177.94,81.58,83,103204,132141
f0:91:27:6b:7a:0a,1266,-33,581,177.81,81.60,106,103310,132247
f0:91:27:6b:7a:0a,1267,-29,582,177.67,81.61,93,103403,132340
f0:91:27:6b:7a:0a,1269,-33,583,177.69,81.64,192,103595,132532
f0:91:27:6b:7a:0a,1270,-27,584,177.54,81.64,86,103681,132618
f0:91:27:6b:7a:0a,1272,-24,585,177.56,81.66,192,103873,132810
f0:91:27:6b:7a:0a,1273,-33,586,177.42,81.67,93,103966,132903
f0:91:27:6b:7a:0a,1274,-26,587,177.28,81.68,95,104061,132998
f0:91:27:6b:7a:0a,1275,-24,588,177.14,81.69,98,104159,133096
f0:91:27:6b:7a:0a,1277,-31,589,177.15,81.71,182,104341,133278
f0:91:27:6b:7a:0a,1278,-27,590,177.02,81.72,99,104440,133377
f0:91:27:6b:7a:0a,1279,-26,591,176.87,81.73,93,104533,133470
f0:91:27:6b:7a:0a,1280,-24,592,176.75,81.75,101,104634,133571
f0:91:27:6b:7a:0a,1282,-26,593,176.77,81.77,192,104826,133763
f0:91:27:6b:7a:0a,1283,-27,594,176.63,81.78,95,104921,133858
f0:91:27:6b:7a:0a,1284,-33,595,176.49,81.78,90,105011,133948
f0:91:27:6b:7a:0a,1285,-29,596,176.33,81.79,84,105095,134032
f0:91:27:6b:7a:0a,1287,-33,597,176.36,81.81,190,105285,134222
f0:91:27:6b:7a:0a,1294,-27,598,177.18,81.88,666,105951,134888
f0:91:27:6b:7a:0a,1295,-31,599,177.04,81.89,94,106045,134982
f0:91:27:6b:7a:0a,1300,-29,600,177.52,81.93,469,106514,135451
f0:91:27:6b:7a:0a,1306,-26,601,178.17,81.99,568,107082,136019
f0:91:27:6b:7a:0a,1307,-28,602,178.04,82.00,96,107178,136115
f0:91:27:6b:7a:0a,1324,-27,603,180.36,82.15,1582,108760,137697
f0:91:27:6b:7a:0a,1325,-29,604,180.24,82.16,107,108867,137804
f0:91:27:6b:7a:0a,1326,-26,605,180.09,82.17,88,108955,137892
f0:91:27:6b:7a:0a,1327,-24,606,179.96,82.18,101,109056,137993
f0:91:27:6b:7a:0a,1328,-33,607,179.81,82.19,88,109144,138081
f0:91:27:6b:7a:0a,1329,-29,608,179.66,82.19,88,109232,138169
f0:91:27:6b:7a:0a,1330,-28,609,179.53,82.20,100,109332,138269
f0:91:27:6b:7a:0a,1331,-26,610,179.39,82.21,94,109426,138363
f0:91:27:6b:7a:0a,1334,-29,611,179.55,82.24,281,109707,138644
f0:91:27:6b:7a:0a,1340,-26,612,180.14,82.27,536,110243,139180
f0:91:27:6b:7a:0a,1341,-33,613,180.00,82.28,95,110338,139275
f0:91:27:6b:7a:0a,1342,-29,614,179.85,82.29,90,110428,139365
f0:91:27:6b:7a:0a,1343,-33,615,179.71,82.29,92,110520,139457
f0:91:27:6b:7a:0a,1351,-26,616,180.57,82.33,714,111234,140171
f0:91:27:6b:7a:0a,1352,-31,617,180.43,82.34,91,111325,140262
f0:91:27:6b:7a:0a,1353,-26,618,180.26,82.34,77,111402,140339
f0:91:27:6b:7a:0a,1354,-33,619,180.11,82.34,86,111488,140425
f0:91:27:6b:7a:0a,1355,-26,620,179.97,82.35,94,111582,140519
f0:91:27:6b:7a:0a,1357,-26,621,179.95,82.35,167,111749,140686
f0:91:27:6b:7a:0a,1358,-33,622,179.79,82.35,82,111831,140768
f0:91:27:6b:7a:0a,1359,-29,623,179.66,82.36,98,111929,140866
f0:91:27:6b:7a:0a,1360,-33,624,179.51,82.36,84,112013,140950
f0:91:27:6b:7a:0a,1361,-27,625,179.36,82.37,88,112101,141038
f0:91:27:6b:7a:0a,1363,-32,626,179.33,82.36,159,112260,141197
f0:91:27:6b:7a:0a,1365,-32,627,179.31,82.37,170,112430,141367
f0:91:27:6b:7a:0a,1369,-33,628,179.57,82.38,343,112773,141710
f0:91:27:6b:7a:0a,1373,-31,629,179.84,82.39,347,113120,142057
f0:91:27:6b:7a:0a,1374,-26,630,179.69,82.39,87,113207,142144
f0:91:27:6b:7a:0a,1375,-29,631,179.54,82.39,83,113290,142227
f0:91:27:6b:7a:0a,1376,-26,632,179.39,82.40,87,113377,142314
f0:91:27:6b:7a:0a,1377,-26,633,179.24,82.40,82,113459,142396
f0:91:27:6b:7a:0a,1378,-26,634,179.08,82.39,77,113536,142473
f0:91:27:6b:7a:0a,1379,-32,635,178.93,82.39,83,113619,142556
f0:91:27:6b:7a:0a,1386,-32,636,179.58,82.40,593,114212,143149
f0:91:27:6b:7a:0a,1389,-29,637,179.68,82.40,246,114458,143395
f0:91:27:6b:7a:0a,1390,-31,638,179.53,82.40,81,114539,143476
f0:91:27:6b:7a:0a,1392,-31,639,179.52,82.41,177,114716,143653
f0:91:27:6b:7a:0a,1395,-26,640,179.64,82.42,253,114969,143906
f0:91:27:6b:7a:0a,1396,-33,641,179.49,82.41,82,115051,143988
f0:91:27:6b:7a:0a,1397,-27,642,179.35,82.42,93,115144,144081
f0:91:27:6b:7a:0a,1399,-32,643,179.33,82.42,164,115308,144245
f0:91:27:6b:7a:0a,1400,-27,644,179.18,82.42,86,115394,144331
f0:91:27:6b:7a:0a,1401,-29,645,179.03,82.42,82,115476,144413
f0:91:27:6b:7a:0a,1407,-31,646,179.55,82.44,514,115990,144927
f0:91:27:6b:7a:0a,1408,-33,647,179.42,82.45,97,116087,145024
f0:91:27:6b:7a:0a,1409,-27,648,179.27,82.45,81,116168,145105
f0:91:27:6b:7a:0a,1410,-33,649,179.13,82.45,89,116257,145194
f0:91:27:6b:7a:0a,1414,-33,650,179.37,82.46,336,116593,145530
f0:91:27:6b:7a:0a,1415,-26,651,179.23,82.46,86,116679,145616
f0:91:27:6b:7a:0a,1419,-33,652,179.47,82.46,335,117014,145951
f0:91:27:6b:7a:0a,1422,-32,653,179.56,82.46,241,117255,146192
f0:91:27:6b:7a:0a,1423,-27,654,179.42,82.46,84,117339,146276
f0:91:27:6b:7a:0a,1424,-29,655,179.27,82.46,82,117421,146358
f0:91:27:6b:7a:0a,1427,-28,656,179.36,82.45,241,117662,146599
f0:91:27:6b:7a:0a,1428,-32,657,179.22,82.45,83,117745,146682
f0:91:27:6b:7a:0a,1429,-29,658,179.07,82.46,84,117829,146766
f0:91:27:6b:7a:0a,1435,-24,659,179.51,82.44,470,118299,147236
f0:91:27:6b:7a:0a,1436,-26,660,179.36,82.43,77,118376,147313
f0:91:27:6b:7a:0a,1439,-27,661,179.44,82.43,235,118611,147548
f0:91:27:6b:7a:0a,1449,-26,662,180.36,82.40,785,119396,148333
f0:91:27:6b:7a:0a,1450,-26,663,180.20,82.39,74,119470,148407
f0:91:27:6b:7a:0a,1452,-29,664,180.16,82.38,153,119623,148560
f0:91:27:6b:7a:0a,1453,-32,665,180.00,82.38,80,119703,148640
f0:91:27:6b:7a:0a,1454,-26,666,179.85,82.38,79,119782,148719
f0:91:27:6b:7a:0a,1455,-26,667,179.70,82.38,77,119859,148796
f0:91:27:6b:7a:0a,1457,-24,668,179.66,82.37,152,120011,148948
f0:91:27:6b:7a:0a,1458,-26,669,179.51,82.37,80,120091,149028
f0:91:27:6b:7a:0a,1459,-33,670,179.38,82.37,91,120182,149119
f0:91:27:6b:7a:0a,1460,-28,671,179.24,82.38,91,120273,149210
f0:91:27:6b:7a:0a,1461,-33,672,179.09,82.37,75,120348,149285
f0:91:27:6b:7a:0a,1462,-27,673,178.95,82.37,84,120432,149369
f0:91:27:6b:7a:0a,1465,-33,674,179.04,82.37,238,120670,149607
f0:91:27:6b:7a:0a,1467,-27,675,179.00,82.36,152,120822,149759
f0:91:27:6b:7a:0a,1468,-26,676,178.84,82.36,77,120899,149836
f0:91:27:6b:7a:0a,1469,-32,677,178.70,82.36,81,120980,149917
f0:91:27:6b:7a:0a,1475,-33,678,179.15,82.35,484,121464,150401
f0:91:27:6b:7a:0a,1476,-26,679,178.99,82.34,71,121535,150472
f0:91:27:6b:7a:0a,1483,-28,680,179.56,82.34,569,122104,151041
f0:91:27:6b:7a:0a,1487,-29,681,179.76,82.32,310,122414,151351
f0:91:27:6b:7a:0a,1488,-33,682,179.61,82.32,78,122492,151429
f0:91:27:6b:7a:0a,1490,-26,683,179.57,82.31,156,122648,151585
f0:91:27:6b:7a:0a,1492,-31,684,179.54,82.31,160,122808,151745
f0:91:27:6b:7a:0a,1493,-26,685,179.40,82.31,84,122892,151829
f0:91:27:6b:7a:0a,1494,-29,686,179.27,82.31,86,122978,151915
f0:91:27:6b:7a:0a,1495,-32,687,179.12,82.31,76,123054,151991
f0:91:27:6b:7a:0a,1496,-32,688,178.97,82.31,78,123132,152069
f0:91:27:6b:7a:0a,1497,-29,689,178.84,82.31,88,123220,152157
f0:91:27:6b:7a:0a,1502,-26,690,179.15,82.30,393,123613,152550
f0:91:27:6b:7a:0a,1503,-24,691,179.01,82.30,82,123695,152632
f0:91:27:6b:7a:0a,1510,-29,692,179.60,82.31,589,124284,153221
f0:91:27:6b:7a:0a,1511,-31,693,179.45,82.30,74,124358,153295
f0:91:27:6b:7a:0a,1513,-29,694,179.42,82.30,159,124517,153454
f0:91:27:6b:7a:0a,1514,-33,695,179.27,82.30,79,124596,153533
f0:91:27:6b:7a:0a,1515,-27,696,179.12,82.29,75,124671,153608
f0:91:27:6b:7a:0a,1519,-27,697,179.33,82.29,323,124994,153931
f0:91:27:6b:7a:0a,1520,-28,698,179.18,82.28,77,125071,154008
f0:91:27:6b:7a:0a,1521,-33,699,179.04,82.28,80,125151,154088
f0:91:27:6b:7a:0a,1524,-28,700,179.12,82.27,232,125383,154320
f0:91:27:6b:7a:0a,1526,-27,701,179.09,82.27,156,125539,154476
f0:91:27:6b:7a:0a,1528,-27,702,179.07,82.27,166,125705,154642
f0:91:27:6b:7a:0a,1529,-29,703,178.93,82.27,80,125785,154722
f0:91:27:6b:7a:0a,1530,-33,704,178.78,82.26,77,125862,154799
f0:91:27:6b:7a:0a,1531,-27,705,178.64,82.26,77,125939,154876
f0:91:27:6b:7a:0a,1533,-33,706,178.61,82.25,157,126096,155033
f0:91:27:6b:7a:0a,1536,-32,707,178.70,82.25,247,126343,155280
f0:91:27:6b:7a:0a,1537,-27,708,178.56,82.25,78,126421,155358
f0:91:27:6b:7a:0a,1539,-26,709,178.54,82.25,161,126582,155519
f0:91:27:6b:7a:0a,1542,-32,710,178.62,82.24,238,126820,155757
f0:91:27:6b:7a:0a,1543,-33,711,178.48,82.24,77,126897,155834
f0:91:27:6b:7a:0a,1546,-32,712,178.56,82.23,237,127134,156071
f0:91:27:6b:7a:0a,1551,-28,713,178.87,82.23,398,127532,156469
f0:91:27:6b:7a:0a,1552,-31,714,178.72,82.22,75,127607,156544
f0:91:27:6b:7a:0a,1553,-27,715,178.59,82.22,87,127694,156631
f0:91:27:6b:7a:0a,1555,-26,716,178.56,82.22,154,127848,156785
f0:91:27:6b:7a:0a,1556,-27,717,178.43,82.22,86,127934,156871
f0:91:27:6b:7a:0a,1557,-24,718,178.29,82.22,75,128009,156946
f0:91:27:6b:7a:0a,1559,-31,719,178.26,82.21,163,128172,157109
f0:91:27:6b:7a:0a,1560,-32,720,178.12,82.21,75,128247,157184
f0:91:27:6b:7a:0a,1561,-26,721,177.98,82.21,78,128325,157262
f0:91:27:6b:7a:0a,1563,-29,722,177.94,82.20,151,128476,157413
f0:91:27:6b:7a:0a,1564,-32,723,177.81,82.20,83,128559,157496
f0:91:27:6b:7a:0a,1565,-26,724,177.67,82.19,73,128632,157569
f0:91:27:6b:7a:0a,1566,-26,725,177.53,82.19,77,128709,157646
f0:91:27:6b:7a:0a,1567,-29,726,177.40,82.19,81,128790,157727
f0:91:27:6b:7a:0a,1568,-32,727,177.26,82.18,76,128866,157803
f0:91:27:6b:7a:0a,1569,-27,728,177.13,82.18,82,128948,157885
f0:91:27:6b:7a:0a,1570,-29,729,176.98,82.18,71,129019,157956
f0:91:27:6b:7a:0a,1573,-27,730,177.06,82.17,235,129254,158191
f0:91:27:6b:7a:0a,1574,-29,731,176.93,82.17,81,129335,158272
f0:91:27:6b:7a:0a,1577,-24,732,177.00,82.16,232,129567,158504
f0:91:27:6b:7a:0a,1579,-29,733,176.98,82.16,159,129726,158663
f0:91:27:6b:7a:0a,1582,-27,734,177.05,82.15,228,129954,158891
f0:91:27:6b:7a:0a,1583,-29,735,176.92,82.15,83,130037,158974
f0:91:27:6b:7a:0a,1584,-32,736,176.80,82.15,86,130123,159060
f0:91:27:6b:7a:0a,1589,-32,737,177.11,82.14,405,130528,159465
f0:91:27:6b:7a:0a,1590,-26,738,176.96,82.14,70,130598,159535
f0:91:27:6b:7a:0a,1591,-29,739,176.84,82.14,89,130687,159624
f0:91:27:6b:7a:0a,1592,-32,740,176.71,82.14,78,130765,159702
f0:91:27:6b:7a:0a,1593,-32,741,176.57,82.14,77,130842,159779
f0:91:27:6b:7a:0a,1594,-27,742,176.45,82.13,81,130923,159860
f0:91:27:6b:7a:0a,1595,-29,743,176.31,82.13,79,131002,159939
f0:91:27:6b:7a:0a,1596,-29,744,176.18,82.13,73,131075,160012
f0:91:27:6b:7a:0a,1597,-27,745,176.06,82.13,87,131162,160099
f0:91:27:6b:7a:0a,1599,-29,746,176.03,82.13,156,131318,160255
f0:91:27:6b:7a:0a,1600,-33,747,175.90,82.12,77,131395,160332
f0:91:27:6b:7a:0a,1601,-31,748,175.77,82.12,78,131473,160410
f0:91:27:6b:7a:0a,1605,-32,749,175.97,82.12,331,131804,160741
f0:91:27:6b:7a:0a,1606,-27,750,175.84,82.12,78,131882,160819
f0:91:27:6b:7a:0a,1608,-33,751,175.83,82.12,163,132045,160982
f0:91:27:6b:7a:0a,1610,-27,752,175.80,82.11,160,132205,161142
f0:91:27:6b:7a:0a,1611,-26,753,175.68,82.11,80,132285,161222
f0:91:27:6b:7a:0a,1613,-29,754,175.67,82.12,173,132458,161395
f0:91:27:6b:7a:0a,1614,-33,755,175.55,82.12,80,132538,161475
f0:91:27:6b:7a:0a,1615,-29,756,175.43,82.12,87,132625,161562
f0:91:27:6b:7a:0a,1621,-27,757,175.82,82.11,473,133098,162035
f0:91:27:6b:7a:0a,1627,-32,758,176.22,82.10,478,133576,162513
f0:91:27:6b:7a:0a,1628,-32,759,176.09,82.10,76,133652,162589
f0:91:27:6b:7a:0a,1629,-24,760,175.96,82.09,79,133731,162668
f0:91:27:6b:7a:0a,1632,-32,761,176.04,82.09,237,133968,162905
f0:91:27:6b:7a:0a,1633,-27,762,175.91,82.08,74,134042,162979
f0:91:27:6b:7a:0a,1637,-29,763,176.10,82.08,324,134366,163303
f0:91:27:6b:7a:0a,1645,-33,764,176.72,82.08,649,135015,163952
f0:91:27:6b:7a:0a,1647,-27,765,176.69,82.07,151,135166,164103
f0:91:27:6b:7a:0a,1648,-29,766,176.56,82.07,79,135245,164182
f0:91:27:6b:7a:0a,1649,-32,767,176.44,82.07,81,135326,164263
f0:91:27:6b:7a:0a,1652,-26,768,176.51,82.06,232,135558,164495
f0:91:27:6b:7a:0a,1653,-33,769,176.39,82.06,86,135644,164581
f0:91:27:6b:7a:0a,1668,-26,770,177.70,82.03,1184,136828,165765
f0:91:27:6b:7a:0a,1669,-29,771,177.57,82.03,79,136907,165844
f0:91:27:6b:7a:0a,1671,-27,772,177.55,82.03,164,137071,166008
f0:91:27:6b:7a:0a,1677,-32,773,177.93,82.01,466,137537,166474
f0:91:27:6b:7a:0a,1692,-33,774,179.25,82.00,1205,138742,167679
f0:91:27:6b:7a:0a,1693,-27,775,179.13,82.00,82,138824,167761
f0:91:27:6b:7a:0a,1694,-28,776,179.00,82.00,80,138904,167841
f0:91:27:6b:7a:0a,1696,-32,777,178.97,81.99,157,139061,167998
f0:91:27:6b:7a:0a,1697,-24,778,178.85,81.99,84,139145,168082
f0:91:27:6b:7a:0a,1708,-26,779,179.74,81.98,876,140021,168958
f0:91:27:6b:7a:0a,1712,-27,780,179.91,81.97,308,140329,169266
f0:91:27:6b:7a:0a,1718,-27,781,180.29,81.96,480,140809,169746
f0:91:27:6b:7a:0a,1721,-27,782,180.37,81.96,239,141048,169985
f0:91:27:6b:7a:0a,1722,-29,783,180.24,81.96,80,141128,170065
f0:91:27:6b:7a:0a,1723,-32,784,180.12,81.96,83,141211,170148
f0:91:27:6b:7a:0a,1724,-27,785,179.99,81.96,82,141293,170230
f0:91:27:6b:7a:0a,1727,-31,786,180.05,81.95,229,141522,170459
f0:91:27:6b:7a:0a,1732,-28,787,180.33,81.94,395,141917,170854
f0:91:27:6b:7a:0a,1733,-33,788,180.20,81.94,79,141996,170933
f0:91:27:6b:7a:0a,1734,-24,789,180.07,81.94,80,142076,171013
f0:91:27:6b:7a:0a,1737,-26,790,180.15,81.93,244,142320,171257
f0:91:27:6b:7a:0a,1740,-29,791,180.25,81.94,257,142577,171514
f0:91:27:6b:7a:0a,1741,-32,792,180.12,81.94,75,142652,171589
f0:91:27:6b:7a:0a,1751,-31,793,180.91,81.93,809,143461,172398
f0:91:27:6b:7a:0a,1752,-26,794,180.78,81.93,79,143540,172477
f0:91:27:6b:7a:0a,1753,-26,795,180.66,81.93,84,143624,172561
f0:91:27:6b:7a:0a,1758,-32,796,180.93,81.92,400,144024,172961
f0:91:27:6b:7a:0a,1760,-26,797,180.91,81.92,160,144184,173121
f0:91:27:6b:7a:0a,1768,-29,798,181.47,81.91,629,144813,173750
f0:91:27:6b:7a:0a,1769,-31,799,181.35,81.91,87,144900,173837
f0:91:27:6b:7a:0a,1771,-29,800,181.33,81.91,164,145064,174001
f0:91:27:6b:7a:0a,1772,-26,801,181.20,81.91,79,145143,174080
f0:91:27:6b:7a:0a,1773,-32,802,181.08,81.91,86,145229,174166
f0:91:27:6b:7a:0a,1776,-33,803,181.16,81.91,245,145474,174411
f0:91:27:6b:7a:0a,1779,-26,804,181.24,81.91,239,145713,174650
f0:91:27:6b:7a:0a,1780,-32,805,181.12,81.91,87,145800,174737
f0:91:27:6b:7a:0a,1782,-27,806,181.09,81.91,156,145956,174893
f0:91:27:6b:7a:0a,1783,-29,807,180.96,81.90,77,146033,174970
f0:91:27:6b:7a:0a,1788,-33,808,181.23,81.90,398,146431,175368
f0:91:27:6b:7a:0a,1790,-29,809,181.20,81.89,160,146591,175528
f0:91:27:6b:7a:0a,1794,-29,810,181.37,81.89,316,146907,175844
f0:91:27:6b:7a:0a,1796,-27,811,181.34,81.88,158,147065,176002
f0:91:27:6b:7a:0a,1798,-29,812,181.32,81.89,167,147232,176169
f0:91:27:6b:7a:0a,1799,-32,813,181.19,81.88,74,147306,176243
f0:91:27:6b:7a:0a,1805,-26,814,181.55,81.87,473,147779,176716
f0:91:27:6b:7a:0a,1806,-33,815,181.42,81.87,82,147861,176798
f0:91:27:6b:7a:0a,1807,-33,816,181.30,81.87,78,147939,176876
f0:91:27:6b:7a:0a,1808,-26,817,181.17,81.87,74,148013,176950
f0:91:27:6b:7a:0a,1809,-26,818,181.04,81.86,78,148091,177028
f0:91:27:6b:7a:0a,1810,-29,819,180.92,81.86,81,148172,177109
f0:91:27:6b:7a:0a,1811,-31,820,180.80,81.86,81,148253,177190
f0:91:27:6b:7a:0a,1812,-32,821,180.67,81.86,73,148326,177263
f0:91:27:6b:7a:0a,1813,-26,822,180.53,81.85,72,148398,177335
f0:91:27:6b:7a:0a,1814,-29,823,180.42,81.86,88,148486,177423
f0:91:27:6b:7a:0a,1815,-29,824,180.30,81.85,79,148565,177502
f0:91:27:6b:7a:0a,1817,-33,825,180.26,81.85,152,148717,177654
f0:91:27:6b:7a:0a,1818,-26,826,180.15,81.85,85,148802,177739
f0:91:27:6b:7a:0a,1819,-27,827,180.02,81.84,73,148875,177812
f0:91:27:6b:7a:0a,1825,-32,828,180.38,81.84,479,149354,178291
f0:91:27:6b:7a:0a,1827,-26,829,180.34,81.83,150,149504,178441
f0:91:27:6b:7a:0a,1830,-32,830,180.42,81.83,248,149752,178689
f0:91:27:6b:7a:0a,1831,-24,831,180.30,81.83,79,149831,178768
f0:91:27:6b:7a:0a,1832,-26,832,180.17,81.83,73,149904,178841
f0:91:27:6b:7a:0a,1833,-29,833,180.05,81.82,80,149984,178921
f0:91:27:6b:7a:0a,1834,-32,834,179.93,81.82,81,150065,179002
f0:91:27:6b:7a:0a,1836,-29,835,179.91,81.82,160,150225,179162
f0:91:27:6b:7a:0a,1837,-32,836,179.78,81.82,71,150296,179233
f0:91:27:6b:7a:0a,1838,-27,837,179.66,81.81,78,150374,179311
f0:91:27:6b:7a:0a,1839,-26,838,179.53,81.81,75,150449,179386
f0:91:27:6b:7a:0a,1841,-33,839,179.52,81.81,165,150614,179551
f0:91:27:6b:7a:0a,1842,-28,840,179.40,81.81,85,150699,179636
f0:91:27:6b:7a:0a,1843,-33,841,179.29,81.81,80,150779,179716
f0:91:27:6b:7a:0a,1844,-29,842,179.16,81.81,77,150856,179793
f0:91:27:6b:7a:0a,1850,-26,843,179.55,81.82,505,151361,180298
f0:91:27:6b:7a:0a,1855,-26,844,179.81,81.81,402,151763,180700
f0:91:27:6b:7a:0a,1856,-24,845,179.70,81.81,80,151843,180780
f0:91:27:6b:7a:0a,1857,-29,846,179.57,81.81,75,151918,180855
f0:91:27:6b:7a:0a,1859,-26,847,179.55,81.81,158,152076,181013
f0:91:27:6b:7a:0a,1860,-29,848,179.43,81.81,82,152158,181095
f0:91:27:6b:7a:0a,1861,-32,849,179.33,81.81,90,152248,181185
f0:91:27:6b:7a:0a,1863,-27,850,179.30,81.80,154,152402,181339
f0:91:27:6b:7a:0a,1864,-29,851,179.18,81.80,76,152478,181415
f0:91:27:6b:7a:0a,1867,-29,852,179.24,81.80,236,152714,181651
f0:91:27:6b:7a:0a,1868,-29,853,179.12,81.79,76,152790,181727
f0:91:27:6b:7a:0a,1869,-32,854,179.01,81.79,84,152874,181811
f0:91:27:6b:7a:0a,1870,-26,855,178.89,81.79,77,152951,181888
f0:91:27:6b:7a:0a,1879,-29,856,179.52,81.78,715,153666,182603
f0:91:27:6b:7a:0a,1884,-29,857,179.78,81.78,407,154073,183010
f0:91:27:6b:7a:0a,1890,-29,858,180.12,81.77,468,154541,183478
f0:91:27:6b:7a:0a,1891,-32,859,180.00,81.77,81,154622,183559
f0:91:27:6b:7a:0a,1893,-29,860,179.98,81.76,159,154781,183718
f0:91:27:6b:7a:0a,1896,-26,861,180.05,81.76,242,155023,183960
f0:91:27:6b:7a:0a,1897,-29,862,179.92,81.76,71,155094,184031
f0:91:27:6b:7a:0a,1899,-27,863,179.90,81.76,161,155255,184192
f0:91:27:6b:7a:0a,1900,-29,864,179.78,81.75,75,155330,184267
f0:91:27:6b:7a:0a,1901,-33,865,179.67,81.75,84,155414,184351
f0:91:27:6b:7a:0a,1902,-24,866,179.56,81.76,88,155502,184439
f0:91:27:6b:7a:0a,1903,-28,867,179.45,81.76,80,155582,184519
f0:91:27:6b:7a:0a,1905,-29,868,179.44,81.76,169,155751,184688
f0:91:27:6b:7a:0a,1907,-33,869,179.41,81.76,156,155907,184844
f0:91:27:6b:7a:0a,1909,-28,870,179.38,81.75,157,156064,185001
f0:91:27:6b:7a:0a,1910,-32,871,179.26,81.75,72,156136,185073
f0:91:27:6b:7a:0a,1911,-26,872,179.15,81.75,83,156219,185156
f0:91:27:6b:7a:0a,1912,-29,873,179.04,81.75,82,156301,185238
f0:91:27:6b:7a:0a,1915,-29,874,179.12,81.75,248,156549,185486
f0:91:27:6b:7a:0a,1917,-26,875,179.10,81.75,163,156712,185649
f0:91:27:6b:7a:0a,1918,-24,876,179.00,81.75,90,156802,185739
f0:91:27:6b:7a:0a,1919,-29,877,178.89,81.76,86,156888,185825
f0:91:27:6b:7a:0a,1920,-27,878,178.80,81.76,95,156983,185920
f0:91:27:6b:7a:0a,1921,-33,879,178.70,81.77,91,157074,186011
f0:91:27:6b:7a:0a,1922,-29,880,178.59,81.77,81,157155,186092
f0:91:27:6b:7a:0a,1924,-33,881,178.58,81.77,176,157331,186268
f0:91:27:6b:7a:0a,1930,-31,882,179.00,81.80,546,157877,186814
f0:91:27:6b:7a:0a,1931,-32,883,178.91,81.81,100,157977,186914
f0:91:27:6b:7a:0a,1937,-33,884,179.33,81.84,552,158529,187466
f0:91:27:6b:7a:0a,1938,-29,885,179.23,81.85,91,158620,187557
f0:91:27:6b:7a:0a,1942,-29,886,179.45,81.87,377,158997,187934
f0:91:27:6b:7a:0a,1943,-28,887,179.37,81.88,101,159098,188035
f0:91:27:6b:7a:0a,1944,-24,888,179.27,81.89,91,159189,188126
f0:91:27:6b:7a:0a,1945,-32,889,179.17,81.89,94,159283,188220
f0:91:27:6b:7a:0a,1946,-29,890,179.08,81.90,94,159377,188314
f0:91:27:6b:7a:0a,1947,-29,891,178.98,81.91,96,159473,188410
f0:91:27:6b:7a:0a,1948,-26,892,178.88,81.91,90,159563,188500
f0:91:27:6b:7a:0a,1950,-29,893,178.89,81.92,183,159746,188683
f0:91:27:6b:7a:0a,1952,-27,894,178.90,81.93,188,159934,188871
f0:91:27:6b:7a:0a,1955,-24,895,179.01,81.95,282,160216,189153
f0:91:27:6b:7a:0a,1956,-29,896,178.91,81.95,87,160303,189240
f0:91:27:6b:7a:0a,1957,-27,897,178.81,81.96,90,160393,189330
f0:91:27:6b:7a:0a,1958,-27,898,178.72,81.97,102,160495,189432
f0:91:27:6b:7a:0a,1961,-31,899,178.83,81.98,273,160768,189705
f0:91:27:6b:7a:0a,1962,-33,900,178.74,81.99,97,160865,189802
f0:91:27:6b:7a:0a,1963,-28,901,178.65,82.00,95,160960,189897
f0:91:27:6b:7a:0a,1964,-26,902,178.56,82.00,97,161057,189994
f0:91:27:6b:7a:0a,1965,-27,903,178.46,82.01,93,161150,190087
f0:91:27:6b:7a:0a,1966,-33,904,178.37,82.02,95,161245,190182
f0:91:27:6b:7a:0a,1967,-26,905,178.27,82.02,93,161338,190275
f0:91:27:6b:7a:0a,1968,-26,906,178.19,82.03,98,161436,190373
f0:91:27:6b:7a:0a,1969,-33,907,178.09,82.04,94,161530,190467
f0:91:27:6b:7a:0a,1970,-31,908,178.00,82.04,98,161628,190565
f0:91:27:6b:7a:0a,1971,-29,909,177.91,82.05,92,161720,190657
f0:91:27:6b:7a:0a,1973,-26,910,177.93,82.06,194,161914,190851
f0:91:27:6b:7a:0a,1975,-26,911,177.94,82.08,189,162103,191040
f0:91:27:6b:7a:0a,1976,-26,912,177.84,82.08,90,162193,191130
f0:91:27:6b:7a:0a,1978,-29,913,177.86,82.10,193,162386,191323
f0:91:27:6b:7a:0a,1980,-26,914,177.87,82.11,189,162575,191512
f0:91:27:6b:7a:0a,1982,-30,915,177.89,82.13,198,162773,191710
f0:91:27:6b:7a:0a,1983,-28,916,177.79,82.13,87,162860,191797
f0:91:27:6b:7a:0a,1984,-27,917,177.71,82.14,96,162956,191893
f0:91:27:6b:7a:0a,1985,-31,918,177.62,82.14,95,163051,191988
f0:91:27:6b:7a:0a,1987,-26,919,177.62,82.15,182,163233,192170
f0:91:27:6b:7a:0a,1988,-33,920,177.52,82.15,90,163323,192260
f0:91:27:6b:7a:0a,1989,-33,921,177.44,82.16,103,163426,192363
f0:91:27:6b:7a:0a,1990,-26,922,177.35,82.17,91,163517,192454
f0:91:27:6b:7a:0a,1991,-27,923,177.26,82.17,93,163610,192547
f0:91:27:6b:7a:0a,1994,-26,924,177.39,82.20,297,163907,192844
f0:91:27:6b:7a:0a,1996,-26,925,177.41,82.22,195,164102,193039
f0:91:27:6b:7a:0a,1997,-32,926,177.32,82.22,100,164202,193139
f0:91:27:6b:7a:0a,1998,-29,927,177.23,82.23,88,164290,193227
f0:91:27:6b:7a:0a,1999,-27,928,177.14,82.24,100,164390,193327
f0:91:27:6b:7a:0a,2001,-29,929,177.15,82.25,185,164575,193512
f0:91:27:6b:7a:0a,2004,-31,930,177.27,82.27,285,164860,193797
f0:91:27:6b:7a:0a,2009,-32,931,177.57,82.29,459,165319,194256
f0:91:27:6b:7a:0a,2012,-26,932,177.68,82.31,280,165599,194536
f0:91:27:6b:7a:0a,2013,-32,933,177.59,82.31,93,165692,194629
f0:91:27:6b:7a:0a,2017,-31,934,177.81,82.34,379,166071,195008
f0:91:27:6b:7a:0a,2019,-29,935,177.82,82.35,190,166261,195198
f0:91:27:6b:7a:0a,2020,-26,936,177.72,82.35,87,166348,195285
f0:91:27:6b:7a:0a,2022,-24,937,177.72,82.36,180,166528,195465
f0:91:27:6b:7a:0a,2024,-26,938,177.74,82.37,188,166716,195653
f0:91:27:6b:7a:0a,2025,-29,939,177.65,82.38,99,166815,195752
f0:91:27:6b:7a:0a,2026,-24,940,177.56,82.38,91,166906,195843
f0:91:27:6b:7a:0a,2028,-26,941,177.57,82.39,186,167092,196029
f0:91:27:6b:7a:0a,2030,-29,942,177.57,82.40,176,167268,196205
f0:91:27:6b:7a:0a,2031,-26,943,177.49,82.41,102,167370,196307
f0:91:27:6b:7a:0a,2032,-31,944,177.39,82.41,88,167458,196395
f0:91:27:6b:7a:0a,2034,-31,945,177.40,82.42,184,167642,196579
f0:91:27:6b:7a:0a,2040,-32,946,177.79,82.45,548,168190,197127
f0:91:27:6b:7a:0a,2046,-32,947,178.17,82.47,537,168727,197664
f0:91:27:6b:7a:0a,2047,-28,948,178.07,82.47,86,168813,197750
f0:91:27:6b:7a:0a,2050,-26,949,178.16,82.48,265,169078,198015
f0:91:27:6b:7a:0a,2054,-33,950,178.33,82.48,334,169412,198349
f0:91:27:6b:7a:0a,2055,-26,951,178.23,82.48,82,169494,198431
f0:91:27:6b:7a:0a,2060,-24,952,178.49,82.48,425,169919,198856
f0:91:27:6b:7a:0a,2066,-32,953,178.82,82.49,499,170418,199355
f0:91:27:6b:7a:0a,2067,-28,954,178.72,82.49,85,170503,199440
f0:91:27:6b:7a:0a,2074,-27,955,179.14,82.49,578,171081,200018
f0:91:27:6b:7a:0a,2075,-31,956,179.04,82.49,84,171165,200102
f0:91:27:6b:7a:0a,2076,-27,957,178.94,82.49,76,171241,200178
f0:91:27:6b:7a:0a,2077,-29,958,178.84,82.49,88,171329,200266
f0:91:27:6b:7a:0a,2078,-33,959,178.74,82.49,86,171415,200352
f0:91:27:6b:7a:0a,2079,-26,960,178.65,82.49,86,171501,200438
f0:91:27:6b:7a:0a,2080,-28,961,178.54,82.49,74,171575,200512
f0:91:27:6b:7a:0a,2089,-26,962,179.13,82.49,751,172326,201263
f0:91:27:6b:7a:0a,2091,-32,963,179.12,82.49,165,172491,201428
f0:91:27:6b:7a:0a,2097,-27,964,179.46,82.50,504,172995,201932
f0:91:27:6b:7a:0a,2098,-27,965,179.36,82.50,87,173082,202019
f0:91:27:6b:7a:0a,2099,-29,966,179.26,82.50,81,173163,202100
f0:91:27:6b:7a:0a,2101,-28,967,179.25,82.50,171,173334,202271
f0:91:27:6b:7a:0a,2102,-33,968,179.15,82.50,79,173413,202350
f0:91:27:6b:7a:0a,2103,-26,969,179.05,82.50,84,173497,202434
f0:91:27:6b:7a:0a,2104,-33,970,178.95,82.50,82,173579,202516
f0:91:27:6b:7a:0a,2105,-27,971,178.85,82.50,84,173663,202600
f0:91:27:6b:7a:0a,2106,-26,972,178.75,82.50,84,173747,202684
f0:91:27:6b:7a:0a,2108,-27,973,178.74,82.50,168,173915,202852
f0:91:27:6b:7a:0a,2109,-29,974,178.63,82.50,71,173986,202923
f0:91:27:6b:7a:0a,2110,-33,975,178.54,82.50,87,174073,203010
f0:91:27:6b:7a:0a,2112,-33,976,178.53,82.50,172,174245,203182
f0:91:27:6b:7a:0a,2113,-27,977,178.42,82.50,75,174320,203257
f0:91:27:6b:7a:0a,2114,-26,978,178.32,82.50,80,174400,203337
f0:91:27:6b:7a:0a,2115,-32,979,178.22,82.50,81,174481,203418
f0:91:27:6b:7a:0a,2117,-26,980,178.21,82.50,165,174646,203583
f0:91:27:6b:7a:0a,2118,-31,981,178.11,82.50,80,174726,203663
f0:91:27:6b:7a:0a,2122,-33,982,178.25,82.49,315,175041,203978
f0:91:27:6b:7a:0a,2123,-27,983,178.15,82.49,77,175118,204055
f0:91:27:6b:7a:0a,2127,-28,984,178.29,82.48,321,175439,204376
f0:91:27:6b:7a:0a,2128,-28,985,178.18,82.48,73,175512,204449
f0:91:27:6b:7a:0a,2129,-31,986,178.08,82.48,79,175591,204528
f0:91:27:6b:7a:0a,2131,-26,987,178.06,82.47,159,175750,204687
f0:91:27:6b:7a:0a,2132,-29,988,177.96,82.47,79,175829,204766
f0:91:27:6b:7a:0a,2134,-32,989,177.94,82.47,158,175987,204924
f0:91:27:6b:7a:0a,2136,-26,990,177.92,82.46,154,176141,205078
f0:91:27:6b:7a:0a,2141,-26,991,178.15,82.46,402,176543,205480
f0:91:27:6b:7a:0a,2143,-29,992,178.12,82.45,153,176696,205633
f0:91:27:6b:7a:0a,2145,-33,993,178.11,82.45,169,176865,205802
f0:91:27:6b:7a:0a,2159,-24,994,179.06,82.44,1118,177983,206920
f0:91:27:6b:7a:0a,2161,-29,995,179.02,82.43,146,178129,207066
f0:91:27:6b:7a:0a,2163,-26,996,179.01,82.43,168,178297,207234
f0:91:27:6b:7a:0a,2164,-29,997,178.91,82.43,80,178377,207314
f0:91:27:6b:7a:0a,2166,-26,998,178.89,82.43,157,178534,207471
f0:91:27:6b:7a:0a,2167,-26,999,178.80,82.43,87,178621,207558
f0:91:27:6b:7a:0a,2168,-32,1000,178.70,82.43,78,178699,207636
f0:91:27:6b:7a:0a,2171,-31,1001,178.77,82.43,246,178945,207882
f0:91:27:6b:7a:0a,2174,-28,1002,178.82,82.42,237,179182,208119
f0:91:27:6b:7a:0a,2177,-28,1003,178.89,82.42,242,179424,208361
f0:91:27:6b:7a:0a,2178,-33,1004,178.79,82.42,81,179505,208442
f0:91:27:6b:7a:0a,2179,-27,1005,178.69,82.42,78,179583,208520
f0:91:27:6b:7a:0a,2182,-24,1006,178.75,82.41,241,179824,208761
f0:91:27:6b:7a:0a,2183,-29,1007,178.66,82.41,83,179907,208844
f0:91:27:6b:7a:0a,2184,-32,1008,178.56,82.41,80,179987,208924
f0:91:27:6b:7a:0a,2187,-29,1009,178.61,82.40,228,180215,209152
f0:91:27:6b:7a:0a,2188,-31,1010,178.51,82.40,85,180300,209237
f0:91:27:6b:7a:0a,2189,-26,1011,178.42,82.40,78,180378,209315
f0:91:27:6b:7a:0a,2190,-29,1012,178.32,82.40,79,180457,209394
f0:91:27:6b:7a:0a,2191,-33,1013,178.22,82.40,81,180538,209475
f0:91:27:6b:7a:0a,2192,-26,1014,178.13,82.40,83,180621,209558
f0:91:27:6b:7a:0a,2193,-29,1015,178.03,82.40,81,180702,209639
f0:91:27:6b:7a:0a,2194,-33,1016,177.93,82.40,77,180779,209716
f0:91:27:6b:7a:0a,2196,-26,1017,177.91,82.39,156,180935,209872
f0:91:27:6b:7a:0a,2197,-27,1018,177.81,82.39,76,181011,209948
f0:91:27:6b:7a:0a,2202,-24,1019,178.04,82.39,412,181423,210360
f0:91:27:6b:7a:0a,2203,-26,1020,177.94,82.39,72,181495,210432
f0:91:27:6b:7a:0a,2204,-29,1021,177.85,82.39,89,181584,210521
f0:91:27:6b:7a:0a,2207,-29,1022,177.91,82.38,237,181821,210758
f0:91:27:6b:7a:0a,2208,-31,1023,177.81,82.38,78,181899,210836
f0:91:27:6b:7a:0a,2209,-26,1024,177.71,82.38,77,181976,210913
f0:91:27:6b:7a:0a,2210,-26,1025,177.62,82.38,83,182059,210996
f0:91:27:6b:7a:0a,2211,-33,1026,177.52,82.38,75,182134,211071
f0:91:27:6b:7a:0a,2212,-27,1027,177.42,82.37,79,182213,211150
f0:91:27:6b:7a:0a,2213,-29,1028,177.33,82.37,78,182291,211228
f0:91:27:6b:7a:0a,2214,-33,1029,177.23,82.37,81,182372,211309
f0:91:27:6b:7a:0a,2215,-26,1030,177.14,82.37,84,182456,211393
f0:91:27:6b:7a:0a,2217,-31,1031,177.13,82.37,163,182619,211556
f0:91:27:6b:7a:0a,2218,-27,1032,177.03,82.37,76,182695,211632
f0:91:27:6b:7a:0a,2224,-32,1033,177.32,82.36,472,183167,212104
f0:91:27:6b:7a:0a,2225,-29,1034,177.23,82.36,86,183253,212190
f0:91:27:6b:7a:0a,2226,-33,1035,177.14,82.36,83,183336,212273
f0:91:27:6b:7a:0a,2228,-29,1036,177.12,82.36,158,183494,212431
f0:91:27:6b:7a:0a,2231,-26,1037,177.17,82.35,235,183729,212666
f0:91:27:6b:7a:0a,2232,-32,1038,177.08,82.35,83,183812,212749
f0:91:27:6b:7a:0a,2235,-32,1039,177.13,82.35,231,184043,212980
f0:91:27:6b:7a:0a,2242,-33,1040,177.50,82.34,558,184601,213538
f0:91:27:6b:7a:0a,2248,-29,1041,177.79,82.33,478,185079,214016
f0:91:27:6b:7a:0a,2251,-27,1042,177.84,82.32,231,185310,214247
f0:91:27:6b:7a:0a,2252,-28,1043,177.74,82.32,76,185386,214323
f0:91:27:6b:7a:0a,2254,-33,1044,177.72,82.32,155,185541,214478
f0:91:27:6b:7a:0a,2255,-26,1045,177.63,82.32,81,185622,214559
f0:91:27:6b:7a:0a,2262,-24,1046,178.00,82.31,565,186187,215124
f0:91:27:6b:7a:0a,2264,-29,1047,177.97,82.30,151,186338,215275
f0:91:27:6b:7a:0a,2265,-31,1048,177.88,82.30,80,186418,215355
f0:91:27:6b:7a:0a,2276,-29,1049,178.55,82.29,879,187297,216234
f0:91:27:6b:7a:0a,2285,-32,1050,179.06,82.28,711,188008,216945
f0:91:27:6b:7a:0a,2292,-24,1051,179.41,82.27,548,188556,217493
f0:91:27:6b:7a:0a,2294,-32,1052,179.39,82.27,164,188720,217657
f0:91:27:6b:7a:0a,2297,-26,1053,179.44,82.26,231,188951,217888
f0:91:27:6b:7a:0a,2309,-29,1054,180.17,82.24,950,189901,218838
f0:91:27:6b:7a:0a,2310,-33,1055,180.08,82.24,84,189985,218922
f0:91:27:6b:7a:0a,2316,-29,1056,180.36,82.24,473,190458,219395
f0:91:27:6b:7a:0a,2321,-34,1057,180.55,82.23,387,190845,219782
f0:91:27:6b:7a:0a,2323,-24,1058,180.53,82.22,160,191005,219942
f0:91:27:6b:7a:0a,2325,-27,1059,180.52,82.22,164,191169,220106
f0:91:27:6b:7a:0a,2326,-26,1060,180.42,82.22,77,191246,220183
f0:91:27:6b:7a:0a,2327,-31,1061,180.33,82.22,84,191330,220267
f0:91:27:6b:7a:0a,2328,-26,1062,180.23,82.22,77,191407,220344
f0:91:27:6b:7a:0a,2332,-28,1063,180.37,82.22,322,191729,220666
f0:91:27:6b:7a:0a,2334,-33,1064,180.35,82.21,160,191889,220826
f0:91:27:6b:7a:0a,2335,-24,1065,180.25,82.21,76,191965,220902
f0:91:27:6b:7a:0a,2336,-29,1066,180.16,82.21,87,192052,220989
f0:91:27:6b:7a:0a,2337,-32,1067,180.06,82.21,75,192127,221064
f0:91:27:6b:7a:0a,2342,-29,1068,180.28,82.21,409,192536,221473
f0:91:27:6b:7a:0a,2344,-26,1069,180.25,82.21,154,192690,221627
f0:91:27:6b:7a:0a,2345,-33,1070,180.17,82.21,90,192780,221717
f0:91:27:6b:7a:0a,2346,-27,1071,180.07,82.21,76,192856,221793
f0:91:27:6b:7a:0a,2347,-26,1072,179.97,82.20,75,192931,221868
f0:91:27:6b:7a:0a,2348,-32,1073,179.89,82.21,89,193020,221957
f0:91:27:6b:7a:0a,2349,-26,1074,179.80,82.21,87,193107,222044
f0:91:27:6b:7a:0a,2351,-32,1075,179.78,82.20,155,193262,222199
f0:91:27:6b:7a:0a,2352,-26,1076,179.69,82.21,87,193349,222286
f0:91:27:6b:7a:0a,2353,-29,1077,179.60,82.20,75,193424,222361
f0:91:27:6b:7a:0a,2354,-33,1078,179.51,82.20,85,193509,222446
f0:91:27:6b:7a:0a,2356,-26,1079,179.49,82.20,159,193668,222605
f0:91:27:6b:7a:0a,2357,-29,1080,179.40,82.20,83,193751,222688
f0:91:27:6b:7a:0a,2360,-28,1081,179.46,82.20,245,193996,222933
f0:91:27:6b:7a:0a,2361,-33,1082,179.37,82.20,81,194077,223014
f0:91:27:6b:7a:0a,2362,-27,1083,179.27,82.20,75,194152,223089
f0:91:27:6b:7a:0a,2364,-32,1084,179.26,82.20,165,194317,223254
f0:91:27:6b:7a:0a,2365,-24,1085,179.16,82.19,74,194391,223328
f0:91:27:6b:7a:0a,2367,-33,1086,179.15,82.19,161,194552,223489
f0:91:27:6b:7a:0a,2368,-26,1087,179.05,82.19,74,194626,223563
f0:91:27:6b:7a:0a,2369,-26,1088,178.96,82.19,79,194705,223642
f0:91:27:6b:7a:0a,2372,-31,1089,179.02,82.19,247,194952,223889
f0:91:27:6b:7a:0a,2384,-26,1090,179.75,82.18,972,195924,224861
f0:91:27:6b:7a:0a,2385,-26,1091,179.66,82.18,84,196008,224945
f0:91:27:6b:7a:0a,2386,-28,1092,179.57,82.18,83,196091,225028
f0:91:27:6b:7a:0a,2387,-32,1093,179.48,82.18,77,196168,225105
f0:91:27:6b:7a:0a,2388,-27,1094,179.38,82.18,78,196246,225183
f0:91:27:6b:7a:0a,2389,-26,1095,179.29,82.18,79,196325,225262
f0:91:27:6b:7a:0a,2390,-29,1096,179.20,82.18,81,196406,225343
f0:91:27:6b:7a:0a,2392,-24,1097,179.19,82.18,160,196566,225503
f0:91:27:6b:7a:0a,2393,-26,1098,179.09,82.17,72,196638,225575
f0:91:27:6b:7a:0a,2394,-29,1099,179.00,82.17,80,196718,225655
f0:91:27:6b:7a:0a,2396,-28,1100,178.99,82.17,168,196886,225823
f0:91:27:6b:7a:0a,2397,-32,1101,178.89,82.17,77,196963,225900
f0:91:27:6b:7a:0a,2398,-33,1102,178.80,82.17,77,197040,225977
f0:91:27:6b:7a:0a,2399,-26,1103,178.71,82.17,78,197118,226055
f0:91:27:6b:7a:0a,2401,-33,1104,178.69,82.16,160,197278,226215
f0:91:27:6b:7a:0a,2403,-29,1105,178.67,82.16,156,197434,226371
f0:91:27:6b:7a:0a,2411,-26,1106,179.08,82.15,633,198067,227004
f0:91:27:6b:7a:0a,2416,-27,1107,179.29,82.15,406,198473,227410
f0:91:27:6b:7a:0a,2418,-32,1108,179.27,82.15,162,198635,227572
f0:91:27:6b:7a:0a,2419,-27,1109,179.18,82.15,78,198713,227650
f0:91:27:6b:7a:0a,2420,-29,1110,179.09,82.14,77,198790,227727
f0:91:27:6b:7a:0a,2421,-32,1111,179.00,82.14,77,198867,227804
f0:91:27:6b:7a:0a,2422,-27,1112,178.92,82.15,89,198956,227893
f0:91:27:6b:7a:0a,2425,-24,1113,178.97,82.14,235,199191,228128
f0:91:27:6b:7a:0a,2430,-27,1114,179.17,82.14,404,199595,228532
f0:91:27:6b:7a:0a,2431,-28,1115,179.09,82.14,85,199680,228617
f0:91:27:6b:7a:0a,2432,-33,1116,178.99,82.14,73,199753,228690
f0:91:27:6b:7a:0a,2433,-27,1117,178.90,82.13,77,199830,228767
f0:91:27:6b:7a:0a,2442,-29,1118,179.39,82.13,726,200556,229493
f0:91:27:6b:7a:0a,2446,-32,1119,179.51,82.12,321,200877,229814
f0:91:27:6b:7a:0a,2447,-24,1120,179.42,82.12,76,200953,229890
f0:91:27:6b:7a:0a,2448,-29,1121,179.34,82.12,83,201036,229973
f0:91:27:6b:7a:0a,2450,-32,1122,179.32,82.12,156,201192,230129
f0:91:27:6b:7a:0a,2455,-33,1123,179.51,82.11,395,201587,230524
f0:91:27:6b:7a:0a,2456,-33,1124,179.41,82.11,70,201657,230594
f0:91:27:6b:7a:0a,2457,-24,1125,179.33,82.11,87,201744,230681
f0:91:27:6b:7a:0a,2458,-29,1126,179.24,82.11,80,201824,230761
f0:91:27:6b:7a:0a,2459,-32,1127,179.15,82.11,80,201904,230841
f0:91:27:6b:7a:0a,2461,-28,1128,179.14,82.11,167,202071,231008
f0:91:27:6b:7a:0a,2462,-31,1129,179.05,82.11,75,202146,231083
f0:91:27:6b:7a:0a,2463,-27,1130,178.96,82.11,80,202226,231163
f0:91:27:6b:7a:0a,2465,-26,1131,178.94,82.10,154,202380,231317
f0:91:27:6b:7a:0a,2466,-29,1132,178.85,82.10,78,202458,231395
f0:91:27:6b:7a:0a,2467,-33,1133,178.76,82.10,77,202535,231472
f0:91:27:6b:7a:0a,2468,-26,1134,178.68,82.10,84,202619,231556
f0:91:27:6b:7a:0a,2469,-29,1135,178.60,82.10,87,202706,231643
f0:91:27:6b:7a:0a,2472,-29,1136,178.64,82.10,234,202940,231877
f0:91:27:6b:7a:0a,2474,-33,1137,178.64,82.10,170,203110,232047
f0:91:27:6b:7a:0a,2475,-26,1138,178.56,82.10,87,203197,232134
f0:91:27:6b:7a:0a,2476,-26,1139,178.47,82.10,76,203273,232210
f0:91:27:6b:7a:0a,2478,-33,1140,178.45,82.10,160,203433,232370
f0:91:27:6b:7a:0a,2480,-26,1141,178.43,82.09,155,203588,232525
f0:91:27:6b:7a:0a,2483,-24,1142,178.49,82.09,247,203835,232772
f0:91:27:6b:7a:0a,2486,-28,1143,178.54,82.09,235,204070,233007
f0:91:27:6b:7a:0a,2487,-29,1144,178.46,82.09,87,204157,233094
f0:91:27:6b:7a:0a,2488,-29,1145,178.37,82.09,81,204238,233175
f0:91:27:6b:7a:0a,2489,-32,1146,178.28,82.09,73,204311,233248
f0:91:27:6b:7a:0a,2491,-27,1147,178.26,82.08,155,204466,233403
f0:91:27:6b:7a:0a,2492,-33,1148,178.18,82.08,85,204551,233488
f0:91:27:6b:7a:0a,2493,-33,1149,178.09,82.08,78,204629,233566
f0:91:27:6b:7a:0a,2495,-29,1150,178.08,82.08,166,204795,233732
f0:91:27:6b:7a:0a,2500,-27,1151,178.27,82.07,389,205184,234121
f0:91:27:6b:7a:0a,2501,-28,1152,178.18,82.07,79,205263,234200
f0:91:27:6b:7a:0a,2502,-29,1153,178.09,82.07,78,205341,234278
f0:91:27:6b:7a:0a,2506,-29,1154,178.22,82.07,320,205661,234598
f0:91:27:6b:7a:0a,2508,-31,1155,178.19,82.06,151,205812,234749
f0:91:27:6b:7a:0a,2510,-26,1156,178.17,82.06,155,205967,234904
f0:91:27:6b:7a:0a,2511,-32,1157,178.09,82.06,81,206048,234985
f0:91:27:6b:7a:0a,2514,-29,1158,178.14,82.05,237,206285,235222
f0:91:27:6b:7a:0a,2515,-32,1159,178.06,82.06,84,206369,235306
f0:91:27:6b:7a:0a,2517,-29,1160,178.04,82.05,157,206526,235463
f0:91:27:6b:7a:0a,2519,-26,1161,178.02,82.05,154,206680,235617
f0:91:27:6b:7a:0a,2520,-33,1162,177.94,82.05,81,206761,235698
f0:91:27:6b:7a:0a,2521,-31,1163,177.85,82.05,80,206841,235778
f0:91:27:6b:7a:0a,2522,-27,1164,177.77,82.05,82,206923,235860
f0:91:27:6b:7a:0a,2525,-32,1165,177.82,82.04,238,207161,236098
f0:91:27:6b:7a:0a,2526,-26,1166,177.73,82.04,73,207234,236171
f0:91:27:6b:7a:0a,2527,-27,1167,177.65,82.04,81,207315,236252
f0:91:27:6b:7a:0a,2528,-26,1168,177.56,82.04,74,207389,236326
f0:91:27:6b:7a:0a,2529,-31,1169,177.47,82.04,78,207467,236404
f0:91:27:6b:7a:0a,2531,-29,1170,177.46,82.04,165,207632,236569
f0:91:27:6b:7a:0a,2535,-28,1171,177.59,82.03,323,207955,236892
f0:91:27:6b:7a:0a,2537,-27,1172,177.57,82.03,160,208115,237052
f0:91:27:6b:7a:0a,2538,-29,1173,177.49,82.03,76,208191,237128
f0:91:27:6b:7a:0a,2540,-27,1174,177.47,82.03,163,208354,237291
f0:91:27:6b:7a:0a,2551,-24,1175,178.10,82.03,911,209265,238202
f0:91:27:6b:7a:0a,2557,-26,1176,178.36,82.03,484,209749,238686
f0:91:27:6b:7a:0a,2558,-29,1177,178.27,82.03,76,209825,238762
f0:91:27:6b:7a:0a,2561,-26,1178,178.34,82.03,263,210088,239025
f0:91:27:6b:7a:0a,2564,-24,1179,178.40,82.03,247,210335,239272
f0:91:27:6b:7a:0a,2566,-33,1180,178.38,82.03,152,210487,239424
f0:91:27:6b:7a:0a,2567,-24,1181,178.30,82.03,81,210568,239505
f0:91:27:6b:7a:0a,2569,-29,1182,178.28,82.03,155,210723,239660
f0:91:27:6b:7a:0a,2571,-27,1183,178.27,82.03,171,210894,239831
f0:91:27:6b:7a:0a,2572,-26,1184,178.18,82.02,69,210963,239900
f0:91:27:6b:7a:0a,2573,-26,1185,178.09,82.02,78,211041,239978
f0:91:27:6b:7a:0a,2574,-33,1186,178.02,82.02,85,211126,240063
f0:91:27:6b:7a:0a,2575,-27,1187,177.93,82.02,76,211202,240139
f0:91:27:6b:7a:0a,2576,-29,1188,177.84,82.02,77,211279,240216
f0:91:27:6b:7a:0a,2578,-26,1189,177.83,82.02,162,211441,240378
f0:91:27:6b:7a:0a,2579,-26,1190,177.74,82.01,71,211512,240449
f0:91:27:6b:7a:0a,2595,-32,1191,178.66,82.00,1267,212779,241716
f0:91:27:6b:7a:0a,2597,-29,1192,178.64,81.99,154,212933,241870
f0:91:27:6b:7a:0a,2600,-33,1193,178.69,81.99,247,213180,242117
f0:91:27:6b:7a:0a,2601,-27,1194,178.62,81.99,88,213268,242205
f0:91:27:6b:7a:0a,2604,-33,1195,178.66,81.99,225,213493,242430
f0:91:27:6b:7a:0a,2606,-33,1196,178.65,81.99,167,213660,242597
f0:91:27:6b:7a:0a,2607,-24,1197,178.57,81.99,83,213743,242680
f0:91:27:6b:7a:0a,2608,-28,1198,178.48,81.99,80,213823,242760
f0:91:27:6b:7a:0a,2609,-27,1199,178.42,81.99,97,213920,242857
f0:91:27:6b:7a:0a,2610,-33,1200,178.34,82.00,87,214007,242944
f0:91:27:6b:7a:0a,2611,-26,1201,178.26,82.00,82,214089,243026
f0:91:27:6b:7a:0a,2613,-33,1202,178.27,82.00,190,214279,243216
f0:91:27:6b:7a:0a,2614,-28,1203,178.19,82.01,88,214367,243304
f0:91:27:6b:7a:0a,2615,-27,1204,178.12,82.01,93,214460,243397
f0:91:27:6b:7a:0a,2616,-31,1205,178.05,82.01,87,214547,243484
f0:91:27:6b:7a:0a,2619,-32,1206,178.13,82.03,279,214826,243763
f0:91:27:6b:7a:0a,2620,-31,1207,178.06,82.03,98,214924,243861
f0:91:27:6b:7a:0a,2621,-28,1208,178.00,82.04,95,215019,243956
f0:91:27:6b:7a:0a,2622,-26,1209,177.92,82.04,92,215111,244048
f0:91:27:6b:7a:0a,2623,-27,1210,177.85,82.04,93,215204,244141
f0:91:27:6b:7a:0a,2624,-33,1211,177.79,82.05,98,215302,244239
f0:91:27:6b:7a:0a,2625,-26,1212,177.72,82.06,99,215401,244338
f0:91:27:6b:7a:0a,2626,-28,1213,177.66,82.06,96,215497,244434
f0:91:27:6b:7a:0a,2627,-27,1214,177.58,82.07,91,215588,244525
f0:91:27:6b:7a:0a,2628,-33,1215,177.52,82.07,96,215684,244621
f0:91:27:6b:7a:0a,2629,-33,1216,177.45,82.08,94,215778,244715
f0:91:27:6b:7a:0a,2632,-27,1217,177.54,82.09,286,216064,245001
f0:91:27:6b:7a:0a,2633,-32,1218,177.47,82.10,93,216157,245094
f0:91:27:6b:7a:0a,2634,-32,1219,177.40,82.10,99,216256,245193
f0:91:27:6b:7a:0a,2635,-27,1220,177.33,82.10,90,216346,245283
f0:91:27:6b:7a:0a,2636,-32,1221,177.26,82.11,91,216437,245374
f0:91:27:6b:7a:0a,2638,-26,1222,177.27,82.12,189,216626,245563
f0:91:27:6b:7a:0a,2639,-31,1223,177.20,82.12,89,216715,245652
f0:91:27:6b:7a:0a,2640,-29,1224,177.13,82.12,91,216806,245743
f0:91:27:6b:7a:0a,2643,-29,1225,177.21,82.14,280,217086,246023
f0:91:27:6b:7a:0a,2645,-29,1226,177.22,82.14,186,217272,246209
f0:91:27:6b:7a:0a,2646,-26,1227,177.15,82.15,85,217357,246294
f0:91:27:6b:7a:0a,2647,-33,1228,177.08,82.15,92,217449,246386
f0:91:27:6b:7a:0a,2649,-26,1229,177.09,82.16,191,217640,246577
f0:91:27:6b:7a:0a,2650,-32,1230,177.02,82.16,89,217729,246666
f0:91:27:6b:7a:0a,2651,-29,1231,176.95,82.17,94,217823,246760
f0:91:27:6b:7a:0a,2654,-31,1232,177.04,82.18,286,218109,247046
f0:91:27:6b:7a:0a,2655,-28,1233,176.97,82.19,98,218207,247144
f0:91:27:6b:7a:0a,2656,-29,1234,176.91,82.19,95,218302,247239
f0:91:27:6b:7a:0a,2657,-26,1235,176.84,82.20,97,218399,247336
f0:91:27:6b:7a:0a,2658,-33,1236,176.77,82.20,89,218488,247425
f0:91:27:6b:7a:0a,2659,-29,1237,176.71,82.21,103,218591,247528
f0:91:27:6b:7a:0a,2660,-26,1238,176.64,82.21,87,218678,247615
f0:91:27:6b:7a:0a,2661,-31,1239,176.58,82.22,99,218777,247714
f0:91:27:6b:7a:0a,2685,-29,1240,178.25,82.32,2249,221026,249963
f0:91:27:6b:7a:0a,2692,-33,1241,178.62,82.34,642,221668,250605
f0:91:27:6b:7a:0a,2693,-26,1242,178.55,82.35,92,221760,250697
f0:91:27:6b:7a:0a,2696,-29,1243,178.62,82.35,268,222028,250965
f0:91:27:6b:7a:0a,2698,-33,1244,178.63,82.36,185,222213,251150
f0:91:27:6b:7a:0a,2702,-26,1245,178.77,82.37,359,222572,251509
f0:91:27:6b:7a:0a,2703,-27,1246,178.71,82.38,97,222669,251606
f0:91:27:6b:7a:0a,2704,-31,1247,178.64,82.38,94,222763,251700
f0:91:27:6b:7a:0a,2705,-33,1248,178.58,82.39,99,222862,251799
f0:91:27:6b:7a:0a,2706,-29,1249,178.51,82.39,92,222954,251891
f0:91:27:6b:7a:0a,2707,-29,1250,178.44,82.40,96,223050,251987
f0:91:27:6b:7a:0a,2708,-24,1251,178.37,82.40,96,223146,252083
f0:91:27:6b:7a:0a,2711,-29,1252,178.46,82.42,288,223434,252371
f0:91:27:6b:7a:0a,2712,-26,1253,178.39,82.42,91,223525,252462
f0:91:27:6b:7a:0a,2717,-32,1254,178.62,82.44,467,223992,252929
f0:91:27:6b:7a:0a,2719,-27,1255,178.63,82.45,187,224179,253116
f0:91:27:6b:7a:0a,2721,-27,1256,178.63,82.45,175,224354,253291
f0:91:27:6b:7a:0a,2722,-26,1257,178.56,82.46,97,224451,253388
f0:91:27:6b:7a:0a,2723,-26,1258,178.49,82.46,84,224535,253472
f0:91:27:6b:7a:0a,2725,-27,1259,178.48,82.46,175,224710,253647
f0:91:27:6b:7a:0a,2726,-33,1260,178.42,82.47,99,224809,253746
f0:91:27:6b:7a:0a,2727,-29,1261,178.35,82.47,88,224897,253834
f0:91:27:6b:7a:0a,2729,-29,1262,178.34,82.47,173,225070,254007
f0:91:27:6b:7a:0a,2731,-33,1263,178.35,82.48,187,225257,254194
f0:91:27:6b:7a:0a,2732,-26,1264,178.28,82.48,89,225346,254283
f0:91:27:6b:7a:0a,2734,-31,1265,178.28,82.49,181,225527,254464
f0:91:27:6b:7a:0a,2739,-29,1266,178.49,82.50,436,225963,254900
f0:91:27:6b:7a:0a,2740,-29,1267,178.40,82.50,74,226037,254974
f0:91:27:6b:7a:0a,2741,-24,1268,178.33,82.50,88,226125,255062
f0:91:27:6b:7a:0a,2742,-32,1269,178.26,82.50,86,226211,255148
f0:91:27:6b:7a:0a,2744,-27,1270,178.24,82.49,155,226366,255303
f0:91:27:6b:7a:0a,2745,-28,1271,178.17,82.50,87,226453,255390
f0:91:27:6b:7a:0a,2750,-26,1272,178.35,82.50,413,226866,255803
f0:91:27:6b:7a:0a,2753,-32,1273,178.42,82.50,262,227128,256065
f0:91:27:6b:7a:0a,2754,-26,1274,178.35,82.50,86,227214,256151
f0:91:27:6b:7a:0a,2755,-29,1275,178.27,82.50,75,227289,256226
f0:91:27:6b:7a:0a,2758,-33,1276,178.32,82.50,249,227538,256475
f0:91:27:6b:7a:0a,2761,-24,1277,178.38,82.50,248,227786,256723
f0:91:27:6b:7a:0a,2762,-29,1278,178.30,82.50,85,227871,256808
f0:91:27:6b:7a:0a,2773,-26,1279,178.87,82.50,910,228781,257718
f0:91:27:6b:7a:0a,2774,-32,1280,178.80,82.50,86,228867,257804
f0:91:27:6b:7a:0a,2775,-26,1281,178.73,82.51,85,228952,257889
f0:91:27:6b:7a:0a,2776,-32,1282,178.66,82.51,94,229046,257983
f0:91:27:6b:7a:0a,2777,-27,1283,178.59,82.51,81,229127,258064
f0:91:27:6b:7a:0a,2779,-26,1284,178.58,82.51,176,229303,258240
f0:91:27:6b:7a:0a,2780,-26,1285,178.51,82.51,76,229379,258316
f0:91:27:6b:7a:0a,2789,-27,1286,178.97,82.52,777,230156,259093
f0:91:27:6b:7a:0a,2795,-27,1287,179.23,82.53,516,230672,259609
f0:91:27:6b:7a:0a,2796,-32,1288,179.16,82.53,84,230756,259693
f0:91:27:6b:7a:0a,2799,-29,1289,179.22,82.53,257,231013,259950
f0:91:27:6b:7a:0a,2802,-24,1290,179.27,82.53,242,231255,260192
f0:91:27:6b:7a:0a,2804,-29,1291,179.25,82.53,160,231415,260352
f0:91:27:6b:7a:0a,2807,-26,1292,179.30,82.53,245,231660,260597
f0:91:27:6b:7a:0a,2819,-33,1293,179.89,82.51,942,232602,261539
f0:91:27:6b:7a:0a,2820,-28,1294,179.83,82.52,93,232695,261632
f0:91:27:6b:7a:0a,2821,-33,1295,179.74,82.51,72,232767,261704
f0:91:27:6b:7a:0a,2823,-27,1296,179.73,82.51,159,232926,261863
f0:91:27:6b:7a:0a,2825,-33,1297,179.71,82.51,153,233079,262016
f0:91:27:6b:7a:0a,2826,-33,1298,179.63,82.50,76,233155,262092
f0:91:27:6b:7a:0a,2827,-26,1299,179.55,82.50,79,233234,262171
f0:91:27:6b:7a:0a,2828,-29,1300,179.47,82.50,79,233313,262250
f0:91:27:6b:7a:0a,2829,-31,1301,179.39,82.50,78,233391,262328
f0:91:27:6b:7a:0a,2831,-29,1302,179.38,82.50,164,233555,262492
f0:91:27:6b:7a:0a,2833,-29,1303,179.37,82.50,167,233722,262659
f0:91:27:6b:7a:0a,2835,-32,1304,179.36,82.50,161,233883,262820
f0:91:27:6b:7a:0a,2837,-29,1305,179.34,82.49,154,234037,262974
f0:91:27:6b:7a:0a,2851,-26,1306,180.06,82.48,1119,235156,264093
f0:91:27:6b:7a:0a,2852,-28,1307,179.98,82.48,80,235236,264173
f0:91:27:6b:7a:0a,2853,-34,1308,179.91,82.48,86,235322,264259
f0:91:27:6b:7a:0a,2855,-29,1309,179.90,82.48,161,235483,264420
f0:91:27:6b:7a:0a,2856,-33,1310,179.82,82.48,76,235559,264496
f0:91:27:6b:7a:0a,2857,-26,1311,179.74,82.48,84,235643,264580
f0:91:27:6b:7a:0a,2858,-29,1312,179.67,82.48,84,235727,264664
f0:91:27:6b:7a:0a,2859,-32,1313,179.60,82.48,83,235810,264747
f0:91:27:6b:7a:0a,2862,-29,1314,179.64,82.48,241,236051,264988
f0:91:27:6b:7a:0a,2868,-27,1315,179.88,82.48,489,236540,265477
f0:91:27:6b:7a:0a,2872,-27,1316,179.97,82.47,306,236846,265783
f0:91:27:6b:7a:0a,2875,-24,1317,180.02,82.46,239,237085,266022
f0:91:27:6b:7a:0a,2877,-29,1318,180.00,82.46,157,237242,266179
f0:91:27:6b:7a:0a,2878,-33,1319,179.92,82.46,77,237319,266256
f0:91:27:6b:7a:0a,2879,-24,1320,179.85,82.46,79,237398,266335
f0:91:27:6b:7a:0a,2880,-24,1321,179.77,82.46,76,237474,266411
f0:91:27:6b:7a:0a,2881,-26,1322,179.70,82.46,84,237558,266495
f0:91:27:6b:7a:0a,2882,-32,1323,179.62,82.46,78,237636,266573
f0:91:27:6b:7a:0a,2883,-24,1324,179.54,82.45,79,237715,266652
f0:91:27:6b:7a:0a,2884,-26,1325,179.47,82.45,81,237796,266733
f0:91:27:6b:7a:0a,2885,-33,1326,179.39,82.45,78,237874,266811
f0:91:27:6b:7a:0a,2887,-33,1327,179.38,82.45,166,238040,266977
f0:91:27:6b:7a:0a,2888,-24,1328,179.31,82.45,83,238123,267060
f0:91:27:6b:7a:0a,2889,-24,1329,179.23,82.45,72,238195,267132
f0:91:27:6b:7a:0a,2890,-26,1330,179.15,82.45,78,238273,267210
f0:91:27:6b:7a:0a,2891,-33,1331,179.08,82.45,78,238351,267288
f0:91:27:6b:7a:0a,2893,-26,1332,179.06,82.44,160,238511,267448
f0:91:27:6b:7a:0a,2894,-29,1333,178.98,82.44,75,238586,267523
f0:91:27:6b:7a:0a,2895,-32,1334,178.92,82.44,87,238673,267610
f0:91:27:6b:7a:0a,2900,-24,1335,179.07,82.43,386,239059,267996
f0:91:27:6b:7a:0a,2902,-33,1336,179.06,82.43,163,239222,268159
f0:91:27:6b:7a:0a,2904,-26,1337,179.04,82.43,156,239378,268315
f0:91:27:6b:7a:0a,2905,-29,1338,178.97,82.43,81,239459,268396
f0:91:27:6b:7a:0a,2906,-32,1339,178.89,82.43,77,239536,268473
f0:91:27:6b:7a:0a,2907,-26,1340,178.82,82.43,78,239614,268551
f0:91:27:6b:7a:0a,2912,-26,1341,178.97,82.42,390,240004,268941
f0:91:27:6b:7a:0a,2913,-29,1342,178.90,82.42,84,240088,269025
f0:91:27:6b:7a:0a,2914,-32,1343,178.83,82.42,83,240171,269108
f0:91:27:6b:7a:0a,2917,-31,1344,178.87,82.42,236,240407,269344
f0:91:27:6b:7a:0a,2922,-27,1345,179.03,82.41,393,240800,269737
f0:91:27:6b:7a:0a,2935,-31,1346,179.67,82.40,1032,241832,270769
f0:91:27:6b:7a:0a,2942,-24,1347,179.94,82.39,550,242382,271319
f0:91:27:6b:7a:0a,2943,-28,1348,179.87,82.39,82,242464,271401
f0:91:27:6b:7a:0a,2945,-31,1349,179.85,82.38,150,242614,271551
f0:91:27:6b:7a:0a,2946,-27,1350,179.78,82.38,83,242697,271634
f0:91:27:6b:7a:0a,2947,-26,1351,179.70,82.38,80,242777,271714
f0:91:27:6b:7a:0a,2949,-26,1352,179.68,82.38,156,242933,271870
f0:91:27:6b:7a:0a,2950,-29,1353,179.61,82.38,82,243015,271952
f0:91:27:6b:7a:0a,2951,-31,1354,179.54,82.38,79,243094,272031
f0:91:27:6b:7a:0a,2961,-28,1355,179.99,82.37,789,243883,272820
f0:91:27:6b:7a:0a,2965,-33,1356,180.09,82.36,314,244197,273134
f0:91:27:6b:7a:0a,2970,-29,1357,180.24,82.35,383,244580,273517
f0:91:27:6b:7a:0a,3008,-29,1358,182.36,82.33,3071,247651,276588
f0:91:27:6b:7a:0a,3010,-33,1359,182.35,82.33,156,247807,276744
f0:91:27:6b:7a:0a,3044,-31,1360,184.22,82.31,2730,250537,279474
f0:91:27:6b:7a:0a,3045,-26,1361,184.14,82.30,81,250618,279555
f0:91:27:6b:7a:0a,3046,-33,1362,184.07,82.31,86,250704,279641
f0:91:27:6b:7a:0a,3049,-32,1363,184.12,82.31,247,250951,279888
f0:91:27:6b:7a:0a,3051,-26,1364,184.09,82.30,154,251105,280042
f0:91:27:6b:7a:0a,3059,-29,1365,184.42,82.29,628,251733,280670
f0:91:27:6b:7a:0a,3060,-26,1366,184.34,82.29,75,251808,280745
f0:91:27:6b:7a:0a,3065,-27,1367,184.50,82.29,401,252209,281146
f0:91:27:6b:7a:0a,3073,-33,1368,184.83,82.28,643,252852,281789
f0:91:27:6b:7a:0a,3074,-26,1369,184.76,82.28,81,252933,281870
f0:91:27:6b:7a:0a,3075,-26,1370,184.68,82.28,81,253014,281951
f0:91:27:6b:7a:0a,3078,-27,1371,184.72,82.28,231,253245,282182
f0:91:27:6b:7a:0a,3079,-26,1372,184.64,82.27,75,253320,282257
f0:91:27:6b:7a:0a,3089,-28,1373,185.09,82.27,809,254129,283066
f0:91:27:6b:7a:0a,3104,-26,1374,185.81,82.25,1174,255303,284240
f0:91:27:6b:7a:0a,3105,-33,1375,185.73,82.25,78,255381,284318
f0:91:27:6b:7a:0a,3106,-27,1376,185.65,82.25,78,255459,284396
f0:91:27:6b:7a:0a,3107,-26,1377,185.58,82.25,78,255537,284474
f0:91:27:6b:7a:0a,3108,-29,1378,185.50,82.25,81,255618,284555
f0:91:27:6b:7a:0a,3116,-27,1379,185.83,82.24,639,256257,285194
f0:91:27:6b:7a:0a,3118,-27,1380,185.81,82.24,167,256424,285361
f0:91:27:6b:7a:0a,3130,-27,1381,186.37,82.23,948,257372,286309
f0:91:27:6b:7a:0a,3131,-28,1382,186.29,82.23,86,257458,286395
f0:91:27:6b:7a:0a,3133,-26,1383,186.28,82.23,162,257620,286557
f0:91:27:6b:7a:0a,3135,-33,1384,186.26,82.23,160,257780,286717
f0:91:27:6b:7a:0a,3136,-27,1385,186.18,82.22,76,257856,286793
f0:91:27:6b:7a:0a,3137,-28,1386,186.10,82.22,76,257932,286869
f0:91:27:6b:7a:0a,3138,-30,1387,186.02,82.22,76,258008,286945
f0:91:27:6b:7a:0a,3139,-32,1388,185.94,82.22,80,258088,287025
f0:91:27:6b:7a:0a,3141,-28,1389,185.92,82.22,156,258244,287181
f0:91:27:6b:7a:0a,3143,-27,1390,185.91,82.22,165,258409,287346
f0:91:27:6b:7a:0a,3144,-27,1391,185.83,82.22,78,258487,287424
f0:91:27:6b:7a:0a,3145,-28,1392,185.75,82.21,73,258560,287497
f0:91:27:6b:7a:0a,3147,-26,1393,185.73,82.21,160,258720,287657
f0:91:27:6b:7a:0a,3148,-33,1394,185.66,82.21,89,258809,287746
f0:91:27:6b:7a:0a,3149,-27,1395,185.58,82.21,79,258888,287825
f0:91:27:6b:7a:0a,3157,-30,1396,185.89,82.20,620,259508,288445
f0:91:27:6b:7a:0a,3158,-26,1397,185.81,82.20,73,259581,288518
f0:91:27:6b:7a:0a,3159,-26,1398,185.74,82.20,85,259666,288603
f0:91:27:6b:7a:0a,3160,-30,1399,185.67,82.20,81,259747,288684
f0:91:27:6b:7a:0a,3161,-32,1400,185.59,82.20,77,259824,288761
f0:91:27:6b:7a:0a,3162,-26,1401,185.51,82.20,79,259903,288840
f0:91:27:6b:7a:0a,3164,-26,1402,185.49,82.19,160,260063,289000
f0:91:27:6b:7a:0a,3165,-28,1403,185.41,82.19,72,260135,289072
f0:91:27:6b:7a:0a,3167,-26,1404,185.40,82.19,170,260305,289242
f0:91:27:6b:7a:0a,3168,-26,1405,185.32,82.19,76,260381,289318
f0:91:27:6b:7a:0a,3169,-28,1406,185.24,82.19,72,260453,289390
f0:91:27:6b:7a:0a,3170,-26,1407,185.17,82.19,83,260536,289473
f0:91:27:6b:7a:0a,3171,-32,1408,185.09,82.19,73,260609,289546
f0:91:27:6b:7a:0a,3172,-32,1409,185.02,82.18,78,260687,289624
f0:91:27:6b:7a:0a,3173,-26,1410,184.94,82.18,83,260770,289707
f0:91:27:6b:7a:0a,3175,-28,1411,184.92,82.18,149,260919,289856
f0:91:27:6b:7a:0a,3179,-33,1412,185.01,82.17,310,261229,290166
f0:91:27:6b:7a:0a,3180,-32,1413,184.93,82.17,82,261311,290248
f0:91:27:6b:7a:0a,3182,-26,1414,184.91,82.17,155,261466,290403
f0:91:27:6b:7a:0a,3186,-30,1415,185.01,82.17,324,261790,290727
f0:91:27:6b:7a:0a,3188,-27,1416,184.99,82.16,149,261939,290876
f0:91:27:6b:7a:0a,3190,-24,1417,184.97,82.16,163,262102,291039
f0:91:27:6b:7a:0a,3192,-32,1418,184.95,82.16,162,262264,291201
f0:91:27:6b:7a:0a,3193,-27,1419,184.88,82.16,79,262343,291280
f0:91:27:6b:7a:0a,3200,-27,1420,185.14,82.16,559,262902,291839
f0:91:27:6b:7a:0a,3201,-28,1421,185.07,82.16,87,262989,291926
f0:91:27:6b:7a:0a,3203,-31,1422,185.05,82.15,151,263140,292077
f0:91:27:6b:7a:0a,3204,-27,1423,184.97,82.15,77,263217,292154
f0:91:27:6b:7a:0a,3207,-33,1424,185.01,82.15,234,263451,292388
f0:91:27:6b:7a:0a,3209,-26,1425,184.99,82.15,164,263615,292552
f0:91:27:6b:7a:0a,3210,-32,1426,184.91,82.15,72,263687,292624
f0:91:27:6b:7a:0a,3212,-28,1427,184.90,82.14,161,263848,292785
f0:91:27:6b:7a:0a,3214,-33,1428,184.88,82.15,167,264015,292952
f0:91:27:6b:7a:0a,3215,-26,1429,184.81,82.15,84,264099,293036
f0:91:27:6b:7a:0a,3217,-26,1430,184.80,82.15,166,264265,293202
f0:91:27:6b:7a:0a,3219,-28,1431,184.78,82.14,153,264418,293355
f0:91:27:6b:7a:0a,3220,-28,1432,184.71,82.14,81,264499,293436
f0:91:27:6b:7a:0a,3221,-30,1433,184.63,82.14,75,264574,293511
f0:91:27:6b:7a:0a,3222,-26,1434,184.56,82.14,78,264652,293589
f0:91:27:6b:7a:0a,3224,-28,1435,184.54,82.14,162,264814,293751
f0:91:27:6b:7a:0a,3225,-29,1436,184.46,82.14,76,264890,293827
f0:91:27:6b:7a:0a,3229,-28,1437,184.56,82.13,322,265212,294149
f0:91:27:6b:7a:0a,3230,-33,1438,184.49,82.13,78,265290,294227
f0:91:27:6b:7a:0a,3231,-33,1439,184.41,82.13,77,265367,294304
f0:91:27:6b:7a:0a,3232,-27,1440,184.34,82.13,81,265448,294385
f0:91:27:6b:7a:0a,3236,-29,1441,184.42,82.12,305,265753,294690
f0:91:27:6b:7a:0a,3238,-33,1442,184.41,82.12,163,265916,294853
f0:91:27:6b:7a:0a,3239,-27,1443,184.33,82.12,74,265990,294927
f0:91:27:6b:7a:0a,3240,-29,1444,184.26,82.12,81,266071,295008
f0:91:27:6b:7a:0a,3241,-33,1445,184.19,82.12,86,266157,295094
f0:91:27:6b:7a:0a,3245,-33,1446,184.28,82.12,318,266475,295412
f0:91:27:6b:7a:0a,3246,-26,1447,184.21,82.12,75,266550,295487
f0:91:27:6b:7a:0a,3247,-28,1448,184.14,82.12,84,266634,295571
f0:91:27:6b:7a:0a,3249,-31,1449,184.12,82.12,162,266796,295733
f0:91:27:6b:7a:0a,3250,-26,1450,184.05,82.11,74,266870,295807
f0:91:27:6b:7a:0a,3251,-26,1451,183.97,82.11,77,266947,295884
f0:91:27:6b:7a:0a,3252,-25,1452,183.90,82.11,83,267030,295967
f0:91:27:6b:7a:0a,3253,-30,1453,183.83,82.11,80,267110,296047
f0:91:27:6b:7a:0a,3254,-28,1454,183.77,82.11,91,267201,296138
f0:91:27:6b:7a:0a,3256,-26,1455,183.75,82.11,158,267359,296296
f0:91:27:6b:7a:0a,3257,-26,1456,183.68,82.11,79,267438,296375
f0:91:27:6b:7a:0a,3258,-28,1457,183.61,82.11,81,267519,296456
f0:91:27:6b:7a:0a,3259,-32,1458,183.54,82.11,81,267600,296537
f0:91:27:6b:7a:0a,3260,-26,1459,183.47,82.11,81,267681,296618
f0:91:27:6b:7a:0a,3264,-29,1460,183.56,82.11,311,267992,296929
f0:91:27:6b:7a:0a,3265,-33,1461,183.49,82.11,81,268073,297010
f0:91:27:6b:7a:0a,3267,-29,1462,183.47,82.10,162,268235,297172
f0:91:27:6b:7a:0a,3270,-27,1463,183.50,82.10,230,268465,297402
f0:91:27:6b:7a:0a,3272,-33,1464,183.49,82.10,160,268625,297562
f0:91:27:6b:7a:0a,3273,-26,1465,183.42,82.10,88,268713,297650
f0:91:27:6b:7a:0a,3274,-28,1466,183.35,82.10,82,268795,297732
f0:91:27:6b:7a:0a,3275,-33,1467,183.28,82.10,75,268870,297807
f0:91:27:6b:7a:0a,3276,-27,1468,183.21,82.10,76,268946,297883
f0:91:27:6b:7a:0a,3277,-26,1469,183.14,82.10,80,269026,297963
f0:91:27:6b:7a:0a,3278,-28,1470,183.07,82.09,80,269106,298043
f0:91:27:6b:7a:0a,3279,-33,1471,183.00,82.09,83,269189,298126
f0:91:27:6b:7a:0a,3280,-32,1472,182.92,82.09,75,269264,298201
f0:91:27:6b:7a:0a,3281,-26,1473,182.85,82.09,81,269345,298282
f0:91:27:6b:7a:0a,3282,-28,1474,182.78,82.09,74,269419,298356
f0:91:27:6b:7a:0a,3283,-33,1475,182.71,82.09,78,269497,298434
f0:91:27:6b:7a:0a,3284,-27,1476,182.64,82.09,83,269580,298517
f0:91:27:6b:7a:0a,3285,-28,1477,182.57,82.09,73,269653,298590
f0:91:27:6b:7a:0a,3288,-24,1478,182.60,82.08,235,269888,298825
f0:91:27:6b:7a:0a,3295,-32,1479,182.86,82.08,560,270448,299385
f0:91:27:6b:7a:0a,3297,-26,1480,182.84,82.08,160,270608,299545
f0:91:27:6b:7a:0a,3299,-24,1481,182.84,82.08,171,270779,299716
f0:91:27:6b:7a:0a,3300,-26,1482,182.77,82.08,80,270859,299796
f0:91:27:6b:7a:0a,3301,-28,1483,182.69,82.08,77,270936,299873
f0:91:27:6b:7a:0a,3309,-32,1484,183.02,82.08,665,271601,300538
f0:91:27:6b:7a:0a,3312,-26,1485,183.08,82.09,271,271872,300809
f0:91:27:6b:7a:0a,3315,-26,1486,183.14,82.09,272,272144,301081
f0:91:27:6b:7a:0a,3316,-30,1487,183.08,82.10,98,272242,301179
f0:91:27:6b:7a:0a,3317,-28,1488,183.02,82.10,90,272332,301269
f0:91:27:6b:7a:0a,3319,-31,1489,183.02,82.11,189,272521,301458
f0:91:27:6b:7a:0a,3324,-28,1490,183.21,82.13,466,272987,301924
f0:91:27:6b:7a:0a,3326,-26,1491,183.22,82.13,192,273179,302116
f0:91:27:6b:7a:0a,3327,-31,1492,183.16,82.14,92,273271,302208
f0:91:27:6b:7a:0a,3328,-28,1493,183.10,82.14,95,273366,302303
f0:91:27:6b:7a:0a,3330,-31,1494,183.10,82.15,187,273553,302490
f0:91:27:6b:7a:0a,3331,-28,1495,183.04,82.15,89,273642,302579
f0:91:27:6b:7a:0a,3332,-26,1496,182.98,82.15,92,273734,302671
f0:91:27:6b:7a:0a,3335,-26,1497,183.04,82.16,279,274013,302950
f0:91:27:6b:7a:0a,3347,-31,1498,183.65,82.20,1098,275111,304048
f0:91:27:6b:7a:0a,3355,-32,1499,184.02,82.22,740,275851,304788
f0:91:27:6b:7a:0a,3357,-28,1500,184.03,82.23,193,276044,304981
f0:91:27:6b:7a:0a,3366,-28,1501,184.47,82.26,852,276896,305833
f0:91:27:6b:7a:0a,3367,-26,1502,184.41,82.26,85,276981,305918
f0:91:27:6b:7a:0a,3368,-32,1503,184.35,82.27,97,277078,306015
f0:91:27:6b:7a:0a,3376,-26,1504,184.73,82.30,761,277839,306776
f0:91:27:6b:7a:0a,3378,-24,1505,184.74,82.31,195,278034,306971
f0:91:27:6b:7a:0a,3380,-26,1506,184.74,82.31,178,278212,307149
f0:91:27:6b:7a:0a,3400,-32,1507,185.83,82.36,1829,280041,308978
f0:91:27:6b:7a:0a,3402,-26,1508,185.83,82.37,188,280229,309166
f0:91:27:6b:7a:0a,3403,-32,1509,185.77,82.37,93,280322,309259
f0:91:27:6b:7a:0a,3404,-28,1510,185.71,82.38,96,280418,309355
f0:91:27:6b:7a:0a,3405,-26,1511,185.65,82.38,96,280514,309451
f0:91:27:6b:7a:0a,3406,-24,1512,185.59,82.39,94,280608,309545
f0:91:27:6b:7a:0a,3407,-32,1513,185.53,82.39,95,280703,309640
f0:91:27:6b:7a:0a,3410,-31,1514,185.58,82.40,270,280973,309910
f0:91:27:6b:7a:0a,3416,-26,1515,185.83,82.42,566,281539,310476
f0:91:27:6b:7a:0a,3417,-26,1516,185.78,82.42,98,281637,310574
f0:91:27:6b:7a:0a,3419,-26,1517,185.77,82.42,174,281811,310748
f0:91:27:6b:7a:0a,3420,-31,1518,185.71,82.43,98,281909,310846
f0:91:27:6b:7a:0a,3421,-25,1519,185.65,82.43,90,281999,310936
f0:91:27:6b:7a:0a,3423,-31,1520,185.64,82.44,181,282180,311117
f0:91:27:6b:7a:0a,3425,-26,1521,185.64,82.44,177,282357,311294
f0:91:27:6b:7a:0a,3426,-32,1522,185.58,82.44,91,282448,311385
f0:91:27:6b:7a:0a,3428,-32,1523,185.57,82.45,177,282625,311562
f0:91:27:6b:7a:0a,3429,-28,1524,185.52,82.45,100,282725,311662
f0:91:27:6b:7a:0a,3432,-30,1525,185.57,82.46,270,282995,311932
f0:91:27:6b:7a:0a,3433,-24,1526,185.51,82.46,89,283084,312021
f0:91:27:6b:7a:0a,3434,-32,1527,185.44,82.46,84,283168,312105
f0:91:27:6b:7a:0a,3435,-26,1528,185.38,82.46,89,283257,312194
f0:91:27:6b:7a:0a,3436,-26,1529,185.31,82.46,85,283342,312279
f0:91:27:6b:7a:0a,3437,-26,1530,185.25,82.47,93,283435,312372
f0:91:27:6b:7a:0a,3438,-28,1531,185.18,82.47,81,283516,312453
f0:91:27:6b:7a:0a,3440,-28,1532,185.18,82.47,175,283691,312628
f0:91:27:6b:7a:0a,3441,-31,1533,185.11,82.47,82,283773,312710
f0:91:27:6b:7a:0a,3444,-26,1534,185.15,82.47,243,284016,312953
f0:91:27:6b:7a:0a,3446,-26,1535,185.14,82.47,175,284191,313128
f0:91:27:6b:7a:0a,3453,-28,1536,185.40,82.47,578,284769,313706
f0:91:27:6b:7a:0a,3456,-27,1537,185.45,82.47,261,285030,313967
f0:91:27:6b:7a:0a,3457,-30,1538,185.38,82.47,83,285113,314050
f0:91:27:6b:7a:0a,3458,-26,1539,185.31,82.47,85,285198,314135
f0:91:27:6b:7a:0a,3459,-28,1540,185.25,82.48,85,285283,314220
f0:91:27:6b:7a:0a,3461,-28,1541,185.24,82.48,166,285449,314386
f0:91:27:6b:7a:0a,3462,-26,1542,185.17,82.48,83,285532,314469
f0:91:27:6b:7a:0a,3464,-28,1543,185.16,82.48,163,285695,314632
f0:91:27:6b:7a:0a,3465,-31,1544,185.09,82.47,77,285772,314709
f0:91:27:6b:7a:0a,3471,-32,1545,185.29,82.48,507,286279,315216
f0:91:27:6b:7a:0a,3472,-26,1546,185.23,82.48,85,286364,315301
f0:91:27:6b:7a:0a,3473,-31,1547,185.16,82.48,85,286449,315386
f0:91:27:6b:7a:0a,3474,-28,1548,185.10,82.48,89,286538,315475
f0:91:27:6b:7a:0a,3475,-32,1549,185.03,82.48,80,286618,315555
f0:91:27:6b:7a:0a,3479,-28,1550,185.13,82.48,338,286956,315893
f0:91:27:6b:7a:0a,3480,-31,1551,185.07,82.48,81,287037,315974
f0:91:27:6b:7a:0a,3481,-26,1552,185.00,82.48,82,287119,316056
f0:91:27:6b:7a:0a,3482,-28,1553,184.93,82.48,76,287195,316132
f0:91:27:6b:7a:0a,3484,-27,1554,184.92,82.48,169,287364,316301
f0:91:27:6b:7a:0a,3485,-28,1555,184.85,82.48,85,287449,316386
f0:91:27:6b:7a:0a,3486,-26,1556,184.79,82.48,82,287531,316468
f0:91:27:6b:7a:0a,3487,-28,1557,184.73,82.48,90,287621,316558
f0:91:27:6b:7a:0a,3488,-27,1558,184.66,82.49,87,287708,316645
f0:91:27:6b:7a:0a,3491,-26,1559,184.70,82.48,243,287951,316888
f0:91:27:6b:7a:0a,3492,-28,1560,184.64,82.48,80,288031,316968
f0:91:27:6b:7a:0a,3493,-32,1561,184.57,82.48,85,288116,317053
f0:91:27:6b:7a:0a,3494,-26,1562,184.51,82.48,83,288199,317136
f0:91:27:6b:7a:0a,3497,-26,1563,184.55,82.49,255,288454,317391
f0:91:27:6b:7a:0a,3504,-28,1564,184.80,82.48,572,289026,317963
f0:91:27:6b:7a:0a,3505,-32,1565,184.73,82.48,78,289104,318041
f0:91:27:6b:7a:0a,3507,-28,1566,184.71,82.48,157,289261,318198
f0:91:27:6b:7a:0a,3508,-26,1567,184.65,82.48,90,289351,318288
f0:91:27:6b:7a:0a,3512,-26,1568,184.75,82.49,344,289695,318632
f0:91:27:6b:7a:0a,3513,-28,1569,184.69,82.49,77,289772,318709
f0:91:27:6b:7a:0a,3514,-29,1570,184.62,82.49,87,289859,318796
f0:91:27:6b:7a:0a,3518,-24,1571,184.71,82.48,320,290179,319116
f0:91:27:6b:7a:0a,3519,-26,1572,184.64,82.48,76,290255,319192
f0:91:27:6b:7a:0a,3520,-28,1573,184.57,82.48,80,290335,319272
f0:91:27:6b:7a:0a,3522,-26,1574,184.57,82.48,172,290507,319444
f0:91:27:6b:7a:0a,3528,-27,1575,184.75,82.48,482,290989,319926
f0:91:27:6b:7a:0a,3542,-30,1576,185.35,82.47,1130,292119,321056
f0:91:27:6b:7a:0a,3543,-24,1577,185.29,82.47,76,292195,321132
f0:91:27:6b:7a:0a,3544,-28,1578,185.22,82.47,84,292279,321216
f0:91:27:6b:7a:0a,3545,-26,1579,185.16,82.47,91,292370,321307
f0:91:27:6b:7a:0a,3546,-28,1580,185.09,82.47,74,292444,321381
f0:91:27:6b:7a:0a,3548,-31,1581,185.07,82.47,156,292600,321537
f0:91:27:6b:7a:0a,3561,-31,1582,185.61,82.46,1037,293637,322574
f0:91:27:6b:7a:0a,3562,-26,1583,185.55,82.46,85,293722,322659
f0:91:27:6b:7a:0a,3564,-28,1584,185.52,82.45,147,293869,322806
f0:91:27:6b:7a:0a,3566,-27,1585,185.51,82.45,161,294030,322967
f0:91:27:6b:7a:0a,3567,-26,1586,185.44,82.45,73,294103,323040
f0:91:27:6b:7a:0a,3568,-28,1587,185.37,82.45,82,294185,323122
f0:91:27:6b:7a:0a,3571,-28,1588,185.41,82.45,244,294429,323366
f0:91:27:6b:7a:0a,3573,-32,1589,185.39,82.45,156,294585,323522
f0:91:27:6b:7a:0a,3599,-32,1590,186.58,82.43,2077,296662,325599
f0:91:27:6b:7a:0a,3600,-26,1591,186.51,82.43,81,296743,325680
f0:91:27:6b:7a:0a,3611,-28,1592,186.94,82.42,869,297612,326549
f0:91:27:6b:7a:0a,3612,-32,1593,186.88,82.42,83,297695,326632
f0:91:27:6b:7a:0a,3613,-24,1594,186.81,82.42,75,297770,326707
f0:91:27:6b:7a:0a,3614,-26,1595,186.74,82.41,77,297847,326784
f0:91:27:6b:7a:0a,3615,-28,1596,186.67,82.41,81,297928,326865
f0:91:27:6b:7a:0a,3616,-31,1597,186.60,82.41,77,298005,326942
f0:91:27:6b:7a:0a,3641,-28,1598,187.75,82.40,2018,300023,328960
f0:91:27:6b:7a:0a,3659,-28,1599,188.52,82.38,1422,301445,330382
f0:91:27:6b:7a:0a,3660,-30,1600,188.45,82.38,80,301525,330462
f0:91:27:6b:7a:0a,3661,-32,1601,188.38,82.38,77,301602,330539
f0:91:27:6b:7a:0a,3662,-26,1602,188.32,82.38,79,301681,330618
f0:91:27:6b:7a:0a,3663,-26,1603,188.25,82.38,76,301757,330694
f0:91:27:6b:7a:0a,3664,-31,1604,188.18,82.38,79,301836,330773
f0:91:27:6b:7a:0a,3670,-31,1605,188.36,82.37,480,302316,331253
f0:91:27:6b:7a:0a,3671,-24,1606,188.29,82.37,78,302394,331331
f0:91:27:6b:7a:0a,3672,-28,1607,188.22,82.37,80,302474,331411
f0:91:27:6b:7a:0a,3673,-26,1608,188.16,82.37,88,302562,331499
f0:91:27:6b:7a:0a,3674,-28,1609,188.09,82.37,80,302642,331579
f0:91:27:6b:7a:0a,3684,-26,1610,188.50,82.38,837,303479,332416
f0:91:27:6b:7a:0a,3686,-26,1611,188.48,82.38,163,303642,332579
f0:91:27:6b:7a:0a,3687,-28,1612,188.42,82.38,84,303726,332663
f0:91:27:6b:7a:0a,3688,-32,1613,188.35,82.38,79,303805,332742
f0:91:27:6b:7a:0a,3690,-28,1614,188.33,82.38,159,303964,332901
f0:91:27:6b:7a:0a,3691,-26,1615,188.26,82.37,80,304044,332981
f0:91:27:6b:7a:0a,3692,-28,1616,188.19,82.37,74,304118,333055
f0:91:27:6b:7a:0a,3694,-28,1617,188.18,82.37,166,304284,333221
f0:91:27:6b:7a:0a,3695,-28,1618,188.11,82.37,78,304362,333299
f0:91:27:6b:7a:0a,3696,-31,1619,188.04,82.37,76,304438,333375
f0:91:27:6b:7a:0a,3697,-28,1620,187.98,82.37,86,304524,333461
f0:91:27:6b:7a:0a,3698,-32,1621,187.91,82.37,78,304602,333539
f0:91:27:6b:7a:0a,3706,-26,1622,188.19,82.36,637,305239,334176
f0:91:27:6b:7a:0a,3714,-26,1623,188.47,82.36,640,305879,334816
f0:91:27:6b:7a:0a,3715,-28,1624,188.40,82.36,79,305958,334895
f0:91:27:6b:7a:0a,3716,-32,1625,188.33,82.36,80,306038,334975
f0:91:27:6b:7a:0a,3717,-26,1626,188.27,82.36,81,306119,335056
f0:91:27:6b:7a:0a,3718,-24,1627,188.19,82.35,74,306193,335130
f0:91:27:6b:7a:0a,3720,-24,1628,188.18,82.36,169,306362,335299
f0:91:27:6b:7a:0a,3729,-24,1629,188.51,82.35,725,307087,336024
f0:91:27:6b:7a:0a,3730,-28,1630,188.44,82.35,70,307157,336094
f0:91:27:6b:7a:0a,3731,-28,1631,188.37,82.35,81,307238,336175
f0:91:27:6b:7a:0a,3732,-32,1632,188.31,82.35,80,307318,336255
f0:91:27:6b:7a:0a,3733,-26,1633,188.24,82.35,83,307401,336338
f0:91:27:6b:7a:0a,3735,-32,1634,188.23,82.35,167,307568,336505
f0:91:27:6b:7a:0a,3736,-24,1635,188.16,82.35,76,307644,336581
f0:91:27:6b:7a:0a,3737,-28,1636,188.10,82.35,88,307732,336669
f0:91:27:6b:7a:0a,3740,-31,1637,188.14,82.35,250,307982,336919
f0:91:27:6b:7a:0a,3756,-24,1638,188.80,82.34,1276,309258,338195
f0:91:27:6b:7a:0a,3758,-32,1639,188.79,82.34,162,309420,338357
f0:91:27:6b:7a:0a,3760,-28,1640,188.76,82.33,153,309573,338510
f0:91:27:6b:7a:0a,3762,-27,1641,188.75,82.33,159,309732,338669
f0:91:27:6b:7a:0a,3765,-27,1642,188.78,82.33,238,309970,338907
f0:91:27:6b:7a:0a,3766,-24,1643,188.71,82.33,73,310043,338980
f0:91:27:6b:7a:0a,3767,-26,1644,188.64,82.33,81,310124,339061
f0:91:27:6b:7a:0a,3768,-30,1645,188.57,82.33,79,310203,339140
f0:91:27:6b:7a:0a,3769,-26,1646,188.51,82.33,81,310284,339221
f0:91:27:6b:7a:0a,3770,-28,1647,188.44,82.33,83,310367,339304
f0:91:27:6b:7a:0a,3771,-30,1648,188.38,82.32,76,310443,339380
f0:91:27:6b:7a:0a,3772,-27,1649,188.31,82.32,79,310522,339459
f0:91:27:6b:7a:0a,3774,-32,1650,188.29,82.32,163,310685,339622
f0:91:27:6b:7a:0a,3775,-25,1651,188.23,82.32,79,310764,339701
f0:91:27:6b:7a:0a,3777,-32,1652,188.21,82.32,157,310921,339858
f0:91:27:6b:7a:0a,3778,-30,1653,188.14,82.32,76,310997,339934
f0:91:27:6b:7a:0a,3779,-27,1654,188.08,82.32,80,311077,340014
f0:91:27:6b:7a:0a,3780,-27,1655,188.01,82.32,80,311157,340094
f0:91:27:6b:7a:0a,3781,-28,1656,187.95,82.32,82,311239,340176
f0:91:27:6b:7a:0a,3785,-31,1657,188.03,82.31,320,311559,340496
f0:91:27:6b:7a:0a,3786,-26,1658,187.96,82.31,76,311635,340572
f0:91:27:6b:7a:0a,3793,-26,1659,188.18,82.31,560,312195,341132
f0:91:27:6b:7a:0a,3794,-31,1660,188.12,82.31,84,312279,341216
f0:91:27:6b:7a:0a,3798,-26,1661,188.19,82.30,307,312586,341523
f0:91:27:6b:7a:0a,3808,-30,1662,188.55,82.29,786,313372,342309
f0:91:27:6b:7a:0a,3809,-32,1663,188.49,82.29,82,313454,342391
f0:91:27:6b:7a:0a,3811,-28,1664,188.47,82.29,155,313609,342546
f0:91:27:6b:7a:0a,3812,-32,1665,188.41,82.29,86,313695,342632
f0:91:27:6b:7a:0a,3814,-28,1666,188.39,82.29,164,313859,342796
f0:91:27:6b:7a:0a,3816,-31,1667,188.37,82.29,153,314012,342949
f0:91:27:6b:7a:0a,3817,-26,1668,188.30,82.29,79,314091,343028
f0:91:27:6b:7a:0a,3818,-28,1669,188.24,82.29,74,314165,343102
f0:91:27:6b:7a:0a,3820,-27,1670,188.22,82.28,163,314328,343265
f0:91:27:6b:7a:0a,3824,-26,1671,188.30,82.28,326,314654,343591
f0:91:27:6b:7a:0a,3827,-28,1672,188.34,82.28,247,314901,343838
f0:91:27:6b:7a:0a,3829,-32,1673,188.32,82.28,152,315053,343990
f0:91:27:6b:7a:0a,3838,-30,1674,188.63,82.27,708,315761,344698
f0:91:27:6b:7a:0a,3839,-31,1675,188.56,82.27,73,315834,344771
f0:91:27:6b:7a:0a,3840,-26,1676,188.49,82.27,79,315913,344850
f0:91:27:6b:7a:0a,3841,-30,1677,188.43,82.27,89,316002,344939
f0:91:27:6b:7a:0a,3842,-31,1678,188.37,82.27,77,316079,345016
f0:91:27:6b:7a:0a,3844,-28,1679,188.35,82.27,154,316233,345170
f0:91:27:6b:7a:0a,3845,-31,1680,188.28,82.27,78,316311,345248
f0:91:27:6b:7a:0a,3846,-27,1681,188.22,82.27,83,316394,345331
f0:91:27:6b:7a:0a,3849,-28,1682,188.24,82.26,232,316626,345563
f0:91:27:6b:7a:0a,3851,-28,1683,188.23,82.26,167,316793,345730
f0:91:27:6b:7a:0a,3852,-28,1684,188.17,82.26,77,316870,345807
f0:91:27:6b:7a:0a,3853,-32,1685,188.10,82.26,79,316949,345886
f0:91:27:6b:7a:0a,3855,-26,1686,188.08,82.26,152,317101,346038
f0:91:27:6b:7a:0a,3856,-28,1687,188.01,82.26,75,317176,346113
f0:91:27:6b:7a:0a,3857,-31,1688,187.95,82.25,77,317253,346190
f0:91:27:6b:7a:0a,3858,-33,1689,187.88,82.25,78,317331,346268
f0:91:27:6b:7a:0a,3869,-26,1690,188.29,82.24,871,318202,347139
f0:91:27:6b:7a:0a,3877,-30,1691,188.55,82.24,633,318835,347772
f0:91:27:6b:7a:0a,3881,-28,1692,188.62,82.23,318,319153,348090
f0:91:27:6b:7a:0a,3887,-32,1693,188.80,82.23,483,319636,348573
f0:91:27:6b:7a:0a,3889,-28,1694,188.78,82.23,163,319799,348736
f0:91:27:6b:7a:0a,3890,-28,1695,188.72,82.23,76,319875,348812
f0:91:27:6b:7a:0a,3891,-28,1696,188.65,82.23,82,319957,348894
f0:91:27:6b:7a:0a,3893,-32,1697,188.63,82.23,155,320112,349049
f0:91:27:6b:7a:0a,3894,-31,1698,188.57,82.23,83,320195,349132
f0:91:27:6b:7a:0a,3896,-26,1699,188.55,82.23,155,320350,349287
f0:91:27:6b:7a:0a,3900,-27,1700,188.63,82.22,327,320677,349614
f0:91:27:6b:7a:0a,3902,-28,1701,188.62,82.22,158,320835,349772
f0:91:27:6b:7a:0a,3904,-26,1702,188.60,82.22,167,321002,349939
f0:91:27:6b:7a:0a,3912,-27,1703,188.86,82.22,633,321635,350572
f0:91:27:6b:7a:0a,3914,-26,1704,188.84,82.21,152,321787,350724
f0:91:27:6b:7a:0a,3915,-32,1705,188.78,82.21,76,321863,350800
f0:91:27:6b:7a:0a,3917,-30,1706,188.76,82.21,164,322027,350964
f0:91:27:6b:7a:0a,3921,-31,1707,188.83,82.21,310,322337,351274
f0:91:27:6b:7a:0a,3924,-28,1708,188.86,82.21,244,322581,351518
f0:91:27:6b:7a:0a,3925,-32,1709,188.80,82.21,83,322664,351601
f0:91:27:6b:7a:0a,3926,-26,1710,188.74,82.21,79,322743,351680
f0:91:27:6b:7a:0a,3927,-28,1711,188.68,82.21,80,322823,351760
f0:91:27:6b:7a:0a,3929,-32,1712,188.65,82.20,152,322975,351912
f0:91:27:6b:7a:0a,3930,-31,1713,188.59,82.20,85,323060,351997
f0:91:27:6b:7a:0a,3931,-26,1714,188.53,82.20,76,323136,352073
f0:91:27:6b:7a:0a,3938,-31,1715,188.74,82.20,558,323694,352631
f0:91:27:6b:7a:0a,3943,-32,1716,188.86,82.19,398,324092,353029
f0:91:27:6b:7a:0a,3946,-32,1717,188.89,82.19,237,324329,353266
f0:91:27:6b:7a:0a,3947,-31,1718,188.83,82.19,76,324405,353342
f0:91:27:6b:7a:0a,3948,-26,1719,188.76,82.19,81,324486,353423
f0:91:27:6b:7a:0a,3949,-28,1720,188.70,82.19,80,324566,353503
f0:91:27:6b:7a:0a,3953,-28,1721,188.78,82.19,321,324887,353824
f0:91:27:6b:7a:0a,3954,-28,1722,188.72,82.19,85,324972,353909
f0:91:27:6b:7a:0a,3962,-31,1723,188.98,82.18,639,325611,354548
f0:91:27:6b:7a:0a,3964,-28,1724,188.96,82.18,160,325771,354708
f0:91:27:6b:7a:0a,3965,-31,1725,188.90,82.18,76,325847,354784
f0:91:27:6b:7a:0a,3966,-24,1726,188.83,82.18,75,325922,354859
f0:91:27:6b:7a:0a,3967,-26,1727,188.77,82.18,77,325999,354936
f0:91:27:6b:7a:0a,3968,-31,1728,188.71,82.18,85,326084,355021
f0:91:27:6b:7a:0a,3969,-31,1729,188.64,82.18,78,326162,355099
f0:91:27:6b:7a:0a,3970,-27,1730,188.58,82.18,78,326240,355177
f0:91:27:6b:7a:0a,3972,-31,1731,188.56,82.18,163,326403,355340
f0:91:27:6b:7a:0a,3973,-27,1732,188.50,82.17,76,326479,355416
f0:91:27:6b:7a:0a,3977,-28,1733,188.58,82.17,322,326801,355738
f0:91:27:6b:7a:0a,3978,-31,1734,188.52,82.17,86,326887,355824
f0:91:27:6b:7a:0a,3979,-32,1735,188.45,82.17,75,326962,355899
f0:91:27:6b:7a:0a,3980,-27,1736,188.39,82.17,79,327041,355978
f0:91:27:6b:7a:0a,3984,-26,1737,188.46,82.17,306,327347,356284
f0:91:27:6b:7a:0a,3985,-28,1738,188.39,82.17,82,327429,356366
f0:91:27:6b:7a:0a,3986,-27,1739,188.33,82.17,81,327510,356447
f0:91:27:6b:7a:0a,3987,-28,1740,188.27,82.17,86,327596,356533
f0:91:27:6b:7a:0a,3988,-31,1741,188.21,82.17,85,327681,356618
f0:91:27:6b:7a:0a,3989,-26,1742,188.15,82.16,75,327756,356693
f0:91:27:6b:7a:0a,3991,-28,1743,188.14,82.16,164,327920,356857
f0:91:27:6b:7a:0a,3993,-27,1744,188.12,82.16,159,328079,357016
f0:91:27:6b:7a:0a,3994,-24,1745,188.05,82.16,72,328151,357088
f0:91:27:6b:7a:0a,3995,-30,1746,187.99,82.16,83,328234,357171
f0:91:27:6b:7a:0a,3998,-32,1747,188.02,82.16,243,328477,357414
f0:91:27:6b:7a:0a,3999,-26,1748,187.96,82.16,82,328559,357496
f0:91:27:6b:7a:0a,4001,-28,1749,187.94,82.16,154,328713,357650
f0:91:27:6b:7a:0a,4002,-31,1750,187.89,82.16,89,328802,357739
f0:91:27:6b:7a:0a,4003,-26,1751,187.82,82.16,77,328879,357816
f0:91:27:6b:7a:0a,4004,-32,1752,187.76,82.16,81,328960,357897
f0:91:27:6b:7a:0a,4005,-26,1753,187.71,82.16,88,329048,357985
f0:91:27:6b:7a:0a,4006,-31,1754,187.65,82.16,90,329138,358075
f0:91:27:6b:7a:0a,4011,-30,1755,187.80,82.17,445,329583,358520
f0:91:27:6b:7a:0a,4017,-28,1756,188.00,82.18,542,330125,359062
f0:91:27:6b:7a:0a,4018,-26,1757,187.94,82.18,92,330217,359154
f0:91:27:6b:7a:0a,4020,-28,1758,187.94,82.19,184,330401,359338
f0:91:27:6b:7a:0a,4021,-26,1759,187.89,82.19,92,330493,359430
f0:91:27:6b:7a:0a,4023,-28,1760,187.88,82.20,179,330672,359609
f0:91:27:6b:7a:0a,4024,-28,1761,187.83,82.20,101,330773,359710
f0:91:27:6b:7a:0a,4025,-26,1762,187.78,82.20,102,330875,359812
f0:91:27:6b:7a:0a,4026,-26,1763,187.73,82.21,93,330968,359905
f0:91:27:6b:7a:0a,4027,-32,1764,187.68,82.21,93,331061,359998
f0:91:27:6b:7a:0a,4029,-28,1765,187.68,82.22,191,331252,360189
f0:91:27:6b:7a:0a,4033,-26,1766,187.78,82.23,371,331623,360560
f0:91:27:6b:7a:0a,4034,-32,1767,187.72,82.23,84,331707,360644
f0:91:27:6b:7a:0a,4035,-28,1768,187.67,82.23,100,331807,360744
f0:91:27:6b:7a:0a,4046,-31,1769,188.16,82.27,1046,332853,361790
f0:91:27:6b:7a:0a,4071,-28,1770,189.37,82.33,2331,335184,364121
f0:91:27:6b:7a:0a,4073,-31,1771,189.37,82.34,189,335373,364310
f0:91:27:6b:7a:0a,4076,-26,1772,189.42,82.35,280,335653,364590
f0:91:27:6b:7a:0a,4077,-32,1773,189.36,82.35,91,335744,364681
f0:91:27:6b:7a:0a,4079,-26,1774,189.36,82.35,181,335925,364862
f0:91:27:6b:7a:0a,4080,-31,1775,189.31,82.36,92,336017,364954
f0:91:27:6b:7a:0a,4081,-28,1776,189.25,82.36,96,336113,365050
f0:91:27:6b:7a:0a,4083,-31,1777,189.25,82.37,189,336302,365239
f0:91:27:6b:7a:0a,4086,-30,1778,189.30,82.37,274,336576,365513
f0:91:27:6b:7a:0a,4090,-28,1779,189.40,82.38,373,336949,365886
f0:91:27:6b:7a:0a,4091,-26,1780,189.35,82.39,89,337038,365975
f0:91:27:6b:7a:0a,4093,-28,1781,189.35,82.39,187,337225,366162
f0:91:27:6b:7a:0a,4099,-28,1782,189.55,82.40,550,337775,366712
f0:91:27:6b:7a:0a,4108,-31,1783,189.91,82.43,840,338615,367552
f0:91:27:6b:7a:0a,4112,-28,1784,190.02,82.44,375,338990,367927
f0:91:27:6b:7a:0a,4113,-31,1785,189.96,82.44,88,339078,368015
f0:91:27:6b:7a:0a,4121,-27,1786,190.27,82.46,737,339815,368752
f0:91:27:6b:7a:0a,4130,-26,1787,190.61,82.48,811,340626,369563
f0:91:27:6b:7a:0a,4132,-32,1788,190.62,82.48,197,340823,369760
f0:91:27:6b:7a:0a,4133,-27,1789,190.56,82.48,80,340903,369840
f0:91:27:6b:7a:0a,4134,-28,1790,190.50,82.48,85,340988,369925
f0:91:27:6b:7a:0a,4136,-32,1791,190.49,82.49,179,341167,370104
f0:91:27:6b:7a:0a,4137,-26,1792,190.43,82.49,82,341249,370186
f0:91:27:6b:7a:0a,4138,-31,1793,190.37,82.49,81,341330,370267
f0:91:27:6b:7a:0a,4139,-27,1794,190.31,82.49,94,341424,370361
f0:91:27:6b:7a:0a,4140,-32,1795,190.25,82.49,83,341507,370444
f0:91:27:6b:7a:0a,4144,-26,1796,190.34,82.49,352,341859,370796
f0:91:27:6b:7a:0a,4159,-30,1797,190.95,82.50,1270,343129,372066
f0:91:27:6b:7a:0a,4160,-28,1798,190.89,82.50,88,343217,372154
f0:91:27:6b:7a:0a,4162,-32,1799,190.87,82.50,157,343374,372311
f0:91:27:6b:7a:0a,4171,-30,1800,191.18,82.50,751,344125,373062
f0:91:27:6b:7a:0a,4177,-27,1801,191.36,82.51,508,344633,373570
f0:91:27:6b:7a:0a,4178,-30,1802,191.30,82.51,89,344722,373659
f0:91:27:6b:7a:0a,4179,-26,1803,191.24,82.51,89,344811,373748
f0:91:27:6b:7a:0a,4180,-28,1804,191.18,82.51,78,344889,373826
f0:91:27:6b:7a:0a,4181,-30,1805,191.12,82.51,84,344973,373910
f0:91:27:6b:7a:0a,4187,-24,1806,191.29,82.51,505,345478,374415
f0:91:27:6b:7a:0a,4188,-30,1807,191.24,82.51,90,345568,374505
f0:91:27:6b:7a:0a,4189,-26,1808,191.18,82.51,83,345651,374588
f0:91:27:6b:7a:0a,4192,-31,1809,191.22,82.52,264,345915,374852
f0:91:27:6b:7a:0a,4193,-28,1810,191.16,82.52,93,346008,374945
f0:91:27:6b:7a:0a,4201,-28,1811,191.43,82.52,663,346671,375608
f0:91:27:6b:7a:0a,4202,-24,1812,191.37,82.52,84,346755,375692
f0:91:27:6b:7a:0a,4206,-27,1813,191.44,82.52,325,347080,376017
f0:91:27:6b:7a:0a,4207,-26,1814,191.38,82.52,75,347155,376092
f0:91:27:6b:7a:0a,4208,-31,1815,191.32,82.52,86,347241,376178
f0:91:27:6b:7a:0a,4210,-27,1816,191.30,82.52,158,347399,376336
f0:91:27:6b:7a:0a,4211,-28,1817,191.24,82.52,78,347477,376414
f0:91:27:6b:7a:0a,4212,-32,1818,191.17,82.51,76,347553,376490
f0:91:27:6b:7a:0a,4213,-27,1819,191.12,82.52,87,347640,376577
f0:91:27:6b:7a:0a,4216,-26,1820,191.14,82.51,242,347882,376819
f0:91:27:6b:7a:0a,4217,-28,1821,191.08,82.51,73,347955,376892
f0:91:27:6b:7a:0a,4219,-26,1822,191.07,82.51,168,348123,377060
f0:91:27:6b:7a:0a,4220,-28,1823,191.00,82.51,77,348200,377137
f0:91:27:6b:7a:0a,4223,-28,1824,191.03,82.51,239,348439,377376
f0:91:27:6b:7a:0a,4224,-32,1825,190.97,82.51,81,348520,377457
f0:91:27:6b:7a:0a,4226,-32,1826,190.96,82.51,165,348685,377622
f0:91:27:6b:7a:0a,4228,-28,1827,190.94,82.51,160,348845,377782
f0:91:27:6b:7a:0a,4229,-32,1828,190.88,82.51,78,348923,377860
f0:91:27:6b:7a:0a,4230,-27,1829,190.82,82.51,87,349010,377947
f0:91:27:6b:7a:0a,4231,-28,1830,190.75,82.51,71,349081,378018
f0:91:27:6b:7a:0a,4235,-24,1831,190.83,82.51,333,349414,378351
f0:91:27:6b:7a:0a,4236,-27,1832,190.77,82.50,73,349487,378424
f0:91:27:6b:7a:0a,4237,-28,1833,190.71,82.50,85,349572,378509
f0:91:27:6b:7a:0a,4246,-26,1834,191.00,82.50,713,350285,379222
f0:91:27:6b:7a:0a,4247,-28,1835,190.93,82.50,79,350364,379301
f0:91:27:6b:7a:0a,4249,-28,1836,190.92,82.50,173,350537,379474
f0:91:27:6b:7a:0a,4250,-32,1837,190.87,82.50,83,350620,379557
f0:91:27:6b:7a:0a,4263,-26,1838,191.33,82.49,1036,351656,380593
f0:91:27:6b:7a:0a,4265,-28,1839,191.31,82.49,155,351811,380748
f0:91:27:6b:7a:0a,4267,-26,1840,191.29,82.49,159,351970,380907
f0:91:27:6b:7a:0a,4271,-28,1841,191.36,82.48,317,352287,381224
f0:91:27:6b:7a:0a,4274,-26,1842,191.38,82.48,233,352520,381457
f0:91:27:6b:7a:0a,4281,-31,1843,191.57,82.47,548,353068,382005
f0:91:27:6b:7a:0a,4286,-32,1844,191.68,82.47,399,353467,382404
f0:91:27:6b:7a:0a,4287,-27,1845,191.62,82.47,75,353542,382479
f0:91:27:6b:7a:0a,4288,-28,1846,191.56,82.47,82,353624,382561
f0:91:27:6b:7a:0a,4290,-27,1847,191.55,82.47,164,353788,382725
f0:91:27:6b:7a:0a,4293,-30,1848,191.57,82.46,228,354016,382953
f0:91:27:6b:7a:0a,4295,-26,1849,191.55,82.46,160,354176,383113
f0:91:27:6b:7a:0a,4297,-27,1850,191.53,82.46,159,354335,383272
f0:91:27:6b:7a:0a,4298,-28,1851,191.48,82.46,88,354423,383360
f0:91:27:6b:7a:0a,4299,-32,1852,191.41,82.46,77,354500,383437
f0:91:27:6b:7a:0a,4300,-27,1853,191.35,82.46,79,354579,383516
f0:91:27:6b:7a:0a,4301,-27,1854,191.29,82.46,73,354652,383589
f0:91:27:6b:7a:0a,4302,-28,1855,191.23,82.46,82,354734,383671
f0:91:27:6b:7a:0a,4303,-31,1856,191.17,82.46,73,354807,383744
f0:91:27:6b:7a:0a,4304,-26,1857,191.11,82.46,93,354900,383837
f0:91:27:6b:7a:0a,4305,-32,1858,191.05,82.46,70,354970,383907
f0:91:27:6b:7a:0a,4306,-26,1859,190.99,82.46,83,355053,383990
f0:91:27:6b:7a:0a,4308,-32,1860,190.97,82.45,158,355211,384148
f0:91:27:6b:7a:0a,4314,-28,1861,191.13,82.45,479,355690,384627
f0:91:27:6b:7a:0a,4317,-24,1862,191.15,82.45,231,355921,384858
f0:91:27:6b:7a:0a,4323,-32,1863,191.30,82.44,478,356399,385336
f0:91:27:6b:7a:0a,4328,-27,1864,191.42,82.44,399,356798,385735
f0:91:27:6b:7a:0a,4331,-32,1865,191.44,82.44,230,357028,385965
f0:91:27:6b:7a:0a,4332,-28,1866,191.38,82.44,82,357110,386047
f0:91:27:6b:7a:0a,4333,-32,1867,191.32,82.44,85,357195,386132
f0:91:27:6b:7a:0a,4335,-24,1868,191.30,82.43,152,357347,386284
f0:91:27:6b:7a:0a,4336,-28,1869,191.24,82.43,81,357428,386365
f0:91:27:6b:7a:0a,4337,-30,1870,191.18,82.43,76,357504,386441
f0:91:27:6b:7a:0a,4338,-27,1871,191.12,82.43,82,357586,386523
f0:91:27:6b:7a:0a,4341,-26,1872,191.14,82.43,235,357821,386758
f0:91:27:6b:7a:0a,4342,-26,1873,191.08,82.43,78,357899,386836
f0:91:27:6b:7a:0a,4346,-28,1874,191.15,82.42,318,358217,387154
f0:91:27:6b:7a:0a,4347,-26,1875,191.09,82.43,86,358303,387240
f0:91:27:6b:7a:0a,4348,-28,1876,191.04,82.42,80,358383,387320
f0:91:27:6b:7a:0a,4351,-28,1877,191.06,82.42,241,358624,387561
f0:91:27:6b:7a:0a,4353,-32,1878,191.04,82.42,152,358776,387713
f0:91:27:6b:7a:0a,4354,-27,1879,190.98,82.42,79,358855,387792
f0:91:27:6b:7a:0a,4357,-27,1880,191.01,82.42,237,359092,388029
f0:91:27:6b:7a:0a,4358,-28,1881,190.94,82.42,73,359165,388102
f0:91:27:6b:7a:0a,4359,-32,1882,190.89,82.41,81,359246,388183
f0:91:27:6b:7a:0a,4362,-32,1883,190.91,82.41,245,359491,388428
f0:91:27:6b:7a:0a,4375,-28,1884,191.36,82.41,1034,360525,389462
f0:91:27:6b:7a:0a,4376,-31,1885,191.30,82.41,80,360605,389542
f0:91:27:6b:7a:0a,4377,-32,1886,191.24,82.40,81,360686,389623
f0:91:27:6b:7a:0a,4379,-24,1887,191.22,82.40,154,360840,389777
f0:91:27:6b:7a:0a,4380,-28,1888,191.16,82.40,77,360917,389854
f0:91:27:6b:7a:0a,4381,-30,1889,191.11,82.40,82,360999,389936
f0:91:27:6b:7a:0a,4383,-28,1890,191.09,82.40,155,361154,390091
f0:91:27:6b:7a:0a,4384,-26,1891,191.03,82.40,78,361232,390169
f0:91:27:6b:7a:0a,4389,-30,1892,191.13,82.39,387,361619,390556
f0:91:27:6b:7a:0a,4390,-26,1893,191.07,82.39,82,361701,390638
f0:91:27:6b:7a:0a,4391,-26,1894,191.02,82.39,83,361784,390721
f0:91:27:6b:7a:0a,4393,-31,1895,190.99,82.39,149,361933,390870
f0:91:27:6b:7a:0a,4396,-28,1896,191.02,82.39,233,362166,391103
f0:91:27:6b:7a:0a,4400,-26,1897,191.08,82.38,313,362479,391416
f0:91:27:6b:7a:0a,4401,-32,1898,191.02,82.38,82,362561,391498
f0:91:27:6b:7a:0a,4402,-27,1899,190.96,82.38,78,362639,391576
f0:91:27:6b:7a:0a,4403,-28,1900,190.91,82.38,86,362725,391662
f0:91:27:6b:7a:0a,4404,-26,1901,190.85,82.38,75,362800,391737
f0:91:27:6b:7a:0a,4405,-30,1902,190.79,82.38,76,362876,391813
f0:91:27:6b:7a:0a,4406,-27,1903,190.73,82.38,81,362957,391894
f0:91:27:6b:7a:0a,4407,-28,1904,190.67,82.38,79,363036,391973
f0:91:27:6b:7a:0a,4408,-27,1905,190.61,82.38,83,363119,392056
f0:91:27:6b:7a:0a,4409,-26,1906,190.55,82.38,75,363194,392131
f0:91:27:6b:7a:0a,4410,-28,1907,190.50,82.38,81,363275,392212
f0:91:27:6b:7a:0a,4411,-31,1908,190.44,82.37,80,363355,392292
f0:91:27:6b:7a:0a,4412,-26,1909,190.38,82.37,77,363432,392369
f0:91:27:6b:7a:0a,4413,-26,1910,190.32,82.37,83,363515,392452
f0:91:27:6b:7a:0a,4414,-26,1911,190.27,82.37,82,363597,392534
f0:91:27:6b:7a:0a,4415,-26,1912,190.21,82.37,78,363675,392612
f0:91:27:6b:7a:0a,4416,-28,1913,190.15,82.37,80,363755,392692
f0:91:27:6b:7a:0a,4418,-24,1914,190.13,82.37,159,363914,392851
f0:91:27:6b:7a:0a,4419,-28,1915,190.08,82.37,83,363997,392934
f0:91:27:6b:7a:0a,4426,-26,1916,190.26,82.36,549,364546,393483
f0:91:27:6b:7a:0a,4427,-26,1917,190.21,82.36,79,364625,393562
f0:91:27:6b:7a:0a,4428,-31,1918,190.15,82.36,78,364703,393640
f0:91:27:6b:7a:0a,4429,-27,1919,190.09,82.36,74,364777,393714
f0:91:27:6b:7a:0a,4434,-28,1920,190.21,82.37,432,365209,394146
f0:91:27:6b:7a:0a,4438,-28,1921,190.28,82.36,310,365519,394456
f0:91:27:6b:7a:0a,4439,-32,1922,190.22,82.36,85,365604,394541
f0:91:27:6b:7a:0a,4440,-27,1923,190.16,82.36,77,365681,394618
f0:91:27:6b:7a:0a,4446,-26,1924,190.31,82.36,470,366151,395088
f0:91:27:6b:7a:0a,4448,-26,1925,190.29,82.36,165,366316,395253
f0:91:27:6b:7a:0a,4449,-28,1926,190.24,82.35,80,366396,395333
f0:91:27:6b:7a:0a,4450,-26,1927,190.18,82.35,72,366468,395405
f0:91:27:6b:7a:0a,4451,-26,1928,190.12,82.35,85,366553,395490
f0:91:27:6b:7a:0a,4452,-26,1929,190.06,82.35,82,366635,395572
f0:91:27:6b:7a:0a,4453,-32,1930,190.01,82.35,75,366710,395647
f0:91:27:6b:7a:0a,4454,-26,1931,189.95,82.35,77,366787,395724
f0:91:27:6b:7a:0a,4455,-26,1932,189.89,82.35,81,366868,395805
f0:91:27:6b:7a:0a,4458,-28,1933,189.92,82.35,239,367107,396044
f0:91:27:6b:7a:0a,4459,-32,1934,189.86,82.35,85,367192,396129
f0:91:27:6b:7a:0a,4460,-24,1935,189.81,82.35,83,367275,396212
f0:91:27:6b:7a:0a,4461,-28,1936,189.75,82.35,77,367352,396289
f0:91:27:6b:7a:0a,4462,-30,1937,189.69,82.35,85,367437,396374
f0:91:27:6b:7a:0a,4466,-26,1938,189.76,82.35,321,367758,396695
f0:91:27:6b:7a:0a,4467,-28,1939,189.70,82.34,72,367830,396767
f0:91:27:6b:7a:0a,4468,-32,1940,189.65,82.35,90,367920,396857
f0:91:27:6b:7a:0a,4470,-26,1941,189.63,82.34,155,368075,397012
f0:91:27:6b:7a:0a,4471,-28,1942,189.58,82.34,81,368156,397093
f0:91:27:6b:7a:0a,4472,-32,1943,189.52,82.34,76,368232,397169
f0:91:27:6b:7a:0a,4488,-24,1944,190.07,82.33,1268,369500,398437
f0:91:27:6b:7a:0a,4489,-26,1945,190.01,82.33,75,369575,398512
f0:91:27:6b:7a:0a,4490,-32,1946,189.96,82.33,92,369667,398604
f0:91:27:6b:7a:0a,4491,-24,1947,189.90,82.33,77,369744,398681
f0:91:27:6b:7a:0a,4495,-27,1948,189.97,82.33,322,370066,399003
f0:91:27:6b:7a:0a,4496,-28,1949,189.92,82.33,81,370147,399084
f0:91:27:6b:7a:0a,4497,-32,1950,189.86,82.33,81,370228,399165
f0:91:27:6b:7a:0a,4498,-28,1951,189.81,82.33,85,370313,399250
f0:91:27:6b:7a:0a,4499,-31,1952,189.75,82.33,78,370391,399328
f0:91:27:6b:7a:0a,4500,-26,1953,189.69,82.33,80,370471,399408
f0:91:27:6b:7a:0a,4510,-31,1954,190.01,82.32,808,371279,400216
f0:91:27:6b:7a:0a,4512,-24,1955,189.99,82.32,150,371429,400366
f0:91:27:6b:7a:0a,4513,-27,1956,189.93,82.32,76,371505,400442
f0:91:27:6b:7a:0a,4514,-28,1957,189.87,82.32,79,371584,400521
f0:91:27:6b:7a:0a,4516,-26,1958,189.86,82.32,164,371748,400685
f0:91:27:6b:7a:0a,4518,-31,1959,189.85,82.32,159,371907,400844
f0:91:27:6b:7a:0a,4519,-27,1960,189.79,82.31,73,371980,400917
f0:91:27:6b:7a:0a,4520,-26,1961,189.73,82.31,81,372061,400998
f0:91:27:6b:7a:0a,4533,-32,1962,190.15,82.30,1021,373082,402019
f0:91:27:6b:7a:0a,4535,-28,1963,190.14,82.30,163,373245,402182
f0:91:27:6b:7a:0a,4536,-31,1964,190.08,82.30,78,373323,402260
f0:91:27:6b:7a:0a,4538,-26,1965,190.06,82.30,153,373476,402413
f0:91:27:6b:7a:0a,4539,-31,1966,190.01,82.30,86,373562,402499
f0:91:27:6b:7a:0a,4543,-26,1967,190.08,82.30,324,373886,402823
f0:91:27:6b:7a:0a,4544,-28,1968,190.02,82.30,79,373965,402902
f0:91:27:6b:7a:0a,4545,-30,1969,189.97,82.30,80,374045,402982
f0:91:27:6b:7a:0a,4546,-24,1970,189.91,82.30,74,374119,403056
f0:91:27:6b:7a:0a,4547,-26,1971,189.85,82.30,77,374196,403133
f0:91:27:6b:7a:0a,4548,-28,1972,189.79,82.29,73,374269,403206
f0:91:27:6b:7a:0a,4550,-27,1973,189.78,82.29,169,374438,403375
f0:91:27:6b:7a:0a,4552,-26,1974,189.76,82.29,151,374589,403526
f0:91:27:6b:7a:0a,4553,-32,1975,189.70,82.29,78,374667,403604
f0:91:27:6b:7a:0a,4554,-32,1976,189.65,82.29,82,374749,403686
f0:91:27:6b:7a:0a,4555,-26,1977,189.59,82.29,75,374824,403761
f0:91:27:6b:7a:0a,4558,-28,1978,189.62,82.29,247,375071,404008
f0:91:27:6b:7a:0a,4559,-32,1979,189.57,82.29,79,375150,404087
f0:91:27:6b:7a:0a,4563,-31,1980,189.63,82.28,312,375462,404399
f0:91:27:6b:7a:0a,4566,-28,1981,189.65,82.28,236,375698,404635
f0:91:27:6b:7a:0a,4570,-28,1982,189.71,82.28,310,376008,404945
f0:91:27:6b:7a:0a,4571,-26,1983,189.66,82.28,88,376096,405033
f0:91:27:6b:7a:0a,4572,-26,1984,189.61,82.28,82,376178,405115
f0:91:27:6b:7a:0a,4573,-28,1985,189.55,82.28,77,376255,405192
f0:91:27:6b:7a:0a,4574,-26,1986,189.49,82.28,79,376334,405271
f0:91:27:6b:7a:0a,4575,-24,1987,189.44,82.28,82,376416,405353
f0:91:27:6b:7a:0a,4576,-28,1988,189.38,82.28,79,376495,405432
f0:91:27:6b:7a:0a,4579,-28,1989,189.41,82.27,242,376737,405674
f0:91:27:6b:7a:0a,4580,-32,1990,189.35,82.27,78,376815,405752
f0:91:27:6b:7a:0a,4581,-24,1991,189.30,82.27,73,376888,405825
f0:91:27:6b:7a:0a,4582,-28,1992,189.25,82.27,89,376977,405914
f0:91:27:6b:7a:0a,4583,-30,1993,189.19,82.27,78,377055,405992
f0:91:27:6b:7a:0a,4584,-24,1994,189.13,82.27,79,377134,406071
f0:91:27:6b:7a:0a,4586,-32,1995,189.12,82.27,164,377298,406235
f0:91:27:6b:7a:0a,4590,-32,1996,189.19,82.27,318,377616,406553
f0:91:27:6b:7a:0a,4591,-24,1997,189.13,82.27,77,377693,406630
f0:91:27:6b:7a:0a,4592,-26,1998,189.08,82.27,83,377776,406713
f0:91:27:6b:7a:0a,4594,-31,1999,189.06,82.27,159,377935,406872
f0:91:27:6b:7a:0a,4596,-24,2000,189.05,82.27,160,378095,407032
f0:91:27:6b:7a:0a,4597,-28,2001,188.99,82.27,78,378173,407110
f0:91:27:6b:7a:0a,4598,-32,2002,188.94,82.26,80,378253,407190
f0:91:27:6b:7a:0a,4599,-27,2003,188.88,82.26,77,378330,407267
f0:91:27:6b:7a:0a,4600,-26,2004,188.83,82.26,79,378409,407346
f0:91:27:6b:7a:0a,4601,-28,2005,188.77,82.26,75,378484,407421
f0:91:27:6b:7a:0a,4602,-28,2006,188.72,82.26,83,378567,407504
f0:91:27:6b:7a:0a,4603,-28,2007,188.66,82.26,72,378639,407576
f0:91:27:6b:7a:0a,4605,-26,2008,188.64,82.26,154,378793,407730
f0:91:27:6b:7a:0a,4606,-26,2009,188.59,82.26,82,378875,407812
f0:91:27:6b:7a:0a,4607,-27,2010,188.53,82.26,80,378955,407892
f0:91:27:6b:7a:0a,4612,-28,2011,188.64,82.25,399,379354,408291
f0:91:27:6b:7a:0a,4614,-32,2012,188.63,82.25,161,379515,408452
f0:91:27:6b:7a:0a,4616,-26,2013,188.61,82.25,157,379672,408609
f0:91:27:6b:7a:0a,4617,-28,2014,188.56,82.25,84,379756,408693
f0:91:27:6b:7a:0a,4620,-26,2015,188.58,82.25,241,379997,408934
f0:91:27:6b:7a:0a,4621,-28,2016,188.53,82.25,82,380079,409016
f0:91:27:6b:7a:0a,4622,-32,2017,188.48,82.25,78,380157,409094
f0:91:27:6b:7a:0a,4623,-30,2018,188.42,82.25,78,380235,409172
f0:91:27:6b:7a:0a,4624,-27,2019,188.37,82.25,78,380313,409250
f0:91:27:6b:7a:0a,4625,-28,2020,188.32,82.25,85,380398,409335
f0:91:27:6b:7a:0a,4627,-26,2021,188.30,82.25,162,380560,409497
f0:91:27:6b:7a:0a,4628,-27,2022,188.25,82.25,80,380640,409577
f0:91:27:6b:7a:0a,4630,-31,2023,188.24,82.25,165,380805,409742
f0:91:27:6b:7a:0a,4632,-28,2024,188.22,82.24,150,380955,409892
f0:91:27:6b:7a:0a,4633,-28,2025,188.17,82.24,80,381035,409972
f0:91:27:6b:7a:0a,4634,-27,2026,188.12,82.24,87,381122,410059
f0:91:27:6b:7a:0a,4638,-32,2027,188.18,82.24,312,381434,410371
f0:91:27:6b:7a:0a,4639,-24,2028,188.12,82.24,74,381508,410445
f0:91:27:6b:7a:0a,4640,-28,2029,188.07,82.24,78,381586,410523
f0:91:27:6b:7a:0a,4641,-28,2030,188.01,82.24,77,381663,410600
f0:91:27:6b:7a:0a,4642,-32,2031,187.96,82.24,92,381755,410692
f0:91:27:6b:7a:0a,4645,-24,2032,187.99,82.24,233,381988,410925
f0:91:27:6b:7a:0a,4646,-32,2033,187.93,82.24,82,382070,411007
f0:91:27:6b:7a:0a,4647,-27,2034,187.88,82.24,77,382147,411084
f0:91:27:6b:7a:0a,4648,-27,2035,187.83,82.23,81,382228,411165
f0:91:27:6b:7a:0a,4650,-28,2036,187.81,82.23,158,382386,411323
f0:91:27:6b:7a:0a,4651,-28,2037,187.76,82.23,73,382459,411396
f0:91:27:6b:7a:0a,4652,-26,2038,187.71,82.23,90,382549,411486
f0:91:27:6b:7a:0a,4653,-28,2039,187.66,82.23,80,382629,411566
f0:91:27:6b:7a:0a,4655,-30,2040,187.64,82.23,159,382788,411725
f0:91:27:6b:7a:0a,4657,-28,2041,187.62,82.23,153,382941,411878
f0:91:27:6b:7a:0a,4659,-31,2042,187.61,82.23,156,383097,412034
f0:91:27:6b:7a:0a,4661,-28,2043,187.60,82.23,163,383260,412197
f0:91:27:6b:7a:0a,4662,-31,2044,187.55,82.23,83,383343,412280
f0:91:27:6b:7a:0a,4663,-28,2045,187.49,82.23,82,383425,412362
f0:91:27:6b:7a:0a,4664,-31,2046,187.44,82.23,85,383510,412447
f0:91:27:6b:7a:0a,4671,-28,2047,187.62,82.22,552,384062,412999
f0:91:27:6b:7a:0a,4672,-30,2048,187.57,82.22,80,384142,413079
f0:91:27:6b:7a:0a,4673,-27,2049,187.52,82.22,79,384221,413158
f0:91:27:6b:7a:0a,4675,-28,2050,187.50,82.22,151,384372,413309
f0:91:27:6b:7a:0a,4676,-32,2051,187.45,82.22,80,384452,413389
f0:91:27:6b:7a:0a,4677,-31,2052,187.39,82.22,77,384529,413466
f0:91:27:6b:7a:0a,4678,-26,2053,187.34,82.22,77,384606,413543
f0:91:27:6b:7a:0a,4679,-31,2054,187.29,82.22,85,384691,413628
f0:91:27:6b:7a:0a,4681,-27,2055,187.27,82.22,158,384849,413786
f0:91:27:6b:7a:0a,4685,-28,2056,187.34,82.21,318,385167,414104
f0:91:27:6b:7a:0a,4691,-30,2057,187.49,82.21,491,385658,414595
f0:91:27:6b:7a:0a,4692,-26,2058,187.44,82.21,86,385744,414681
f0:91:27:6b:7a:0a,4696,-27,2059,187.49,82.21,307,386051,414988
f0:91:27:6b:7a:0a,4697,-28,2060,187.44,82.21,82,386133,415070
f0:91:27:6b:7a:0a,4702,-28,2061,187.54,82.20,391,386524,415461
f0:91:27:6b:7a:0a,4703,-32,2062,187.49,82.20,71,386595,415532
f0:91:27:6b:7a:0a,4704,-26,2063,187.43,82.20,79,386674,415611
f0:91:27:6b:7a:0a,4707,-32,2064,187.46,82.20,240,386914,415851
f0:91:27:6b:7a:0a,4708,-24,2065,187.40,82.20,75,386989,415926
f0:91:27:6b:7a:0a,4711,-26,2066,187.44,82.20,254,387243,416180
f0:91:27:6b:7a:0a,4712,-28,2067,187.39,82.20,86,387329,416266
f0:91:27:6b:7a:0a,4715,-31,2068,187.41,82.20,237,387566,416503
f0:91:27:6b:7a:0a,4717,-31,2069,187.41,82.20,178,387744,416681
f0:91:27:6b:7a:0a,4719,-24,2070,187.40,82.21,183,387927,416864
f0:91:27:6b:7a:0a,4720,-31,2071,187.36,82.21,92,388019,416956
f0:91:27:6b:7a:0a,4721,-28,2072,187.31,82.21,96,388115,417052
f0:91:27:6b:7a:0a,4722,-24,2073,187.27,82.21,94,388209,417146
f0:91:27:6b:7a:0a,4723,-31,2074,187.22,82.22,95,388304,417241
f0:91:27:6b:7a:0a,4725,-27,2075,187.23,82.22,189,388493,417430
f0:91:27:6b:7a:0a,4733,-28,2076,187.49,82.24,734,389227,418164
f0:91:27:6b:7a:0a,4735,-28,2077,187.48,82.24,172,389399,418336
f0:91:27:6b:7a:0a,4736,-32,2078,187.44,82.24,91,389490,418427
f0:91:27:6b:7a:0a,4738,-28,2079,187.43,82.25,187,389677,418614
f0:91:27:6b:7a:0a,4741,-26,2080,187.48,82.25,274,389951,418888
f0:91:27:6b:7a:0a,4742,-32,2081,187.43,82.25,84,390035,418972
f0:91:27:6b:7a:0a,4743,-28,2082,187.38,82.25,98,390133,419070
f0:91:27:6b:7a:0a,4744,-26,2083,187.34,82.26,95,390228,419165
f0:91:27:6b:7a:0a,4745,-32,2084,187.29,82.26,88,390316,419253
f0:91:27:6b:7a:0a,4746,-31,2085,187.25,82.26,99,390415,419352
f0:91:27:6b:7a:0a,4747,-26,2086,187.21,82.26,95,390510,419447
f0:91:27:6b:7a:0a,4748,-24,2087,187.16,82.27,87,390597,419534
f0:91:27:6b:7a:0a,4750,-28,2088,187.16,82.27,188,390785,419722
f0:91:27:6b:7a:0a,4751,-26,2089,187.11,82.27,94,390879,419816
f0:91:27:6b:7a:0a,4752,-32,2090,187.07,82.28,98,390977,419914
f0:91:27:6b:7a:0a,4753,-28,2091,187.03,82.28,93,391070,420007
f0:91:27:6b:7a:0a,4754,-27,2092,186.98,82.28,91,391161,420098
f0:91:27:6b:7a:0a,4755,-31,2093,186.93,82.28,93,391254,420191
f0:91:27:6b:7a:0a,4760,-31,2094,187.06,82.29,459,391713,420650
f0:91:27:6b:7a:0a,4764,-32,2095,187.15,82.30,372,392085,421022
f0:91:27:6b:7a:0a,4767,-24,2096,187.20,82.31,289,392374,421311
f0:91:27:6b:7a:0a,4768,-31,2097,187.16,82.31,95,392469,421406
f0:91:27:6b:7a:0a,4769,-32,2098,187.11,82.32,95,392564,421501
f0:91:27:6b:7a:0a,4770,-26,2099,187.07,82.32,101,392665,421602
f0:91:27:6b:7a:0a,4771,-26,2100,187.03,82.32,88,392753,421690
f0:91:27:6b:7a:0a,4772,-31,2101,186.98,82.32,96,392849,421786
f0:91:27:6b:7a:0a,4774,-26,2102,186.98,82.33,185,393034,421971
f0:91:27:6b:7a:0a,4775,-27,2103,186.94,82.33,98,393132,422069
f0:91:27:6b:7a:0a,4776,-31,2104,186.90,82.34,101,393233,422170
f0:91:27:6b:7a:0a,4777,-28,2105,186.85,82.34,91,393324,422261
f0:91:27:6b:7a:0a,4778,-26,2106,186.81,82.34,105,393429,422366
f0:91:27:6b:7a:0a,4779,-27,2107,186.77,82.34,92,393521,422458
f0:91:27:6b:7a:0a,4780,-32,2108,186.73,82.35,97,393618,422555
f0:91:27:6b:7a:0a,4781,-28,2109,186.68,82.35,96,393714,422651
f0:91:27:6b:7a:0a,4782,-28,2110,186.64,82.35,98,393812,422749
f0:91:27:6b:7a:0a,4784,-32,2111,186.64,82.36,185,393997,422934
f0:91:27:6b:7a:0a,4787,-27,2112,186.68,82.36,271,394268,423205
f0:91:27:6b:7a:0a,4789,-28,2113,186.68,82.37,191,394459,423396
f0:91:27:6b:7a:0a,4791,-27,2114,186.68,82.37,186,394645,423582
f0:91:27:6b:7a:0a,4792,-30,2115,186.64,82.37,94,394739,423676
f0:91:27:6b:7a:0a,4805,-32,2116,187.12,82.40,1200,395939,424876
f0:91:27:6b:7a:0a,4807,-28,2117,187.12,82.41,188,396127,425064
f0:91:27:6b:7a:0a,4808,-27,2118,187.07,82.41,92,396219,425156
f0:91:27:6b:7a:0a,4810,-28,2119,187.07,82.41,182,396401,425338
f0:91:27:6b:7a:0a,4811,-26,2120,187.02,82.41,89,396490,425427
f0:91:27:6b:7a:0a,4812,-28,2121,186.98,82.42,95,396585,425522
f0:91:27:6b:7a:0a,4813,-27,2122,186.93,82.42,88,396673,425610
f0:91:27:6b:7a:0a,4816,-30,2123,186.98,82.42,279,396952,425889
f0:91:27:6b:7a:0a,4817,-28,2124,186.93,82.43,93,397045,425982
f0:91:27:6b:7a:0a,4818,-30,2125,186.89,82.43,86,397131,426068
f0:91:27:6b:7a:0a,4819,-28,2126,186.84,82.43,92,397223,426160
f0:91:27:6b:7a:0a,4820,-27,2127,186.80,82.43,91,397314,426251
f0:91:27:6b:7a:0a,4821,-31,2128,186.75,82.43,96,397410,426347
f0:91:27:6b:7a:0a,4822,-28,2129,186.71,82.43,91,397501,426438
f0:91:27:6b:7a:0a,4823,-27,2130,186.66,82.44,94,397595,426532
f0:91:27:6b:7a:0a,4824,-31,2131,186.62,82.44,92,397687,426624
f0:91:27:6b:7a:0a,4825,-26,2132,186.57,82.44,90,397777,426714
f0:91:27:6b:7a:0a,4831,-26,2133,186.74,82.45,533,398310,427247
f0:91:27:6b:7a:0a,4834,-28,2134,186.78,82.45,276,398586,427523
f0:91:27:6b:7a:0a,4837,-27,2135,186.81,82.46,264,398850,427787
f0:91:27:6b:7a:0a,4841,-26,2136,186.90,82.46,359,399209,428146
f0:91:27:6b:7a:0a,4842,-31,2137,186.85,82.47,87,399296,428233
f0:91:27:6b:7a:0a,4843,-26,2138,186.80,82.47,85,399381,428318
f0:91:27:6b:7a:0a,4846,-31,2139,186.84,82.47,264,399645,428582
f0:91:27:6b:7a:0a,4849,-26,2140,186.87,82.47,248,399893,428830
f0:91:27:6b:7a:0a,4850,-32,2141,186.82,82.47,88,399981,428918
f0:91:27:6b:7a:0a,4851,-26,2142,186.77,82.47,81,400062,428999
f0:91:27:6b:7a:0a,4852,-26,2143,186.72,82.47,84,400146,429083
f0:91:27:6b:7a:0a,4853,-30,2144,186.67,82.47,79,400225,429162
f0:91:27:6b:7a:0a,4854,-27,2145,186.63,82.47,86,400311,429248
f0:91:27:6b:7a:0a,4855,-28,2146,186.58,82.47,80,400391,429328
f0:91:27:6b:7a:0a,4857,-28,2147,186.57,82.47,166,400557,429494
f0:91:27:6b:7a:0a,4858,-26,2148,186.52,82.47,93,400650,429587
f0:91:27:6b:7a:0a,4859,-28,2149,186.47,82.47,79,400729,429666
f0:91:27:6b:7a:0a,4861,-28,2150,186.47,82.47,171,400900,429837
f0:91:27:6b:7a:0a,4863,-27,2151,186.45,82.47,162,401062,429999
f0:91:27:6b:7a:0a,4864,-28,2152,186.40,82.47,81,401143,430080
f0:91:27:6b:7a:0a,4865,-27,2153,186.36,82.47,88,401231,430168
f0:91:27:6b:7a:0a,4866,-28,2154,186.31,82.47,85,401316,430253
f0:91:27:6b:7a:0a,4867,-32,2155,186.27,82.47,86,401402,430339
f0:91:27:6b:7a:0a,4868,-28,2156,186.22,82.47,85,401487,430424
f0:91:27:6b:7a:0a,4869,-30,2157,186.17,82.47,80,401567,430504
f0:91:27:6b:7a:0a,4870,-24,2158,186.12,82.47,84,401651,430588
f0:91:27:6b:7a:0a,4871,-28,2159,186.07,82.47,79,401730,430667
f0:91:27:6b:7a:0a,4872,-32,2160,186.02,82.47,79,401809,430746
f0:91:27:6b:7a:0a,4873,-28,2161,185.98,82.48,92,401901,430838
f0:91:27:6b:7a:0a,4876,-32,2162,186.01,82.47,245,402146,431083
f0:91:27:6b:7a:0a,4877,-27,2163,185.96,82.47,79,402225,431162
f0:91:27:6b:7a:0a,4878,-28,2164,185.91,82.47,87,402312,431249
f0:91:27:6b:7a:0a,4879,-31,2165,185.86,82.47,82,402394,431331
f0:91:27:6b:7a:0a,4882,-24,2166,185.89,82.48,250,402644,431581
f0:91:27:6b:7a:0a,4885,-27,2167,185.92,82.48,250,402894,431831
f0:91:27:6b:7a:0a,4886,-28,2168,185.87,82.48,80,402974,431911
f0:91:27:6b:7a:0a,4890,-26,2169,185.94,82.48,339,403313,432250
f0:91:27:6b:7a:0a,4891,-28,2170,185.90,82.48,88,403401,432338
f0:91:27:6b:7a:0a,4893,-24,2171,185.89,82.48,158,403559,432496
f0:91:27:6b:7a:0a,4899,-26,2172,186.04,82.48,518,404077,433014
f0:91:27:6b:7a:0a,4900,-28,2173,185.99,82.48,82,404159,433096
f0:91:27:6b:7a:0a,4901,-31,2174,185.94,82.48,78,404237,433174
f0:91:27:6b:7a:0a,4905,-26,2175,186.01,82.48,341,404578,433515
f0:91:27:6b:7a:0a,4909,-27,2176,186.08,82.48,332,404910,433847
f0:91:27:6b:7a:0a,4910,-30,2177,186.03,82.48,88,404998,433935
f0:91:27:6b:7a:0a,4911,-27,2178,185.98,82.48,73,405071,434008
f0:91:27:6b:7a:0a,4915,-28,2179,186.05,82.48,329,405400,434337
f0:91:27:6b:7a:0a,4916,-26,2180,186.00,82.48,90,405490,434427
f0:91:27:6b:7a:0a,4919,-28,2181,186.03,82.48,244,405734,434671
f0:91:27:6b:7a:0a,4921,-24,2182,186.02,82.48,169,405903,434840
f0:91:27:6b:7a:0a,4922,-28,2183,185.97,82.48,76,405979,434916
f0:91:27:6b:7a:0a,4924,-26,2184,185.96,82.48,159,406138,435075
f0:91:27:6b:7a:0a,4926,-31,2185,185.95,82.48,156,406294,435231
f0:91:27:6b:7a:0a,4927,-27,2186,185.90,82.48,81,406375,435312
f0:91:27:6b:7a:0a,4929,-30,2187,185.89,82.48,161,406536,435473
f0:91:27:6b:7a:0a,4933,-32,2188,185.95,82.48,324,406860,435797
f0:91:27:6b:7a:0a,4934,-26,2189,185.90,82.48,86,406946,435883
f0:91:27:6b:7a:0a,4935,-26,2190,185.85,82.48,75,407021,435958
f0:91:27:6b:7a:0a,4937,-32,2191,185.84,82.47,155,407176,436113
f0:91:27:6b:7a:0a,4938,-24,2192,185.80,82.48,87,407263,436200
f0:91:27:6b:7a:0a,4939,-28,2193,185.75,82.47,81,407344,436281
f0:91:27:6b:7a:0a,4940,-30,2194,185.70,82.47,79,407423,436360
f0:91:27:6b:7a:0a,4941,-26,2195,185.65,82.47,81,407504,436441
f0:91:27:6b:7a:0a,4942,-26,2196,185.60,82.47,76,407580,436517
f0:91:27:6b:7a:0a,4943,-32,2197,185.55,82.47,80,407660,436597
f0:91:27:6b:7a:0a,4944,-26,2198,185.50,82.47,75,407735,436672
f0:91:27:6b:7a:0a,4946,-32,2199,185.49,82.47,165,407900,436837
f0:91:27:6b:7a:0a,4947,-24,2200,185.45,82.47,79,407979,436916
f0:91:27:6b:7a:0a,4948,-28,2201,185.40,82.47,76,408055,436992
f0:91:27:6b:7a:0a,4949,-31,2202,185.35,82.47,79,408134,437071
f0:91:27:6b:7a:0a,4951,-28,2203,185.34,82.47,163,408297,437234
f0:91:27:6b:7a:0a,4955,-30,2204,185.40,82.46,316,408613,437550
f0:91:27:6b:7a:0a,4956,-26,2205,185.35,82.47,89,408702,437639
f0:91:27:6b:7a:0a,4964,-27,2206,185.55,82.46,632,409334,438271
f0:91:27:6b:7a:0a,4965,-28,2207,185.51,82.46,80,409414,438351
f0:91:27:6b:7a:0a,4969,-26,2208,185.57,82.46,322,409736,438673
f0:91:27:6b:7a:0a,4974,-27,2209,185.67,82.46,409,410145,439082
f0:91:27:6b:7a:0a,4982,-31,2210,185.87,82.45,637,410782,439719
f0:91:27:6b:7a:0a,5023,-25,2211,187.27,82.43,3277,414059,442996
f0:91:27:6b:7a:0a,5027,-26,2212,187.34,82.43,329,414388,443325
f0:91:27:6b:7a:0a,5030,-30,2213,187.36,82.43,236,414624,443561
f0:91:27:6b:7a:0a,5031,-26,2214,187.31,82.43,81,414705,443642
f0:91:27:6b:7a:0a,5034,-32,2215,187.33,82.43,232,414937,443874
f0:91:27:6b:7a:0a,5036,-32,2216,187.32,82.43,165,415102,444039
f0:91:27:6b:7a:0a,5038,-28,2217,187.31,82.43,158,415260,444197
f0:91:27:6b:7a:0a,5039,-30,2218,187.26,82.42,77,415337,444274
f0:91:27:6b:7a:0a,5041,-28,2219,187.25,82.42,160,415497,444434
f0:91:27:6b:7a:0a,5042,-28,2220,187.19,82.42,73,415570,444507
f0:91:27:6b:7a:0a,5043,-26,2221,187.15,82.42,88,415658,444595
f0:91:27:6b:7a:0a,5053,-28,2222,187.43,82.42,807,416465,445402
f0:91:27:6b:7a:0a,5057,-28,2223,187.48,82.42,308,416773,445710
f0:91:27:6b:7a:0a,5058,-31,2224,187.43,82.41,74,416847,445784
f0:91:27:6b:7a:0a,5060,-28,2225,187.42,82.41,162,417009,445946
f0:91:27:6b:7a:0a,5061,-30,2226,187.37,82.41,81,417090,446027
f0:91:27:6b:7a:0a,5062,-27,2227,187.32,82.41,72,417162,446099
f0:91:27:6b:7a:0a,5064,-28,2228,187.31,82.41,161,417323,446260
f0:91:27:6b:7a:0a,5065,-28,2229,187.26,82.41,75,417398,446335
f0:91:27:6b:7a:0a,5066,-31,2230,187.21,82.41,84,417482,446419
f0:91:27:6b:7a:0a,5067,-26,2231,187.16,82.41,76,417558,446495
f0:91:27:6b:7a:0a,5068,-28,2232,187.11,82.41,77,417635,446572
f0:91:27:6b:7a:0a,5069,-31,2233,187.07,82.41,85,417720,446657
f0:91:27:6b:7a:0a,5071,-28,2234,187.05,82.40,154,417874,446811
f0:91:27:6b:7a:0a,5074,-27,2235,187.07,82.40,237,418111,447048
f0:91:27:6b:7a:0a,5075,-28,2236,187.03,82.40,77,418188,447125
f0:91:27:6b:7a:0a,5076,-30,2237,186.98,82.40,76,418264,447201
f0:91:27:6b:7a:0a,5081,-27,2238,187.07,82.40,394,418658,447595
f0:91:27:6b:7a:0a,5082,-26,2239,187.02,82.40,75,418733,447670
f0:91:27:6b:7a:0a,5084,-31,2240,187.01,82.39,160,418893,447830
f0:91:27:6b:7a:0a,5085,-27,2241,186.96,82.39,77,418970,447907
f0:91:27:6b:7a:0a,5086,-28,2242,186.90,82.39,71,419041,447978
f0:91:27:6b:7a:0a,5087,-26,2243,186.86,82.39,79,419120,448057
f0:91:27:6b:7a:0a,5088,-27,2244,186.81,82.39,83,419203,448140
f0:91:27:6b:7a:0a,5091,-32,2245,186.83,82.39,238,419441,448378
f0:91:27:6b:7a:0a,5096,-30,2246,186.93,82.39,404,419845,448782
f0:91:27:6b:7a:0a,5097,-26,2247,186.88,82.39,77,419922,448859
f0:91:27:6b:7a:0a,5099,-28,2248,186.87,82.38,153,420075,449012
f0:91:27:6b:7a:0a,5100,-30,2249,186.82,82.38,82,420157,449094
f0:91:27:6b:7a:0a,5111,-28,2250,187.12,82.38,870,421027,449964
f0:91:27:6b:7a:0a,5112,-27,2251,187.08,82.38,88,421115,450052
f0:91:27:6b:7a:0a,5113,-27,2252,187.03,82.38,75,421190,450127
f0:91:27:6b:7a:0a,5114,-33,2253,186.98,82.38,82,421272,450209
f0:91:27:6b:7a:0a,5115,-33,2254,186.93,82.37,76,421348,450285
f0:91:27:6b:7a:0a,5117,-26,2255,186.92,82.38,166,421514,450451
f0:91:27:6b:7a:0a,5122,-26,2256,187.02,82.37,405,421919,450856
f0:91:27:6b:7a:0a,5123,-26,2257,186.97,82.37,80,421999,450936
f0:91:27:6b:7a:0a,5124,-32,2258,186.93,82.37,78,422077,451014
f0:91:27:6b:7a:0a,5126,-27,2259,186.91,82.37,161,422238,451175
f0:91:27:6b:7a:0a,5127,-28,2260,186.86,82.37,75,422313,451250
f0:91:27:6b:7a:0a,5129,-26,2261,186.85,82.37,156,422469,451406
f0:91:27:6b:7a:0a,5130,-28,2262,186.80,82.37,76,422545,451482
f0:91:27:6b:7a:0a,5131,-31,2263,186.75,82.37,80,422625,451562
f0:91:27:6b:7a:0a,5133,-28,2264,186.74,82.37,160,422785,451722
f0:91:27:6b:7a:0a,5134,-31,2265,186.69,82.36,76,422861,451798
f0:91:27:6b:7a:0a,5139,-26,2266,186.78,82.36,388,423249,452186
f0:91:27:6b:7a:0a,5141,-28,2267,186.77,82.36,159,423408,452345
f0:91:27:6b:7a:0a,5143,-27,2268,186.76,82.36,154,423562,452499
f0:91:27:6b:7a:0a,5144,-28,2269,186.71,82.36,79,423641,452578
f0:91:27:6b:7a:0a,5146,-24,2270,186.70,82.36,169,423810,452747
f0:91:27:6b:7a:0a,5147,-28,2271,186.65,82.36,75,423885,452822
f0:91:27:6b:7a:0a,5148,-28,2272,186.60,82.36,80,423965,452902
f0:91:27:6b:7a:0a,5149,-28,2273,186.56,82.35,75,424040,452977
f0:91:27:6b:7a:0a,5151,-26,2274,186.54,82.35,158,424198,453135
f0:91:27:6b:7a:0a,5152,-26,2275,186.49,82.35,72,424270,453207
f0:91:27:6b:7a:0a,5156,-24,2276,186.55,82.35,316,424586,453523
f0:91:27:6b:7a:0a,5157,-28,2277,186.50,82.35,83,424669,453606
f0:91:27:6b:7a:0a,5158,-30,2278,186.46,82.35,79,424748,453685
f0:91:27:6b:7a:0a,5159,-26,2279,186.41,82.35,81,424829,453766
f0:91:27:6b:7a:0a,5160,-27,2280,186.36,82.35,74,424903,453840
f0:91:27:6b:7a:0a,5166,-26,2281,186.49,82.34,479,425382,454319
f0:91:27:6b:7a:0a,5171,-28,2282,186.58,82.34,391,425773,454710
f0:91:27:6b:7a:0a,5175,-28,2283,186.64,82.34,321,426094,455031
f0:91:27:6b:7a:0a,5177,-27,2284,186.63,82.34,164,426258,455195
f0:91:27:6b:7a:0a,5180,-27,2285,186.65,82.33,234,426492,455429
f0:91:27:6b:7a:0a,5187,-32,2286,186.81,82.33,566,427058,455995
f0:91:27:6b:7a:0a,5188,-27,2287,186.77,82.33,86,427144,456081
f0:91:27:6b:7a:0a,5189,-27,2288,186.73,82.33,83,427227,456164
f0:91:27:6b:7a:0a,5190,-29,2289,186.68,82.33,77,427304,456241
f0:91:27:6b:7a:0a,5193,-27,2290,186.70,82.33,232,427536,456473
f0:91:27:6b:7a:0a,5194,-32,2291,186.65,82.33,83,427619,456556
f0:91:27:6b:7a:0a,5195,-27,2292,186.61,82.33,89,427708,456645
f0:91:27:6b:7a:0a,5199,-24,2293,186.66,82.33,310,428018,456955
f0:91:27:6b:7a:0a,5201,-28,2294,186.65,82.33,156,428174,457111
f0:91:27:6b:7a:0a,5202,-24,2295,186.60,82.33,82,428256,457193
f0:91:27:6b:7a:0a,5203,-28,2296,186.55,82.32,74,428330,457267
f0:91:27:6b:7a:0a,5205,-24,2297,186.55,82.32,167,428497,457434
f0:91:27:6b:7a:0a,5207,-28,2298,186.53,82.32,154,428651,457588
f0:91:27:6b:7a:0a,5208,-30,2299,186.49,82.32,85,428736,457673
f0:91:27:6b:7a:0a,5210,-26,2300,186.47,82.32,151,428887,457824
f0:91:27:6b:7a:0a,5213,-31,2301,186.49,82.32,231,429118,458055
f0:91:27:6b:7a:0a,5214,-28,2302,186.45,82.32,85,429203,458140
f0:91:27:6b:7a:0a,5215,-32,2303,186.40,82.32,77,429280,458217
f0:91:27:6b:7a:0a,5216,-26,2304,186.35,82.32,80,429360,458297
f0:91:27:6b:7a:0a,5217,-31,2305,186.31,82.32,82,429442,458379
f0:91:27:6b:7a:0a,5218,-30,2306,186.26,82.31,76,429518,458455
f0:91:27:6b:7a:0a,5219,-26,2307,186.21,82.31,76,429594,458531
f0:91:27:6b:7a:0a,5220,-28,2308,186.17,82.31,86,429680,458617
f0:91:27:6b:7a:0a,5222,-31,2309,186.15,82.31,149,429829,458766
f0:91:27:6b:7a:0a,5224,-25,2310,186.14,82.31,157,429986,458923
f0:91:27:6b:7a:0a,5225,-30,2311,186.09,82.31,77,430063,459000
f0:91:27:6b:7a:0a,5226,-23,2312,186.05,82.31,84,430147,459084
f0:91:27:6b:7a:0a,5227,-28,2313,186.00,82.31,73,430220,459157
f0:91:27:6b:7a:0a,5228,-29,2314,185.96,82.31,84,430304,459241
f0:91:27:6b:7a:0a,5229,-31,2315,185.91,82.31,72,430376,459313
f0:91:27:6b:7a:0a,5231,-26,2316,185.89,82.30,153,430529,459466
f0:91:27:6b:7a:0a,5232,-32,2317,185.85,82.30,87,430616,459553
f0:91:27:6b:7a:0a,5233,-26,2318,185.80,82.30,75,430691,459628
f0:91:27:6b:7a:0a,5234,-27,2319,185.76,82.31,95,430786,459723
f0:91:27:6b:7a:0a,5235,-32,2320,185.71,82.30,72,430858,459795
f0:91:27:6b:7a:0a,5236,-31,2321,185.67,82.30,75,430933,459870
f0:91:27:6b:7a:0a,5237,-29,2322,185.62,82.30,81,431014,459951
f0:91:27:6b:7a:0a,5238,-26,2323,185.57,82.30,76,431090,460027
f0:91:27:6b:7a:0a,5239,-28,2324,185.53,82.30,80,431170,460107
f0:91:27:6b:7a:0a,5240,-30,2325,185.48,82.30,79,431249,460186
f0:91:27:6b:7a:0a,5241,-32,2326,185.44,82.30,75,431324,460261
f0:91:27:6b:7a:0a,5242,-25,2327,185.39,82.30,85,431409,460346
f0:91:27:6b:7a:0a,5244,-26,2328,185.38,82.30,151,431560,460497
f0:91:27:6b:7a:0a,5245,-26,2329,185.33,82.29,76,431636,460573
f0:91:27:6b:7a:0a,5246,-32,2330,185.29,82.30,88,431724,460661
f0:91:27:6b:7a:0a,5247,-24,2331,185.24,82.30,80,431804,460741
f0:91:27:6b:7a:0a,5248,-26,2332,185.20,82.29,74,431878,460815
f0:91:27:6b:7a:0a,5252,-27,2333,185.26,82.29,322,432200,461137
f0:91:27:6b:7a:0a,5253,-30,2334,185.21,82.29,86,432286,461223
f0:91:27:6b:7a:0a,5254,-26,2335,185.17,82.29,80,432366,461303
f0:91:27:6b:7a:0a,5255,-25,2336,185.12,82.29,79,432445,461382
f0:91:27:6b:7a:0a,5264,-26,2337,185.34,82.28,702,433147,462084
f0:91:27:6b:7a:0a,5267,-26,2338,185.37,82.28,238,433385,462322
f0:91:27:6b:7a:0a,5269,-28,2339,185.35,82.28,156,433541,462478
f0:91:27:6b:7a:0a,5270,-30,2340,185.30,82.28,72,433613,462550
f0:91:27:6b:7a:0a,5278,-31,2341,185.50,82.27,632,434245,463182
f0:91:27:6b:7a:0a,5282,-26,2342,185.55,82.27,320,434565,463502
f0:91:27:6b:7a:0a,5284,-31,2343,185.54,82.27,158,434723,463660
f0:91:27:6b:7a:0a,5286,-26,2344,185.53,82.27,153,434876,463813
f0:91:27:6b:7a:0a,5291,-26,2345,185.62,82.27,403,435279,464216
f0:91:27:6b:7a:0a,5295,-26,2346,185.67,82.26,308,435587,464524
f0:91:27:6b:7a:0a,5296,-31,2347,185.63,82.26,78,435665,464602
f0:91:27:6b:7a:0a,5302,-31,2348,185.75,82.26,480,436145,465082
f0:91:27:6b:7a:0a,5307,-26,2349,185.84,82.26,392,436537,465474
f0:91:27:6b:7a:0a,5309,-25,2350,185.83,82.26,163,436700,465637
f0:91:27:6b:7a:0a,5311,-31,2351,185.81,82.25,150,436850,465787
f0:91:27:6b:7a:0a,5313,-28,2352,185.80,82.25,157,437007,465944
f0:91:27:6b:7a:0a,5314,-28,2353,185.76,82.25,79,437086,466023
f0:91:27:6b:7a:0a,5316,-28,2354,185.75,82.25,158,437244,466181
f0:91:27:6b:7a:0a,5318,-26,2355,185.73,82.25,156,437400,466337
f0:91:27:6b:7a:0a,5321,-31,2356,185.76,82.25,242,437642,466579
f0:91:27:6b:7a:0a,5323,-26,2357,185.74,82.25,156,437798,466735
f0:91:27:6b:7a:0a,5324,-24,2358,185.70,82.25,75,437873,466810
f0:91:27:6b:7a:0a,5325,-26,2359,185.65,82.24,79,437952,466889
f0:91:27:6b:7a:0a,5326,-28,2360,185.61,82.24,79,438031,466968
f0:91:27:6b:7a:0a,5327,-31,2361,185.56,82.24,84,438115,467052
f0:91:27:6b:7a:0a,5328,-28,2362,185.52,82.24,78,438193,467130
f0:91:27:6b:7a:0a,5329,-30,2363,185.48,82.24,88,438281,467218
f0:91:27:6b:7a:0a,5330,-24,2364,185.43,82.24,83,438364,467301
f0:91:27:6b:7a:0a,5334,-26,2365,185.49,82.24,315,438679,467616
f0:91:27:6b:7a:0a,5337,-24,2366,185.52,82.24,258,438937,467874
f0:91:27:6b:7a:0a,5338,-28,2367,185.47,82.24,74,439011,467948
f0:91:27:6b:7a:0a,5339,-28,2368,185.43,82.24,81,439092,468029
f0:91:27:6b:7a:0a,5341,-24,2369,185.42,82.24,168,439260,468197
f0:91:27:6b:7a:0a,5342,-28,2370,185.37,82.24,73,439333,468270
f0:91:27:6b:7a:0a,5345,-32,2371,185.39,82.24,236,439569,468506
f0:91:27:6b:7a:0a,5346,-26,2372,185.35,82.24,83,439652,468589
f0:91:27:6b:7a:0a,5354,-24,2373,185.54,82.23,631,440283,469220
f0:91:27:6b:7a:0a,5357,-24,2374,185.56,82.23,239,440522,469459
f0:91:27:6b:7a:0a,5358,-26,2375,185.52,82.23,81,440603,469540
f0:91:27:6b:7a:0a,5359,-26,2376,185.47,82.23,81,440684,469621
f0:91:27:6b:7a:0a,5360,-31,2377,185.43,82.23,80,440764,469701
f0:91:27:6b:7a:0a,5364,-24,2378,185.48,82.23,316,441080,470017
f0:91:27:6b:7a:0a,5365,-28,2379,185.44,82.23,79,441159,470096
f0:91:27:6b:7a:0a,5366,-26,2380,185.40,82.23,88,441247,470184
f0:91:27:6b:7a:0a,5367,-28,2381,185.36,82.23,85,441332,470269
f0:91:27:6b:7a:0a,5369,-32,2382,185.34,82.23,146,441478,470415
f0:91:27:6b:7a:0a,5371,-28,2383,185.33,82.23,166,441644,470581
f0:91:27:6b:7a:0a,5375,-24,2384,185.38,82.22,310,441954,470891
f0:91:27:6b:7a:0a,5376,-28,2385,185.34,82.22,84,442038,470975
f0:91:27:6b:7a:0a,5386,-28,2386,185.60,82.22,800,442838,471775
f0:91:27:6b:7a:0a,5388,-31,2387,185.58,82.22,152,442990,471927
f0:91:27:6b:7a:0a,5390,-26,2388,185.57,82.22,161,443151,472088
f0:91:27:6b:7a:0a,5391,-24,2389,185.53,82.22,78,443229,472166
f0:91:27:6b:7a:0a,5393,-32,2390,185.52,82.22,158,443387,472324
f0:91:27:6b:7a:0a,5397,-30,2391,185.58,82.21,325,443712,472649
f0:91:27:6b:7a:0a,5398,-26,2392,185.53,82.21,81,443793,472730
f0:91:27:6b:7a:0a,5399,-32,2393,185.49,82.22,88,443881,472818
f0:91:27:6b:7a:0a,5400,-26,2394,185.45,82.21,75,443956,472893
f0:91:27:6b:7a:0a,5401,-28,2395,185.40,82.21,74,444030,472967
f0:91:27:6b:7a:0a,5404,-26,2396,185.42,82.21,240,444270,473207
f0:91:27:6b:7a:0a,5405,-26,2397,185.38,82.21,81,444351,473288
f0:91:27:6b:7a:0a,5406,-28,2398,185.33,82.21,77,444428,473365
f0:91:27:6b:7a:0a,5407,-32,2399,185.29,82.21,90,444518,473455
f0:91:27:6b:7a:0a,5408,-24,2400,185.25,82.21,73,444591,473528
f0:91:27:6b:7a:0a,5410,-30,2401,185.24,82.21,164,444755,473692
f0:91:27:6b:7a:0a,5411,-30,2402,185.19,82.21,78,444833,473770
f0:91:27:6b:7a:0a,5412,-26,2403,185.15,82.21,79,444912,473849
f0:91:27:6b:7a:0a,5413,-28,2404,185.10,82.21,80,444992,473929
f0:91:27:6b:7a:0a,5414,-32,2405,185.06,82.21,77,445069,474006
f0:91:27:6b:7a:0a,5415,-26,2406,185.01,82.21,72,445141,474078
f0:91:27:6b:7a:0a,5416,-27,2407,184.97,82.20,72,445213,474150
f0:91:27:6b:7a:0a,5420,-32,2408,185.02,82.20,319,445532,474469
f0:91:27:6b:7a:0a,5421,-28,2409,184.98,82.20,90,445622,474559
f0:91:27:6b:7a:0a,5422,-28,2410,184.94,82.20,76,445698,474635
f0:91:27:6b:7a:0a,5423,-31,2411,184.90,82.20,84,445782,474719
f0:91:27:6b:7a:0a,5424,-26,2412,184.85,82.20,76,445858,474795
f0:91:27:6b:7a:0a,5425,-28,2413,184.81,82.20,89,445947,474884
f0:91:27:6b:7a:0a,5426,-31,2414,184.77,82.20,78,446025,474962
f0:91:27:6b:7a:0a,5427,-28,2415,184.73,82.20,89,446114,475051
f0:91:27:6b:7a:0a,5428,-26,2416,184.69,82.20,88,446202,475139
f0:91:27:6b:7a:0a,5429,-26,2417,184.65,82.21,92,446294,475231
f0:91:27:6b:7a:0a,5431,-24,2418,184.64,82.21,166,446460,475397
f0:91:27:6b:7a:0a,5432,-28,2419,184.61,82.21,100,446560,475497
f0:91:27:6b:7a:0a,5433,-26,2420,184.57,82.21,89,446649,475586
f0:91:27:6b:7a:0a,5436,-32,2421,184.60,82.22,273,446922,475859
f0:91:27:6b:7a:0a,5437,-28,2422,184.57,82.22,98,447020,475957
f0:91:27:6b:7a:0a,5438,-26,2423,184.53,82.22,96,447116,476053
f0:91:27:6b:7a:0a,5440,-32,2424,184.53,82.23,190,447306,476243
f0:91:27:6b:7a:0a,5444,-31,2425,184.61,82.23,376,447682,476619
f0:91:27:6b:7a:0a,5445,-28,2426,184.58,82.24,99,447781,476718
f0:91:27:6b:7a:0a,5447,-30,2427,184.57,82.24,178,447959,476896
f0:91:27:6b:7a:0a,5450,-32,2428,184.62,82.25,288,448247,477184
f0:91:27:6b:7a:0a,5452,-26,2429,184.62,82.25,183,448430,477367
f0:91:27:6b:7a:0a,5453,-31,2430,184.58,82.25,94,448524,477461
f0:91:27:6b:7a:0a,5454,-28,2431,184.54,82.25,86,448610,477547
f0:91:27:6b:7a:0a,5455,-26,2432,184.50,82.26,102,448712,477649
f0:91:27:6b:7a:0a,5456,-32,2433,184.46,82.26,85,448797,477734
f0:91:27:6b:7a:0a,5459,-31,2434,184.50,82.26,281,449078,478015
f0:91:27:6b:7a:0a,5460,-32,2435,184.46,82.27,94,449172,478109
f0:91:27:6b:7a:0a,5461,-28,2436,184.43,82.27,94,449266,478203
f0:91:27:6b:7a:0a,5462,-26,2437,184.39,82.27,95,449361,478298
f0:91:27:6b:7a:0a,5463,-32,2438,184.35,82.27,88,449449,478386
f0:91:27:6b:7a:0a,5465,-31,2439,184.35,82.27,179,449628,478565
f0:91:27:6b:7a:0a,5466,-28,2440,184.31,82.28,90,449718,478655
f0:91:27:6b:7a:0a,5467,-23,2441,184.27,82.28,96,449814,478751
f0:91:27:6b:7a:0a,5473,-28,2442,184.43,82.29,555,450369,479306
f0:91:27:6b:7a:0a,5474,-26,2443,184.39,82.29,95,450464,479401
f0:91:27:6b:7a:0a,5475,-32,2444,184.35,82.29,92,450556,479493
f0:91:27:6b:7a:0a,5477,-28,2445,184.35,82.30,190,450746,479683
f0:91:27:6b:7a:0a,5478,-26,2446,184.32,82.30,97,450843,479780
f0:91:27:6b:7a:0a,5479,-27,2447,184.28,82.30,97,450940,479877
f0:91:27:6b:7a:0a,5481,-31,2448,184.28,82.31,183,451123,480060
f0:91:27:6b:7a:0a,5482,-28,2449,184.25,82.31,100,451223,480160
f0:91:27:6b:7a:0a,5483,-27,2450,184.21,82.31,94,451317,480254
f0:91:27:6b:7a:0a,5486,-28,2451,184.25,82.32,279,451596,480533
f0:91:27:6b:7a:0a,5490,-28,2452,184.33,82.33,376,451972,480909
f0:91:27:6b:7a:0a,5491,-26,2453,184.29,82.33,98,452070,481007
f0:91:27:6b:7a:0a,5492,-31,2454,184.26,82.33,94,452164,481101
f0:91:27:6b:7a:0a,5493,-28,2455,184.22,82.33,84,452248,481185
f0:91:27:6b:7a:0a,5494,-26,2456,184.18,82.33,97,452345,481282
f0:91:27:6b:7a:0a,5495,-31,2457,184.14,82.34,86,452431,481368
f0:91:27:6b:7a:0a,5497,-26,2458,184.14,82.34,187,452618,481555
f0:91:27:6b:7a:0a,5498,-27,2459,184.10,82.34,96,452714,481651
f0:91:27:6b:7a:0a,5502,-31,2460,184.18,82.35,381,453095,482032
f0:91:27:6b:7a:0a,5503,-28,2461,184.15,82.35,98,453193,482130
f0:91:27:6b:7a:0a,5505,-31,2462,184.15,82.36,180,453373,482310
f0:91:27:6b:7a:0a,5506,-32,2463,184.12,82.36,103,453476,482413
f0:91:27:6b:7a:0a,5510,-28,2464,184.19,82.37,363,453839,482776
f0:91:27:6b:7a:0a,5514,-28,2465,184.27,82.38,381,454220,483157
f0:91:27:6b:7a:0a,5515,-28,2466,184.23,82.38,94,454314,483251
f0:91:27:6b:7a:0a,5516,-26,2467,184.19,82.38,87,454401,483338
f0:91:27:6b:7a:0a,5519,-25,2468,184.23,82.38,281,454682,483619
f0:91:27:6b:7a:0a,5520,-32,2469,184.19,82.39,91,454773,483710
f0:91:27:6b:7a:0a,5521,-30,2470,184.16,82.39,103,454876,483813
f0:91:27:6b:7a:0a,5522,-28,2471,184.12,82.39,82,454958,483895
f0:91:27:6b:7a:0a,5523,-24,2472,184.08,82.39,97,455055,483992
f0:91:27:6b:7a:0a,5525,-26,2473,184.08,82.40,186,455241,484178
f0:91:27:6b:7a:0a,5528,-28,2474,184.12,82.40,275,455516,484453
f0:91:27:6b:7a:0a,5529,-28,2475,184.09,82.40,100,455616,484553
f0:91:27:6b:7a:0a,5530,-26,2476,184.05,82.41,94,455710,484647
f0:91:27:6b:7a:0a,5531,-26,2477,184.02,82.41,96,455806,484743
f0:91:27:6b:7a:0a,5532,-31,2478,183.98,82.41,87,455893,484830
f0:91:27:6b:7a:0a,5533,-28,2479,183.94,82.41,94,455987,484924
f0:91:27:6b:7a:0a,5535,-30,2480,183.94,82.42,194,456181,485118
f0:91:27:6b:7a:0a,5537,-28,2481,183.94,82.42,182,456363,485300
f0:91:27:6b:7a:0a,5538,-26,2482,183.91,82.42,95,456458,485395
f0:91:27:6b:7a:0a,5539,-26,2483,183.87,82.43,100,456558,485495
f0:91:27:6b:7a:0a,5540,-31,2484,183.84,82.43,91,456649,485586
f0:91:27:6b:7a:0a,5544,-30,2485,183.91,82.43,365,457014,485951
f0:91:27:6b:7a:0a,5550,-26,2486,184.05,82.44,531,457545,486482
f0:91:27:6b:7a:0a,5551,-32,2487,184.01,82.44,91,457636,486573
f0:91:27:6b:7a:0a,5552,-24,2488,183.97,82.44,85,457721,486658
f0:91:27:6b:7a:0a,5553,-28,2489,183.93,82.44,83,457804,486741
f0:91:27:6b:7a:0a,5554,-26,2490,183.89,82.44,90,457894,486831
f0:91:27:6b:7a:0a,5555,-28,2491,183.85,82.44,84,457978,486915
f0:91:27:6b:7a:0a,5556,-26,2492,183.82,82.45,95,458073,487010
f0:91:27:6b:7a:0a,5557,-31,2493,183.78,82.45,93,458166,487103
f0:91:27:6b:7a:0a,5558,-28,2494,183.74,82.45,90,458256,487193
f0:91:27:6b:7a:0a,5563,-28,2495,183.84,82.45,430,458686,487623
f0:91:27:6b:7a:0a,5567,-28,2496,183.91,82.46,343,459029,487966
f0:91:27:6b:7a:0a,5568,-31,2497,183.86,82.45,80,459109,488046
f0:91:27:6b:7a:0a,5581,-26,2498,184.23,82.46,1089,460198,489135
f0:91:27:6b:7a:0a,5582,-28,2499,184.18,82.46,79,460277,489214
f0:91:27:6b:7a:0a,5583,-32,2500,184.14,82.46,81,460358,489295
f0:91:27:6b:7a:0a,5584,-26,2501,184.10,82.46,78,460436,489373
f0:91:27:6b:7a:0a,5585,-26,2502,184.06,82.46,86,460522,489459
f0:91:27:6b:7a:0a,5586,-26,2503,184.02,82.46,90,460612,489549
f0:91:27:6b:7a:0a,5589,-28,2504,184.05,82.46,257,460869,489806
f0:91:27:6b:7a:0a,5591,-24,2505,184.05,82.46,164,461033,489970
f0:91:27:6b:7a:0a,5592,-26,2506,184.00,82.46,82,461115,490052
f0:91:27:6b:7a:0a,5598,-32,2507,184.13,82.46,493,461608,490545
f0:91:27:6b:7a:0a,5599,-31,2508,184.09,82.46,87,461695,490632
f0:91:27:6b:7a:0a,5604,-26,2509,184.18,82.46,418,462113,491050
f0:91:27:6b:7a:0a,5607,-30,2510,184.22,82.47,271,462384,491321
f0:91:27:6b:7a:0a,5610,-31,2511,184.24,82.46,237,462621,491558
f0:91:27:6b:7a:0a,5611,-28,2512,184.20,82.46,90,462711,491648
f0:91:27:6b:7a:0a,5614,-30,2513,184.23,82.47,254,462965,491902
f0:91:27:6b:7a:0a,5616,-31,2514,184.22,82.47,171,463136,492073
f0:91:27:6b:7a:0a,5622,-28,2515,184.34,82.47,486,463622,492559
f0:91:27:6b:7a:0a,5625,-26,2516,184.36,82.46,239,463861,492798
f0:91:27:6b:7a:0a,5627,-26,2517,184.36,82.46,169,464030,492967
f0:91:27:6b:7a:0a,5628,-28,2518,184.32,82.46,81,464111,493048
f0:91:27:6b:7a:0a,5629,-32,2519,184.28,82.46,80,464191,493128
f0:91:27:6b:7a:0a,5630,-26,2520,184.24,82.47,89,464280,493217
f0:91:27:6b:7a:0a,5632,-24,2521,184.23,82.46,162,464442,493379
f0:91:27:6b:7a:0a,5633,-28,2522,184.19,82.46,79,464521,493458
f0:91:27:6b:7a:0a,5634,-24,2523,184.15,82.46,85,464606,493543
f0:91:27:6b:7a:0a,5635,-28,2524,184.11,82.47,96,464702,493639
f0:91:27:6b:7a:0a,5637,-32,2525,184.11,82.47,171,464873,493810
f0:91:27:6b:7a:0a,5641,-31,2526,184.16,82.47,314,465187,494124
f0:91:27:6b:7a:0a,5643,-28,2527,184.15,82.46,153,465340,494277
f0:91:27:6b:7a:0a,5644,-32,2528,184.11,82.46,82,465422,494359
f0:91:27:6b:7a:0a,5646,-28,2529,184.10,82.46,155,465577,494514
f0:91:27:6b:7a:0a,5651,-28,2530,184.18,82.46,405,465982,494919
f0:91:27:6b:7a:0a,5653,-26,2531,184.17,82.46,162,466144,495081
f0:91:27:6b:7a:0a,5654,-28,2532,184.14,82.46,90,466234,495171
f0:91:27:6b:7a:0a,5655,-24,2533,184.10,82.46,89,466323,495260
f0:91:27:6b:7a:0a,5656,-27,2534,184.06,82.46,75,466398,495335
f0:91:27:6b:7a:0a,5658,-30,2535,184.05,82.46,164,466562,495499
f0:91:27:6b:7a:0a,5659,-26,2536,184.01,82.46,78,466640,495577
f0:91:27:6b:7a:0a,5661,-32,2537,184.00,82.46,162,466802,495739
f0:91:27:6b:7a:0a,5662,-28,2538,183.96,82.46,87,466889,495826
f0:91:27:6b:7a:0a,5665,-28,2539,183.98,82.46,246,467135,496072
f0:91:27:6b:7a:0a,5668,-26,2540,184.01,82.46,252,467387,496324
f0:91:27:6b:7a:0a,5683,-28,2541,184.42,82.46,1230,468617,497554
f0:91:27:6b:7a:0a,5684,-28,2542,184.38,82.46,78,468695,497632
f0:91:27:6b:7a:0a,5685,-32,2543,184.34,82.46,79,468774,497711
f0:91:27:6b:7a:0a,5687,-33,2544,184.33,82.46,164,468938,497875
f0:91:27:6b:7a:0a,5688,-26,2545,184.29,82.46,81,469019,497956
f0:91:27:6b:7a:0a,5689,-28,2546,184.25,82.46,79,469098,498035
f0:91:27:6b:7a:0a,5701,-26,2547,184.55,82.45,948,470046,498983
f0:91:27:6b:7a:0a,5702,-26,2548,184.51,82.45,77,470123,499060
f0:91:27:6b:7a:0a,5705,-26,2549,184.53,82.45,237,470360,499297
f0:91:27:6b:7a:0a,5706,-28,2550,184.49,82.45,81,470441,499378
f0:91:27:6b:7a:0a,5707,-28,2551,184.44,82.45,76,470517,499454
f0:91:27:6b:7a:0a,5709,-24,2552,184.43,82.44,159,470676,499613
f0:91:27:6b:7a:0a,5710,-28,2553,184.39,82.44,79,470755,499692
f0:91:27:6b:7a:0a,5711,-32,2554,184.35,82.44,79,470834,499771
f0:91:27:6b:7a:0a,5713,-28,2555,184.34,82.44,160,470994,499931
f0:91:27:6b:7a:0a,5714,-26,2556,184.30,82.44,71,471065,500002
f0:91:27:6b:7a:0a,5719,-28,2557,184.39,82.44,408,471473,500410
f0:91:27:6b:7a:0a,5720,-30,2558,184.34,82.44,81,471554,500491
f0:91:27:6b:7a:0a,5721,-32,2559,184.30,82.44,79,471633,500570
f0:91:27:6b:7a:0a,5722,-24,2560,184.26,82.44,78,471711,500648
f0:91:27:6b:7a:0a,5725,-30,2561,184.28,82.44,236,471947,500884
f0:91:27:6b:7a:0a,5726,-26,2562,184.24,82.43,73,472020,500957
f0:91:27:6b:7a:0a,5731,-28,2563,184.32,82.43,398,472418,501355
f0:91:27:6b:7a:0a,5732,-28,2564,184.28,82.43,75,472493,501430
f0:91:27:6b:7a:0a,5733,-32,2565,184.24,82.43,78,472571,501508
f0:91:27:6b:7a:0a,5736,-28,2566,184.26,82.43,238,472809,501746
f0:91:27:6b:7a:0a,5737,-30,2567,184.22,82.43,79,472888,501825
f0:91:27:6b:7a:0a,5738,-24,2568,184.18,82.43,74,472962,501899
f0:91:27:6b:7a:0a,5741,-24,2569,184.20,82.42,235,473197,502134
f0:91:27:6b:7a:0a,5747,-32,2570,184.31,82.42,472,473669,502606
f0:91:27:6b:7a:0a,5749,-28,2571,184.30,82.42,159,473828,502765
f0:91:27:6b:7a:0a,5751,-26,2572,184.29,82.42,158,473986,502923
f0:91:27:6b:7a:0a,5755,-26,2573,184.34,82.42,320,474306,503243
f0:91:27:6b:7a:0a,5762,-32,2574,184.49,82.41,569,474875,503812
f0:91:27:6b:7a:0a,5764,-28,2575,184.48,82.41,157,475032,503969
f0:91:27:6b:7a:0a,5765,-32,2576,184.44,82.41,84,475116,504053
f0:91:27:6b:7a:0a,5771,-24,2577,184.56,82.41,483,475599,504536
f0:91:27:6b:7a:0a,5774,-32,2578,184.57,82.41,232,475831,504768
f0:91:27:6b:7a:0a,5775,-24,2579,184.53,82.41,78,475909,504846
f0:91:27:6b:7a:0a,5777,-28,2580,184.52,82.41,155,476064,505001
f0:91:27:6b:7a:0a,5781,-28,2581,184.57,82.40,309,476373,505310
f0:91:27:6b:7a:0a,5787,-28,2582,184.68,82.40,477,476850,505787
f0:91:27:6b:7a:0a,5788,-31,2583,184.64,82.40,82,476932,505869
f0:91:27:6b:7a:0a,5789,-26,2584,184.60,82.40,80,477012,505949
f0:91:27:6b:7a:0a,5790,-28,2585,184.56,82.40,77,477089,506026
f0:91:27:6b:7a:0a,5795,-26,2586,184.64,82.40,400,477489,506426
f0:91:27:6b:7a:0a,5796,-26,2587,184.60,82.40,76,477565,506502
f0:91:27:6b:7a:0a,5797,-28,2588,184.56,82.40,85,477650,506587
f0:91:27:6b:7a:0a,5798,-31,2589,184.52,82.40,77,477727,506664
f0:91:27:6b:7a:0a,5799,-26,2590,184.48,82.39,80,477807,506744
f0:91:27:6b:7a:0a,5801,-26,2591,184.48,82.40,178,477985,506922
f0:91:27:6b:7a:0a,5802,-26,2592,184.44,82.40,72,478057,506994
f0:91:27:6b:7a:0a,5804,-30,2593,184.43,82.39,161,478218,507155
f0:91:27:6b:7a:0a,5807,-31,2594,184.45,82.39,234,478452,507389
f0:91:27:6b:7a:0a,5808,-26,2595,184.41,82.39,91,478543,507480
f0:91:27:6b:7a:0a,5810,-28,2596,184.40,82.39,148,478691,507628
f0:91:27:6b:7a:0a,5811,-26,2597,184.36,82.39,88,478779,507716
f0:91:27:6b:7a:0a,5812,-28,2598,184.32,82.39,80,478859,507796
f0:91:27:6b:7a:0a,5815,-28,2599,184.34,82.39,243,479102,508039
f0:91:27:6b:7a:0a,5816,-26,2600,184.30,82.39,81,479183,508120
f0:91:27:6b:7a:0a,5817,-28,2601,184.26,82.39,80,479263,508200
f0:91:27:6b:7a:0a,5818,-32,2602,184.22,82.39,75,479338,508275
f0:91:27:6b:7a:0a,5820,-28,2603,184.21,82.39,159,479497,508434
f0:91:27:6b:7a:0a,5823,-26,2604,184.23,82.38,230,479727,508664
f0:91:27:6b:7a:0a,5825,-31,2605,184.22,82.38,159,479886,508823
f0:91:27:6b:7a:0a,5826,-26,2606,184.18,82.38,85,479971,508908
f0:91:27:6b:7a:0a,5827,-27,2607,184.14,82.38,82,480053,508990
f0:91:27:6b:7a:0a,5828,-31,2608,184.10,82.38,74,480127,509064
f0:91:27:6b:7a:0a,5829,-26,2609,184.06,82.38,79,480206,509143
f0:91:27:6b:7a:0a,5830,-28,2610,184.02,82.38,80,480286,509223
f0:91:27:6b:7a:0a,5839,-26,2611,184.22,82.37,700,480986,509923
f0:91:27:6b:7a:0a,5844,-26,2612,184.30,82.37,406,481392,510329
f0:91:27:6b:7a:0a,5859,-24,2613,184.69,82.37,1202,482594,511531
f0:91:27:6b:7a:0a,5860,-26,2614,184.65,82.37,79,482673,511610
f0:91:27:6b:7a:0a,5861,-28,2615,184.61,82.37,76,482749,511686
f0:91:27:6b:7a:0a,5862,-32,2616,184.57,82.37,81,482830,511767
f0:91:27:6b:7a:0a,5863,-31,2617,184.53,82.36,74,482904,511841
f0:91:27:6b:7a:0a,5865,-28,2618,184.52,82.36,158,483062,511999
f0:91:27:6b:7a:0a,5866,-32,2619,184.48,82.36,80,483142,512079
f0:91:27:6b:7a:0a,5871,-26,2620,184.55,82.36,391,483533,512470
f0:91:27:6b:7a:0a,5872,-28,2621,184.52,82.36,83,483616,512553
f0:91:27:6b:7a:0a,5874,-26,2622,184.51,82.36,159,483775,512712
f0:91:27:6b:7a:0a,5875,-32,2623,184.47,82.36,86,483861,512798
f0:91:27:6b:7a:0a,5876,-24,2624,184.43,82.36,83,483944,512881
f0:91:27:6b:7a:0a,5878,-32,2625,184.42,82.36,159,484103,513040
f0:91:27:6b:7a:0a,5879,-26,2626,184.38,82.36,87,484190,513127
f0:91:27:6b:7a:0a,5880,-27,2627,184.34,82.36,77,484267,513204
f0:91:27:6b:7a:0a,5881,-28,2628,184.30,82.36,77,484344,513281
f0:91:27:6b:7a:0a,5882,-26,2629,184.26,82.36,88,484432,513369
f0:91:27:6b:7a:0a,5887,-32,2630,184.34,82.35,389,484821,513758
f0:91:27:6b:7a:0a,5888,-27,2631,184.30,82.35,77,484898,513835
f0:91:27:6b:7a:0a,5889,-27,2632,184.26,82.35,75,484973,513910
f0:91:27:6b:7a:0a,5896,-31,2633,184.41,82.35,578,485551,514488
f0:91:27:6b:7a:0a,5905,-27,2634,184.61,82.35,703,486254,515191
f0:91:27:6b:7a:0a,5916,-27,2635,184.86,82.34,860,487114,516051
f0:91:27:6b:7a:0a,5920,-27,2636,184.91,82.33,306,487420,516357
f0:91:27:6b:7a:0a,5925,-26,2637,185.00,82.34,415,487835,516772
f0:91:27:6b:7a:0a,5926,-28,2638,184.95,82.33,76,487911,516848
f0:91:27:6b:7a:0a,5928,-30,2639,184.95,82.33,160,488071,517008
f0:91:27:6b:7a:0a,5929,-26,2640,184.91,82.33,81,488152,517089
f0:91:27:6b:7a:0a,5930,-32,2641,184.87,82.33,85,488237,517174
f0:91:27:6b:7a:0a,5931,-27,2642,184.83,82.33,86,488323,517260
f0:91:27:6b:7a:0a,5932,-28,2643,184.79,82.33,82,488405,517342
f0:91:27:6b:7a:0a,5934,-28,2644,184.78,82.33,164,488569,517506
f0:91:27:6b:7a:0a,5935,-32,2645,184.74,82.33,80,488649,517586
f0:91:27:6b:7a:0a,5937,-28,2646,184.73,82.33,159,488808,517745
f0:91:27:6b:7a:0a,5938,-32,2647,184.70,82.33,86,488894,517831
f0:91:27:6b:7a:0a,5940,-28,2648,184.69,82.33,156,489050,517987
f0:91:27:6b:7a:0a,5941,-32,2649,184.65,82.33,88,489138,518075
f0:91:27:6b:7a:0a,5942,-27,2650,184.61,82.33,75,489213,518150
f0:91:27:6b:7a:0a,5943,-29,2651,184.57,82.33,81,489294,518231
f0:91:27:6b:7a:0a,5944,-27,2652,184.53,82.33,86,489380,518317
f0:91:27:6b:7a:0a,5946,-32,2653,184.52,82.33,156,489536,518473
f0:91:27:6b:7a:0a,5949,-29,2654,184.54,82.33,234,489770,518707
f0:91:27:6b:7a:0a,5950,-33,2655,184.50,82.33,80,489850,518787
f0:91:27:6b:7a:0a,5952,-29,2656,184.49,82.33,166,490016,518953
f0:91:27:6b:7a:0a,5954,-29,2657,184.49,82.33,171,490187,519124
f0:91:27:6b:7a:0a,5959,-26,2658,184.57,82.33,401,490588,519525
f0:91:27:6b:7a:0a,5960,-29,2659,184.53,82.33,86,490674,519611
f0:91:27:6b:7a:0a,5961,-31,2660,184.49,82.33,77,490751,519688
f0:91:27:6b:7a:0a,5962,-27,2661,184.45,82.33,81,490832,519769
f0:91:27:6b:7a:0a,5963,-29,2662,184.41,82.33,80,490912,519849
f0:91:27:6b:7a:0a,5964,-27,2663,184.38,82.33,87,490999,519936
f0:91:27:6b:7a:0a,5966,-29,2664,184.37,82.33,159,491158,520095
f0:91:27:6b:7a:0a,5967,-33,2665,184.33,82.33,80,491238,520175
f0:91:27:6b:7a:0a,5968,-32,2666,184.29,82.32,77,491315,520252
f0:91:27:6b:7a:0a,5969,-27,2667,184.25,82.32,78,491393,520330
f0:91:27:6b:7a:0a,5971,-26,2668,184.24,82.32,154,491547,520484
f0:91:27:6b:7a:0a,5972,-27,2669,184.20,82.32,90,491637,520574
f0:91:27:6b:7a:0a,5973,-27,2670,184.16,82.32,83,491720,520657
f0:91:27:6b:7a:0a,5976,-27,2671,184.18,82.32,233,491953,520890
f0:91:27:6b:7a:0a,5977,-29,2672,184.14,82.32,75,492028,520965
f0:91:27:6b:7a:0a,5979,-33,2673,184.13,82.32,152,492180,521117
f0:91:27:6b:7a:0a,5980,-26,2674,184.09,82.32,82,492262,521199
f0:91:27:6b:7a:0a,5981,-29,2675,184.05,82.32,80,492342,521279
f0:91:27:6b:7a:0a,5985,-29,2676,184.10,82.31,312,492654,521591
f0:91:27:6b:7a:0a,6004,-31,2677,184.60,82.31,1510,494164,523101
f0:91:27:6b:7a:0a,6006,-27,2678,184.59,82.30,157,494321,523258
f0:91:27:6b:7a:0a,6007,-33,2679,184.55,82.30,78,494399,523336
f0:91:27:6b:7a:0a,6008,-27,2680,184.51,82.30,81,494480,523417
f0:91:27:6b:7a:0a,6009,-29,2681,184.47,82.30,87,494567,523504
f0:91:27:6b:7a:0a,6011,-27,2682,184.46,82.30,155,494722,523659
f0:91:27:6b:7a:0a,6012,-28,2683,184.42,82.30,84,494806,523743
f0:91:27:6b:7a:0a,6013,-33,2684,184.38,82.30,79,494885,523822
f0:91:27:6b:7a:0a,6015,-26,2685,184.38,82.30,162,495047,523984
f0:91:27:6b:7a:0a,6016,-30,2686,184.34,82.30,83,495130,524067
f0:91:27:6b:7a:0a,6024,-29,2687,184.50,82.30,633,495763,524700
f0:91:27:6b:7a:0a,6026,-33,2688,184.50,82.30,162,495925,524862
f0:91:27:6b:7a:0a,6027,-24,2689,184.46,82.30,86,496011,524948
f0:91:27:6b:7a:0a,6028,-29,2690,184.42,82.30,74,496085,525022
f0:91:27:6b:7a:0a,6029,-32,2691,184.38,82.30,74,496159,525096
f0:91:27:6b:7a:0a,6030,-27,2692,184.34,82.30,88,496247,525184
f0:91:27:6b:7a:0a,6033,-31,2693,184.36,82.29,231,496478,525415
f0:91:27:6b:7a:0a,6034,-27,2694,184.32,82.29,78,496556,525493
f0:91:27:6b:7a:0a,6036,-29,2695,184.31,82.29,158,496714,525651
f0:91:27:6b:7a:0a,6037,-33,2696,184.27,82.29,74,496788,525725
f0:91:27:6b:7a:0a,6038,-27,2697,184.23,82.29,86,496874,525811
f0:91:27:6b:7a:0a,6041,-31,2698,184.25,82.29,235,497109,526046
f0:91:27:6b:7a:0a,6043,-27,2699,184.24,82.29,158,497267,526204
f0:91:27:6b:7a:0a,6045,-31,2700,184.23,82.29,157,497424,526361
f0:91:27:6b:7a:0a,6047,-25,2701,184.22,82.29,159,497583,526520
f0:91:27:6b:7a:0a,6048,-29,2702,184.18,82.28,73,497656,526593
f0:91:27:6b:7a:0a,6050,-27,2703,184.17,82.28,162,497818,526755
f0:91:27:6b:7a:0a,6051,-26,2704,184.13,82.28,82,497900,526837
f0:91:27:6b:7a:0a,6052,-29,2705,184.10,82.28,79,497979,526916
f0:91:27:6b:7a:0a,6053,-32,2706,184.06,82.28,78,498057,526994
f0:91:27:6b:7a:0a,6056,-26,2707,184.08,82.28,237,498294,527231
f0:91:27:6b:7a:0a,6059,-26,2708,184.10,82.28,254,498548,527485
f0:91:27:6b:7a:0a,6061,-28,2709,184.09,82.28,148,498696,527633
f0:91:27:6b:7a:0a,6062,-31,2710,184.05,82.28,89,498785,527722
f0:91:27:6b:7a:0a,6063,-26,2711,184.01,82.28,73,498858,527795
f0:91:27:6b:7a:0a,6064,-24,2712,183.97,82.28,74,498932,527869
f0:91:27:6b:7a:0a,6084,-29,2713,184.49,82.27,1583,500515,529452
f0:91:27:6b:7a:0a,6086,-27,2714,184.48,82.27,169,500684,529621
f0:91:27:6b:7a:0a,6087,-26,2715,184.44,82.27,79,500763,529700
f0:91:27:6b:7a:0a,6088,-28,2716,184.41,82.27,81,500844,529781
f0:91:27:6b:7a:0a,6090,-33,2717,184.39,82.27,150,500994,529931
f0:91:27:6b:7a:0a,6098,-32,2718,184.55,82.26,624,501618,530555
f0:91:27:6b:7a:0a,6103,-32,2719,184.64,82.26,406,502024,530961
f0:91:27:6b:7a:0a,6106,-32,2720,184.65,82.26,233,502257,531194
f0:91:27:6b:7a:0a,6107,-32,2721,184.62,82.26,81,502338,531275
f0:91:27:6b:7a:0a,6108,-27,2722,184.57,82.25,75,502413,531350
f0:91:27:6b:7a:0a,6110,-32,2723,184.57,82.26,170,502583,531520
f0:91:27:6b:7a:0a,6111,-24,2724,184.53,82.26,82,502665,531602
f0:91:27:6b:7a:0a,6112,-27,2725,184.49,82.25,74,502739,531676
f0:91:27:6b:7a:0a,6113,-28,2726,184.45,82.25,80,502819,531756
f0:91:27:6b:7a:0a,6115,-32,2727,184.44,82.25,155,502974,531911
f0:91:27:6b:7a:0a,6116,-27,2728,184.40,82.25,76,503050,531987
f0:91:27:6b:7a:0a,6119,-33,2729,184.42,82.25,232,503282,532219
f0:91:27:6b:7a:0a,6120,-27,2730,184.38,82.25,77,503359,532296
f0:91:27:6b:7a:0a,6121,-28,2731,184.34,82.25,74,503433,532370
f0:91:27:6b:7a:0a,6125,-28,2732,184.39,82.24,315,503748,532685
f0:91:27:6b:7a:0a,6129,-32,2733,184.44,82.24,316,504064,533001
f0:91:27:6b:7a:0a,6130,-26,2734,184.40,82.24,80,504144,533081
f0:91:27:6b:7a:0a,6137,-29,2735,184.55,82.24,591,504735,533672
f0:91:27:6b:7a:0a,6138,-28,2736,184.51,82.24,83,504818,533755
f0:91:27:6b:7a:0a,6139,-33,2737,184.47,82.24,78,504896,533833
f0:91:27:6b:7a:0a,6140,-33,2738,184.44,82.25,105,505001,533938
f0:91:27:6b:7a:0a,6141,-27,2739,184.40,82.25,84,505085,534022
f0:91:27:6b:7a:0a,6142,-30,2740,184.37,82.25,92,505177,534114
f0:91:27:6b:7a:0a,6147,-26,2741,184.47,82.26,462,505639,534576
f0:91:27:6b:7a:0a,6149,-29,2742,184.47,82.26,181,505820,534757
f0:91:27:6b:7a:0a,6150,-24,2743,184.44,82.26,102,505922,534859
f0:91:27:6b:7a:0a,6152,-28,2744,184.44,82.27,181,506103,535040
f0:91:27:6b:7a:0a,6157,-26,2745,184.54,82.28,472,506575,535512
f0:91:27:6b:7a:0a,6159,-24,2746,184.54,82.28,171,506746,535683
f0:91:27:6b:7a:0a,6160,-33,2747,184.51,82.28,94,506840,535777
f0:91:27:6b:7a:0a,6161,-28,2748,184.47,82.28,94,506934,535871
f0:91:27:6b:7a:0a,6164,-33,2749,184.51,82.29,277,507211,536148
f0:91:27:6b:7a:0a,6167,-29,2750,184.54,82.29,276,507487,536424
f0:91:27:6b:7a:0a,6168,-26,2751,184.51,82.29,101,507588,536525
f0:91:27:6b:7a:0a,6170,-33,2752,184.51,82.30,183,507771,536708
f0:91:27:6b:7a:0a,6171,-33,2753,184.48,82.30,97,507868,536805
f0:91:27:6b:7a:0a,6172,-28,2754,184.45,82.30,94,507962,536899
f0:91:27:6b:7a:0a,6173,-29,2755,184.41,82.30,98,508060,536997
f0:91:27:6b:7a:0a,6174,-27,2756,184.38,82.31,96,508156,537093
f0:91:27:6b:7a:0a,6175,-28,2757,184.35,82.31,88,508244,537181
f0:91:27:6b:7a:0a,6176,-26,2758,184.31,82.31,93,508337,537274
f0:91:27:6b:7a:0a,6179,-24,2759,184.35,82.31,278,508615,537552
f0:91:27:6b:7a:0a,6180,-31,2760,184.32,82.32,96,508711,537648
f0:91:27:6b:7a:0a,6181,-31,2761,184.28,82.32,93,508804,537741
f0:91:27:6b:7a:0a,6185,-33,2762,184.35,82.33,382,509186,538123
f0:91:27:6b:7a:0a,6186,-29,2763,184.32,82.33,96,509282,538219
f0:91:27:6b:7a:0a,6187,-27,2764,184.29,82.33,91,509373,538310
f0:91:27:6b:7a:0a,6190,-26,2765,184.32,82.33,278,509651,538588
f0:91:27:6b:7a:0a,6191,-26,2766,184.29,82.34,99,509750,538687
f0:91:27:6b:7a:0a,6194,-27,2767,184.33,82.34,280,510030,538967
f0:91:27:6b:7a:0a,6195,-31,2768,184.30,82.35,100,510130,539067
f0:91:27:6b:7a:0a,6196,-32,2769,184.26,82.35,92,510222,539159
f0:91:27:6b:7a:0a,6197,-24,2770,184.23,82.35,87,510309,539246
f0:91:27:6b:7a:0a,6198,-27,2771,184.19,82.35,94,510403,539340
f0:91:27:6b:7a:0a,6199,-33,2772,184.16,82.35,97,510500,539437
f0:91:27:6b:7a:0a,6201,-29,2773,184.16,82.36,187,510687,539624
f0:91:27:6b:7a:0a,6202,-27,2774,184.13,82.36,96,510783,539720
f0:91:27:6b:7a:0a,6203,-31,2775,184.10,82.36,90,510873,539810
f0:91:27:6b:7a:0a,6204,-24,2776,184.06,82.36,87,510960,539897
f0:91:27:6b:7a:0a,6205,-24,2777,184.03,82.36,92,511052,539989
f0:91:27:6b:7a:0a,6207,-28,2778,184.03,82.37,192,511244,540181
f0:91:27:6b:7a:0a,6209,-27,2779,184.03,82.37,189,511433,540370
f0:91:27:6b:7a:0a,6210,-32,2780,184.00,82.37,98,511531,540468
f0:91:27:6b:7a:0a,6213,-31,2781,184.04,82.38,275,511806,540743
f0:91:27:6b:7a:0a,6214,-29,2782,184.01,82.38,99,511905,540842
f0:91:27:6b:7a:0a,6215,-26,2783,183.97,82.38,86,511991,540928
f0:91:27:6b:7a:0a,6216,-33,2784,183.94,82.38,97,512088,541025
f0:91:27:6b:7a:0a,6217,-26,2785,183.90,82.38,84,512172,541109
f0:91:27:6b:7a:0a,6218,-33,2786,183.87,82.38,90,512262,541199
f0:91:27:6b:7a:0a,6219,-32,2787,183.84,82.39,105,512367,541304
f0:91:27:6b:7a:0a,6220,-29,2788,183.81,82.39,95,512462,541399
f0:91:27:6b:7a:0a,6227,-29,2789,183.98,82.40,654,513116,542053
f0:91:27:6b:7a:0a,6231,-26,2790,184.04,82.41,361,513477,542414
f0:91:27:6b:7a:0a,6232,-26,2791,184.01,82.41,101,513578,542515
f0:91:27:6b:7a:0a,6234,-27,2792,184.01,82.41,170,513748,542685
f0:91:27:6b:7a:0a,6235,-31,2793,183.98,82.41,102,513850,542787
f0:91:27:6b:7a:0a,6243,-27,2794,184.18,82.43,736,514586,543523
f0:91:27:6b:7a:0a,6244,-31,2795,184.14,82.43,96,514682,543619
f0:91:27:6b:7a:0a,6245,-26,2796,184.11,82.43,92,514774,543711
f0:91:27:6b:7a:0a,6247,-24,2797,184.11,82.43,194,514968,543905
f0:91:27:6b:7a:0a,6248,-32,2798,184.08,82.44,90,515058,543995
f0:91:27:6b:7a:0a,6249,-28,2799,184.05,82.44,89,515147,544084
f0:91:27:6b:7a:0a,6250,-32,2800,184.01,82.44,93,515240,544177
f0:91:27:6b:7a:0a,6252,-27,2801,184.01,82.44,183,515423,544360
f0:91:27:6b:7a:0a,6254,-32,2802,184.02,82.45,193,515616,544553
f0:91:27:6b:7a:0a,6259,-28,2803,184.11,82.45,454,516070,545007
f0:91:27:6b:7a:0a,6262,-28,2804,184.14,82.46,272,516342,545279
f0:91:27:6b:7a:0a,6263,-26,2805,184.11,82.46,92,516434,545371
f0:91:27:6b:7a:0a,6264,-33,2806,184.08,82.46,91,516525,545462
f0:91:27:6b:7a:0a,6265,-26,2807,184.04,82.46,79,516604,545541
f0:91:27:6b:7a:0a,6267,-24,2808,184.04,82.46,178,516782,545719
f0:91:27:6b:7a:0a,6268,-29,2809,184.00,82.46,82,516864,545801
f0:91:27:6b:7a:0a,6269,-26,2810,183.97,82.46,88,516952,545889
f0:91:27:6b:7a:0a,6274,-29,2811,184.05,82.46,423,517375,546312
f0:91:27:6b:7a:0a,6279,-33,2812,184.14,82.47,433,517808,546745
f0:91:27:6b:7a:0a,6280,-27,2813,184.11,82.47,88,517896,546833
f0:91:27:6b:7a:0a,6281,-33,2814,184.07,82.47,89,517985,546922
f0:91:27:6b:7a:0a,6282,-27,2815,184.04,82.47,82,518067,547004
f0:91:27:6b:7a:0a,6283,-29,2816,184.00,82.47,84,518151,547088
f0:91:27:6b:7a:0a,6284,-32,2817,183.97,82.47,84,518235,547172
f0:91:27:6b:7a:0a,6285,-28,2818,183.93,82.47,87,518322,547259
f0:91:27:6b:7a:0a,6286,-32,2819,183.90,82.47,86,518408,547345
f0:91:27:6b:7a:0a,6287,-24,2820,183.86,82.47,84,518492,547429
f0:91:27:6b:7a:0a,6288,-28,2821,183.83,82.47,81,518573,547510
f0:91:27:6b:7a:0a,6292,-26,2822,183.88,82.47,330,518903,547840
f0:91:27:6b:7a:0a,6294,-24,2823,183.87,82.47,172,519075,548012
f0:91:27:6b:7a:0a,6309,-29,2824,184.25,82.47,1249,520324,549261
f0:91:27:6b:7a:0a,6310,-33,2825,184.21,82.47,82,520406,549343
f0:91:27:6b:7a:0a,6312,-32,2826,184.21,82.48,178,520584,549521
f0:91:27:6b:7a:0a,6313,-28,2827,184.18,82.48,89,520673,549610
f0:91:27:6b:7a:0a,6316,-33,2828,184.20,82.48,253,520926,549863
f0:91:27:6b:7a:0a,6317,-27,2829,184.16,82.48,74,521000,549937
f0:91:27:6b:7a:0a,6319,-26,2830,184.16,82.48,177,521177,550114
f0:91:27:6b:7a:0a,6321,-27,2831,184.16,82.48,168,521345,550282
f0:91:27:6b:7a:0a,6322,-28,2832,184.12,82.48,81,521426,550363
f0:91:27:6b:7a:0a,6323,-24,2833,184.09,82.48,94,521520,550457
f0:91:27:6b:7a:0a,6324,-29,2834,184.05,82.48,79,521599,550536
f0:91:27:6b:7a:0a,6325,-31,2835,184.01,82.48,80,521679,550616
f0:91:27:6b:7a:0a,6327,-32,2836,184.01,82.48,171,521850,550787
f0:91:27:6b:7a:0a,6335,-26,2837,184.18,82.48,666,522516,551453
f0:91:27:6b:7a:0a,6336,-28,2838,184.14,82.48,83,522599,551536
f0:91:27:6b:7a:0a,6337,-32,2839,184.11,82.48,87,522686,551623
f0:91:27:6b:7a:0a,6338,-26,2840,184.07,82.48,84,522770,551707
f0:91:27:6b:7a:0a,6339,-33,2841,184.04,82.48,78,522848,551785
f0:91:27:6b:7a:0a,6341,-28,2842,184.03,82.48,168,523016,551953
f0:91:27:6b:7a:0a,6346,-31,2843,184.11,82.48,406,523422,552359
f0:91:27:6b:7a:0a,6353,-31,2844,184.25,82.48,582,524004,552941
f0:91:27:6b:7a:0a,6361,-27,2845,184.40,82.48,628,524632,553569
f0:91:27:6b:7a:0a,6370,-33,2846,184.59,82.47,723,525355,554292
f0:91:27:6b:7a:0a,6371,-27,2847,184.56,82.47,79,525434,554371
f0:91:27:6b:7a:0a,6372,-29,2848,184.52,82.47,80,525514,554451
f0:91:27:6b:7a:0a,6374,-26,2849,184.51,82.47,169,525683,554620
f0:91:27:6b:7a:0a,6376,-27,2850,184.51,82.47,167,525850,554787
f0:91:27:6b:7a:0a,6377,-33,2851,184.47,82.47,85,525935,554872
f0:91:27:6b:7a:0a,6378,-27,2852,184.44,82.47,77,526012,554949
f0:91:27:6b:7a:0a,6379,-26,2853,184.40,82.47,81,526093,555030
f0:91:27:6b:7a:0a,6382,-28,2854,184.42,82.47,236,526329,555266
f0:91:27:6b:7a:0a,6383,-33,2855,184.38,82.47,86,526415,555352
f0:91:27:6b:7a:0a,6384,-27,2856,184.35,82.47,77,526492,555429
f0:91:27:6b:7a:0a,6385,-26,2857,184.31,82.47,71,526563,555500
f0:91:27:6b:7a:0a,6390,-31,2858,184.38,82.47,405,526968,555905
f0:91:27:6b:7a:0a,6393,-33,2859,184.40,82.47,245,527213,556150
f0:91:27:6b:7a:0a,6394,-27,2860,184.37,82.47,78,527291,556228
f0:91:27:6b:7a:0a,6403,-32,2861,184.55,82.46,706,527997,556934
f0:91:27:6b:7a:0a,6404,-26,2862,184.51,82.46,83,528080,557017
f0:91:27:6b:7a:0a,6405,-29,2863,184.48,82.46,76,528156,557093
f0:91:27:6b:7a:0a,6406,-33,2864,184.44,82.46,80,528236,557173
f0:91:27:6b:7a:0a,6407,-26,2865,184.40,82.46,80,528316,557253
f0:91:27:6b:7a:0a,6409,-33,2866,184.39,82.46,156,528472,557409
f0:91:27:6b:7a:0a,6412,-31,2867,184.41,82.46,240,528712,557649
f0:91:27:6b:7a:0a,6413,-24,2868,184.38,82.46,78,528790,557727
f0:91:27:6b:7a:0a,6414,-28,2869,184.34,82.46,81,528871,557808
f0:91:27:6b:7a:0a,6415,-33,2870,184.30,82.46,78,528949,557886
f0:91:27:6b:7a:0a,6416,-32,2871,184.27,82.45,77,529026,557963
f0:91:27:6b:7a:0a,6417,-24,2872,184.23,82.45,79,529105,558042
f0:91:27:6b:7a:0a,6419,-29,2873,184.22,82.45,158,529263,558200
f0:91:27:6b:7a:0a,6421,-26,2874,184.21,82.45,154,529417,558354
f0:91:27:6b:7a:0a,6422,-27,2875,184.17,82.45,75,529492,558429
f0:91:27:6b:7a:0a,6425,-26,2876,184.19,82.45,240,529732,558669
f0:91:27:6b:7a:0a,6429,-27,2877,184.23,82.45,311,530043,558980
f0:91:27:6b:7a:0a,6430,-28,2878,184.20,82.44,77,530120,559057
f0:91:27:6b:7a:0a,6431,-24,2879,184.16,82.45,86,530206,559143
f0:91:27:6b:7a:0a,6432,-26,2880,184.13,82.44,76,530282,559219
f0:91:27:6b:7a:0a,6433,-32,2881,184.09,82.45,92,530374,559311
f0:91:27:6b:7a:0a,6434,-27,2882,184.06,82.45,81,530455,559392
f0:91:27:6b:7a:0a,6435,-24,2883,184.02,82.44,75,530530,559467
f0:91:27:6b:7a:0a,6436,-29,2884,183.99,82.44,85,530615,559552
f0:91:27:6b:7a:0a,6441,-29,2885,184.06,82.44,407,531022,559959
f0:91:27:6b:7a:0a,6446,-32,2886,184.13,82.44,391,531413,560350
f0:91:27:6b:7a:0a,6447,-26,2887,184.10,82.44,82,531495,560432
f0:91:27:6b:7a:0a,6451,-33,2888,184.14,82.44,303,531798,560735
f0:91:27:6b:7a:0a,6456,-28,2889,184.21,82.43,396,532194,561131
f0:91:27:6b:7a:0a,6458,-33,2890,184.20,82.43,158,532352,561289
f0:91:27:6b:7a:0a,6459,-27,2891,184.17,82.43,80,532432,561369
f0:91:27:6b:7a:0a,6461,-33,2892,184.16,82.43,158,532590,561527
f0:91:27:6b:7a:0a,6462,-27,2893,184.12,82.43,77,532667,561604
f0:91:27:6b:7a:0a,6463,-28,2894,184.09,82.43,83,532750,561687
f0:91:27:6b:7a:0a,6464,-29,2895,184.05,82.43,77,532827,561764
f0:91:27:6b:7a:0a,6465,-32,2896,184.01,82.43,78,532905,561842
f0:91:27:6b:7a:0a,6466,-29,2897,183.98,82.43,91,532996,561933
f0:91:27:6b:7a:0a,6468,-32,2898,183.97,82.43,154,533150,562087
f0:91:27:6b:7a:0a,6469,-29,2899,183.94,82.43,92,533242,562179
f0:91:27:6b:7a:0a,6470,-32,2900,183.90,82.43,75,533317,562254
f0:91:27:6b:7a:0a,6471,-26,2901,183.87,82.43,84,533401,562338
f0:91:27:6b:7a:0a,6473,-32,2902,183.86,82.43,161,533562,562499
f0:91:27:6b:7a:0a,6475,-26,2903,183.85,82.43,159,533721,562658
f0:91:27:6b:7a:0a,6476,-33,2904,183.81,82.43,76,533797,562734
f0:91:27:6b:7a:0a,6478,-26,2905,183.81,82.43,157,533954,562891
f0:91:27:6b:7a:0a,6487,-32,2906,183.99,82.42,712,534666,563603
f0:91:27:6b:7a:0a,6489,-27,2907,183.98,82.42,154,534820,563757
f0:91:27:6b:7a:0a,6490,-28,2908,183.94,82.42,90,534910,563847
f0:91:27:6b:7a:0a,6491,-32,2909,183.91,82.42,74,534984,563921
f0:91:27:6b:7a:0a,6492,-26,2910,183.87,82.42,82,535066,564003
f0:91:27:6b:7a:0a,6493,-29,2911,183.84,82.42,78,535144,564081
f0:91:27:6b:7a:0a,6494,-30,2912,183.80,82.42,74,535218,564155
f0:91:27:6b:7a:0a,6496,-24,2913,183.79,82.42,157,535375,564312
f0:91:27:6b:7a:0a,6497,-29,2914,183.75,82.41,75,535450,564387
f0:91:27:6b:7a:0a,6498,-32,2915,183.72,82.42,83,535533,564470
f0:91:27:6b:7a:0a,6499,-26,2916,183.68,82.41,76,535609,564546
f0:91:27:6b:7a:0a,6501,-28,2917,183.67,82.41,156,535765,564702
f0:91:27:6b:7a:0a,6502,-31,2918,183.64,82.41,85,535850,564787
f0:91:27:6b:7a:0a,6503,-31,2919,183.60,82.41,71,535921,564858
f0:91:27:6b:7a:0a,6504,-26,2920,183.57,82.41,89,536010,564947
f0:91:27:6b:7a:0a,6505,-26,2921,183.53,82.41,72,536082,565019
f0:91:27:6b:7a:0a,6506,-33,2922,183.49,82.41,81,536163,565100
f0:91:27:6b:7a:0a,6507,-26,2923,183.46,82.41,77,536240,565177
f0:91:27:6b:7a:0a,6508,-28,2924,183.42,82.41,80,536320,565257
f0:91:27:6b:7a:0a,6509,-33,2925,183.38,82.41,78,536398,565335
f0:91:27:6b:7a:0a,6515,-33,2926,183.48,82.41,479,536877,565814
f0:91:27:6b:7a:0a,6517,-26,2927,183.48,82.40,156,537033,565970
f0:91:27:6b:7a:0a,6518,-32,2928,183.44,82.40,78,537111,566048
f0:91:27:6b:7a:0a,6521,-31,2929,183.46,82.40,244,537355,566292
f0:91:27:6b:7a:0a,6528,-27,2930,183.59,82.40,558,537913,566850
f0:91:27:6b:7a:0a,6530,-33,2931,183.58,82.40,161,538074,567011
f0:91:27:6b:7a:0a,6541,-26,2932,183.81,82.39,870,538944,567881
f0:91:27:6b:7a:0a,6581,-33,2933,184.83,82.38,3175,542119,571056
f0:91:27:6b:7a:0a,6582,-27,2934,184.80,82.38,85,542204,571141
f0:91:27:6b:7a:0a,6583,-33,2935,184.77,82.38,85,542289,571226
f0:91:27:6b:7a:0a,6586,-31,2936,184.78,82.38,235,542524,571461
f0:91:27:6b:7a:0a,6587,-24,2937,184.75,82.38,84,542608,571545
f0:91:27:6b:7a:0a,6588,-33,2938,184.72,82.38,85,542693,571630
f0:91:27:6b:7a:0a,6591,-33,2939,184.73,82.38,243,542936,571873
f0:91:27:6b:7a:0a,6592,-29,2940,184.70,82.38,84,543020,571957
f0:91:27:6b:7a:0a,6593,-31,2941,184.67,82.38,82,543102,572039
f0:91:27:6b:7a:0a,6595,-29,2942,184.66,82.37,159,543261,572198
f0:91:27:6b:7a:0a,6596,-33,2943,184.62,82.37,76,543337,572274
f0:91:27:6b:7a:0a,6598,-28,2944,184.61,82.37,163,543500,572437
f0:91:27:6b:7a:0a,6599,-27,2945,184.58,82.37,87,543587,572524
f0:91:27:6b:7a:0a,6601,-33,2946,184.57,82.37,161,543748,572685
f0:91:27:6b:7a:0a,6602,-27,2947,184.54,82.37,78,543826,572763
f0:91:27:6b:7a:0a,6603,-28,2948,184.50,82.37,81,543907,572844
f0:91:27:6b:7a:0a,6604,-27,2949,184.47,82.37,88,543995,572932
f0:91:27:6b:7a:0a,6605,-29,2950,184.43,82.37,81,544076,573013
f0:91:27:6b:7a:0a,6608,-27,2951,184.45,82.37,228,544304,573241
f0:91:27:6b:7a:0a,6609,-29,2952,184.41,82.37,89,544393,573330
f0:91:27:6b:7a:0a,6610,-33,2953,184.38,82.37,79,544472,573409
f0:91:27:6b:7a:0a,6613,-33,2954,184.40,82.37,239,544711,573648
f0:91:27:6b:7a:0a,6615,-28,2955,184.39,82.37,157,544868,573805
f0:91:27:6b:7a:0a,6617,-28,2956,184.38,82.37,170,545038,573975
f0:91:27:6b:7a:0a,6618,-28,2957,184.35,82.37,74,545112,574049
f0:91:27:6b:7a:0a,6620,-33,2958,184.34,82.37,159,545271,574208
f0:91:27:6b:7a:0a,6621,-28,2959,184.30,82.37,82,545353,574290
f0:91:27:6b:7a:0a,6623,-33,2960,184.29,82.37,156,545509,574446
f0:91:27:6b:7a:0a,6624,-27,2961,184.26,82.37,77,545586,574523
f0:91:27:6b:7a:0a,6625,-29,2962,184.22,82.36,76,545662,574599
f0:91:27:6b:7a:0a,6626,-33,2963,184.19,82.36,86,545748,574685
f0:91:27:6b:7a:0a,6627,-26,2964,184.15,82.36,77,545825,574762
f0:91:27:6b:7a:0a,6628,-26,2965,184.12,82.36,81,545906,574843
f0:91:27:6b:7a:0a,6630,-27,2966,184.11,82.36,156,546062,574999
f0:91:27:6b:7a:0a,6631,-29,2967,184.07,82.36,80,546142,575079
f0:91:27:6b:7a:0a,6632,-33,2968,184.04,82.36,78,546220,575157
f0:91:27:6b:7a:0a,6633,-24,2969,184.00,82.36,82,546302,575239
f0:91:27:6b:7a:0a,6634,-29,2970,183.96,82.36,72,546374,575311
f0:91:27:6b:7a:0a,6635,-33,2971,183.93,82.36,78,546452,575389
f0:91:27:6b:7a:0a,6637,-26,2972,183.92,82.36,161,546613,575550
f0:91:27:6b:7a:0a,6638,-33,2973,183.88,82.36,77,546690,575627
f0:91:27:6b:7a:0a,6639,-24,2974,183.85,82.36,82,546772,575709
f0:91:27:6b:7a:0a,6640,-31,2975,183.82,82.36,91,546863,575800
f0:91:27:6b:7a:0a,6641,-24,2976,183.78,82.36,73,546936,575873
f0:91:27:6b:7a:0a,6642,-27,2977,183.75,82.36,78,547014,575951
f0:91:27:6b:7a:0a,6645,-24,2978,183.77,82.36,239,547253,576190
f0:91:27:6b:7a:0a,6646,-29,2979,183.73,82.36,87,547340,576277
f0:91:27:6b:7a:0a,6647,-33,2980,183.70,82.36,78,547418,576355
f0:91:27:6b:7a:0a,6648,-26,2981,183.66,82.35,75,547493,576430
f0:91:27:6b:7a:0a,6649,-29,2982,183.63,82.35,80,547573,576510
f0:91:27:6b:7a:0a,6650,-31,2983,183.59,82.35,81,547654,576591
f0:91:27:6b:7a:0a,6651,-33,2984,183.55,82.35,72,547726,576663
f0:91:27:6b:7a:0a,6652,-27,2985,183.52,82.35,76,547802,576739
f0:91:27:6b:7a:0a,6655,-33,2986,183.54,82.35,235,548037,576974
f0:91:27:6b:7a:0a,6656,-27,2987,183.50,82.35,82,548119,577056
f0:91:27:6b:7a:0a,6657,-29,2988,183.47,82.35,76,548195,577132
f0:91:27:6b:7a:0a,6659,-27,2989,183.46,82.35,162,548357,577294
f0:91:27:6b:7a:0a,6660,-27,2990,183.42,82.35,74,548431,577368
f0:91:27:6b:7a:0a,6661,-29,2991,183.39,82.35,84,548515,577452
f0:91:27:6b:7a:0a,6662,-29,2992,183.35,82.35,78,548593,577530
f0:91:27:6b:7a:0a,6663,-27,2993,183.32,82.35,87,548680,577617
f0:91:27:6b:7a:0a,6667,-27,2994,183.36,82.34,305,548985,577922
f0:91:27:6b:7a:0a,6668,-29,2995,183.33,82.34,79,549064,578001
f0:91:27:6b:7a:0a,6669,-31,2996,183.29,82.34,80,549144,578081
f0:91:27:6b:7a:0a,6670,-27,2997,183.26,82.34,79,549223,578160
f0:91:27:6b:7a:0a,6671,-29,2998,183.22,82.34,77,549300,578237
f0:91:27:6b:7a:0a,6672,-33,2999,183.19,82.34,82,549382,578319
f0:91:27:6b:7a:0a,6676,-33,3000,183.23,82.34,311,549693,578630
f0:91:27:6b:7a:0a,6677,-33,3001,183.19,82.34,75,549768,578705
f0:91:27:6b:7a:0a,6680,-29,3002,183.21,82.34,232,550000,578937
f0:91:27:6b:7a:0a,6681,-33,3003,183.18,82.33,80,550080,579017
f0:91:27:6b:7a:0a,6682,-27,3004,183.14,82.33,81,550161,579098
f0:91:27:6b:7a:0a,6685,-26,3005,183.16,82.33,248,550409,579346
f0:91:27:6b:7a:0a,6686,-33,3006,183.13,82.34,89,550498,579435
f0:91:27:6b:7a:0a,6688,-29,3007,183.12,82.33,155,550653,579590
f0:91:27:6b:7a:0a,6689,-26,3008,183.09,82.33,78,550731,579668
f0:91:27:6b:7a:0a,6690,-33,3009,183.05,82.33,76,550807,579744
f0:91:27:6b:7a:0a,6691,-33,3010,183.02,82.33,79,550886,579823
f0:91:27:6b:7a:0a,6695,-33,3011,183.06,82.33,320,551206,580143
f0:91:27:6b:7a:0a,6700,-33,3012,183.14,82.33,399,551605,580542
f0:91:27:6b:7a:0a,6701,-27,3013,183.10,82.33,77,551682,580619
f0:91:27:6b:7a:0a,6702,-29,3014,183.07,82.33,78,551760,580697
f0:91:27:6b:7a:0a,6703,-29,3015,183.03,82.33,81,551841,580778
f0:91:27:6b:7a:0a,6704,-26,3016,183.00,82.33,77,551918,580855
f0:91:27:6b:7a:0a,6705,-33,3017,182.96,82.33,74,551992,580929
f0:91:27:6b:7a:0a,6706,-33,3018,182.93,82.32,76,552068,581005
f0:91:27:6b:7a:0a,6707,-26,3019,182.89,82.33,86,552154,581091
f0:91:27:6b:7a:0a,6718,-33,3020,183.12,82.32,866,553020,581957
f0:91:27:6b:7a:0a,6719,-26,3021,183.09,82.32,87,553107,582044
f0:91:27:6b:7a:0a,6720,-33,3022,183.06,82.32,86,553193,582130
f0:91:27:6b:7a:0a,6721,-27,3023,183.02,82.32,80,553273,582210
f0:91:27:6b:7a:0a,6723,-33,3024,183.01,82.32,163,553436,582373
f0:91:27:6b:7a:0a,6724,-26,3025,182.98,82.32,86,553522,582459
f0:91:27:6b:7a:0a,6725,-26,3026,182.95,82.32,74,553596,582533
f0:91:27:6b:7a:0a,6726,-29,3027,182.91,82.32,73,553669,582606
f0:91:27:6b:7a:0a,6728,-27,3028,182.90,82.32,155,553824,582761
f0:91:27:6b:7a:0a,6729,-26,3029,182.87,82.32,84,553908,582845
f0:91:27:6b:7a:0a,6730,-33,3030,182.83,82.32,74,553982,582919
f0:91:27:6b:7a:0a,6731,-26,3031,182.80,82.32,91,554073,583010
f0:91:27:6b:7a:0a,6732,-29,3032,182.77,82.32,80,554153,583090
f0:91:27:6b:7a:0a,6733,-33,3033,182.73,82.32,79,554232,583169
f0:91:27:6b:7a:0a,6734,-27,3034,182.70,82.32,78,554310,583247
f0:91:27:6b:7a:0a,6736,-31,3035,182.69,82.31,162,554472,583409
f0:91:27:6b:7a:0a,6737,-24,3036,182.66,82.31,82,554554,583491
f0:91:27:6b:7a:0a,6739,-28,3037,182.65,82.31,148,554702,583639
f0:91:27:6b:7a:0a,6740,-33,3038,182.62,82.31,84,554786,583723
f0:91:27:6b:7a:0a,6742,-29,3039,182.61,82.31,164,554950,583887
f0:91:27:6b:7a:0a,6743,-33,3040,182.57,82.31,71,555021,583958
f0:91:27:6b:7a:0a,6745,-29,3041,182.57,82.31,165,555186,584123
f0:91:27:6b:7a:0a,6747,-33,3042,182.56,82.31,152,555338,584275
f0:91:27:6b:7a:0a,6749,-29,3043,182.55,82.31,159,555497,584434
f0:91:27:6b:7a:0a,6750,-33,3044,182.51,82.31,76,555573,584510
f0:91:27:6b:7a:0a,6751,-24,3045,182.48,82.31,82,555655,584592
f0:91:27:6b:7a:0a,6752,-28,3046,182.45,82.31,85,555740,584677
f0:91:27:6b:7a:0a,6754,-24,3047,182.44,82.31,155,555895,584832
f0:91:27:6b:7a:0a,6758,-33,3048,182.49,82.31,337,556232,585169
f0:91:27:6b:7a:0a,6760,-27,3049,182.48,82.30,149,556381,585318
f0:91:27:6b:7a:0a,6761,-28,3050,182.45,82.30,79,556460,585397
f0:91:27:6b:7a:0a,6762,-33,3051,182.41,82.30,78,556538,585475
f0:91:27:6b:7a:0a,6766,-29,3052,182.46,82.30,322,556860,585797
f0:91:27:6b:7a:0a,6768,-27,3053,182.45,82.30,161,557021,585958
f0:91:27:6b:7a:0a,6769,-29,3054,182.42,82.30,76,557097,586034
f0:91:27:6b:7a:0a,6780,-29,3055,182.64,82.29,861,557958,586895
f0:91:27:6b:7a:0a,6781,-29,3056,182.60,82.29,81,558039,586976
f0:91:27:6b:7a:0a,6783,-33,3057,182.60,82.30,168,558207,587144
f0:91:27:6b:7a:0a,6784,-27,3058,182.57,82.29,77,558284,587221
f0:91:27:6b:7a:0a,6785,-29,3059,182.53,82.29,74,558358,587295
f0:91:27:6b:7a:0a,6792,-26,3060,182.65,82.29,554,558912,587849
f0:91:27:6b:7a:0a,6793,-27,3061,182.62,82.29,80,558992,587929
f0:91:27:6b:7a:0a,6795,-29,3062,182.61,82.29,156,559148,588085
f0:91:27:6b:7a:0a,6796,-33,3063,182.57,82.29,77,559225,588162
f0:91:27:6b:7a:0a,6797,-25,3064,182.54,82.29,79,559304,588241
f0:91:27:6b:7a:0a,6806,-33,3065,182.72,82.28,718,560022,588959
f0:91:27:6b:7a:0a,6807,-33,3066,182.68,82.28,75,560097,589034
f0:91:27:6b:7a:0a,6808,-27,3067,182.65,82.28,82,560179,589116
f0:91:27:6b:7a:0a,6809,-27,3068,182.61,82.28,72,560251,589188
f0:91:27:6b:7a:0a,6810,-33,3069,182.58,82.28,86,560337,589274
f0:91:27:6b:7a:0a,6811,-27,3070,182.55,82.28,80,560417,589354
f0:91:27:6b:7a:0a,6813,-29,3071,182.54,82.28,161,560578,589515
f0:91:27:6b:7a:0a,6814,-29,3072,182.50,82.28,70,560648,589585
f0:91:27:6b:7a:0a,6820,-27,3073,182.60,82.28,474,561122,590059
f0:91:27:6b:7a:0a,6826,-33,3074,182.70,82.27,483,561605,590542
f0:91:27:6b:7a:0a,6827,-33,3075,182.66,82.27,78,561683,590620
f0:91:27:6b:7a:0a,6829,-27,3076,182.65,82.27,155,561838,590775
f0:91:27:6b:7a:0a,6830,-29,3077,182.62,82.27,77,561915,590852
f0:91:27:6b:7a:0a,6831,-29,3078,182.58,82.27,79,561994,590931
f0:91:27:6b:7a:0a,6832,-29,3079,182.55,82.27,83,562077,591014
f0:91:27:6b:7a:0a,6833,-33,3080,182.52,82.27,73,562150,591087
f0:91:27:6b:7a:0a,6834,-33,3081,182.48,82.27,76,562226,591163
f0:91:27:6b:7a:0a,6839,-29,3082,182.55,82.27,398,562624,591561
f0:91:27:6b:7a:0a,6841,-33,3083,182.54,82.27,157,562781,591718
f0:91:27:6b:7a:0a,6843,-27,3084,182.54,82.26,158,562939,591876
f0:91:27:6b:7a:0a,6844,-29,3085,182.50,82.27,84,563023,591960
f0:91:27:6b:7a:0a,6845,-33,3086,182.47,82.27,82,563105,592042
f0:91:27:6b:7a:0a,6861,-33,3087,182.85,82.27,1352,564457,593394
f0:91:27:6b:7a:0a,6862,-29,3088,182.82,82.27,98,564555,593492
f0:91:27:6b:7a:0a,6868,-32,3089,182.95,82.28,565,565120,594057
f0:91:27:6b:7a:0a,6870,-26,3090,182.95,82.29,187,565307,594244
f0:91:27:6b:7a:0a,6871,-24,3091,182.92,82.29,91,565398,594335
f0:91:27:6b:7a:0a,6872,-27,3092,182.89,82.29,99,565497,594434
f0:91:27:6b:7a:0a,6873,-28,3093,182.86,82.29,83,565580,594517
f0:91:27:6b:7a:0a,6874,-24,3094,182.83,82.29,87,565667,594604
f0:91:27:6b:7a:0a,6875,-31,3095,182.80,82.29,95,565762,594699
f0:91:27:6b:7a:0a,6879,-28,3096,182.86,82.30,380,566142,595079
f0:91:27:6b:7a:0a,6881,-33,3097,182.86,82.30,183,566325,595262
f0:91:27:6b:7a:0a,6882,-28,3098,182.83,82.30,83,566408,595345
f0:91:27:6b:7a:0a,6883,-26,3099,182.80,82.31,99,566507,595444
f0:91:27:6b:7a:0a,6885,-28,3100,182.80,82.31,183,566690,595627
f0:91:27:6b:7a:0a,6891,-26,3101,182.92,82.32,555,567245,596182
f0:91:27:6b:7a:0a,6894,-28,3102,182.96,82.32,282,567527,596464
f0:91:27:6b:7a:0a,6895,-26,3103,182.93,82.32,90,567617,596554
f0:91:27:6b:7a:0a,6898,-32,3104,182.96,82.33,277,567894,596831
f0:91:27:6b:7a:0a,6899,-28,3105,182.93,82.33,89,567983,596920
f0:91:27:6b:7a:0a,6902,-33,3106,182.96,82.33,291,568274,597211
f0:91:27:6b:7a:0a,6904,-27,3107,182.96,82.34,175,568449,597386
f0:91:27:6b:7a:0a,6905,-30,3108,182.93,82.34,102,568551,597488
f0:91:27:6b:7a:0a,6907,-24,3109,182.93,82.34,192,568743,597680
f0:91:27:6b:7a:0a,6908,-26,3110,182.91,82.34,94,568837,597774
f0:91:27:6b:7a:0a,6910,-29,3111,182.91,82.35,185,569022,597959
f0:91:27:6b:7a:0a,6913,-29,3112,182.94,82.35,283,569305,598242
f0:91:27:6b:7a:0a,6914,-28,3113,182.91,82.36,101,569406,598343
f0:91:27:6b:7a:0a,6916,-28,3114,182.92,82.36,192,569598,598535
f0:91:27:6b:7a:0a,6920,-26,3115,182.97,82.36,363,569961,598898
f0:91:27:6b:7a:0a,6921,-26,3116,182.95,82.37,99,570060,598997
f0:91:27:6b:7a:0a,6922,-28,3117,182.92,82.37,90,570150,599087
f0:91:27:6b:7a:0a,6924,-32,3118,182.92,82.37,191,570341,599278
f0:91:27:6b:7a:0a,6925,-29,3119,182.89,82.37,92,570433,599370
f0:91:27:6b:7a:0a,6926,-28,3120,182.86,82.38,101,570534,599471
f0:91:27:6b:7a:0a,6930,-26,3121,182.93,82.38,378,570912,599849
f0:91:27:6b:7a:0a,6932,-24,3122,182.93,82.39,189,571101,600038
f0:91:27:6b:7a:0a,6935,-29,3123,182.96,82.39,283,571384,600321
f0:91:27:6b:7a:0a,6937,-32,3124,182.96,82.39,188,571572,600509
f0:91:27:6b:7a:0a,6938,-28,3125,182.93,82.40,91,571663,600600
f0:91:27:6b:7a:0a,6943,-26,3126,183.02,82.40,445,572108,601045
f0:91:27:6b:7a:0a,6950,-24,3127,183.16,82.41,642,572750,601687
f0:91:27:6b:7a:0a,6951,-33,3128,183.13,82.41,88,572838,601775
f0:91:27:6b:7a:0a,6952,-28,3129,183.10,82.41,92,572930,601867
f0:91:27:6b:7a:0a,6953,-26,3130,183.07,82.41,92,573022,601959
f0:91:27:6b:7a:0a,6954,-33,3131,183.05,82.42,93,573115,602052
f0:91:27:6b:7a:0a,6955,-32,3132,183.02,82.42,92,573207,602144
f0:91:27:6b:7a:0a,6956,-28,3133,182.99,82.42,89,573296,602233
f0:91:27:6b:7a:0a,6957,-28,3134,182.96,82.42,106,573402,602339
f0:91:27:6b:7a:0a,6959,-28,3135,182.96,82.42,188,573590,602527
f0:91:27:6b:7a:0a,6960,-26,3136,182.93,82.43,94,573684,602621
f0:91:27:6b:7a:0a,6962,-28,3137,182.94,82.43,187,573871,602808
f0:91:27:6b:7a:0a,6964,-24,3138,182.94,82.43,193,574064,603001
f0:91:27:6b:7a:0a,6965,-28,3139,182.91,82.43,84,574148,603085
f0:91:27:6b:7a:0a,6968,-32,3140,182.94,82.44,286,574434,603371
f0:91:27:6b:7a:0a,6970,-27,3141,182.94,82.44,184,574618,603555
f0:91:27:6b:7a:0a,6971,-32,3142,182.91,82.44,92,574710,603647
f0:91:27:6b:7a:0a,6972,-26,3143,182.88,82.44,83,574793,603730
f0:91:27:6b:7a:0a,6973,-32,3144,182.85,82.44,92,574885,603822
f0:91:27:6b:7a:0a,6976,-29,3145,182.87,82.45,254,575139,604076
f0:91:27:6b:7a:0a,6977,-26,3146,182.85,82.45,96,575235,604172
f0:91:27:6b:7a:0a,6978,-24,3147,182.82,82.45,95,575330,604267
f0:91:27:6b:7a:0a,6979,-32,3148,182.79,82.45,90,575420,604357
f0:91:27:6b:7a:0a,6980,-28,3149,182.76,82.45,91,575511,604448
f0:91:27:6b:7a:0a,6981,-26,3150,182.73,82.45,92,575603,604540
f0:91:27:6b:7a:0a,6982,-33,3151,182.70,82.45,81,575684,604621
f0:91:27:6b:7a:0a,6983,-26,3152,182.67,82.45,94,575778,604715
f0:91:27:6b:7a:0a,6987,-33,3153,182.72,82.46,338,576116,605053
f0:91:27:6b:7a:0a,6988,-26,3154,182.69,82.46,84,576200,605137
f0:91:27:6b:7a:0a,6989,-33,3155,182.66,82.46,91,576291,605228
f0:91:27:6b:7a:0a,6990,-28,3156,182.63,82.46,85,576376,605313
f0:91:27:6b:7a:0a,6991,-26,3157,182.60,82.46,96,576472,605409
f0:91:27:6b:7a:0a,6992,-30,3158,182.57,82.46,85,576557,605494
f0:91:27:6b:7a:0a,6993,-27,3159,182.54,82.46,92,576649,605586
f0:91:27:6b:7a:0a,6996,-28,3160,182.56,82.46,245,576894,605831
f0:91:27:6b:7a:0a,6997,-33,3161,182.53,82.46,87,576981,605918
f0:91:27:6b:7a:0a,6999,-28,3162,182.53,82.46,165,577146,606083
f0:91:27:6b:7a:0a,7008,-28,3163,182.70,82.46,748,577894,606831
f0:91:27:6b:7a:0a,7010,-26,3164,182.70,82.46,172,578066,607003
f0:91:27:6b:7a:0a,7012,-27,3165,182.69,82.46,160,578226,607163
f0:91:27:6b:7a:0a,7014,-26,3166,182.69,82.46,167,578393,607330
f0:91:27:6b:7a:0a,7015,-26,3167,182.66,82.46,85,578478,607415
f0:91:27:6b:7a:0a,7017,-24,3168,182.65,82.46,160,578638,607575
f0:91:27:6b:7a:0a,7018,-28,3169,182.62,82.46,83,578721,607658
f0:91:27:6b:7a:0a,7020,-28,3170,182.62,82.46,172,578893,607830
f0:91:27:6b:7a:0a,7024,-26,3171,182.67,82.46,338,579231,608168
f0:91:27:6b:7a:0a,7029,-26,3172,182.74,82.47,423,579654,608591
f0:91:27:6b:7a:0a,7031,-32,3173,182.74,82.47,171,579825,608762
f0:91:27:6b:7a:0a,7033,-32,3174,182.73,82.47,169,579994,608931
f0:91:27:6b:7a:0a,7034,-24,3175,182.70,82.47,81,580075,609012
f0:91:27:6b:7a:0a,7035,-32,3176,182.67,82.47,88,580163,609100
f0:91:27:6b:7a:0a,7036,-29,3177,182.64,82.47,81,580244,609181
f0:91:27:6b:7a:0a,7037,-32,3178,182.61,82.47,87,580331,609268
f0:91:27:6b:7a:0a,7038,-26,3179,182.58,82.47,78,580409,609346
f0:91:27:6b:7a:0a,7041,-28,3180,182.60,82.47,253,580662,609599
f0:91:27:6b:7a:0a,7042,-26,3181,182.57,82.47,90,580752,609689
f0:91:27:6b:7a:0a,7043,-32,3182,182.54,82.47,85,580837,609774
f0:91:27:6b:7a:0a,7044,-26,3183,182.51,82.47,83,580920,609857
f0:91:27:6b:7a:0a,7045,-28,3184,182.48,82.47,91,581011,609948
f0:91:27:6b:7a:0a,7046,-24,3185,182.45,82.47,87,581098,610035
f0:91:27:6b:7a:0a,7047,-33,3186,182.42,82.47,85,581183,610120
f0:91:27:6b:7a:0a,7049,-28,3187,182.41,82.47,163,581346,610283
f0:91:27:6b:7a:0a,7050,-27,3188,182.38,82.47,88,581434,610371
f0:91:27:6b:7a:0a,7051,-28,3189,182.35,82.47,85,581519,610456
f0:91:27:6b:7a:0a,7055,-27,3190,182.40,82.47,326,581845,610782
f0:91:27:6b:7a:0a,7058,-26,3191,182.42,82.47,243,582088,611025
f0:91:27:6b:7a:0a,7059,-29,3192,182.39,82.47,85,582173,611110
f0:91:27:6b:7a:0a,7061,-28,3193,182.38,82.47,171,582344,611281
f0:91:27:6b:7a:0a,7065,-33,3194,182.43,82.47,330,582674,611611
f0:91:27:6b:7a:0a,7066,-26,3195,182.40,82.47,84,582758,611695
f0:91:27:6b:7a:0a,7067,-28,3196,182.37,82.47,81,582839,611776
f0:91:27:6b:7a:0a,7070,-24,3197,182.38,82.47,231,583070,612007
f0:91:27:6b:7a:0a,7071,-26,3198,182.35,82.47,72,583142,612079
f0:91:27:6b:7a:0a,7072,-30,3199,182.31,82.47,82,583224,612161
f0:91:27:6b:7a:0a,7075,-28,3200,182.33,82.47,233,583457,612394
f0:91:27:6b:7a:0a,7076,-32,3201,182.30,82.47,78,583535,612472
f0:91:27:6b:7a:0a,7077,-24,3202,182.27,82.47,82,583617,612554
f0:91:27:6b:7a:0a,7080,-33,3203,182.28,82.46,229,583846,612783
f0:91:27:6b:7a:0a,7088,-29,3204,182.42,82.46,637,584483,613420
f0:91:27:6b:7a:0a,7090,-27,3205,182.42,82.46,167,584650,613587
f0:91:27:6b:7a:0a,7097,-33,3206,182.53,82.46,550,585200,614137
f0:91:27:6b:7a:0a,7099,-27,3207,182.52,82.46,157,585357,614294
f0:91:27:6b:7a:0a,7100,-27,3208,182.49,82.46,74,585431,614368
f0:91:27:6b:7a:0a,7102,-31,3209,182.48,82.45,162,585593,614530
f0:91:27:6b:7a:0a,7103,-25,3210,182.45,82.45,79,585672,614609
f0:91:27:6b:7a:0a,7104,-27,3211,182.42,82.45,78,585750,614687
f0:91:27:6b:7a:0a,7105,-31,3212,182.39,82.45,80,585830,614767
f0:91:27:6b:7a:0a,7117,-31,3213,182.63,82.45,958,586788,615725
f0:91:27:6b:7a:0a,7124,-26,3214,182.75,82.45,561,587349,616286
f0:91:27:6b:7a:0a,7125,-32,3215,182.72,82.45,84,587433,616370
f0:91:27:6b:7a:0a,7126,-25,3216,182.69,82.45,82,587515,616452
f0:91:27:6b:7a:0a,7127,-25,3217,182.65,82.45,72,587587,616524
f0:91:27:6b:7a:0a,7128,-27,3218,182.62,82.44,80,587667,616604
f0:91:27:6b:7a:0a,7131,-27,3219,182.64,82.44,242,587909,616846
f0:91:27:6b:7a:0a,7132,-32,3220,182.60,82.44,78,587987,616924
f0:91:27:6b:7a:0a,7133,-26,3221,182.57,82.44,78,588065,617002
f0:91:27:6b:7a:0a,7134,-27,3222,182.54,82.44,82,588147,617084
f0:91:27:6b:7a:0a,7135,-31,3223,182.51,82.44,80,588227,617164
f0:91:27:6b:7a:0a,7136,-27,3224,182.48,82.44,82,588309,617246
f0:91:27:6b:7a:0a,7138,-31,3225,182.47,82.44,165,588474,617411
f0:91:27:6b:7a:0a,7139,-25,3226,182.44,82.44,82,588556,617493
f0:91:27:6b:7a:0a,7140,-27,3227,182.41,82.44,81,588637,617574
f0:91:27:6b:7a:0a,7142,-31,3228,182.40,82.44,154,588791,617728
f0:91:27:6b:7a:0a,7143,-27,3229,182.37,82.44,80,588871,617808
f0:91:27:6b:7a:0a,7145,-26,3230,182.36,82.44,153,589024,617961
f0:91:27:6b:7a:0a,7147,-26,3231,182.36,82.44,171,589195,618132
f0:91:27:6b:7a:0a,7148,-25,3232,182.32,82.44,76,589271,618208
f0:91:27:6b:7a:0a,7149,-31,3233,182.29,82.44,80,589351,618288
f0:91:27:6b:7a:0a,7153,-25,3234,182.33,82.44,317,589668,618605
f0:91:27:6b:7a:0a,7154,-27,3235,182.30,82.44,78,589746,618683
f0:91:27:6b:7a:0a,7155,-27,3236,182.27,82.43,76,589822,618759
f0:91:27:6b:7a:0a,7156,-31,3237,182.24,82.43,77,589899,618836
f0:91:27:6b:7a:0a,7157,-23,3238,182.20,82.43,79,589978,618915
f0:91:27:6b:7a:0a,7160,-29,3239,182.22,82.43,234,590212,619149
f0:91:27:6b:7a:0a,7163,-31,3240,182.24,82.43,238,590450,619387
f0:91:27:6b:7a:0a,7164,-25,3241,182.21,82.43,79,590529,619466
f0:91:27:6b:7a:0a,7165,-25,3242,182.17,82.43,77,590606,619543
f0:91:27:6b:7a:0a,7166,-31,3243,182.14,82.43,86,590692,619629
f0:91:27:6b:7a:0a,7167,-26,3244,182.11,82.43,80,590772,619709
f0:91:27:6b:7a:0a,7170,-25,3245,182.13,82.43,244,591016,619953
f0:91:27:6b:7a:0a,7171,-31,3246,182.10,82.43,77,591093,620030
f0:91:27:6b:7a:0a,7173,-27,3247,182.09,82.43,157,591250,620187
f0:91:27:6b:7a:0a,7174,-31,3248,182.06,82.43,78,591328,620265
f0:91:27:6b:7a:0a,7176,-27,3249,182.05,82.43,158,591486,620423
f0:91:27:6b:7a:0a,7177,-31,3250,182.02,82.43,80,591566,620503
f0:91:27:6b:7a:0a,7178,-23,3251,181.99,82.43,81,591647,620584
f0:91:27:6b:7a:0a,7179,-28,3252,181.96,82.42,76,591723,620660
f0:91:27:6b:7a:0a,7180,-33,3253,181.93,82.42,81,591804,620741
f0:91:27:6b:7a:0a,7181,-26,3254,181.90,82.42,83,591887,620824
f0:91:27:6b:7a:0a,7183,-28,3255,181.89,82.42,150,592037,620974
f0:91:27:6b:7a:0a,7184,-32,3256,181.85,82.42,78,592115,621052
f0:91:27:6b:7a:0a,7185,-28,3257,181.82,82.42,86,592201,621138
f0:91:27:6b:7a:0a,7186,-28,3258,181.79,82.42,75,592276,621213
f0:91:27:6b:7a:0a,7187,-32,3259,181.76,82.42,78,592354,621291
f0:91:27:6b:7a:0a,7188,-26,3260,181.73,82.42,77,592431,621368
f0:91:27:6b:7a:0a,7189,-28,3261,181.70,82.42,81,592512,621449
f0:91:27:6b:7a:0a,7190,-32,3262,181.66,82.42,78,592590,621527
f0:91:27:6b:7a:0a,7191,-26,3263,181.63,82.42,74,592664,621601
f0:91:27:6b:7a:0a,7192,-28,3264,181.60,82.42,84,592748,621685
f0:91:27:6b:7a:0a,7196,-24,3265,181.65,82.42,329,593077,622014
f0:91:27:6b:7a:0a,7197,-29,3266,181.61,82.42,76,593153,622090
f0:91:27:6b:7a:0a,7198,-33,3267,181.58,82.42,84,593237,622174
f0:91:27:6b:7a:0a,7199,-25,3268,181.55,82.42,79,593316,622253
f0:91:27:6b:7a:0a,7206,-27,3269,181.67,82.41,550,593866,622803
f0:91:27:6b:7a:0a,7207,-29,3270,181.63,82.41,75,593941,622878
f0:91:27:6b:7a:0a,7208,-33,3271,181.60,82.41,83,594024,622961
f0:91:27:6b:7a:0a,7216,-27,3272,181.74,82.41,621,594645,623582
f0:91:27:6b:7a:0a,7217,-27,3273,181.71,82.41,76,594721,623658
f0:91:27:6b:7a:0a,7219,-33,3274,181.70,82.41,163,594884,623821
f0:91:27:6b:7a:0a,7220,-31,3275,181.67,82.40,74,594958,623895
f0:91:27:6b:7a:0a,7225,-29,3276,181.73,82.40,394,595352,624289
f0:91:27:6b:7a:0a,7228,-31,3277,181.75,82.40,239,595591,624528
f0:91:27:6b:7a:0a,7230,-27,3278,181.74,82.40,159,595750,624687
f0:91:27:6b:7a:0a,7231,-27,3279,181.71,82.40,77,595827,624764
f0:91:27:6b:7a:0a,7232,-33,3280,181.68,82.40,83,595910,624847
f0:91:27:6b:7a:0a,7234,-27,3281,181.67,82.40,151,596061,624998
f0:91:27:6b:7a:0a,7236,-33,3282,181.66,82.40,159,596220,625157
f0:91:27:6b:7a:0a,7238,-27,3283,181.65,82.39,152,596372,625309
f0:91:27:6b:7a:0a,7248,-31,3284,181.84,82.39,789,597161,626098
f0:91:27:6b:7a:0a,7249,-26,3285,181.81,82.39,74,597235,626172
f0:91:27:6b:7a:0a,7250,-29,3286,181.78,82.39,85,597320,626257
f0:91:27:6b:7a:0a,7251,-27,3287,181.75,82.39,89,597409,626346
f0:91:27:6b:7a:0a,7252,-26,3288,181.72,82.39,78,597487,626424
f0:91:27:6b:7a:0a,7254,-33,3289,181.71,82.39,152,597639,626576
f0:91:27:6b:7a:0a,7258,-33,3290,181.75,82.39,312,597951,626888
f0:91:27:6b:7a:0a,7270,-31,3291,181.98,82.38,959,598910,627847
f0:91:27:6b:7a:0a,7272,-29,3292,181.98,82.38,160,599070,628007
f0:91:27:6b:7a:0a,7274,-33,3293,181.97,82.38,154,599224,628161
f0:91:27:6b:7a:0a,7275,-27,3294,181.94,82.38,82,599306,628243
f0:91:27:6b:7a:0a,7276,-29,3295,181.91,82.38,80,599386,628323
f0:91:27:6b:7a:0a,7279,-27,3296,181.93,82.38,241,599627,628564
f0:91:27:6b:7a:0a,7280,-26,3297,181.90,82.38,82,599709,628646
f0:91:27:6b:7a:0a,7281,-32,3298,181.86,82.38,79,599788,628725
f0:91:27:6b:7a:0a,7289,-33,3299,182.00,82.37,642,600430,629367
f0:91:27:6b:7a:0a,7290,-26,3300,181.97,82.37,80,600510,629447
f0:91:27:6b:7a:0a,7299,-31,3301,182.14,82.37,718,601228,630165
f0:91:27:6b:7a:0a,7300,-26,3302,182.11,82.37,87,601315,630252
f0:91:27:6b:7a:0a,7301,-33,3303,182.08,82.37,81,601396,630333
f0:91:27:6b:7a:0a,7302,-27,3304,182.04,82.37,71,601467,630404
f0:91:27:6b:7a:0a,7304,-24,3305,182.04,82.37,171,601638,630575
f0:91:27:6b:7a:0a,7307,-26,3306,182.06,82.37,241,601879,630816
f0:91:27:6b:7a:0a,7313,-33,3307,182.14,82.37,467,602346,631283
f0:91:27:6b:7a:0a,7315,-29,3308,182.14,82.37,159,602505,631442
f0:91:27:6b:7a:0a,7317,-32,3309,182.13,82.36,156,602661,631598
f0:91:27:6b:7a:0a,7318,-27,3310,182.10,82.36,77,602738,631675
f0:91:27:6b:7a:0a,7320,-29,3311,182.09,82.36,162,602900,631837
f0:91:27:6b:7a:0a,7324,-32,3312,182.13,82.36,315,603215,632152
f0:91:27:6b:7a:0a,7325,-24,3313,182.10,82.36,79,603294,632231
f0:91:27:6b:7a:0a,7326,-29,3314,182.07,82.36,78,603372,632309
f0:91:27:6b:7a:0a,7329,-26,3315,182.09,82.36,240,603612,632549
f0:91:27:6b:7a:0a,7332,-26,3316,182.10,82.36,237,603849,632786
f0:91:27:6b:7a:0a,7337,-24,3317,182.17,82.36,408,604257,633194
f0:91:27:6b:7a:0a,7338,-28,3318,182.14,82.36,78,604335,633272
f0:91:27:6b:7a:0a,7339,-33,3319,182.11,82.36,84,604419,633356
f0:91:27:6b:7a:0a,7340,-30,3320,182.08,82.36,75,604494,633431
f0:91:27:6b:7a:0a,7341,-28,3321,182.05,82.36,81,604575,633512
f0:91:27:6b:7a:0a,7342,-29,3322,182.01,82.36,76,604651,633588
f0:91:27:6b:7a:0a,7344,-24,3323,182.01,82.35,158,604809,633746
f0:91:27:6b:7a:0a,7345,-26,3324,181.98,82.35,77,604886,633823
f0:91:27:6b:7a:0a,7347,-33,3325,181.97,82.35,159,605045,633982
f0:91:27:6b:7a:0a,7348,-27,3326,181.94,82.35,73,605118,634055
f0:91:27:6b:7a:0a,7349,-26,3327,181.91,82.35,80,605198,634135
f0:91:27:6b:7a:0a,7362,-27,3328,182.16,82.35,1042,606240,635177
f0:91:27:6b:7a:0a,7365,-27,3329,182.18,82.35,239,606479,635416
f0:91:27:6b:7a:0a,7366,-28,3330,182.15,82.35,78,606557,635494
f0:91:27:6b:7a:0a,7367,-30,3331,182.12,82.35,79,606636,635573
f0:91:27:6b:7a:0a,7370,-26,3332,182.14,82.34,241,606877,635814
f0:91:27:6b:7a:0a,7372,-26,3333,182.13,82.34,162,607039,635976
f0:91:27:6b:7a:0a,7373,-28,3334,182.10,82.34,75,607114,636051
f0:91:27:6b:7a:0a,7374,-29,3335,182.07,82.34,77,607191,636128
f0:91:27:6b:7a:0a,7375,-26,3336,182.04,82.34,93,607284,636221
f0:91:27:6b:7a:0a,7377,-30,3337,182.03,82.34,152,607436,636373
f0:91:27:6b:7a:0a,7378,-33,3338,182.00,82.34,78,607514,636451
f0:91:27:6b:7a:0a,7379,-29,3339,181.97,82.34,84,607598,636535
f0:91:27:6b:7a:0a,7380,-32,3340,181.94,82.34,75,607673,636610
f0:91:27:6b:7a:0a,7382,-29,3341,181.93,82.34,156,607829,636766
f0:91:27:6b:7a:0a,7383,-29,3342,181.90,82.34,72,607901,636838
f0:91:27:6b:7a:0a,7390,-28,3343,182.01,82.33,551,608452,637389
f0:91:27:6b:7a:0a,7391,-33,3344,181.98,82.33,79,608531,637468
f0:91:27:6b:7a:0a,7393,-26,3345,181.97,82.33,156,608687,637624
f0:91:27:6b:7a:0a,7395,-27,3346,181.96,82.33,163,608850,637787
f0:91:27:6b:7a:0a,7396,-29,3347,181.93,82.33,79,608929,637866
f0:91:27:6b:7a:0a,7398,-33,3348,181.93,82.33,156,609085,638022
f0:91:27:6b:7a:0a,7408,-28,3349,182.11,82.33,813,609898,638835
f0:91:27:6b:7a:0a,7409,-26,3350,182.08,82.33,82,609980,638917
f0:91:27:6b:7a:0a,7410,-33,3351,182.05,82.33,71,610051,638988
f0:91:27:6b:7a:0a,7411,-27,3352,182.02,82.33,84,610135,639072
f0:91:27:6b:7a:0a,7412,-26,3353,181.99,82.33,81,610216,639153
f0:91:27:6b:7a:0a,7413,-31,3354,181.96,82.33,74,610290,639227
f0:91:27:6b:7a:0a,7415,-26,3355,181.95,82.33,160,610450,639387
f0:91:27:6b:7a:0a,7416,-29,3356,181.92,82.33,80,610530,639467
f0:91:27:6b:7a:0a,7418,-26,3357,181.92,82.33,160,610690,639627
f0:91:27:6b:7a:0a,7419,-29,3358,181.88,82.32,78,610768,639705
f0:91:27:6b:7a:0a,7420,-31,3359,181.85,82.32,82,610850,639787
f0:91:27:6b:7a:0a,7422,-26,3360,181.85,82.32,153,611003,639940
f0:91:27:6b:7a:0a,7428,-27,3361,181.93,82.32,474,611477,640414
f0:91:27:6b:7a:0a,7431,-28,3362,181.95,82.32,242,611719,640656
f0:91:27:6b:7a:0a,7435,-29,3363,181.99,82.32,318,612037,640974
f0:91:27:6b:7a:0a,7436,-33,3364,181.96,82.32,74,612111,641048
f0:91:27:6b:7a:0a,7439,-26,3365,181.98,82.32,238,612349,641286
f0:91:27:6b:7a:0a,7442,-29,3366,181.99,82.31,237,612586,641523
f0:91:27:6b:7a:0a,7448,-27,3367,182.08,82.31,476,613062,641999
f0:91:27:6b:7a:0a,7449,-31,3368,182.05,82.31,87,613149,642086
f0:91:27:6b:7a:0a,7452,-29,3369,182.07,82.31,234,613383,642320
f0:91:27:6b:7a:0a,7454,-33,3370,182.06,82.31,156,613539,642476
f0:91:27:6b:7a:0a,7455,-26,3371,182.03,82.31,88,613627,642564
f0:91:27:6b:7a:0a,7461,-32,3372,182.12,82.31,467,614094,643031
f0:91:27:6b:7a:0a,7462,-27,3373,182.09,82.31,80,614174,643111
f0:91:27:6b:7a:0a,7463,-29,3374,182.06,82.31,80,614254,643191
f0:91:27:6b:7a:0a,7464,-32,3375,182.02,82.31,77,614331,643268
f0:91:27:6b:7a:0a,7466,-29,3376,182.02,82.30,153,614484,643421
f0:91:27:6b:7a:0a,7467,-32,3377,181.99,82.30,82,614566,643503
f0:91:27:6b:7a:0a,7469,-29,3378,181.98,82.30,157,614723,643660
f0:91:27:6b:7a:0a,7472,-24,3379,181.99,82.30,238,614961,643898
f0:91:27:6b:7a:0a,7474,-31,3380,181.99,82.30,154,615115,644052
f0:91:27:6b:7a:0a,7475,-24,3381,181.96,82.30,81,615196,644133
f0:91:27:6b:7a:0a,7481,-27,3382,182.05,82.30,486,615682,644619
f0:91:27:6b:7a:0a,7483,-26,3383,182.04,82.30,150,615832,644769
f0:91:27:6b:7a:0a,7484,-33,3384,182.01,82.30,91,615923,644860
f0:91:27:6b:7a:0a,7485,-27,3385,181.98,82.30,77,616000,644937
f0:91:27:6b:7a:0a,7486,-28,3386,181.95,82.30,78,616078,645015
f0:91:27:6b:7a:0a,7488,-33,3387,181.94,82.30,159,616237,645174
f0:91:27:6b:7a:0a,7489,-32,3388,181.91,82.30,75,616312,645249
f0:91:27:6b:7a:0a,7496,-29,3389,182.02,82.29,553,616865,645802
f0:91:27:6b:7a:0a,7499,-31,3390,182.04,82.29,234,617099,646036
f0:91:27:6b:7a:0a,7500,-24,3391,182.00,82.29,73,617172,646109
f0:91:27:6b:7a:0a,7502,-33,3392,182.00,82.29,157,617329,646266
f0:91:27:6b:7a:0a,7503,-26,3393,181.97,82.29,84,617413,646350
f0:91:27:6b:7a:0a,7504,-26,3394,181.94,82.29,96,617509,646446
f0:91:27:6b:7a:0a,7505,-26,3395,181.91,82.29,74,617583,646520
f0:91:27:6b:7a:0a,7510,-28,3396,181.97,82.29,389,617972,646909
f0:91:27:6b:7a:0a,7511,-29,3397,181.94,82.29,84,618056,646993
f0:91:27:6b:7a:0a,7512,-33,3398,181.91,82.29,72,618128,647065
f0:91:27:6b:7a:0a,7514,-26,3399,181.90,82.28,155,618283,647220
f0:91:27:6b:7a:0a,7515,-27,3400,181.87,82.28,80,618363,647300
f0:91:27:6b:7a:0a,7517,-31,3401,181.86,82.28,159,618522,647459
f0:91:27:6b:7a:0a,7521,-24,3402,181.90,82.28,315,618837,647774
f0:91:27:6b:7a:0a,7526,-26,3403,181.97,82.28,390,619227,648164
f0:91:27:6b:7a:0a,7527,-31,3404,181.94,82.28,80,619307,648244
f0:91:27:6b:7a:0a,7531,-32,3405,181.98,82.28,326,619633,648570
f0:91:27:6b:7a:0a,7588,-26,3406,183.30,82.28,4697,624330,653267
f0:91:27:6b:7a:0a,7591,-24,3407,183.33,82.28,281,624611,653548
f0:91:27:6b:7a:0a,7610,-28,3408,183.79,82.31,1749,626360,655297
f0:91:27:6b:7a:0a,7613,-30,3409,183.82,82.31,281,626641,655578
f0:91:27:6b:7a:0a,7618,-26,3410,183.90,82.32,472,627113,656050
f0:91:27:6b:7a:0a,7619,-30,3411,183.88,82.32,96,627209,656146
f0:91:27:6b:7a:0a,7620,-28,3412,183.85,82.32,89,627298,656235
f0:91:27:6b:7a:0a,7621,-30,3413,183.82,82.32,85,627383,656320
f0:91:27:6b:7a:0a,7626,-26,3414,183.91,82.33,489,627872,656809
f0:91:27:6b:7a:0a,7627,-33,3415,183.89,82.33,96,627968,656905
f0:91:27:6b:7a:0a,7628,-30,3416,183.86,82.34,91,628059,656996
f0:91:27:6b:7a:0a,7629,-28,3417,183.83,82.34,96,628155,657092
f0:91:27:6b:7a:0a,7632,-28,3418,183.86,82.34,282,628437,657374
f0:91:27:6b:7a:0a,7633,-26,3419,183.83,82.34,93,628530,657467
f0:91:27:6b:7a:0a,7635,-30,3420,183.84,82.35,188,628718,657655
f0:91:27:6b:7a:0a,7636,-28,3421,183.81,82.35,103,628821,657758
f0:91:27:6b:7a:0a,7638,-30,3422,183.81,82.35,188,629009,657946
f0:91:27:6b:7a:0a,7643,-24,3423,183.89,82.36,460,629469,658406
f0:91:27:6b:7a:0a,7644,-26,3424,183.87,82.36,97,629566,658503
f0:91:27:6b:7a:0a,7651,-26,3425,184.01,82.37,668,630234,659171
f0:91:27:6b:7a:0a,7652,-27,3426,183.98,82.37,98,630332,659269
f0:91:27:6b:7a:0a,7653,-24,3427,183.96,82.38,96,630428,659365
f0:91:27:6b:7a:0a,7700,-27,3428,185.17,82.44,4338,634766,663703
f0:91:27:6b:7a:0a,7701,-33,3429,185.14,82.44,93,634859,663796
f0:91:27:6b:7a:0a,7713,-33,3430,185.39,82.45,1045,635904,664841
f0:91:27:6b:7a:0a,7714,-28,3431,185.37,82.45,94,635998,664935
f0:91:27:6b:7a:0a,7719,-26,3432,185.44,82.45,432,636430,665367
f0:91:27:6b:7a:0a,7720,-26,3433,185.41,82.45,80,636510,665447
f0:91:27:6b:7a:0a,7725,-28,3434,185.48,82.45,431,636941,665878
f0:91:27:6b:7a:0a,7727,-26,3435,185.47,82.45,159,637100,666037
f0:91:27:6b:7a:0a,7735,-28,3436,185.61,82.45,669,637769,666706
f0:91:27:6b:7a:0a,7737,-32,3437,185.61,82.45,175,637944,666881
f0:91:27:6b:7a:0a,7741,-26,3438,185.66,82.46,347,638291,667228
f0:91:27:6b:7a:0a,7743,-27,3439,185.65,82.46,169,638460,667397
f0:91:27:6b:7a:0a,7744,-33,3440,185.62,82.46,90,638550,667487
f0:91:27:6b:7a:0a,7749,-24,3441,185.69,82.46,421,638971,667908
f0:91:27:6b:7a:0a,7750,-28,3442,185.66,82.46,81,639052,667989
f0:91:27:6b:7a:0a,7754,-28,3443,185.71,82.46,340,639392,668329
f0:91:27:6b:7a:0a,7755,-26,3444,185.68,82.46,84,639476,668413
f0:91:27:6b:7a:0a,7756,-26,3445,185.65,82.46,88,639564,668501
f0:91:27:6b:7a:0a,7759,-26,3446,185.67,82.46,250,639814,668751
f0:91:27:6b:7a:0a,7760,-28,3447,185.64,82.46,90,639904,668841
f0:91:27:6b:7a:0a,7761,-24,3448,185.61,82.46,84,639988,668925
f0:91:27:6b:7a:0a,7763,-26,3449,185.61,82.46,173,640161,669098
f0:91:27:6b:7a:0a,7764,-28,3450,185.58,82.46,87,640248,669185
f0:91:27:6b:7a:0a,7768,-30,3451,185.62,82.46,325,640573,669510
f0:91:27:6b:7a:0a,7769,-26,3452,185.59,82.46,79,640652,669589
f0:91:27:6b:7a:0a,7770,-28,3453,185.56,82.46,82,640734,669671
f0:91:27:6b:7a:0a,7771,-33,3454,185.53,82.46,79,640813,669750
f0:91:27:6b:7a:0a,7772,-26,3455,185.50,82.46,84,640897,669834
f0:91:27:6b:7a:0a,7773,-32,3456,185.47,82.46,89,640986,669923
f0:91:27:6b:7a:0a,7774,-24,3457,185.44,82.46,74,641060,669997
f0:91:27:6b:7a:0a,7776,-30,3458,185.43,82.46,170,641230,670167
f0:91:27:6b:7a:0a,7777,-24,3459,185.40,82.46,72,641302,670239
f0:91:27:6b:7a:0a,7778,-28,3460,185.37,82.46,82,641384,670321
f0:91:27:6b:7a:0a,7779,-33,3461,185.34,82.46,75,641459,670396
f0:91:27:6b:7a:0a,7782,-33,3462,185.36,82.46,249,641708,670645
f0:91:27:6b:7a:0a,7783,-28,3463,185.33,82.46,77,641785,670722
f0:91:27:6b:7a:0a,7784,-30,3464,185.30,82.46,77,641862,670799
f0:91:27:6b:7a:0a,7785,-26,3465,185.27,82.46,82,641944,670881
f0:91:27:6b:7a:0a,7788,-32,3466,185.28,82.46,237,642181,671118
f0:91:27:6b:7a:0a,7797,-29,3467,185.43,82.45,715,642896,671833
f0:91:27:6b:7a:0a,7803,-26,3468,185.52,82.45,472,643368,672305
f0:91:27:6b:7a:0a,7805,-32,3469,185.51,82.45,164,643532,672469
f0:91:27:6b:7a:0a,7806,-26,3470,185.48,82.45,72,643604,672541
f0:91:27:6b:7a:0a,7808,-32,3471,185.47,82.45,168,643772,672709
f0:91:27:6b:7a:0a,7809,-32,3472,185.44,82.45,74,643846,672783
f0:91:27:6b:7a:0a,7822,-28,3473,185.69,82.45,1068,644914,673851
f0:91:27:6b:7a:0a,7823,-33,3474,185.66,82.45,78,644992,673929
f0:91:27:6b:7a:0a,7824,-26,3475,185.63,82.45,82,645074,674011
f0:91:27:6b:7a:0a,7825,-26,3476,185.60,82.45,85,645159,674096
f0:91:27:6b:7a:0a,7826,-33,3477,185.57,82.45,78,645237,674174
f0:91:27:6b:7a:0a,7827,-27,3478,185.54,82.45,78,645315,674252
f0:91:27:6b:7a:0a,7828,-28,3479,185.51,82.45,78,645393,674330
f0:91:27:6b:7a:0a,7829,-33,3480,185.48,82.45,82,645475,674412
f0:91:27:6b:7a:0a,7831,-24,3481,185.47,82.45,157,645632,674569
f0:91:27:6b:7a:0a,7833,-33,3482,185.46,82.44,157,645789,674726
f0:91:27:6b:7a:0a,7834,-26,3483,185.43,82.44,80,645869,674806
f0:91:27:6b:7a:0a,7835,-28,3484,185.40,82.44,79,645948,674885
f0:91:27:6b:7a:0a,7836,-28,3485,185.37,82.44,73,646021,674958
f0:91:27:6b:7a:0a,7837,-26,3486,185.34,82.44,86,646107,675044
f0:91:27:6b:7a:0a,7838,-28,3487,185.31,82.44,76,646183,675120
f0:91:27:6b:7a:0a,7839,-32,3488,185.28,82.44,81,646264,675201
f0:91:27:6b:7a:0a,7845,-26,3489,185.37,82.44,481,646745,675682
f0:91:27:6b:7a:0a,7847,-32,3490,185.36,82.44,161,646906,675843
f0:91:27:6b:7a:0a,7849,-27,3491,185.35,82.44,159,647065,676002
f0:91:27:6b:7a:0a,7850,-26,3492,185.32,82.44,75,647140,676077
f0:91:27:6b:7a:0a,7851,-32,3493,185.29,82.44,80,647220,676157
f0:91:27:6b:7a:0a,7860,-28,3494,185.44,82.43,715,647935,676872
f0:91:27:6b:7a:0a,7870,-26,3495,185.62,82.43,800,648735,677672
f0:91:27:6b:7a:0a,7871,-33,3496,185.59,82.43,74,648809,677746
f0:91:27:6b:7a:0a,7874,-28,3497,185.60,82.43,238,649047,677984
f0:91:27:6b:7a:0a,7875,-32,3498,185.57,82.43,81,649128,678065
f0:91:27:6b:7a:0a,7876,-26,3499,185.54,82.43,83,649211,678148
f0:91:27:6b:7a:0a,7877,-30,3500,185.51,82.43,76,649287,678224
f0:91:27:6b:7a:0a,7878,-33,3501,185.48,82.43,75,649362,678299
f0:91:27:6b:7a:0a,7879,-28,3502,185.45,82.43,87,649449,678386
f0:91:27:6b:7a:0a,7880,-28,3503,185.42,82.43,78,649527,678464
f0:91:27:6b:7a:0a,7881,-26,3504,185.39,82.43,86,649613,678550
f0:91:27:6b:7a:0a,7882,-26,3505,185.36,82.43,79,649692,678629
f0:91:27:6b:7a:0a,7894,-33,3506,185.58,82.42,944,650636,679573
f0:91:27:6b:7a:0a,7899,-26,3507,185.64,82.42,403,651039,679976
f0:91:27:6b:7a:0a,7900,-33,3508,185.61,82.42,76,651115,680052
f0:91:27:6b:7a:0a,7901,-30,3509,185.58,82.42,81,651196,680133
f0:91:27:6b:7a:0a,7902,-27,3510,185.55,82.42,77,651273,680210
f0:91:27:6b:7a:0a,7903,-28,3511,185.52,82.42,80,651353,680290
f0:91:27:6b:7a:0a,7906,-26,3512,185.53,82.42,235,651588,680525
f0:91:27:6b:7a:0a,7909,-27,3513,185.55,82.42,243,651831,680768
f0:91:27:6b:7a:0a,7927,-28,3514,185.89,82.41,1401,653232,682169
f0:91:27:6b:7a:0a,7929,-27,3515,185.88,82.40,153,653385,682322
f0:91:27:6b:7a:0a,7930,-33,3516,185.86,82.41,87,653472,682409
f0:91:27:6b:7a:0a,7954,-27,3517,186.35,82.40,1927,655399,684336
f0:91:27:6b:7a:0a,7955,-29,3518,186.32,82.40,82,655481,684418
f0:91:27:6b:7a:0a,7957,-33,3519,186.32,82.40,177,655658,684595
f0:91:27:6b:7a:0a,7958,-34,3520,186.29,82.40,76,655734,684671
f0:91:27:6b:7a:0a,7974,-27,3521,186.60,82.40,1293,657027,685964
f0:91:27:6b:7a:0a,8053,-32,3522,188.34,82.37,6324,663351,692288
f0:91:27:6b:7a:0a,8062,-27,3523,188.49,82.37,712,664063,693000
f0:91:27:6b:7a:0a,8063,-29,3524,188.46,82.37,73,664136,693073
f0:91:27:6b:7a:0a,8064,-33,3525,188.43,82.37,85,664221,693158
f0:91:27:6b:7a:0a,8069,-32,3526,188.50,82.37,422,664643,693580
f0:91:27:6b:7a:0a,8070,-27,3527,188.47,82.37,83,664726,693663
f0:91:27:6b:7a:0a,8073,-27,3528,188.48,82.37,237,664963,693900
f0:91:27:6b:7a:0a,8081,-28,3529,188.61,82.37,638,665601,694538
f0:91:27:6b:7a:0a,8090,-24,3530,188.75,82.36,698,666299,695236
f0:91:27:6b:7a:0a,8092,-32,3531,188.75,82.36,162,666461,695398
f0:91:27:6b:7a:0a,8105,-32,3532,188.99,82.36,1042,667503,696440
f0:91:27:6b:7a:0a,8106,-24,3533,188.96,82.36,81,667584,696521
f0:91:27:6b:7a:0a,8109,-28,3534,188.97,82.35,231,667815,696752
f0:91:27:6b:7a:0a,8113,-32,3535,189.01,82.35,325,668140,697077
f0:91:27:6b:7a:0a,8115,-28,3536,189.00,82.35,150,668290,697227
f0:91:27:6b:7a:0a,8125,-32,3537,189.17,82.35,792,669082,698019
f0:91:27:6b:7a:0a,8126,-26,3538,189.14,82.35,85,669167,698104
f0:91:27:6b:7a:0a,8127,-28,3539,189.10,82.35,75,669242,698179
f0:91:27:6b:7a:0a,8149,-26,3540,189.54,82.34,1742,670984,699921
f0:91:27:6b:7a:0a,8150,-28,3541,189.51,82.34,76,671060,699997
f0:91:27:6b:7a:0a,8154,-26,3542,189.55,82.34,322,671382,700319
f0:91:27:6b:7a:0a,8159,-32,3543,189.61,82.34,393,671775,700712
f0:91:27:6b:7a:0a,8160,-24,3544,189.57,82.33,77,671852,700789
f0:91:27:6b:7a:0a,8165,-33,3545,189.63,82.33,399,672251,701188
f0:91:27:6b:7a:0a,8166,-26,3546,189.60,82.33,77,672328,701265
f0:91:27:6b:7a:0a,8167,-28,3547,189.57,82.33,84,672412,701349
f0:91:27:6b:7a:0a,8169,-24,3548,189.56,82.33,162,672574,701511
f0:91:27:6b:7a:0a,8171,-33,3549,189.56,82.33,164,672738,701675
f0:91:27:6b:7a:0a,8172,-33,3550,189.52,82.33,72,672810,701747
f0:91:27:6b:7a:0a,8173,-26,3551,189.49,82.33,84,672894,701831
f0:91:27:6b:7a:0a,8183,-32,3552,189.66,82.33,796,673690,702627
f0:91:27:6b:7a:0a,8184,-26,3553,189.63,82.33,82,673772,702709
f0:91:27:6b:7a:0a,8191,-32,3554,189.74,82.33,565,674337,703274
f0:91:27:6b:7a:0a,8193,-28,3555,189.73,82.33,166,674503,703440
f0:91:27:6b:7a:0a,8194,-33,3556,189.70,82.33,78,674581,703518
f0:91:27:6b:7a:0a,8195,-26,3557,189.67,82.33,84,674665,703602
f0:91:27:6b:7a:0a,8200,-26,3558,189.73,82.32,386,675051,703988
f0:91:27:6b:7a:0a,8201,-26,3559,189.70,82.32,86,675137,704074
f0:91:27:6b:7a:0a,8206,-26,3560,189.76,82.32,404,675541,704478
f0:91:27:6b:7a:0a,8207,-28,3561,189.73,82.32,79,675620,704557
f0:91:27:6b:7a:0a,8208,-26,3562,189.70,82.32,82,675702,704639
f0:91:27:6b:7a:0a,8209,-27,3563,189.67,82.32,79,675781,704718
f0:91:27:6b:7a:0a,8214,-29,3564,189.72,82.32,391,676172,705109
f0:91:27:6b:7a:0a,8215,-31,3565,189.69,82.32,75,676247,705184
f0:91:27:6b:7a:0a,8222,-32,3566,189.79,82.32,555,676802,705739
f0:91:27:6b:7a:0a,8224,-26,3567,189.78,82.31,146,676948,705885
f0:91:27:6b:7a:0a,8228,-27,3568,189.82,82.31,324,677272,706209
f0:91:27:6b:7a:0a,8229,-27,3569,189.79,82.31,78,677350,706287
f0:91:27:6b:7a:0a,8230,-27,3570,189.76,82.31,79,677429,706366
f0:91:27:6b:7a:0a,8231,-29,3571,189.73,82.31,79,677508,706445
f0:91:27:6b:7a:0a,8232,-32,3572,189.69,82.31,79,677587,706524
f0:91:27:6b:7a:0a,8234,-32,3573,189.68,82.31,155,677742,706679
f0:91:27:6b:7a:0a,8238,-33,3574,189.72,82.31,310,678052,706989
f0:91:27:6b:7a:0a,8240,-27,3575,189.71,82.31,158,678210,707147
f0:91:27:6b:7a:0a,8241,-29,3576,189.68,82.31,92,678302,707239
f0:91:27:6b:7a:0a,8244,-24,3577,189.70,82.31,242,678544,707481
f0:91:27:6b:7a:0a,8246,-29,3578,189.69,82.31,152,678696,707633
f0:91:27:6b:7a:0a,8249,-31,3579,189.70,82.30,237,678933,707870
f0:91:27:6b:7a:0a,8250,-27,3580,189.67,82.30,75,679008,707945
f0:91:27:6b:7a:0a,8251,-27,3581,189.64,82.30,84,679092,708029
f0:91:27:6b:7a:0a,8252,-29,3582,189.61,82.30,77,679169,708106
f0:91:27:6b:7a:0a,8253,-33,3583,189.58,82.30,79,679248,708185
f0:91:27:6b:7a:0a,8255,-26,3584,189.57,82.30,157,679405,708342
f0:91:27:6b:7a:0a,8256,-28,3585,189.54,82.30,78,679483,708420
f0:91:27:6b:7a:0a,8257,-31,3586,189.50,82.30,78,679561,708498
f0:91:27:6b:7a:0a,8258,-27,3587,189.48,82.30,90,679651,708588
f0:91:27:6b:7a:0a,8260,-33,3588,189.47,82.30,159,679810,708747
f0:91:27:6b:7a:0a,8261,-33,3589,189.44,82.30,77,679887,708824
f0:91:27:6b:7a:0a,8281,-26,3590,189.83,82.29,1588,681475,710412
f0:91:27:6b:7a:0a,8282,-28,3591,189.80,82.29,81,681556,710493
f0:91:27:6b:7a:0a,8289,-30,3592,189.91,82.29,586,682142,711079
f0:91:27:6b:7a:0a,8291,-32,3593,189.90,82.30,177,682319,711256
f0:91:27:6b:7a:0a,8294,-33,3594,189.92,82.30,248,682567,711504
f0:91:27:6b:7a:0a,8296,-28,3595,189.91,82.30,172,682739,711676
f0:91:27:6b:7a:0a,8297,-26,3596,189.88,82.30,87,682826,711763
f0:91:27:6b:7a:0a,8298,-32,3597,189.86,82.30,89,682915,711852
f0:91:27:6b:7a:0a,8301,-28,3598,189.88,82.30,279,683194,712131
f0:91:27:6b:7a:0a,8302,-26,3599,189.85,82.30,89,683283,712220
f0:91:27:6b:7a:0a,8303,-28,3600,189.83,82.31,103,683386,712323
f0:91:27:6b:7a:0a,8308,-24,3601,189.91,82.31,468,683854,712791
f0:91:27:6b:7a:0a,8312,-27,3602,189.96,82.32,374,684228,713165
f0:91:27:6b:7a:0a,8330,-33,3603,190.37,82.34,1660,685888,714825
f0:91:27:6b:7a:0a,8338,-29,3604,190.52,82.35,734,686622,715559
f0:91:27:6b:7a:0a,8339,-29,3605,190.49,82.35,102,686724,715661
f0:91:27:6b:7a:0a,8340,-26,3606,190.46,82.35,92,686816,715753
f0:91:27:6b:7a:0a,8341,-32,3607,190.44,82.35,99,686915,715852
f0:91:27:6b:7a:0a,8342,-33,3608,190.41,82.36,91,687006,715943
f0:91:27:6b:7a:0a,8343,-28,3609,190.39,82.36,99,687105,716042
f0:91:27:6b:7a:0a,8344,-24,3610,190.36,82.36,95,687200,716137
f0:91:27:6b:7a:0a,8347,-28,3611,190.39,82.36,283,687483,716420
f0:91:27:6b:7a:0a,8348,-24,3612,190.36,82.36,93,687576,716513
f0:91:27:6b:7a:0a,8349,-32,3613,190.33,82.36,87,687663,716600
f0:91:27:6b:7a:0a,8356,-32,3614,190.46,82.37,649,688312,717249
f0:91:27:6b:7a:0a,8357,-26,3615,190.43,82.38,100,688412,717349
f0:91:27:6b:7a:0a,8358,-28,3616,190.41,82.38,93,688505,717442
f0:91:27:6b:7a:0a,8359,-29,3617,190.38,82.38,98,688603,717540
f0:91:27:6b:7a:0a,8361,-33,3618,190.38,82.38,190,688793,717730
f0:91:27:6b:7a:0a,8362,-28,3619,190.35,82.38,94,688887,717824
f0:91:27:6b:7a:0a,8363,-27,3620,190.33,82.38,97,688984,717921
f0:91:27:6b:7a:0a,8364,-27,3621,190.30,82.39,98,689082,718019
f0:91:27:6b:7a:0a,8365,-27,3622,190.28,82.39,100,689182,718119
f0:91:27:6b:7a:0a,8370,-33,3623,190.35,82.40,473,689655,718592
f0:91:27:6b:7a:0a,8379,-32,3624,190.54,82.41,864,690519,719456
f0:91:27:6b:7a:0a,8380,-29,3625,190.51,82.41,85,690604,719541
f0:91:27:6b:7a:0a,8381,-29,3626,190.49,82.41,102,690706,719643
f0:91:27:6b:7a:0a,8382,-27,3627,190.46,82.42,100,690806,719743
f0:91:27:6b:7a:0a,8383,-33,3628,190.43,82.42,88,690894,719831
f0:91:27:6b:7a:0a,8384,-33,3629,190.41,82.42,95,690989,719926
f0:91:27:6b:7a:0a,8385,-29,3630,190.38,82.42,97,691086,720023
f0:91:27:6b:7a:0a,8387,-33,3631,190.38,82.42,184,691270,720207
f0:91:27:6b:7a:0a,8388,-33,3632,190.35,82.42,95,691365,720302
f0:91:27:6b:7a:0a,8390,-27,3633,190.35,82.43,186,691551,720488
f0:91:27:6b:7a:0a,8394,-29,3634,190.40,82.43,368,691919,720856
f0:91:27:6b:7a:0a,8395,-29,3635,190.38,82.43,97,692016,720953
f0:91:27:6b:7a:0a,8396,-31,3636,190.35,82.43,89,692105,721042
f0:91:27:6b:7a:0a,8413,-29,3637,190.72,82.45,1555,693660,722597
f0:91:27:6b:7a:0a,8420,-26,3638,190.84,82.46,632,694292,723229
f0:91:27:6b:7a:0a,8424,-32,3639,190.89,82.46,339,694631,723568
f0:91:27:6b:7a:0a,8425,-26,3640,190.86,82.46,90,694721,723658
f0:91:27:6b:7a:0a,8427,-28,3641,190.85,82.46,179,694900,723837
f0:91:27:6b:7a:0a,8428,-33,3642,190.82,82.46,82,694982,723919
f0:91:27:6b:7a:0a,8429,-28,3643,190.80,82.46,87,695069,724006
f0:91:27:6b:7a:0a,8430,-33,3644,190.77,82.46,89,695158,724095
f0:91:27:6b:7a:0a,8431,-27,3645,190.74,82.46,83,695241,724178
f0:91:27:6b:7a:0a,8432,-29,3646,190.71,82.46,83,695324,724261
f0:91:27:6b:7a:0a,8433,-33,3647,190.68,82.46,74,695398,724335
f0:91:27:6b:7a:0a,8434,-29,3648,190.65,82.46,94,695492,724429
f0:91:27:6b:7a:0a,8435,-32,3649,190.62,82.46,81,695573,724510
f0:91:27:6b:7a:0a,8438,-24,3650,190.64,82.46,245,695818,724755
f0:91:27:6b:7a:0a,8439,-26,3651,190.61,82.46,87,695905,724842
f0:91:27:6b:7a:0a,8440,-29,3652,190.58,82.46,82,695987,724924
f0:91:27:6b:7a:0a,8445,-27,3653,190.64,82.46,409,696396,725333
f0:91:27:6b:7a:0a,8448,-32,3654,190.66,82.46,259,696655,725592
f0:91:27:6b:7a:0a,8450,-32,3655,190.65,82.46,173,696828,725765
f0:91:27:6b:7a:0a,8457,-31,3656,190.76,82.47,594,697422,726359
f0:91:27:6b:7a:0a,8459,-33,3657,190.76,82.47,177,697599,726536
f0:91:27:6b:7a:0a,8460,-28,3658,190.73,82.47,87,697686,726623
f0:91:27:6b:7a:0a,8461,-33,3659,190.70,82.47,85,697771,726708
f0:91:27:6b:7a:0a,8462,-26,3660,190.67,82.47,80,697851,726788
f0:91:27:6b:7a:0a,8463,-33,3661,190.64,82.47,90,697941,726878
f0:91:27:6b:7a:0a,8464,-29,3662,190.62,82.47,93,698034,726971
f0:91:27:6b:7a:0a,8465,-30,3663,190.59,82.47,83,698117,727054
f0:91:27:6b:7a:0a,8466,-26,3664,190.56,82.47,81,698198,727135
f0:91:27:6b:7a:0a,8467,-29,3665,190.53,82.47,83,698281,727218
f0:91:27:6b:7a:0a,8470,-24,3666,190.55,82.47,264,698545,727482
f0:91:27:6b:7a:0a,8472,-26,3667,190.54,82.47,170,698715,727652
f0:91:27:6b:7a:0a,8473,-33,3668,190.51,82.47,84,698799,727736
f0:91:27:6b:7a:0a,8477,-29,3669,190.55,82.47,337,699136,728073
f0:91:27:6b:7a:0a,8478,-32,3670,190.52,82.47,81,699217,728154
f0:91:27:6b:7a:0a,8485,-32,3671,190.62,82.47,563,699780,728717
f0:91:27:6b:7a:0a,8490,-33,3672,190.68,82.47,409,700189,729126
f0:91:27:6b:7a:0a,8495,-27,3673,190.75,82.47,420,700609,729546
f0:91:27:6b:7a:0a,8497,-33,3674,190.74,82.47,160,700769,729706
f0:91:27:6b:7a:0a,8499,-29,3675,190.73,82.47,158,700927,729864
f0:91:27:6b:7a:0a,8500,-33,3676,190.70,82.47,81,701008,729945
f0:91:27:6b:7a:0a,8508,-33,3677,190.82,82.47,632,701640,730577
f0:91:27:6b:7a:0a,8513,-32,3678,190.88,82.47,402,702042,730979
f0:91:27:6b:7a:0a,8522,-32,3679,191.02,82.46,721,702763,731700
f0:91:27:6b:7a:0a,8523,-32,3680,190.99,82.46,77,702840,731777
f0:91:27:6b:7a:0a,8524,-26,3681,190.96,82.46,84,702924,731861
f0:91:27:6b:7a:0a,8525,-26,3682,190.93,82.47,95,703019,731956
f0:91:27:6b:7a:0a,8527,-32,3683,190.92,82.46,151,703170,732107
f0:91:27:6b:7a:0a,8530,-27,3684,190.93,82.46,230,703400,732337
f0:91:27:6b:7a:0a,8533,-29,3685,190.95,82.46,254,703654,732591
f0:91:27:6b:7a:0a,8545,-28,3686,191.16,82.46,962,704616,733553
f0:91:27:6b:7a:0a,8547,-26,3687,191.15,82.46,155,704771,733708
f0:91:27:6b:7a:0a,8548,-29,3688,191.12,82.46,76,704847,733784
f0:91:27:6b:7a:0a,8549,-33,3689,191.09,82.46,84,704931,733868
f0:91:27:6b:7a:0a,8550,-24,3690,191.06,82.46,74,705005,733942
f0:91:27:6b:7a:0a,8553,-33,3691,191.07,82.46,236,705241,734178
f0:91:27:6b:7a:0a,8554,-28,3692,191.04,82.45,79,705320,734257
f0:91:27:6b:7a:0a,8555,-28,3693,191.01,82.46,84,705404,734341
f0:91:27:6b:7a:0a,8556,-32,3694,190.98,82.45,78,705482,734419
f0:91:27:6b:7a:0a,8557,-26,3695,190.95,82.45,84,705566,734503
f0:91:27:6b:7a:0a,8558,-28,3696,190.92,82.46,84,705650,734587
f0:91:27:6b:7a:0a,8559,-32,3697,190.89,82.45,80,705730,734667
f0:91:27:6b:7a:0a,8561,-29,3698,190.88,82.45,161,705891,734828
f0:91:27:6b:7a:0a,8562,-31,3699,190.85,82.45,78,705969,734906
f0:91:27:6b:7a:0a,8563,-24,3700,190.82,82.45,80,706049,734986
f0:91:27:6b:7a:0a,8564,-29,3701,190.79,82.45,77,706126,735063
f0:91:27:6b:7a:0a,8565,-29,3702,190.76,82.45,74,706200,735137
f0:91:27:6b:7a:0a,8568,-29,3703,190.78,82.45,241,706441,735378
f0:91:27:6b:7a:0a,8570,-24,3704,190.77,82.45,162,706603,735540
f0:91:27:6b:7a:0a,8571,-29,3705,190.74,82.45,81,706684,735621
f0:91:27:6b:7a:0a,8575,-31,3706,190.78,82.45,335,707019,735956
f0:91:27:6b:7a:0a,8576,-27,3707,190.75,82.45,81,707100,736037
f0:91:27:6b:7a:0a,8578,-31,3708,190.74,82.45,160,707260,736197
f0:91:27:6b:7a:0a,8579,-26,3709,190.71,82.45,77,707337,736274
f0:91:27:6b:7a:0a,8581,-33,3710,190.70,82.45,163,707500,736437
f0:91:27:6b:7a:0a,8582,-24,3711,190.67,82.45,74,707574,736511
f0:91:27:6b:7a:0a,8583,-26,3712,190.64,82.45,71,707645,736582
f0:91:27:6b:7a:0a,8585,-33,3713,190.63,82.45,158,707803,736740
f0:91:27:6b:7a:0a,8586,-26,3714,190.60,82.45,79,707882,736819
f0:91:27:6b:7a:0a,8597,-26,3715,190.78,82.44,883,708765,737702
f0:91:27:6b:7a:0a,8613,-28,3716,191.07,82.44,1266,710031,738968
f0:91:27:6b:7a:0a,8614,-32,3717,191.04,82.44,77,710108,739045
f0:91:27:6b:7a:0a,8615,-26,3718,191.02,82.44,88,710196,739133
f0:91:27:6b:7a:0a,8616,-32,3719,190.99,82.44,81,710277,739214
f0:91:27:6b:7a:0a,8617,-26,3720,190.96,82.44,83,710360,739297
f0:91:27:6b:7a:0a,8618,-28,3721,190.93,82.44,83,710443,739380
f0:91:27:6b:7a:0a,8619,-26,3722,190.90,82.44,89,710532,739469
f0:91:27:6b:7a:0a,8620,-26,3723,190.87,82.44,72,710604,739541
f0:91:27:6b:7a:0a,8621,-28,3724,190.84,82.44,84,710688,739625
f0:91:27:6b:7a:0a,8622,-32,3725,190.81,82.44,76,710764,739701
f0:91:27:6b:7a:0a,8625,-26,3726,190.83,82.44,253,711017,739954
f0:91:27:6b:7a:0a,8626,-26,3727,190.80,82.44,77,711094,740031
f0:91:27:6b:7a:0a,8628,-27,3728,190.79,82.44,161,711255,740192
f0:91:27:6b:7a:0a,8629,-28,3729,190.76,82.44,80,711335,740272
f0:91:27:6b:7a:0a,8630,-28,3730,190.73,82.43,71,711406,740343
f0:91:27:6b:7a:0a,8631,-26,3731,190.70,82.43,88,711494,740431
f0:91:27:6b:7a:0a,8632,-28,3732,190.67,82.43,80,711574,740511
f0:91:27:6b:7a:0a,8633,-32,3733,190.64,82.43,79,711653,740590
f0:91:27:6b:7a:0a,8634,-24,3734,190.61,82.43,81,711734,740671
f0:91:27:6b:7a:0a,8635,-28,3735,190.58,82.43,75,711809,740746
f0:91:27:6b:7a:0a,8638,-26,3736,190.59,82.43,235,712044,740981
f0:91:27:6b:7a:0a,8639,-26,3737,190.56,82.43,78,712122,741059
f0:91:27:6b:7a:0a,8640,-32,3738,190.53,82.43,79,712201,741138
f0:91:27:6b:7a:0a,8642,-27,3739,190.52,82.43,159,712360,741297
f0:91:27:6b:7a:0a,8648,-24,3740,190.60,82.43,485,712845,741782
f0:91:27:6b:7a:0a,8650,-33,3741,190.59,82.43,161,713006,741943
f0:91:27:6b:7a:0a,8651,-27,3742,190.56,82.43,81,713087,742024
f0:91:27:6b:7a:0a,8652,-28,3743,190.53,82.43,75,713162,742099
f0:91:27:6b:7a:0a,8653,-31,3744,190.50,82.43,79,713241,742178
f0:91:27:6b:7a:0a,8654,-26,3745,190.47,82.43,72,713313,742250
f0:91:27:6b:7a:0a,8655,-24,3746,190.44,82.43,79,713392,742329
f0:91:27:6b:7a:0a,8657,-33,3747,190.43,82.42,160,713552,742489
f0:91:27:6b:7a:0a,8658,-26,3748,190.40,82.42,80,713632,742569
f0:91:27:6b:7a:0a,8659,-28,3749,190.37,82.42,83,713715,742652
f0:91:27:6b:7a:0a,8668,-31,3750,190.51,82.42,696,714411,743348
f0:91:27:6b:7a:0a,8669,-27,3751,190.48,82.42,86,714497,743434
f0:91:27:6b:7a:0a,8670,-28,3752,190.45,82.42,78,714575,743512
f0:91:27:6b:7a:0a,8671,-33,3753,190.42,82.42,75,714650,743587
f0:91:27:6b:7a:0a,8672,-26,3754,190.39,82.42,79,714729,743666
f0:91:27:6b:7a:0a,8673,-26,3755,190.36,82.42,79,714808,743745
f0:91:27:6b:7a:0a,8674,-28,3756,190.33,82.42,76,714884,743821
f0:91:27:6b:7a:0a,8675,-24,3757,190.30,82.42,86,714970,743907
f0:91:27:6b:7a:0a,8676,-28,3758,190.27,82.42,83,715053,743990
f0:91:27:6b:7a:0a,8677,-33,3759,190.25,82.42,79,715132,744069
f0:91:27:6b:7a:0a,8679,-28,3760,190.24,82.42,160,715292,744229
f0:91:27:6b:7a:0a,8681,-31,3761,190.23,82.42,155,715447,744384
f0:91:27:6b:7a:0a,8683,-26,3762,190.22,82.41,155,715602,744539
f0:91:27:6b:7a:0a,8685,-30,3763,190.21,82.41,167,715769,744706
f0:91:27:6b:7a:0a,8687,-28,3764,190.20,82.41,159,715928,744865
f0:91:27:6b:7a:0a,8688,-31,3765,190.18,82.41,83,716011,744948
f0:91:27:6b:7a:0a,8689,-24,3766,190.15,82.41,80,716091,745028
f0:91:27:6b:7a:0a,8691,-28,3767,190.14,82.41,151,716242,745179
f0:91:27:6b:7a:0a,8692,-32,3768,190.11,82.41,82,716324,745261
f0:91:27:6b:7a:0a,8693,-24,3769,190.08,82.41,77,716401,745338
f0:91:27:6b:7a:0a,8694,-28,3770,190.05,82.41,82,716483,745420
f0:91:27:6b:7a:0a,8695,-30,3771,190.02,82.41,75,716558,745495
f0:91:27:6b:7a:0a,8696,-26,3772,189.99,82.41,84,716642,745579
f0:91:27:6b:7a:0a,8697,-29,3773,189.96,82.41,83,716725,745662
f0:91:27:6b:7a:0a,8699,-32,3774,189.95,82.41,158,716883,745820
f0:91:27:6b:7a:0a,8700,-26,3775,189.92,82.41,81,716964,745901
f0:91:27:6b:7a:0a,8701,-28,3776,189.89,82.41,76,717040,745977
f0:91:27:6b:7a:0a,8713,-28,3777,190.10,82.41,959,717999,746936
f0:91:27:6b:7a:0a,8714,-33,3778,190.07,82.40,76,718075,747012
f0:91:27:6b:7a:0a,8717,-26,3779,190.08,82.40,241,718316,747253
f0:91:27:6b:7a:0a,8718,-29,3780,190.05,82.40,89,718405,747342
f0:91:27:6b:7a:0a,8719,-33,3781,190.02,82.40,74,718479,747416
f0:91:27:6b:7a:0a,8720,-27,3782,189.99,82.40,79,718558,747495
f0:91:27:6b:7a:0a,8723,-24,3783,190.01,82.40,245,718803,747740
f0:91:27:6b:7a:0a,8724,-28,3784,189.98,82.40,84,718887,747824
f0:91:27:6b:7a:0a,8727,-26,3785,189.99,82.40,233,719120,748057
f0:91:27:6b:7a:0a,8736,-26,3786,190.13,82.40,728,719848,748785
f0:91:27:6b:7a:0a,8740,-26,3787,190.17,82.40,311,720159,749096
f0:91:27:6b:7a:0a,8742,-33,3788,190.16,82.40,158,720317,749254
f0:91:27:6b:7a:0a,8753,-30,3789,190.34,82.39,867,721184,750121
f0:91:27:6b:7a:0a,8755,-28,3790,190.33,82.39,165,721349,750286
f0:91:27:6b:7a:0a,8756,-33,3791,190.30,82.39,73,721422,750359
f0:91:27:6b:7a:0a,8757,-27,3792,190.27,82.39,81,721503,750440
f0:91:27:6b:7a:0a,8765,-27,3793,190.39,82.39,632,722135,751072
f0:91:27:6b:7a:0a,8767,-26,3794,190.38,82.39,157,722292,751229
f0:91:27:6b:7a:0a,8768,-33,3795,190.35,82.39,81,722373,751310
f0:91:27:6b:7a:0a,8774,-29,3796,190.42,82.38,469,722842,751779
f0:91:27:6b:7a:0a,8775,-30,3797,190.39,82.38,85,722927,751864
f0:91:27:6b:7a:0a,8777,-24,3798,190.39,82.38,157,723084,752021
f0:91:27:6b:7a:0a,8779,-32,3799,190.38,82.38,164,723248,752185
f0:91:27:6b:7a:0a,8793,-32,3800,190.62,82.38,1115,724363,753300
f0:91:27:6b:7a:0a,8794,-26,3801,190.59,82.38,76,724439,753376
f0:91:27:6b:7a:0a,8796,-32,3802,190.58,82.38,162,724601,753538
f0:91:27:6b:7a:0a,8799,-32,3803,190.60,82.38,234,724835,753772
f0:91:27:6b:7a:0a,8800,-32,3804,190.56,82.38,74,724909,753846
f0:91:27:6b:7a:0a,8801,-26,3805,190.54,82.38,79,724988,753925
f0:91:27:6b:7a:0a,8802,-28,3806,190.51,82.38,81,725069,754006
f0:91:27:6b:7a:0a,8804,-26,3807,190.50,82.38,163,725232,754169
f0:91:27:6b:7a:0a,8805,-28,3808,190.47,82.37,76,725308,754245
f0:91:27:6b:7a:0a,8807,-26,3809,190.46,82.37,168,725476,754413
f0:91:27:6b:7a:0a,8809,-32,3810,190.46,82.38,167,725643,754580
f0:91:27:6b:7a:0a,8814,-28,3811,190.51,82.37,392,726035,754972
f0:91:27:6b:7a:0a,8815,-33,3812,190.48,82.37,77,726112,755049
f0:91:27:6b:7a:0a,8817,-24,3813,190.47,82.37,151,726263,755200
f0:91:27:6b:7a:0a,8818,-28,3814,190.44,82.37,82,726345,755282
f0:91:27:6b:7a:0a,8819,-33,3815,190.41,82.37,79,726424,755361
f0:91:27:6b:7a:0a,8820,-27,3816,190.38,82.37,83,726507,755444
f0:91:27:6b:7a:0a,8821,-28,3817,190.36,82.37,80,726587,755524
f0:91:27:6b:7a:0a,8822,-33,3818,190.33,82.37,76,726663,755600
f0:91:27:6b:7a:0a,8823,-26,3819,190.30,82.37,81,726744,755681
f0:91:27:6b:7a:0a,8824,-29,3820,190.27,82.37,81,726825,755762
f0:91:27:6b:7a:0a,8826,-24,3821,190.26,82.37,157,726982,755919
f0:91:27:6b:7a:0a,8827,-26,3822,190.23,82.37,76,727058,755995
f0:91:27:6b:7a:0a,8828,-32,3823,190.20,82.37,83,727141,756078
f0:91:27:6b:7a:0a,8830,-27,3824,190.19,82.37,152,727293,756230
f0:91:27:6b:7a:0a,8831,-28,3825,190.16,82.37,80,727373,756310
f0:91:27:6b:7a:0a,8833,-30,3826,190.15,82.36,157,727530,756467
f0:91:27:6b:7a:0a,8835,-26,3827,190.15,82.36,155,727685,756622
f0:91:27:6b:7a:0a,8837,-32,3828,190.14,82.36,157,727842,756779
f0:91:27:6b:7a:0a,8838,-24,3829,190.11,82.36,82,727924,756861
f0:91:27:6b:7a:0a,8839,-28,3830,190.08,82.36,80,728004,756941
f0:91:27:6b:7a:0a,8840,-30,3831,190.05,82.36,78,728082,757019
f0:91:27:6b:7a:0a,8841,-27,3832,190.02,82.36,80,728162,757099
f0:91:27:6b:7a:0a,8845,-26,3833,190.05,82.36,311,728473,757410
f0:91:27:6b:7a:0a,8846,-28,3834,190.02,82.36,77,728550,757487
f0:91:27:6b:7a:0a,8847,-33,3835,189.99,82.36,80,728630,757567
f0:91:27:6b:7a:0a,8848,-26,3836,189.97,82.36,84,728714,757651
f0:91:27:6b:7a:0a,8860,-28,3837,190.16,82.35,940,729654,758591
f0:91:27:6b:7a:0a,8862,-26,3838,190.15,82.35,152,729806,758743
f0:91:27:6b:7a:0a,8867,-33,3839,190.21,82.35,405,730211,759148
f0:91:27:6b:7a:0a,8868,-24,3840,190.18,82.35,78,730289,759226
f0:91:27:6b:7a:0a,8876,-31,3841,190.30,82.35,648,730937,759874
f0:91:27:6b:7a:0a,8878,-24,3842,190.29,82.35,153,731090,760027
f0:91:27:6b:7a:0a,8883,-31,3843,190.35,82.35,412,731502,760439
f0:91:27:6b:7a:0a,8884,-27,3844,190.32,82.35,73,731575,760512
f0:91:27:6b:7a:0a,8886,-28,3845,190.31,82.35,162,731737,760674
f0:91:27:6b:7a:0a,8890,-24,3846,190.34,82.35,327,732064,761001
f0:91:27:6b:7a:0a,8893,-27,3847,190.36,82.35,239,732303,761240
f0:91:27:6b:7a:0a,8894,-29,3848,190.33,82.35,79,732382,761319
f0:91:27:6b:7a:0a,8895,-31,3849,190.30,82.34,76,732458,761395
f0:91:27:6b:7a:0a,8899,-24,3850,190.33,82.34,326,732784,761721
f0:91:27:6b:7a:0a,8901,-33,3851,190.33,82.34,164,732948,761885
f0:91:27:6b:7a:0a,8902,-27,3852,190.30,82.34,78,733026,761963
f0:91:27:6b:7a:0a,8903,-28,3853,190.27,82.34,79,733105,762042
f0:91:27:6b:7a:0a,8907,-26,3854,190.30,82.34,322,733427,762364
f0:91:27:6b:7a:0a,8912,-28,3855,190.35,82.34,388,733815,762752
f0:91:27:6b:7a:0a,8915,-28,3856,190.37,82.34,238,734053,762990
f0:91:27:6b:7a:0a,8917,-33,3857,190.36,82.34,161,734214,763151
f0:91:27:6b:7a:0a,8919,-26,3858,190.35,82.34,153,734367,763304
f0:91:27:6b:7a:0a,8920,-26,3859,190.32,82.34,79,734446,763383
f0:91:27:6b:7a:0a,8921,-30,3860,190.29,82.34,76,734522,763459
f0:91:27:6b:7a:0a,8925,-26,3861,190.32,82.34,318,734840,763777
f0:91:27:6b:7a:0a,8926,-28,3862,190.29,82.33,79,734919,763856
f0:91:27:6b:7a:0a,8928,-26,3863,190.29,82.33,152,735071,764008
f0:91:27:6b:7a:0a,8931,-24,3864,190.30,82.33,239,735310,764247
f0:91:27:6b:7a:0a,8932,-28,3865,190.27,82.33,87,735397,764334
f0:91:27:6b:7a:0a,8933,-28,3866,190.24,82.33,69,735466,764403
f0:91:27:6b:7a:0a,8934,-33,3867,190.21,82.33,84,735550,764487
f0:91:27:6b:7a:0a,8935,-26,3868,190.18,82.33,74,735624,764561
f0:91:27:6b:7a:0a,8936,-28,3869,190.15,82.33,82,735706,764643
f0:91:27:6b:7a:0a,8938,-24,3870,190.15,82.33,162,735868,764805
f0:91:27:6b:7a:0a,8939,-28,3871,190.12,82.33,76,735944,764881
f0:91:27:6b:7a:0a,8940,-33,3872,190.09,82.33,86,736030,764967
f0:91:27:6b:7a:0a,8941,-24,3873,190.06,82.33,80,736110,765047
f0:91:27:6b:7a:0a,8942,-28,3874,190.03,82.33,75,736185,765122
f0:91:27:6b:7a:0a,8946,-28,3875,190.07,82.33,318,736503,765440
f0:91:27:6b:7a:0a,8947,-33,3876,190.04,82.33,80,736583,765520
f0:91:27:6b:7a:0a,8949,-30,3877,190.03,82.33,155,736738,765675
f0:91:27:6b:7a:0a,8950,-24,3878,190.00,82.33,76,736814,765751
f0:91:27:6b:7a:0a,8951,-28,3879,189.97,82.33,79,736893,765830
f0:91:27:6b:7a:0a,8952,-28,3880,189.94,82.33,81,736974,765911
f0:91:27:6b:7a:0a,8953,-32,3881,189.91,82.32,81,737055,765992
f0:91:27:6b:7a:0a,8955,-24,3882,189.90,82.32,152,737207,766144
f0:91:27:6b:7a:0a,8956,-28,3883,189.88,82.32,79,737286,766223
f0:91:27:6b:7a:0a,8957,-33,3884,189.85,82.32,87,737373,766310
f0:91:27:6b:7a:0a,8958,-32,3885,189.82,82.32,76,737449,766386
f0:91:27:6b:7a:0a,8960,-24,3886,189.81,82.32,158,737607,766544
f0:91:27:6b:7a:0a,8961,-28,3887,189.78,82.32,78,737685,766622
f0:91:27:6b:7a:0a,8962,-28,3888,189.75,82.32,76,737761,766698
f0:91:27:6b:7a:0a,8965,-30,3889,189.77,82.32,244,738005,766942
f0:91:27:6b:7a:0a,8966,-26,3890,189.74,82.32,83,738088,767025
f0:91:27:6b:7a:0a,8970,-26,3891,189.77,82.32,316,738404,767341
f0:91:27:6b:7a:0a,8977,-28,3892,189.87,82.32,561,738965,767902
f0:91:27:6b:7a:0a,8982,-26,3893,189.92,82.32,395,739360,768297
f0:91:27:6b:7a:0a,8983,-30,3894,189.89,82.32,86,739446,768383
f0:91:27:6b:7a:0a,8985,-26,3895,189.88,82.31,152,739598,768535
f0:91:27:6b:7a:0a,8986,-26,3896,189.86,82.31,80,739678,768615
f0:91:27:6b:7a:0a,8987,-33,3897,189.83,82.31,77,739755,768692
f0:91:27:6b:7a:0a,8996,-27,3898,189.96,82.31,703,740458,769395
f0:91:27:6b:7a:0a,8997,-24,3899,189.93,82.31,74,740532,769469
f0:91:27:6b:7a:0a,8999,-27,3900,189.92,82.31,165,740697,769634
f0:91:27:6b:7a:0a,9019,-28,3901,190.32,82.32,1726,742423,771360
f0:91:27:6b:7a:0a,9020,-26,3902,190.29,82.32,97,742520,771457
f0:91:27:6b:7a:0a,9022,-26,3903,190.29,82.32,181,742701,771638
f0:91:27:6b:7a:0a,9026,-28,3904,190.33,82.32,357,743058,771995
f0:91:27:6b:7a:0a,9027,-24,3905,190.31,82.33,90,743148,772085
f0:91:27:6b:7a:0a,9028,-32,3906,190.28,82.33,92,743240,772177
f0:91:27:6b:7a:0a,9030,-28,3907,190.28,82.33,192,743432,772369
f0:91:27:6b:7a:0a,9031,-24,3908,190.26,82.33,87,743519,772456
f0:91:27:6b:7a:0a,9032,-30,3909,190.23,82.33,96,743615,772552
f0:91:27:6b:7a:0a,9034,-28,3910,190.23,82.33,188,743803,772740
f0:91:27:6b:7a:0a,9037,-26,3911,190.25,82.34,275,744078,773015
f0:91:27:6b:7a:0a,9038,-26,3912,190.23,82.34,91,744169,773106
f0:91:27:6b:7a:0a,9042,-33,3913,190.27,82.34,371,744540,773477
f0:91:27:6b:7a:0a,9044,-26,3914,190.27,82.34,183,744723,773660
f0:91:27:6b:7a:0a,9046,-28,3915,190.27,82.35,178,744901,773838
f0:91:27:6b:7a:0a,9049,-28,3916,190.29,82.35,281,745182,774119
f0:91:27:6b:7a:0a,9050,-27,3917,190.27,82.35,87,745269,774206
f0:91:27:6b:7a:0a,9051,-33,3918,190.24,82.35,99,745368,774305
f0:91:27:6b:7a:0a,9052,-28,3919,190.22,82.35,87,745455,774392
f0:91:27:6b:7a:0a,9053,-33,3920,190.19,82.35,95,745550,774487
f0:91:27:6b:7a:0a,9054,-33,3921,190.17,82.35,91,745641,774578
f0:91:27:6b:7a:0a,9055,-28,3922,190.14,82.36,91,745732,774669
f0:91:27:6b:7a:0a,9056,-28,3923,190.12,82.36,94,745826,774763
f0:91:27:6b:7a:0a,9057,-26,3924,190.09,82.36,100,745926,774863
f0:91:27:6b:7a:0a,9071,-32,3925,190.39,82.38,1339,747265,776202
f0:91:27:6b:7a:0a,9077,-26,3926,190.48,82.39,569,747834,776771
f0:91:27:6b:7a:0a,9078,-32,3927,190.46,82.39,99,747933,776870
f0:91:27:6b:7a:0a,9079,-28,3928,190.43,82.39,85,748018,776955
f0:91:27:6b:7a:0a,9080,-26,3929,190.41,82.39,96,748114,777051
f0:91:27:6b:7a:0a,9081,-33,3930,190.38,82.39,92,748206,777143
f0:91:27:6b:7a:0a,9082,-33,3931,190.36,82.39,93,748299,777236
f0:91:27:6b:7a:0a,9083,-28,3932,190.34,82.40,99,748398,777335
f0:91:27:6b:7a:0a,9084,-26,3933,190.31,82.40,83,748481,777418
f0:91:27:6b:7a:0a,9085,-32,3934,190.29,82.40,105,748586,777523
f0:91:27:6b:7a:0a,9086,-26,3935,190.26,82.40,94,748680,777617
f0:91:27:6b:7a:0a,9087,-26,3936,190.24,82.40,90,748770,777707
f0:91:27:6b:7a:0a,9088,-33,3937,190.21,82.40,93,748863,777800
f0:91:27:6b:7a:0a,9090,-28,3938,190.21,82.40,184,749047,777984
f0:91:27:6b:7a:0a,9092,-32,3939,190.21,82.41,195,749242,778179
f0:91:27:6b:7a:0a,9093,-26,3940,190.19,82.41,90,749332,778269
f0:91:27:6b:7a:0a,9094,-26,3941,190.16,82.41,89,749421,778358
f0:91:27:6b:7a:0a,9097,-32,3942,190.19,82.41,291,749712,778649
f0:91:27:6b:7a:0a,9099,-26,3943,190.19,82.42,192,749904,778841
f0:91:27:6b:7a:0a,9100,-24,3944,190.16,82.42,93,749997,778934
f0:91:27:6b:7a:0a,9102,-26,3945,190.16,82.42,184,750181,779118
f0:91:27:6b:7a:0a,9104,-33,3946,190.16,82.42,181,750362,779299
f0:91:27:6b:7a:0a,9106,-28,3947,190.16,82.42,197,750559,779496
f0:91:27:6b:7a:0a,9108,-27,3948,190.16,82.43,191,750750,779687
f0:91:27:6b:7a:0a,9109,-33,3949,190.14,82.43,99,750849,779786
f0:91:27:6b:7a:0a,9110,-28,3950,190.11,82.43,92,750941,779878
f0:91:27:6b:7a:0a,9111,-26,3951,190.09,82.43,92,751033,779970
f0:91:27:6b:7a:0a,9119,-24,3952,190.23,82.44,748,751781,780718
f0:91:27:6b:7a:0a,9121,-24,3953,190.23,82.44,183,751964,780901
f0:91:27:6b:7a:0a,9122,-33,3954,190.20,82.44,87,752051,780988
f0:91:27:6b:7a:0a,9129,-28,3955,190.32,82.45,645,752696,781633
f0:91:27:6b:7a:0a,9144,-32,3956,190.61,82.46,1339,754035,782972
f0:91:27:6b:7a:0a,9145,-28,3957,190.58,82.46,87,754122,783059
f0:91:27:6b:7a:0a,9147,-30,3958,190.58,82.46,180,754302,783239
f0:91:27:6b:7a:0a,9154,-24,3959,190.68,82.47,591,754893,783830
f0:91:27:6b:7a:0a,9155,-26,3960,190.65,82.47,78,754971,783908
f0:91:27:6b:7a:0a,9157,-26,3961,190.65,82.47,183,755154,784091
f0:91:27:6b:7a:0a,9160,-32,3962,190.66,82.47,248,755402,784339
f0:91:27:6b:7a:0a,9161,-28,3963,190.64,82.47,89,755491,784428
f0:91:27:6b:7a:0a,9187,-26,3964,191.14,82.47,2195,757686,786623
f0:91:27:6b:7a:0a,9196,-26,3965,191.29,82.48,766,758452,787389
f0:91:27:6b:7a:0a,9197,-28,3966,191.26,82.48,88,758540,787477
f0:91:27:6b:7a:0a,9214,-28,3967,191.56,82.47,1379,759919,788856
f0:91:27:6b:7a:0a,9221,-32,3968,191.65,82.47,561,760480,789417
f0:91:27:6b:7a:0a,9246,-28,3969,192.11,82.47,2007,762487,791424
f0:91:27:6b:7a:0a,9248,-27,3970,192.10,82.47,157,762644,791581
f0:91:27:6b:7a:0a,9254,-28,3971,192.18,82.46,485,763129,792066
f0:91:27:6b:7a:0a,9257,-32,3972,192.19,82.46,242,763371,792308
f0:91:27:6b:7a:0a,9259,-27,3973,192.18,82.46,158,763529,792466
f0:91:27:6b:7a:0a,9263,-29,3974,192.21,82.46,316,763845,792782
f0:91:27:6b:7a:0a,9264,-26,3975,192.18,82.46,81,763926,792863
f0:91:27:6b:7a:0a,9265,-28,3976,192.16,82.46,88,764014,792951
f0:91:27:6b:7a:0a,9266,-28,3977,192.13,82.46,71,764085,793022
f0:91:27:6b:7a:0a,9277,-26,3978,192.30,82.46,877,764962,793899
f0:91:27:6b:7a:0a,9281,-28,3979,192.33,82.46,320,765282,794219
f0:91:27:6b:7a:0a,9286,-30,3980,192.38,82.45,389,765671,794608
f0:91:27:6b:7a:0a,9287,-24,3981,192.35,82.45,77,765748,794685
f0:91:27:6b:7a:0a,9288,-28,3982,192.32,82.45,83,765831,794768
f0:91:27:6b:7a:0a,9289,-32,3983,192.29,82.45,77,765908,794845
f0:91:27:6b:7a:0a,9294,-33,3984,192.35,82.45,403,766311,795248
f0:91:27:6b:7a:0a,9297,-33,3985,192.36,82.45,242,766553,795490
f0:91:27:6b:7a:0a,9300,-28,3986,192.37,82.45,232,766785,795722
f0:91:27:6b:7a:0a,9301,-33,3987,192.34,82.45,82,766867,795804
f0:91:27:6b:7a:0a,9308,-26,3988,192.43,82.45,560,767427,796364
f0:91:27:6b:7a:0a,9309,-33,3989,192.40,82.45,72,767499,796436
f0:91:27:6b:7a:0a,9313,-33,3990,192.43,82.44,311,767810,796747
f0:91:27:6b:7a:0a,9318,-26,3991,192.48,82.44,397,768207,797144
f0:91:27:6b:7a:0a,9321,-29,3992,192.50,82.44,251,768458,797395
f0:91:27:6b:7a:0a,9322,-33,3993,192.47,82.44,86,768544,797481
f0:91:27:6b:7a:0a,9323,-26,3994,192.44,82.44,81,768625,797562
f0:91:27:6b:7a:0a,9329,-28,3995,192.52,82.44,487,769112,798049
f0:91:27:6b:7a:0a,9330,-29,3996,192.49,82.44,79,769191,798128
f0:91:27:6b:7a:0a,9331,-33,3997,192.46,82.44,80,769271,798208
f0:91:27:6b:7a:0a,9333,-29,3998,192.45,82.44,154,769425,798362
f0:91:27:6b:7a:0a,9340,-29,3999,192.54,82.44,561,769986,798923
f0:91:27:6b:7a:0a,9341,-33,4000,192.52,82.44,81,770067,799004
f0:91:27:6b:7a:0a,9346,-28,4001,192.57,82.44,404,770471,799408
f0:91:27:6b:7a:0a,9347,-32,4002,192.54,82.44,76,770547,799484
f0:91:27:6b:7a:0a,9348,-26,4003,192.51,82.44,88,770635,799572
f0:91:27:6b:7a:0a,9349,-28,4004,192.49,82.44,81,770716,799653
f0:91:27:6b:7a:0a,9350,-32,4005,192.46,82.44,82,770798,799735
f0:91:27:6b:7a:0a,9353,-32,4006,192.47,82.44,232,771030,799967
f0:91:27:6b:7a:0a,9361,-33,4007,192.58,82.43,631,771661,800598
f0:91:27:6b:7a:0a,9382,-26,4008,192.95,82.43,1677,773338,802275
f0:91:27:6b:7a:0a,9383,-28,4009,192.92,82.43,77,773415,802352
f0:91:27:6b:7a:0a,9384,-33,4010,192.89,82.43,79,773494,802431
f0:91:27:6b:7a:0a,9385,-24,4011,192.86,82.43,87,773581,802518
f0:91:27:6b:7a:0a,9386,-28,4012,192.84,82.43,76,773657,802594
f0:91:27:6b:7a:0a,9387,-33,4013,192.81,82.43,80,773737,802674
f0:91:27:6b:7a:0a,9394,-33,4014,192.90,82.42,556,774293,803230
f0:91:27:6b:7a:0a,9399,-28,4015,192.95,82.42,408,774701,803638
f0:91:27:6b:7a:0a,9400,-33,4016,192.92,82.42,76,774777,803714
f0:91:27:6b:7a:0a,9409,-30,4017,193.05,82.42,724,775501,804438
f0:91:27:6b:7a:0a,9415,-24,4018,193.13,82.42,483,775984,804921
f0:91:27:6b:7a:0a,9416,-28,4019,193.10,82.42,76,776060,804997
f0:91:27:6b:7a:0a,9419,-32,4020,193.11,82.42,247,776307,805244
f0:91:27:6b:7a:0a,9423,-28,4021,193.15,82.42,334,776641,805578
f0:91:27:6b:7a:0a,9424,-33,4022,193.12,82.42,80,776721,805658
f0:91:27:6b:7a:0a,9428,-26,4023,193.15,82.42,326,777047,805984
f0:91:27:6b:7a:0a,9431,-26,4024,193.16,82.42,237,777284,806221
f0:91:27:6b:7a:0a,9432,-28,4025,193.13,82.42,78,777362,806299
f0:91:27:6b:7a:0a,9433,-27,4026,193.11,82.42,89,777451,806388
f0:91:27:6b:7a:0a,9435,-31,4027,193.10,82.42,156,777607,806544
f0:91:27:6b:7a:0a,9438,-29,4028,193.11,82.42,238,777845,806782
f0:91:27:6b:7a:0a,9479,-26,4029,193.88,82.41,3315,781160,810097
f0:91:27:6b:7a:0a,9482,-27,4030,193.89,82.41,231,781391,810328
f0:91:27:6b:7a:0a,9492,-24,4031,194.04,82.41,800,782191,811128
f0:91:27:6b:7a:0a,9494,-33,4032,194.04,82.40,162,782353,811290
f0:91:27:6b:7a:0a,9495,-27,4033,194.01,82.40,77,782430,811367
f0:91:27:6b:7a:0a,9497,-28,4034,194.00,82.40,155,782585,811522
f0:91:27:6b:7a:0a,9500,-28,4035,194.01,82.40,241,782826,811763
f0:91:27:6b:7a:0a,9501,-33,4036,193.98,82.40,84,782910,811847
f0:91:27:6b:7a:0a,9502,-29,4037,193.95,82.40,84,782994,811931
f0:91:27:6b:7a:0a,9503,-28,4038,193.93,82.40,77,783071,812008
f0:91:27:6b:7a:0a,9504,-33,4039,193.90,82.40,79,783150,812087
f0:91:27:6b:7a:0a,9506,-31,4040,193.89,82.40,168,783318,812255
f0:91:27:6b:7a:0a,9508,-29,4041,193.88,82.40,159,783477,812414
f0:91:27:6b:7a:0a,9510,-33,4042,193.87,82.40,153,783630,812567
f0:91:27:6b:7a:0a,9511,-27,4043,193.84,82.40,77,783707,812644
f0:91:27:6b:7a:0a,9513,-29,4044,193.83,82.40,158,783865,812802
f0:91:27:6b:7a:0a,9514,-33,4045,193.81,82.40,80,783945,812882
f0:91:27:6b:7a:0a,9525,-33,4046,193.97,82.40,870,784815,813752
f0:91:27:6b:7a:0a,9530,-29,4047,194.03,82.39,407,785222,814159
f0:91:27:6b:7a:0a,9531,-33,4048,194.00,82.39,81,785303,814240
f0:91:27:6b:7a:0a,9535,-29,4049,194.03,82.39,320,785623,814560
f0:91:27:6b:7a:0a,9537,-27,4050,194.02,82.39,162,785785,814722
f0:91:27:6b:7a:0a,9538,-27,4051,193.99,82.39,70,785855,814792
f0:91:27:6b:7a:0a,9539,-29,4052,193.96,82.39,81,785936,814873
f0:91:27:6b:7a:0a,9540,-27,4053,193.94,82.39,90,786026,814963
f0:91:27:6b:7a:0a,9541,-27,4054,193.91,82.39,76,786102,815039
f0:91:27:6b:7a:0a,9545,-26,4055,193.94,82.39,313,786415,815352
f0:91:27:6b:7a:0a,9548,-26,4056,193.95,82.39,238,786653,815590
f0:91:27:6b:7a:0a,9549,-31,4057,193.92,82.39,74,786727,815664
f0:91:27:6b:7a:0a,9552,-31,4058,193.93,82.39,245,786972,815909
f0:91:27:6b:7a:0a,9554,-29,4059,193.92,82.39,158,787130,816067
f0:91:27:6b:7a:0a,9555,-31,4060,193.89,82.39,78,787208,816145
f0:91:27:6b:7a:0a,9556,-24,4061,193.87,82.39,80,787288,816225
f0:91:27:6b:7a:0a,9557,-29,4062,193.84,82.39,75,787363,816300
f0:91:27:6b:7a:0a,9559,-27,4063,193.83,82.39,161,787524,816461
f0:91:27:6b:7a:0a,9560,-29,4064,193.80,82.38,75,787599,816536
f0:91:27:6b:7a:0a,9561,-26,4065,193.77,82.39,87,787686,816623
f0:91:27:6b:7a:0a,9563,-29,4066,193.76,82.38,160,787846,816783
f0:91:27:6b:7a:0a,9566,-31,4067,193.78,82.38,245,788091,817028
f0:91:27:6b:7a:0a,9577,-32,4068,193.94,82.38,865,788956,817893
f0:91:27:6b:7a:0a,9578,-27,4069,193.92,82.38,86,789042,817979
f0:91:27:6b:7a:0a,9580,-32,4070,193.91,82.38,159,789201,818138
f0:91:27:6b:7a:0a,9583,-26,4071,193.92,82.38,238,789439,818376
f0:91:27:6b:7a:0a,9584,-32,4072,193.89,82.38,75,789514,818451
f0:91:27:6b:7a:0a,9597,-32,4073,194.09,82.37,1030,790544,819481
f0:91:27:6b:7a:0a,9598,-27,4074,194.07,82.37,84,790628,819565
f0:91:27:6b:7a:0a,9601,-27,4075,194.08,82.37,238,790866,819803
f0:91:27:6b:7a:0a,9602,-29,4076,194.05,82.37,79,790945,819882
f0:91:27:6b:7a:0a,9603,-32,4077,194.02,82.37,78,791023,819960
f0:91:27:6b:7a:0a,9605,-29,4078,194.01,82.37,153,791176,820113
f0:91:27:6b:7a:0a,9606,-32,4079,193.98,82.37,83,791259,820196
f0:91:27:6b:7a:0a,9607,-26,4080,193.95,82.37,77,791336,820273
f0:91:27:6b:7a:0a,9609,-32,4081,193.95,82.37,155,791491,820428
f0:91:27:6b:7a:0a,9610,-26,4082,193.92,82.37,86,791577,820514
f0:91:27:6b:7a:0a,9611,-26,4083,193.89,82.37,86,791663,820600
f0:91:27:6b:7a:0a,9617,-24,4084,193.96,82.37,478,792141,821078
f0:91:27:6b:7a:0a,9620,-26,4085,193.97,82.37,242,792383,821320
f0:91:27:6b:7a:0a,9621,-29,4086,193.95,82.37,81,792464,821401
f0:91:27:6b:7a:0a,9622,-33,4087,193.92,82.37,78,792542,821479
f0:91:27:6b:7a:0a,9623,-26,4088,193.89,82.37,85,792627,821564
f0:91:27:6b:7a:0a,9625,-32,4089,193.88,82.37,161,792788,821725
f0:91:27:6b:7a:0a,9626,-26,4090,193.86,82.37,81,792869,821806
f0:91:27:6b:7a:0a,9627,-26,4091,193.83,82.37,77,792946,821883
f0:91:27:6b:7a:0a,9628,-33,4092,193.80,82.37,79,793025,821962
f0:91:27:6b:7a:0a,9629,-27,4093,193.77,82.37,76,793101,822038
f0:91:27:6b:7a:0a,9630,-33,4094,193.74,82.37,84,793185,822122
f0:91:27:6b:7a:0a,9631,-27,4095,193.72,82.37,79,793264,822201
f0:91:27:6b:7a:0a,9632,-31,4096,193.69,82.37,88,793352,822289
f0:91:27:6b:7a:0a,9634,-29,4097,193.68,82.37,161,793513,822450
f0:91:27:6b:7a:0a,9636,-24,4098,193.67,82.36,154,793667,822604
f0:91:27:6b:7a:0a,9640,-32,4099,193.70,82.36,328,793995,822932
f0:91:27:6b:7a:0a,9641,-26,4100,193.68,82.36,82,794077,823014
f0:91:27:6b:7a:0a,9643,-32,4101,193.67,82.36,158,794235,823172
f0:91:27:6b:7a:0a,9646,-33,4102,193.68,82.36,234,794469,823406
f0:91:27:6b:7a:0a,9654,-27,4103,193.78,82.36,628,795097,824034
f0:91:27:6b:7a:0a,9655,-28,4104,193.76,82.36,83,795180,824117
f0:91:27:6b:7a:0a,9660,-32,4105,193.81,82.36,404,795584,824521
f0:91:27:6b:7a:0a,9667,-29,4106,193.90,82.36,558,796142,825079
f0:91:27:6b:7a:0a,9670,-27,4107,193.91,82.35,230,796372,825309
f0:91:27:6b:7a:0a,9671,-29,4108,193.88,82.35,79,796451,825388
f0:91:27:6b:7a:0a,9672,-31,4109,193.85,82.35,79,796530,825467
f0:91:27:6b:7a:0a,9678,-29,4110,193.92,82.35,466,796996,825933
f0:91:27:6b:7a:0a,9679,-32,4111,193.89,82.35,83,797079,826016
f0:91:27:6b:7a:0a,9695,-28,4112,194.15,82.35,1274,798353,827290
f0:91:27:6b:7a:0a,9696,-33,4113,194.12,82.35,76,798429,827366
f0:91:27:6b:7a:0a,9697,-33,4114,194.10,82.35,82,798511,827448
f0:91:27:6b:7a:0a,9698,-26,4115,194.07,82.35,78,798589,827526
f0:91:27:6b:7a:0a,9715,-30,4116,194.36,82.34,1381,799970,828907
f0:91:27:6b:7a:0a,9716,-32,4117,194.33,82.34,80,800050,828987
f0:91:27:6b:7a:0a,9718,-29,4118,194.32,82.34,153,800203,829140
f0:91:27:6b:7a:0a,9719,-32,4119,194.29,82.34,85,800288,829225
f0:91:27:6b:7a:0a,9722,-33,4120,194.30,82.34,246,800534,829471
f0:91:27:6b:7a:0a,9723,-24,4121,194.28,82.34,79,800613,829550
f0:91:27:6b:7a:0a,9725,-29,4122,194.27,82.34,167,800780,829717
f0:91:27:6b:7a:0a,9726,-31,4123,194.24,82.34,88,800868,829805
f0:91:27:6b:7a:0a,9728,-33,4124,194.24,82.34,175,801043,829980
f0:91:27:6b:7a:0a,9729,-29,4125,194.21,82.35,92,801135,830072
f0:91:27:6b:7a:0a,9730,-33,4126,194.19,82.35,93,801228,830165
f0:91:27:6b:7a:0a,9731,-26,4127,194.17,82.35,96,801324,830261
f0:91:27:6b:7a:0a,9732,-29,4128,194.14,82.35,84,801408,830345
f0:91:27:6b:7a:0a,9735,-28,4129,194.16,82.35,271,801679,830616
f0:91:27:6b:7a:0a,9745,-27,4130,194.34,82.36,942,802621,831558
f0:91:27:6b:7a:0a,9752,-33,4131,194.45,82.37,641,803262,832199
f0:91:27:6b:7a:0a,9753,-32,4132,194.42,82.37,101,803363,832300
f0:91:27:6b:7a:0a,9754,-29,4133,194.40,82.37,93,803456,832393
f0:91:27:6b:7a:0a,9756,-27,4134,194.40,82.37,191,803647,832584
f0:91:27:6b:7a:0a,9759,-31,4135,194.42,82.38,279,803926,832863
f0:91:27:6b:7a:0a,9761,-26,4136,194.42,82.38,182,804108,833045
f0:91:27:6b:7a:0a,9762,-32,4137,194.39,82.38,92,804200,833137
f0:91:27:6b:7a:0a,9763,-26,4138,194.37,82.38,90,804290,833227
f0:91:27:6b:7a:0a,9764,-25,4139,194.34,82.38,95,804385,833322
f0:91:27:6b:7a:0a,9765,-24,4140,194.32,82.39,105,804490,833427
f0:91:27:6b:7a:0a,9767,-26,4141,194.32,82.39,174,804664,833601
f0:91:27:6b:7a:0a,9769,-29,4142,194.32,82.39,194,804858,833795
f0:91:27:6b:7a:0a,9770,-27,4143,194.29,82.39,90,804948,833885
f0:91:27:6b:7a:0a,9772,-29,4144,194.29,82.39,187,805135,834072
f0:91:27:6b:7a:0a,9773,-24,4145,194.27,82.39,100,805235,834172
f0:91:27:6b:7a:0a,9781,-24,4146,194.40,82.40,734,805969,834906
f0:91:27:6b:7a:0a,9783,-27,4147,194.39,82.40,186,806155,835092
f0:91:27:6b:7a:0a,9784,-26,4148,194.37,82.41,97,806252,835189
f0:91:27:6b:7a:0a,9786,-32,4149,194.37,82.41,187,806439,835376
f0:91:27:6b:7a:0a,9787,-33,4150,194.35,82.41,104,806543,835480
f0:91:27:6b:7a:0a,9789,-26,4151,194.34,82.41,179,806722,835659
f0:91:27:6b:7a:0a,9793,-32,4152,194.39,82.42,376,807098,836035
f0:91:27:6b:7a:0a,9794,-29,4153,194.36,82.42,91,807189,836126
f0:91:27:6b:7a:0a,9795,-28,4154,194.34,82.42,97,807286,836223
f0:91:27:6b:7a:0a,9799,-26,4155,194.38,82.42,382,807668,836605
f0:91:27:6b:7a:0a,9803,-28,4156,194.43,82.43,377,808045,836982
f0:91:27:6b:7a:0a,9810,-31,4157,194.54,82.44,653,808698,837635
f0:91:27:6b:7a:0a,9813,-33,4158,194.56,82.44,262,808960,837897
f0:91:27:6b:7a:0a,9814,-26,4159,194.53,82.44,97,809057,837994
f0:91:27:6b:7a:0a,9864,-32,4160,195.57,82.48,4531,813588,842525
f0:91:27:6b:7a:0a,9865,-26,4161,195.55,82.48,79,813667,842604
f0:91:27:6b:7a:0a,9867,-26,4162,195.54,82.48,172,813839,842776
f0:91:27:6b:7a:0a,9869,-26,4163,195.53,82.48,171,814010,842947
f0:91:27:6b:7a:0a,9870,-32,4164,195.51,82.48,88,814098,843035
f0:91:27:6b:7a:0a,9872,-32,4165,195.50,82.48,176,814274,843211
f0:91:27:6b:7a:0a,9878,-27,4166,195.58,82.48,499,814773,843710
f0:91:27:6b:7a:0a,9879,-28,4167,195.55,82.48,91,814864,843801
f0:91:27:6b:7a:0a,9880,-27,4168,195.53,82.48,85,814949,843886
f0:91:27:6b:7a:0a,9883,-26,4169,195.54,82.49,258,815207,844144
f0:91:27:6b:7a:0a,9886,-32,4170,195.55,82.49,247,815454,844391
f0:91:27:6b:7a:0a,9907,-29,4171,195.93,82.49,1781,817235,846172
f0:91:27:6b:7a:0a,9910,-32,4172,195.95,82.49,256,817491,846428
f0:91:27:6b:7a:0a,9920,-27,4173,196.10,82.49,851,818342,847279
f0:91:27:6b:7a:0a,9921,-28,4174,196.08,82.49,80,818422,847359
f0:91:27:6b:7a:0a,9923,-27,4175,196.07,82.49,164,818586,847523
f0:91:27:6b:7a:0a,9930,-24,4176,196.15,82.49,554,819140,848077
f0:91:27:6b:7a:0a,9931,-29,4177,196.13,82.49,86,819226,848163
f0:91:27:6b:7a:0a,9948,-26,4178,196.40,82.49,1336,820562,849499
f0:91:27:6b:7a:0a,9956,-33,4179,196.50,82.48,622,821184,850121
f0:91:27:6b:7a:0a,9957,-26,4180,196.48,82.48,84,821268,850205
f0:91:27:6b:7a:0a,9959,-29,4181,196.46,82.48,152,821420,850357
f0:91:27:6b:7a:0a,9960,-31,4182,196.44,82.48,79,821499,850436
f0:91:27:6b:7a:0a,9966,-31,4183,196.50,82.48,474,821973,850910
f0:91:27:6b:7a:0a,9967,-27,4184,196.48,82.48,83,822056,850993
f0:91:27:6b:7a:0a,9968,-27,4185,196.45,82.48,74,822130,851067
f0:91:27:6b:7a:0a,9969,-29,4186,196.42,82.48,78,822208,851145
f0:91:27:6b:7a:0a,9970,-31,4187,196.39,82.48,75,822283,851220
f0:91:27:6b:7a:0a,9971,-27,4188,196.36,82.48,84,822367,851304
f0:91:27:6b:7a:0a,9972,-29,4189,196.33,82.47,73,822440,851377
f0:91:27:6b:7a:0a,9986,-28,4190,196.55,82.47,1104,823544,852481
f0:91:27:6b:7a:0a,9990,-33,4191,196.58,82.47,315,823859,852796
f0:91:27:6b:7a:0a,9992,-26,4192,196.57,82.47,159,824018,852955
f0:91:27:6b:7a:0a,9995,-24,4193,196.58,82.47,243,824261,853198
f0:91:27:6b:7a:0a,9996,-28,4194,196.55,82.47,83,824344,853281
f0:91:27:6b:7a:0a,10000,-29,4195,196.58,82.47,311,824655,853592
f0:91:27:6b:7a:0a,10001,-26,4196,196.56,82.47,92,824747,853684
f0:91:27:6b:7a:0a,10002,-26,4197,196.53,82.47,77,824824,853761
f0:91:27:6b:7a:0a,10003,-28,4198,196.50,82.47,78,824902,853839
f0:91:27:6b:7a:0a,10011,-33,4199,196.60,82.46,629,825531,854468
f0:91:27:6b:7a:0a,10015,-28,4200,196.63,82.46,313,825844,854781
f0:91:27:6b:7a:0a,10055,-27,4201,197.34,82.45,3189,829033,857970
f0:91:27:6b:7a:0a,10064,-32,4202,197.46,82.45,702,829735,858672
f0:91:27:6b:7a:0a,10078,-28,4203,197.68,82.44,1123,830858,859795
f0:91:27:6b:7a:0a,10079,-30,4204,197.65,82.44,81,830939,859876
f0:91:27:6b:7a:0a,10089,-26,4205,197.80,82.44,821,831760,860697
f0:91:27:6b:7a:0a,10091,-27,4206,197.79,82.44,165,831925,860862
f0:91:27:6b:7a:0a,10105,-27,4207,198.01,82.44,1107,833032,861969
f0:91:27:6b:7a:0a,10106,-28,4208,197.98,82.44,82,833114,862051
f0:91:27:6b:7a:0a,10107,-33,4209,197.95,82.44,73,833187,862124
f0:91:27:6b:7a:0a,10108,-27,4210,197.93,82.44,83,833270,862207
f0:91:27:6b:7a:0a,10110,-26,4211,197.92,82.44,164,833434,862371
f0:91:27:6b:7a:0a,10173,-28,4212,199.07,82.42,5065,838499,867436
f0:91:27:6b:7a:0a,10174,-33,4213,199.04,82.42,75,838574,867511
f0:91:27:6b:7a:0a,10175,-27,4214,199.01,82.42,73,838647,867584
f0:91:27:6b:7a:0a,10176,-26,4215,198.99,82.42,91,838738,867675
f0:91:27:6b:7a:0a,10177,-33,4216,198.96,82.42,75,838813,867750
f0:91:27:6b:7a:0a,10178,-26,4217,198.93,82.42,78,838891,867828
f0:91:27:6b:7a:0a,10179,-29,4218,198.90,82.42,86,838977,867914
f0:91:27:6b:7a:0a,10180,-33,4219,198.87,82.42,76,839053,867990
f0:91:27:6b:7a:0a,10181,-26,4220,198.85,82.42,80,839133,868070
f0:91:27:6b:7a:0a,10182,-29,4221,198.82,82.42,81,839214,868151
f0:91:27:6b:7a:0a,10188,-26,4222,198.89,82.42,511,839725,868662
f0:91:27:6b:7a:0a,10189,-28,4223,198.87,82.42,83,839808,868745
f0:91:27:6b:7a:0a,10193,-32,4224,198.89,82.42,323,840131,869068
f0:91:27:6b:7a:0a,10194,-24,4225,198.87,82.42,75,840206,869143
f0:91:27:6b:7a:0a,10201,-32,4226,198.95,82.42,558,840764,869701
f0:91:27:6b:7a:0a,10207,-29,4227,199.02,82.42,485,841249,870186
f0:91:27:6b:7a:0a,10208,-32,4228,198.99,82.42,86,841335,870272
f0:91:27:6b:7a:0a,10215,-32,4229,199.07,82.42,552,841887,870824
f0:91:27:6b:7a:0a,10229,-32,4230,199.29,82.41,1103,842990,871927
f0:91:27:6b:7a:0a,10231,-26,4231,199.28,82.41,157,843147,872084
f0:91:27:6b:7a:0a,10232,-28,4232,199.25,82.41,79,843226,872163
f0:91:27:6b:7a:0a,10233,-27,4233,199.22,82.41,90,843316,872253
f0:91:27:6b:7a:0a,10236,-27,4234,199.23,82.41,233,843549,872486
f0:91:27:6b:7a:0a,10251,-31,4235,199.47,82.41,1204,844753,873690
f0:91:27:6b:7a:0a,10266,-28,4236,199.71,82.40,1202,845955,874892
f0:91:27:6b:7a:0a,10284,-27,4237,200.00,82.40,1425,847380,876317
f0:91:27:6b:7a:0a,10285,-28,4238,199.97,82.40,79,847459,876396
f0:91:27:6b:7a:0a,10287,-24,4239,199.96,82.40,157,847616,876553
f0:91:27:6b:7a:0a,10290,-27,4240,199.97,82.40,244,847860,876797
f0:91:27:6b:7a:0a,10299,-27,4241,200.09,82.40,728,848588,877525
f0:91:27:6b:7a:0a,10302,-32,4242,200.10,82.39,231,848819,877756
f0:91:27:6b:7a:0a,10303,-24,4243,200.07,82.39,82,848901,877838
f0:91:27:6b:7a:0a,10313,-27,4244,200.21,82.39,792,849693,878630
f0:91:27:6b:7a:0a,10329,-33,4245,200.47,82.39,1290,850983,879920
f0:91:27:6b:7a:0a,10337,-27,4246,200.57,82.39,646,851629,880566
f0:91:27:6b:7a:0a,10338,-29,4247,200.54,82.39,76,851705,880642
f0:91:27:6b:7a:0a,10340,-32,4248,200.53,82.39,160,851865,880802
f0:91:27:6b:7a:0a,10347,-32,4249,200.62,82.38,554,852419,881356
f0:91:27:6b:7a:0a,10351,-27,4250,200.64,82.38,318,852737,881674
f0:91:27:6b:7a:0a,10353,-32,4251,200.64,82.38,167,852904,881841
f0:91:27:6b:7a:0a,10354,-24,4252,200.61,82.38,74,852978,881915
f0:91:27:6b:7a:0a,10357,-27,4253,200.62,82.38,246,853224,882161
f0:91:27:6b:7a:0a,10371,-26,4254,200.83,82.38,1110,854334,883271
f0:91:27:6b:7a:0a,10376,-26,4255,200.87,82.37,387,854721,883658
f0:91:27:6b:7a:0a,10379,-33,4256,200.89,82.38,250,854971,883908
f0:91:27:6b:7a:0a,10380,-32,4257,200.86,82.37,75,855046,883983
f0:91:27:6b:7a:0a,10386,-24,4258,200.92,82.37,466,855512,884449
f0:91:27:6b:7a:0a,10387,-26,4259,200.89,82.37,76,855588,884525
f0:91:27:6b:7a:0a,10388,-28,4260,200.86,82.37,79,855667,884604
f0:91:27:6b:7a:0a,10389,-32,4261,200.83,82.37,84,855751,884688
f0:91:27:6b:7a:0a,10391,-26,4262,200.82,82.37,149,855900,884837
f0:91:27:6b:7a:0a,10395,-27,4263,200.85,82.37,330,856230,885167
f0:91:27:6b:7a:0a,10396,-29,4264,200.82,82.37,76,856306,885243
f0:91:27:6b:7a:0a,10397,-33,4265,200.79,82.37,77,856383,885320
f0:91:27:6b:7a:0a,10398,-31,4266,200.77,82.37,82,856465,885402
f0:91:27:6b:7a:0a,10402,-27,4267,200.79,82.37,309,856774,885711
