address,packet_id,rssi,count,rx_speed,tx_speed,last_time_elapsed,total_time_elapsed,timestamp
f0:91:27:6b:7a:0a,1,-34,1,78.00,78.00,28315,78,28315
f0:91:27:6b:7a:0a,2,-38,2,75.50,75.50,73,151,28388
f0:91:27:6b:7a:0a,3,-33,3,78.67,78.67,85,236,28473
f0:91:27:6b:7a:0a,4,-34,4,78.50,78.50,78,314,28551
f0:91:27:6b:7a:0a,7,-33,5,109.00,77.86,231,545,28782
f0:91:27:6b:7a:0a,8,-36,6,104.00,78.00,79,624,28861
f0:91:27:6b:7a:0a,9,-39,7,100.43,78.11,79,703,28940
f0:91:27:6b:7a:0a,11,-34,8,108.25,78.73,163,866,29103
f0:91:27:6b:7a:0a,12,-32,9,105.44,79.08,83,949,29186
f0:91:27:6b:7a:0a,14,-38,10,111.00,79.29,161,1110,29347
f0:91:27:6b:7a:0a,15,-38,11,107.36,78.73,71,1181,29418
f0:91:27:6b:7a:0a,16,-34,12,106.08,79.56,92,1273,29510
f0:91:27:6b:7a:0a,17,-37,13,103.85,79.41,77,1350,29587
f0:91:27:6b:7a:0a,22,-31,14,124.79,79.41,397,1747,29984
f0:91:27:6b:7a:0a,23,-32,15,122.20,79.70,86,1833,30070
f0:91:27:6b:7a:0a,24,-37,16,119.81,79.88,84,1917,30154
f0:91:27:6b:7a:0a,25,-30,17,117.29,79.76,77,1994,30231
f0:91:27:6b:7a:0a,26,-31,18,114.72,79.42,71,2065,30302
f0:91:27:6b:7a:0a,29,-31,19,121.26,79.45,239,2304,30541
f0:91:27:6b:7a:0a,31,-37,20,123.10,79.42,158,2462,30699
f0:91:27:6b:7a:0a,34,-33,21,128.67,79.47,240,2702,30939
f0:91:27:6b:7a:0a,35,-37,22,126.59,79.57,83,2785,31022
f0:91:27:6b:7a:0a,38,-31,23,131.57,79.63,241,3026,31263
f0:91:27:6b:7a:0a,39,-33,24,129.25,79.54,76,3102,31339
f0:91:27:6b:7a:0a,40,-37,25,127.52,79.70,86,3188,31425
f0:91:27:6b:7a:0a,41,-31,26,125.42,79.54,73,3261,31498
f0:91:27:6b:7a:0a,42,-31,27,123.48,79.38,73,3334,31571
f0:91:27:6b:7a:0a,44,-37,28,124.96,79.52,165,3499,31736
f0:91:27:6b:7a:0a,45,-31,29,123.24,79.42,75,3574,31811
f0:91:27:6b:7a:0a,47,-37,30,124.53,79.49,162,3736,31973
f0:91:27:6b:7a:0a,48,-29,31,122.97,79.42,76,3812,32049
f0:91:27:6b:7a:0a,49,-33,32,121.59,79.41,79,3891,32128
f0:91:27:6b:7a:0a,50,-33,33,120.06,79.24,71,3962,32199
f0:91:27:6b:7a:0a,51,-37,34,118.85,79.24,79,4041,32278
f0:91:27:6b:7a:0a,54,-33,35,122.23,79.22,237,4278,32515
f0:91:27:6b:7a:0a,55,-37,36,120.97,79.18,77,4355,32592
f0:91:27:6b:7a:0a,74,-38,37,158.08,79.04,1494,5849,34086
f0:91:27:6b:7a:0a,76,-31,38,157.92,78.96,152,6001,34238
f0:91:27:6b:7a:0a,77,-31,39,155.97,79.00,82,6083,34320
f0:91:27:6b:7a:0a,95,-31,40,187.27,78.85,1408,7491,35728
f0:91:27:6b:7a:0a,100,-32,41,192.17,78.79,388,7879,36116
f0:91:27:6b:7a:0a,101,-31,42,189.52,78.81,81,7960,36197
f0:91:27:6b:7a:0a,113,-29,43,207.23,78.86,951,8911,37148
f0:91:27:6b:7a:0a,119,-33,44,213.27,78.86,473,9384,37621
f0:91:27:6b:7a:0a,120,-36,45,210.07,78.78,69,9453,37690
f0:91:27:6b:7a:0a,121,-31,46,207.22,78.78,79,9532,37769
f0:91:27:6b:7a:0a,123,-32,47,206.21,78.80,160,9692,37929
f0:91:27:6b:7a:0a,138,-33,48,227.12,79.00,1210,10902,39139
f0:91:27:6b:7a:0a,139,-31,49,224.16,79.02,82,10984,39221
f0:91:27:6b:7a:0a,140,-31,50,221.26,79.02,79,11063,39300
f0:91:27:6b:7a:0a,141,-33,51,218.43,79.01,77,11140,39377
f0:91:27:6b:7a:0a,142,-33,52,215.79,79.02,81,11221,39458
f0:91:27:6b:7a:0a,145,-32,53,216.06,78.97,230,11451,39688
f0:91:27:6b:7a:0a,146,-37,54,213.56,78.99,81,11532,39769
f0:91:27:6b:7a:0a,147,-31,55,211.13,78.99,80,11612,39849
f0:91:27:6b:7a:0a,148,-33,56,208.68,78.96,74,11686,39923
f0:91:27:6b:7a:0a,149,-42,57,206.46,78.98,82,11768,40005
f0:91:27:6b:7a:0a,150,-33,58,204.28,78.99,80,11848,40085
f0:91:27:6b:7a:0a,151,-33,59,202.02,78.93,71,11919,40156
f0:91:27:6b:7a:0a,153,-38,60,201.28,78.93,158,12077,40314
f0:91:27:6b:7a:0a,155,-32,61,200.59,78.94,159,12236,40473
f0:91:27:6b:7a:0a,156,-34,62,198.50,78.89,71,12307,40544
f0:91:27:6b:7a:0a,157,-39,63,196.60,78.89,79,12386,40623
f0:91:27:6b:7a:0a,159,-32,64,196.05,78.91,161,12547,40784
f0:91:27:6b:7a:0a,160,-32,65,194.09,78.85,69,12616,40853
f0:91:27:6b:7a:0a,161,-34,66,192.35,78.85,79,12695,40932
f0:91:27:6b:7a:0a,164,-33,67,193.09,78.88,242,12937,41174
f0:91:27:6b:7a:0a,165,-42,68,191.43,78.89,80,13017,41254
f0:91:27:6b:7a:0a,166,-32,69,189.83,78.90,81,13098,41335
f0:91:27:6b:7a:0a,167,-32,70,188.20,78.89,76,13174,41411
f0:91:27:6b:7a:0a,171,-32,71,190.06,78.91,320,13494,41731
f0:91:27:6b:7a:0a,173,-38,72,189.67,78.94,162,13656,41893
f0:91:27:6b:7a:0a,174,-32,73,188.14,78.93,78,13734,41971
f0:91:27:6b:7a:0a,178,-32,74,189.84,78.92,314,14048,42285
f0:91:27:6b:7a:0a,180,-32,75,189.55,78.98,168,14216,42453
f0:91:27:6b:7a:0a,181,-32,76,188.13,78.99,82,14298,42535
f0:91:27:6b:7a:0a,183,-32,77,187.81,79.02,163,14461,42698
f0:91:27:6b:7a:0a,185,-41,78,187.49,79.05,163,14624,42861
f0:91:27:6b:7a:0a,186,-32,79,186.10,79.04,78,14702,42939
f0:91:27:6b:7a:0a,187,-33,80,184.73,79.03,76,14778,43015
f0:91:27:6b:7a:0a,192,-46,81,187.41,79.06,402,15180,43417
f0:91:27:6b:7a:0a,193,-32,82,186.02,79.04,74,15254,43491
f0:91:27:6b:7a:0a,195,-33,83,185.76,79.07,164,15418,43655
f0:91:27:6b:7a:0a,197,-30,84,185.43,79.07,158,15576,43813
f0:91:27:6b:7a:0a,203,-32,85,188.88,79.09,479,16055,44292
f0:91:27:6b:7a:0a,204,-33,86,187.57,79.07,76,16131,44368
f0:91:27:6b:7a:0a,206,-32,87,187.29,79.10,163,16294,44531
f0:91:27:6b:7a:0a,207,-33,88,186.00,79.07,74,16368,44605
f0:91:27:6b:7a:0a,213,-34,89,189.37,79.13,486,16854,45091
f0:91:27:6b:7a:0a,214,-38,90,188.14,79.13,79,16933,45170
f0:91:27:6b:7a:0a,220,-32,91,191.27,79.12,473,17406,45643
f0:91:27:6b:7a:0a,221,-44,92,190.07,79.12,80,17486,45723
f0:91:27:6b:7a:0a,223,-33,93,189.68,79.10,154,17640,45877
f0:91:27:6b:7a:0a,225,-31,94,189.33,79.10,157,17797,46034
f0:91:27:6b:7a:0a,227,-38,95,188.99,79.09,157,17954,46191
f0:91:27:6b:7a:0a,228,-32,96,187.85,79.10,80,18034,46271
f0:91:27:6b:7a:0a,229,-32,97,186.71,79.09,77,18111,46348
f0:91:27:6b:7a:0a,234,-34,98,188.80,79.07,391,18502,46739
f0:91:27:6b:7a:0a,237,-32,99,189.30,79.08,239,18741,46978
f0:91:27:6b:7a:0a,238,-34,100,188.14,79.05,73,18814,47051
f0:91:27:6b:7a:0a,240,-37,101,187.80,79.03,154,18968,47205
f0:91:27:6b:7a:0a,243,-34,102,188.30,79.04,239,19207,47444
f0:91:27:6b:7a:0a,250,-30,103,192.00,79.10,569,19776,48013
f0:91:27:6b:7a:0a,251,-32,104,190.85,79.08,72,19848,48085
f0:91:27:6b:7a:0a,252,-33,105,189.79,79.08,80,19928,48165
f0:91:27:6b:7a:0a,253,-37,106,188.73,79.07,77,20005,48242
f0:91:27:6b:7a:0a,254,-37,107,187.74,79.09,83,20088,48325
f0:91:27:6b:7a:0a,255,-30,108,186.69,79.07,74,20162,48399
f0:91:27:6b:7a:0a,260,-32,109,188.62,79.08,398,20560,48797
f0:91:27:6b:7a:0a,265,-32,110,190.50,79.08,395,20955,49192
f0:91:27:6b:7a:0a,267,-30,111,190.28,79.10,166,21121,49358
f0:91:27:6b:7a:0a,268,-33,112,189.32,79.12,83,21204,49441
f0:91:27:6b:7a:0a,269,-33,113,188.40,79.14,85,21289,49526
f0:91:27:6b:7a:0a,270,-37,114,187.37,79.11,71,21360,49597
f0:91:27:6b:7a:0a,273,-32,115,187.79,79.11,236,21596,49833
f0:91:27:6b:7a:0a,275,-34,116,187.53,79.11,158,21754,49991
f0:91:27:6b:7a:0a,277,-37,117,187.27,79.10,157,21911,50148
f0:91:27:6b:7a:0a,279,-33,118,186.97,79.08,152,22063,50300
f0:91:27:6b:7a:0a,280,-40,119,186.10,79.09,83,22146,50383
f0:91:27:6b:7a:0a,281,-32,120,185.21,79.09,79,22225,50462
f0:91:27:6b:7a:0a,283,-32,121,184.98,79.09,157,22382,50619
f0:91:27:6b:7a:0a,285,-42,122,184.78,79.10,161,22543,50780
f0:91:27:6b:7a:0a,286,-33,123,183.98,79.13,87,22630,50867
f0:91:27:6b:7a:0a,288,-42,124,183.77,79.12,157,22787,51024
f0:91:27:6b:7a:0a,290,-32,125,183.65,79.16,169,22956,51193
f0:91:27:6b:7a:0a,291,-38,126,182.83,79.16,80,23036,51273
f0:91:27:6b:7a:0a,295,-33,127,183.87,79.16,315,23351,51588
f0:91:27:6b:7a:0a,296,-38,128,183.08,79.17,83,23434,51671
f0:91:27:6b:7a:0a,298,-31,129,182.82,79.14,150,23584,51821
f0:91:27:6b:7a:0a,299,-32,130,182.08,79.17,87,23671,51908
f0:91:27:6b:7a:0a,300,-33,131,181.27,79.16,76,23747,51984
f0:91:27:6b:7a:0a,301,-38,132,180.47,79.14,75,23822,52059
f0:91:27:6b:7a:0a,302,-32,133,179.75,79.16,85,23907,52144
f0:91:27:6b:7a:0a,304,-33,134,179.55,79.14,153,24060,52297
f0:91:27:6b:7a:0a,305,-38,135,178.77,79.13,74,24134,52371
f0:91:27:6b:7a:0a,306,-40,136,178.07,79.14,84,24218,52455
f0:91:27:6b:7a:0a,308,-32,137,177.90,79.13,154,24372,52609
f0:91:27:6b:7a:0a,310,-33,138,177.78,79.14,162,24534,52771
f0:91:27:6b:7a:0a,311,-30,139,177.14,79.17,88,24622,52859
f0:91:27:6b:7a:0a,314,-38,140,177.56,79.17,236,24858,53095
f0:91:27:6b:7a:0a,315,-32,141,176.85,79.16,78,24936,53173
f0:91:27:6b:7a:0a,316,-32,142,176.14,79.15,76,25012,53249
f0:91:27:6b:7a:0a,317,-33,143,175.48,79.16,82,25094,53331
f0:91:27:6b:7a:0a,318,-37,144,174.81,79.16,79,25173,53410
f0:91:27:6b:7a:0a,320,-32,145,174.72,79.17,162,25335,53572
f0:91:27:6b:7a:0a,321,-33,146,174.04,79.16,75,25410,53647
f0:91:27:6b:7a:0a,323,-32,147,173.98,79.18,165,25575,53812
f0:91:27:6b:7a:0a,324,-33,148,173.32,79.17,77,25652,53889
f0:91:27:6b:7a:0a,325,-32,149,172.74,79.20,87,25739,53976
f0:91:27:6b:7a:0a,326,-32,150,172.11,79.19,77,25816,54053
f0:91:27:6b:7a:0a,327,-38,151,171.52,79.20,83,25899,54136
f0:91:27:6b:7a:0a,328,-32,152,170.91,79.20,79,25978,54215
f0:91:27:6b:7a:0a,330,-38,153,170.83,79.20,159,26137,54374
f0:91:27:6b:7a:0a,331,-32,154,170.25,79.21,81,26218,54455
f0:91:27:6b:7a:0a,332,-33,155,169.67,79.21,81,26299,54536
f0:91:27:6b:7a:0a,333,-38,156,169.05,79.20,73,26372,54609
f0:91:27:6b:7a:0a,336,-33,157,169.52,79.21,243,26615,54852
f0:91:27:6b:7a:0a,339,-30,158,169.94,79.21,236,26851,55088
f0:91:27:6b:7a:0a,340,-33,159,169.36,79.20,77,26928,55165
f0:91:27:6b:7a:0a,341,-38,160,168.77,79.19,75,27003,55240
f0:91:27:6b:7a:0a,346,-33,161,170.27,79.23,411,27414,55651
f0:91:27:6b:7a:0a,347,-38,162,169.76,79.25,87,27501,55738
f0:91:27:6b:7a:0a,348,-32,163,169.15,79.23,71,27572,55809
f0:91:27:6b:7a:0a,349,-34,164,168.61,79.23,80,27652,55889
f0:91:27:6b:7a:0a,350,-38,165,168.07,79.23,79,27731,55968
f0:91:27:6b:7a:0a,351,-32,166,167.56,79.25,84,27815,56052
f0:91:27:6b:7a:0a,353,-37,167,167.49,79.24,155,27970,56207
f0:91:27:6b:7a:0a,356,-32,168,167.88,79.22,234,28204,56441
f0:91:27:6b:7a:0a,358,-31,169,167.88,79.25,168,28372,56609
f0:91:27:6b:7a:0a,362,-32,170,168.74,79.24,314,28686,56923
f0:91:27:6b:7a:0a,363,-34,171,168.23,79.25,81,28767,57004
f0:91:27:6b:7a:0a,365,-38,172,168.12,79.22,149,28916,57153
f0:91:27:6b:7a:0a,366,-32,173,167.60,79.22,79,28995,57232
f0:91:27:6b:7a:0a,367,-30,174,167.09,79.22,78,29073,57310
f0:91:27:6b:7a:0a,368,-33,175,166.62,79.23,85,29158,57395
f0:91:27:6b:7a:0a,369,-38,176,166.09,79.22,74,29232,57469
f0:91:27:6b:7a:0a,370,-32,177,165.64,79.24,87,29319,57556
f0:91:27:6b:7a:0a,371,-34,178,165.10,79.21,69,29388,57625
f0:91:27:6b:7a:0a,372,-34,179,164.65,79.23,85,29473,57710
f0:91:27:6b:7a:0a,373,-37,180,164.18,79.23,80,29553,57790
f0:91:27:6b:7a:0a,374,-32,181,163.72,79.24,81,29634,57871
f0:91:27:6b:7a:0a,375,-38,182,163.24,79.23,76,29710,57947
f0:91:27:6b:7a:0a,376,-30,183,162.78,79.23,79,29789,58026
f0:91:27:6b:7a:0a,378,-40,184,162.76,79.22,158,29947,58184
f0:91:27:6b:7a:0a,380,-33,185,162.77,79.24,165,30112,58349
f0:91:27:6b:7a:0a,385,-32,186,164.11,79.28,412,30524,58761
f0:91:27:6b:7a:0a,387,-33,187,164.05,79.27,153,30677,58914
f0:91:27:6b:7a:0a,389,-31,188,163.99,79.25,153,30830,59067
f0:91:27:6b:7a:0a,392,-34,189,164.46,79.29,252,31082,59319
f0:91:27:6b:7a:0a,393,-38,190,163.99,79.28,76,31158,59395
f0:91:27:6b:7a:0a,398,-34,191,165.24,79.30,402,31560,59797
f0:91:27:6b:7a:0a,403,-32,192,166.48,79.32,405,31965,60202
f0:91:27:6b:7a:0a,405,-32,193,166.42,79.31,155,32120,60357
f0:91:27:6b:7a:0a,408,-38,194,166.81,79.32,241,32361,60598
f0:91:27:6b:7a:0a,409,-32,195,166.39,79.33,85,32446,60683
f0:91:27:6b:7a:0a,411,-38,196,166.38,79.34,164,32610,60847
f0:91:27:6b:7a:0a,413,-38,197,166.35,79.35,161,32771,61008
f0:91:27:6b:7a:0a,414,-32,198,165.92,79.36,82,32853,61090
f0:91:27:6b:7a:0a,415,-32,199,165.51,79.37,84,32937,61174
f0:91:27:6b:7a:0a,420,-38,200,166.66,79.36,395,33332,61569
f0:91:27:6b:7a:0a,421,-38,201,166.20,79.35,75,33407,61644
f0:91:27:6b:7a:0a,422,-32,202,165.79,79.36,83,33490,61727
f0:91:27:6b:7a:0a,423,-33,203,165.37,79.36,81,33571,61808
f0:91:27:6b:7a:0a,424,-32,204,164.98,79.38,84,33655,61892
f0:91:27:6b:7a:0a,425,-33,205,164.55,79.37,78,33733,61970
f0:91:27:6b:7a:0a,428,-33,206,164.93,79.38,243,33976,62213
f0:91:27:6b:7a:0a,430,-32,207,164.87,79.37,152,34128,62365
f0:91:27:6b:7a:0a,431,-37,208,164.49,79.38,85,34213,62450
f0:91:27:6b:7a:0a,432,-30,209,164.09,79.38,81,34294,62531
f0:91:27:6b:7a:0a,440,-38,210,166.30,79.37,629,34923,63160
f0:91:27:6b:7a:0a,442,-33,211,166.27,79.37,159,35082,63319
f0:91:27:6b:7a:0a,443,-40,212,165.84,79.37,77,35159,63396
f0:91:27:6b:7a:0a,447,-32,213,166.60,79.39,327,35486,63723
f0:91:27:6b:7a:0a,449,-38,214,166.54,79.37,153,35639,63876
f0:91:27:6b:7a:0a,452,-33,215,166.84,79.36,231,35870,64107
f0:91:27:6b:7a:0a,457,-38,216,167.91,79.36,398,36268,64505
f0:91:27:6b:7a:0a,459,-33,217,167.88,79.37,163,36431,64668
f0:91:27:6b:7a:0a,460,-38,218,167.50,79.38,83,36514,64751
f0:91:27:6b:7a:0a,466,-42,219,168.99,79.42,494,37008,65245
f0:91:27:6b:7a:0a,467,-32,220,168.57,79.41,77,37085,65322
f0:91:27:6b:7a:0a,468,-33,221,168.17,79.41,80,37165,65402
f0:91:27:6b:7a:0a,469,-33,222,167.83,79.44,94,37259,65496
f0:91:27:6b:7a:0a,470,-36,223,167.45,79.45,82,37341,65578
f0:91:27:6b:7a:0a,471,-33,224,167.07,79.46,83,37424,65661
f0:91:27:6b:7a:0a,472,-37,225,166.69,79.46,82,37506,65743
f0:91:27:6b:7a:0a,476,-32,226,167.53,79.54,355,37861,66098
f0:91:27:6b:7a:0a,477,-33,227,167.16,79.55,85,37946,66183
f0:91:27:6b:7a:0a,480,-30,228,167.62,79.62,272,38218,66455
f0:91:27:6b:7a:0a,481,-38,229,167.29,79.65,92,38310,66547
f0:91:27:6b:7a:0a,482,-33,230,166.95,79.66,88,38398,66635
f0:91:27:6b:7a:0a,484,-38,231,167.06,79.73,193,38591,66828
f0:91:27:6b:7a:0a,485,-32,232,166.70,79.74,83,38674,66911
f0:91:27:6b:7a:0a,487,-33,233,166.75,79.78,179,38853,67090
f0:91:27:6b:7a:0a,489,-34,234,166.84,79.84,188,39041,67278
f0:91:27:6b:7a:0a,490,-32,235,166.55,79.88,99,39140,67377
f0:91:27:6b:7a:0a,491,-38,236,166.20,79.88,83,39223,67460
f0:91:27:6b:7a:0a,492,-32,237,165.86,79.90,86,39309,67546
f0:91:27:6b:7a:0a,494,-41,238,165.97,79.96,193,39502,67739
f0:91:27:6b:7a:0a,496,-38,239,166.03,80.00,179,39681,67918
f0:91:27:6b:7a:0a,497,-33,240,165.73,80.03,94,39775,68012
f0:91:27:6b:7a:0a,498,-32,241,165.44,80.06,95,39870,68107
f0:91:27:6b:7a:0a,500,-34,242,165.51,80.11,183,40053,68290
f0:91:27:6b:7a:0a,501,-33,243,165.21,80.13,92,40145,68382
f0:91:27:6b:7a:0a,503,-33,244,165.26,80.17,179,40324,68561
f0:91:27:6b:7a:0a,504,-32,245,164.98,80.20,96,40420,68657
f0:91:27:6b:7a:0a,505,-32,246,164.72,80.24,100,40520,68757
f0:91:27:6b:7a:0a,506,-34,247,164.38,80.24,83,40603,68840
f0:91:27:6b:7a:0a,507,-33,248,164.12,80.28,98,40701,68938
f0:91:27:6b:7a:0a,509,-41,249,164.20,80.33,186,40887,69124
f0:91:27:6b:7a:0a,518,-32,250,166.95,80.58,851,41738,69975
f0:91:27:6b:7a:0a,522,-38,251,167.76,80.67,370,42108,70345
f0:91:27:6b:7a:0a,523,-33,252,167.45,80.68,90,42198,70435
f0:91:27:6b:7a:0a,525,-40,253,167.51,80.72,181,42379,70616
f0:91:27:6b:7a:0a,528,-32,254,167.95,80.80,281,42660,70897
f0:91:27:6b:7a:0a,529,-32,255,167.68,80.83,99,42759,70996
f0:91:27:6b:7a:0a,530,-41,256,167.38,80.85,90,42849,71086
f0:91:27:6b:7a:0a,531,-33,257,167.08,80.86,90,42939,71176
f0:91:27:6b:7a:0a,532,-32,258,166.79,80.89,93,43032,71269
f0:91:27:6b:7a:0a,534,-33,259,166.87,80.93,187,43219,71456
f0:91:27:6b:7a:0a,535,-32,260,166.59,80.96,94,43313,71550
f0:91:27:6b:7a:0a,536,-32,261,166.31,80.98,93,43406,71643
f0:91:27:6b:7a:0a,537,-38,262,166.01,81.00,89,43495,71732
f0:91:27:6b:7a:0a,538,-33,263,165.76,81.03,101,43596,71833
f0:91:27:6b:7a:0a,539,-33,264,165.49,81.06,94,43690,71927
f0:91:27:6b:7a:0a,540,-38,265,165.22,81.08,93,43783,72020
f0:91:27:6b:7a:0a,541,-32,266,164.93,81.09,88,43871,72108
f0:91:27:6b:7a:0a,542,-43,267,164.65,81.11,91,43962,72199
f0:91:27:6b:7a:0a,543,-34,268,164.40,81.14,98,44060,72297
f0:91:27:6b:7a:0a,544,-32,269,164.13,81.16,90,44150,72387
f0:91:27:6b:7a:0a,545,-41,270,163.87,81.18,94,44244,72481
f0:91:27:6b:7a:0a,546,-33,271,163.63,81.22,100,44344,72581
f0:91:27:6b:7a:0a,547,-32,272,163.35,81.23,88,44432,72669
f0:91:27:6b:7a:0a,552,-33,273,164.49,81.35,473,44905,73142
f0:91:27:6b:7a:0a,553,-33,274,164.23,81.37,95,45000,73237
f0:91:27:6b:7a:0a,554,-38,275,163.94,81.38,83,45083,73320
f0:91:27:6b:7a:0a,557,-37,276,164.35,81.44,277,45360,73597
f0:91:27:6b:7a:0a,558,-33,277,164.09,81.46,93,45453,73690
f0:91:27:6b:7a:0a,561,-33,278,164.51,81.52,282,45735,73972
f0:91:27:6b:7a:0a,564,-33,279,164.90,81.57,272,46007,74244
f0:91:27:6b:7a:0a,569,-31,280,165.99,81.68,469,46476,74713
f0:91:27:6b:7a:0a,570,-43,281,165.73,81.70,94,46570,74807
f0:91:27:6b:7a:0a,573,-33,282,166.18,81.79,293,46863,75100
f0:91:27:6b:7a:0a,576,-33,283,166.57,81.84,277,47140,75377
f0:91:27:6b:7a:0a,577,-31,284,166.31,81.86,91,47231,75468
f0:91:27:6b:7a:0a,578,-30,285,166.07,81.89,99,47330,75567
f0:91:27:6b:7a:0a,579,-40,286,165.81,81.90,91,47421,75658
f0:91:27:6b:7a:0a,582,-38,287,166.16,81.94,268,47689,75926
f0:91:27:6b:7a:0a,583,-33,288,165.91,81.96,93,47782,76019
f0:91:27:6b:7a:0a,585,-32,289,165.97,81.99,183,47965,76202
f0:91:27:6b:7a:0a,589,-32,290,166.62,82.04,355,48320,76557
f0:91:27:6b:7a:0a,590,-42,291,166.37,82.06,95,48415,76652
f0:91:27:6b:7a:0a,591,-34,292,166.12,82.08,92,48507,76744
f0:91:27:6b:7a:0a,592,-31,293,165.87,82.09,93,48600,76837
f0:91:27:6b:7a:0a,594,-42,294,165.94,82.13,185,48785,77022
f0:91:27:6b:7a:0a,598,-34,295,166.63,82.20,370,49155,77392
f0:91:27:6b:7a:0a,599,-32,296,166.39,82.22,96,49251,77488
f0:91:27:6b:7a:0a,600,-40,297,166.13,82.23,89,49340,77577
f0:91:27:6b:7a:0a,601,-34,298,165.88,82.25,93,49433,77670
f0:91:27:6b:7a:0a,602,-44,299,165.62,82.26,86,49519,77756
f0:91:27:6b:7a:0a,603,-34,300,165.37,82.27,91,49610,77847
f0:91:27:6b:7a:0a,605,-43,301,165.39,82.28,172,49782,78019
f0:91:27:6b:7a:0a,606,-30,302,165.15,82.30,94,49876,78113
f0:91:27:6b:7a:0a,608,-32,303,165.16,82.31,166,50042,78279
f0:91:27:6b:7a:0a,609,-33,304,164.88,82.31,82,50124,78361
f0:91:27:6b:7a:0a,610,-37,305,164.62,82.31,86,50210,78447
f0:91:27:6b:7a:0a,611,-33,306,164.35,82.31,81,50291,78528
f0:91:27:6b:7a:0a,612,-37,307,164.08,82.31,83,50374,78611
f0:91:27:6b:7a:0a,615,-38,308,164.34,82.30,242,50616,78853
f0:91:27:6b:7a:0a,616,-33,309,164.07,82.30,83,50699,78936
f0:91:27:6b:7a:0a,621,-32,310,164.91,82.32,424,51123,79360
f0:91:27:6b:7a:0a,622,-33,311,164.62,82.31,74,51197,79434
f0:91:27:6b:7a:0a,623,-38,312,164.38,82.32,89,51286,79523
f0:91:27:6b:7a:0a,625,-40,313,164.39,82.33,169,51455,79692
f0:91:27:6b:7a:0a,626,-34,314,164.14,82.33,86,51541,79778
f0:91:27:6b:7a:0a,627,-38,315,163.88,82.33,82,51623,79860
f0:91:27:6b:7a:0a,628,-34,316,163.65,82.34,89,51712,79949
f0:91:27:6b:7a:0a,631,-41,317,163.91,82.34,247,51959,80196
f0:91:27:6b:7a:0a,632,-32,318,163.65,82.34,82,52041,80278
f0:91:27:6b:7a:0a,633,-38,319,163.44,82.36,96,52137,80374
f0:91:27:6b:7a:0a,634,-32,320,163.18,82.36,81,52218,80455
f0:91:27:6b:7a:0a,643,-34,321,165.03,82.39,756,52974,81211
f0:91:27:6b:7a:0a,645,-34,322,165.03,82.39,167,53141,81378
f0:91:27:6b:7a:0a,646,-38,323,164.79,82.39,86,53227,81464
f0:91:27:6b:7a:0a,648,-38,324,164.80,82.40,169,53396,81633
f0:91:27:6b:7a:0a,650,-34,325,164.81,82.40,167,53563,81800
f0:91:27:6b:7a:0a,651,-39,326,164.55,82.40,79,53642,81879
f0:91:27:6b:7a:0a,652,-32,327,164.30,82.40,84,53726,81963
f0:91:27:6b:7a:0a,653,-32,328,164.04,82.40,79,53805,82042
f0:91:27:6b:7a:0a,654,-38,329,163.79,82.39,81,53886,82123
f0:91:27:6b:7a:0a,658,-32,330,164.31,82.40,336,54222,82459
f0:91:27:6b:7a:0a,661,-37,331,164.59,82.42,258,54480,82717
f0:91:27:6b:7a:0a,669,-38,332,166.06,82.41,653,55133,83370
f0:91:27:6b:7a:0a,678,-43,333,167.80,82.41,743,55876,84113
f0:91:27:6b:7a:0a,680,-38,334,167.80,82.42,169,56045,84282
f0:91:27:6b:7a:0a,682,-30,335,167.75,82.40,151,56196,84433
f0:91:27:6b:7a:0a,684,-33,336,167.70,82.38,152,56348,84585
f0:91:27:6b:7a:0a,685,-37,337,167.45,82.38,81,56429,84666
f0:91:27:6b:7a:0a,686,-32,338,167.19,82.37,80,56509,84746
f0:91:27:6b:7a:0a,688,-32,339,167.15,82.36,155,56664,84901
f0:91:27:6b:7a:0a,696,-33,340,168.57,82.35,651,57315,85552
f0:91:27:6b:7a:0a,697,-40,341,168.30,82.34,76,57391,85628
f0:91:27:6b:7a:0a,701,-40,342,168.73,82.32,316,57707,85944
f0:91:27:6b:7a:0a,704,-37,343,168.94,82.31,240,57947,86184
f0:91:27:6b:7a:0a,709,-33,344,169.60,82.29,396,58343,86580
f0:91:27:6b:7a:0a,710,-33,345,169.32,82.28,74,58417,86654
f0:91:27:6b:7a:0a,711,-37,346,169.05,82.26,73,58490,86727
f0:91:27:6b:7a:0a,712,-37,347,168.79,82.26,81,58571,86808
f0:91:27:6b:7a:0a,713,-32,348,168.55,82.27,85,58656,86893
f0:91:27:6b:7a:0a,716,-33,349,168.77,82.27,246,58902,87139
f0:91:27:6b:7a:0a,717,-32,350,168.49,82.25,71,58973,87210
f0:91:27:6b:7a:0a,718,-37,351,168.25,82.25,82,59055,87292
f0:91:27:6b:7a:0a,719,-32,352,168.00,82.25,82,59137,87374
f0:91:27:6b:7a:0a,726,-33,353,169.09,82.21,551,59688,87925
f0:91:27:6b:7a:0a,729,-32,354,169.27,82.19,232,59920,88157
f0:91:27:6b:7a:0a,730,-33,355,169.02,82.19,82,60002,88239
f0:91:27:6b:7a:0a,731,-32,356,168.78,82.19,82,60084,88321
f0:91:27:6b:7a:0a,733,-38,357,168.73,82.18,154,60238,88475
f0:91:27:6b:7a:0a,734,-32,358,168.50,82.18,85,60323,88560
f0:91:27:6b:7a:0a,735,-33,359,168.25,82.18,80,60403,88640
f0:91:27:6b:7a:0a,737,-44,360,168.21,82.17,153,60556,88793
f0:91:27:6b:7a:0a,738,-32,361,167.98,82.17,84,60640,88877
f0:91:27:6b:7a:0a,739,-44,362,167.73,82.16,78,60718,88955
f0:91:27:6b:7a:0a,741,-33,363,167.73,82.17,167,60885,89122
f0:91:27:6b:7a:0a,742,-38,364,167.49,82.16,81,60966,89203
f0:91:27:6b:7a:0a,743,-32,365,167.25,82.16,79,61045,89282
f0:91:27:6b:7a:0a,744,-34,366,167.01,82.16,79,61124,89361
f0:91:27:6b:7a:0a,745,-32,367,166.79,82.16,88,61212,89449
f0:91:27:6b:7a:0a,746,-34,368,166.54,82.16,76,61288,89525
f0:91:27:6b:7a:0a,747,-41,369,166.29,82.14,74,61362,89599
f0:91:27:6b:7a:0a,749,-32,370,166.29,82.15,165,61527,89764
f0:91:27:6b:7a:0a,751,-33,371,166.23,82.12,146,61673,89910
f0:91:27:6b:7a:0a,752,-38,372,166.02,82.12,85,61758,89995
f0:91:27:6b:7a:0a,753,-30,373,165.79,82.12,81,61839,90076
f0:91:27:6b:7a:0a,756,-41,374,165.97,82.11,233,62072,90309
f0:91:27:6b:7a:0a,757,-38,375,165.73,82.10,75,62147,90384
f0:91:27:6b:7a:0a,759,-31,376,165.69,82.08,153,62300,90537
f0:91:27:6b:7a:0a,760,-38,377,165.47,82.08,82,62382,90619
f0:91:27:6b:7a:0a,761,-32,378,165.25,82.08,82,62464,90701
f0:91:27:6b:7a:0a,764,-38,379,165.45,82.07,240,62704,90941
f0:91:27:6b:7a:0a,765,-32,380,165.21,82.06,74,62778,91015
f0:91:27:6b:7a:0a,770,-38,381,165.83,82.05,402,63180,91417
f0:91:27:6b:7a:0a,771,-30,382,165.61,82.05,83,63263,91500
f0:91:27:6b:7a:0a,774,-32,383,165.80,82.04,239,63502,91739
f0:91:27:6b:7a:0a,775,-33,384,165.56,82.03,72,63574,91811
f0:91:27:6b:7a:0a,776,-34,385,165.34,82.03,80,63654,91891
f0:91:27:6b:7a:0a,782,-34,386,166.15,82.01,479,64133,92370
f0:91:27:6b:7a:0a,783,-37,387,165.94,82.02,87,64220,92457
f0:91:27:6b:7a:0a,784,-34,388,165.73,82.02,85,64305,92542
f0:91:27:6b:7a:0a,786,-37,389,165.69,82.00,149,64454,92691
f0:91:27:6b:7a:0a,787,-32,390,165.46,82.00,77,64531,92768
f0:91:27:6b:7a:0a,806,-32,391,168.94,81.96,1525,66056,94293
f0:91:27:6b:7a:0a,807,-33,392,168.71,81.95,78,66134,94371
f0:91:27:6b:7a:0a,809,-38,393,168.69,81.95,160,66294,94531
f0:91:27:6b:7a:0a,812,-33,394,168.87,81.94,239,66533,94770
f0:91:27:6b:7a:0a,813,-32,395,168.63,81.93,74,66607,94844
f0:91:27:6b:7a:0a,819,-33,396,169.42,81.92,482,67089,95326
f0:91:27:6b:7a:0a,820,-33,397,169.17,81.90,72,67161,95398
f0:91:27:6b:7a:0a,821,-38,398,168.95,81.90,81,67242,95479
f0:91:27:6b:7a:0a,823,-32,399,168.91,81.89,153,67395,95632
f0:91:27:6b:7a:0a,825,-37,400,168.88,81.88,155,67550,95787
f0:91:27:6b:7a:0a,826,-37,401,168.65,81.88,79,67629,95866
f0:91:27:6b:7a:0a,827,-32,402,168.42,81.87,77,67706,95943
f0:91:27:6b:7a:0a,829,-33,403,168.38,81.86,152,67858,96095
f0:91:27:6b:7a:0a,830,-40,404,168.18,81.86,85,67943,96180
f0:91:27:6b:7a:0a,831,-30,405,167.95,81.85,75,68018,96255
f0:91:27:6b:7a:0a,833,-33,406,167.91,81.84,154,68172,96409
f0:91:27:6b:7a:0a,834,-37,407,167.70,81.84,81,68253,96490
f0:91:27:6b:7a:0a,835,-32,408,167.49,81.84,82,68335,96572
f0:91:27:6b:7a:0a,837,-33,409,167.44,81.82,149,68484,96721
f0:91:27:6b:7a:0a,840,-33,410,167.63,81.82,245,68729,96966
f0:91:27:6b:7a:0a,841,-42,411,167.41,81.81,75,68804,97041
f0:91:27:6b:7a:0a,843,-31,412,167.38,81.81,158,68962,97199
f0:91:27:6b:7a:0a,844,-33,413,167.17,81.80,78,69040,97277
f0:91:27:6b:7a:0a,845,-37,414,166.96,81.80,80,69120,97357
f0:91:27:6b:7a:0a,846,-32,415,166.74,81.79,78,69198,97435
f0:91:27:6b:7a:0a,848,-38,416,166.74,81.80,165,69363,97600
f0:91:27:6b:7a:0a,851,-36,417,166.90,81.78,233,69596,97833
f0:91:27:6b:7a:0a,852,-32,418,166.70,81.78,83,69679,97916
f0:91:27:6b:7a:0a,854,-33,419,166.67,81.77,156,69835,98072
f0:91:27:6b:7a:0a,856,-37,420,166.64,81.76,155,69990,98227
f0:91:27:6b:7a:0a,857,-32,421,166.43,81.76,78,70068,98305
f0:91:27:6b:7a:0a,859,-31,422,166.43,81.76,165,70233,98470
f0:91:27:6b:7a:0a,860,-32,423,166.23,81.76,82,70315,98552
f0:91:27:6b:7a:0a,879,-36,424,169.38,81.70,1501,71816,100053
f0:91:27:6b:7a:0a,882,-30,425,169.56,81.70,247,72063,100300
f0:91:27:6b:7a:0a,883,-31,426,169.36,81.71,84,72147,100384
f0:91:27:6b:7a:0a,885,-30,427,169.33,81.70,158,72305,100542
f0:91:27:6b:7a:0a,886,-32,428,169.11,81.69,76,72381,100618
f0:91:27:6b:7a:0a,887,-32,429,168.91,81.69,81,72462,100699
f0:91:27:6b:7a:0a,888,-31,430,168.73,81.70,91,72553,100790
f0:91:27:6b:7a:0a,889,-33,431,168.51,81.70,74,72627,100864
f0:91:27:6b:7a:0a,890,-36,432,168.30,81.69,78,72705,100942
f0:91:27:6b:7a:0a,892,-32,433,168.28,81.69,159,72864,101101
f0:91:27:6b:7a:0a,893,-36,434,168.08,81.69,81,72945,101182
f0:91:27:6b:7a:0a,894,-31,435,167.86,81.68,75,73020,101257
f0:91:27:6b:7a:0a,895,-32,436,167.65,81.67,75,73095,101332
f0:91:27:6b:7a:0a,896,-37,437,167.45,81.67,82,73177,101414
f0:91:27:6b:7a:0a,897,-29,438,167.26,81.67,82,73259,101496
f0:91:27:6b:7a:0a,898,-32,439,167.06,81.67,80,73339,101576
f0:91:27:6b:7a:0a,899,-36,440,166.86,81.67,78,73417,101654
f0:91:27:6b:7a:0a,906,-36,441,167.70,81.63,537,73954,102191
f0:91:27:6b:7a:0a,910,-36,442,168.04,81.62,320,74274,102511
f0:91:27:6b:7a:0a,919,-31,443,169.29,81.61,723,74997,103234
f0:91:27:6b:7a:0a,920,-32,444,169.09,81.60,78,75075,103312
f0:91:27:6b:7a:0a,925,-32,445,169.59,81.59,392,75467,103704
f0:91:27:6b:7a:0a,932,-37,446,170.47,81.58,564,76031,104268
f0:91:27:6b:7a:0a,933,-37,447,170.25,81.57,72,76103,104340
f0:91:27:6b:7a:0a,934,-29,448,170.05,81.57,79,76182,104419
f0:91:27:6b:7a:0a,937,-36,449,170.20,81.56,240,76422,104659
f0:91:27:6b:7a:0a,938,-29,450,170.01,81.56,81,76503,104740
f0:91:27:6b:7a:0a,939,-37,451,169.82,81.56,85,76588,104825
f0:91:27:6b:7a:0a,940,-29,452,169.62,81.56,80,76668,104905
f0:91:27:6b:7a:0a,943,-31,453,169.77,81.56,239,76907,105144
f0:91:27:6b:7a:0a,944,-32,454,169.56,81.55,73,76980,105217
f0:91:27:6b:7a:0a,945,-37,455,169.38,81.55,86,77066,105303
f0:91:27:6b:7a:0a,946,-36,456,169.17,81.54,75,77141,105378
f0:91:27:6b:7a:0a,951,-37,457,169.69,81.54,406,77547,105784
f0:91:27:6b:7a:0a,952,-31,458,169.49,81.54,81,77628,105865
f0:91:27:6b:7a:0a,953,-31,459,169.28,81.53,70,77698,105935
f0:91:27:6b:7a:0a,954,-32,460,169.10,81.53,86,77784,106021
f0:91:27:6b:7a:0a,955,-31,461,168.89,81.53,74,77858,106095
f0:91:27:6b:7a:0a,956,-36,462,168.71,81.53,85,77943,106180
f0:91:27:6b:7a:0a,957,-36,463,168.50,81.52,72,78015,106252
f0:91:27:6b:7a:0a,958,-31,464,168.30,81.52,77,78092,106329
f0:91:27:6b:7a:0a,959,-31,465,168.12,81.52,85,78177,106414
f0:91:27:6b:7a:0a,961,-37,466,168.09,81.51,155,78332,106569
f0:91:27:6b:7a:0a,964,-32,467,168.25,81.51,240,78572,106809
f0:91:27:6b:7a:0a,966,-31,468,168.25,81.51,169,78741,106978
f0:91:27:6b:7a:0a,968,-31,469,168.22,81.50,153,78894,107131
f0:91:27:6b:7a:0a,970,-29,470,168.22,81.51,169,79063,107300
f0:91:27:6b:7a:0a,971,-29,471,168.02,81.50,74,79137,107374
f0:91:27:6b:7a:0a,972,-32,472,167.84,81.50,82,79219,107456
f0:91:27:6b:7a:0a,976,-31,473,168.14,81.49,311,79530,107767
f0:91:27:6b:7a:0a,978,-33,474,168.13,81.48,162,79692,107929
f0:91:27:6b:7a:0a,986,-32,475,169.11,81.47,634,80326,108563
f0:91:27:6b:7a:0a,992,-31,476,169.77,81.46,484,80810,109047
f0:91:27:6b:7a:0a,993,-31,477,169.56,81.45,71,80881,109118
f0:91:27:6b:7a:0a,994,-32,478,169.38,81.45,82,80963,109200
f0:91:27:6b:7a:0a,998,-36,479,169.67,81.44,310,81273,109510
f0:91:27:6b:7a:0a,1000,-32,480,169.67,81.44,167,81440,109677
f0:91:27:6b:7a:0a,1002,-37,481,169.64,81.43,155,81595,109832
f0:91:27:6b:7a:0a,1010,-31,482,170.66,81.45,665,82260,110497
f0:91:27:6b:7a:0a,1011,-33,483,170.47,81.44,79,82339,110576
f0:91:27:6b:7a:0a,1013,-37,484,170.45,81.44,157,82496,110733
f0:91:27:6b:7a:0a,1014,-30,485,170.25,81.43,77,82573,110810
f0:91:27:6b:7a:0a,1015,-37,486,170.07,81.43,83,82656,110893
f0:91:27:6b:7a:0a,1016,-30,487,169.88,81.43,77,82733,110970
f0:91:27:6b:7a:0a,1017,-31,488,169.69,81.42,75,82808,111045
f0:91:27:6b:7a:0a,1020,-37,489,169.84,81.42,243,83051,111288
f0:91:27:6b:7a:0a,1022,-33,490,169.83,81.42,165,83216,111453
f0:91:27:6b:7a:0a,1030,-37,491,170.76,81.40,629,83845,112082
f0:91:27:6b:7a:0a,1037,-31,492,171.52,81.38,545,84390,112627
f0:91:27:6b:7a:0a,1041,-37,493,171.81,81.36,310,84700,112937
f0:91:27:6b:7a:0a,1042,-29,494,171.63,81.37,83,84783,113020
f0:91:27:6b:7a:0a,1043,-33,495,171.43,81.36,74,84857,113094
f0:91:27:6b:7a:0a,1045,-36,496,171.41,81.36,163,85020,113257
f0:91:27:6b:7a:0a,1047,-33,497,171.39,81.36,161,85181,113418
f0:91:27:6b:7a:0a,1048,-36,498,171.19,81.35,73,85254,113491
f0:91:27:6b:7a:0a,1050,-33,499,171.18,81.35,165,85419,113656
f0:91:27:6b:7a:0a,1051,-36,500,170.99,81.35,77,85496,113733
f0:91:27:6b:7a:0a,1052,-31,501,170.82,81.35,85,85581,113818
f0:91:27:6b:7a:0a,1053,-33,502,170.64,81.35,80,85661,113898
f0:91:27:6b:7a:0a,1055,-36,503,170.60,81.34,150,85811,114048
f0:91:27:6b:7a:0a,1058,-36,504,170.73,81.33,238,86049,114286
f0:91:27:6b:7a:0a,1059,-31,505,170.57,81.34,90,86139,114376
f0:91:27:6b:7a:0a,1060,-32,506,170.38,81.33,74,86213,114450
f0:91:27:6b:7a:0a,1062,-31,507,170.36,81.33,162,86375,114612
f0:91:27:6b:7a:0a,1063,-32,508,170.19,81.33,79,86454,114691
f0:91:27:6b:7a:0a,1065,-37,509,170.16,81.32,155,86609,114846
f0:91:27:6b:7a:0a,1066,-31,510,169.97,81.32,76,86685,114922
f0:91:27:6b:7a:0a,1067,-32,511,169.79,81.32,79,86764,115001
f0:91:27:6b:7a:0a,1068,-38,512,169.63,81.32,88,86852,115089
f0:91:27:6b:7a:0a,1069,-38,513,169.45,81.32,75,86927,115164
f0:91:27:6b:7a:0a,1070,-31,514,169.27,81.31,77,87004,115241
f0:91:27:6b:7a:0a,1071,-31,515,169.09,81.31,79,87083,115320
f0:91:27:6b:7a:0a,1072,-37,516,168.92,81.31,79,87162,115399
f0:91:27:6b:7a:0a,1074,-31,517,168.90,81.31,161,87323,115560
f0:91:27:6b:7a:0a,1076,-38,518,168.88,81.30,159,87482,115719
f0:91:27:6b:7a:0a,1077,-31,519,168.73,81.31,87,87569,115806
f0:91:27:6b:7a:0a,1090,-36,520,170.40,81.29,1040,88609,116846
f0:91:27:6b:7a:0a,1091,-32,521,170.24,81.30,86,88695,116932
f0:91:27:6b:7a:0a,1093,-31,522,170.22,81.29,159,88854,117091
f0:91:27:6b:7a:0a,1096,-31,523,170.35,81.29,240,89094,117331
f0:91:27:6b:7a:0a,1097,-31,524,170.18,81.29,80,89174,117411
f0:91:27:6b:7a:0a,1098,-31,525,170.01,81.29,83,89257,117494
f0:91:27:6b:7a:0a,1099,-36,526,169.83,81.28,75,89332,117569
f0:91:27:6b:7a:0a,1106,-32,527,170.55,81.26,546,89878,118115
f0:91:27:6b:7a:0a,1107,-37,528,170.38,81.26,82,89960,118197
f0:91:27:6b:7a:0a,1108,-31,529,170.20,81.26,78,90038,118275
f0:91:27:6b:7a:0a,1110,-36,530,170.19,81.26,162,90200,118437
f0:91:27:6b:7a:0a,1111,-30,531,170.01,81.26,75,90275,118512
f0:91:27:6b:7a:0a,1116,-30,532,170.43,81.25,395,90670,118907
f0:91:27:6b:7a:0a,1118,-32,533,170.41,81.24,157,90827,119064
f0:91:27:6b:7a:0a,1119,-36,534,170.23,81.23,74,90901,119138
f0:91:27:6b:7a:0a,1120,-30,535,170.07,81.24,86,90987,119224
f0:91:27:6b:7a:0a,1121,-32,536,169.90,81.24,80,91067,119304
f0:91:27:6b:7a:0a,1122,-29,537,169.74,81.24,81,91148,119385
f0:91:27:6b:7a:0a,1123,-32,538,169.56,81.23,76,91224,119461
f0:91:27:6b:7a:0a,1124,-38,539,169.40,81.23,80,91304,119541
f0:91:27:6b:7a:0a,1125,-36,540,169.22,81.23,77,91381,119618
f0:91:27:6b:7a:0a,1126,-30,541,169.07,81.23,84,91465,119702
f0:91:27:6b:7a:0a,1129,-32,542,169.20,81.23,239,91704,119941
f0:91:27:6b:7a:0a,1130,-32,543,169.03,81.22,78,91782,120019
f0:91:27:6b:7a:0a,1132,-31,544,169.02,81.23,166,91948,120185
f0:91:27:6b:7a:0a,1140,-30,545,169.89,81.22,644,92592,120829
f0:91:27:6b:7a:0a,1142,-42,546,169.89,81.23,167,92759,120996
f0:91:27:6b:7a:0a,1143,-31,547,169.72,81.22,78,92837,121074
f0:91:27:6b:7a:0a,1147,-34,548,169.98,81.21,312,93149,121386
f0:91:27:6b:7a:0a,1149,-43,549,169.97,81.21,162,93311,121548
f0:91:27:6b:7a:0a,1150,-31,550,169.80,81.21,77,93388,121625
f0:91:27:6b:7a:0a,1151,-33,551,169.63,81.21,80,93468,121705
f0:91:27:6b:7a:0a,1152,-37,552,169.47,81.20,80,93548,121785
f0:91:27:6b:7a:0a,1155,-33,553,169.59,81.20,234,93782,122019
f0:91:27:6b:7a:0a,1156,-37,554,169.43,81.20,83,93865,122102
f0:91:27:6b:7a:0a,1157,-33,555,169.28,81.20,87,93952,122189
f0:91:27:6b:7a:0a,1159,-37,556,169.26,81.20,155,94107,122344
f0:91:27:6b:7a:0a,1165,-33,557,169.81,81.19,477,94584,122821
f0:91:27:6b:7a:0a,1166,-37,558,169.64,81.18,76,94660,122897
f0:91:27:6b:7a:0a,1183,-37,559,171.80,81.18,1378,96038,124275
f0:91:27:6b:7a:0a,1186,-37,560,171.97,81.20,266,96304,124541
f0:91:27:6b:7a:0a,1188,-32,561,171.95,81.20,162,96466,124703
f0:91:27:6b:7a:0a,1190,-37,562,171.98,81.22,184,96650,124887
f0:91:27:6b:7a:0a,1191,-32,563,171.84,81.23,97,96747,124984
f0:91:27:6b:7a:0a,1192,-32,564,171.71,81.24,95,96842,125079
f0:91:27:6b:7a:0a,1193,-29,565,171.57,81.25,95,96937,125174
f0:91:27:6b:7a:0a,1194,-37,566,171.42,81.26,88,97025,125262
f0:91:27:6b:7a:0a,1195,-30,567,171.26,81.26,81,97106,125343
f0:91:27:6b:7a:0a,1196,-30,568,171.14,81.28,100,97206,125443
f0:91:27:6b:7a:0a,1197,-35,569,171.00,81.28,92,97298,125535
f0:91:27:6b:7a:0a,1198,-39,570,170.87,81.30,100,97398,125635
f0:91:27:6b:7a:0a,1204,-35,571,171.54,81.35,552,97950,126187
f0:91:27:6b:7a:0a,1206,-30,572,171.57,81.37,187,98137,126374
f0:91:27:6b:7a:0a,1207,-29,573,171.42,81.38,85,98222,126459
f0:91:27:6b:7a:0a,1209,-32,574,171.46,81.41,197,98419,126656
f0:91:27:6b:7a:0a,1213,-31,575,171.79,81.44,362,98781,127018
f0:91:27:6b:7a:0a,1216,-33,576,171.99,81.47,284,99065,127302
f0:91:27:6b:7a:0a,1217,-33,577,171.86,81.48,100,99165,127402
f0:91:27:6b:7a:0a,1219,-31,578,171.89,81.50,185,99350,127587
f0:91:27:6b:7a:0a,1223,-32,579,172.23,81.54,370,99720,127957
f0:91:27:6b:7a:0a,1224,-31,580,172.09,81.55,94,99814,128051
f0:91:27:6b:7a:0a,1227,-30,581,172.28,81.58,279,100093,128330
f0:91:27:6b:7a:0a,1228,-36,582,172.13,81.58,89,100182,128419
f0:91:27:6b:7a:0a,1234,-31,583,172.81,81.64,567,100749,128986
f0:91:27:6b:7a:0a,1240,-39,584,173.50,81.71,574,101323,129560
f0:91:27:6b:7a:0a,1241,-32,585,173.36,81.72,95,101418,129655
f0:91:27:6b:7a:0a,1243,-29,586,173.40,81.75,192,101610,129847
f0:91:27:6b:7a:0a,1244,-36,587,173.27,81.76,97,101707,129944
f0:91:27:6b:7a:0a,1245,-32,588,173.12,81.76,85,101792,130029
f0:91:27:6b:7a:0a,1246,-30,589,172.98,81.77,92,101884,130121
f0:91:27:6b:7a:0a,1249,-30,590,173.17,81.80,286,102170,130407
f0:91:27:6b:7a:0a,1250,-36,591,173.03,81.81,91,102261,130498
f0:91:27:6b:7a:0a,1252,-30,592,173.06,81.83,192,102453,130690
f0:91:27:6b:7a:0a,1253,-30,593,172.92,81.84,91,102544,130781
f0:91:27:6b:7a:0a,1254,-32,594,172.79,81.85,95,102639,130876
f0:91:27:6b:7a:0a,1255,-32,595,172.66,81.86,95,102734,130971
f0:91:27:6b:7a:0a,1256,-30,596,172.54,81.87,100,102834,131071
f0:91:27:6b:7a:0a,1257,-36,597,172.41,81.89,96,102930,131167
f0:91:27:6b:7a:0a,1258,-32,598,172.28,81.90,94,103024,131261
f0:91:27:6b:7a:0a,1259,-30,599,172.14,81.90,90,103114,131351
f0:91:27:6b:7a:0a,1260,-35,600,172.02,81.91,96,103210,131447
f0:91:27:6b:7a:0a,1261,-32,601,171.88,81.92,89,103299,131536
f0:91:27:6b:7a:0a,1262,-30,602,171.74,81.92,87,103386,131623
f0:91:27:6b:7a:0a,1264,-39,603,171.77,81.94,191,103577,131814
f0:91:27:6b:7a:0a,1265,-33,604,171.64,81.95,92,103669,131906
f0:91:27:6b:7a:0a,1270,-37,605,172.12,81.99,464,104133,132370
f0:91:27:6b:7a:0a,1271,-32,606,171.97,81.99,81,104214,132451
f0:91:27:6b:7a:0a,1272,-32,607,171.85,82.01,101,104315,132552
f0:91:27:6b:7a:0a,1273,-37,608,171.73,82.02,99,104414,132651
f0:91:27:6b:7a:0a,1274,-37,609,171.60,82.03,88,104502,132739
f0:91:27:6b:7a:0a,1276,-31,610,171.63,82.05,192,104694,132931
f0:91:27:6b:7a:0a,1277,-36,611,171.51,82.06,96,104790,133027
f0:91:27:6b:7a:0a,1278,-31,612,171.38,82.07,94,104884,133121
f0:91:27:6b:7a:0a,1279,-37,613,171.24,82.07,88,104972,133209
f0:91:27:6b:7a:0a,1280,-33,614,171.11,82.08,89,105061,133298
f0:91:27:6b:7a:0a,1281,-31,615,170.98,82.09,92,105153,133390
f0:91:27:6b:7a:0a,1282,-36,616,170.85,82.09,91,105244,133481
f0:91:27:6b:7a:0a,1284,-32,617,170.88,82.11,188,105432,133669
f0:91:27:6b:7a:0a,1285,-38,618,170.73,82.11,78,105510,133747
f0:91:27:6b:7a:0a,1287,-31,619,170.75,82.13,186,105696,133933
f0:91:27:6b:7a:0a,1288,-36,620,170.63,82.13,93,105789,134026
f0:91:27:6b:7a:0a,1289,-33,621,170.50,82.14,92,105881,134118
f0:91:27:6b:7a:0a,1290,-30,622,170.38,82.15,96,105977,134214
f0:91:27:6b:7a:0a,1291,-36,623,170.25,82.16,88,106065,134302
f0:91:27:6b:7a:0a,1292,-33,624,170.11,82.16,85,106150,134387
f0:91:27:6b:7a:0a,1294,-37,625,170.15,82.18,193,106343,134580
f0:91:27:6b:7a:0a,1295,-33,626,170.02,82.19,91,106434,134671
f0:91:27:6b:7a:0a,1297,-30,627,170.05,82.21,189,106623,134860
f0:91:27:6b:7a:0a,1305,-38,628,170.90,82.24,703,107326,135563
f0:91:27:6b:7a:0a,1309,-32,629,171.22,82.27,369,107695,135932
f0:91:27:6b:7a:0a,1317,-29,630,172.07,82.31,711,108406,136643
f0:91:27:6b:7a:0a,1326,-31,631,173.01,82.33,761,109167,137404
f0:91:27:6b:7a:0a,1327,-36,632,172.88,82.34,93,109260,137497
f0:91:27:6b:7a:0a,1329,-36,633,172.89,82.35,178,109438,137675
f0:91:27:6b:7a:0a,1331,-32,634,172.87,82.34,160,109598,137835
f0:91:27:6b:7a:0a,1333,-32,635,172.85,82.34,163,109761,137998
f0:91:27:6b:7a:0a,1334,-38,636,172.71,82.34,82,109843,138080
f0:91:27:6b:7a:0a,1337,-29,637,172.84,82.35,253,110096,138333
f0:91:27:6b:7a:0a,1341,-31,638,173.11,82.36,347,110443,138680
f0:91:27:6b:7a:0a,1347,-31,639,173.63,82.37,507,110950,139187
f0:91:27:6b:7a:0a,1348,-32,640,173.48,82.37,80,111030,139267
f0:91:27:6b:7a:0a,1349,-36,641,173.34,82.37,83,111113,139350
f0:91:27:6b:7a:0a,1353,-36,642,173.61,82.38,345,111458,139695
f0:91:27:6b:7a:0a,1354,-31,643,173.46,82.37,77,111535,139772
f0:91:27:6b:7a:0a,1355,-32,644,173.32,82.38,85,111620,139857
f0:91:27:6b:7a:0a,1357,-32,645,173.32,82.38,169,111789,140026
f0:91:27:6b:7a:0a,1358,-36,646,173.17,82.38,80,111869,140106
f0:91:27:6b:7a:0a,1359,-32,647,173.04,82.38,88,111957,140194
f0:91:27:6b:7a:0a,1362,-32,648,173.16,82.38,250,112207,140444
f0:91:27:6b:7a:0a,1363,-31,649,173.03,82.39,87,112294,140531
f0:91:27:6b:7a:0a,1364,-31,650,172.89,82.39,83,112377,140614
f0:91:27:6b:7a:0a,1365,-31,651,172.75,82.39,86,112463,140700
f0:91:27:6b:7a:0a,1366,-32,652,172.61,82.39,78,112541,140778
f0:91:27:6b:7a:0a,1370,-36,653,172.86,82.39,334,112875,141112
f0:91:27:6b:7a:0a,1373,-36,654,172.97,82.39,248,113123,141360
f0:91:27:6b:7a:0a,1374,-32,655,172.84,82.40,90,113213,141450
f0:91:27:6b:7a:0a,1375,-36,656,172.70,82.39,75,113288,141525
f0:91:27:6b:7a:0a,1376,-32,657,172.55,82.39,79,113367,141604
f0:91:27:6b:7a:0a,1380,-32,658,172.78,82.38,324,113691,141928
f0:91:27:6b:7a:0a,1385,-31,659,173.13,82.38,403,114094,142331
f0:91:27:6b:7a:0a,1387,-31,660,173.13,82.38,169,114263,142500
f0:91:27:6b:7a:0a,1388,-32,661,172.98,82.38,78,114341,142578
f0:91:27:6b:7a:0a,1389,-39,662,172.84,82.38,79,114420,142657
f0:91:27:6b:7a:0a,1391,-36,663,172.84,82.38,171,114591,142828
f0:91:27:6b:7a:0a,1392,-31,664,172.70,82.38,79,114670,142907
f0:91:27:6b:7a:0a,1393,-32,665,172.55,82.37,73,114743,142980
f0:91:27:6b:7a:0a,1397,-31,666,172.78,82.37,330,115073,143310
f0:91:27:6b:7a:0a,1399,-36,667,172.75,82.36,152,115225,143462
f0:91:27:6b:7a:0a,1400,-31,668,172.61,82.36,78,115303,143540
f0:91:27:6b:7a:0a,1401,-32,669,172.47,82.36,82,115385,143622
f0:91:27:6b:7a:0a,1402,-36,670,172.33,82.35,73,115458,143695
f0:91:27:6b:7a:0a,1404,-31,671,172.31,82.35,161,115619,143856
f0:91:27:6b:7a:0a,1406,-36,672,172.28,82.34,152,115771,144008
f0:91:27:6b:7a:0a,1421,-39,673,173.81,82.32,1204,116975,145212
f0:91:27:6b:7a:0a,1426,-32,674,174.14,82.31,398,117373,145610
f0:91:27:6b:7a:0a,1427,-36,675,174.00,82.30,76,117449,145686
f0:91:27:6b:7a:0a,1429,-30,676,173.97,82.30,158,117607,145844
f0:91:27:6b:7a:0a,1431,-37,677,173.95,82.29,156,117763,146000
f0:91:27:6b:7a:0a,1433,-33,678,173.93,82.29,164,117927,146164
f0:91:27:6b:7a:0a,1434,-37,679,173.80,82.29,82,118009,146246
f0:91:27:6b:7a:0a,1437,-33,680,173.88,82.28,232,118241,146478
f0:91:27:6b:7a:0a,1438,-32,681,173.75,82.29,85,118326,146563
f0:91:27:6b:7a:0a,1440,-37,682,173.73,82.28,157,118483,146720
f0:91:27:6b:7a:0a,1441,-33,683,173.60,82.28,84,118567,146804
f0:91:27:6b:7a:0a,1442,-33,684,173.45,82.28,76,118643,146880
f0:91:27:6b:7a:0a,1443,-37,685,173.31,82.27,75,118718,146955
f0:91:27:6b:7a:0a,1445,-37,686,173.30,82.27,165,118883,147120
f0:91:27:6b:7a:0a,1447,-33,687,173.27,82.26,154,119037,147274
f0:91:27:6b:7a:0a,1449,-37,688,173.24,82.26,155,119192,147429
f0:91:27:6b:7a:0a,1450,-30,689,173.11,82.26,78,119270,147507
f0:91:27:6b:7a:0a,1453,-37,690,173.21,82.25,243,119513,147750
f0:91:27:6b:7a:0a,1454,-33,691,173.07,82.25,78,119591,147828
f0:91:27:6b:7a:0a,1455,-36,692,172.95,82.25,89,119680,147917
f0:91:27:6b:7a:0a,1460,-33,693,173.27,82.25,398,120078,148315
f0:91:27:6b:7a:0a,1470,-33,694,174.15,82.22,782,120860,149097
f0:91:27:6b:7a:0a,1478,-38,695,174.81,82.20,631,121491,149728
f0:91:27:6b:7a:0a,1479,-32,696,174.67,82.20,76,121567,149804
f0:91:27:6b:7a:0a,1480,-33,697,174.54,82.20,85,121652,149889
f0:91:27:6b:7a:0a,1482,-31,698,174.51,82.19,156,121808,150045
f0:91:27:6b:7a:0a,1483,-38,699,174.38,82.19,85,121893,150130
f0:91:27:6b:7a:0a,1484,-32,700,174.25,82.19,81,121974,150211
f0:91:27:6b:7a:0a,1486,-38,701,174.23,82.19,159,122133,150370
f0:91:27:6b:7a:0a,1491,-33,702,174.55,82.18,402,122535,150772
f0:91:27:6b:7a:0a,1492,-38,703,174.42,82.18,79,122614,150851
f0:91:27:6b:7a:0a,1494,-31,704,174.39,82.17,154,122768,151005
f0:91:27:6b:7a:0a,1499,-37,705,174.70,82.16,395,123163,151400
f0:91:27:6b:7a:0a,1500,-31,706,174.56,82.16,79,123242,151479
f0:91:27:6b:7a:0a,1505,-37,707,174.88,82.15,400,123642,151879
f0:91:27:6b:7a:0a,1510,-32,708,175.19,82.14,394,124036,152273
f0:91:27:6b:7a:0a,1522,-37,709,176.28,82.11,943,124979,153216
f0:91:27:6b:7a:0a,1524,-33,710,176.26,82.12,165,125144,153381
f0:91:27:6b:7a:0a,1529,-32,711,176.58,82.11,405,125549,153786
f0:91:27:6b:7a:0a,1532,-37,712,176.65,82.10,229,125778,154015
f0:91:27:6b:7a:0a,1542,-32,713,177.52,82.08,796,126574,154811
f0:91:27:6b:7a:0a,1543,-33,714,177.38,82.08,75,126649,154886
f0:91:27:6b:7a:0a,1544,-37,715,177.25,82.08,88,126737,154974
f0:91:27:6b:7a:0a,1545,-31,716,177.11,82.08,73,126810,155047
f0:91:27:6b:7a:0a,1546,-33,717,176.97,82.08,81,126891,155128
f0:91:27:6b:7a:0a,1551,-37,718,177.28,82.07,394,127285,155522
f0:91:27:6b:7a:0a,1558,-32,719,177.80,82.05,556,127841,156078
f0:91:27:6b:7a:0a,1568,-37,720,178.70,82.05,821,128662,156899
f0:91:27:6b:7a:0a,1569,-32,721,178.57,82.06,88,128750,156987
f0:91:27:6b:7a:0a,1571,-37,722,178.54,82.05,155,128905,157142
f0:91:27:6b:7a:0a,1572,-30,723,178.42,82.06,93,128998,157235
f0:91:27:6b:7a:0a,1573,-32,724,178.28,82.06,75,129073,157310
f0:91:27:6b:7a:0a,1575,-33,725,178.27,82.06,171,129244,157481
f0:91:27:6b:7a:0a,1576,-37,726,178.12,82.05,74,129318,157555
f0:91:27:6b:7a:0a,1595,-32,727,179.96,82.03,1515,130833,159070
f0:91:27:6b:7a:0a,1596,-33,728,179.82,82.02,78,130911,159148
f0:91:27:6b:7a:0a,1603,-38,729,180.32,82.01,545,131456,159693
f0:91:27:6b:7a:0a,1604,-32,730,180.20,82.01,91,131547,159784
f0:91:27:6b:7a:0a,1613,-37,731,180.93,82.00,711,132258,160495
f0:91:27:6b:7a:0a,1614,-32,732,180.79,82.00,83,132341,160578
f0:91:27:6b:7a:0a,1615,-33,733,180.65,81.99,79,132420,160657
f0:91:27:6b:7a:0a,1640,-32,734,183.10,81.95,1972,134392,162629
f0:91:27:6b:7a:0a,1642,-37,735,183.06,81.94,157,134549,162786
f0:91:27:6b:7a:0a,1643,-31,736,182.92,81.94,78,134627,162864
f0:91:27:6b:7a:0a,1644,-33,737,182.78,81.94,80,134707,162944
f0:91:27:6b:7a:0a,1646,-32,738,182.75,81.94,160,134867,163104
f0:91:27:6b:7a:0a,1647,-33,739,182.61,81.94,81,134948,163185
f0:91:27:6b:7a:0a,1663,-38,740,184.09,81.92,1282,136230,164467
f0:91:27:6b:7a:0a,1664,-31,741,183.95,81.92,79,136309,164546
f0:91:27:6b:7a:0a,1669,-33,742,184.23,81.91,391,136700,164937
f0:91:27:6b:7a:0a,1674,-32,743,184.53,81.90,407,137107,165344
f0:91:27:6b:7a:0a,1675,-37,744,184.40,81.91,89,137196,165433
f0:91:27:6b:7a:0a,1676,-37,745,184.25,81.90,71,137267,165504
f0:91:27:6b:7a:0a,1677,-32,746,184.11,81.90,82,137349,165586
f0:91:27:6b:7a:0a,1682,-33,747,184.39,81.89,390,137739,165976
f0:91:27:6b:7a:0a,1683,-37,748,184.25,81.89,82,137821,166058
f0:91:27:6b:7a:0a,1684,-37,749,184.11,81.89,80,137901,166138
f0:91:27:6b:7a:0a,1685,-31,750,183.97,81.89,80,137981,166218
f0:91:27:6b:7a:0a,1687,-31,751,183.97,81.90,177,138158,166395
f0:91:27:6b:7a:0a,1689,-33,752,183.93,81.89,154,138312,166549
f0:91:27:6b:7a:0a,1690,-31,753,183.80,81.89,89,138401,166638
f0:91:27:6b:7a:0a,1691,-32,754,183.66,81.89,81,138482,166719
f0:91:27:6b:7a:0a,1693,-37,755,183.64,81.89,163,138645,166882
f0:91:27:6b:7a:0a,1695,-33,756,183.61,81.89,163,138808,167045
f0:91:27:6b:7a:0a,1699,-37,757,183.78,81.88,313,139121,167358
f0:91:27:6b:7a:0a,1700,-31,758,183.64,81.88,80,139201,167438
f0:91:27:6b:7a:0a,1702,-37,759,183.61,81.88,159,139360,167597
f0:91:27:6b:7a:0a,1709,-33,760,184.10,81.87,559,139919,168156
f0:91:27:6b:7a:0a,1711,-37,761,184.09,81.88,171,140090,168327
f0:91:27:6b:7a:0a,1718,-31,762,184.57,81.87,555,140645,168882
f0:91:27:6b:7a:0a,1719,-33,763,184.43,81.86,77,140722,168959
f0:91:27:6b:7a:0a,1720,-33,764,184.30,81.86,84,140806,169043
f0:91:27:6b:7a:0a,1722,-31,765,184.27,81.86,157,140963,169200
f0:91:27:6b:7a:0a,1726,-31,766,184.44,81.86,320,141283,169520
f0:91:27:6b:7a:0a,1728,-32,767,184.42,81.86,170,141453,169690
f0:91:27:6b:7a:0a,1731,-32,768,184.49,81.85,238,141691,169928
f0:91:27:6b:7a:0a,1732,-32,769,184.36,81.85,78,141769,170006
f0:91:27:6b:7a:0a,1744,-37,770,185.39,81.85,979,142748,170985
f0:91:27:6b:7a:0a,1747,-37,771,185.46,81.85,240,142988,171225
f0:91:27:6b:7a:0a,1748,-32,772,185.33,81.85,83,143071,171308
f0:91:27:6b:7a:0a,1749,-37,773,185.20,81.85,85,143156,171393
f0:91:27:6b:7a:0a,1751,-37,774,185.16,81.85,155,143311,171548
f0:91:27:6b:7a:0a,1752,-32,775,185.02,81.84,81,143392,171629
f0:91:27:6b:7a:0a,1754,-33,776,184.98,81.84,155,143547,171784
f0:91:27:6b:7a:0a,1757,-33,777,185.05,81.83,236,143783,172020
f0:91:27:6b:7a:0a,1758,-34,778,184.91,81.83,77,143860,172097
f0:91:27:6b:7a:0a,1763,-37,779,185.18,81.82,396,144256,172493
f0:91:27:6b:7a:0a,1764,-32,780,185.05,81.82,80,144336,172573
f0:91:27:6b:7a:0a,1766,-37,781,185.01,81.82,154,144490,172727
f0:91:27:6b:7a:0a,1767,-32,782,184.87,81.82,79,144569,172806
f0:91:27:6b:7a:0a,1768,-32,783,184.73,81.81,77,144646,172883
f0:91:27:6b:7a:0a,1770,-37,784,184.70,81.81,159,144805,173042
f0:91:27:6b:7a:0a,1771,-32,785,184.56,81.81,78,144883,173120
f0:91:27:6b:7a:0a,1785,-37,786,185.72,81.78,1096,145979,174216
f0:91:27:6b:7a:0a,1786,-31,787,185.59,81.78,81,146060,174297
f0:91:27:6b:7a:0a,1787,-31,788,185.45,81.78,75,146135,174372
f0:91:27:6b:7a:0a,1789,-33,789,185.41,81.77,157,146292,174529
f0:91:27:6b:7a:0a,1792,-33,790,185.48,81.77,234,146526,174763
f0:91:27:6b:7a:0a,1793,-37,791,185.35,81.77,84,146610,174847
f0:91:27:6b:7a:0a,1795,-37,792,185.32,81.77,166,146776,175013
f0:91:27:6b:7a:0a,1796,-32,793,185.18,81.77,75,146851,175088
f0:91:27:6b:7a:0a,1800,-32,794,185.37,81.77,331,147182,175419
f0:91:27:6b:7a:0a,1801,-37,795,185.23,81.76,75,147257,175494
f0:91:27:6b:7a:0a,1804,-33,796,185.30,81.76,240,147497,175734
f0:91:27:6b:7a:0a,1805,-32,797,185.18,81.77,91,147588,175825
f0:91:27:6b:7a:0a,1807,-32,798,185.16,81.77,169,147757,175994
f0:91:27:6b:7a:0a,1808,-33,799,185.03,81.77,81,147838,176075
f0:91:27:6b:7a:0a,1809,-33,800,184.89,81.76,72,147910,176147
f0:91:27:6b:7a:0a,1810,-37,801,184.75,81.76,74,147984,176221
f0:91:27:6b:7a:0a,1811,-32,802,184.62,81.76,83,148067,176304
f0:91:27:6b:7a:0a,1812,-32,803,184.49,81.76,80,148147,176384
f0:91:27:6b:7a:0a,1814,-37,804,184.46,81.76,160,148307,176544
f0:91:27:6b:7a:0a,1815,-31,805,184.33,81.76,79,148386,176623
f0:91:27:6b:7a:0a,1817,-37,806,184.30,81.75,159,148545,176782
f0:91:27:6b:7a:0a,1818,-31,807,184.16,81.75,72,148617,176854
f0:91:27:6b:7a:0a,1825,-32,808,184.62,81.74,560,149177,177414
f0:91:27:6b:7a:0a,1826,-30,809,184.48,81.73,71,149248,177485
f0:91:27:6b:7a:0a,1829,-32,810,184.56,81.73,244,149492,177729
f0:91:27:6b:7a:0a,1831,-40,811,184.53,81.73,160,149652,177889
f0:91:27:6b:7a:0a,1832,-31,812,184.40,81.73,78,149730,177967
f0:91:27:6b:7a:0a,1837,-37,813,184.66,81.72,397,150127,178364
f0:91:27:6b:7a:0a,1838,-32,814,184.53,81.72,78,150205,178442
f0:91:27:6b:7a:0a,1839,-34,815,184.40,81.72,81,150286,178523
f0:91:27:6b:7a:0a,1840,-33,816,184.27,81.72,76,150362,178599
f0:91:27:6b:7a:0a,1841,-38,817,184.15,81.72,85,150447,178684
f0:91:27:6b:7a:0a,1842,-32,818,184.02,81.72,81,150528,178765
f0:91:27:6b:7a:0a,1843,-34,819,183.89,81.72,78,150606,178843
f0:91:27:6b:7a:0a,1844,-37,820,183.76,81.71,75,150681,178918
f0:91:27:6b:7a:0a,1845,-32,821,183.63,81.71,80,150761,178998
f0:91:27:6b:7a:0a,1850,-32,822,183.88,81.70,388,151149,179386
f0:91:27:6b:7a:0a,1851,-33,823,183.75,81.70,79,151228,179465
f0:91:27:6b:7a:0a,1854,-34,824,183.82,81.70,243,151471,179708
f0:91:27:6b:7a:0a,1855,-38,825,183.70,81.70,78,151549,179786
f0:91:27:6b:7a:0a,1858,-33,826,183.76,81.69,234,151783,180020
f0:91:27:6b:7a:0a,1859,-38,827,183.64,81.69,84,151867,180104
f0:91:27:6b:7a:0a,1866,-37,828,184.09,81.69,561,152428,180665
